663
411.314 361.372 916.496 199.084
416.302 358.3 925.903 195.044
432.426 364.744 952.947 209.815
437.338 340.187 965.105 169.103
439.849 355.937 966.881 196.574
444.274 358.666 973.739 202.545
444.765 352.919 974.646 192.122
449.838 337.151 985.826 166.944
459.146 401.9 995.917 280.36
461.115 389.681 1000.45 259.825
461.793 321.406 1007.81 143.417
468.181 366.773 1014.58 222.508
468.699 315.402 1020.31 134.693
469.437 435.652 1010.08 340.726
473.174 329.062 1026.09 158.383
472.805 334.817 1025.52 168.377
474.634 431.329 1019.72 334.675
476.526 438.92 1022.09 348.134
477.344 436.854 1024.07 344.956
481.807 320.594 1042.6 146.892
485.112 318.164 1046.25 145.393
485.479 443.208 1036.41 355.859
488.841 441.882 1042.85 356.052
491.816 315.86 1059.87 141.468
493.338 458.425 1049.25 385.712
497.887 309.125 1071.57 131.414
502.408 368.868 1073.52 234.638
508.379 304.295 1089.65 125.108
509.692 307.759 1091.27 134.479
510.76 305.345 1094.09 128.01
520.238 300.642 1110.73 123.368
522.295 377.09 1107.09 253.654
527.376 392.882 1114.37 282.151
533.315 358.601 1127.92 224.983
558.47 443.662 1162.89 377.11
594.194 398.871 1229.53 309.499
611.625 364.769 1263.61 255.336
405.209 386.353 904.167 240.128
458.957 424.62 993.138 319.298
467.293 479.516 1002.28 415.346
470.21 346.102 1019.97 187.855
475.628 441.958 1020.34 352.996
497.904 298.363 1072.64 112.874
501.572 397.269 1069.61 283.188
504.609 418.222 1072.76 319.807
508.877 380.428 1083.67 256.041
509.59 309.377 1091.27 134.479
533.025 402.144 1123.28 299.482
536.313 369.878 1132.11 245.708
542.31 456.091 1134.28 394.387
553.929 348.451 1164.65 212.699
556.827 367.251 1168.08 245.898
557.795 439.559 1163.05 369.835
561.153 440.155 1168.8 372.316
570.186 445.902 1184.74 384.117
571.085 440.029 1185.63 374.722
574.904 323.206 1203.12 174.925
579.141 438.637 1199.75 374.154
598.341 354.913 1240.79 235.196
613.827 308.116 1271.69 159.174
423.136 427.127 931.313 314.25
431.582 364.076 951.349 208.656
468.502 394.189 1012.66 269.543
476.873 447.209 1021.77 362.496
534.199 350.67 1130.32 211.472
578.162 441.216 1198.02 378.036
605.24 314.624 1256.69 167.923
613.817 308.955 1271 161.433
476.373 420.013 1023.85 315.645
483.141 438.032 1033.44 348.253
564.201 444.948 1173.58 381.05
584.425 360.362 1216.36 241.042
536.366 375.721 1131.61 254.933
393.922 341.333 889.85 162.088
476.607 275.102 1037.68 69.8621
400.227 341.863 897.848 162.708
477.631 280.886 1038.54 81.4735
519.269 274.565 1111.05 80.6743
485.479 443.208 1037.01 357.616
444.765 352.919 974.646 192.122
449.838 337.151 985.826 166.944
451.179 383.884 983.611 247.414
450.898 440.73 977.857 344.673
468.181 366.773 1014.58 222.508
469.215 334.838 1022.16 168.459
474.634 431.329 1019.72 334.675
477.344 436.854 1024.07 344.956
479.113 352.614 1034.89 200.859
488.841 441.882 1042.85 356.052
489.696 315.462 1056.34 140.276
502.408 368.868 1073.52 234.638
510.76 305.345 1094.09 128.01
533.315 358.601 1127.92 224.983
547.392 353.178 1152.79 219.272
558.794 450.877 1165.12 387.954
594.194 398.871 1229.53 309.499
611.625 364.769 1263.61 255.336
405.209 386.353 904.167 240.128
415.847 374.237 923.694 222.119
424.912 420.599 934.903 303.508
437.542 399.58 958.455 270.754
458.957 424.62 993.138 319.298
458.957 424.62 993.138 319.298
470.21 346.102 1019.97 187.855
497.904 298.363 1072.64 112.874
508.877 380.428 1083.67 256.041
533.025 402.144 1123.28 299.482
542.31 456.091 1134.28 394.387
542.31 456.091 1134.28 394.387
553.929 348.451 1164.65 212.699
557.795 439.559 1161.92 371.139
570.186 445.902 1184.74 384.117
574.904 323.206 1203.12 174.925
579.141 438.637 1199.75 374.154
598.341 354.913 1240.79 235.196
598.341 354.913 1240.79 235.196
613.827 308.116 1271.69 159.174
423.136 427.127 931.313 314.25
431.582 364.076 951.349 208.656
457.895 461.199 987.806 381.613
476.873 447.209 1021.77 362.496
534.199 350.67 1130.32 211.472
578.162 441.216 1198.02 378.036
613.817 308.955 1271.69 159.174
476.373 420.013 1023.85 315.645
483.141 438.032 1033.44 348.253
483.141 438.032 1033.44 348.253
584.425 360.362 1216.36 241.042
536.366 375.721 1131.61 254.933
393.922 341.333 889.85 162.088
476.607 275.102 1037.68 69.8621
518.987 268.973 1110.3 69.8351
893.677 539.723 267.173 598.321
898.665 568.644 268.788 648.264
900.885 565.654 273.225 643.74
904.597 555.34 280.686 626.433
904.557 566.142 278.195 643.904
904.738 568.617 278.151 648.361
905.423 542.683 284.43 603.607
905.654 547.58 283.212 612.318
905.347 555.292 280.686 626.433
913.216 585.616 290.05 677.128
913.616 323.36 332.759 228.358
914.441 490.156 307.506 513.618
914.321 566.127 294.922 643.697
916.404 322.81 336.833 226.573
919.242 528.419 309.778 579.726
920.309 532.364 309.984 585.356
920.349 534.69 311.006 590.145
921.734 530.366 313.609 582.364
922.378 393.295 336.739 346.972
922.667 430.391 331.119 413.008
922.747 533.628 315.687 589.181
923.281 363.263 342.628 295.758
923.257 528.727 316.306 579.425
923.338 568.089 309.85 646.798
923.915 519.704 319.448 563.54
923.873 527.211 320.09 577.061
924.167 549.647 315.188 613.978
924.23 541.588 316.01 601.342
924.406 572.719 311.758 653.928
924.805 488.193 324.279 509.492
925.585 511.735 321.206 550.463
925.646 518.398 321.281 560.497
925.671 536.837 319.07 592.07
925.699 559.122 315.925 631.194
927.132 568.237 315.445 650.231
927.236 549.675 319.546 614.708
928.78 488.249 330.635 509.443
928.814 490.427 331.358 512.638
929.774 572.68 320.049 654.43
930.237 565.856 321.458 642.649
930.163 568.182 320.898 646.591
930.967 578.681 320.797 664.662
932.583 543.744 329.465 604.374
932.898 530.719 331.323 583.237
933.41 574.223 325.058 656.732
933.687 506.18 338.729 540.308
934.77 577.355 327.572 662.239
935.412 398.361 357.323 354.912
935.348 518.208 336.802 562.38
936.369 326.334 369.683 231.113
936.296 575.239 329.99 658.601
937.704 451.148 353.421 445.902
938.825 346.64 369.63 265.841
939.634 446.816 354.959 437.751
939.875 446.124 354.959 437.751
940.336 609.582 332.654 718.48
942.922 343.69 375.904 260.061
942.89 490.313 354.991 511.918
944.68 573.399 344.723 655.179
946.136 551.77 350.998 618.269
946.069 587.676 343.986 680.78
946.732 453.665 367.236 449.873
947.168 504.863 361.093 537.62
946.966 544.58 351 605.358
947.364 487.628 362.879 508.97
947.816 477.85 366.905 491.254
948.829 546.138 355.583 608.67
948.774 611.884 344.916 719.877
950.298 477.862 366.905 491.254
951.159 558.453 356.992 629.775
953.417 480.247 374.076 495.221
954.66 558.442 361.973 628.216
954.678 560.12 364.178 631.652
954.831 555.266 364.517 623.688
954.915 562.835 363.874 636.911
954.754 565.299 362.907 640.831
956.25 560.273 364.178 631.652
956.277 551.232 367.216 617.025
956.396 605.238 360.107 709.068
958.596 545.716 372.408 607.639
958.912 544.149 372.906 604.319
961.208 562.767 374.183 636.404
963.136 588.4 373.228 680.61
963.353 545.586 381.234 607.178
969.174 490.107 399.184 511.583
970.887 545.235 392.962 606.37
972.695 545.163 396.901 606.132
973.639 562.354 395.387 635.103
973.805 545.213 396.901 606.132
974.114 564.752 395.326 639.241
975.861 574.328 396.531 655.425
977.44 526.738 407.959 574.068
977.853 486.309 414.868 504.097
978.393 573.262 401.713 653.457
980.242 575.26 404.208 656.997
981.144 553.63 410 620.358
981.386 535.324 412.516 588.681
981.755 571.374 408.331 651.021
983.778 557.415 411.179 625.555
987.196 575.45 416.97 656.774
989.197 572.069 419.713 650.496
989.274 552.74 422.824 618.968
990.123 610.795 415.021 716.95
990.833 574.259 422.234 655.888
991.773 554.801 427.004 620.034
991.834 572.596 424.197 651.173
992.417 547.953 428.71 608.749
992.47 576.656 422.421 660.106
993.199 532.714 432.458 583.1
992.897 579.352 424.643 663.857
993.692 544.185 433.124 603.687
993.876 553.084 431.931 619.411
996.131 563.751 432.529 636.893
999.846 553.107 441.181 618.826
1003.37 546.785 447.227 607.454
1003.75 542.416 450.786 599.851
1004.37 578.656 444.13 662.066
1005.36 542.385 450.786 599.851
1008.2 543.729 456.851 601.386
1008.68 549.734 456.016 612.421
1008.9 563.34 453.324 635.283
1009.57 552.368 456.602 617.907
1010.59 557.173 458.201 624.832
1036.82 593.102 494.535 685.166
1039.38 595.747 500.406 690.067
1057.71 644.827 523.278 773.61
1061.82 638.767 531.039 763.002
1072.78 631.14 549.543 749.521
1073.36 621.573 550.821 732.161
1079.86 662.755 557.289 803.939
1088.38 645.884 573.611 774.456
880.721 597.011 234.306 697.764
890.825 482.348 268.712 501.391
891.346 581.093 254.785 670.24
894.383 594.058 257.828 692.039
898.322 587.985 264.796 681.962
902.347 556.065 276.648 626.674
902.407 559.423 276.555 632.406
903.365 541.062 280.627 601.12
904.184 578.033 276.139 664.273
905.067 561.022 280.303 635.28
905.109 586.799 275.884 679.051
905.619 475.725 295.451 488.549
908.058 555.77 286.174 626.953
908.359 559.213 286.085 631.233
913.169 447.901 312.399 441.027
914.322 555.692 296.52 626.57
914.541 558.967 296.231 630.706
915.568 549.876 300.092 614.514
916.381 543.924 301.53 605.196
917.799 320.382 339.04 222.284
918.87 371.492 333.721 309.943
919.018 541.962 306.663 602.119
919.724 532.231 309.984 585.356
920.088 555.426 306.584 625.978
920.686 558.822 306.615 630.508
920.442 575.085 303.644 658.53
920.94 397.819 333.217 354.979
922.883 383.852 338.442 331.055
923.603 373.354 341.27 312.79
923.907 513.208 318.903 554.224
923.84 534.715 315.687 589.181
924.838 549.579 315.188 613.978
925.045 573.45 311.802 655.972
925.271 490.625 325.793 513.928
925.63 527.452 320.09 577.061
926.166 315.57 354.108 214.847
926.214 486.286 327.509 506.503
926.448 508.139 324.771 543.795
927.082 526.081 323.006 574.467
927.73 546.731 320.346 610.91
928.658 575.352 317.695 659.067
928.784 489.467 331.358 512.638
929.63 524.192 327.49 571.172
930.017 401.679 347.903 361.094
931.154 481.173 337.424 497.535
931.701 535.031 329.131 589.984
932.411 531.39 331.323 583.237
932.73 555.195 327.632 625.084
933 349.241 361.021 271.094
932.907 558.587 327.503 629.294
933.065 562.674 327.033 636.491
933.57 489.904 339.292 512.688
933.331 549.323 330.177 613.615
935.535 346.03 365.212 265.91
935.765 479.07 344.584 493.693
935.826 508.763 340.269 544.773
935.899 553.039 333.102 620.588
938.063 346.245 369.63 265.841
938.392 552.87 337.989 619.803
938.98 555.143 338.21 624.326
940.701 610.59 332.654 718.48
941.076 461.077 356.307 463.033
941.242 345.961 374.53 265.224
942.074 441.456 361.141 429.139
942.389 505.061 351.475 537.956
943.219 327.521 381.488 233.884
943.378 612.412 336.912 722.08
944.828 480.61 359.73 495.948
945.066 558.232 347.919 628.411
945.021 588.393 343.986 680.78
945.646 607.908 341.575 714.528
946.033 546.539 351.489 608.706
945.992 548.574 351.038 612.719
947.338 360.556 383.77 290.682
947.417 488.223 362.879 508.97
947.711 505.059 361.093 537.62
948.412 507.601 361.576 542.411
948.705 544.594 356 605.654
948.436 559.677 353.383 631.551
948.969 391.276 380.656 342.481
950.102 397.422 381.309 353.214
951.73 451.095 375.926 444.821
951.426 546.328 360.49 608.343
951.729 562.329 358.638 635.278
952.04 558.236 359.399 628.369
953.702 419.494 384.005 390.305
955.245 427.662 385.23 404.954
956.969 436.487 386.94 419.273
957.854 463.139 384.492 465.696
957.827 558.154 369.473 627.756
958.071 562.373 369.017 634.878
959.213 491.979 382.31 515.362
959.932 504.546 381.501 536.297
960.577 548.719 376.735 610.514
960.901 544.251 376.708 604.488
961.394 488.091 386.373 508.606
961.951 569.57 374.594 648.37
962.42 478.179 389.289 491.194
962.896 611.457 369.707 719.507
963.606 469.831 392.919 477.056
963.677 505.913 387.656 539.278
963.31 543.932 381.407 603.942
963.896 548.422 381.167 611.734
967.053 507.851 392.615 541.731
966.769 552.148 384.922 617.889
967.273 476.187 397.622 486.574
969.215 551.973 390.161 617.453
970.719 487.512 402.054 506.495
970.387 551.96 390.161 617.453
970.304 553.964 390.303 621.942
970.749 557.898 390.39 627.047
971.146 520.022 397.981 561.4
970.785 548.096 392.175 609.594
972.746 540.283 396.509 596.654
973.04 543.581 397.06 603.225
973.086 548.198 397.526 609.793
973.231 617.418 386.302 729.487
973.381 613.863 387.06 723.208
974.348 530.077 401.578 579.701
975.685 545.452 401.662 606.26
976.094 554.018 400.841 621.419
976.552 483.957 412.434 500.538
976.552 547.939 402.459 610.524
976.54 557.518 401.02 626.057
976.997 506.245 409.877 539.262
976.708 551.716 401.829 615.338
981.719 544.865 411.415 604.99
982.089 517.201 416.642 558.304
983.141 526.893 416.84 574.07
983.029 557.141 411.179 625.555
986.703 571.895 415.272 651.589
986.917 535.18 422.042 588.094
987.169 545.016 421.903 603.618
987.995 575.066 416.97 656.774
988.354 529.023 424.956 578.943
988.79 557.021 421.594 625.05
989.627 539.744 425.544 595.982
991.462 573.278 423.012 653.768
993.648 615.462 420.428 725.424
994.738 544.48 433.124 603.687
994.71 553.213 431.931 619.411
995.005 547.318 433.14 607.644
995.154 549.679 433.162 613.434
998.921 549.951 438.799 613.168
1006.01 544.377 452.369 603.081
1010.27 583.471 453.987 670.036
1015.6 575.781 463.323 656.459
1016.07 585.384 462.658 673.442
1022.21 577.171 474.405 659.38
1023.68 585.654 475.047 673.273
1027.18 579.285 482.288 662.246
1029.33 591.365 483.57 682.703
1029.57 601.451 482.975 700.662
1035.77 592.349 494.535 685.166
1037.77 601.717 496.309 700.571
1048.4 635.827 509.928 757.948
1050.15 588.279 519.149 676.768
1051.59 659.859 510.836 799.617
1053.14 602.543 520.036 700.735
1054.21 650.283 516.132 783.03
1054.41 652.656 516.743 787.088
1055.62 597.442 527.724 691.749
1055.75 638.36 520.842 762.411
1055.74 655.907 518.299 792.783
1056.9 607.026 527.96 710.871
1060.55 594.495 536.42 687.329
1065.92 658.455 535.61 797.079
1069.98 632.054 545.468 751.215
1073.19 626.356 552.026 741.482
1077.04 632.257 557.129 750.422
1082.78 670.348 560.99 816.653
1084.93 645.601 567.305 773.826
1089.14 642.489 576.575 768.273
903.759 548.959 280.501 615.522
908.194 557.469 286.342 629.025
913.864 491.59 306.257 515.764
914.351 557.368 296.338 628.623
915.869 548.273 300.092 614.514
918.101 532.111 309.984 585.356
918.99 319.915 342.607 221.82
920.504 557.272 306.856 628.431
923.835 514.183 318.903 554.224
924.712 548.204 315.188 613.978
927.7 547.658 320.346 610.91
930.503 551.414 324.779 617.598
930.93 533.013 328.754 588.614
933.473 350.389 362.557 273.206
933.186 552.723 328.832 620.127
932.912 556.934 327.588 627.361
933.735 520.425 334.681 565.147
934.225 548.561 330.177 613.615
942.277 552.693 343.18 619.666
942.98 465.998 358.669 471.133
943.193 505.779 353.182 539.818
945.508 544.604 351 605.358
944.845 547.708 350.654 610.306
945.212 556.987 347.919 628.411
945.719 588.671 343.986 680.78
948.433 611 344.916 719.877
951.53 557.35 359.399 628.369
952.659 465.56 375.34 470.027
954.815 475.749 377.269 487.236
954.702 604.97 355.872 708.064
957.243 547.407 371.569 610.792
956.71 600.159 361.805 700.646
957.533 544.163 372.906 604.319
957.896 556.794 369.473 627.756
960.984 455.002 390.966 451.618
960.856 551.126 375.507 616.726
963.306 464.998 393.31 468.556
964.979 547.235 381.855 610.497
966.531 475.073 397.622 486.574
966.546 513.353 391.387 551.489
969.598 547.083 392.175 609.594
969.894 556.217 389.437 624.806
971.141 519.151 397.981 561.4
971.266 539.237 394.05 595.128
975.294 530.588 401.578 579.701
976.283 547.208 402.459 610.524
976.271 555.578 401.091 623.677
976.657 485.061 412.434 500.538
979.431 551.094 407.106 615.683
982.307 545.715 411.415 604.99
982.514 556.123 411.179 625.555
988.237 530.053 424.956 578.943
988.806 555.999 421.594 625.05
992.405 550.441 428.675 613.404
994.199 536.23 433.734 589.739
994.781 545.797 433.582 605.666
994.91 554.963 431.921 622.16
997.859 550.306 438.799 613.168
1006.95 545.449 454.483 605.631
1007.85 554.978 452.978 621.211
1010.27 549.451 458.579 612.428
1010.12 559.726 456.984 629.299
1022.82 599.766 471.672 697.779
1035.97 617.731 489.612 728.281
1047.54 559.045 520.401 626.689
1053.75 639.17 516.232 764.287
1055.82 654.483 518.007 790.015
1074.4 625.978 552.026 741.482
904.625 497.433 291.203 526.464
911.343 557.572 291.226 628.956
919.678 371.734 333.721 309.943
931.399 540.139 327.223 599.139
934.245 526.909 334.854 575.858
937.017 514.6 341.102 554.801
942.527 476.072 356.756 488.196
944.496 349.785 379.867 272.451
955.601 547.484 368.257 610.032
963.888 507.58 387.656 539.278
967.655 547.141 388.116 609.258
969.193 551.215 390.161 617.453
971.136 525.407 397.025 571.745
981.226 511.904 416.391 548.551
982.031 518.211 416.642 558.304
987.346 523.991 424.533 568.947
991.239 546.651 428.311 607.656
1001.18 593.344 437.064 687.726
1056.45 604.827 526.861 705.11
1062.29 642.24 531.191 768.917
1071.83 612.964 553.072 719.446
1082.47 669.672 560.99 816.653
1092.15 643.427 581.179 771.209
900.667 540.442 277.107 599.9
903.286 475.731 292.276 489.885
913.8 327.707 331.452 234.366
956.968 507.928 375.755 544.693
1071.44 618.883 548.853 728.267
915.085 446.022 315.864 439.035
923.161 320.513 348.784 224.788
1081.28 626.444 564.292 742.912
1075.8 609.136 559.366 714.113
914.441 490.156 307.506 513.618
951.159 558.453 359.399 628.369
987.196 575.45 416.97 656.774
1029.54 600.541 482.975 700.662
1032.65 614.099 485.214 721.628
933 349.241 361.021 271.094
904.597 555.34 280.686 626.433
905.654 547.58 283.212 612.318
913.616 323.36 332.982 226.963
914.441 490.156 307.506 513.618
917.549 546.807 302.747 610.731
919.242 528.419 309.778 579.726
922.378 393.295 336.739 346.972
923.915 519.704 319.448 563.54
924.167 549.647 315.188 613.978
924.336 570.79 310.576 651.136
924.406 572.719 311.758 653.928
924.805 488.193 326.979 511.635
925.585 511.735 321.206 550.463
928.814 490.427 330.457 514.162
929.774 572.68 320.049 654.43
929.774 572.68 320.049 654.43
930.237 565.856 321.458 642.649
930.163 568.182 320.898 646.591
936.343 491.759 343.568 515.583
938.825 346.64 369.773 265.024
939.634 446.816 354.959 437.751
939.875 446.124 354.959 437.751
946.732 453.665 367.236 449.873
953.417 480.247 374.076 495.221
954.754 565.299 362.907 640.831
958.384 554.338 370.606 622.183
963.136 588.4 373.228 680.61
966.375 489.641 394.411 510.445
966.84 479.718 396.735 493.826
968.725 553.884 390.303 621.942
973.151 554.304 395.481 622.363
973.805 545.213 396.901 606.132
975.215 553.745 400.841 621.419
989.197 572.069 419.713 650.496
990.123 610.795 415.021 716.95
999.846 553.107 441.181 618.826
1000.33 547.22 442.274 607.937
1008.68 549.734 456.016 612.421
1008.68 549.734 456.016 612.421
1040.38 622.76 496.915 737.071
1054.66 644.199 519.755 771.148
1061.82 638.767 531.039 763.002
896.239 484.233 277.999 504.002
902.347 556.065 276.648 626.674
905.619 475.725 295.451 488.549
908.058 555.77 286.174 626.953
913.169 447.901 312.399 441.027
914.96 414.784 320.43 384.255
917.799 320.382 339.04 222.284
920.94 397.819 333.217 354.979
923.84 534.715 316.835 589.177
924.56 576.958 310.75 661.939
924.838 549.579 315.188 613.978
926.166 315.57 354.108 214.847
929.114 314.896 359.441 212.812
929.63 524.192 327.49 571.172
933.474 488.623 339.314 509.811
938.063 346.245 369.63 265.841
941.84 451.345 359.17 446.063
944.828 480.61 359.73 495.948
945.021 588.393 343.986 680.78
947.499 463.58 367.285 466.638
948.417 473.7 366.973 484.123
948.417 473.7 366.973 484.123
948.417 473.7 366.973 484.123
956.28 470.886 380.351 478.484
961.531 582.269 371.839 670.214
969.215 551.973 390.161 617.453
970.719 487.512 402.054 506.495
970.719 487.512 402.054 506.495
970.387 551.96 390.161 617.453
973.086 548.198 397.526 609.793
976.552 483.957 412.434 500.538
976.552 547.939 402.459 610.524
976.552 547.939 402.459 610.524
981.719 544.865 411.415 604.99
983.141 526.893 416.84 574.07
989.627 539.744 425.544 595.982
990.449 592.59 419.203 686.505
994.738 544.48 433.124 603.687
994.71 553.213 431.931 619.411
995.005 547.318 433.14 607.644
995.005 547.318 433.14 607.644
998.921 549.951 438.799 613.168
1006.01 544.377 452.369 603.081
1007.1 556.523 453.386 623.421
1008.26 556.515 453.386 623.421
1016.07 585.384 462.658 673.442
1023.68 585.654 475.047 673.273
1037.77 601.717 496.309 700.571
1054.68 675.439 513.49 826.116
1060.55 594.495 536.42 687.329
903.759 548.959 280.501 615.522
908.194 557.469 286.342 629.025
914.351 557.368 296.338 628.623
915.869 548.273 300.092 614.514
918.99 319.915 342.607 221.82
920.504 557.272 306.856 628.431
925.076 316.535 354.108 214.847
924.712 548.204 315.188 613.978
924.712 548.204 315.188 613.978
938.082 489.177 347.178 509.37
945.719 588.671 343.986 680.78
952.659 465.56 375.34 470.027
954.815 475.749 377.269 487.236
954.815 475.749 377.269 487.236
956.71 600.159 361.805 700.646
966.183 488.268 394.247 506.804
976.283 547.208 402.459 610.524
976.283 547.208 402.459 610.524
976.657 485.061 412.434 500.538
979.431 551.094 407.106 615.683
982.307 545.715 411.415 604.99
904.625 497.433 291.203 526.464
904.625 497.433 291.203 526.464
969.193 551.215 390.161 617.453
1071.83 612.964 552.28 719.542
900.667 540.442 277.107 599.9
913.8 327.707 331.452 234.366
923.161 320.513 348.784 224.788
914.441 490.156 307.506 513.618
