2500
686.08 493.821
1028.44 422.357
1144.25 293.368
647.373 648.311
834.37 560.147
815.763 430.752
669.364 734.9
606.15 582.753
594.753 372.777
893.747 490.78
587.039 383.056
1175.23 320.811
378.748 194.42
873.128 492.247
831.86 621.201
309.783 364.101
1026.71 633.523
701.822 514.675
543.661 401.926
930.397 512.388
566.979 393.076
647.7 649.448
1032.91 319.746
677.151 495.824
297.516 385.951
977.273 305.093
790.809 596.341
348.616 422.155
807.574 929.499
294.875 409.819
870.396 602.994
162.689 243.833
414.18 482.209
238.486 267.819
784.909 894.653
706.147 741.522
541.372 403.479
592.466 375.946
297.068 456.033
326.241 223.371
158.151 242.11
151.351 263.682
1032.49 372.604
238.486 267.819
370.686 271.423
321.159 301.547
1063.21 288.493
190.169 224.739
435.54 464.21
1055.45 330.798
966.254 315.642
738.394 530.688
807.586 925.966
431.093 325.223
605.073 368.551
379.5 367.182
1092.48 725.659
832.033 618.885
421.356 252.53
902.344 948.559
1049.75 273.041
919.109 717.315
691.103 461.732
341.78 570.532
981.148 327.081
1072.85 328.358
759.312 848.273
1157.26 442.864
518.27 417.858
815.688 739.553
1199.2 461.712
1015.62 403.186
247.672 194.091
809.229 923.346
136.617 248.085
1032.24 397.123
541.435 400.557
1001.9 333.462
282.581 184.358
345.006 217.378
763.038 816.713
191.797 235.625
1076.83 710.217
170.549 239.626
1096.84 455.984
815.807 787.705
505.438 148.958
1018.89 649.486
739.893 525.036
607.61 362.907
1025.17 383.625
225.315 354.936
307.338 410.284
977.289 806.679
386.666 337.055
1038.03 392.397
1069.01 511.104
1064.74 125.871
1014.49 829.296
874.131 616.205
333.947 395.05
335.112 218.874
996.923 290.908
1359.29 414.832
1029.63 718.405
424.771 345.272
332.697 219.109
513.921 245.246
898.37 631.851
1032.74 351.824
264.208 333.793
981.148 327.081
451.081 458.408
989.017 334.465
1067.09 117.681
1022.44 260.277
574.162 382.892
891.347 270.301
923.596 691.317
188.605 297.392
410.768 474.155
1091.15 406.701
545.685 403.478
710.172 739.841
934.524 645.704
1024.56 419.108
1072.82 115.739
1254.86 440.286
815.845 876.353
1046.28 832.099
1079.81 391.13
270.888 255.73
615.337 605.406
1035.16 283.076
929.091 516.319
697.071 722.02
1040.44 679.938
818.061 395.088
518.27 417.858
264.107 255.07
365.409 284.756
862.698 665.026
376.67 195.449
352.544 204.308
499.64 424.08
1091.84 411.431
437.653 334.802
248.753 263.238
877.655 628.73
1097.6 96.3274
1166.96 414.627
310.26 230.754
1062.31 272.418
1086.41 385.17
530.437 408.031
267.852 260.131
290.783 250.87
284.201 460.018
1267.29 441.08
978.548 347.582
484.408 224.378
161.702 240.502
997.281 836.103
283.691 185.241
815.54 733.832
902.092 949.642
566.742 387.836
416.122 349.15
996.672 307.817
328.248 298.994
1092.48 725.659
488.563 431.421
378.183 362.725
203.551 219.49
370.103 205.893
611.974 365.12
1019.78 383.371
932.576 922.467
884.031 924.047
296.049 244.791
543.661 401.926
739.237 532.076
1051.12 331.354
371.493 196.007
394.211 121.182
339.665 226.124
218.634 280.943
879.967 894.476
334.72 153.065
849.274 900.21
267.123 248.703
227.507 282.453
925.219 766.588
963.386 830.934
1003.84 346.503
1126.75 308.499
447.666 454.309
1032.24 397.123
1197.44 460.237
763.202 419.152
1053.19 486.914
661.315 401.785
696.501 408.118
452.258 238.54
851.577 928.49
1122.67 344.821
414.614 476.26
649.612 639.8
699.398 464.811
750.614 756.615
1104.93 261.621
453.72 456.272
1097.03 450.571
382.598 405.646
1025.32 268.243
425.392 472.859
599.69 580.255
445.907 284.832
1058.34 389.942
895.442 601.2
256.022 404.264
600.439 596.725
600.555 586.28
967.466 540.528
1045.94 409.985
713.8 612.275
282.187 182.236
579.646 557.574
200.1 287.845
1183.13 415.613
738.919 651.204
973.072 551.095
1082.67 696.979
839.043 592.006
251.33 268.181
427.248 572.786
864.381 950.211
580.919 557.929
367.771 325.689
408.769 475.899
924.389 911.737
1015.36 424.541
1081.09 455.249
1205.2 449.237
328.105 228.316
365.652 409.887
889.255 250.535
373.484 409.56
873.383 910.021
1025.01 397.508
407.218 308.113
204.605 287.303
1097.23 546.117
931.691 877.66
924.248 273.24
834.865 973.523
798.074 901.954
1098.58 491.242
355.325 371.302
267.511 420.388
991.832 295.308
253.221 339.072
261.114 263.342
577.626 456.474
385.663 366.144
712.86 613.403
975.467 831.518
823.567 441.772
304.212 305.739
1067.17 315.565
285.284 187.496
403.717 298.657
877.882 462.234
703.114 723.291
718.425 543.893
452.938 76.603
1160.03 460.971
601.457 589.829
484.408 224.378
502.036 423.158
324.756 441.618
987.815 592.091
1049.75 273.041
616.397 363.759
797.843 638.696
1040.48 414.111
1067.32 471.428
925.814 913.699
435.931 315.156
294.683 458.291
1050.94 364.01
1098.32 89.6904
778.767 628.055
481.762 441.529
754.799 842.205
1100.14 289.387
836.378 914.699
814.422 395.145
1242.91 414.711
499.871 426.345
376.71 197.649
1107.52 264.412
797.817 701.234
240.231 269.246
892.331 637.385
218.83 209.376
366.99 374.745
1022.08 291.905
1078.01 349.131
437.653 334.802
1075.63 465.59
1409.04 379.453
267.123 248.703
281.357 367.179
374.454 407.652
707.666 735.993
753.161 619.88
1072.82 115.739
416.395 478.694
946.145 793.114
823.598 439.03
408.219 329.097
760.259 557.148
779.546 839.787
1139.29 297.322
515.376 419.093
921.218 749.785
825.932 563.938
224.854 284.129
896.421 602.178
452.315 240.233
927.125 304.852
296.896 242.131
621.797 364.866
208.995 285.654
451.606 448.701
464.008 446.3
973.799 908.304
202.91 294.901
506.425 152.009
896.198 806.102
1075.58 385.504
364.333 289.147
1088.08 729.488
622.71 361.205
1207.25 451.123
1079.09 284.287
386.493 254.963
459.559 451.377
324.885 346.925
281.673 365.919
1082.78 112.904
515.376 419.093
382.936 269.978
353.251 421.603
1063.62 322.383
291.89 242.967
621.934 559.111
335.112 218.874
864.83 967.254
1109.63 352.541
535.516 406.523
615.618 365.532
269.099 260.527
593.151 373.602
1033.77 663.225
697.071 722.02
395.472 572.936
203.551 219.49
623.249 394.701
1198.2 329.386
1002.8 635.741
440.056 457.037
490.403 431.311
344.275 423.722
1107.08 536.084
334.747 620.176
1047.78 412.237
409.771 302.626
1054.57 390.303
678.627 382.341
892.331 637.385
179.865 233.985
379.472 273.352
361.502 413.385
830.601 910.874
676.107 469.564
1034.97 382.212
1008.89 345.353
353.915 206.571
285.119 182.71
1119.8 308.749
428.882 472.572
811.012 612.752
391.938 279.024
386.701 363.912
227.507 282.453
1021.19 318.135
461.869 455.031
1026.31 800.884
1052.06 287.858
1051.39 294.644
627.997 362.073
594.753 372.777
1165.87 413.974
334.487 430.041
1283.54 244.225
615.911 362.725
472.964 447.199
1078.72 389.31
1067.17 315.565
998.953 330.923
817.533 880.261
594.424 377.474
341.572 220.337
844.724 616.026
164.162 245.297
305.352 451.442
1350.39 409.637
552.089 401.332
1016.37 407.571
593.24 591.693
386.418 405.217
442.958 289.591
1012.14 336.569
452.379 276.913
345.134 213.187
569.129 390.798
480.674 445.694
514.081 416.178
1051.38 315.895
886.48 486.697
267.76 422.33
932.949 717.67
1400.48 377.383
392.456 299.901
1095.75 330.591
755.91 682.333
867.875 612.807
607.413 372.884
460.037 451.31
449.093 457.21
842.48 909.132
962.798 546.392
1196.78 462.827
833.301 972.651
764.17 479.9
294.354 239.085
452.652 455.304
986.378 385.807
1070.4 471.62
1017.95 668.139
791.827 841.208
238.819 203.971
227.507 282.453
261.659 354.963
1196 409.782
300.768 453.286
186.686 295.921
1071.01 469.416
416.419 249.392
449.509 453.463
909.291 504.207
547.605 399.985
435.439 469.386
931.359 518.04
964.791 376.71
359.097 332.624
286.362 337.782
454.21 454.834
474.669 436.08
980.56 315.86
1075.26 80.1325
423.504 468.84
612.18 603.393
498.256 631.176
615.652 365.385
1041.63 650.428
866.93 581.294
839.043 592.006
592.595 378.682
345.16 427.452
717.115 468.646
322.612 158.811
414.174 350.853
575.545 390.925
592.708 606.717
1087.8 708.135
711.588 733.894
611.012 595.516
1075.62 460.307
1047.23 332.883
332.615 431.972
479.654 271.775
883.525 641.796
992.667 313.499
818.158 399.449
321.688 358.691
478.655 438.076
427.633 284.525
752.63 839.805
738.538 771.471
666.386 406.228
293.059 345.421
515.017 417.164
1019.44 320.843
960.578 334.705
480.657 438.206
1066.49 397.094
824.398 439.403
1050.76 705.392
614.041 613.389
877.205 498.879
1021.32 354.718
329.281 434.102
656.83 434.807
470.136 448.143
1101.22 548.445
1006.08 321.069
382.618 291.673
1011.54 839.097
899.272 636.252
972.258 564.759
621.714 553.437
1023.2 325.464
824.692 455.03
551.35 405.066
385.681 323.346
1068.63 126.175
603.735 367.192
470.168 438.784
1413.15 375.932
1021.17 424.416
742.136 720.281
1017.81 320.443
792.256 838.928
1080.18 794.56
789.918 732.361
335.063 436.912
1350.39 409.637
309.705 445.681
1022.44 260.277
419.316 474.477
591.69 377.256
348.872 420.259
786.038 407.856
507.392 425.748
332.894 225.922
897.691 689.007
269.919 258.887
879.496 626.359
1078.03 343.858
788.661 445.158
814.422 395.145
294.139 457.302
946.917 688.647
1061.71 398.99
378.389 202.512
734.18 366.837
1120.04 295.601
1006.5 424.901
873.636 466.858
299.817 449.933
1095.75 330.591
744.369 755.873
395.254 337.173
1008.68 348.422
444.693 453.795
804.57 786.726
1410.99 383.618
485.34 440.571
1125.9 546.193
1204.12 448.941
974.435 701.673
1068.62 425.277
485.186 436.433
306.412 333.824
1028.38 461.616
661.628 356.585
1069.56 369.714
1043.58 412.461
747.79 679.151
362.809 356.206
1202.66 415.882
274.594 430.555
522.675 419.001
611.138 363.753
991.876 797.011
366.325 377.196
815.192 563.173
377.608 272.999
1012.96 432.208
441.342 459.042
338.595 426.044
731.329 723.703
860.106 926.794
441.427 463.864
339.374 222.332
1022.19 313.052
1057.64 356.845
339.468 425.276
762.864 838.347
1232.5 441.209
520.699 419.66
762.995 635.137
347.191 221.662
265.305 248.324
498.861 432.742
728.421 691.091
1196 409.782
303.138 235.561
468.586 444.77
942.015 533.998
917.343 764.232
585.905 558.398
444.955 285.407
807.742 605.711
354.679 417.322
294.683 458.291
777.195 734.974
343.425 300.565
582.364 448.275
345.62 357.648
962.68 665.689
298.404 450.834
325.068 229.065
1005.3 351.643
475.013 437.013
333.181 153.704
413.87 474.174
356.897 358.589
545.923 407.944
184.881 298.754
1019.54 403.765
506.668 423.164
462.578 228.299
583.62 554.195
753.927 492.035
789.534 790.287
1064.74 125.871
629.245 677.131
1058.04 304.982
1075.17 115.719
555.457 398.74
294.654 171.553
696.006 725.85
278.238 252.384
324.885 346.925
487.789 125.95
1097.08 727.459
164.288 242.997
674.437 494.34
756.791 819.104
557.336 392.852
264.187 419.54
829.321 560.787
1064.01 382.189
217.501 281.812
1025.7 412.796
489.519 430.217
582.895 590.279
354.584 358.11
1034.25 391.803
208.995 285.654
429.178 467.666
442.07 459.941
560.696 394.112
871.092 872.527
973.251 379.909
238.579 270.374
227.763 348.56
578.691 381.034
830.776 906.505
571.095 388.442
290.547 330.401
995.204 788.368
298.227 449.042
1203.47 400.369
913.219 772.053
382.424 406.755
1107.1 555.159
574.162 382.892
689.16 752.963
328.043 300.09
1023.7 357.107
467.164 443.543
789.906 896.634
363.683 409.697
268.321 345.123
879.967 894.476
234.571 268.598
261.989 257.474
962.22 659.02
399.262 119.996
1032.81 384.65
1036.21 321.467
269.024 256.886
372.02 266.029
1032.81 384.65
802.103 739.667
610.728 368.698
709.434 732.221
1163.17 377.939
286.011 465.158
403.717 298.657
1090.24 105.764
1055.19 395.639
824.692 455.03
1063.74 492.328
294.547 452.701
436.055 462.456
498.327 591.682
882.331 464.339
549.498 401.897
622.287 549.294
991.832 295.308
1064.62 344.464
848.746 885.5
597.78 372.823
886.673 810.274
1016.8 426.137
1120.32 337.254
542.945 402.91
216.026 352.087
530.866 408.469
1125.37 418.706
317.621 161.659
744.652 515.871
413.82 477.752
1071.08 485.763
1289.85 352.813
1023.42 403.43
278.329 184.13
1067.82 379.564
360.683 417.852
1196.8 409.958
707.81 730.679
773.857 503.871
267.628 251.814
677.778 494.604
806.63 882.404
969.141 541.403
453.564 452.862
384.484 322.969
1121.26 294.484
825.823 873.951
742.613 431.179
1197.89 412.016
1151.58 277.857
1141.95 255.384
413.87 474.174
266.205 408.336
1123.92 419.876
968.062 890.504
729.038 437.736
489.323 126.264
1026.18 702.541
418.493 245.463
238.579 270.374
632.378 640.679
973.465 903.459
996.672 307.817
773.469 664.537
317.213 392.406
572.113 553.371
1409.04 379.453
379.5 367.182
866.612 962.347
566.098 389.11
349.253 380.097
886.063 889.148
449.081 455.487
348.059 220.74
781.621 595.59
335.438 225.947
518.27 417.858
675.858 496.656
362.874 414.494
885.991 928.154
1305.13 341.883
1165.87 413.974
369.145 206.04
785.587 543.523
353.998 419.677
413.32 302.167
416.147 477.075
244.174 268.831
996.882 361.875
393.041 347.322
164.919 238.766
800.857 739.297
739.855 520.894
229.147 343.944
1008.69 315.944
926.169 763.956
753.615 681.329
330.585 439.742
372.838 326.544
647.148 703.031
302.349 447.32
364.89 210.124
1021.28 378.895
575.048 564.039
1021.31 738.128
433.26 473.669
419.611 329.646
1120.65 317.704
338.615 214.297
1068.66 90.2815
887.137 917.982
1017.81 320.443
928.343 763.161
784.43 561.468
733.108 514.502
305.477 301.448
532.733 412.686
269.412 248.365
570.627 393.594
416.395 478.694
436.86 462.927
735.67 681.592
363.906 417.137
591.549 565.739
1082.83 82.3294
380.012 194.572
1025.1 687.08
1037.36 395.366
1059.4 490.352
350.753 143.334
416.336 475.87
693.307 496.725
322.474 340.85
296.802 394.931
690.353 481.559
1020.86 312.942
341.393 431.133
872.311 473.444
754.799 842.205
256.022 404.264
441.055 120.801
306.044 356.241
605.813 369.976
613.105 367.087
1098.33 369.198
1100.63 266.627
1074.75 438.124
620.816 359.292
244.174 268.831
465.894 447.866
234.873 269.401
418.904 475.836
1066.93 423.388
1038.77 358.863
1084.83 109.662
1054.52 328.982
350.49 330.336
817.215 882.056
186.686 295.921
979.26 563.442
725.952 531.877
1039.9 374.897
1254.66 436.887
374.439 413.409
1084.06 378.728
378.183 362.725
669.296 521.91
339.374 222.332
1017.56 315.32
711.557 742.56
363.346 413.743
1188.45 421.023
864.128 581.639
384.484 322.969
1342.88 368.908
586.229 375.283
674.437 494.34
600.74 611.494
585.189 599.385
294.139 457.302
295.601 243.143
1000.07 331.382
393.041 347.322
1098.28 93.1013
1248.93 443.22
343.809 384.085
1038.95 369.696
464.167 452.338
382.209 366.855
317.666 401.93
348.593 427.609
995.822 291.572
379.472 273.352
247.41 269.009
600.475 579.328
867.256 444.971
643.092 630.154
214.865 351.693
462.578 228.299
282.098 426.204
1050.51 401.408
1189.33 401.851
1097.03 450.571
1028.05 383.376
449.081 455.487
265.738 386.329
589.878 374.603
927.125 304.852
549.883 580.615
1232.62 438.909
553.768 395.769
377.064 403.46
1060.28 391.378
310.959 364.458
843.483 667.476
187.069 293.173
588.411 577.825
315.862 390.075
589.958 377.029
1034.43 374.889
812.075 881.776
319.47 228.809
797.117 702.193
439.171 270.092
315.862 390.075
228.758 345.32
900.482 687.915
345.006 217.378
1074.09 114.73
1009.48 342.554
444.924 459.779
1038.86 752.654
260.939 383.958
875.684 505.124
441.394 461.263
1064.16 424.968
609.542 367.544
872.602 462.532
806.457 786.25
208.995 285.654
665.958 490.369
872.944 871.966
424.897 285.228
1034.69 393.659
864.273 435.244
295.92 392.688
343.488 306.942
845.752 616.069
917.143 255.303
1069 808.255
1005.13 396.333
812.075 881.776
1016.76 281.803
171.671 239.388
1247.77 324.768
970.724 558.303
982.787 794.911
549.903 403.877
665.958 490.369
744.652 515.871
1053.83 487.629
960.085 543.823
1063.21 288.493
1061.26 288.72
464.724 223.931
1010.19 389.249
711.856 750.226
345.006 217.378
198.835 221.755
820.005 414.012
613.105 367.087
630.821 426.892
572.633 387.169
334.72 153.065
694.871 733.896
964.851 626.734
899.395 634.163
371.002 203.603
1029.31 410.071
1020.18 773.173
1095.44 377.588
257.054 394.394
811.911 397.696
574.162 382.892
288.3 250.944
694.871 733.896
885.063 472.628
1136.93 299.5
493.578 429.595
944.867 529.181
816.903 926.759
757.187 755.394
893.239 810.552
605.359 366.447
373.484 409.56
1076.93 270.828
1018.23 389.774
1315.93 389.204
1058.04 304.982
970.724 558.303
136.617 248.085
691.241 407.129
870.413 420.324
281.685 461.459
393.068 281.252
178.763 231.472
190.169 224.739
773.857 503.871
395.317 252.757
289.985 251.729
292.911 309.408
189.475 294.683
610.275 363.639
592.466 375.946
622.71 361.205
1107.22 555.896
157.836 240.652
476.89 445.323
594.378 588.186
1315.03 389.291
874.86 462.15
532.733 412.686
616.915 612.558
1029.42 395.325
285.695 180.272
1020.4 398.114
1117.84 319.387
515.017 417.164
1039.79 116.602
354.805 207.68
600.669 593.926
771.008 794.992
296.896 242.131
311.472 444.078
197.628 292.307
160.229 238.026
232.143 280.114
265.901 410.37
363.748 416.277
1035.54 675.216
582.44 388.926
872.357 621.62
368.922 366.988
1069 809.578
705.673 742.991
972.631 628.237
675.573 497.45
480.303 270.345
564.986 385.187
817.278 731.524
798.772 608.717
745.39 739.807
1109.15 776.155
877.731 568.283
930.996 890.599
308.153 450.709
1042.66 403.648
968.743 544.359
1247.77 324.768
349.285 379.231
584.115 586.294
873.794 470.181
254.18 256.567
1171.87 384.356
876.215 941.634
1092.02 402.544
862.261 561.323
809.229 923.346
913.012 887.009
349.399 218.166
329.264 431.87
979.126 822.888
359.757 584.837
342.669 428.634
561.439 387.233
1003.84 346.503
591.549 565.739
522.723 414.874
484.197 441.688
1021.17 420.181
430.817 282.996
326.942 224.448
190.755 298.425
1038.18 372.663
716.696 546.594
1075.58 385.504
476.334 439.801
1097.61 292.269
351.314 424.927
1058.71 323.894
337.526 317.125
574.998 385.058
978.765 560.897
1210.66 407.928
1200.82 462.163
360.085 204.62
917.336 768.565
1014.27 433.384
321.98 357.151
719.158 737.21
629.586 666.12
512.522 420.233
1069.12 343.627
820.286 878.955
811.636 398.937
479.156 441.441
853.667 697.306
1274.25 365.08
1021.32 354.718
482.18 438.227
1079.22 737.873
294.547 452.701
437.939 467.907
472.964 447.199
1223.27 455
287.308 243.417
611.012 595.516
364.569 293.457
164.919 238.766
288.786 246.334
343.472 429.634
1031.99 422.349
959.523 539.63
423.861 335.943
1078.14 127.158
1021.43 628.249
800.256 707.148
816.597 406.784
351.618 144.811
986.633 599.594
515.376 419.093
1097.13 730.34
784.43 561.468
1105.94 370.016
774.956 701.36
1034.25 391.803
1066.93 423.388
1120.36 421.937
1077.81 112.886
284.021 456.675
531.647 404.67
198.835 221.755
282.537 360.575
788.495 472.76
189.889 290.207
164.186 246.888
480.657 438.206
393.7 269.238
897.592 696.719
495.773 432.097
1230.11 438.511
1057.69 313.393
609.286 367.669
902.847 680.541
285.396 323.304
390.841 279.86
1026.18 702.541
1076.78 485.967
166.787 249.388
300.128 451.82
1033.08 460.606
1065.16 759.762
1016.94 423.303
1076.29 113.567
1070.89 485.072
321.29 159.94
1075.63 465.59
254.161 263.969
518.87 417.307
238.089 276.612
772.819 834.462
363.373 365.881
458.911 455.828
662.174 481.45
740.672 534.591
1202.94 400.324
285.284 187.496
525.168 409.559
835.132 899.548
452.854 77.7431
873.794 470.181
714.736 468.906
286.512 189.51
1019.67 645.441
1093.16 405.206
631.314 491.667
710.227 449.777
473.882 440.62
937.292 302.189
282.923 241.144
441.345 292.926
961.702 285.902
712.905 705.454
478.429 440.363
503.125 425.733
1066.2 468.755
918.241 732.035
711.79 731.137
373.035 581.696
365.37 420.409
609.286 367.669
260.052 390.157
183.669 291.791
380.352 271.282
961.702 285.902
698.314 715.659
961.358 552.783
1104.77 552.107
1067.49 765.169
1021.09 632.226
786.79 901.261
193.09 301.403
328.379 219.859
443.17 272.833
973.465 903.459
1080.06 309.466
707.81 730.679
870.778 467.359
1199.2 461.712
217.113 287.273
873.794 470.181
388.869 364.385
375.626 346.606
913.603 619.661
401.216 265.153
311.648 450.127
203.043 218.649
902.527 610.281
229.147 343.944
426.244 468.065
810.02 925.34
219.896 214.521
281.973 254.473
709.045 545.814
694.148 752.121
933.111 879.405
934.658 917.252
1018.23 389.774
407.932 306.979
1068.65 425.045
522.723 414.874
406.716 334.956
290.665 403.746
1043.27 314.3
303.393 165.745
599.083 374.671
1034.93 370.432
747.758 826.409
1055.85 760.993
1026.18 702.541
1171.92 419.419
442.07 459.941
868.452 873.292
283.691 185.241
655.84 535.764
1183.77 416.296
452.854 77.7431
279.997 316.611
1161.12 377.829
352.544 204.308
1196.8 409.958
441.394 461.263
857.117 940.825
563.208 390.628
1014.15 401.685
492.006 430.672
1051.67 406.202
419.322 475.128
1060.37 110.609
1084.28 374.885
541.435 400.557
447.378 462.578
1034.25 391.803
593.676 610.583
641.155 396.071
277.304 247.23
851.577 928.49
1078.1 463.181
457.298 446.403
1084.06 378.728
531.922 410.579
927.535 761.173
405.863 264.322
770.513 819.173
942.156 525.59
1074.09 114.73
374.216 319.741
1075.14 384.649
558.768 398.715
406.716 334.956
265.738 386.329
640.818 626.177
503.353 163.403
1018.87 648.618
926.553 792.319
596.995 371.24
862.724 964.746
478.82 443.088
1195.57 294.399
1024.18 802.318
470.728 443.709
812.177 459.711
283.691 185.241
1286.29 428.672
331.632 151.566
791.375 705.489
1010.63 311.5
294.875 409.819
363.41 210.19
1010.03 340.17
547.719 397.964
962.798 546.392
902.863 624.707
659.289 540.763
451.741 234.396
818.009 409.658
581.038 606.386
606.598 365.156
366.015 205.312
1068.83 79.3951
750.682 788.686
1187.72 335.353
1002.27 815.907
258.101 258.368
353.006 372.826
249.404 265.531
855.04 949.521
360.101 589.272
938.704 749.406
621.203 601.638
537.996 409.808
252.346 259.828
788.965 576.291
333.947 395.05
311.527 444.321
1094.28 98.6779
1104.55 357.237
218.249 212.481
780.29 595.879
921.189 265.251
571.095 388.442
340.838 426.429
1054.71 333.317
1272.51 249.859
359.839 416.532
334.487 430.041
1087.84 407.734
909.291 504.207
1075.17 115.719
1022.98 757.464
251.942 269.331
265.738 386.329
168.729 240.527
904.307 689.994
754.528 848.669
1025.7 412.796
1160.26 460.206
1003.43 398.866
608.201 365.125
1019.99 805.739
1080.11 99.5802
423.29 475.614
489.1 432.346
528.227 414.161
1075.17 115.719
879.617 894.526
1023.21 342.243
612.18 603.393
301.784 242.129
941.365 534.716
1124.25 437.629
991.832 295.308
1043.05 392.134
474.049 122.798
1166.96 414.627
502.036 423.158
294.547 452.701
641.835 629.619
945.921 706.862
351.618 144.811
311.499 232.513
1087.77 104.843
1110.99 559.201
356.364 337.947
283.944 247.174
969.305 681.698
316.691 392.212
416.336 475.87
673.242 495.857
1024.12 797.749
267.628 251.814
231.96 266.096
325.6 229.802
335.438 225.947
312.535 229.797
367.623 413.383
596.703 378.656
327.605 439.312
569.973 386.604
362.225 202.088
324.027 292.27
1049.03 291.33
289.634 455.242
1104.43 369.637
799.172 419.544
499.1 428.001
742.395 826.345
225.916 277.064
366.564 412.478
1116.2 330.301
310.355 448.027
994.678 812.681
376.494 272.842
453.18 452.276
409.975 250.171
814.639 926.771
712.458 747.608
1180.9 451.318
542.93 397.483
1039.9 374.897
1413.82 380.057
992.177 713.662
1144.23 399.615
371.384 359.659
350.329 336.417
443.957 463.214
286.964 454.834
314.13 232.042
1061.25 497.117
332.894 225.922
585.847 589.509
988.481 335.434
793.941 898.402
825.932 563.938
361.502 413.385
268.803 420.192
1073.83 468.868
718.589 668.74
506.529 420.322
257.505 257.319
1223.27 455
905.573 607.844
1039.14 381.986
263.878 256.004
360.872 204.036
1120.94 338.548
1026.58 340.208
1032.41 413.99
933.298 539.081
383.054 263.193
1306.42 361.651
480.019 444.941
353.915 206.571
1003.6 331.658
957.326 323.391
338.317 421.762
876.212 562.079
240.141 265.862
826.893 517.044
580.631 379.433
930.029 746.204
253.678 393.512
502.223 426.412
750.203 835.106
993.081 294.086
1121.26 294.484
1180.24 402.176
1117.98 435.732
493.578 429.595
299.817 449.933
660.466 400.726
207.809 285.784
560.871 396.556
650.342 621.875
191.061 287.019
238.819 203.971
701.734 723.454
776.702 864.95
323.164 402.769
1057.74 389.481
429.682 284.455
586.969 552.147
749.308 488.451
429.109 325.316
364.691 411.802
315.604 234.262
1412.68 383.928
699.806 545.154
294.654 171.553
260.052 390.157
344.884 294.409
355.783 414.774
360.146 138.798
210.988 284.113
911.958 702.912
1060.39 404.616
926.169 763.956
358.281 212.892
323.405 436.727
1124.82 345.706
823.672 434.628
220.195 286.37
588.602 548.659
887.048 919.758
607.102 598.311
1075.15 476.182
362.809 356.206
359.567 138.186
1015.62 403.186
929.029 512.566
259.621 185.906
809.332 609.588
1119 437.194
414.388 479.946
599.69 580.255
690.449 548.842
366.365 591.267
925.755 812.196
1023 800.729
1041.89 708.816
738.536 680.904
762.413 848.61
590.892 380.247
344.449 428.295
305.451 408.473
812.554 614.354
318.927 392.504
623.538 363.545
400.603 333.327
425.39 277.498
361.958 411.323
926.321 889.983
347.597 417.875
345.006 217.378
824.658 394.237
1080.05 481.8
1067.7 377.303
796.413 703.788
754.137 443.443
699.489 460.29
1090.98 86.8025
250.397 261.616
414.976 358.295
236.852 272.381
281.055 244.401
247.41 269.009
678.365 466.724
394.28 336.715
851.328 794.647
712.458 747.608
306.782 447.505
1136.09 299.93
1124.23 316.491
913.012 887.009
915.316 878.105
282.877 458.543
1160.26 460.206
355.411 593.274
321.187 157.088
914.471 764.469
1010.19 389.249
1068.62 425.277
1051.69 401.832
267.511 420.388
1011.58 417.562
356.442 418.527
225.315 354.936
522.564 250.255
365.441 416.691
441.427 463.864
287.606 460.787
421.716 473.078
869.389 458.475
1187.2 415.723
563.128 464.708
203.043 218.649
807.758 875.936
947.82 326.997
595.537 374.678
1019.92 387.369
432.529 465.91
498.327 591.682
581.406 586.652
449.132 461.706
288.786 246.334
342.205 426.915
867.254 951.485
388.622 264.363
924.389 911.737
1070.26 422.823
1095.13 452.946
734.449 515.444
1096.95 501.286
870.17 946.37
970.534 626.737
295.436 240.798
470.728 443.709
435.931 315.156
1230.11 438.511
548.934 396.616
969.276 555.786
807.758 875.936
321.911 437.21
648.63 537.791
1122.72 326.931
919.653 882.454
1045.01 756.916
996.654 346.552
1173.78 323.54
426.833 332.607
1080.05 481.8
339.782 374.021
1195.12 234.741
1298.74 425.292
206.303 293.691
1086.67 481.193
446.078 331.509
419.611 329.646
593.357 581.568
553.768 395.769
349.115 428.726
272.31 338.728
604.129 373.435
1033.69 335.711
806.496 876.023
249.911 197.666
867.937 587.72
729.997 599.35
368.144 584.79
1173.78 323.54
756.432 813.951
520.574 412.524
564.833 394.966
610.993 564.368
296.395 310.159
970.53 636.202
295.647 393.921
275.924 249.78
852.474 662.361
290.322 241.578
744.233 810.424
1342.88 368.908
593.995 615.943
453.564 452.862
1035.16 283.076
1038.08 379.938
578.841 543.362
961.11 285.047
1024.14 425.615
340.838 426.429
1011.95 647.727
826.704 900.642
371.271 359.227
227.764 273.708
1073.67 500.862
335.342 216.892
813.847 787.915
1023.24 295.894
264.208 333.793
680.562 541.045
1072.9 346.731
345.134 213.187
428.429 280.289
1104.84 554.657
484.6 222.955
997.581 292.912
380.352 271.282
773.469 664.537
1018.49 673.391
1017.2 317.724
570.262 386.982
584.268 595.493
434.911 330.902
346.276 215.897
888.401 957.646
340.838 426.429
536.87 408.748
879.856 502.547
1090.42 118.714
839.043 592.006
737.329 689.111
1257.73 436.958
203.551 219.49
461.911 449.33
424.011 479.222
1274.14 422.681
811.486 687.808
808.821 724.729
828.189 591.908
1012.96 432.208
193.43 293.31
310.49 445.862
241.882 271.645
740.214 533.751
865.568 755.558
660.406 401.531
1059.17 395.354
833.23 894.898
871.092 872.527
1192.3 408.248
958.463 352.268
472.964 447.199
412.592 326.714
1024.36 631.149
1031.15 365.616
1056.01 488.871
1013.45 834.14
1073.45 335.581
562.948 391.425
1096.23 113.701
807.816 718.245
349.015 367.171
989.017 334.465
258.393 253.865
810.64 723.975
741.292 636.276
231.561 265.178
288.253 451.838
756.583 491.842
825.683 907.486
830.764 890.624
701.823 591.729
270.477 420.352
595.537 374.678
743.085 779.036
670.247 476.876
621.675 360.891
348.17 146.275
977.288 904.79
926.074 729.114
1066.93 423.388
1014.41 408.597
941.751 522.414
1040.47 693.971
706.118 735.695
1197.89 412.016
291.65 345.119
963.647 540.07
372.909 194.295
261.659 354.963
613.851 365.584
413.998 474.84
190.169 224.739
696.57 716.296
947.829 321.505
708.083 758.374
653.459 524.868
648.738 528.278
697.869 457.359
480.114 432.2
817.828 408.427
997.388 741.978
240.128 273.146
777.421 498.129
1207.25 451.123
428.882 472.572
1045.55 384.242
482.18 438.227
889.079 639.834
1048.99 683.015
967.056 540.185
1357.76 413.402
1026.9 799.588
571.095 388.442
1117.98 435.732
872.311 473.444
913.012 887.009
770.737 802.978
584.268 595.493
511.264 427.491
689.105 761.754
453.564 452.862
219.896 214.521
283.944 247.174
996.923 290.908
836.359 914.884
872.403 475.096
1036.46 390.968
377.93 402.74
752.745 526.802
730.421 600.212
807.757 476.283
1029.73 260.131
327.568 436.006
364.691 411.802
368.842 201.138
583.62 554.195
363.708 418.104
331.022 360.407
984.17 385.394
756.342 796.567
784.909 594.882
811.058 887.974
400.336 334.371
775.772 501.139
870.893 952.445
1048.38 669.396
983.533 346.292
1051.74 683.8
1061.9 390.317
1072.74 396.252
820.095 392.357
600.764 367.366
335.517 392.94
1350.53 407.807
1026.7 351.882
252.627 263.898
1011.1 282.073
385.663 366.144
836.108 910.76
1038.95 369.696
618.594 355.735
740.672 534.591
385.112 352.667
689.567 583.388
329.779 227.004
781.199 533.328
1173.53 423.681
764.017 830.002
344.185 210.742
965.011 627.445
605.165 544.943
715.063 446.688
263.878 256.004
291.171 452.245
1013.78 830.316
221.744 285.12
813.017 922.033
826.576 458.189
1039.34 334.361
1057.06 492.458
354.584 358.11
300.931 240.29
1306.42 361.651
276.131 179.694
601.727 588.842
1025.46 380.137
1201.97 453.835
575.048 564.039
350.244 205.748
809.075 872.245
325.6 229.802
368.556 407.878
817.823 918.083
888.226 222.615
373.309 361.346
382.618 291.673
1077.81 112.886
1055.85 760.993
365.409 284.756
419.316 474.477
450.051 90.4533
387.204 274.623
287.308 243.417
904.307 689.994
590.819 591.51
1097.6 96.3274
344.314 213.378
573.939 568.976
1115.37 431.901
542.815 396.685
512.13 255.696
695.72 710.437
287.89 461.684
1049.86 389.192
1103.31 562.854
273.182 381.071
607.413 372.884
605.165 544.943
158.151 242.11
1017.43 321.245
516.849 413.382
799.428 609.852
813.376 391.647
865.156 585.905
1033.89 263.21
742.184 771.698
615.185 363.766
235.571 265.669
276.443 460.328
613.851 365.584
602.286 543.155
866.816 434.635
496.301 430.114
904.132 260.193
997.346 322.372
806.279 539.683
625.12 361.777
425.39 277.498
935.171 649.25
582.895 590.279
434.911 330.902
225.916 277.064
748.653 516.392
998.894 803.343
1171.87 384.356
303.897 166.317
312.442 228.898
332.615 431.972
1175.98 425.948
271.35 387.78
960.286 546.822
1016.39 333.87
351.408 215.259
946.763 772.831
313.847 399.603
1038.78 687.076
833.301 972.651
568.635 385.699
595.191 626.681
634.753 627.175
430.502 467.143
304.838 450.636
285.806 423.009
600.439 596.725
830.125 898.574
824.283 908.252
925.044 512.59
344.884 294.409
606.883 642.177
598.15 371.787
186.686 295.921
634.332 620.058
825.823 873.951
1074.75 438.124
616.397 363.759
476.081 442.919
1337.76 374.689
499.451 430.595
1175.23 320.811
818.635 490.027
797.817 701.234
688.55 465.163
1246.44 442.725
1097.6 96.3274
584.875 381.441
1090.98 86.8025
586.893 553.086
1196.65 413.178
330.199 427.417
238.579 270.374
933.118 889.584
1350.39 409.637
275.924 249.78
506.668 423.164
976.01 829.32
429.208 466.585
876.212 562.079
453.18 452.276
763.631 574.992
213.821 289.097
1189.02 421.793
331.449 336.344
478.86 440.663
914.169 674.846
598.178 377.768
1002.13 308.831
1083.75 116.809
1395.14 397.097
814.282 734.31
1050.06 683.22
1185.12 411.794
493.671 433.07
221.376 274.752
1032.91 319.746
1050.31 293.109
811.486 687.808
351.907 208.443
1061.25 497.117
1010.92 377.396
964.064 901.492
839.118 619.855
1047.28 411.554
276.805 426.651
809.229 923.346
774.743 572.67
225.916 277.064
1188.45 421.023
400.603 333.327
717.324 665.167
1050.06 683.22
1234.46 453.029
974.138 554.854
380.001 404.15
295.647 393.921
702.481 734.67
987.596 312.483
283.105 181.652
1018.23 389.774
616.086 629.822
367.897 207.982
1003.81 823.389
812.858 877.595
447.933 233.547
496.301 430.114
692.586 713.184
1083.33 698.048
312.442 228.898
1076.36 455.803
1014.49 829.296
380.921 347.513
424.771 345.272
1020.98 414.722
304.431 362.708
349.015 367.171
1173.66 383.691
236.19 199.264
1036.11 109.269
1015.76 651.528
955.376 317.871
467.868 217.687
762.883 685.693
1315.08 350.365
800.385 785.381
663.167 486.413
850.81 429.26
1025.28 399.648
875.657 940.929
1149.85 533.404
355.474 425.359
277.062 173.468
460.735 446.703
243.745 402.886
214.865 351.693
358.222 338.327
867.424 433.821
1080.11 99.5802
590.826 615.763
1032.41 413.99
1106.73 263.73
746.761 830.497
329.264 431.87
798.12 430.778
437.386 268.144
393.068 281.252
944.806 541.83
896.548 500.572
558.768 398.715
821.452 901.55
797.117 702.193
582.895 590.279
405.111 286.743
808.266 395.815
1109.43 278.497
788.661 445.158
306.666 403.833
865.912 585.364
1101.36 455.535
693.381 700.76
680.562 541.045
294.547 452.701
488.563 431.421
221.229 277.962
849.693 448.632
924.821 879.124
470.682 448.912
1238.58 416.801
344.511 381.751
445.941 279.276
217.501 281.812
1005.13 396.333
604.653 577.291
227.507 282.453
867.937 587.72
1026.35 711.739
334.573 435.96
416.147 477.075
1018.23 683.347
335.833 432.393
360.609 211.994
234.503 345.161
673.62 491.138
596.185 371.297
260.4 411.844
416.59 481.182
1020.86 312.942
507.703 422.126
1108.79 502.352
1069.12 343.627
427.813 281.94
968.794 888.585
874.308 462.297
794.6 886.587
485.186 436.433
319.421 233.341
288.726 178.605
342.88 215.672
1056.91 404.004
690.458 465.001
836.435 408.304
869.606 560.228
1110.62 262.883
717.324 665.167
224.712 277.788
669.505 555.763
433.544 465.169
267.43 417.925
746.761 830.497
284.399 256.178
406.36 333.441
1059.28 99.7303
312.068 357.662
423.596 478.529
1078.22 460.701
955.376 317.871
342.797 208.547
468.586 444.77
397.118 121.323
349.015 367.171
998.646 799.616
280.161 186.622
1018.89 417.094
469.409 441.277
421.356 252.53
1068.69 113.759
217.501 281.812
555.752 394.228
341.061 221.827
436.264 297.293
373.876 402.954
316.223 446.188
900.612 726.123
1032.39 792.024
621.248 357.187
245.186 268.48
275.184 376.571
510.506 426.614
1108.79 502.352
283.286 249.734
871.063 894.451
1009.63 425.702
357.83 329.63
974.372 276.385
785.121 725.839
1031.13 850.958
395.392 350.874
488.012 438.282
452.938 76.603
924.793 742.19
808.181 919.166
438.747 466.087
704.575 453.325
509.131 421.558
733.139 636.827
713.819 548.007
729.121 692.037
1022.08 291.905
702.231 562.355
921.407 810.045
1109.15 776.155
277.427 173.465
331.099 337.897
560.584 391.996
331.632 151.566
620.701 360.59
673.598 677.083
1065.24 421.753
432.638 254.624
557.321 396.181
451.538 264.03
241.27 265.968
276.59 181.061
264.411 338.431
335.095 149.842
809.075 872.245
336.45 215.432
279.308 254.384
1391.55 376.25
435.604 316.213
806.63 882.404
1014.61 416.428
781.926 490.255
1212.79 455.738
245.948 265.87
332.253 432.286
1002.63 335.546
739.204 432.182
647.6 650.654
375.797 194.362
756.342 796.567
596.983 587.135
327.568 436.006
364.873 588.797
306.666 403.833
860.095 931.407
1071.83 380.78
311.888 408.909
529.318 407.213
455.665 456.264
310.49 445.862
1212.75 242.715
282.048 252.381
1034.3 364.58
336.72 426.513
1125.63 297.653
320.219 435.512
283.97 243.482
333.181 153.704
1044.08 372.107
420.697 257.663
224.854 284.129
300.701 446.603
1099.86 362.723
343.754 372.086
351.165 417.699
913.288 743.721
283.531 454.075
808.218 880.782
262.951 346.824
490.704 433.193
840.503 918.344
1107.08 536.084
390.841 279.86
380.779 404.338
377.198 288.277
744.514 830.906
844.981 420.242
366.325 377.196
541.309 410.693
455.612 449.994
783.139 727.078
776.927 840.192
956.867 356.213
188.714 301.567
1171.92 419.419
764.191 808.884
430.502 467.143
447.777 331.851
597.78 372.823
1106.99 368.151
338.731 429.732
476.081 442.919
959.49 536.976
618.272 604.771
832.205 468.623
665.558 540.215
999.597 393.887
667.364 608.942
988.481 335.434
452.29 81.0493
509.131 421.558
1107.1 555.159
1003.86 317.427
826.708 403.787
1029.31 410.071
825.802 900.652
1054.44 385.278
1038.78 687.076
992.092 300.645
1071.18 474.278
303.257 447.853
632.822 536.183
468.586 444.77
1091.21 103.551
607.102 598.311
1072.24 300.774
1024.52 383.61
871.326 564.908
274.264 323.026
1015.17 390.061
382.063 342.785
1087.84 407.734
246.384 207.266
1022.42 725.564
228.926 281.132
641.585 690.952
291.815 247.943
1056.66 491.694
436.898 317.211
826.365 391.277
422.959 315.19
599.486 375.319
1173.66 383.691
362.81 590.488
1045.93 387.391
869.773 426.021
344.825 205.351
773.409 491.887
210.473 294.229
1122.67 344.821
528.171 417.947
448.18 450.707
897.369 265.927
815.871 711.092
1056.29 271.809
1053.35 407.568
373.687 207.665
168.16 244.631
638.519 618.295
412.402 330.733
1109.45 553.165
227.763 348.56
451.488 458.479
1089.72 126.807
1391.55 376.25
345.006 217.378
1104.29 342.314
123.643 243.491
586.362 383.249
346.013 420.684
490.984 435.132
1049.03 291.33
364.569 293.457
287.715 241.474
1362.38 411.5
1041.4 260.896
662.719 480.473
874.936 560.024
771.535 501.938
975.187 374.741
723.879 564.752
303.257 447.853
459.892 237.375
929.338 679.107
1094.17 91.6245
613.048 594.63
647.213 409.339
667.078 518.822
889.255 250.535
1101.12 558.807
651.675 709.348
662.895 525.562
509.131 421.558
323.685 430.993
1077.31 457.241
413.32 302.167
763.218 690.792
977.289 806.679
827.724 563.706
1014.15 401.685
425.459 474.965
549.903 403.877
538.584 405.334
269.338 253.275
1047.2 325.381
978.504 347.149
379.5 367.182
360.228 412.22
447.777 331.851
284.209 243.67
196.788 221.136
1049.69 661.784
425.459 474.965
559.563 390.971
1036.46 390.968
492.116 220.616
477.901 440.794
1076.29 113.567
1099.9 546.807
1089.68 88.1733
1066.57 471.986
925.58 743.321
773.802 534.39
168.729 240.527
745.922 514.362
604.557 607.639
262.002 412.53
1123.64 334.787
863.744 597.172
1038.18 372.663
860.055 469.299
314.55 380.962
1020.98 414.722
1097.23 546.117
499.64 424.08
928.251 511.251
1015.71 317.949
690.353 481.559
464.167 452.338
1090.59 405.3
608.75 375.296
318.927 392.504
942.015 533.998
735.469 722.937
560.696 394.112
621.18 367.135
442.958 289.591
211.093 366.31
1011.52 318.954
332.697 219.109
1009.48 342.554
333.186 324.921
573.255 540.743
373.189 411.823
878.49 641.024
1120.48 290.247
1069.57 420.651
420.865 331.15
1054.99 364.559
815.688 739.553
909.409 506.13
763.631 574.992
339.764 392.12
813.017 922.033
1021.58 337.778
1095.19 541.602
281.299 246.579
914.957 904.241
963.191 227.67
843.558 906.501
1093.56 730.8
1271.3 411.737
1082.46 386.911
1067.17 315.565
929.689 904.962
967.378 541.187
455.665 456.264
1017.47 830.258
420.622 471.303
888.796 956.546
987.815 592.091
287.89 461.684
1321.44 326.35
746.246 460.542
320.549 228.937
962.661 712.472
716.696 546.594
660.147 400.173
603.96 578.327
1284.18 231.528
1032.74 351.824
389.193 278.379
835.132 899.548
252.346 259.828
434.277 332.257
1025.1 687.08
1031.99 422.349
350.329 336.417
595.658 368.087
831.318 459.317
359.247 373.594
614.483 518.58
821.9 391.113
944.553 530.096
665.558 540.215
1097.91 97.014
349.399 218.166
371.479 410.338
564.118 538.395
1034.93 370.432
321.29 159.94
1250.91 444.462
1018.42 396.688
372.018 350.352
351.514 219.931
1076.71 475.718
483.266 264.833
988.325 305.176
1011.88 831.144
824.777 434.977
1104.77 552.107
413.609 476.702
970.621 551.592
1015.27 686.598
1073.75 468.102
490.403 431.311
743.452 832.815
281.685 461.459
960.79 561.098
982.943 626.732
164.186 246.888
331.131 395.606
670.901 555.982
232.079 334.853
502.223 426.412
560.584 391.996
310.959 364.458
436.668 280.452
503.777 426.821
437.939 467.907
433.544 465.169
885.96 758.269
1121.26 294.484
1041.89 708.816
189.889 290.207
1412.68 383.928
445.82 466.016
168.405 252.133
714.736 468.906
596.875 582.023
877.338 502.377
496.301 430.114
1353.01 315.44
1015.17 390.061
543.995 404.748
699.517 709.296
356.897 358.589
505.49 154.756
1039.42 472.709
751.108 834.663
155.077 247.505
292.911 309.408
281.144 464.062
293.902 405.52
332.145 225.112
1093.06 125.218
397.118 121.323
954.077 746.782
279.865 248.983
1000.21 293.64
540.385 408.943
