2.88589 -0.673616 0.009688 2.94896
-0.348665 -1.83871 4.5517 -1.15853
-1.32782 0.050623 -0.070316 -1.15245
1.2184 0.077959 -0.115055 1.69798
-0.419819 6.45644 -6.36179 0.1718
-0.427075 2.55444 -2.08098 -0.368635
-2.03114 0.19524 -0.044567 -1.07691
-0.018195 1.29598 -1.60193 -0.023836
0.168594 -1.22137 2.19443 0.124272
0.492969 -1.40604 2.82697 0.058482
1.5702 1.04119 -2.21659 0.640009
-0.656748 -0.892026 1.16349 -0.585604
-0.244623 2.44096 -3.84939 -0.416433
-0.074593 1.10228 -1.05651 -0.007192
-0.120534 2.00032 -2.39931 0.575051
-1.38514 0.129015 -0.140173 -1.54579
-1.16004 0.101896 -0.400673 -1.24959
1.59055 -0.151681 -0.031308 1.09306
-0.097351 1.18236 -1.90626 0.121096
1.67113 1.21664 -1.16633 1.71742
-2.48375 0.0338 -0.601694 -2.40819
10.7292 -1.0017 0.654483 9.17677
-0.009113 -1.19832 1.24313 -0.288029
-1.05924 -0.196903 0.349651 -1.35878
1.07461 0.539553 -0.261056 1.58507
-4.30953 2.69382 -1.79938 -7.10518
0.979935 1.03628 -0.587062 1.66232
-6.13323 0.456051 -0.834298 -5.17126
0.232754 -1.06764 2.4538 -0.043102
1.39017 0.945714 -0.362337 1.87851
0.232345 1.27255 -1.61025 0.402089
-0.443106 -1.30671 2.54687 -0.630613
-0.379372 -1.08169 1.34441 -0.159633
-1.05655 0.279227 -0.170973 -1.3549
-0.832572 1.40289 -2.18065 -0.485304
-1.54244 -0.207872 0.352147 -2.36437
1.30372 0.262406 -0.713718 1.49083
-2.10794 0.104678 -0.290854 -2.08668
-1.86667 0.358507 -0.201721 -2.36352
2.45074 -0.660316 0.097083 1.60875
0.666954 4.27553 -4.04134 0.693496
1.10021 0.950099 -1.11295 1.39583
-1.04139 -1.07802 1.46668 -0.87502
0.443918 -1.48486 2.28523 0.20083
-1.03674 0.222006 -0.398908 -1.41413
-0.113814 -1.07006 1.95886 -0.318847
-2.0956 0.197101 -0.298658 -1.21586
-0.089594 1.0846 -1.72114 0.141823
1.19899 -0.550503 -0.068411 1.9866
0.95149 -1.08036 3.46013 0.228548
-1.04209 -0.228427 0.321822 -1.38724
-3.34484 0.171135 -1.20136 -3.67401
1.18127 -1.9996 3.08145 0.632926
-0.112369 -1.21213 1.20138 -0.012898
-6.92965 -3.64246 2.51063 -2.68897
2.51805 -0.090532 0.139343 1.61555
-0.94609 -0.923081 1.48554 -0.792644
0.133945 -1.06988 1.98859 -0.094075
1.25778 0.569337 -0.515342 2.95972
-6.27298 0.393904 -2.63807 -10.454
-0.866749 0.811222 -0.861867 -1.40419
1.77784 1.97334 -2.46737 1.06912
0.432065 -1.10391 1.72849 0.093481
-3.93041 0.342241 -0.437337 -1.80212
-0.193532 1.52814 -2.44881 0.734428
-0.498092 -2.09612 1.9315 -0.64145
1.02158 9.57113 -6.82968 0.601346
1.16672 0.20603 -0.449321 1.19813
-0.159605 -1.49939 3.79151 -0.873099
-1.68456 0.671153 0.495373 -1.70372
-0.604264 -0.90848 1.10394 -0.967907
1.4753 0.202696 0.053922 1.6783
-0.589727 -1.32495 4.70808 -0.317206
0.347965 -1.02997 1.47978 0.305863
3.54536 -0.441884 0.525164 1.71788
1.35568 -1.44583 2.36208 0.814374
1.41932 0.623988 -0.608781 3.60947
-0.082701 -1.36527 2.01066 -0.14314
1.02612 -0.211953 0.285066 1.24596
1.09723 -0.574777 0.946632 0.992892
0.626366 0.899458 -1.62011 0.657397
-0.141767 -1.36509 1.9229 -0.415999
-1.13018 2.50984 -3.16334 -0.945202
1.30868 -0.351759 0.343414 1.02827
0.179025 -1.21712 1.54712 -0.041215
-1.32642 0.420483 0.168522 -3.13223
-3.69997 1.60563 -0.44955 -1.87306
1.06717 -0.457533 0.847262 1.37422
0.066544 -1.1197 1.44981 0.00109
-0.16642 1.08233 -2.14719 0.073446
-1.18807 0.210281 -1.18362 -2.669
3.21549 0.49985 -2.2807 1.99753
5.08952 -2.6709 3.44096 3.92293
6.03114 6.19958 -6.64064 7.37303
-5.04289 -22.9694 33.0136 -5.31598
0.63583 1.30954 -2.16565 0.894649
-0.805654 -1.5529 2.43043 -0.226135
-1.55862 0.826254 -2.91417 -1.12912
-0.618729 -1.16118 1.69666 -0.293802
0.473082 1.10917 -2.1199 0.720417
-0.318547 -1.36785 1.59985 -0.167422
-0.174431 1.31494 -2.32103 0.046313
0.919959 0.490581 -0.670747 1.33105
1.67476 -1.11853 1.2421 0.93847
-2.14476 -0.489763 -0.267724 -4.24427
1.50127 0.116705 -0.222423 1.1384
0.397877 0.990079 -1.0591 0.344121
1.2898 -0.564976 0.621318 1.52405
1.10519 -0.172233 0.227467 1.65783
1.66273 -0.646133 0.735449 1.87416
1.30165 0.046169 -0.459051 2.5618
0.36877 -0.998981 2.75057 1.2014
-0.465501 -0.96321 1.06141 -0.42927
1.53802 0.692855 -1.01424 1.27854
-0.056588 -1.09124 3.30722 0.095532
0.178538 1.12648 -1.26618 0.462889
2.6028 -0.102023 0.200014 1.66957
-0.38326 -1.21755 1.74894 -0.11365
-1.12226 0.103318 0.270893 -2.89894
1.64391 0.528663 -0.880695 1.57258
5.75975 0.438555 -0.162074 5.59102
-0.124727 -1.20219 1.41713 -0.454707
0.81352 -1.42514 2.3622 0.337186
-2.82415 -7.56627 19.5036 -3.94552
-0.723392 -1.63112 3.54909 -0.458275
-3.57428 0.247867 -0.072412 -2.87627
-1.06936 -0.079697 -0.00445 -1.17242
1.09353 0.231119 -0.389213 1.29137
-1.38134 1.44672 -1.99117 -0.494947
1.54991 -0.072766 0.171011 1.25823
-1.39254 -0.327659 0.798588 -1.13164
-0.762217 0.861852 -1.8893 -0.681375
1.31987 -0.591334 0.583738 1.2799
0.193079 1.97816 -2.72962 1.74572
1.26427 2.29646 -3.34253 2.44536
0.16202 1.07933 -1.43545 0.425287
0.282626 1.07354 -1.39741 0.185738
-0.238516 1.09557 -1.84652 0.010968
-0.810191 0.696716 -0.734948 -1.23175
1.2797 0.132312 -0.384278 1.98611
0.125086 1.05488 -1.76731 0.181808
-1.89023 -0.237548 -0.243708 -4.10403
5.43514 -0.625921 1.71551 5.43721
1.08007 0.256507 -0.407798 2.88942
1.41436 -0.539076 0.857672 1.02871
0.139982 -1.06842 1.65975 -0.012758
-0.954262 0.917382 -1.65121 -5.52134
-0.803491 -1.17532 6.17612 -1.33691
0.541579 1.16758 -2.18806 0.354497
1.26608 0.606637 -0.66634 2.53137
-0.919171 -1.00397 0.605398 -1.72751
-1.20616 0.071156 -0.66063 -1.463
0.045761 -2.16592 3.11787 -0.753006
-1.81611 0.370003 -0.300838 -1.26205
1.03921 0.831657 -1.45208 0.635785
1.40404 -0.054507 0.353867 1.37681
1.60315 -1.33538 1.98002 1.18324
2.71631 -0.425146 0.243716 1.63578
-0.332764 1.13725 -1.31664 -0.354852
-0.744737 -1.77796 2.56417 -0.248011
0.883349 0.595885 -0.746187 1.02036
1.04141 -0.356299 0.513629 1.19361
1.09635 -0.389824 1.80968 3.76159
0.983162 0.430718 -0.472136 1.33832
0.012439 -1.09642 1.78835 -0.354242
-1.8274 0.338979 -0.507307 -1.59312
-1.06744 0.402025 -0.453021 -1.36522
1.09076 -1.10679 0.998353 1.05276
-1.83849 0.789888 -1.07701 -1.11018
-1.85671 0.060804 -0.231558 -2.21523
1.33674 -0.17608 0.033026 1.36036
0.333074 1.64417 -2.92329 0.037448
1.57631 0.095638 0.149112 1.78518
4.17882 -1.18018 1.16423 6.79666
1.90223 -1.1433 -0.032769 2.06386
-2.40519 -0.396369 -0.061706 -4.04845
-1.16198 0.438396 0.089312 -2.69331
2.25853 0.44833 0.025107 2.56152
1.14255 0.348898 -0.291349 2.12851
1.3739 0.299829 -0.885961 1.09831
1.32912 0.407217 0.482896 1.98646
4.11425 -0.970576 0.93944 5.42214
-0.986301 0.549547 -0.472753 -0.979493
-1.0315 0.27669 -0.210229 -1.19655
-0.189943 -1.24104 1.65641 -0.138301
1.13221 -3.63013 8.55125 1.941
0.683067 -1.48091 3.40874 0.0287
0.561062 0.932342 -2.20931 0.726007
-1.10548 2.47912 -3.6629 -0.851242
2.89823 -0.09246 1.03535 9.70629
-0.544508 -1.60398 1.57332 -0.093805
-0.058753 -1.10024 1.64307 -0.130583
-0.307905 -1.14468 1.17567 -0.177113
-1.42878 0.219696 -0.523615 -1.33124
0.245022 1.58269 -1.77949 0.041374
-0.753643 -1.21327 2.42214 -0.647578
-1.02206 0.218087 -0.405845 -1.40879
4.95513 -1.37779 1.3306 5.38791
-0.768484 -0.739912 1.1669 -1.17097
0.418137 -1.41251 2.08993 0.115088
1.0365 -0.34665 1.00939 2.37427
-1.94226 0.595546 0.298791 -2.37766
2.91778 -0.098141 -0.003643 1.93264
1.41795 0.523996 -0.563937 1.6799
-1.12284 -0.288355 0.788013 -1.33061
1.40001 -1.57154 3.28588 0.864235
1.28794 0.354415 -0.629909 1.3128
1.22313 -0.327674 0.615042 1.09101
1.54013 -0.856989 1.74231 0.861157
1.12111 -0.086632 0.227463 1.20867
0.284936 -1.23899 1.19929 0.088659
1.57721 0.426165 -0.772385 3.04926
1.19402 0.695786 -1.18389 0.862929
-0.192799 1.05072 -1.07555 -0.120277
0.862818 0.716272 -0.93797 0.924571
-0.135955 1.49005 -1.26199 -0.18965
0.202103 1.28963 -1.70142 0.118557
-0.531498 -1.40966 1.95201 -0.402964
16.8756 19.8728 -47.3649 14.1958
1.66665 -0.029721 0.810147 2.34024
-0.328829 -7.83113 10.8251 -0.724356
0.112555 1.09658 -1.26498 0.147592
-1.10946 -1.09672 2.19565 -0.834372
1.19386 -0.243936 0.216204 1.05264
-1.86186 0.153628 -0.004121 -1.0848
-0.680743 1.30025 -1.92752 -0.079449
0.596867 -1.74116 7.13642 0.398726
-2.91584 0.555654 -0.32877 -1.84546
1.45502 -0.83973 -0.512694 3.98672
0.892416 1.14515 -1.48888 0.623385
-1.34733 -0.474629 0.687686 -2.1229
1.25384 0.908881 -1.58928 1.44444
0.766575 3.93785 -4.70873 2.1552
0.182845 -1.3406 1.14402 -0.078328
-0.080185 1.23958 -1.23958 -0.080185
2.99502 -6.40887 8.61713 4.98887
-2.4294 -1.76724 4.02498 -2.85901
-2.55872 -18.0516 21.0415 -4.33912
0.644117 -1.26845 0.959861 0.563971
0.853601 1.53785 -1.51794 0.894471
-1.15089 0.14218 -0.046233 -1.10283
0.920697 1.26605 -0.93621 1.43918
-2.13269 0.7922 -1.19877 -1.43724
0.170946 1.24112 -2.24423 1.57698
-0.194432 1.05516 -1.23322 -0.093706
0.069998 -1.16525 1.16525 0.069998
1.83199 -0.515788 0.209192 1.0497
1.1876 -0.244686 0.008857 2.07006
1.54591 0.286359 -0.190259 1.7371
1.03978 -2.45815 5.12223 0.256131
0.494488 -1.08715 1.37731 0.287016
-1.06176 0.161409 -0.331267 -1.34544
0.348032 1.1273 -1.92319 1.46164
1.01357 -0.855506 1.00189 0.876674
2.02381 -0.155897 0.197624 1.78971
-0.043699 -1.39369 1.90039 -0.058422
1.42129 -0.988447 0.65502 1.36894
-2.78639 0.177627 -0.135867 -2.12636
-0.563281 1.40864 -2.23731 -0.477962
0.305921 1.18249 -1.25067 0.000166
1.06542 0.023409 -0.096869 1.27935
6.57081 0.969597 -1.65436 3.71453
0.168493 1.23779 -1.25319 0.203102
-5.23765 -2.22856 3.22275 -5.8552
1.61118 -0.307871 0.246516 1.29332
-0.296944 2.12123 -3.46406 -0.233499
-1.92981 -0.484167 0.583876 -3.63213
8.45397 16.0028 -27.5348 5.55891
-2.37883 -0.098066 -0.005028 -1.65076
1.1657 1.06348 -0.757624 1.78081
-3.11069 0.556078 -0.397918 -1.93582
-0.114826 -1.09349 1.1312 -0.15693
-0.27589 -1.33834 1.30378 0.227998
-0.12544 2.96759 -3.1757 -3.40562
2.15677 -0.497731 0.578181 2.09872
0.872586 -1.72864 4.19213 0.180561
-0.227618 -1.24609 1.18319 -0.544449
-0.870325 -1.11386 3.09923 -3.04132
1.3424 -0.2246 0.240575 1.3607
-2.52737 0.239031 -0.187519 -1.63736
-0.764366 1.16024 -1.96371 -0.011626
1.29255 0.128167 -0.093511 1.51993
-0.336942 -1.21954 1.24211 -0.176226
-7.80286 0.247781 -1.21707 -7.84022
-0.782316 2.65871 -2.31971 -0.686222
1.78538 -0.29886 0.400101 1.30931
-1.53646 -0.180595 -0.264106 -1.22104
0.12858 -1.40282 1.9655 0.040524
-2.17098 1.34072 -1.75205 -2.85116
-0.766871 0.778751 -0.955576 -0.745308
-0.29174 -1.05366 1.11056 -0.341889
-0.456857 -0.94613 1.36678 -0.637443
0.842477 0.803667 -1.42438 0.738868
2.87309 -1.74897 3.65264 2.70824
-2.10055 0.777757 -1.04911 -1.98401
-1.80778 0.123767 0.076357 -1.11103
1.05112 -0.293451 0.293451 1.05112
0.428524 1.40639 -2.84026 0.179951
1.31505 0.067681 0.740979 1.52558
1.67868 0.906474 -1.59956 1.52884
0.404387 -3.02821 12.7995 3.17597
-3.57998 -4.26607 4.94061 -0.999973
-1.88001 0.511209 -0.885441 -1.45038
-0.440265 -1.84886 2.82083 -0.53602
0.757786 4.58042 -4.10035 0.46082
-1.60533 -0.527559 1.43683 -1.31583
0.115016 -1.07753 1.67106 -0.017871
1.29457 -0.256611 0.432254 1.44271
0.089821 -2.23942 2.77901 -0.708017
-0.047335 -1.21843 2.06255 -0.080003
0.184151 1.32928 -1.26971 0.528432
0.308502 -1.14432 1.66516 -0.007793
-1.02242 0.27887 -0.491413 -1.55603
-1.77657 1.18175 -1.65914 -2.00588
1.27386 2.48683 -1.41425 1.923
-0.98913 2.62071 -7.94067 -1.3218
0.305456 -1.08921 2.89686 -0.030426
3.99934 -1.50143 2.58275 3.74577
1.51736 -0.580039 0.64358 1.00308
0.747211 1.59785 -3.42969 2.18543
-1.78789 0.088519 -0.316256 -1.41721
2.15727 1.27551 -0.512583 3.46734
1.30581 -1.10806 1.04235 0.94263
1.13548 -0.120341 0.474949 1.80674
1.14766 -0.110334 0.358278 1.25128
-0.666566 -2.09453 2.30496 -0.247379
0.182587 -1.09582 1.60278 0.160524
0.293204 -1.7323 2.3443 0.221553
0.585291 1.0362 -1.79558 0.408303
-2.79755 0.2773 -0.205229 -1.91566
0.475885 8.77252 -9.91583 0.793434
0.891872 0.979546 -2.19751 0.478534
0.030322 -1.11918 1.2873 -0.038444
0.953619 1.32205 -1.75197 0.958718
0.742166 -1.57675 2.74887 0.619416
-0.610087 -2.49049 4.39169 -0.852344
1.96321 0.172382 0.087317 4.46644
-1.82169 -1.71716 2.62656 -2.80213
-0.333984 -1.1504 1.96439 -0.11798
-0.39379 2.43246 -1.96923 0.201733
-0.10858 1.35098 -1.66043 -0.026376
1.03774 -0.596041 0.86825 0.951994
0.360051 4.08667 -3.62271 0.49443
0.824209 -1.31344 2.19845 1.67836
0.211075 1.02071 -1.61147 0.350379
0.415139 1.52947 -1.62904 0.237069
-3.66142 -9.13295 12.0492 -5.21325
0.224601 1.03586 -1.79944 0.331535
1.41653 -8.04633 11.4751 0.530314
7.3725 -2.98764 2.56371 5.44268
-1.55043 0.876195 -1.17529 -0.753251
0.614254 0.974478 -1.88802 0.477534
-0.603192 -1.08934 1.71806 -0.887285
0.04799 -1.05576 1.05576 0.04799
-0.064996 -1.89268 3.31033 -0.469775
-3.21681 -0.03002 0.783975 -1.94988
0.987912 -0.874778 0.87618 1.2881
-1.43639 -1.53734 2.26798 -0.958831
-0.715771 1.06324 -1.11846 -2.32576
-1.04279 0.322401 -0.206937 -1.11288
-1.41453 -1.15618 1.63459 -1.15343
1.0572 -0.379177 0.569959 1.06098
0.974971 -0.456369 0.909733 1.54203
0.383061 1.20967 -1.29951 -0.041938
0.615133 -1.41731 2.24173 0.189723
1.24518 -0.544339 1.4838 1.39297
-3.15286 -1.69439 1.00281 -4.45112
-2.71655 0.423565 -0.24109 -1.63619
-2.98291 0.121927 -0.316213 -3.28539
1.31725 -0.016542 -0.107151 1.11727
11.5838 -1.1589 5.97265 15.9216
2.57572 -0.19587 0.393087 1.36091
-0.012384 -1.30872 1.40525 -0.680841
1.47931 -0.41256 0.381164 1.28419
-0.063611 -1.08211 1.61803 -0.326164
-1.31026 -0.184766 0.134618 -1.43563
-1.00238 -0.362489 0.478973 -1.50928
1.11103 -0.016837 -0.233188 2.92765
2.54459 -0.285632 0.214851 1.49976
-1.06902 0.152658 -0.168669 -1.07061
0.514217 -3.26297 3.11534 1.66378
0.285557 1.29948 -1.42094 0.182996
-2.72611 0.387739 -0.228456 -1.74023
-0.285524 -1.06403 1.64771 -0.127035
1.19539 0.768995 -0.30486 1.69584
-0.207202 -1.81625 1.26285 -0.576381
0.291452 -1.1988 1.21076 0.04811
0.087686 -1.10184 1.45217 0.008773
0.301532 -1.436 1.91411 0.513993
-4.35853 0.007358 0.869748 -2.40651
2.51855 -0.164308 0.31921 1.18941
4.1066 -0.56947 1.44993 4.82247
-3.44416 0.025708 -0.288799 -1.88876
-1.60525 0.30734 -0.79206 -1.1
1.44991 4.9237 -8.91254 1.18997
2.08147 -0.715173 0.97168 1.51045
0.293547 1.62375 -1.835 0.057421
-0.382028 -1.14783 1.68605 -0.210117
1.12077 1.79111 -0.998047 2.31483
4.14164 6.3263 -6.59011 5.22368
-1.78771 0.427706 -0.05519 -2.10443
1.65672 -0.21404 0.280277 1.15892
0.245942 1.21071 -1.25215 0.676502
-0.013562 1.46658 -1.83668 0.05227
-0.653203 -1.08002 2.26155 -0.554425
1.49914 -0.168062 -0.0553 1.57114
-0.210452 -1.22306 2.10629 -0.145904
1.26261 -0.191571 -0.101394 1.38015
-1.91945 -1.53892 1.72232 -0.236657
0.233144 1.2349 -2.08255 0.198285
-1.81079 -0.069708 -0.518562 -1.40544
0.022233 -1.3108 2.19909 0.080724
-0.120449 2.05066 -7.47046 -0.431097
1.24056 -0.467007 1.36438 1.28852
1.00645 -5.19262 5.26975 1.3549
-0.475688 -1.57984 5.44642 -0.005248
0.404358 1.10772 -1.29122 0.18578
-2.02462 0.472398 -0.314299 -2.17853
0.455285 1.5444 -1.80297 0.140819
-0.55773 2.2757 -2.68496 -0.500967
0.501487 -1.42551 1.60081 -0.306756
-0.1578 2.08096 -2.66432 -0.051132
-1.96476 0.392699 -1.12555 -1.95592
-0.149045 1.22999 -1.35296 -0.038259
-0.415186 -1.0986 1.63007 -0.521696
-2.66681 0.627777 -0.827214 -2.21867
-0.768673 -1.11229 1.11449 -1.24894
-0.416342 -1.04224 1.79451 -0.355506
-1.53518 -0.212708 0.784185 -1.18851
1.90527 -4.96031 15.1417 3.30265
0.257777 3.36291 -2.58506 0.503646
-1.04649 0.81777 -0.651422 -0.934998
0.828496 0.871679 -1.44498 0.617943
0.631902 -1.25931 6.08348 0.052437
2.38651 -0.239075 0.591721 2.0182
-2.672 -0.068055 -0.093777 -2.46436
-0.921477 -2.44139 3.39664 -0.517286
1.06442 -0.411339 1.01111 1.47329
-0.21433 -2.18303 2.1445 -0.39437
-0.220623 2.17333 -2.42704 -0.087583
2.03395 -0.220352 0.247061 2.05948
1.09964 -0.317188 0.245085 1.16127
-1.08426 0.772369 -0.66979 -0.87825
-0.788843 -1.13244 1.50532 -0.398958
-63.6335 17.3678 -20.9907 -40.4837
-2.15786 0.202389 -0.295732 -1.27363
2.8531 0.49674 -2.87222 3.35157
-0.212901 1.90869 -1.76242 -0.2264
-1.92384 -0.238876 0.301002 -1.90454
3.4207 0.432208 -0.621819 2.08982
3.02603 -0.564155 0.545802 4.56831
-3.51303 -5.09826 8.3332 -3.28534
-0.306178 1.36837 -1.48115 -1.57888
-1.81986 0.331498 0.28668 -2.05027
-0.028881 1.12044 -1.63591 -0.243767
-1.31186 -0.570727 0.289015 -1.49686
1.04129 -0.25926 0.502909 2.01303
0.227761 1.28907 -2.63133 0.072143
1.16815 -0.333207 0.694308 1.0601
2.09161 0.381094 -1.18169 2.04615
2.19888 -0.284938 0.331531 1.83982
-0.636815 -1.02184 1.50571 -0.443071
-0.926518 -2.07852 1.70265 -1.89566
1.71272 -0.173337 0.576625 1.37029
-2.36877 0.14207 -0.184165 -1.58957
1.29984 0.028521 -0.092513 1.07198
-1.24516 -0.052259 -0.135845 -1.16806
5.50331 -0.334973 3.49802 4.64958
0.118168 -1.24098 1.3584 -0.084197
-1.62079 1.45414 -1.37817 -1.56159
0.788045 -1.66764 1.40644 0.979737
-1.12972 -2.41175 5.72657 -1.21489
3.57299 -1.53183 0.067977 2.98446
1.60014 0.916894 -1.37606 0.641347
0.426497 -1.11914 1.15655 0.25455
1.05508 -1.15173 1.36064 0.43136
1.06492 -0.129972 1.13022 4.39025
1.20384 -0.437117 0.789358 1.7448
0.812207 5.13639 -7.00016 0.509954
0.205338 -1.48903 2.23123 -0.559566
-11.4417 1.69048 -2.48141 -9.68783
0.3339 1.06446 -1.06446 0.3339
-1.18727 2.1196 -4.40794 0.479967
-1.06496 1.32319 -1.08395 -1.97396
-0.885376 1.12759 -1.00949 -0.747163
-0.267502 1.47344 -2.1599 0.266545
-0.327366 -1.0844 1.18052 -0.718258
-1.26961 0.370137 0.192306 -1.4641
0.279698 1.04633 -1.27754 0.172438
-1.1667 0.046385 -0.009618 -1.2612
2.28296 0.016824 -0.223005 3.34593
-2.14502 0.271218 -0.092015 -1.38374
-0.932357 -0.858953 4.89164 -1.23965
4.86639 0.371368 -1.57649 2.70684
0.263955 -2.9283 11.9877 -2.66977
-2.31309 0.334635 -0.56598 -1.97145
1.07916 0.614797 -0.449407 1.98921
-2.55754 -0.599442 0.335475 -2.54873
-2.5977 -0.680814 2.06581 -2.47522
0.078089 2.81895 -2.87142 0.808493
1.7525 -0.173512 -0.347313 1.20378
-0.1743 2.02433 -4.36949 -0.059317
0.806758 -1.23477 2.71715 0.506364
0.791511 -1.10236 1.02538 0.778038
-0.692386 -10.366 11.7849 -0.844827
1.57094 1.97537 -3.15628 -0.308852
0.984882 1.10143 -1.19686 0.870619
-0.131403 -2.77966 4.29829 -1.28864
-8.53361 0.731775 -0.595592 -4.95019
-1.58394 -0.203517 -0.391137 -1.42088
0.370906 1.62688 -1.8422 0.165637
1.48028 -0.64987 0.806976 1.17062
-1.9796 -0.014845 -0.845798 -1.50089
0.416132 -1.28519 5.47621 0.120133
-0.21759 -1.11229 1.08223 -0.129351
1.51379 -0.336744 0.677516 1.21598
1.28603 0.762768 -0.188066 1.67323
-2.10438 0.239591 -0.28302 -3.22463
-47.9296 0.746045 -5.34996 -44.8979
-0.370368 -1.3994 1.44554 -0.008191
-1.2217 -0.543571 -0.121611 -1.69583
-0.863455 -0.861943 2.09963 -0.932901
0.864012 0.80814 -1.31484 0.687871
-0.100167 -1.44043 1.56935 -0.398838
-0.105065 1.50359 -5.71119 1.51274
-2.2881 0.171314 -0.012694 -1.24807
-1.37112 -0.023355 0.022103 -1.06869
0.861191 1.09759 -1.57897 0.405399
-2.22151 -0.483902 -0.607567 -2.29245
0.865188 -2.30173 3.95721 1.016
-0.100047 -1.0403 1.70658 -0.049628
-0.656064 -1.48849 2.00012 -0.376078
0.072596 -1.23996 1.84956 -0.126811
0.05172 -1.21904 5.95592 0.034331
-0.021708 -1.08567 1.61869 -0.000575
1.23084 0.232173 0.065983 1.30335
2.51772 0.175779 -0.178916 1.55221
-0.249831 1.223 -1.17764 -0.064482
1.03803 -0.287704 0.458705 1.30747
-0.226424 -1.08634 1.94795 -0.444561
0.103192 1.32519 -1.0759 0.047608
1.19876 0.997654 -0.4566 1.58684
-1.1918 1.89002 -2.54707 -0.205504
-0.084246 -1.09653 2.1275 0.202587
0.160947 1.12715 -1.29578 0.072944
2.15968 -0.150971 0.067157 1.71203
9.39275 -0.666323 1.28117 9.11168
-1.49364 0.219766 -0.261457 -1.2332
3.31034 -0.194982 0.955727 3.37575
0.090874 -1.57271 2.29325 -0.038353
0.278239 -1.08519 1.96584 -0.000546
0.226893 -1.16562 1.61664 -0.103771
2.22157 -0.281599 0.230293 1.74694
0.055581 -1.11436 1.51105 -0.192061
1.11915 0.306082 -0.546257 1.16006
-2.15792 1.36545 -2.1429 -1.78119
3.90449 -2.64706 4.28974 5.35504
0.839986 -1.39904 2.14444 0.299507
1.83954 -1.49869 0.611181 2.38069
0.094396 1.95442 -2.02974 0.121939
0.440986 -1.16355 1.79038 -0.118533
-4.83657 -3.94121 2.5816 -6.57192
-2.49704 0.251516 -0.600014 -4.81339
0.259507 -1.36471 1.84248 -0.003675
-0.206029 -1.30204 1.25571 -0.389178
1.35853 1.31704 -0.777742 1.74095
0.284443 -1.68992 2.26181 0.04783
1.14077 0.403649 -1.02837 1.22563
0.535022 0.951618 -2.20563 0.775487
3.28541 -0.187935 0.688843 2.55888
0.864325 -1.29697 1.06669 0.898179
-1.34527 1.75459 -2.51525 -0.41317
-2.10335 0.251289 -0.270532 -1.28055
2.28048 -0.285462 0.220395 2.04365
-1.49258 -0.06987 0.158753 -1.05508
-1.31456 -0.017428 -0.118625 -1.34825
0.49087 1.15266 -1.08711 0.544154
-0.334671 -1.48935 1.85872 -0.569492
2.04023 -0.300157 0.151213 1.56296
-2.34976 0.227696 -0.675851 -2.02374
-1.01266 -0.629278 1.46899 -1.10779
0.250614 5.02129 -9.87702 0.230512
-2.56923 1.29114 -0.761503 -1.98514
-0.778091 2.56712 -3.54319 0.003692
5.02423 6.01825 -5.67167 7.45209
0.298863 1.72763 -2.54884 0.609887
-0.830828 0.92764 -1.07209 -0.557793
0.471209 1.03326 -1.1415 0.641921
-0.997901 0.303698 -0.416389 -1.15802
2.51608 -0.862066 -0.140998 2.42735
-1.33755 0.030652 -0.424839 -1.30438
-1.22676 1.22503 -2.24747 -0.980794
2.80939 -0.223803 0.471637 1.58618
0.335208 1.15526 -2.29527 0.660124
-2.15004 -0.900147 1.08946 -1.87175
0.830058 -1.22291 2.57877 0.428115
-1.51439 1.95852 -8.18053 -0.300921
-1.18365 -0.330981 0.455392 -1.52712
0.026987 1.05649 -1.78885 0.102021
2.78731 -0.627194 -0.205147 5.9659
2.36277 -0.220568 0.30738 1.47055
-1.04005 0.464297 -0.251555 -1.49319
-0.407769 1.08979 -1.56294 -0.431777
-0.982417 -0.418359 0.519273 -1.14199
-1.00821 -0.734811 1.29437 -0.813733
-0.837193 -2.04718 2.0924 -0.922628
0.078331 -1.0885 1.45762 -0.14928
1.06555 0.248861 -0.248861 1.06555
5.00695 -0.630441 0.295719 3.93116
0.838055 -0.733914 0.637142 0.855304
0.277554 1.22414 -1.34475 0.025375
1.30758 -0.327052 -0.217838 1.9403
-137.485 -61.8063 14.6222 -306.329
0.561764 2.76877 -2.55141 0.752537
-1.0568 0.090078 -0.129947 -1.19908
-1.15811 0.184478 -0.136716 -1.1601
0.305847 -1.12781 1.57822 -0.080594
0.271374 1.25614 -1.56028 -0.249704
0.775586 -9.10514 11.8709 0.484175
0.274701 -1.07342 2.50575 -0.022746
-0.307936 -1.01727 1.1411 -0.331548
-1.38944 0.004565 -0.135482 -1.26046
-0.313072 1.33823 -2.52273 0.08168
8.63744 -68.6366 73.9104 13.7331
-41.2758 0.448633 -4.63036 -52.0646
3.29445 0.078592 0.118581 1.92607
4.95654 1.91554 -0.883725 13.4163
-0.191019 -1.34128 1.33614 -0.226578
2.1869 -0.247713 0.675045 2.02726
-0.675801 1.78699 -2.6023 -0.806902
-1.06436 -0.114139 0.180111 -1.74562
0.826253 -0.927297 1.47252 0.712112
-0.072576 -1.40915 4.63496 -0.916162
0.145324 -1.0454 4.58564 0.186579
-0.323932 -1.17536 2.76156 -0.673318
-0.113584 -1.16613 2.68598 -0.052287
-0.527163 1.11532 -1.1706 -0.665956
0.609685 -1.66008 3.21363 -0.049329
1.17577 -0.426596 1.02417 1.50508
0.46947 -1.10676 1.3484 0.243856
1.4464 -0.639973 0.943139 0.984615
-0.677611 0.97944 -2.11907 -0.599311
-0.431167 1.35774 -1.31571 -0.581228
1.15126 -0.257371 0.106797 1.58835
1.07727 -0.200778 0.21941 2.46227
0.435926 1.00422 -1.3104 0.298524
0.183164 1.09433 -1.50626 0.112028
0.854745 1.4589 -1.8878 0.678594
-1.43775 -0.800896 3.5458 -1.65698
1.12024 -0.090984 0.390659 1.28929
1.00126 -1.16001 1.26122 0.366681
1.07829 -0.146157 0.29436 1.14603
1.08779 1.24864 -2.24912 0.76525
-3.67339 0.246015 -0.43564 -1.4935
1.04312 1.4848 -2.0466 0.767008
6.41838 6.78993 -7.27062 7.92117
0.321721 1.11292 -1.39255 0.12744
0.225788 -1.09568 1.62508 -0.040016
-0.221987 -1.03529 1.38547 -0.206991
-0.199596 -1.33209 1.33209 -0.199596
-0.18265 -1.03062 1.2362 -0.228583
-2.22729 0.403337 -0.163919 -1.76421
6.15147 0.95851 -2.38227 10.7455
-1.22429 0.175451 -0.430997 -1.18697
1.67412 -0.124042 0.010997 1.04968
-0.999379 -1.15902 2.13214 -1.99348
-0.495326 -1.00856 2.0959 -0.399538
-2.13709 4.01203 -5.89424 -0.883521
1.05951 5.12285 -6.48199 1.18072
-1.04808 -0.392089 0.463016 -2.31188
0.226829 3.85052 -2.68871 -0.075746
1.75028 -0.207681 -0.031189 1.0835
0.126589 1.20653 -1.26197 0.441612
-3.08925 0.23496 -0.218128 -1.58946
0.890488 -0.8878 0.912165 0.683925
-2.2386 0.328874 -0.033288 -1.40253
-0.281604 -1.6225 1.87549 -0.142977
-1.19037 -1.16512 2.59792 -0.489165
1.7136 -0.233431 0.080428 1.58115
0.114325 -9.09417 9.93807 0.572075
-80.4828 -0.268414 0.943007 -77.7079
2.24154 3.97461 -7.66347 0.831175
-0.873348 -0.621696 0.951878 -1.00079
1.59898 -0.189612 0.386052 1.84215
-1.28147 -0.56686 0.318581 -1.45021
-0.379783 -1.55284 5.27244 -1.22941
-0.686975 1.27209 -1.64666 0.070564
-0.992476 1.00665 -0.557868 -0.999508
-0.216801 -1.06232 1.24891 -0.097227
3.41563 -0.211316 0.253886 1.49013
0.2082 1.14546 -1.29138 0.094519
0.683837 1.27431 -1.3745 0.21905
0.14035 1.46119 -2.0182 0.120125
-0.80915 -5.26121 6.64852 -1.20956
0.235419 1.14964 -1.88025 0.13235
2.87694 0.016435 0.314543 2.37515
-0.087205 -1.27173 2.01658 -0.048752
-1.43564 0.34133 -0.25104 -1.48486
-1.62067 1.62007 -1.84091 -0.632041
0.511587 1.44523 -2.19621 0.49108
-1.57893 0.082353 -0.054414 -1.43088
0.393559 2.07755 -2.3479 -0.000146
0.871687 -1.39929 2.11697 0.568083
1.72915 1.17797 -2.21999 1.0249
-1.02481 -2.48149 2.11784 -0.441053
-3.55188 0.304577 -0.316697 -1.82323
-1.37012 0.156571 -0.207098 -1.26119
-0.414203 -1.10869 1.27314 -0.172815
1.0815 0.918308 -0.64356 1.88602
1.18551 0.710365 -1.21612 0.851369
0.897777 -1.06558 1.90695 0.539187
1.48038 -0.224513 0.313737 1.43225
0.484221 -1.49208 0.98027 0.762381
-0.225108 -1.18361 1.9284 -0.537036
1.29438 -0.325054 0.31268 1.3412
3.78194 -1.71506 1.86208 14.5751
0.518906 1.08092 -2.21407 0.218784
-2.28341 -0.271638 1.14413 -4.10398
0.522512 -2.72459 5.08861 -0.203678
-2.336 0.40071 -0.335163 -1.40339
0.462454 1.01128 -1.73474 0.32564
1.22352 0.254354 -0.388299 1.89343
0.170207 -1.02575 2.46265 0.220906
8.23024 -9.72942 18.5253 1.79422
2.44623 -1.50739 0.753956 5.05904
-1.84189 -14.114 22.3714 1.52625
-0.253707 1.07951 -1.32899 -0.125403
1.21086 -0.295547 0.458676 1.55991
1.84788 -0.439891 0.214338 1.5666
0.18954 -1.06694 1.47625 0.566806
-1.17607 -0.043241 0.196411 -1.12724
1.04671 -0.720885 1.02664 2.04004
-0.062449 -1.10051 1.76252 -0.172837
0.47188 -1.18823 1.38086 0.02482
1.12745 -0.195521 0.382604 1.518
2.57091 -0.99771 1.80087 3.09498
-2.26316 0.070784 -0.057764 -1.40922
1.8606 -1.35426 2.47573 0.864629
-1.42484 -0.524909 0.9143 -0.905721
-1.06437 0.970817 -1.29247 -0.549529
-1.09605 -0.059153 0.468924 -2.07907
0.342217 2.79015 -3.77489 0.014533
-0.480015 0.929788 -0.929788 -0.480015
-0.4722 2.30473 -2.24215 0.049128
0.443831 0.997656 -1.84454 0.382966
0.234178 -2.09012 3.55609 0.058409
7.24822 10.01 -11.7955 8.41537
-1.19166 1.40141 -1.75911 -0.938813
-1.73168 0.370814 0.373758 -2.19978
-1.11546 -1.16037 1.80799 -1.02
-1.23233 -1.27568 0.339904 -2.75479
-0.099163 -1.13576 1.32497 -0.118578
0.605256 -14.0165 7.97115 1.78622
0.456789 1.13804 -1.95001 0.085365
-9.64914 2.59746 -5.70773 -8.50731
2.92237 11.7155 -10.7782 2.52227
-1.04025 0.185733 -0.36219 -1.30015
5.41733 -1.34081 1.8462 2.37329
-0.57974 -2.24033 3.54121 -1.38237
-1.39623 -1.18687 0.560578 -1.77765
4.9529 0.191955 2.5524 4.19314
-1.16787 0.153013 -0.310931 -1.09267
-1.25567 0.086192 0.029976 -1.34155
1.3562 1.58105 -1.63922 1.43296
0.330728 -2.00042 1.75562 0.278854
4.16878 -0.658878 0.658878 4.16878
-1.75967 0.335595 0.483434 -1.85146
1.08849 0.177651 -0.396747 1.33108
-0.497602 0.946098 -1.55764 -0.761342
11.9862 -13.7057 12.1303 10.4032
-0.361716 -1.19415 1.78832 -0.38359
2.27846 0.326998 -0.645063 1.45177
-0.12169 -1.33965 1.82561 -0.094622
0.344154 -1.19882 2.41786 0.088546
1.16693 3.38877 -6.4436 2.89147
0.262149 1.19978 -1.27119 0.013959
-0.015585 -1.38211 1.64735 -0.031134
2.29515 0.236222 0.159726 3.28858
1.19806 0.095404 -0.411018 1.28815
-0.595556 -1.39923 2.19095 -0.159814
0.111179 -4.28557 6.28022 -1.03325
1.04392 2.14257 -0.877801 2.08595
-0.837916 -1.4942 2.60096 -0.273447
2.14798 -1.42822 1.71154 2.18589
-2.00098 -0.191093 -0.31258 -1.62359
8.28327 -1.58297 1.70904 11.8219
-1.71266 0.317245 -0.576889 -1.51281
-0.329834 1.20132 -1.5762 0.192085
1.25901 0.25814 -0.431111 3.1858
2.82898 -0.137103 -0.02101 1.63643
1.21795 -8.86122 11.3837 0.385246
-0.888372 1.0123 -1.23842 -0.894969
-0.995397 -1.08537 1.23234 -1.87215
-1.8437 0.533979 0.368846 -2.49078
0.583513 -1.98591 2.4811 0.295995
-0.030851 2.09855 -2.34376 0.167915
8.80416 -3.60998 2.58767 10.2733
7.29745 -0.438397 2.87493 6.24071
0.790594 3.48899 -3.56856 1.17442
-0.969822 -0.454194 0.505699 -1.02719
3.87516 -6.24652 4.06729 3.13858
1.64799 0.771204 -1.40931 1.01204
-0.885724 -0.560101 0.804712 -1.2748
0.148105 1.06153 -1.52463 0.117045
-0.564655 1.09577 -1.46704 -0.186013
-6.44393 -19.6501 39.4551 -7.3955
-0.188117 -1.02818 2.39972 -0.228959
0.60114 1.01467 -1.05251 0.429255
-1.3568 -1.62675 3.40207 -3.30196
2.01689 -3.243 3.31067 0.789761
-2.72248 0.126036 1.39258 -4.29248
1.29542 -0.41291 0.465347 1.01836
-2.03712 -21.566 29.5062 -5.00054
-0.029526 1.70609 -2.61817 0.01201
-1.0758 -4.14235 3.95643 -1.75362
0.936013 0.956035 -1.51856 1.11276
0.402317 -1.0808 2.41425 -0.045537
0.357886 1.11421 -2.08555 0.337651
-0.009741 -1.07261 1.58226 -0.081316
1.46259 0.009542 -0.200242 1.36987
-0.804006 -0.829235 0.703099 -1.01883
-1.74472 -0.127161 -0.48894 -2.36282
4.08686 -3.69299 7.31286 1.1913
0.316771 1.10395 -2.02406 1.04478
-0.924068 1.63694 -2.57678 -1.61572
0.357548 -1.24757 4.13643 -0.417274
-0.814983 1.05177 -1.743 -0.603728
0.102545 -1.30533 1.37219 0.058008
0.520943 1.05834 -2.09855 0.431535
-0.259009 -1.04302 1.33702 -0.156652
-1.18569 -1.06012 0.309531 -1.70128
1.02749 -0.352076 0.333998 1.08549
1.40496 0.286189 -0.574479 1.41876
0.717764 1.1185 -1.52834 0.3405
0.119065 -1.45028 3.33551 -0.68113
1.09898 0.010025 -0.216971 1.33842
1.12206 -0.459489 0.148477 1.43738
0.361287 -3.41039 3.85643 -0.203764
0.07148 1.20545 -3.4937 -0.082089
1.49733 -0.633738 -0.367352 3.17165
-0.228336 1.53245 -1.52618 0.226421
-1.33079 -0.20661 0.780813 -1.98968
-1.07556 1.09027 -1.0203 -0.564503
-1.9069 0.237133 -0.511366 -1.82508
0.2441 -1.84308 1.96162 -0.676569
0.822279 0.741201 -0.943939 0.789854
1.21626 -0.918848 1.30545 0.694897
1.79114 -0.589596 0.329483 2.0201
-1.14702 -0.033673 0.273973 -1.36519
-0.201505 -5.63449 5.7971 1.98391
-0.279706 -3.73269 8.06952 0.083297
-9.56663 2.24581 -1.95702 -8.79056
-0.581621 1.21862 -1.74927 -0.103621
-0.01184 2.66495 -1.97471 0.093772
1.44746 -3.22362 4.47726 1.11783
-2.67358 0.556018 -1.38089 -1.91639
-1.1691 -2.77337 2.94807 -0.422335
1.56268 1.58552 -1.4553 1.59363
2.58678 -0.292558 -0.090909 1.65752
-0.79335 -0.831522 1.09598 -0.699744
0.12394 2.77008 -3.09014 0.497733
2.65635 -2.79443 1.98519 3.8902
0.760941 0.964957 -1.50103 0.589823
1.44172 0.107449 -0.550283 1.54536
-0.216412 1.13886 -1.50215 -0.112147
-2.31747 -0.289647 -0.727293 -1.90652
1.62552 2.59988 -2.10109 3.55754
2.0026 -0.229829 0.086505 1.50694
3.31508 -0.704804 1.18176 2.39399
-0.952103 -0.923196 0.609576 -1.36517
0.260565 1.17279 -1.22574 -0.056264
0.427479 1.14191 -1.49019 0.217285
-0.261062 2.75167 -3.26935 1.46364
0.075788 1.41688 -1.26156 0.060007
-2.13081 0.36897 -0.263182 -2.02959
-0.763519 0.794234 -1.10079 -0.7308
-1.16856 -0.044078 -0.049762 -1.1522
0.246123 -1.63316 2.01585 0.500609
-0.37821 2.02094 -3.54122 -0.248115
-0.054571 2.15177 -1.87908 0.297399
0.953809 -2.30921 5.50422 1.29974
2.85436 4.10847 -14.6011 -0.366393
2.32501 2.18441 -1.15433 2.27457
6.42529 1.83633 -1.85133 10.0812
0.166994 1.2743 -1.30946 0.201489
1.34612 0.055419 0.583184 2.02467
2.52018 -0.263412 0.047293 1.7393
1.06541 -1.01206 0.742204 2.88257
-49.0572 1.09912 -3.66364 -41.054
3.71092 -0.607083 -0.062927 2.10675
1.51931 -0.07654 0.156657 1.45669
1.02971 -0.472298 0.685884 0.986805
-1.38969 -1.0353 1.50138 -1.20875
-0.814472 0.849298 -1.15705 -1.27811
0.011796 1.16377 -2.70391 0.502616
-1.27536 -0.033467 0.473576 -1.64434
-2.48233 0.502556 -0.139666 -1.67068
1.68935 1.24228 -1.36395 2.02007
0.94025 -0.465798 0.874715 1.42509
0.133725 1.68682 -1.47022 -0.111524
-6.03552 1.20055 -1.7203 -3.09276
-2.0191 0.110275 -0.126746 -1.46197
-0.197481 1.12744 -1.59032 -0.167865
0.477854 1.4815 -1.48145 0.378981
1.47229 -0.595808 0.815291 1.09237
-1.90596 0.108703 -0.263963 -1.13415
-1.52961 0.392458 -0.279735 -1.03908
0.834417 -0.811915 0.76431 1.03472
-0.011255 1.10933 -1.22472 -0.173868
-0.22966 -1.16155 1.27202 -0.517799
-1.29134 0.085366 0.05886 -1.27361
-2.15894 1.26627 -1.85018 -2.93888
1.81276 -0.457609 1.95745 3.95797
1.25185 -0.360731 0.119687 1.08328
0.621094 1.87738 -3.39999 0.208561
1.57048 1.60227 -0.858062 2.23117
1.4762 1.75059 -1.01758 2.37443
1.75049 -0.161364 0.15248 1.9272
1.15921 -0.321277 0.281054 1.2335
0.927182 -0.623902 2.44551 4.88799
0.72366 -1.4607 3.00576 0.303541
-1.57578 0.151606 -0.280099 -1.32173
1.99798 -0.221686 0.108048 1.41097
1.93978 0.299997 0.100895 1.96731
1.18765 -0.291144 0.443026 1.02626
2.6469 -0.321047 0.001356 2.59216
-1.69076 -0.091991 0.598898 -1.21374
1.65586 -8.80779 8.78627 0.793802
0.051413 -1.06544 1.06544 0.051413
-0.347452 1.08109 -1.64269 -0.058851
2.45161 -0.207049 0.20022 1.77195
1.56529 0.32987 -0.686962 1.08406
-4.64909 -0.069012 -0.484434 -4.01947
0.868244 -1.31457 2.77725 -0.394294
0.105406 -1.24767 1.67191 0.177823
0.89718 0.68817 -0.960249 1.04736
-1.39532 -0.300545 0.004981 -1.12449
4.46985 -0.597732 0.092995 3.83945
-1.58166 -1.00517 2.4232 -3.62304
0.840765 -1.13872 0.717172 0.905794
-0.842461 -0.870891 1.5783 -0.638408
3.7578 -0.174609 0.232524 1.98871
-1.11764 -0.214018 0.078508 -1.36108
-0.00238 -2.15097 7.06083 0.070052
-2.90548 0.277401 -0.267652 -1.91515
1.31345 -0.120123 -0.138678 1.13198
-1.96588 -0.013051 -0.008293 -1.91599
0.939673 -0.479457 0.490726 0.962422
1.60843 -0.262201 -0.283501 3.79868
-1.39235 -0.587375 0.539982 -1.63539
-0.01492 1.06254 -1.41718 0.006037
-1.15259 -0.171234 0.25213 -1.20949
-1.4538 1.97928 -2.20181 -1.72659
2.40486 -0.762642 1.34094 4.28301
-2.4247 -0.085714 -0.006379 -1.75924
-2.62469 -2.31624 0.322465 -6.38306
1.42744 -0.474713 0.985422 0.9661
-0.113971 -1.06019 1.55462 -0.142065
-1.3676 -0.273335 0.885426 -1.13306
-0.977878 0.42553 -0.404281 -1.34663
-0.169527 2.85762 -4.45807 -0.192146
-1.21763 0.536611 -0.567173 -0.933034
1.40216 -0.314827 0.438465 1.43299
1.90639 -14.9156 5.78307 6.38644
-1.77022 -1.45872 1.9514 -1.40071
0.180879 1.99587 -2.54799 0.130306
8.47056 -0.434144 3.38744 8.11011
0.008674 -1.26108 1.52554 -0.047308
0.269506 1.05669 -1.91047 0.195933
-1.33079 -0.437135 0.734238 -1.25302
-0.515393 2.72541 -3.46986 -0.055805
1.53829 0.361547 -0.167929 1.4968
1.4453 -0.35663 -0.162997 1.2577
-3.12074 0.560638 -0.782938 -2.64314
0.150285 1.22832 -1.25222 0.187984
0.356789 -1.45371 1.37482 0.257818
-1.13638 -0.04455 0.475967 -1.82007
-2.39954 0.618665 -0.451274 -1.40387
0.223574 1.04537 -3.89329 1.00073
-7.23232 0.7354 -1.75927 -9.43622
-1.16516 0.043677 -0.743806 -1.66973
0.310791 1.01745 -1.48201 0.51981
-0.429507 -2.07738 2.03491 -0.66682
-0.772915 -0.909549 1.68708 -0.589888
1.97974 -0.079972 -0.488057 2.74834
1.33257 0.274764 -0.803529 1.14464
1.67626 -0.549673 0.776454 1.53527
1.44356 -0.271788 0.339076 1.28005
-1.09058 0.247725 -0.618549 -1.26462
0.62355 1.42517 -2.09717 0.306877
0.518844 -1.20728 2.62198 -0.012675
0.672674 -1.06079 4.26236 0.254869
0.727999 -0.784921 0.882143 0.952373
1.36424 -0.326134 0.02445 1.61856
1.49402 -0.442362 0.517898 1.89431
0.461848 -4.35409 7.59778 -1.16561
-2.02057 0.16467 -0.003538 -1.1049
-1.21628 0.098213 -0.377117 -1.33701
-0.091981 -1.10365 1.72065 -0.285731
-0.545552 -1.05417 2.24019 -0.298002
-0.147364 1.27573 -1.05243 -0.038272
-0.099248 -1.07136 1.20921 -0.140562
-1.23477 0.02404 -0.108076 -1.09135
-1.23574 0.037196 0.528773 -2.45211
-0.133305 -1.27053 1.34259 -0.491855
-0.273758 -3.50374 2.44541 2.03115
-0.00935 1.94397 -2.07293 -0.080793
1.7973 -1.89556 0.180663 2.79022
8.79726 -1.0188 1.0188 8.79726
2.42045 -2.31112 3.00533 1.8909
1.6959 0.180682 -0.73054 1.30494
-0.108156 1.03052 -1.56534 -0.031813
0.13033 1.17413 -1.17962 0.419065
3.19347 -0.610571 0.994672 2.40911
-0.265328 1.48727 -1.2212 -0.152234
0.925197 1.22287 -2.28695 0.660702
-0.60578 -0.850343 0.927445 -0.710563
0.420166 1.09783 -1.24467 0.198195
0.560267 -1.27383 2.07729 0.452011
-0.30844 1.10144 -1.7466 -0.020106
-1.37277 0.244006 -0.196049 -1.00997
-0.022037 -1.06757 1.7231 -0.05955
-1.0409 -0.233955 0.42665 -1.46959
-1.12516 0.985484 -1.40607 -0.53703
0.435029 1.0121 -1.71231 0.40039
-1.56153 -0.261685 -0.413586 -2.07944
0.933871 0.864512 -0.981283 0.932039
5.79448 2.22277 1.46414 18.0487
4.01247 -0.444924 0.581349 1.95334
-0.365957 -1.10544 2.1594 -0.348625
1.88325 -1.26757 1.83239 1.39071
0.272785 -1.09431 1.88759 0.074792
-2.31322 -3.5095 6.02215 -0.884312
0.304851 -1.02705 1.80589 0.245587
-1.42829 -0.989794 0.792089 -3.67683
1.0193 0.647434 -0.513336 1.12966
-1.30174 -4.20068 6.08378 -2.79201
-1.38614 -0.431248 0.361079 -1.17694
-2.31051 0.477767 -0.233642 -1.51393
-0.265651 -1.582 1.31481 -0.187181
-0.644299 -1.23003 2.22237 -0.273256
-1.02568 0.198372 -0.131271 -1.29263
-0.605699 -1.10594 2.01084 -0.211955
-0.170823 2.29527 -3.66585 0.201948
-0.684392 2.69838 -4.41764 -0.497331
0.74583 -0.789719 1.53168 0.858065
-4.27545 -0.069829 -0.235494 -3.81994
3.01936 -0.593572 -0.385127 3.25768
4.98401 -0.470086 0.300452 2.45215
1.09257 -0.029029 -0.107954 1.87137
1.76702 -2.95795 2.1675 2.5929
-1.36415 -0.358327 0.156451 -1.17079
-0.934692 -0.703253 1.14572 -1.73883
1.94347 -0.065033 0.212994 1.49794
-1.97766 0.11993 -0.303324 -1.05927
-1.17725 0.192223 -0.191606 -1.05068
-0.223341 -1.03578 1.438 -0.372354
2.04257 -0.236123 0.198534 1.0604
-0.060452 1.36481 -1.59145 0.045677
2.07084 0.778783 -1.28401 2.53627
-0.880372 -1.32364 3.70638 -0.852272
3.05961 -0.445304 1.59444 2.87452
-2.00184 0.678505 -1.57713 -1.35035
-1.9066 1.12855 -1.84811 -2.68499
0.731306 -2.2587 4.17562 0.52155
0.392253 1.17314 -1.78923 0.414349
-1.28282 -0.436076 2.46672 -1.79737
-1.13694 -0.028386 0.52711 -2.1223
-5.56363 2.05317 -2.14022 -3.76812
3.16889 -0.468306 1.48302 12.9236
5.22536 -1.36815 1.61981 7.27902
0.254782 2.48227 -2.37877 -0.013504
1.40154 -0.500523 1.49037 2.83026
-2.95655 0.181717 -1.88257 -11.7035
1.59526 -0.165036 0.180628 1.3698
1.01504 -0.268275 0.427797 1.28566
1.29755 0.025025 -0.367621 1.27314
0.233159 -1.09704 1.73768 -0.151919
2.68459 -0.567234 0.960588 1.58234
-1.07134 -0.096776 0.59086 -2.31009
0.430791 -1.06031 1.86547 0.343025
0.488868 -1.33755 2.56068 -0.084748
-1.3056 0.369571 -0.140925 -1.36022
-0.191712 1.09108 -1.0874 -0.125274
1.59863 -1.51329 2.20955 0.752652
1.37769 -0.109871 -0.403924 1.47156
0.932951 0.589165 -0.594354 1.23519
11.4854 -1.54327 12.5963 42.2988
0.084271 1.24369 -1.82193 0.140884
4.14747 0.243527 -0.931367 2.5398
-0.12532 -1.30575 1.5224 0.054873
-1.82183 0.711621 -1.21157 -1.27235
-0.320623 -1.09433 4.96006 -1.15588
10.6898 7.46214 -18.0814 2.92452
0.567375 -1.73337 2.74941 0.847688
3.40418 8.90571 -11.7748 1.29724
-4.19176 0.447817 -1.528 -6.01423
-1.69224 1.81932 -5.89506 -0.858781
-0.459467 -1.06726 1.91245 -0.339292
0.785428 -1.59934 1.5543 0.779206
0.47045 -1.19502 1.27086 0.303072
0.207094 1.11359 -1.36139 0.009305
1.05963 0.614461 -0.965821 0.902353
0.101272 1.21975 -1.85066 0.384149
-3.67853 -9.35898 11.1899 -4.82782
1.81021 -1.92223 6.10819 -0.083734
-6.6767 -21.7306 21.3562 0.55639
-1.26809 -0.009735 -0.09047 -1.24071
1.62468 0.155652 -0.723599 1.2009
1.30716 -0.347663 0.137434 1.08423
-2.74707 1.31918 -1.23744 -1.92229
2.49347 -0.535868 0.570527 3.92257
1.03413 4.34217 -6.78113 1.00982
-1.08703 -2.88046 1.6827 -1.71788
-1.41653 -0.350581 0.70015 -1.03316
0.354271 6.07704 -6.13951 1.52298
-0.544799 -0.967935 1.9087 -0.516215
1.75889 -0.125 0.291018 1.3308
0.585525 1.11256 -2.14248 0.785648
1.45133 -0.20236 0.209631 1.48496
-1.43373 -0.474985 0.522517 -1.69441
0.594029 1.44233 -1.74531 0.462605
1.63236 -0.187428 -0.44586 1.99173
-1.62127 0.971916 -1.07564 -1.17176
0.387554 1.08356 -1.52241 0.189708
-1.34331 0.069007 4.3e-005 -1.22876
-0.940164 -1.43385 2.92017 -0.38523
-9.36789 4.06967 -2.51004 -9.60655
-1.77994 -1.28801 1.97895 -2.31854
1.49475 -0.559404 0.635805 0.933111
0.083801 -1.11068 5.35377 0.037126
-0.479985 -1.13795 1.72447 -0.097591
4.03965 8.35304 -11.5076 3.6535
-1.1137 0.131395 -0.302586 -1.14924
-3.44388 1.29798 -1.9633 -15.3473
0.527244 -1.09217 2.36159 2.55212
2.07429 1.83929 -2.35875 1.6024
1.3342 -0.154514 0.851533 1.31179
-1.39742 -0.183721 0.107969 -1.27493
0.739419 -1.99997 4.03966 -0.116235
1.05332 -0.656175 0.945526 0.933573
1.61884 -2.86225 7.96591 0.601266
1.39205 -0.483784 0.913254 1.53215
-2.16912 0.222744 -0.681289 -2.19644
-1.27248 0.048406 -0.735585 -1.51828
-2.24905 0.300431 0.075395 -1.39581
-1.25738 -4.46068 5.53892 0.63431
-1.99928 -0.027365 -0.159035 -1.89356
0.135426 1.03894 -1.31728 0.162707
-2.68228 -0.967349 2.67936 -1.20057
1.32907 -0.543029 1.26359 1.57554
0.17927 -1.09982 5.3199 0.039945
0.069034 1.66313 -1.53627 0.027286
1.15892 -0.24099 0.300011 1.07653
1.06499 -0.419395 0.136616 1.32358
-0.148987 -1.07906 1.74266 -0.082617
0.344694 -2.03542 6.98811 -0.684971
1.51227 0.264937 -0.315152 1.31164
3.49813 0.208242 1.8863 12.9121
0.314725 1.17432 -1.91945 0.212798
1.11152 0.101893 -0.402701 1.37794
-2.07676 0.337584 -0.267182 -2.25356
12.4026 -4.64013 4.94701 11.4385
-1.00619 -0.850004 1.34897 -0.746007
-1.27151 -0.077419 0.565277 -1.23762
-0.516363 -1.09526 1.90605 -0.225444
1.55532 0.102358 -0.038953 1.81049
-0.818047 -2.25105 4.51135 -1.20037
-1.72432 0.724724 -0.890616 -1.35569
1.519 0.696252 -1.65813 1.40097
-1.53041 0.13002 -0.178567 -1.05145
0.104838 1.20489 -1.27114 0.330139
-1.19018 0.24977 0.051707 -1.22349
-0.008733 8.75293 -10.7676 2.0685
0.654185 -1.67849 2.33013 -0.50326
1.2991 0.711363 0.310399 2.36629
-3.12994 -0.399833 0.508389 -1.86037
1.05005 -0.648419 0.51373 1.21095
1.21793 0.084148 0.096747 1.10467
-2.20208 0.211757 0.607026 -2.53883
-1.51042 1.19148 -1.15596 -1.42343
0.134893 -1.14401 2.03009 -0.239717
-0.815454 -2.34721 5.72384 -1.18922
1.67031 -0.021585 0.835305 1.53509
-0.989122 0.949751 -0.571448 -1.71324
1.49061 -0.182742 0.319345 1.84695
-1.80568 0.174083 1.40975 -2.48289
2.00029 -0.330172 -0.230454 2.68747
0.06013 -1.35138 1.81209 -0.256664
-0.344297 1.55988 -1.39992 0.471128
-0.208459 -1.50464 1.76676 -0.117012
0.146681 -1.05644 1.58132 0.024971
-1.298 0.105589 0.007367 -1.18345
1.43863 2.05134 -1.97995 1.65036
-0.391799 -1.07486 1.70972 -0.492104
-1.23787 0.227089 -0.335037 -1.21419
-4.94346 3.99295 -4.0313 -4.80229
0.574665 -0.871963 1.1136 0.786316
-2.3939 0.281537 -0.087779 -2.82229
-0.128536 -1.30938 1.94553 -0.253632
0.730362 4.68167 -5.89716 0.456645
-1.41452 0.289011 -0.662994 -1.51416
1.3629 0.279324 -0.892646 1.1316
2.56144 -0.470426 0.227402 1.79438
-0.170754 1.82221 -1.49451 0.040646
4.13882 -0.642645 1.05872 4.48057
5.15831 0.036557 0.879597 4.83178
-0.015919 -1.15667 1.34075 -0.059049
2.64783 -0.91185 1.6654 2.83836
-1.43797 -0.00792 -0.1665 -1.65773
-0.593584 -1.67826 2.24362 -0.457611
0.279268 -1.35978 1.40626 0.006588
2.61224 -0.429124 0.590999 2.18161
1.22394 -0.906835 1.30066 0.762009
0.087095 -1.08053 1.38768 0.028144
1.29355 1.12279 -0.544572 1.59029
-0.297508 -1.34003 1.78025 0.514953
0.214624 1.02648 -2.21217 0.46283
0.809522 -0.693441 0.916642 0.923028
1.16604 0.063215 -0.263794 1.20561
2.91525 -1.52881 1.74531 14.4055
-0.944742 -1.97807 2.09982 -0.880302
-2.16492 -2.92814 7.70362 0.203097
-0.035266 -1.06792 1.5421 -0.055889
2.14093 -0.352804 0.477223 2.77541
-1.0787 0.899163 -1.32973 -0.692109
-2.03039 2.2255 -0.28014 -3.47581
-1.30016 0.301573 -0.628303 -1.42826
1.07398 -0.260796 0.264046 1.02376
-1.41819 -1.98687 9.55157 0.124174
-1.72287 0.425275 -0.421247 -1.01623
-1.11556 -0.020612 -0.046641 -1.06634
3.3716 -0.901329 1.03285 2.06
-4.76906 2.00914 -0.997372 -6.27838
1.15074 -0.352062 1.74833 3.65557
1.05843 -0.039169 0.077218 1.13484
2.00724 -5.6684 5.27426 1.243
-1.7414 0.284149 -0.84331 -1.24461
0.327796 -1.18225 1.96076 0.129784
0.500825 1.14618 -1.3025 0.219231
-2.13124 -0.588582 0.327398 -2.06095
-1.17789 -0.100928 0.360744 -1.13683
-1.29922 -0.257815 0.779628 -1.61842
-1.30011 -1.00512 -0.211576 -3.43292
0.30492 1.08685 -1.88386 0.319247
2.27653 -0.145756 0.753749 2.3733
0.492262 -1.20669 0.960373 0.76896
1.06674 -0.273154 0.3443 1.29026
-3.54392 -16.4153 33.965 -7.04385
3.28382 -0.714467 0.872588 2.07683
-0.586911 -1.01614 1.57313 -0.848149
0.013753 -1.17679 1.65832 0.359997
1.16512 1.04174 -1.67121 0.349057
-0.836937 -1.53838 3.35877 -0.718101
-1.3228 -0.124734 -1.06324 -2.31231
-0.636422 -1.12015 1.32897 -0.270428
2.06115 1.52188 -0.962034 1.87391
-2.27221 -5.33082 6.2876 -1.74013
1.9466 -1.17562 1.95538 1.06679
1.39908 0.245275 -0.921015 1.21044
0.820363 -1.48622 1.79404 1.9397
-0.857599 1.20448 -1.72442 -0.517696
0.336553 -2.12817 2.89184 0.166468
1.25363 -2.42548 6.52797 0.365392
-0.185298 -1.17719 2.36903 -1.51237
-5.0721 1.23401 -2.07195 -7.75584
0.380177 1.1064 -1.46947 0.247257
3.6513 -2.03334 1.67131 3.72408
-1.39615 -0.063754 0.272056 -1.31151
1.23278 -0.510299 0.741685 1.17726
1.23556 0.252415 -0.903351 1.28332
0.801262 -0.789884 0.737264 0.808551
-0.041466 -1.10518 1.50745 -0.21536
-1.31773 0.206561 0.365028 -1.4881
1.00966 0.266148 -0.425438 1.78795
0.784367 -1.05918 5.10262 0.376865
1.2429 -0.34535 0.441567 1.00782
1.80773 0.657683 -0.092274 1.28174
-11.8605 -2.59689 6.01297 -14.0959
-1.46958 0.298667 -0.945411 -1.29975
-0.967755 -0.944081 2.2076 -1.03924
-0.430049 1.3381 -2.43172 -0.663971
-1.52554 1.21948 -1.77751 -0.709443
-3.35945 -2.80958 3.6648 -3.2515
1.0166 0.377956 -0.450631 1.78338
0.395265 2.95924 -2.49446 -0.200004
1.82415 -0.001355 -0.338571 1.1295
-1.68566 -1.28377 2.47294 -0.903078
-1.87337 -2.11566 2.464 -1.32481
-0.266021 -1.06359 1.30111 -0.279103
1.93454 -0.705513 0.878688 1.53218
-13.3283 -71.2848 86.8454 -13.4973
-0.524645 1.00297 -1.28054 -0.335452
-6.06586 -1.16539 0.395694 -5.86002
0.917105 2.91482 -2.43822 0.067284
-2.48782 1.50839 -0.968297 -0.878456
2.26035 -3.67579 2.75391 2.97543
1.11514 0.193548 -0.228683 2.14146
2.83612 0.388295 0.475805 5.72105
0.169316 -1.1577 5.70623 0.039063
-1.44894 3.71739 -3.50306 -1.73866
-1.08743 0.07918 0.010188 -1.13969
1.34806 -0.402212 0.53303 1.1503
4.42111 -5.71719 11.9928 1.73555
-0.865064 0.751761 -0.697917 -0.920295
0.402308 0.971507 -1.41184 0.450228
-1.15035 -0.183151 0.230379 -1.14518
5.46751 -7.30591 20.2809 3.29546
0.853806 1.17521 -2.96153 0.789899
0.559516 0.919932 -1.18943 0.540463
-2.05808 0.217268 -0.44183 -1.51981
0.011309 1.08556 -1.93146 0.057999
-1.98904 0.876283 -1.36473 -1.28238
2.72608 -0.234718 0.776063 1.31376
1.49055 -0.15404 -0.047316 1.17485
-1.57754 0.179425 -0.455344 -1.57656
-0.216289 -1.78576 2.76329 0.618038
-6.73282 1.76464 0.330231 -8.21803
1.80814 -0.459529 0.298664 1.74884
-1.26169 1.87439 -3.14077 -0.57248
0.105117 2.08076 -2.9012 -0.264314
1.81472 -0.746424 0.912477 1.02576
-1.21159 0.448422 -0.583734 -0.931872
3.65243 2.34624 -0.977584 3.68187
-0.091876 -1.35352 1.5281 0.102761
-0.209285 1.18684 -1.79636 0.165119
-1.26425 -1.05261 2.02536 -0.835143
0.872861 1.19671 -1.81321 0.672546
-6.39932 0.256566 -1.50688 -2.83514
0.260528 1.36167 -1.86925 -0.306444
-1.01243 0.364911 -0.345768 -1.34677
-1.18764 1.58784 -1.76415 -0.149274
-0.934147 6.55549 -7.0597 -1.51431
0.348605 -2.37016 2.14307 0.079149
-2.61394 1.11807 -0.897487 -1.55702
1.46506 -0.8418 1.07805 2.13282
3.03456 0.236194 -0.848318 4.30007
3.76858 -0.398313 -0.232946 2.65993
0.873114 0.82025 -0.859587 0.699376
0.789405 -2.65073 10.0799 0.32205
-0.901337 -1.111 3.01863 -1.00111
1.9555 -0.265175 -0.108881 1.45765
-1.07831 0.083311 -0.007571 -1.4124
-0.047724 -1.10172 1.8649 -0.010243
3.64286 -0.333408 0.392627 2.37543
-0.000497 1.02918 -2.42993 -0.085035
0.960543 -0.785795 2.2628 4.53125
2.17395 -0.787406 0.577677 1.15988
-1.55626 -0.126175 0.789463 -2.15038
0.881595 -1.4704 3.17916 0.342276
0.17415 1.34805 -1.68213 -0.010851
0.726315 -1.62754 1.32976 0.191991
-2.19577 -0.24536 0.423726 -2.25655
-1.08462 -0.806294 2.43935 -1.54816
1.35629 -0.025443 0.261551 1.83396
0.157771 1.24463 -1.4002 0.097561
0.562534 1.06575 -1.35697 0.22314
-3.0147 5.80553 -4.47244 -3.31251
0.325952 -1.33978 4.62557 -0.464504
-0.723087 -1.58417 2.78426 -0.239034
0.391812 1.30181 -2.72864 -0.858392
2.0903 -0.133645 0.378369 3.48307
-0.857892 1.11145 -1.41217 -0.289428
-2.19431 17.2068 -16.9114 0.019372
-1.21275 0.497314 -0.640447 -0.954597
-0.093597 -1.57904 1.83774 0.159337
1.28291 -0.31629 -0.014618 1.39506
2.69398 -0.209382 0.252779 1.64943
-1.49212 0.569522 -0.655388 -0.916172
0.950471 1.46708 -1.57565 0.605339
3.92437 -0.525922 -0.097258 3.05611
0.656718 1.67179 -1.96369 0.310499
3.38972 7.56223 -11.0541 2.79953
2.86355 -0.235576 0.25849 2.81541
-3.58831 -22.6965 29.6813 -1.74718
0.055177 1.57929 -2.84464 0.120257
-0.107458 -1.06262 1.41117 -0.149384
0.435151 1.09211 -1.62485 0.535134
-1.06018 0.47284 -0.384629 -1.24177
-1.41565 -0.233194 0.543649 -1.18297
3.07244 -0.212498 0.344151 1.4767
0.679921 0.865863 -1.09502 0.58573
1.26012 -4.25102 7.09674 1.04622
1.53642 1.96316 -1.0984 2.20291
1.02065 -0.346374 0.287518 1.14805
2.3724 -0.216863 0.203818 1.95214
0.769647 -7.44918 4.60624 1.49993
-1.09034 -0.16719 0.169719 -1.18243
0.108275 1.05605 -1.42749 0.127052
0.530218 1.15456 -1.96079 0.525673
2.48749 -0.593789 0.293002 3.68387
3.1567 -0.396447 -0.078129 2.70448
0.717252 11.0955 -13.3569 -0.287682
1.95039 -0.781983 0.792856 3.09885
-0.239362 1.22628 -2.1032 -0.115826
-0.524478 -0.908959 2.07742 -1.33365
0.932337 -1.06793 0.926153 0.655788
-0.001309 2.86014 -4.37801 -0.773779
-1.38322 -1.01883 1.3928 -1.01337
-3.57115 0.063288 -0.356052 -3.91044
-0.984799 2.7191 -3.57012 -3.79104
-1.81473 0.188309 -0.292992 -1.19385
0.22832 2.1393 -2.07006 0.353721
0.512779 -1.57491 1.9151 0.010027
0.55321 6.64593 -9.40174 -0.109399
-0.535454 -0.924155 0.924155 -0.535454
-2.65411 -0.154076 1.05306 -2.08043
-0.261913 -4.65854 5.36832 1.11509
-0.027538 -1.20418 2.12085 -0.315129
1.01685 -1.5827 5.10059 0.457938
-0.457378 -1.26284 1.70694 -0.240493
-0.442927 1.97492 -2.75237 0.113876
2.20947 -0.258206 0.310993 1.90162
1.90628 -0.405033 -0.523119 1.9211
-1.56272 -1.44919 1.59005 -0.782057
1.44068 -2.38708 2.957 0.772561
-9.5947 3.38408 -2.3826 -10.8778
0.098751 1.13979 -1.13802 0.046694
0.238417 -4.78968 11.3111 -0.139213
-0.049681 1.10094 -1.40046 0.094825
1.45579 1.76017 -1.20933 1.93576
-0.177683 -1.04094 1.12316 -0.183792
-1.6468 0.138212 -0.226458 -1.44869
-1.15951 0.231201 -0.521825 -1.73273
-4.58813 0.742156 -0.595392 -4.32626
0.673366 1.20749 -2.01093 0.494896
0.556267 -1.12175 1.70346 0.221783
-0.851285 -0.638069 0.601668 -0.991366
-1.30208 -1.27506 2.06171 -0.851079
1.59915 0.543876 -0.49456 1.84067
-2.09466 -0.892679 0.362917 -2.47019
-0.556906 2.76605 -7.79408 -0.539096
2.04748 1.22996 -2.16437 3.42276
-2.69965 -0.35829 -0.146387 -3.03907
0.934354 -0.909559 2.358 2.28064
0.988046 -1.1446 5.74071 0.409643
1.9805 -0.979746 1.86691 1.04919
2.28478 -0.087995 0.221692 2.11508
0.726552 1.26682 -2.18548 0.664982
-0.832911 -0.883211 1.56243 -0.642842
0.003408 -1.05071 1.67415 -0.115006
-1.38926 -0.344124 0.672375 -1.4603
0.272952 3.82041 -4.27322 -0.036351
5.67483 0.033202 0.572387 4.0017
0.185461 1.39638 -1.88549 -0.426718
0.117822 1.06167 -1.72895 0.226973
2.2717 -1.39324 2.62614 1.28231
-0.445019 -9.90294 15.6108 -1.12255
-7.7715 1.16951 -3.08108 -4.90366
-1.07166 -0.230424 0.264536 -1.86321
0.170655 1.2882 -1.41139 0.123843
0.133107 1.11047 -1.78249 -0.058513
2.58342 -2.96206 2.56507 2.85858
-0.238218 -1.12724 1.23877 -0.093804
-1.02681 -0.194846 0.457934 -1.8294
1.20519 -0.25973 0.471072 1.23201
1.06417 -0.047926 0.099408 1.22374
-2.10486 0.029445 -0.037524 -1.91575
-0.002312 -1.21953 1.25573 -0.165049
-0.007497 -4.29352 6.52595 -0.335231
0.599069 1.43166 -2.30614 0.401883
-1.00536 -0.661361 0.652246 -2.44764
-0.712538 -0.865955 2.08353 -2.01221
-2.859 -7.32822 8.50653 -2.29553
-0.409116 1.50893 -1.60986 0.569521
1.68647 -0.158359 0.227606 1.98074
-1.8081 -0.428786 0.796019 -1.28238
0.730453 3.52755 -4.19002 0.60512
0.317041 -1.09325 1.55055 0.024871
1.21606 0.382453 0.028146 1.49987
1.2056 0.588721 -0.578211 3.10501
-0.226541 2.91195 -3.27956 -0.859327
5.66899 1.14128 0.368685 5.70322
-0.743686 -1.41184 3.00569 -0.415197
1.03195 -0.389534 0.444027 1.06449
0.744872 -1.56372 2.12178 -0.047415
0.407305 -1.28844 1.19932 0.091412
1.14558 0.863154 -0.306301 1.51025
-2.43962 0.908476 -1.63384 -2.0152
1.75103 0.068805 -0.245091 1.4236
0.172634 1.37739 -1.62209 0.043097
-0.99976 -0.376853 0.35253 -1.00703
0.042464 -1.52259 1.87734 -0.291244
1.54428 -0.052955 -0.187017 2.09693
-1.94863 2.78786 -3.77365 -0.681408
-1.73668 0.155655 -0.206022 -1.68467
1.27717 -1.60598 4.10709 2.25605
1.09533 -0.672803 1.33481 1.13814
-2.77524 -1.03738 1.76563 -2.28448
0.918212 1.33527 -2.73306 0.447901
2.08801 2.12896 -2.6314 1.63101
-4.88447 -0.150619 -0.916696 -5.78007
1.28408 0.047381 0.534995 3.09967
-0.737507 -0.872471 1.5475 -0.734808
-0.722053 0.92548 -1.2031 -0.508095
-0.492032 -2.11684 2.17804 -0.413953
-1.18927 -2.06143 3.4292 -2.20623
3.88481 -0.324544 -0.488908 3.19684
2.24522 -0.236619 -0.326745 1.73671
1.21256 1.25749 -2.56192 0.446965
-8.07085 1.27804 -4.25282 -8.02054
0.291042 -1.03895 1.36464 0.524778
1.75981 -0.483107 2.32948 4.64566
-0.362985 -1.41147 2.95811 -0.237642
-1.25118 0.227243 -0.476442 -1.09883
1.31336 -0.491137 0.397068 1.03736
-2.5483 -0.013255 -1.0903 -1.88964
-4.26329 0.823913 0.562904 -2.95098
-1.3578 0.183472 -0.54497 -1.82701
1.73234 -0.320866 0.265578 1.51853
0.108916 -1.2763 2.19858 -0.157901
1.70109 -0.289068 0.027579 1.19839
1.35036 0.334786 -0.905717 1.10463
1.08267 1.18173 -2.50427 0.576337
-2.13794 0.158808 -0.096322 -1.41902
-2.71085 -13.4788 22.3599 -1.6835
-0.281146 4.7218 -10.8041 0.234962
1.0935 -0.891663 1.19846 0.741695
-0.389147 -1.70187 1.33534 -0.073272
0.104298 -4.06171 2.84746 2.38989
4.49923 2.55909 -1.31598 14.5679
-1.60764 0.883683 -1.14821 -1.02346
2.0624 -0.177193 4.10996 7.57325
2.38035 -0.174743 0.462706 1.63581
1.22635 1.50765 -5.62012 -0.176532
0.147497 1.10126 -1.19118 0.108398
-1.25178 -0.35132 0.058214 -1.12035
1.68816 1.04144 -2.20196 0.8788
-1.95948 0.420221 -1.5389 -1.44941
-1.20329 0.474135 -0.310991 -1.57822
19.3009 -5.24588 1.08648 18.3237
1.12156 -1.03363 1.48293 1.68584
0.125643 1.99535 -2.67348 1.21339
-2.37485 3.16669 -4.30152 -0.868442
1.02513 -0.909261 1.30566 0.63387
-3.99834 0.315968 -0.456775 -3.44865
-0.017496 1.7797 -2.79008 -0.07959
-1.32593 0.510333 -0.831998 -1.70801
0.963335 0.973964 -1.93991 0.977857
0.33601 1.19026 -2.41552 0.222698
2.82895 -0.499502 0.384622 1.85906
0.074753 -1.07375 1.62799 -0.103857
0.786072 1.13204 -3.03853 0.002837
0.243639 1.05782 -1.58949 0.584705
0.59758 -2.45745 1.68688 1.22733
-4.75681 -6.72587 9.7149 -4.00732
1.14942 -0.596216 0.783192 1.5957
0.034966 1.44614 -1.842 0.152925
-0.161346 -1.07163 1.07015 -0.145325
-5.30227 -15.2675 17.842 -2.86236
-1.12891 -1.84448 4.07246 -0.918611
-0.955181 0.633696 -0.739689 -1.32656
0.814576 -0.770593 1.48888 2.18369
0.226539 -1.17154 1.13711 0.064745
1.3156 2.88921 -8.02157 0.454391
-1.10889 -0.252562 -0.004729 -1.34928
-1.33139 1.67395 -1.73562 -1.22729
0.371996 -3.95246 5.88738 5.20359
0.407661 1.34013 -2.01435 -0.221199
-3.07678 0.228473 -0.347353 -1.45379
1.48992 -0.709239 0.538529 1.0575
-0.221349 -1.04503 1.67746 -0.292799
-0.407293 -2.30621 3.45839 -0.254293
-1.29802 0.275892 -0.570698 -1.12356
1.41683 0.207517 -0.312488 1.78812
0.282419 1.07779 -1.58024 0.475766
3.25173 -0.483957 -0.148666 2.73338
0.22418 1.10929 -1.34099 0.047791
-2.10652 1.27527 -1.41545 -1.27535
1.57567 -0.044947 0.100507 1.04773
-0.192802 -1.11111 5.07717 -1.21081
1.42539 0.3239 0.206478 2.39607
0.252544 1.26031 -1.23247 0.06651
0.925643 1.01904 -0.595871 1.67107
1.02169 -0.436899 0.387452 0.963117
-2.73337 0.078092 -0.001473 -1.60168
1.97251 -2.48201 2.53292 2.17467
0.394481 1.17952 -2.13162 0.391782
-1.13475 -0.375174 0.533623 -1.69382
1.75575 1.21052 -2.52941 0.189963
1.00599 0.824049 -1.46476 0.855509
1.03294 0.298346 -0.355563 1.66888
0.276717 1.3048 -1.43408 0.040593
0.344307 -1.38972 1.15068 0.936772
0.899777 0.602357 -0.641579 1.32451
0.650281 0.923171 -1.60547 0.616789
-10.8968 1.13129 -2.51759 -9.84957
0.71924 -1.26736 0.861667 1.35793
-1.31589 -0.127844 -0.445815 -2.75534
1.28188 -1.0981 0.22083 1.46143
0.567665 1.27681 -1.93235 0.077755
-0.208651 1.18089 -1.57434 -1.05476
-1.95726 -1.60137 1.51304 -1.85075
-3.47385 0.256631 -0.445226 -1.96612
0.438657 -1.11237 1.19216 0.262629
-1.21574 -3.94336 3.82718 -1.56625
0.014269 1.06247 -1.70421 0.061882
2.52794 0.965136 0.109038 1.48917
-0.538108 2.22453 -2.61963 -0.485626
-0.005273 -1.07191 1.48712 -0.063306
1.2667 -0.264629 0.231388 1.08812
-0.210969 -1.15228 1.87491 -0.526199
-1.52473 -0.079971 -0.153251 -1.61924
1.46617 0.069838 -0.135618 1.24024
-0.310541 -1.01254 1.19575 -0.302455
-1.31835 0.926535 -0.65703 -1.03098
-1.27112 1.11211 -1.47847 -0.736223
-0.445569 -1.33981 2.31564 -0.381072
-1.63436 0.443934 -0.800472 -1.07993
0.269038 -1.22329 2.22788 0.046333
-0.320331 -1.32959 1.4387 -0.197933
0.295231 -2.08732 2.16114 -0.00807
1.34202 -0.019289 -0.204467 2.13457
2.29304 -0.044773 0.254606 1.48684
-1.49091 -2.2547 2.39715 -2.14504
1.74963 0.315143 -0.711081 1.56307
0.8457 1.42242 -2.13355 0.672031
-0.499508 -1.10597 1.70072 -0.476534
-0.011739 -1.15125 1.2744 -0.206153
3.50603 -0.285609 0.464445 1.39888
2.47781 -1.04622 1.23537 2.59395
1.58405 0.336052 -0.952918 1.52605
1.41341 -0.145971 0.339091 1.25889
-0.1008 1.08137 -2.04682 0.185272
1.28721 -0.270937 0.184661 1.26174
0.103534 1.31509 -1.12681 0.020218
1.00132 0.409297 -0.479993 1.32615
-1.78509 -0.845997 3.00633 -1.98493
-2.07702 0.238613 -0.206526 -1.37819
2.3268 -0.439313 0.097815 1.75227
-0.612628 -0.874333 1.05155 -0.870681
-0.015723 -1.07105 1.07105 -0.015723
0.297986 1.47244 -1.47417 0.263146
-0.034627 -1.06591 1.40679 -0.180121
1.46475 -0.449247 0.976558 1.28397
1.42551 0.027932 -0.218284 1.50767
6.71937 -0.466715 -0.131056 3.23928
-2.36033 0.272922 -0.086703 -1.19295
0.361039 1.01034 -1.3226 0.646571
1.92742 -2.02266 5.31723 4.82186
-0.81362 1.71988 -1.25544 -1.54464
-1.14903 0.181023 0.077571 -1.26434
-6.86247 -6.80848 9.12566 -3.2673
0.533914 1.24498 -1.17735 0.150734
-1.39115 0.241821 -0.193122 -2.04344
-0.999384 0.480487 -0.380154 -1.44973
-0.234565 1.21719 -2.8168 -0.141577
-1.93295 -0.095213 0.250812 -1.29291
-0.240937 1.11873 -1.91411 0.036019
1.73131 -1.93764 0.992718 2.26476
1.20339 -0.034713 -0.172893 1.29635
2.69287 0.353444 -0.97269 7.3897
5.97033 -0.518181 0.490849 3.73325
-4.15974 0.713724 -0.713724 -4.15974
-3.92197 0.51339 -1.54549 -14.6667
-0.923731 1.40062 -0.656455 -3.78622
-0.339107 -1.38122 1.49811 -0.013149
-0.364942 -1.09381 1.21036 -0.198704
1.22299 0.966269 -1.26051 1.27296
1.01982 -0.292642 0.272787 1.13288
6.17386 -3.26693 3.76543 6.10772
48.3003 -10.6086 12.7057 31.3125
-0.222181 -1.08607 2.23801 -0.366337
-1.91808 0.497267 -0.608743 -1.27952
-8.14945 1.80303 -2.20171 -7.93214
0.457659 -2.25248 2.18895 0.280256
1.43293 -0.667159 0.866067 1.32631
2.51787 -0.494113 0.223206 1.77498
1.49049 -0.256158 0.295279 1.43487
1.26789 -0.941141 0.474744 1.38249
-1.05487 -0.374699 0.434898 -2.12281
1.43054 -0.072971 0.379424 1.34835
1.67342 -0.435507 0.808032 1.5909
-1.0837 0.289136 -0.245063 -1.06182
-0.038443 1.45824 -1.99613 -0.203675
-5.64557 0.620878 -0.620878 -5.64557
-1.26808 -0.348859 0.200412 -1.2513
-2.99611 2.77638 -2.95907 -3.16899
0.205646 -1.20314 1.9489 0.813562
0.340087 2.10465 -2.30137 0.38175
-0.278286 -2.25172 2.0753 -0.349633
1.52038 0.066127 -0.405496 1.73245
-0.719814 1.78515 -2.64722 -0.841616
1.16443 -0.291863 0.035105 2.88813
0.192493 -1.77881 2.32728 0.049019
1.27231 -0.179492 0.303715 1.13525
-0.140082 -1.08932 1.12524 -0.259236
-1.20278 -0.726924 2.00595 -2.15372
0.753828 1.48699 -1.38166 -0.032377
0.54889 1.12664 -1.83299 0.379301
1.60362 -1.65007 7.58065 0.503179
0.926893 -1.675 1.6713 -0.232949
5.14695 10.1668 -37.3814 10.1659
-1.3838 1.28044 -0.835314 -1.16242
-2.42617 2.69442 -7.43413 -1.24053
1.62 0.114775 -0.044658 1.83513
4.07976 -0.373416 0.364374 4.31528
0.561196 1.5166 -1.85467 0.1619
0.442929 1.21272 -1.62899 0.090574
-0.820486 1.1835 -1.50391 -0.226002
-4.08526 0.348485 -0.771593 -2.80272
2.65204 -1.46734 0.539932 3.06328
0.142222 1.15925 -1.21539 0.458147
-0.465337 -1.3786 1.74625 -0.084895
0.345672 1.05456 -2.23215 1.53358
-1.98361 3.27232 -8.1334 -1.15812
0.369083 -2.03767 2.30882 0.452013
-0.093782 1.05678 -1.23146 -0.092473
0.045604 -1.55691 2.05158 0.140388
-1.8925 -1.54904 1.73004 -2.17196
1.5068 -0.108734 0.178629 1.09466
-0.353519 2.61226 -2.59458 0.045773
0.134641 1.22261 -1.10299 0.137727
-0.484704 -18.4137 43.5637 -3.61055
-1.48093 0.784982 -1.09128 -2.05068
0.798428 1.22937 -1.86 0.627361
1.0574 0.168189 -0.40436 1.59751
-5.3083 -0.690598 0.955556 -6.64831
2.31815 -0.261712 0.209256 1.28947
0.953591 1.05063 -1.8711 0.405223
0.949877 -0.571067 0.656931 1.52122
-0.959313 0.457482 -0.418574 -1.23414
0.178796 1.21146 -2.27999 0.305957
-1.98293 -0.144155 0.157349 -1.90088
1.0068 -2.01191 2.29197 0.496495
0.115566 1.32648 -2.28574 0.17197
0.205625 1.06123 -2.2386 0.284941
1.39271 0.039411 -0.280254 1.18892
0.554335 1.02137 -1.41546 0.333436
0.68352 1.33337 -1.63522 0.563937
0.130022 -2.73926 4.46844 0.158096
-0.603069 -1.49025 1.20114 -0.121382
0.303167 -1.07609 1.02589 0.278142
-19.3561 1.73089 -3.25691 -24.6044
-1.25802 -0.363136 0.61738 -1.04365
6.9642 0.928831 -1.93566 5.49405
1.12254 -0.201273 0.120169 1.14342
0.241331 1.09981 -1.18421 0.088136
-2.23902 0.814709 -0.808956 -1.58986
-0.663686 -1.0571 2.78758 -0.384287
-4.28601 -0.044424 1.95695 -5.60337
0.248697 -2.07842 1.92435 0.003955
-0.247491 12.0097 -14.2462 0.296767
0.861892 1.84552 -2.88276 0.517233
0.921523 2.07104 -2.79445 0.651304
0.372972 -1.50165 1.7862 0.552492
3.71535 1.97659 -3.13251 5.26992
0.141666 -1.04711 1.60918 0.040118
0.494666 1.03003 -1.94111 0.761488
2.00407 -0.233777 -0.215108 1.27729
-0.406035 -1.42473 1.61195 -0.296555
-2.59967 0.46707 -0.111963 -1.77965
0.666704 -0.941075 2.00237 0.605308
-1.1762 1.19288 -1.19226 -1.05581
-0.323268 -1.15421 1.51622 -0.137695
0.300355 1.44523 -1.68077 0.066139
0.138868 -1.11134 1.15718 0.131854
-2.92106 0.244727 -0.138038 -1.86001
-0.531843 -1.41172 2.98288 -0.341213
1.28155 -0.33546 0.08454 1.09641
0.524375 -1.30245 2.68231 0.245574
0.308815 1.18748 -1.82504 0.378772
1.40891 0.024005 0.020783 1.24822
-0.125357 1.1074 -2.25324 0.180906
1.17908 -0.385818 0.783519 1.11098
-1.69751 -2.95414 5.63805 -0.505358
-0.199518 -1.54472 1.93778 0.101673
1.47426 9.79833 -11.6145 0.83929
-0.290752 1.656 -2.30991 0.254496
1.25821 -0.756357 0.631812 1.71009
-1.33688 -0.339596 1.54465 -2.33641
1.84576 0.118954 -0.654215 1.2827
-0.19646 1.19542 -2.3763 0.13809
-0.501848 1.34666 -1.93981 -0.42677
1.84433 0.015502 0.823512 1.6226
0.143336 1.07925 -1.92546 0.39535
0.127676 1.50422 -2.02685 -0.0149
-3.60972 -1.52742 2.63586 -2.53959
0.271852 1.41998 -1.69431 0.222762
-1.14587 0.324166 -0.41436 -1.01634
1.72871 -0.297695 0.420099 1.47953
1.45438 -0.084032 0.441826 1.39665
-0.631846 -1.42506 1.96378 -4.23079
1.55604 0.242091 0.409021 1.47734
-0.485487 -1.17681 1.18696 -0.375441
-0.484881 -1.03384 1.96153 -0.423193
1.62501 -1.15804 0.410846 1.43134
-0.076714 -1.14169 2.00228 -0.280494
-1.93603 -0.510562 1.16223 -4.06154
-1.3815 -2.34747 4.96233 -1.2686
-3.70989 0.630352 -0.822158 -3.45086
0.61445 -1.18414 3.89766 -0.079479
1.59982 -2.27054 2.00379 1.40056
-0.053839 -1.07027 2.20554 -0.174289
1.23165 0.441387 -0.344098 1.51925
1.08346 0.151726 -0.184866 1.0698
1.81118 -0.194254 -0.236861 1.16959
-1.01412 1.27289 -2.16147 -0.43034
1.50914 -0.045114 0.3692 1.79773
-0.660228 -1.61705 1.86785 -0.518089
1.61107 0.693145 -1.87004 1.37005
0.105149 1.14601 -1.12404 0.185967
1.55506 -0.143674 0.384503 2.04351
2.14422 -0.146367 0.145064 1.66128
-0.361288 -1.26468 1.66688 0.254282
0.548903 1.03229 -1.81801 0.228585
-1.25291 -0.288469 0.315475 -2.44404
-2.12656 0.2413 0.19812 -1.30606
-0.629548 1.34053 -0.932441 -1.21467
1.40067 -0.049241 0.36244 1.34189
-2.89569 0.355945 -0.52258 -2.14166
0.74305 1.48545 -2.35808 0.648321
-0.603571 3.47511 -4.61546 -0.221831
2.8614 7.44211 -10.4452 2.54288
1.49868 -0.36829 0.093375 1.28653
2.47031 -1.04293 0.300759 3.5675
-1.43532 0.086527 -0.11925 -1.31045
0.234662 -1.23887 1.70508 -0.256345
0.110703 1.10286 -1.14468 0.086784
-0.070616 -1.06714 1.30122 -0.105638
0.361475 1.30059 -2.072 0.184985
-1.08203 0.016402 0.265103 -2.60798
-0.177031 -9.21222 10.7477 -0.592895
-21.0641 -76.5168 102.355 -18.1461
-0.329693 -0.982564 1.7907 -0.397298
1.1893 0.18645 -0.267827 1.27537
2.33659 -0.289051 0.324425 2.28012
1.2538 1.40603 -0.93046 2.07337
0.477781 1.83487 -2.2223 0.310734
-1.26975 0.346672 -0.456659 -1.06878
-0.679855 -0.934563 2.92985 -1.99869
1.78032 -0.757838 0.876375 0.831414
0.038042 1.83937 -1.73543 -0.031736
-3.28557 -2.80345 5.12564 -3.3743
-1.8315 -0.843691 -0.998504 -2.16908
0.084261 1.26001 -1.21282 0.306782
-1.51911 -0.890171 1.78301 -1.09455
0.888694 0.597903 -0.609478 0.96946
-8.31645 1.70039 -1.80497 -5.96662
-0.236909 -1.48417 2.72781 -0.210717
-1.07408 0.424106 -0.676295 -1.21758
0.930412 -0.621651 0.543667 0.954406
2.07473 1.28439 -1.77446 1.49243
0.101242 1.42781 -1.57662 0.124776
-7.75944 4.79336 -6.95045 -8.15888
1.09409 -0.752471 1.84771 1.77465
4.08339 4.09485 -5.89294 2.7288
1.90384 -0.627733 0.380848 2.45051
0.117309 -1.61464 1.97248 -0.366917
-2.4277 0.088639 0.238331 -1.5761
0.331141 1.73935 -1.70298 0.114952
-0.065242 -1.05288 2.43819 -0.183666
-1.10937 0.148384 0.03407 -1.72095
1.25724 0.151809 -0.34738 2.89223
2.25669 -2.70879 3.63094 3.14617
1.68931 -0.757854 0.467162 1.12375
1.14497 -0.898399 1.14262 0.985847
0.487721 2.01832 -2.2645 0.361399
-0.000511 -1.37451 2.15272 0.603023
-0.294475 1.11785 -1.78527 -0.011537
0.026063 -1.46054 1.673 -0.006847
0.433224 2.16183 -2.13615 0.009235
-2.62746 3.28864 -2.77706 0.187178
5.4027 -0.601845 0.408724 2.30807
1.51404 0.108912 0.275648 1.26004
0.434909 2.11635 -2.38121 0.257835
2.09802 1.35908 -2.55343 0.332401
-3.5578 -0.021102 -0.314775 -1.79338
1.05339 -0.224694 0.190574 1.24901
5.54444 1.87124 -0.798279 14.2997
1.96532 -1.64589 1.97999 2.68658
4.73336 -0.079001 2.25474 5.54945
1.16965 -0.591314 0.226779 1.18518
-2.44193 0.499158 -0.657935 -1.19156
0.024485 -1.82485 2.07572 0.013099
1.2397 -1.05448 1.45679 0.843073
0.391439 1.03136 -1.26902 0.381333
2.21087 -0.330161 0.794876 1.75052
-2.40925 1.25512 -1.99978 -0.644417
-0.585748 1.17371 -2.65249 -0.340715
-1.09508 -0.595042 0.307067 -2.71567
-1.7426 0.466463 -0.69804 -1.21794
-3.3964 -0.018311 0.194502 -1.95958
-3.5035 0.655905 -1.41074 -8.37383
-0.061211 1.05244 -1.52331 -0.15511
0.953372 0.457248 -0.533902 0.953624
-0.207364 1.10431 -1.04078 -0.264383
-2.573 2.47152 -3.5603 -0.898659
0.373737 1.02459 -1.93633 0.347954
2.60168 -0.085021 0.35878 2.20551
-1.73051 0.005779 -0.017414 -1.63392
-1.65506 0.522965 -0.345032 -1.46049
1.53621 -0.695442 1.41655 1.66436
-0.540796 -1.30779 1.91048 -0.593759
0.945715 -0.464331 0.494777 1.23067
0.371063 -1.95074 2.60413 0.574028
0.51922 -1.11157 2.10003 0.175899
0.482992 1.38911 -1.47797 0.641661
1.09171 -0.550267 1.21671 1.09705
-0.662531 -1.50363 2.27138 -0.3793
-0.329902 -1.04903 1.32325 -0.60497
-1.21221 0.250567 -0.315446 -1.41378
4.37108 0.377677 -0.309478 4.36979
-0.939067 1.23581 -2.06062 0.001959
1.57391 -0.283833 1.3079 1.24301
1.3299 -0.27947 -0.114468 1.52013
-2.20125 0.215117 0.00997 -1.26791
0.584167 -1.66724 1.74328 -0.19238
0.247313 -2.16039 2.16494 -0.112689
1.89396 -0.075208 0.280409 1.24437
1.75581 -3.45919 3.59169 0.42296
2.20023 -0.334772 0.277241 1.27414
0.670866 1.11441 -3.74053 2.38281
1.68851 -4.02065 4.04364 1.75273
-0.701389 -7.3136 17.3465 -1.15249
0.180571 -1.09526 1.60615 -0.100151
-1.53568 1.33964 -1.79209 -0.665652
1.90845 1.03864 -1.4867 1.34932
-3.02252 -5.34427 4.18002 -3.24575
1.14735 0.205932 -0.843141 1.52858
0.885986 0.797002 -1.3884 0.704358
0.004535 18.5566 -25.5133 0.512795
-0.240556 -1.0438 2.33401 -0.233247
1.47001 0.141368 -0.319017 1.81718
-1.05011 -0.264964 0.318281 -1.38174
0.170071 1.05173 -1.11788 0.177694
1.5066 0.24927 -0.833482 1.20433
-1.97893 0.371719 -0.250288 -2.16033
2.04887 -0.289905 -0.038948 1.39688
2.07783 -0.651605 -0.39432 2.49613
1.82746 -0.002593 -0.345636 1.1186
-0.888671 -1.767 8.29449 0.147665
1.81985 -0.323302 0.220296 1.56219
-0.950266 -1.10498 0.654734 -1.77121
1.5218 -1.19894 4.0562 0.233266
-0.132692 -1.84433 1.89737 -0.210248
-1.34589 -0.020141 0.337171 -1.33122
0.158617 1.48469 -3.06368 0.004041
-1.28987 -0.042078 0.051905 -1.75935
-0.54285 -0.910439 1.22886 -0.675091
-1.7981 0.881489 -1.76087 -3.14845
4.20532 -0.526028 0.636504 3.54021
1.55649 -1.87896 3.02898 1.67241
1.22532 -0.224323 0.341366 2.89189
1.70911 0.280984 -0.303514 1.27319
2.78055 -1.14748 0.487492 2.89278
-4.7658 -24.8806 36.9489 -2.05971
0.137711 1.64124 -2.33485 1.57267
3.13361 5.0027 -22.6508 5.63223
2.70371 -0.695474 0.481057 2.67879
1.04297 -0.103897 0.093632 1.18546
0.424851 1.41159 -1.46575 0.563781
-1.52816 1.43443 -1.94011 -1.11711
0.069137 1.07563 -1.42742 0.349963
2.11337 0.358063 0.45698 2.4335
1.23529 -0.069813 0.52038 1.24336
-1.11566 0.336925 -0.508188 -1.03875
0.745223 -1.30918 1.13861 1.06579
2.08376 -1.12719 1.0376 1.65053
2.13026 -0.200058 0.199506 1.75367
0.252774 -1.32594 2.13155 0.0724
-0.445332 -0.965523 1.44728 -0.610887
1.95537 -0.071584 0.456351 1.91415
-0.346037 1.16603 -1.71034 0.074696
-1.00639 0.535623 -0.726025 -1.17272
1.30875 0.458828 -1.10551 1.1141
-1.86895 0.404791 -0.541437 -1.44784
0.293391 -1.27553 5.25852 -1.44759
-0.461901 -1.07795 1.1715 -0.692436
0.395621 1.41794 -1.5125 0.080528
-1.45565 -0.330791 0.292401 -1.28779
-0.266342 -1.16269 1.16269 -0.266342
-10.2933 1.00099 -1.15095 -8.65929
1.2862 0.150578 -0.499613 2.34578
-0.498009 2.23453 -1.59533 -0.660696
-0.095994 1.91911 -1.94487 -0.036257
-1.90416 0.091909 -0.260588 -1.09438
0.586618 -2.21235 2.9519 0.365797
-2.26596 0.226827 1.09108 -3.17015
0.200633 2.06571 -2.40195 0.21578
0.792372 1.17407 -2.1062 0.812469
-0.842029 -1.24112 1.02639 -1.4374
3.27256 -0.253635 0.417864 1.48825
1.86026 0.23347 -0.562981 1.41738
4.31657 -3.45248 5.66414 4.30749
-5.73338 0.090234 0.462916 -2.73342
-1.49194 0.071779 -0.157593 -1.17005
-0.270165 -1.25261 1.35909 -0.21466
-1.28836 -1.51063 0.757093 -1.68305
1.63321 -0.162806 0.193607 1.73282
8.93119 -0.777026 8.52717 29.029
9.42464 -2.0077 1.93182 9.07854
1.07113 -0.351853 0.477733 1.31334
0.663305 -10.8632 13.3258 1.83428
1.0752 -0.453037 1.30318 2.08061
-0.182821 -1.04955 1.62878 -0.115704
-1.75352 0.088439 -0.25902 -2.41365
0.131596 -1.20763 1.23571 -0.093227
-0.79314 -1.07424 3.27074 -0.72968
0.608207 1.26957 -2.63991 0.25881
0.129507 1.30921 -1.75165 0.034317
-1.23589 -0.129314 -1.72383 -3.95042
-14.0758 3.04195 -2.98038 -13.9046
0.970383 -0.683669 1.19964 1.62069
0.683787 1.28494 -1.97208 0.552511
1.70147 -0.822689 -0.153027 2.06475
1.42901 -1.62776 2.42395 -0.432045
5.35843 0.621308 -0.265531 5.33039
-1.15003 -0.080009 -0.028682 -1.16289
-1.47099 2.77316 -5.26104 -0.131756
1.74362 -2.06434 2.41964 0.641089
2.39917 0.172088 -0.574557 1.37925
-0.020456 1.24074 -1.9145 -0.121113
2.14099 -0.41293 -0.679509 3.06599
0.152958 -1.77225 1.78613 -0.752873
0.30923 -1.75905 2.36208 0.281045
1.55658 0.57873 -0.142411 1.27797
0.560869 -1.15334 2.03953 -0.0937
1.132 0.016001 -0.397256 1.93734
2.44489 -0.005008 0.531528 5.63351
-2.17034 -1.44429 1.7009 -2.13319
2.22227 -0.51531 0.639737 2.40335
2.03058 -1.49501 2.89752 2.70283
-0.795246 -1.18183 1.4407 -1.33777
-1.62929 0.173902 0.456932 -1.99295
-7.32812 0.405053 -0.605718 -4.62724
3.4537 0.588238 -0.774787 3.6165
1.96492 -2.15636 2.892 -0.076107
2.26912 -2.27223 2.99812 1.67417
1.11598 1.67337 -3.05078 1.54955
0.304633 -1.23228 2.5442 0.07236
-0.932376 -1.27295 1.10214 -1.01642
0.442102 1.28524 -1.59182 0.159344
0.784101 0.932075 -1.35728 0.630555
1.37863 -0.299367 0.211894 1.07919
-0.662113 2.70688 -4.1814 -0.687289
-0.56605 -1.01385 1.21594 -0.590567
0.712603 1.26873 -1.45081 1.1752
0.120506 1.07891 -1.59813 0.146785
-2.57107 0.240205 -0.532351 -4.07899
-2.06159 0.622552 0.012779 -2.32228
-1.10722 -1.69528 0.972895 -1.95287
0.648094 1.25298 -2.12513 0.535055
1.22121 -5.12413 5.01992 -0.79451
-1.59593 0.410563 -0.591191 -1.1638
2.03285 -0.325952 0.158033 2.04123
0.020411 1.44394 -5.36846 -0.442242
-1.2111 -0.338936 0.342377 -0.983559
-4.91104 0.67135 -1.05311 -6.01059
0.795629 -0.771839 0.784244 0.819605
0.18511 -1.13632 2.05798 -0.354601
0.528932 -1.70837 7.38975 0.393388
-0.781954 1.29346 -1.06604 -0.633347
1.52212 -0.015453 -0.141743 1.7111
-1.82928 0.041131 -0.033109 -1.07423
1.77254 -0.508779 -0.0773 2.23204
-2.54176 0.092094 -0.286978 -3.95793
-1.13071 0.038787 0.113011 -1.24531
-2.36377 -0.068177 -2.07576 -2.37324
0.775649 -1.97405 2.67771 0.128092
2.03386 -0.164297 0.16811 1.75867
-6.89733 -9.93471 11.4607 -4.94928
-0.787651 -0.985871 1.8726 -0.593002
-1.51241 -0.075679 0.22259 -1.70949
6.35948 5.59339 -6.47197 7.20749
-0.210167 1.0597 -1.13037 -0.11425
-1.14274 0.105849 -0.137655 -1.05341
0.172765 1.05092 -1.80936 0.33784
2.20084 -0.535646 0.479457 2.61136
7.60984 -1.21865 1.77304 8.60153
-5.62174 -77.4711 80.2918 -6.06785
-0.306477 -1.27311 1.18164 -0.783935
0.042022 -1.66916 1.77698 -0.197594
-1.65565 0.456619 -0.508061 -0.983081
-1.23178 0.152212 -0.407627 -1.10719
-0.148539 1.04238 -1.51098 -0.047779
-2.13063 -0.158801 0.467032 -2.08128
-0.3959 -1.30832 1.46984 -0.239094
0.147891 1.05333 -1.59597 0.18571
0.780149 -1.01293 1.09101 0.592143
-0.135245 1.35941 -1.42018 -0.013386
-1.805 -1.02146 -1.27324 -3.18154
-1.23635 0.752173 -0.330368 -1.75078
-0.527409 1.34041 -1.64111 -0.633754
-1.74909 -0.023156 -0.308637 -1.53971
1.91716 -0.455748 0.752642 1.67248
-0.61895 1.20303 -1.01147 -1.25642
-0.769871 1.06472 -2.41032 -1.41968
-1.24766 0.697584 -0.267814 -1.19869
5.51546 -1.8993 5.9522 8.11557
2.52333 -0.403825 0.308158 1.27846
0.924989 -2.22055 7.23234 1.75073
-0.322561 1.29233 -2.21429 -0.156376
-0.420454 -1.14786 1.78896 -0.414701
0.262915 1.07298 -1.50612 0.106858
1.78213 -1.88615 4.43764 2.21888
0.330232 1.01156 -1.31553 0.38521
-1.19996 1.4381 -1.89784 -0.583324
-1.26349 2.23993 -2.93376 0.048112
1.14323 -0.133832 0.265211 1.09583
2.24647 -0.438913 -1.18436 7.07483
-3.02135 4.39517 -9.68511 -2.53569
-2.39471 0.164127 -0.231136 -2.008
0.207401 1.08415 -1.8697 0.047732
0.177234 1.27285 -1.34942 0.004208
0.575281 2.91372 -4.3131 0.193261
0.08395 -1.20018 1.53664 0.39891
1.05783 -0.031605 0.000656 1.23272
-2.51693 1.05777 -1.82444 -2.18809
-2.09312 0.219576 -0.074867 -1.06111
0.164026 1.2322 -1.41608 -0.163188
-0.607052 0.930431 -1.14792 -0.547103
-0.21477 1.07413 -1.60452 -0.157883
0.110258 -1.15367 1.58794 -0.313729
2.39929 -0.501019 0.595799 2.10196
0.542668 -1.61373 1.41769 -0.006931
-0.314806 -1.19276 1.7798 -0.038617
-0.33914 -1.27417 1.34602 -0.188214
1.29989 -0.092854 -0.021611 1.167
-1.60279 -1.68118 1.7158 -1.30951
-0.616029 0.976289 -0.965427 -1.18111
-1.21684 -0.195001 1.21677 -3.50417
-5.51725 1.31738 -2.04288 -2.68976
-1.25585 -3.28075 3.99244 -0.158384
0.204417 -1.12633 2.52206 -0.238939
0.35562 1.00177 -1.93285 0.352434
-1.91176 -2.24753 4.07123 -1.92464
-0.428632 1.09775 -1.6545 -0.047695
-0.429158 -0.987386 1.46945 -0.620174
0.700618 -1.0912 4.75185 0.016884
-1.29423 -0.306547 1.40617 -1.66311
-2.6287 0.081805 -0.176221 -1.52628
-2.65361 0.482892 -0.51625 -1.98861
-2.00245 0.196995 0.138121 -1.39558
-0.609756 -1.23514 1.20322 -0.83759
-0.162677 -1.0973 1.18602 -0.113677
-1.6278 -7.57955 15.5165 -0.43894
-0.143058 -2.07345 2.17062 -0.321999
3.05706 -12.1245 16.906 1.2007
-0.827744 2.75559 -3.50502 -0.239796
-1.06811 1.53544 -2.42614 -0.313595
6.51835 5.40445 -6.11976 6.99994
0.249198 -1.10494 1.58564 -0.134111
-0.331617 1.1771 -2.47693 0.516131
-0.300045 -1.34275 1.41535 0.010242
-0.585736 1.02155 -1.46478 -0.449638
0.403814 1.64384 -2.34432 0.180104
-1.01164 0.326984 -0.698955 -1.42438
2.52653 -0.219769 0.308491 1.52617
-0.035065 -1.0319 1.58879 -0.128841
22.9373 -3.91619 6.05106 25.1192
-1.05176 -0.05949 0.306924 -1.80667
-0.780059 1.60513 -2.17281 -0.131699
-0.021251 1.08296 -1.40692 -0.046101
-0.44731 -0.973243 1.54459 -0.716695
1.09157 -5.70081 4.71016 1.61765
1.39682 0.257776 -0.179974 1.39912
1.51735 -0.210644 -0.117464 2.16424
1.24941 -0.436351 0.875314 1.07004
1.08839 0.910507 -2.54898 2.43798
0.780422 0.838304 -1.78527 0.914445
4.18094 -1.13449 0.984987 4.40081
1.02522 0.793513 -1.31255 0.781993
0.117426 1.42647 -1.76172 0.158536
0.606638 1.1104 -1.89315 0.4261
-0.202818 -1.12992 1.88853 -0.522143
2.9994 -0.244782 0.256197 1.24269
-0.289354 -1.37571 1.61165 -0.129557
0.594792 -1.16481 1.51675 0.041797
5.92619 -1.34165 1.72648 8.88776
-1.3797 0.317753 0.214085 -2.62145
-0.939287 -1.37259 1.76175 -0.532853
-1.23462 -2.50723 5.58852 -1.06961
4.46879 -2.93674 2.15041 2.90258
1.73972 -0.675589 4.28391 8.07202
2.12376 -0.82838 0.889621 2.00037
1.34192 9.40915 -10.3998 1.28503
5.13222 0.022049 1.07203 6.2841
-1.30503 0.302614 -0.245372 -1.02794
1.02546 -0.281664 0.448622 1.33186
0.347417 -1.19412 1.956 -0.282965
-1.25823 -0.214965 0.340618 -2.10784
1.1576 -1.08117 1.01451 1.39255
-1.8182 -0.154551 0.306914 -1.50613
-1.21451 -0.270578 0.913937 -1.2689
2.11959 -0.57745 0.502735 2.16454
4.65671 2.53232 -2.07397 6.03026
0.010586 1.08535 -1.96214 0.262102
-2.29173 -0.034862 0.25342 -2.37623
0.753869 -0.957449 1.51585 0.423262
0.447921 1.26931 -1.85312 0.333011
1.65686 4.74017 -7.7248 1.23284
-0.541434 -1.00908 1.90772 -0.42762
1.58844 0.188311 -0.419895 3.75964
0.0204 -1.21908 2.25399 -0.052552
0.55681 -2.54924 2.52126 0.409056
0.321755 14.1577 -19.7038 -1.32756
1.02683 1.6886 -2.05914 1.00717
-0.575905 1.55145 -1.61593 -0.384083
2.47527 -0.427849 1.80502 4.7152
-1.16726 -1.18638 1.65879 -0.835924
-0.672294 -1.21469 5.95493 -1.60582
0.173299 1.21251 -1.8897 -0.557535
0.255059 2.07021 -3.81773 0.10831
-0.627395 -5.1281 5.43457 1.69652
-3.63586 -0.631766 -0.859148 -3.04268
1.40208 1.19387 -2.17574 1.18643
-6.75617 -0.597993 -0.07274 -5.97557
-3.01931 0.204817 -0.208699 -1.85716
-1.34847 -0.305277 0.436033 -2.85561
0.529188 1.24325 -1.79437 -0.176031
0.632844 -1.14912 3.3841 0.165415
-2.94884 0.152892 -0.658303 -2.78745
-2.18924 0.461253 -0.207312 -1.61078
5.82969 70.0716 -71.7367 1.48361
-2.56858 0.714727 0.417499 -2.44504
-0.801383 -0.827771 0.794318 -1.11008
-1.47545 -0.142617 -0.427017 -2.1283
1.55412 1.29157 -1.73303 1.52533
0.61032 1.5286 -1.86822 0.463032
2.2657 -0.150688 0.190861 1.98837
-0.657043 4.33972 -4.1101 -2.14963
1.32514 -0.46791 0.827303 1.46876
0.471464 1.13047 -2.20437 0.553781
1.26913 -0.590561 0.810526 1.40459
0.483378 -1.232 1.03214 0.562196
-0.493283 -2.32279 2.15082 -0.517737
-2.87162 -0.374011 -0.709697 -3.14538
0.01745 1.28567 -1.33678 0.613637
2.08786 0.342759 -0.112985 3.83357
-0.129672 -1.75823 7.44154 -1.71399
0.69454 -1.83977 9.4159 2.53149
-0.075193 5.4567 -5.22856 -0.787605
2.24837 0.947675 -1.41561 1.57574
-0.007057 1.33522 -1.46978 -0.724362
-1.53207 -7e-005 -0.509063 -1.46336
1.28074 0.494847 -0.184908 1.71128
-0.301004 -1.59953 6.8227 0.216052
1.11649 0.002362 0.89144 3.42053
-1.28388 0.220383 -0.613618 -1.17412
2.11627 1.15223 -0.200368 2.90473
-1.22438 -0.384655 0.45168 -2.99519
-2.04208 -0.271989 0.608172 -1.33508
0.335517 -5.32235 6.10212 -0.142466
-1.22539 -1.17046 3.86044 -1.27012
4.54897 -0.831351 3.03893 5.33708
0.501576 1.07683 -1.98753 0.344456
-1.9023 0.124967 -0.427517 -1.48754
0.64189 1.03838 -2.2884 0.618675
1.09932 0.006428 -0.162988 1.35975
-1.93102 1.23772 -1.94992 -3.13647
-2.33598 -4.2697 8.83181 -1.30852
-1.24043 0.473197 -0.53291 -1.11258
-2.18539 0.110275 -0.010911 -1.7479
2.78269 0.70242 -0.700853 2.92072
-1.5424 -0.231532 -0.356659 -1.33305
-0.288114 2.16078 -2.32864 0.180372
1.56564 0.775799 -1.33361 1.06805
-0.198835 -1.22473 1.21608 -0.408949
-1.24865 0.011227 -0.204151 -1.51968
0.37128 1.41723 -1.41723 0.37128
-1.20752 -0.050197 -0.282453 -1.33602
1.13214 -0.237929 0.421832 1.11868
-2.97646 1.00688 -1.63875 -14.4513
0.184327 -1.09159 1.81971 -0.110978
-0.366723 1.24769 -1.7072 0.029237
1.79496 -0.266046 0.518143 2.07813
-1.25496 -1.3864 0.699237 -1.58148
-0.628376 2.39943 -1.79894 0.453977
-0.98878 -0.538258 0.35336 -2.21183
1.12475 -0.183415 0.126952 1.12823
-0.44749 1.15471 -1.57212 0.023247
-0.692697 1.65134 -4.10973 -0.649321
-1.34686 0.239631 -0.671348 -1.15229
0.976588 1.02559 -0.41118 2.50783
-1.80234 -9.77066 11.5682 -1.11623
0.341496 1.31536 -2.58645 0.2319
0.400395 -1.10503 2.53702 0.073668
0.748887 1.33972 -2.1114 0.517531
1.24245 -2.09641 3.16247 0.654783
0.904147 -1.31539 1.61573 1.79322
-6.52513 0.429853 -1.48152 -5.70725
-4.38227 -1.46958 -0.74306 -2.0773
1.03802 0.845044 -0.976537 0.886763
0.189951 -1.36211 2.29587 0.087684
0.241169 -2.36169 2.9536 0.008005
2.18627 -1.37793 0.26298 2.82998
1.89248 -0.411823 0.21542 1.76085
0.178805 -1.11004 1.1636 0.124593
0.094085 -1.25935 1.51244 -0.066658
-1.22848 0.413764 -0.570396 -1.14721
-1.31036 0.286418 -0.054933 -1.1216
-1.22227 0.366001 -0.156316 -1.23824
1.42546 -0.360041 0.648912 1.8912
-0.195619 -1.41456 1.32041 -0.62283
-1.12882 0.227708 -0.107568 -1.09634
-0.77754 -0.849614 1.37258 -0.677586
12.1201 3.47882 -7.73558 14.0277
-0.596664 1.07165 -0.972875 -0.739509
-0.327169 -1.39895 1.48438 0.02504
-2.07507 0.246078 -0.33958 -2.80903
-0.789026 1.7295 -2.3712 -0.412747
-3.4636 2.00509 -2.76814 -1.70548
0.779964 1.80813 -2.45528 0.393724
-1.79694 0.344112 -0.713277 -1.38556
0.929239 -0.487324 1.0104 1.74744
-2.32047 0.326353 -0.085631 -1.96676
1.16778 -0.385812 0.594184 1.11164
0.600371 -1.05894 1.23682 1.31385
-2.54206 0.25121 -0.010306 -1.31698
-1.10127 0.276623 -0.229755 -1.14258
0.423531 -1.4711 2.93323 0.065232
1.31123 -1.7913 3.87087 1.01225
-1.0658 0.120927 -0.327638 -1.84308
1.20769 5.74417 -7.63243 1.2422
-0.589526 -1.35691 2.51206 -0.402792
-1.16479 1.06599 -2.31865 -0.94655
1.24789 0.215266 -0.381969 3.01211
1.24699 -2.26639 2.96267 1.07132
-1.18798 1.39085 -1.96063 -0.708006
1.82593 -0.202308 0.142405 1.3601
-0.570368 -1.13239 3.83504 -0.803332
0.689866 0.915805 -1.60284 0.725604
0.770268 -0.832551 1.22665 0.992921
2.15914 0.834513 -0.123377 2.45434
-0.604341 -5.74394 8.25109 0.604854
0.763019 -0.907351 1.38226 0.525812
1.26605 -0.354298 0.363352 1.47714
-1.6673 -0.537594 1.34045 -1.26357
-5.02072 -1.64616 1.18192 -6.44118
-2.57793 0.151617 1.97599 -2.31812
-1.36707 -11.4589 14.3813 -2.29524
3.81676 -1.15216 -0.229342 7.59595
-1.86861 0.957059 -0.706878 -1.05588
0.690249 1.08844 -3.26258 0.245614
-0.1155 -1.09544 1.09544 -0.1155
0.340095 0.988234 -2.1463 0.50249
0.734596 -2.76668 7.36435 0.860817
-2.06893 -1.35273 2.07349 -3.01443
1.04837 1.67282 -2.47141 0.696012
-1.75775 0.565252 -0.33271 -1.47576
-1.48957 -0.24371 0.05684 -1.92203
0.432554 -1.69169 3.22235 -0.203426
-17.77 -1.27872 2.46176 -22.9326
-0.157892 -1.22332 1.34854 -0.140412
0.307619 1.03569 -1.34616 0.352469
2.47472 0.315745 -1.26758 2.32736
0.746067 -8.40667 6.72811 1.80092
0.173541 1.05251 -2.04775 0.257325
-0.302608 3.05673 -3.14863 -1.29188
0.054942 -1.09102 1.57847 0.010184
0.327 -1.74371 2.15395 0.555051
0.994186 2.69677 -2.73523 0.893552
2.87158 -0.659793 -0.072357 2.85741
-0.152363 1.11106 -1.34143 -0.110669
1.27373 -0.074723 0.221008 1.19997
-0.532399 -0.914857 1.13624 -0.694366
-2.24866 -0.145281 0.426021 -1.32967
3.34688 2.60494 -3.66786 5.5046
1.32214 0.904084 -1.00125 0.880135
0.062696 1.09517 -1.6239 0.05876
-0.226407 1.20192 -1.92156 -0.430331
1.28842 -0.436642 0.62588 1.17495
-1.25403 -0.08725 -0.100788 -1.25904
-1.04373 0.224517 -0.188491 -1.03653
1.67667 0.100885 -0.415071 3.21588
-0.4159 1.00005 -1.00005 -0.4159
2.16185 -1.02444 0.198487 1.3185
2.51712 -0.957319 -0.28123 2.70519
0.015114 -1.06662 1.66706 -0.139373
0.104196 1.35952 -2.08976 0.148335
1.09312 0.547883 -1.29487 1.07441
1.01726 -1.21733 3.32796 0.33902
-0.050842 -2.8111 2.48744 -0.266878
-0.745704 -1.31227 2.04675 -0.42772
0.105702 1.0708 -1.76742 0.216105
-2.83932 -7.16447 10.2017 -2.15691
3.91921 -0.427779 0.847063 3.81948
-2.42035 0.234329 -0.330714 -1.38891
-0.306302 -1.03612 1.67651 -0.243162
-1.29656 -1.88671 3.90493 -1.48761
2.30649 -0.492671 0.15437 1.68451
1.40413 -0.250432 0.35918 1.28819
1.05804 -0.45542 0.505454 1.12292
0.088149 1.07808 -1.62668 -0.097798
2.57824 -0.164419 0.959219 2.96954
-0.260015 -2.69631 4.78939 0.096233
1.17509 0.819376 -0.248564 1.46202
1.47819 -0.340615 0.287205 1.3522
0.166234 -1.02145 1.50651 0.297071
1.2202 0.163604 0.209109 1.58915
2.28835 -0.468028 0.228312 1.69426
-1.48851 0.612654 -0.747829 -0.91347
-1.01731 -0.468679 1.19348 -2.07899
-0.764114 -1.40437 1.78399 -0.625202
0.050179 2.08728 -3.71111 0.670997
-0.050007 1.10173 -1.61672 -0.12713
1.62633 2.43524 -5.46253 2.27304
5.87747 -10.7499 17.7167 0.561884
-2.68594 0.2011 -0.703417 -1.52591
-0.632947 -1.3316 2.05684 -0.165575
-0.274987 -1.52947 2.17892 -0.245353
-1.12435 -0.225586 0.500547 -1.55084
-1.58384 0.45496 -0.456078 -1.06566
0.449749 -0.969417 1.58726 0.714002
0.090155 1.32847 -1.51307 0.134858
-0.8317 1.18858 -1.58922 -0.262499
1.82235 0.542172 -0.122437 5.01191
-0.393015 -1.04095 1.42475 -0.250244
0.081262 -1.17797 2.16159 -0.027095
-0.088081 -1.22505 1.62128 0.051603
1.00987 0.457071 -0.562478 1.31077
-2.10698 0.431911 -0.333953 -1.55959
-1.23118 -1.88441 8.30752 0.071589
-0.458354 -1.37456 2.39946 -0.307512
1.14574 -0.36225 0.951244 1.25245
0.891157 -0.643396 2.32028 4.55543
4.26116 0.232159 -1.22541 2.62205
0.815742 2.94207 -3.70946 1.63489
0.320082 1.08765 -1.35975 0.112069
0.18197 1.31333 -2.13876 0.196295
1.3083 -0.014285 -0.70816 2.0878
-0.40308 -1.01149 1.71062 -0.676661
-0.319575 -1.37187 1.26089 -1.20813
2.21541 -0.365794 0.220302 2.03794
-0.377943 -1.10792 1.74704 -0.095372
1.56904 0.303148 -0.784059 1.14262
-1.22424 -2.03809 4.11817 -0.93674
1.3918 -0.0136 -0.291654 1.0867
-4.45877 0.691212 0.865886 -5.86516
-1.76883 1.4484 -1.88189 -2.87765
0.31561 -1.32301 1.73687 0.541841
-1.42779 -1.86161 3.99002 -1.59408
-2.44999 3.7477 -5.04223 -0.340812
3.6453 0.46063 1.55777 15.3952
-0.849615 1.44998 -2.28565 -0.497658
-1.14023 -0.365586 0.300304 -2.12571
-0.664628 -1.1734 3.89522 -0.249765
-0.378324 1.26779 -2.03414 -0.128622
-5.58427 -3.17762 0.577276 -1.45354
-2.33755 -3.82929 4.14742 -1.27344
0.199609 1.1527 -1.3351 -0.054812
-1.07621 -0.331841 0.109331 -1.39649
-1.03613 -0.244467 0.493002 -1.6556
0.146992 1.2654 -2.28543 -0.037147
-2.17139 -0.444498 -0.223415 -4.02963
0.132669 -1.4259 1.96545 0.042665
-0.366756 1.13961 -1.61273 0.063894
2.52467 -0.144875 0.143026 2.58382
0.3347 -2.86471 2.97894 -0.35569
-1.71777 0.554542 -0.906746 -1.91123
0.233104 1.09559 -1.90772 0.076119
-1.22528 -0.009918 -0.137443 -1.33737
0.232268 1.29654 -1.46454 0.177155
1.07107 0.969607 -2.19051 0.560388
1.21425 0.244815 -0.588152 1.34023
1.38842 1.20715 -1.91027 1.05468
-0.61656 -1.38832 1.24303 -0.958964
1.22486 0.233874 -0.326395 1.40682
0.533093 -1.07814 1.89632 0.612434
1.63997 -0.096704 0.225931 1.06484
-1.4617 -0.856169 1.20264 -1.2544
0.949782 -1.55461 2.20375 0.867315
-1.89096 0.247885 0.11066 -2.08173
0.470981 -1.18704 1.12626 0.320376
-1.0727 1.00922 -1.19735 -0.509836
0.984954 -0.447308 0.742947 1.29839
2.33364 0.000323 -0.393227 1.76722
3.58535 -0.810773 -0.141804 1.495
-2.89687 1.31228 -2.86745 -2.56007
-0.237733 1.66274 -1.2028 -0.338094
-1.01862 2.30015 -1.59044 -1.84827
-1.1595 0.015363 -0.086133 -1.38882
-1.80318 1.95722 -4.2838 -0.859834
0.627213 -1.33347 1.04314 0.475028
0.313848 -1.85056 2.21219 0.307892
1.10202 -0.611924 0.93396 0.870911
-1.16878 0.05979 0.113156 -1.33473
2.25237 -0.173361 0.175181 1.54594
1.05405 -0.783452 1.65418 0.802242
2.51544 6.14466 -6.87301 3.26151
-4.27794 0.559885 -2.21099 -4.99757
-1.60429 -0.527618 0.436478 -1.84812
-0.044822 -1.05374 1.7658 -0.222184
0.705867 -3.07657 3.32932 0.728445
1.35569 -0.24672 0.135931 1.23625
-1.34749 1.10226 -1.13176 -0.579284
0.101388 -1.16589 1.16875 -0.108524
0.145497 -1.07505 1.2897 0.374274
-1.44729 0.133534 -0.108242 -1.11171
-0.856075 -0.744816 0.919616 -1.42232
-1.84469 0.676583 -0.020375 -1.47922
4.12782 -0.820855 1.04795 4.53296
0.030781 -1.26715 2.19066 -0.25509
-1.19232 0.87317 -0.571179 -1.31279
-1.20669 0.036797 -0.304525 -1.16609
-0.191883 -1.34472 1.29909 -0.422491
0.27799 1.33774 -1.60561 0.090964
0.823773 1.33859 -2.14678 0.525459
-1.27275 -0.476188 0.4737 -1.09202
