2218
43.613312 822.232788
295.919769 267.858643
308.670135 259.836823
308.411591 267.853912
314.419434 222.173477
323.712494 266.615417
324.852356 277.848297
325.321259 235.153839
327.257416 273.808868
328.605713 261.231628
329.136810 231.710373
329.368958 243.338242
329.326660 298.915253
329.791260 258.322174
330.867401 255.654434
331.846405 247.751526
334.240326 265.747681
334.669891 263.760773
336.636597 263.068817
339.263977 304.898987
340.731934 299.409088
341.251770 257.820435
344.626099 183.235977
344.905457 239.859634
345.743683 296.852692
346.791901 179.095749
349.663574 197.164871
351.688354 272.790558
352.795959 318.201508
354.645966 212.612564
354.274017 278.600433
356.434784 312.356323
357.127991 317.812378
357.350861 309.957367
359.745636 227.349167
360.610626 218.743713
361.213837 312.336487
363.714813 311.400208
364.286957 265.119751
364.832428 223.076416
370.324341 277.741974
370.756073 222.683670
376.805115 169.786652
376.774109 226.616409
377.636963 235.783478
377.306244 251.926117
383.421722 274.150360
383.879547 279.229492
385.918518 191.142654
388.402740 291.214294
389.702942 266.209686
389.860443 192.276291
391.638123 170.914017
393.130096 282.393158
393.721741 308.169403
398.079071 284.701752
398.741394 313.763153
399.729218 323.688049
402.203827 198.398819
402.582916 262.675842
403.351471 349.152191
404.095825 284.291626
404.306274 270.736420
409.161652 216.794037
410.314758 267.904846
411.384644 313.312500
411.770538 186.732681
411.743286 208.148346
412.950439 265.237457
416.249481 200.395462
416.157227 249.682053
416.168549 302.660156
418.345093 294.870392
418.782349 204.304840
420.381897 245.102417
421.932373 254.170563
423.068054 204.305984
426.792725 339.757263
431.670837 260.658264
431.761230 235.840866
433.624817 270.255524
433.611542 283.176422
435.679108 205.614471
437.139832 302.372711
437.736053 268.390411
438.264313 262.755219
440.277771 298.249542
443.836365 308.389862
444.374084 290.263733
446.096375 309.894623
447.689545 294.890167
452.734833 283.168121
454.717834 195.700333
455.862915 215.225174
458.330841 207.873581
459.287415 214.841736
460.320709 208.592606
461.936432 214.821960
462.208191 261.202087
462.220947 291.819427
462.353638 208.950119
465.132416 212.385223
466.603485 347.832214
467.642914 219.890259
470.080688 961.260498
473.185120 277.095459
473.796570 291.652191
476.819977 286.314423
482.290527 258.744751
486.667450 319.361176
487.715179 265.130402
490.606689 272.280304
497.282654 345.274658
503.709869 238.758743
509.382416 255.869171
701.210815 462.695282
708.638489 436.265656
713.153992 420.853119
724.730835 414.910187
730.145386 388.890167
730.132629 391.147949
734.707581 401.217896
734.823669 406.161591
735.673096 392.907501
738.341492 394.438141
740.819946 387.138245
742.153503 397.827728
745.879456 409.365723
746.100891 418.784363
747.942749 426.658295
748.717041 396.704498
750.200012 434.203796
751.237244 396.374969
751.385437 440.885773
752.320679 428.707153
754.616577 428.245758
755.115234 473.197083
757.590576 433.157227
757.642090 474.585693
758.692078 425.693695
761.227539 407.211090
761.405090 402.354462
762.820190 396.593658
762.751465 431.919983
764.274658 407.799957
763.797180 420.412109
764.598328 449.133209
765.482849 400.922974
768.912109 404.355988
769.226685 409.763245
768.822937 411.769073
771.326965 409.228058
772.063721 416.811676
772.457642 410.335724
776.243103 427.106476
777.901611 465.366699
780.624268 403.167664
789.754211 458.297089
791.793091 444.093628
794.381287 444.189453
805.244629 534.379700
1107.202271 768.198120
1112.325073 722.401062
1116.779175 752.256348
1125.222900 749.932922
1127.459961 766.164917
1128.776611 768.542053
1130.907349 703.785706
1132.855103 760.742249
1135.164063 657.597717
1135.834106 685.518005
1139.038574 745.704529
1144.382324 706.413574
1146.850098 735.679138
1147.332153 702.109863
1148.120972 605.336975
1148.806519 663.927124
1149.626343 607.609192
1149.403198 659.805176
1149.900146 661.652954
1150.661255 605.136597
1150.798462 599.627197
1151.682495 524.007263
1151.563110 606.464722
1151.636353 661.410767
1153.910645 714.672424
1154.286133 701.890198
1154.766602 659.752197
1156.604858 598.669006
1156.838745 675.437561
1156.738281 690.236572
1157.200073 686.792725
1158.258789 596.804626
1158.389893 661.630493
1158.832153 622.889038
1159.608643 687.802002
1159.885864 684.694336
1159.891113 690.283447
1160.605225 666.869446
1160.699707 677.918152
1161.491089 619.325745
1161.489624 683.215637
1161.654907 683.894897
1162.130249 600.830200
1162.240356 593.891663
1162.732666 623.355469
1162.410522 667.219360
1162.751709 678.192749
1162.746338 681.613586
1162.761597 685.724670
1163.610474 620.850220
1163.887085 684.403687
1164.722900 683.367859
1165.091431 666.116882
1167.746704 563.869934
1167.296265 598.419434
1168.158203 616.085144
1168.158203 655.212219
1168.704712 682.050049
1170.130127 450.580475
1169.872437 660.712280
1170.739624 614.307617
1171.141724 707.837952
1171.288330 573.213989
1171.679688 659.249329
1171.393921 667.835266
1171.728149 688.706482
1172.827759 565.279053
1173.671509 616.456543
1174.211792 682.227112
1174.170654 688.815491
1174.344360 538.653687
1175.200562 529.670105
1174.842285 700.829102
1175.348389 659.184021
1175.901978 547.236206
1175.868164 614.723938
1175.789063 617.197449
1176.341187 504.771576
1176.262817 537.881104
1176.475830 541.201172
1176.511353 553.104919
1176.355591 699.930359
1176.934814 445.759735
1176.864868 551.854126
1176.862305 619.641418
1177.234375 631.721497
1176.948242 656.160645
1177.627808 527.181641
1177.334839 536.194702
1177.263916 645.579529
1177.613037 658.752930
1177.314331 697.364380
1177.839233 459.216705
1177.939453 525.280396
1178.014038 531.624329
1178.137695 539.131958
1177.734009 549.185974
1177.996094 557.988953
1178.099854 559.630188
1178.186401 633.947571
1177.804932 660.679504
1178.165283 665.417664
1178.250610 496.091217
1178.333130 515.628418
1178.322632 551.784607
1178.240967 610.667297
1178.801025 647.202026
1179.108643 657.642090
1180.098389 499.153809
1180.243042 682.458374
1179.803955 696.336914
1180.344482 533.071106
1180.352539 641.177368
1180.671265 673.438843
1180.219238 691.322510
1180.380249 704.804565
1180.849365 613.327576
1181.176147 688.893433
1181.603271 636.174255
1181.730225 662.634521
1181.273193 702.379456
1181.719360 707.637024
1182.411011 660.839294
1182.674316 678.603455
1182.631836 697.620056
1182.306396 700.302307
1182.825562 632.869812
1183.655396 446.412628
1183.789673 635.336365
1183.686401 689.260925
1183.778320 618.348511
1184.058716 631.883545
1183.813843 638.614563
1183.825806 648.560669
1184.164185 653.213135
1184.598999 613.632507
1184.712402 615.611389
1184.718872 641.082336
1184.349976 682.877686
1184.808594 696.974976
1185.267578 698.695435
1185.335205 629.849365
1185.441162 645.816895
1185.664429 648.661255
1185.829590 493.248535
1186.137207 526.022949
1185.838989 619.158325
1186.165649 679.075012
1186.287109 682.790100
1186.713867 615.734863
1186.342285 636.862610
1186.261108 638.612000
1186.760010 666.723633
1186.399170 684.341614
1186.674438 691.788086
1186.612061 693.702332
1186.696655 696.277832
1186.900146 486.321655
1187.120972 540.356079
1187.213257 598.847107
1186.933472 601.059204
1186.959717 611.855347
1186.809326 617.213623
1186.973999 646.160767
1186.782715 673.069763
1186.796997 741.884644
1187.335815 630.037842
1187.704224 659.412354
1188.093872 472.636017
1187.882690 702.322571
1188.411255 469.791229
1188.621460 596.880188
1188.289063 637.250793
1188.221313 645.283386
1188.326050 648.878601
1188.402100 670.704651
1188.945313 478.300507
1189.098633 574.138184
1188.901245 581.651245
1189.099854 587.264282
1189.136597 673.729614
1189.164551 697.631042
1189.249634 487.283813
1189.259766 504.130676
1189.607178 519.834045
1189.661133 522.765808
1189.635986 531.639343
1189.691284 554.976074
1189.259033 615.973450
1189.575806 662.546204
1189.722168 687.357605
1189.649292 691.934204
1189.532104 701.712036
1190.176147 456.648743
1190.154053 540.377075
1190.120972 542.885864
1190.136963 636.941895
1190.205078 647.080078
1190.193359 657.688721
1190.663330 484.033600
1190.345337 559.888062
1190.649048 671.666016
1190.942383 588.627563
1191.027710 602.753235
1191.215698 616.083679
1190.757935 643.688660
1191.235596 674.328186
1191.270386 695.800598
1191.626343 592.626038
1191.678223 600.201416
1191.310181 605.265930
1191.277710 607.868347
1191.289063 613.720520
1191.653076 617.628662
1191.267334 701.208984
1191.824219 567.081299
1192.146118 594.904785
1191.924072 648.148071
1191.819458 650.487488
1192.208252 524.759766
1192.649170 529.228027
1192.718628 538.130798
1192.346191 590.365417
1192.330078 597.410522
1192.256470 623.781921
1192.552734 643.034058
1192.400513 679.152039
1192.642944 699.136658
1192.770386 473.306641
1192.904419 484.094818
1193.155762 515.981689
1193.121826 545.720032
1192.938477 580.703064
1192.800659 689.848389
1192.796875 736.238098
1193.435425 566.285278
1193.283569 568.651001
1193.250977 571.295227
1193.643921 589.051575
1193.689209 598.523682
1193.381836 613.922791
1193.431030 674.159058
1193.711670 696.852905
1194.077271 583.382935
1194.700073 472.355682
1194.396484 564.777832
1194.436646 573.148499
1194.675415 576.558838
1195.226074 469.448853
1195.184204 529.248779
1194.804199 544.614990
1194.918457 579.182312
1194.892700 600.433960
1195.162354 607.377380
1195.611572 540.818115
1195.390625 597.606323
1195.644287 604.259521
1195.648193 616.350220
1195.230469 635.371887
1196.083130 523.052734
1195.803345 587.815735
1195.850586 614.072937
1195.810425 641.265808
1195.927368 676.359192
1196.588867 568.833496
1196.724731 634.463989
1196.724121 698.376099
1196.755981 560.221191
1197.104736 606.473206
1197.166382 734.453369
1197.638428 523.158447
1197.693481 596.145020
1197.729736 614.166809
1197.623779 679.268372
1197.944824 619.273560
1198.725342 550.642334
1198.661011 552.704285
1199.033325 699.667603
1199.605347 500.049438
1199.255493 579.467041
1199.245483 581.172302
1199.421753 589.870544
1199.597778 607.159790
1199.808716 597.796753
1200.159912 616.297852
1200.153809 621.683411
1199.863770 679.316528
1200.439819 484.517273
1200.380615 504.375916
1200.350098 604.284729
1200.217773 614.177673
1200.226318 617.776550
1200.353394 623.871582
1200.636841 697.869324
1201.191650 509.410034
1200.762085 551.903320
1201.366577 581.152893
1201.718506 583.236084
1201.647827 605.612305
1201.576050 671.260620
1201.696289 676.871643
1201.843140 511.792847
1202.185425 514.869934
1202.072998 590.685608
1201.879639 669.569092
1201.744995 711.894958
1202.754761 517.172791
1202.797363 541.688965
1202.728516 543.846985
1202.303833 560.732483
1202.277832 571.076294
1202.320923 603.382202
1202.717773 604.657227
1202.274292 614.468750
1202.922363 519.591370
1203.102295 619.367920
1203.738403 671.338196
1203.026123 699.299500
1203.354980 546.130493
1203.330933 592.690430
1203.794434 523.368530
1204.171509 554.114380
1204.168213 569.378784
1203.840088 683.347412
1204.376343 551.801025
1204.722534 614.531006
1204.429565 671.377258
1204.331665 674.156799
1204.303101 676.733948
1204.854248 531.709473
1205.106567 558.169312
1205.234619 699.217407
1205.401123 533.683716
1205.656372 570.616211
1205.621338 597.423767
1205.633179 606.075195
1205.482666 631.253357
1205.620361 704.122559
1206.153076 536.406067
1205.749512 562.877563
1206.228516 578.954712
1205.860352 645.605957
1206.765625 616.756714
1206.731079 622.164124
1207.083862 551.634827
1207.216431 569.208862
1206.778931 680.774597
1207.064941 699.118958
1207.258057 542.923645
1207.597900 544.642639
1207.333496 571.841919
1207.710327 574.357361
1207.600098 692.861328
1208.178101 449.137238
1207.972778 548.405945
1207.908813 596.496460
1208.589478 550.637024
1208.284546 685.459656
1208.757568 560.276428
1209.245850 576.168274
1208.726807 599.742676
1209.098022 622.150696
1209.769897 581.327271
1209.857666 624.253906
1209.910645 685.228882
1210.234619 688.252136
1210.290894 558.643066
1210.726685 561.293396
1210.389282 568.873291
1210.386108 607.127075
1211.022217 579.826355
1210.747559 598.647217
1211.089233 614.796509
1211.137817 699.248169
1211.132202 721.313232
1211.311035 585.692444
1211.627441 588.150940
1211.333862 616.826904
1211.466797 685.638977
1211.803223 567.109009
1211.814331 593.895020
1212.133301 607.680359
1212.654297 569.969482
1212.616699 578.264587
1212.689819 680.323120
1212.713501 718.239563
1212.924927 453.189545
1212.822632 586.733582
1213.128418 617.087341
1213.223267 671.710876
1213.690186 595.726929
1213.333862 614.996216
1213.559082 670.051208
1213.390015 690.681763
1213.338745 697.811768
1214.110229 598.180847
1214.569214 593.760010
1214.320435 631.342163
1214.811035 587.830750
1215.341675 582.163086
1215.557739 583.907471
1215.595947 599.378052
1215.722046 617.040894
1215.405273 699.599365
1215.838867 457.060791
1215.827393 685.689087
1216.081787 690.784729
1216.734985 586.824768
1216.733276 608.813232
1217.206299 589.257690
1217.421143 597.760132
1217.691895 607.336365
1217.746948 613.114807
1217.640259 617.360474
1218.223022 616.445374
1218.124512 624.663208
1218.165527 713.334106
1218.378296 584.998352
1218.247192 674.865723
1218.490112 706.469177
1219.135498 596.334656
1219.685791 622.382080
1219.695190 693.214355
1220.656250 607.740540
1220.337769 617.458496
1220.641113 636.557739
1221.454468 604.349243
1221.352539 609.469299
1221.314209 738.233765
1222.083496 606.335205
1221.750732 698.808472
1222.732300 622.744690
1222.608032 693.360474
1222.280884 711.413513
1223.416870 680.164612
1223.629028 684.753479
1224.005859 608.593384
1223.768433 700.587280
1224.374512 615.331299
1225.043823 610.094971
1224.846924 648.450012
1225.007935 670.270691
1224.895874 680.259888
1225.373169 624.876892
1225.872314 658.288147
1225.840698 684.627747
1226.739014 631.406860
1226.822876 646.623169
1227.152466 680.043457
1227.856812 672.208313
1228.314697 612.926147
1228.188965 662.843201
1228.346558 675.562378
1228.396118 691.337891
1228.639282 698.832336
1228.813354 693.725037
1230.333130 625.342896
1230.289429 700.805115
1231.208130 637.169678
1231.391602 615.092407
1231.298584 691.390686
1231.613403 693.682617
1232.145508 701.143799
1232.390869 659.111084
1232.299194 672.941345
1233.227539 545.316833
1232.857788 614.938110
1233.223877 684.465210
1233.314941 608.404358
1233.395386 633.107056
1233.264526 680.788330
1233.579468 686.152527
1234.268555 645.906860
1234.279785 648.809326
1234.645996 693.901978
1234.873413 662.884827
1235.164307 700.273743
1235.699585 684.571167
1235.435425 696.336731
1235.719238 698.237549
1235.713257 669.322449
1236.255981 676.768188
1236.898071 647.240906
1237.193848 667.384033
1237.338379 684.693420
1239.198853 682.160950
1239.318970 660.883728
1239.268677 684.720154
1239.889282 617.656128
1239.935791 649.092773
1240.455688 663.313782
1240.359619 672.203308
1242.597046 653.285217
1242.805786 700.413025
1243.398682 659.870605
1244.186768 737.234497
1244.280396 705.836060
1245.168945 684.656616
1246.707642 582.388977
1246.622192 661.402283
1247.752441 678.416687
1248.097046 663.321655
1248.169189 701.328918
1248.697876 703.787781
1248.412231 715.183777
1248.799316 668.738037
1248.847290 707.991272
1249.608276 666.335449
1249.393066 691.796265
1250.242554 668.130493
1251.292114 669.899902
1251.213989 681.240540
1251.654541 710.819519
1252.442383 669.497681
1252.281372 678.611816
1253.239380 675.782593
1252.777954 710.110352
1253.348755 671.141052
1256.135254 681.054138
1256.639771 682.669617
1257.144409 711.330139
1257.130493 713.863037
1257.296753 684.142517
1258.082153 671.419189
1258.300293 673.166565
1258.663452 675.425842
1260.629639 673.306702
1260.370239 703.592712
1261.171021 678.022095
1261.819214 761.178711
1263.195435 686.114502
1263.085327 688.037231
1264.875244 689.907166
1264.848267 788.160645
1265.884155 692.160828
1267.626099 626.581909
1267.717041 653.608337
1271.840576 634.840149
1273.287476 727.899902
1274.724854 798.823975
1275.165283 730.114075
1278.279297 706.607422
1278.767334 729.830383
1280.279297 709.490295
1280.238525 731.635681
1282.206421 708.148743
1283.027832 731.689575
1283.213135 738.124573
1283.361694 712.855957
1284.759277 744.145569
1287.673096 767.699707
1288.206787 748.887634
1288.439087 771.818298
1289.707886 746.466919
1290.798096 729.303223
1291.172241 796.891846
1292.009155 734.878235
1292.811646 714.326172
1294.125610 766.334717
1295.758301 680.654175
1296.069702 760.160828
1296.419067 752.587158
1296.761963 681.977173
1298.143433 709.628540
1297.810425 758.365601
1298.649292 759.838257
1298.948242 745.873047
1299.630493 747.819824
1300.143799 795.916199
1300.622437 751.320007
1301.560303 744.836121
1302.345215 765.357666
1302.693604 768.145874
1302.887695 692.260681
1303.987305 748.000183
1306.171631 779.331055
1306.166382 804.736511
1307.366943 737.877441
1308.181030 709.425415
1308.570190 738.717529
1308.896973 740.287964
1309.187988 777.131592
1309.655640 703.156616
1309.291382 746.318359
1309.308472 774.844543
1310.255249 741.323547
1310.183960 773.394592
1310.023438 780.254395
1311.749390 750.299622
1312.904175 769.812012
1315.271240 742.086304
1316.655640 763.819824
1318.191528 741.333191
1318.352295 790.618774
1319.077026 738.232300
1321.185791 790.574036
1323.141235 745.729065
1324.625732 780.752563
1327.364014 764.357849
1330.144897 733.897278
1330.669067 776.120850
1332.339600 785.727539
1332.609131 801.774963
1334.119263 765.774536
1333.867432 774.289246
1334.149292 792.421936
1338.095337 778.681396
1337.812988 799.563965
1340.345581 748.402588
1341.686035 747.309509
1344.736572 779.725647
1349.810669 762.372375
1350.842407 763.983337
333.065552 248.631927
339.867432 237.539078
349.447601 246.390457
354.364014 290.445892
355.537201 186.614105
358.843933 307.154816
362.251099 316.952362
369.430847 187.425171
369.306549 229.524033
380.396271 325.561737
383.055237 192.801682
403.437927 379.438354
406.610107 185.201279
422.237610 273.133850
423.662018 193.723938
429.347443 251.030502
437.950714 288.300293
468.417419 264.450867
487.008850 280.183990
705.945801 398.865265
708.451965 443.612671
712.348267 424.683075
715.249329 446.077698
719.437073 457.478180
725.548340 480.459900
739.330261 455.001953
740.908875 405.519897
743.394348 410.806793
747.624451 403.261963
747.327637 429.701416
754.211426 424.975952
758.041321 422.061340
758.603638 436.374268
759.514099 430.728546
759.636353 471.571747
765.066223 399.100647
767.151367 408.468719
771.727844 430.707275
773.094482 413.514404
776.288086 414.278534
1082.811401 747.269287
1107.443115 763.523254
1112.374390 759.674683
1115.368164 765.280151
1116.823608 753.446106
1122.215576 765.467224
1123.518921 752.282471
1124.971069 736.318726
1125.070190 739.601929
1127.683228 744.990845
1129.354736 734.264099
1131.555054 750.221619
1131.692749 768.919128
1134.218628 745.305176
1133.922852 755.419800
1135.518677 732.435486
1136.043457 742.431885
1140.140991 716.737183
1139.984985 725.452881
1142.865723 741.617676
1146.029175 703.848206
1146.242554 715.273499
1147.092041 724.706238
1147.413818 658.132019
1149.404663 629.200562
1150.031982 698.168945
1150.125366 701.918701
1152.029541 656.486511
1153.457153 607.605713
1153.833130 723.626343
1155.844971 699.995117
1156.847900 620.654297
1156.779785 709.030457
1157.669312 658.193787
1158.260376 601.144043
1160.509521 617.391541
1160.568237 681.308350
1161.147461 598.029114
1162.475586 675.895508
1162.382202 699.706909
1162.792358 670.726196
1162.955688 683.059387
1163.619141 665.407715
1163.330566 708.305969
1165.335815 572.208191
1165.819580 678.374573
1165.970703 681.454956
1166.677734 703.421631
1168.447388 451.734497
1169.047363 572.874512
1169.654663 599.493652
1170.952515 710.578186
1171.644043 678.611938
1172.120361 448.792114
1171.793701 681.649780
1172.259277 676.239746
1173.042847 672.836792
1173.273560 667.085571
1173.794922 499.123444
1174.091797 670.389526
1174.356079 676.465454
1174.653076 683.604431
1174.787720 556.073486
1176.160767 656.055786
1175.916870 665.387756
1177.075562 668.553101
1177.201660 678.742737
1177.676636 511.346191
1177.518188 547.293579
1177.681030 682.002502
1178.454346 501.290253
1178.549805 663.696655
1178.801392 672.810852
1178.797729 694.816284
1179.735107 643.868896
1180.015015 662.745728
1180.470337 445.295410
1180.947632 668.580994
1182.174561 607.426697
1181.970947 651.700378
1181.738281 673.305969
1182.080566 696.749695
1182.432373 611.480286
1183.276123 444.753571
1182.964111 643.699036
1183.247314 682.722595
1183.385376 650.523010
1183.298218 678.783936
1183.737305 692.080750
1183.878052 686.191467
1184.520874 529.129089
1184.643311 614.818054
1184.251221 670.806824
1185.198853 575.134094
1185.057983 639.421570
1185.236572 645.791138
1185.241943 651.455872
1184.797485 684.593384
1185.351807 570.538269
1186.134644 532.932983
1185.951172 642.945984
1186.574097 494.735229
1186.713989 603.493103
1186.958740 606.925781
1187.444702 658.757385
1188.048584 656.173035
1188.135010 684.582581
1188.875732 619.131165
1189.060547 679.412842
1189.586060 475.484528
1189.397461 514.207947
1189.700439 532.649841
1189.749146 539.579468
1189.578857 564.170227
1189.651733 577.761658
1189.318726 645.412720
1189.344604 682.501221
1189.564087 686.318665
1189.731934 525.823303
1189.808594 547.754944
1189.781616 555.565674
1189.774658 677.234924
1189.806885 692.742432
1190.641724 459.460999
1191.457642 634.072876
1191.991699 677.543213
1192.646851 684.281982
1193.183350 578.121216
1193.665405 559.958862
1194.184937 509.250641
1194.194458 632.402283
1194.494019 514.507996
1194.647461 520.166321
1195.132935 475.921936
1195.112549 634.745178
1195.044922 679.612061
1195.360718 525.937012
1195.669678 612.243835
1195.273926 700.426086
1196.118530 483.941498
1196.046021 540.048584
1196.233154 574.433777
1196.157593 592.979065
1195.811768 618.669006
1195.811646 692.703857
1196.745728 529.479431
1196.628540 578.355774
1196.814087 458.063507
1197.131348 564.109497
1197.358887 536.183716
1197.590088 631.034424
1197.681030 673.772583
1197.323486 733.620056
1198.026733 543.498413
1197.946899 684.765686
1198.121094 728.203979
1198.323120 532.568604
1198.858398 478.402405
1199.542603 673.994080
1199.260864 715.912415
1200.184692 569.061951
1200.795898 506.765503
1200.771973 682.843140
1200.970459 699.571899
1201.054199 712.406921
1201.373291 494.068878
1201.455566 671.899536
1201.513428 673.385925
1201.354858 687.395813
1201.693359 692.940308
1201.869019 731.581360
1202.978394 520.346802
1202.866699 597.576538
1202.969360 600.846680
1203.105713 631.257507
1203.628540 547.870239
1203.336060 633.786865
1203.957642 526.366089
1204.078979 607.319946
1204.038208 669.904968
1203.889893 684.692505
1204.447388 618.704712
1205.081421 532.908813
1205.117798 735.405029
1206.510864 540.460815
1206.674561 615.224243
1206.792725 671.887634
1207.229736 687.451416
1207.698608 547.281433
1207.713135 607.580017
1207.338135 683.431641
1209.466431 556.228516
1209.440063 578.662170
1210.199585 733.964233
1210.696167 724.502808
1211.113403 564.683899
1211.165894 615.577515
1211.012939 695.926636
1211.514282 729.805420
1211.914551 591.151733
1212.293701 677.348450
1213.141235 619.222961
1213.226196 674.370544
1212.998413 683.763245
1213.155396 687.533020
1213.266235 612.956848
1213.622681 693.847107
1214.107300 576.998535
1214.501709 601.167175
1215.580322 615.729187
1215.666992 670.321106
1215.666138 696.181152
1215.771606 714.602661
1216.464722 605.952698
1216.607666 707.581116
1216.268921 733.450012
1217.919312 633.053894
1218.136963 676.696289
1218.234619 736.028442
1218.387817 672.282776
1218.224121 677.802856
1219.147217 637.162903
1219.125122 687.870117
1219.357422 684.590454
1220.106567 615.563171
1221.110107 635.463684
1221.292969 678.557312
1223.216431 649.127502
1224.256104 680.369812
1224.778687 672.502441
1225.040283 674.711121
1224.969238 688.184387
1225.402100 608.074951
1225.829102 656.462280
1225.877441 738.642456
1226.488037 615.162354
1226.466064 667.018433
1227.216064 670.572021
1228.186890 739.499817
1228.110352 742.563660
1228.376343 657.574402
1229.049561 736.877075
1230.613159 634.305908
1230.472534 674.963196
1230.410889 680.959045
1231.196045 630.377136
1230.915894 684.325745
1231.664551 694.494690
1232.092285 625.207397
1232.122803 632.554993
1232.296509 671.177979
1233.009155 699.693909
1234.000122 653.190369
1233.856812 678.299622
1235.494385 645.442017
1235.601929 672.376160
1235.675049 681.398193
1236.730835 654.919006
1236.706543 670.424805
1236.583862 684.485168
1237.144775 643.427002
1237.708374 664.638672
1237.340210 700.934021
1238.405151 696.776611
1240.048096 666.120178
1240.609497 699.057312
1241.601196 657.470581
1241.689453 702.329285
1242.371460 684.572876
1242.965332 655.529785
1243.127197 667.968140
1243.964111 697.628113
1244.024292 719.374756
1244.457642 671.130249
1245.069336 700.838745
1247.414307 742.032349
1248.066895 673.075745
1248.146606 681.608337
1248.018799 684.743469
1248.345825 675.250488
1251.637939 678.773132
1253.379517 681.684631
1253.507446 708.387329
1255.110474 671.028198
1255.942505 675.509583
1257.773193 710.163391
1259.024902 673.642029
1260.697021 675.445984
1260.934326 685.425049
1261.759766 681.467773
1262.706177 712.045288
1263.656982 691.087524
1264.370483 679.429504
1265.460205 676.347168
1266.237915 682.261902
1268.307495 704.718567
1268.570313 714.367615
1274.268311 702.755249
1274.437012 706.619324
1274.885254 725.843689
1275.234863 729.354065
1275.438354 704.721130
1277.881958 730.428223
1278.196533 745.504089
1279.390991 708.987488
1280.409546 734.625488
1281.291992 720.808350
1281.885864 731.017517
1282.960449 740.718201
1286.545532 733.212524
1286.372925 810.904114
1286.977417 736.676025
1286.838379 743.583435
1287.508911 722.630127
1287.682495 734.856567
1288.709961 733.372314
1289.641113 731.719543
1289.904053 735.087402
1290.648071 721.339844
1291.164429 749.713135
1293.044189 728.152405
1297.093750 729.382629
1298.107544 684.690979
1298.296387 726.495056
1298.272339 743.075317
1298.680542 762.668518
1299.622437 699.007751
1300.013794 760.056763
1300.408203 688.858093
1301.154785 726.987671
1302.285767 746.665527
1303.240234 758.602722
1302.925781 789.319580
1303.670776 733.022888
1303.418091 768.681946
1303.905029 737.279968
1305.170898 734.623779
1305.204956 739.849365
1304.940552 770.658508
1305.288330 782.363281
1306.033325 725.762634
1306.437988 743.123413
1307.162476 768.564819
1307.366455 737.182190
1307.806641 779.823914
1307.977661 772.272278
1308.907593 738.767700
1310.692505 743.289185
1310.862793 726.085022
1312.360474 739.733093
1312.811401 770.418884
1315.748657 769.751343
1316.782349 775.024231
1317.371094 735.917053
1318.333374 760.892273
1318.232422 771.758545
1319.072388 787.930420
1319.821533 757.844727
1320.437378 763.381958
1320.609009 776.046265
1321.754761 760.290039
1322.544312 741.851135
1323.466919 758.421631
1323.444580 762.477783
1324.366455 748.723022
1328.467773 767.044800
1334.068726 777.699036
1338.159668 775.278992
1339.867432 768.544128
1340.072632 773.394897
1341.639404 750.328003
1348.655762 760.408508
1353.229736 774.191589
325.971924 259.067657
360.228180 263.360199
363.702148 321.470093
382.656311 273.348907
408.488922 216.507126
448.582245 308.857605
697.134399 430.349487
708.145447 442.883850
713.223999 423.598145
716.379944 446.211060
746.090027 429.437866
753.073059 423.933502
756.293396 432.105347
755.607849 472.131561
757.916626 422.835327
764.513367 419.000458
770.041321 416.779022
771.401306 429.962769
772.909058 474.768982
777.829224 463.977875
1093.085327 788.182251
1112.460327 756.025391
1115.627197 764.568115
1118.623291 767.686401
1123.523438 751.004456
1124.357544 764.489502
1131.649658 767.953125
1135.956055 685.387695
1136.180908 744.056580
1148.420044 659.176147
1151.823608 655.530396
1156.970825 657.279602
1158.465332 621.892212
1157.811646 675.010376
1159.920288 664.922424
1159.871094 679.841858
1161.837646 671.051208
1165.050537 664.841309
1165.962769 679.963196
1168.557373 453.349548
1169.014526 599.234070
1169.843872 573.177368
1170.107422 616.073364
1172.168945 662.093811
1172.314087 675.250183
1171.689087 680.146729
1173.397339 448.666840
1173.070679 671.349182
1174.282471 637.053528
1174.823364 655.937683
1176.160522 503.887970
1176.171875 650.722290
1175.842163 675.076538
1177.319092 521.656982
1176.807251 528.629578
1177.166504 540.256653
1177.102661 554.138245
1177.549194 680.543823
1177.664673 698.111877
1179.296875 446.154022
1178.659302 643.659729
1179.439453 658.381714
1182.017212 632.977234
1181.716553 637.247437
1183.055786 668.131592
1183.151611 680.250610
1183.954956 644.778259
1184.203735 671.569641
1187.284058 444.720490
1186.947754 489.126251
1186.722412 602.480469
1186.820923 657.187378
1186.536377 675.954102
1187.919067 592.521484
1189.168457 573.113892
1188.821045 582.705872
1189.166626 681.006348
1191.101929 609.750610
1191.184448 667.838684
1190.582153 673.014099
1191.713135 463.873260
1192.144287 470.370544
1193.411255 615.303955
1194.532227 459.916321
1194.769775 637.886230
1195.636963 484.801727
1195.774780 615.334717
1196.441162 685.003357
1196.987061 539.880310
1196.930786 573.615784
1197.290039 602.657227
1198.479736 547.567627
1197.582764 583.171997
1197.624146 592.905029
1198.460815 631.824646
1198.287109 677.519775
1198.419800 479.410339
1198.846069 556.058838
1199.185181 589.136963
1200.169800 672.732727
1200.664673 489.645111
1201.092285 681.844543
1202.259888 494.603790
1201.895630 712.973267
1205.337036 734.735901
1205.601196 583.586487
1207.056030 593.053406
1207.473999 669.880554
1208.242432 672.972473
1209.080933 602.945557
1209.875854 729.525024
1211.934937 673.107178
1212.207397 724.362488
1212.775269 573.716858
1213.215576 632.311646
1212.670898 682.370300
1214.026611 677.702881
1215.113403 583.266174
1217.562256 593.207336
1217.637939 707.595337
1219.126099 670.197571
1219.103882 677.270203
1219.867920 673.623596
1220.629639 603.202271
1220.866089 640.490173
1222.720459 647.989868
1223.932617 611.017456
1223.676636 673.730591
1223.951660 677.875427
1224.143433 682.267944
1225.120728 615.981018
1225.244507 646.544373
1225.085815 652.453247
1225.182495 666.104980
1227.412109 678.106873
1229.949341 613.306458
1230.187134 664.949829
1230.298706 674.300415
1230.364868 682.522949
1231.669189 610.599548
1235.913574 673.006470
1236.333008 683.307068
1238.250000 645.145569
1241.611572 658.438477
1242.199951 683.706482
1244.194214 657.121521
1247.827759 664.865234
1247.988647 673.982178
1248.222290 683.263550
1250.213867 678.664307
1250.598145 668.103760
1252.465698 671.271118
1254.106812 682.139832
1256.006958 708.702637
1259.599121 674.619568
1260.350464 683.779480
1262.931641 688.640259
1263.550293 678.812317
1265.733154 713.137329
1276.326294 714.742249
1281.295532 711.763000
1280.968140 735.409851
1283.966309 715.020569
1287.286133 718.593506
1288.351563 742.561951
1288.011108 747.235352
1290.129395 715.001892
1292.624268 713.117737
1295.227295 746.701599
1295.045166 751.395996
1295.634155 737.945251
1296.101929 756.778992
1296.988403 684.311401
1297.735962 690.637268
1298.148071 725.854248
1299.838745 749.677002
1300.841187 689.712097
1301.333740 719.039429
1302.158936 743.595947
1301.703003 760.835449
1302.610474 694.196411
1303.691650 747.276733
1303.829346 758.535461
1305.196289 729.605957
1304.990356 769.520447
1307.224731 784.185181
1312.453003 759.922485
1313.295898 772.757385
1315.671143 738.713928
1316.383179 741.969238
1318.236572 737.363892
1317.708252 788.867737
1319.252808 756.657776
1319.686401 763.031372
1323.642700 749.468750
1324.472778 757.958496
1324.071289 765.383057
1327.854126 763.067444
1332.479370 801.057495
1333.129639 794.097839
1336.906494 797.695923
335.894958 258.618652
355.843262 314.020660
407.843292 263.958740
500.171387 199.534897
510.314606 330.930878
696.896790 434.131348
733.896423 400.904297
748.127991 423.490631
768.626282 416.949493
772.245361 413.004669
1106.512085 766.659607
1112.013794 779.104431
1130.759766 695.932739
1148.739258 660.078186
1156.186035 603.605469
1159.622070 600.232361
1160.742310 620.728882
1165.905029 617.928467
1173.897705 655.978210
1183.714478 490.414673
1185.990845 495.303955
1185.608521 534.969482
1185.733032 657.094666
1187.283325 664.843872
1187.419434 671.150879
1188.698242 479.960297
1189.896484 651.762085
1189.806274 657.013306
1190.672729 490.503662
1192.948242 639.737488
1194.354858 461.073761
1199.139648 627.845764
1203.628052 634.568359
1209.803223 673.143005
1210.685425 452.868103
1215.052246 458.948822
1222.282349 647.235229
1221.829224 673.695557
1223.245605 677.685364
1227.907349 606.977844
1228.528564 743.478027
1235.112305 639.971497
1235.493042 646.568787
1240.962402 652.163574
1253.434326 671.804932
1254.235718 721.042786
1279.032837 745.004395
1286.959106 710.006287
1297.384766 731.887817
1298.448853 745.070862
1304.876099 747.963501
1307.228760 703.320801
1307.134888 735.141296
1308.109985 763.346985
1308.895386 770.542053
1312.690430 738.843018
1312.564697 759.062256
1338.939819 771.200378
698.195984 428.121521
736.068665 454.253174
750.393311 421.472290
770.540466 426.742188
1150.189453 661.894836
1157.206055 660.408142
1176.090942 500.105988
1211.483276 634.807190
1221.506348 733.195007
1229.117554 614.436096
1240.086304 680.301636
1299.708862 731.968079
1308.893311 733.388672
1310.065430 765.476868
1316.128662 738.871033
1319.007080 752.013916
1333.394043 796.793152
1337.318359 771.300232
297.456421 233.401016
359.329773 169.434799
392.438934 159.641953
478.984772 179.809097
498.125549 201.414932
508.295166 328.521240
763.701721 414.621246
1153.764526 661.254333
1171.273315 571.693665
1174.117188 626.438904
1177.414307 449.773468
1190.145874 480.195251
1194.102417 447.311066
1209.364624 455.580414
1317.240601 741.015747
1320.151611 749.159607
1329.912842 758.219482
300.913361 234.025208
1192.511475 484.865112
1206.623291 641.555237
1314.341309 766.641357
1334.291626 754.979980
1346.278809 785.754028
361.273315 174.410675
395.817444 165.173264
430.570801 178.501465
474.988861 184.100098
493.290833 204.335114
502.948120 325.242523
1180.096924 453.776703
1205.916504 458.692017
1207.736572 652.505127
1315.239014 767.637451
1324.593262 740.484436
306.347504 241.679657
368.020813 178.195831
392.122009 170.276077
379.072510 177.313766
477.849457 199.193756
1191.093628 464.604462
1335.081421 792.932739
318.882477 256.637878
471.704559 213.767044
468.626923 326.360260
1099.911255 789.580017
1188.906006 483.281433
386.354309 193.767914
1296.170898 791.712097
1186.554565 544.212891
406.493347 287.742950
721.226929 481.427460
1187.620483 591.870605
1191.246094 698.441467
734.707581 401.217896
735.673096 392.907501
1159.885864 684.694336
1170.130127 450.580475
1170.739624 614.307617
1177.334839 536.194702
1185.441162 645.816895
1186.399170 684.341614
1189.575806 662.546204
1190.663330 484.033600
1191.924072 648.148071
1192.904419 484.094818
1202.922363 519.591370
1203.026123 699.299500
1203.794434 523.368530
1206.228516 578.954712
1207.972778 548.405945
1211.803223 567.109009
1213.559082 670.051208
1217.421143 597.760132
1221.454468 604.349243
1224.005859 608.593384
1228.188965 662.843201
1280.279297 709.490295
1289.707886 746.466919
1310.023438 780.254395
1318.352295 790.618774
1158.260376 601.144043
1169.654663 599.493652
1185.951172 642.945984
1186.713989 603.493103
1202.978394 520.346802
1206.510864 540.460815
1209.466431 556.228516
1210.696167 724.502808
1228.186890 739.499817
1278.196533 745.504089
1299.622437 699.007751
1158.465332 621.892212
1303.691650 747.276733
1183.714478 490.414673
1190.145874 480.195251
43.613312 822.232788
308.670135 259.836823
308.411591 267.853912
329.368958 243.338242
329.368958 243.338242
329.368958 243.338242
331.846405 247.751526
334.240326 265.747681
334.669891 263.760773
339.263977 304.898987
340.731934 299.409088
344.905457 239.859634
345.743683 296.852692
345.743683 296.852692
349.663574 197.164871
351.688354 272.790558
354.645966 212.612564
354.645966 212.612564
356.434784 312.356323
357.127991 317.812378
357.350861 309.957367
360.610626 218.743713
364.286957 265.119751
364.832428 223.076416
376.805115 169.786652
376.805115 169.786652
376.774109 226.616409
377.306244 251.926117
383.421722 274.150360
383.421722 274.150360
388.402740 291.214294
389.702942 266.209686
393.721741 308.169403
398.741394 313.763153
399.729218 323.688049
403.351471 349.152191
409.161652 216.794037
411.384644 313.312500
411.743286 208.148346
416.168549 302.660156
421.932373 254.170563
426.792725 339.757263
431.670837 260.658264
437.139832 302.372711
437.139832 302.372711
437.139832 302.372711
438.264313 262.755219
440.277771 298.249542
443.836365 308.389862
444.374084 290.263733
444.374084 290.263733
447.689545 294.890167
447.689545 294.890167
447.689545 294.890167
452.734833 283.168121
455.862915 215.225174
459.287415 214.841736
461.936432 214.821960
462.220947 291.819427
462.220947 291.819427
465.132416 212.385223
466.603485 347.832214
470.080688 961.260498
473.185120 277.095459
473.185120 277.095459
473.796570 291.652191
473.796570 291.652191
476.819977 286.314423
486.667450 319.361176
487.715179 265.130402
487.715179 265.130402
708.638489 436.265656
708.638489 436.265656
708.638489 436.265656
713.153992 420.853119
713.153992 420.853119
740.819946 387.138245
745.879456 409.365723
750.200012 434.203796
751.237244 396.374969
754.616577 428.245758
757.590576 433.157227
758.692078 425.693695
762.820190 396.593658
762.820190 396.593658
763.797180 420.412109
764.598328 449.133209
765.482849 400.922974
777.901611 465.366699
780.624268 403.167664
780.624268 403.167664
805.244629 534.379700
1125.222900 749.932922
1127.459961 766.164917
1127.459961 766.164917
1127.459961 766.164917
1130.907349 703.785706
1135.834106 685.518005
1135.834106 685.518005
1135.834106 685.518005
1139.038574 745.704529
1139.038574 745.704529
1148.120972 605.336975
1148.120972 605.336975
1149.403198 659.805176
1149.900146 661.652954
1150.661255 605.136597
1150.798462 599.627197
1151.563110 606.464722
1151.636353 661.410767
1154.286133 701.890198
1154.766602 659.752197
1160.605225 666.869446
1160.699707 677.918152
1161.491089 619.325745
1161.654907 683.894897
1162.732666 623.355469
1162.410522 667.219360
1162.410522 667.219360
1162.751709 678.192749
1162.751709 678.192749
1162.751709 678.192749
1162.746338 681.613586
1163.610474 620.850220
1163.610474 620.850220
1171.288330 573.213989
1171.393921 667.835266
1171.728149 688.706482
1173.671509 616.456543
1174.211792 682.227112
1174.211792 682.227112
1174.170654 688.815491
1174.842285 700.829102
1176.341187 504.771576
1176.475830 541.201172
1176.511353 553.104919
1176.355591 699.930359
1176.864868 551.854126
1177.334839 536.194702
1177.314331 697.364380
1177.939453 525.280396
1178.014038 531.624329
1178.137695 539.131958
1177.734009 549.185974
1178.165283 665.417664
1180.243042 682.458374
1179.803955 696.336914
1180.671265 673.438843
1180.671265 673.438843
1180.849365 613.327576
1182.631836 697.620056
1182.631836 697.620056
1182.306396 700.302307
1183.655396 446.412628
1183.778320 618.348511
1183.813843 638.614563
1183.825806 648.560669
1184.718872 641.082336
1184.349976 682.877686
1184.808594 696.974976
1184.808594 696.974976
1185.441162 645.816895
1185.441162 645.816895
1186.165649 679.075012
1186.165649 679.075012
1186.165649 679.075012
1186.287109 682.790100
1186.287109 682.790100
1186.261108 638.612000
1186.760010 666.723633
1186.674438 691.788086
1186.612061 693.702332
1186.696655 696.277832
1186.959717 611.855347
1186.973999 646.160767
1186.782715 673.069763
1187.335815 630.037842
1188.289063 637.250793
1188.402100 670.704651
1189.722168 687.357605
1189.649292 691.934204
1190.136963 636.941895
1190.663330 484.033600
1190.663330 484.033600
1191.027710 602.753235
1191.215698 616.083679
1191.626343 592.626038
1191.626343 592.626038
1191.678223 600.201416
1192.146118 594.904785
1192.146118 594.904785
1192.649170 529.228027
1192.346191 590.365417
1192.330078 597.410522
1192.330078 597.410522
1192.770386 473.306641
1192.904419 484.094818
1192.938477 580.703064
1192.800659 689.848389
1193.250977 571.295227
1193.250977 571.295227
1193.643921 589.051575
1193.689209 598.523682
1193.689209 598.523682
1194.077271 583.382935
1194.396484 564.777832
1194.436646 573.148499
1194.436646 573.148499
1194.675415 576.558838
1194.675415 576.558838
1194.804199 544.614990
1194.918457 579.182312
1194.918457 579.182312
1194.892700 600.433960
1194.892700 600.433960
1195.162354 607.377380
1195.611572 540.818115
1195.390625 597.606323
1195.390625 597.606323
1195.644287 604.259521
1195.648193 616.350220
1195.648193 616.350220
1196.083130 523.052734
1195.803345 587.815735
1196.588867 568.833496
1196.588867 568.833496
1196.755981 560.221191
1196.755981 560.221191
1196.755981 560.221191
1197.104736 606.473206
1197.693481 596.145020
1197.693481 596.145020
1197.623779 679.268372
1198.725342 550.642334
1198.725342 550.642334
1198.661011 552.704285
1198.661011 552.704285
1199.255493 579.467041
1199.245483 581.172302
1199.421753 589.870544
1199.597778 607.159790
1199.808716 597.796753
1200.159912 616.297852
1199.863770 679.316528
1200.350098 604.284729
1200.353394 623.871582
1200.762085 551.903320
1201.366577 581.152893
1201.718506 583.236084
1201.647827 605.612305
1202.072998 590.685608
1203.330933 592.690430
1204.331665 674.156799
1204.303101 676.733948
1205.621338 597.423767
1206.765625 616.756714
1207.600098 692.861328
1207.908813 596.496460
1209.857666 624.253906
1210.747559 598.647217
1211.132202 721.313232
1211.132202 721.313232
1211.627441 588.150940
1211.333862 616.826904
1211.333862 616.826904
1211.814331 593.895020
1212.689819 680.323120
1213.128418 617.087341
1213.128418 617.087341
1213.690186 595.726929
1213.390015 690.681763
1214.110229 598.180847
1214.110229 598.180847
1215.595947 599.378052
1215.595947 599.378052
1215.722046 617.040894
1215.722046 617.040894
1216.081787 690.784729
1216.733276 608.813232
1217.640259 617.360474
1217.640259 617.360474
1218.223022 616.445374
1218.223022 616.445374
1218.124512 624.663208
1218.490112 706.469177
1218.490112 706.469177
1219.695190 693.214355
1220.337769 617.458496
1222.608032 693.360474
1222.280884 711.413513
1223.416870 680.164612
1224.005859 608.593384
1224.374512 615.331299
1224.374512 615.331299
1225.043823 610.094971
1224.895874 680.259888
1225.373169 624.876892
1226.739014 631.406860
1227.152466 680.043457
1227.856812 672.208313
1228.314697 612.926147
1228.813354 693.725037
1231.613403 693.682617
1232.299194 672.941345
1233.314941 608.404358
1234.279785 648.809326
1234.645996 693.901978
1234.873413 662.884827
1237.193848 667.384033
1239.198853 682.160950
1239.198853 682.160950
1239.318970 660.883728
1240.455688 663.313782
1242.805786 700.413025
1245.168945 684.656616
1248.169189 701.328918
1251.213989 681.240540
1251.213989 681.240540
1251.213989 681.240540
1252.281372 678.611816
1252.281372 678.611816
1253.239380 675.782593
1258.082153 671.419189
1258.300293 673.166565
1260.629639 673.306702
1260.370239 703.592712
1261.171021 678.022095
1264.848267 788.160645
1274.724854 798.823975
1278.767334 729.830383
1283.027832 731.689575
1288.206787 748.887634
1288.439087 771.818298
1289.707886 746.466919
1292.009155 734.878235
1292.009155 734.878235
1298.143433 709.628540
1298.143433 709.628540
1298.948242 745.873047
1300.143799 795.916199
1306.166382 804.736511
1306.166382 804.736511
1309.291382 746.318359
1309.308472 774.844543
1310.183960 773.394592
1312.904175 769.812012
1315.271240 742.086304
1315.271240 742.086304
1315.271240 742.086304
1318.352295 790.618774
1323.141235 745.729065
1333.867432 774.289246
1334.149292 792.421936
333.065552 248.631927
339.867432 237.539078
339.867432 237.539078
355.537201 186.614105
355.537201 186.614105
355.537201 186.614105
358.843933 307.154816
369.430847 187.425171
369.430847 187.425171
369.306549 229.524033
380.396271 325.561737
380.396271 325.561737
383.055237 192.801682
403.437927 379.438354
423.662018 193.723938
429.347443 251.030502
437.950714 288.300293
468.417419 264.450867
487.008850 280.183990
487.008850 280.183990
487.008850 280.183990
705.945801 398.865265
708.451965 443.612671
708.451965 443.612671
712.348267 424.683075
719.437073 457.478180
725.548340 480.459900
739.330261 455.001953
740.908875 405.519897
747.624451 403.261963
758.041321 422.061340
758.041321 422.061340
758.603638 436.374268
765.066223 399.100647
765.066223 399.100647
767.151367 408.468719
773.094482 413.514404
776.288086 414.278534
1127.683228 744.990845
1131.692749 768.919128
1134.218628 745.305176
1134.218628 745.305176
1135.518677 732.435486
1136.043457 742.431885
1147.092041 724.706238
1147.413818 658.132019
1149.404663 629.200562
1153.457153 607.605713
1155.844971 699.995117
1156.779785 709.030457
1157.669312 658.193787
1158.260376 601.144043
1162.475586 675.895508
1162.792358 670.726196
1163.619141 665.407715
1163.330566 708.305969
1165.335815 572.208191
1165.819580 678.374573
1166.677734 703.421631
1169.047363 572.874512
1169.654663 599.493652
1173.042847 672.836792
1173.273560 667.085571
1174.091797 670.389526
1174.787720 556.073486
1174.787720 556.073486
1175.916870 665.387756
1177.075562 668.553101
1177.201660 678.742737
1177.518188 547.293579
1178.801392 672.810852
1178.801392 672.810852
1180.470337 445.295410
1181.738281 673.305969
1182.080566 696.749695
1183.276123 444.753571
1182.964111 643.699036
1183.737305 692.080750
1183.878052 686.191467
1184.520874 529.129089
1185.057983 639.421570
1185.236572 645.791138
1185.951172 642.945984
1185.951172 642.945984
1189.586060 475.484528
1189.774658 677.234924
1189.806885 692.742432
1193.183350 578.121216
1194.184937 509.250641
1194.194458 632.402283
1196.118530 483.941498
1196.233154 574.433777
1195.811646 692.703857
1196.745728 529.479431
1196.745728 529.479431
1196.628540 578.355774
1197.358887 536.183716
1198.323120 532.568604
1201.054199 712.406921
1201.693359 692.940308
1202.866699 597.576538
1202.969360 600.846680
1202.969360 600.846680
1204.078979 607.319946
1204.447388 618.704712
1207.713135 607.580017
1211.914551 591.151733
1214.501709 601.167175
1214.501709 601.167175
1215.771606 714.602661
1216.464722 605.952698
1216.607666 707.581116
1216.607666 707.581116
1217.919312 633.053894
1224.256104 680.369812
1225.402100 608.074951
1226.466064 667.018433
1230.472534 674.963196
1230.472534 674.963196
1230.410889 680.959045
1231.664551 694.494690
1232.296509 671.177979
1234.000122 653.190369
1233.856812 678.299622
1235.601929 672.376160
1235.675049 681.398193
1235.675049 681.398193
1236.730835 654.919006
1237.708374 664.638672
1240.048096 666.120178
1243.127197 667.968140
1243.127197 667.968140
1243.964111 697.628113
1248.066895 673.075745
1248.146606 681.608337
1248.345825 675.250488
1251.637939 678.773132
1251.637939 678.773132
1253.379517 681.684631
1260.934326 685.425049
1261.759766 681.467773
1261.759766 681.467773
1266.237915 682.261902
1268.570313 714.367615
1277.881958 730.428223
1288.709961 733.372314
1289.641113 731.719543
1289.904053 735.087402
1298.296387 726.495056
1298.272339 743.075317
1298.272339 743.075317
1302.925781 789.319580
1306.437988 743.123413
1307.806641 779.823914
1308.907593 738.767700
1310.692505 743.289185
1310.862793 726.085022
1312.811401 770.418884
1317.371094 735.917053
1319.072388 787.930420
1321.754761 760.290039
1323.466919 758.421631
1339.867432 768.544128
1353.229736 774.191589
325.971924 259.067657
360.228180 263.360199
363.702148 321.470093
382.656311 273.348907
408.488922 216.507126
697.134399 430.349487
708.145447 442.883850
708.145447 442.883850
756.293396 432.105347
755.607849 472.131561
757.916626 422.835327
757.916626 422.835327
1093.085327 788.182251
1131.649658 767.953125
1158.465332 621.892212
1157.811646 675.010376
1159.920288 664.922424
1161.837646 671.051208
1165.962769 679.963196
1169.014526 599.234070
1169.843872 573.177368
1170.107422 616.073364
1171.689087 680.146729
1173.070679 671.349182
1176.160522 503.887970
1177.319092 521.656982
1177.102661 554.138245
1177.549194 680.543823
1177.664673 698.111877
1179.296875 446.154022
1183.151611 680.250610
1187.284058 444.720490
1186.536377 675.954102
1191.101929 609.750610
1191.713135 463.873260
1192.144287 470.370544
1193.411255 615.303955
1195.774780 615.334717
1195.774780 615.334717
1198.479736 547.567627
1197.582764 583.171997
1198.460815 631.824646
1198.846069 556.058838
1199.185181 589.136963
1201.895630 712.973267
1207.056030 593.053406
1209.875854 729.525024
1212.207397 724.362488
1217.637939 707.595337
1225.120728 615.981018
1225.120728 615.981018
1225.120728 615.981018
1229.949341 613.306458
1230.298706 674.300415
1230.298706 674.300415
1231.669189 610.599548
1235.913574 673.006470
1247.988647 673.982178
1295.634155 737.945251
1295.634155 737.945251
1298.148071 725.854248
1299.838745 749.677002
1302.158936 743.595947
1301.703003 760.835449
1307.224731 784.185181
1316.383179 741.969238
1318.236572 737.363892
1333.129639 794.097839
1336.906494 797.695923
335.894958 258.618652
335.894958 258.618652
407.843292 263.958740
500.171387 199.534897
510.314606 330.930878
768.626282 416.949493
772.245361 413.004669
1148.739258 660.078186
1156.186035 603.605469
1159.622070 600.232361
1159.622070 600.232361
1160.742310 620.728882
1165.905029 617.928467
1165.905029 617.928467
1165.905029 617.928467
1187.419434 671.150879
1190.672729 490.503662
1210.685425 452.868103
1297.384766 731.887817
1298.448853 745.070862
1304.876099 747.963501
1304.876099 747.963501
1307.134888 735.141296
1338.939819 771.200378
1338.939819 771.200378
698.195984 428.121521
736.068665 454.253174
736.068665 454.253174
750.393311 421.472290
1150.189453 661.894836
1211.483276 634.807190
1308.893311 733.388672
1316.128662 738.871033
1319.007080 752.013916
297.456421 233.401016
359.329773 169.434799
392.438934 159.641953
478.984772 179.809097
508.295166 328.521240
1171.273315 571.693665
1177.414307 449.773468
1190.145874 480.195251
1192.511475 484.865112
1206.623291 641.555237
1314.341309 766.641357
1346.278809 785.754028
474.988861 184.100098
1180.096924 453.776703
1207.736572 652.505127
306.347504 241.679657
368.020813 178.195831
392.122009 170.276077
379.072510 177.313766
477.849457 199.193756
471.704559 213.767044
468.626923 326.360260
1099.911255 789.580017
386.354309 193.767914
1177.334839 536.194702
1185.441162 645.816895
1190.663330 484.033600
1190.663330 484.033600
1192.904419 484.094818
1224.005859 608.593384
1318.352295 790.618774
1158.260376 601.144043
1169.654663 599.493652
1185.951172 642.945984
1158.465332 621.892212
1158.465332 621.892212
1303.691650 747.276733
1190.145874 480.195251
1190.145874 480.195251
