738
701.211 462.695 705.967 425.759
708.638 436.266 716.073 376.742
724.731 414.91 741.707 335.059
735.673 392.908 759.756 295.039
750.2 434.204 791.764 364.365
751.385 440.886 793.949 376.606
752.321 428.707 793.448 354.349
754.617 428.246 797.935 353.22
755.115 473.197 806.094 434.566
757.591 433.157 804.384 361.646
757.642 474.586 810.533 437.292
761.228 407.211 805.346 314.002
762.751 431.92 812.265 358.045
763.797 420.412 812.058 336.781
764.598 449.133 820.556 388.633
768.912 404.356 816.928 307.538
768.823 411.769 819.412 321.272
771.327 409.228 822.693 316.012
777.902 465.367 843.725 416.515
791.793 444.094 865.642 373.706
794.381 444.189 868.3 375.226
708.452 443.613 717.124 389.729
712.348 424.683 721.193 354.563
719.437 457.478 739.944 413.04
725.548 480.46 754.734 453.474
740.909 405.52 768.016 314.014
747.624 403.262 779.142 309.9
747.328 429.701 784.997 357.207
754.211 424.976 796.042 347.155
758.041 422.061 802.393 342.119
758.604 436.374 805.625 367.538
759.514 430.729 806.517 356.871
759.636 471.572 814.045 429.818
765.066 399.101 810.14 299.675
767.151 408.469 814.74 315.985
771.728 430.707 829.96 354.813
697.134 430.349 692.836 367.796
708.145 442.884 715.645 387.59
713.224 423.598 724.46 350.942
716.38 446.211 733.23 392.627
746.09 429.438 782.476 357.098
757.917 422.835 802.393 342.119
764.513 419 812.058 336.781
771.401 429.963 828.531 353.005
772.909 474.769 835.577 435.198
696.897 434.131 693.596 374.434
733.896 400.904 756.245 307.916
698.196 428.122 693.99 363.47
736.069 454.253 770.13 403.319
750.393 421.472 788.813 341.668
770.54 426.742 825.023 345.982
763.702 414.621 809.763 327.915
708.638 436.266 717.1 376.494
708.638 436.266 716.073 376.742
754.617 428.246 797.935 353.22
763.797 420.412 810.703 337.329
764.598 449.133 820.556 388.633
777.902 465.367 843.725 416.515
780.624 403.168 838.36 303.345
780.624 403.168 838.36 303.345
708.452 443.613 717.124 389.729
708.452 443.613 717.124 389.729
712.348 424.683 721.193 354.563
725.548 480.46 755.669 453.879
740.909 405.52 768.016 314.014
747.624 403.262 779.142 309.9
758.041 422.061 802.393 342.119
758.041 422.061 802.393 342.119
765.066 399.101 810.14 299.675
767.151 408.469 814.74 315.985
697.134 430.349 692.836 367.796
708.145 442.884 715.645 387.59
708.145 442.884 715.645 387.59
757.917 422.835 802.393 342.119
757.917 422.835 802.393 342.119
698.196 428.122 693.99 363.47
736.069 454.253 770.13 403.319
750.393 421.472 788.813 341.668
295.92 267.859 85.4602 568.956
330.867 255.654 153.419 545.004
344.626 183.236 180.893 388.097
346.792 179.096 184.573 380.013
357.128 317.812 206.663 683.449
393.722 308.169 278.646 663.232
437.736 268.39 365.29 578.966
438.264 262.755 366.297 567.042
447.69 294.89 385.738 637.683
454.718 195.7 397.57 421.558
455.863 215.225 401.993 464.583
461.936 214.822 415.05 462.048
349.448 246.39 190.785 525.728
362.251 316.952 216.072 679.641
369.307 229.524 229.433 490.613
406.61 185.201 302.344 396.204
422.238 273.134 334.8 589.07
423.662 193.724 336.315 415.655
429.347 251.031 348.818 540.848
437.951 288.3 366.321 622.724
487.009 280.184 464.125 609.059
325.972 259.068 144.591 552.033
448.582 308.858 387.502 668.914
335.895 258.619 164.143 551.854
355.843 314.021 203.719 673.741
407.843 263.959 306.266 567.891
359.33 169.435 210.467 359.169
392.439 159.642 273.985 340.085
361.273 174.411 214.391 369.356
395.817 165.173 281.184 351.025
354.646 212.613 200.817 452.957
357.128 317.812 206.663 683.449
438.264 262.755 366.297 567.042
447.69 294.89 385.738 637.683
447.69 294.89 385.738 637.683
447.69 294.89 385.738 637.683
461.936 214.822 415.05 462.048
423.662 193.724 336.315 415.655
429.347 251.031 348.818 540.848
437.951 288.3 366.321 622.724
487.009 280.184 464.125 609.059
487.009 280.184 464.125 609.059
325.972 259.068 144.591 552.033
335.895 258.619 164.143 551.854
407.843 263.959 306.266 567.891
359.33 169.435 210.467 359.169
392.439 159.642 273.985 340.085
1112.33 722.401 1047.13 594.367
1127.46 766.165 1075.64 662.62
1128.78 768.542 1076.84 665.974
1132.86 760.742 1084.08 653.504
1139.04 745.705 1093.22 626.978
1146.85 735.679 1106.15 609.401
1148.12 605.337 1096.3 394.951
1151.64 661.411 1108.27 488.09
1154.29 701.89 1113.33 551.889
1154.77 659.752 1111.36 481.291
1156.6 598.669 1108.83 383.364
1156.74 690.237 1118.57 533.054
1157.2 686.793 1117.75 529.611
1158.83 622.889 1115.48 421.694
1159.61 687.802 1122.4 528.392
1160.61 666.869 1122.96 493.969
1161.49 683.216 1126.07 520.856
1161.65 683.895 1126.07 520.856
1162.41 667.219 1122.96 493.969
1165.09 666.117 1129.09 490.95
1167.3 598.419 1127.66 381.009
1168.16 616.085 1130.25 409.713
1169.87 660.712 1137.35 484.721
1171.29 573.214 1128.32 338.823
1173.67 616.457 1139.96 409.605
1174.17 688.815 1147.72 527.952
1175.35 659.184 1149.48 478.481
1175.87 614.724 1142.65 406.258
1175.79 617.197 1143.82 410.323
1176.26 537.881 1138.01 280.837
1176.86 619.641 1145.96 413.194
1176.95 656.161 1148.15 473.766
1177.26 645.58 1149.05 456.156
1177.61 658.753 1149.48 478.481
1178.14 539.132 1138.01 280.837
1177.73 549.186 1140.17 298.405
1178.1 559.63 1141.68 315.138
1178.19 633.948 1150.8 436.528
1177.8 660.68 1151.24 481.684
1178.24 610.667 1147.18 399.375
1179.11 657.642 1154.92 477.365
1179.8 696.337 1157.62 539.157
1180.67 673.439 1158.27 499.832
1180.22 691.323 1158.32 530.993
1180.85 613.328 1149.62 402.766
1181.27 702.379 1161.04 548.576
1182.41 660.839 1159.17 480.856
1182.67 678.603 1162.5 509.81
1182.31 700.302 1162.83 545.39
1182.83 632.87 1156.53 434.876
1183.66 446.413 1138.85 128.014
1184.6 613.633 1158.07 404.464
1184.71 615.611 1158.07 404.464
1185.27 698.695 1167.75 542.143
1186.26 638.612 1162.86 443.979
1186.67 691.788 1169.32 530.569
1186.61 693.702 1169.29 534.284
1186.7 696.278 1169.57 537.999
1186.9 486.322 1147.73 193.348
1186.81 617.214 1162.15 408.541
1186.78 673.07 1167.89 499.587
1187.34 630.038 1161.08 429.434
1189.1 574.138 1162.43 335.59
1189.14 673.73 1172.26 500.326
1189.16 697.631 1174.48 539.936
1189.64 531.639 1158.61 269.181
1190.18 456.649 1151.67 143.864
1190.94 588.628 1165.91 359.983
1191.24 674.328 1172.26 500.326
1191.31 605.266 1168.15 387.646
1191.92 648.148 1173.9 457.01
1192.64 699.137 1180.3 541.524
1195.23 469.449 1161.79 164.349
1195.81 641.266 1179.17 446.583
1196.72 634.464 1180.82 434.713
1197.17 734.453 1191.09 597.139
1200.15 621.683 1184.29 413.548
1201.19 509.41 1175.02 228.289
1201.37 581.153 1182.84 346.702
1201.58 671.261 1192.16 495.359
1201.7 676.872 1193.06 503.896
1201.88 669.569 1192.43 491.857
1201.74 711.895 1196.03 562.341
1202.28 571.076 1183.27 329.544
1202.27 614.469 1187.91 402.324
1204.33 674.157 1197.44 499.354
1205.4 533.684 1184.07 266.785
1205.86 645.606 1197.04 450.996
1209.1 622.151 1199.67 412.801
1209.91 685.229 1207.84 516.23
1210.23 688.252 1208.69 521
1212.69 680.323 1212.32 507.683
1213.22 671.711 1211.87 493.916
1213.56 670.051 1212.09 490.635
1214.32 631.342 1209.7 427.25
1218.25 674.866 1221.11 497.16
1218.49 706.469 1222.15 551.14
1220.66 607.741 1217.95 387.387
1220.34 617.458 1218.59 403.404
1221.45 604.349 1217.7 380.64
1221.31 738.234 1231.99 600.321
1221.75 698.808 1228.91 536.429
1222.28 711.414 1231.05 556.821
1223.42 680.165 1230.53 505.799
1223.77 700.587 1232.51 538.938
1224.37 615.331 1224.01 398.476
1225.01 670.271 1231.35 488.786
1224.9 680.26 1230.53 505.799
1227.86 672.208 1235.19 488.858
1228.19 662.843 1236.04 475.796
1228.35 675.562 1236.18 496.131
1231.39 615.092 1236.13 397.119
1232.3 672.941 1243.93 489.19
1232.86 614.938 1236.13 397.119
1234.65 693.902 1250.12 526.022
1234.87 662.885 1247.43 475.458
1235.7 684.571 1252.17 509.57
1235.44 696.337 1251.3 529.354
1235.72 698.238 1252.43 532.834
1237.34 684.693 1252.17 509.57
1239.2 682.161 1256.65 505.576
1239.27 684.72 1256.67 510.982
1240.46 663.314 1256.35 475.03
1240.36 672.203 1257.83 490.754
1245.17 684.657 1266.73 508.604
1247.75 678.417 1271.6 498.376
1249.39 691.796 1274.51 519.977
1251.29 669.9 1276.2 485.938
1251.21 681.241 1276.34 503.502
1253.35 671.141 1276.2 485.938
1258.08 671.419 1286.26 485.285
1260.63 673.307 1288.19 488.427
1263.09 688.037 1296.61 512.569
1292.81 714.326 1348.83 548.75
1303.99 748 1368.96 600.406
1306.17 779.331 1377.9 653.298
1306.17 804.737 1379.64 694.038
1308.18 709.425 1374.12 538.812
1327.36 764.358 1410.1 623.608
1330.67 776.121 1416.96 643.185
1332.61 801.775 1423.06 684.137
1334.15 792.422 1424.7 669.309
1338.1 778.681 1429.84 645.712
1337.81 799.564 1431.05 679.66
1349.81 762.372 1448.44 617.425
1350.84 763.983 1448.44 617.425
1112.37 759.675 1050.34 654.646
1115.37 765.28 1055.83 663.047
1116.82 753.446 1057.38 644.512
1125.07 739.602 1069.56 619.677
1129.35 734.264 1076.2 610.202
1131.56 750.222 1081.67 636.019
1131.69 768.919 1083.35 666.143
1133.92 755.42 1086.01 644.379
1140.14 716.737 1093.11 579.719
1142.87 741.618 1099.68 619.61
1146.03 703.848 1102.1 556.972
1146.24 715.273 1102.86 576.097
1147.09 724.706 1105.19 592.32
1149.4 629.201 1100.03 434.246
1150.03 698.169 1108.35 547.68
1150.13 701.919 1108.4 553.491
1152.03 656.487 1107.59 479.007
1153.46 607.606 1104.81 397.967
1153.83 723.626 1116.17 588.372
1155.84 699.995 1117.68 549.076
1156.78 709.03 1120.44 564.603
1157.67 658.194 1117.59 479.691
1160.57 681.308 1123.17 517.095
1162.38 699.707 1128.76 547.861
1162.79 670.726 1125.61 501.431
1162.96 683.059 1128.28 520.467
1163.62 665.408 1127.34 491.141
1163.33 708.306 1131.14 561.857
1165.82 678.375 1132.68 513.262
1165.97 681.455 1133.19 516.594
1166.68 703.422 1136.63 553.458
1169.05 572.875 1128.32 338.823
1169.65 599.494 1132.07 381.69
1171.64 678.612 1142.56 511.532
1171.79 681.65 1142.9 515.686
1172.26 676.24 1143.4 507.598
1173.04 672.837 1144.35 501.948
1173.27 667.086 1144.28 492.55
1174.09 670.39 1145.8 497.684
1174.65 683.604 1148.08 519.4
1176.16 656.056 1148.15 473.766
1175.92 665.388 1148.38 489.284
1177.2 678.743 1152.23 512.255
1177.68 511.346 1136.21 235.62
1177.68 682.003 1152.78 515.497
1178.45 501.29 1136.19 219.191
1178.8 672.811 1154.14 501.885
1180.47 445.295 1133 127.545
1182.17 607.427 1153.58 392.903
1181.97 651.7 1158.78 464.186
1181.74 673.306 1158.27 499.832
1182.43 611.48 1153.95 399.594
1183.28 444.754 1138.2 125.476
1183.25 682.723 1162.1 516.545
1183.39 650.523 1158.78 464.186
1183.3 678.784 1162.5 509.81
1183.74 692.081 1164.42 533.901
1184.52 529.129 1149.49 264.08
1184.64 614.818 1158.07 404.464
1184.25 670.807 1163.01 497.481
1185.2 575.134 1156.23 338.383
1185.06 639.422 1162.86 443.979
1184.8 684.593 1168.04 518.391
1186.96 606.926 1160.97 391.165
1187.44 658.757 1166.95 474.591
1188.05 656.173 1168.47 472.009
1189.06 679.413 1172.17 510.994
1189.59 475.485 1152.15 174.85
1189.7 532.65 1158.61 269.181
1189.58 564.17 1161.78 320.602
1189.32 645.413 1169.65 454.032
1189.73 525.823 1157.89 257.951
1189.81 547.755 1160.2 293.432
1189.78 555.566 1161.14 306.896
1189.77 677.235 1172.4 505.596
1191.46 634.073 1171.8 435.14
1191.99 677.543 1176.82 506.056
1193.18 578.121 1169.52 342.991
1193.67 559.959 1167.63 312.865
1194.19 632.402 1176.49 433.883
1195.13 475.922 1161.31 174.518
1195.11 634.745 1177.51 435.135
1195.04 679.612 1182.1 509.185
1196.12 483.941 1163.51 187.969
1196.05 540.049 1171.65 279.161
1195.81 618.669 1177.78 409.376
1196.63 578.356 1174.78 342.817
1196.81 458.064 1162.42 145.096
1197.59 631.034 1181.4 429.056
1197.32 733.62 1191.09 597.139
1198.03 543.498 1173.42 285.414
1200.77 682.843 1192.06 512.832
1201.05 712.407 1196.03 562.341
1201.37 494.069 1173.8 203.813
1201.46 671.9 1192.16 495.359
1201.51 673.386 1192.48 498.397
1201.87 731.581 1198.67 593.462
1202.98 520.347 1179.15 246.434
1203.11 631.258 1190.77 428.654
1203.34 633.787 1191.56 433.09
1204.04 669.905 1196.36 492.099
1203.89 684.693 1197.58 516.105
1205.08 532.909 1184.07 266.785
1205.12 735.405 1203.8 598.933
1206.79 671.888 1201.01 494.594
1207.71 607.58 1196.31 388.963
1207.34 683.432 1203.52 513.447
1210.7 724.503 1212.86 579.918
1211.11 564.684 1196.85 318.189
1211.51 729.805 1214.91 588.333
1211.91 591.152 1201.77 361.287
1212.29 677.348 1209.5 502.033
1213.14 619.223 1207.09 407.384
1213 683.763 1212.49 512.035
1215.67 670.321 1215.89 490.701
1215.67 696.181 1220.69 531.436
1215.77 714.603 1220.54 563.342
1216.61 707.581 1222.15 551.14
1216.27 733.45 1223.74 595.691
1217.92 633.054 1216.07 429.407
1218.23 736.028 1226.8 597.913
1218.39 672.283 1220.49 493.301
1218.22 677.803 1221.58 501.365
1220.11 615.563 1217.82 399.874
1221.11 635.464 1221.36 432.119
1221.29 678.557 1226.08 502.965
1224.26 680.37 1230.53 505.799
1224.78 672.502 1231.55 492.437
1225.04 674.711 1232.14 496.321
1225.4 608.075 1224.82 387.334
1225.88 738.642 1239.56 600.316
1226.47 667.018 1233 483.028
1227.22 670.572 1235.19 488.858
1228.11 742.564 1243.93 606.949
1229.05 736.877 1244.61 596.919
1230.61 634.306 1237.29 429.171
1230.47 674.963 1241.33 495.784
1230.41 680.959 1241.63 506.415
1230.92 684.326 1242.62 510.969
1232.3 671.178 1243.93 489.19
1233.86 678.3 1246.49 500.601
1235.6 672.376 1249.27 490.663
1236.73 654.919 1249.64 461.838
1236.58 684.485 1252.17 509.57
1237.71 664.639 1252.37 477.83
1237.34 700.934 1254.98 537.163
1240.61 699.057 1260.63 533.001
1241.6 657.471 1257.91 466.122
1241.69 702.329 1262.91 538.411
1242.37 684.573 1262.12 509.64
1244.02 719.375 1268.44 566.297
1245.07 700.839 1268.28 535.219
1247.41 742.032 1276.22 602.609
1248.02 684.743 1271.65 506.476
1253.38 681.685 1280.86 503.163
1255.94 675.51 1284 492.402
1259.02 673.642 1290.09 490.22
1260.7 675.446 1291.81 491.736
1261.76 681.468 1294.25 501.41
1264.37 679.43 1295.87 496.211
1268.31 704.719 1307.07 537.652
1274.44 706.619 1317.59 540.219
1275.23 729.354 1321.19 576.146
1281.29 720.808 1330.52 561.455
1281.89 731.018 1332.21 578.352
1286.55 733.213 1340.04 581.09
1286.37 810.904 1348.67 709.109
1287.51 722.63 1340.75 563.822
1290.65 721.34 1345.83 561.252
1299.62 699.008 1359.06 523.339
1300.41 688.858 1359.8 507.117
1302.29 746.666 1368.96 600.406
1302.93 789.32 1372.91 669.685
1304.94 770.659 1374.2 636.747
1305.29 782.363 1376.84 658.228
1307.16 768.565 1377.64 634.993
1307.98 772.272 1380.45 638.322
1310.86 726.085 1380.24 565.107
1312.81 770.419 1387.07 636.528
1317.37 735.917 1392.47 580.215
1323.47 758.422 1403.83 615.472
1324.37 748.723 1403.81 599.942
1338.16 775.279 1430.1 641.134
1339.87 768.544 1431.65 629.819
1340.07 773.395 1432.87 638.126
1341.64 750.328 1433.21 598.16
1093.09 788.182 1020.33 705.382
1115.63 764.568 1055.83 663.047
1118.62 767.686 1061.19 666.878
1124.36 764.49 1070.92 660.495
1131.65 767.953 1083.35 666.143
1135.96 685.388 1082.84 529.139
1136.18 744.057 1089.01 625.242
1148.42 659.176 1101.19 484.248
1156.97 657.28 1116.6 479.872
1158.47 621.892 1115.48 421.694
1157.81 675.01 1118.06 507.964
1159.92 664.922 1121.43 490.699
1159.87 679.842 1123.17 517.095
1161.84 671.051 1125.61 501.431
1165.05 664.841 1129.09 490.95
1165.96 679.963 1132.68 513.262
1169.01 599.234 1130.39 381.73
1169.84 573.177 1128.32 338.823
1172.31 675.25 1143.21 506.167
1171.69 680.147 1142.58 512.952
1173.07 671.349 1144.46 499.357
1174.28 637.054 1144.36 441.947
1174.82 655.938 1146.8 473.634
1176.17 650.722 1147 463.783
1175.84 675.077 1149.78 504.734
1177.55 680.544 1152.81 513.861
1177.66 698.112 1154.36 542.049
1179.44 658.382 1154.92 477.365
1182.02 632.977 1155.59 435.314
1184.2 671.57 1163.01 497.481
1187.28 444.72 1143.36 125.097
1186.95 489.126 1148.28 199.436
1186.72 602.48 1160.79 384.887
1186.82 657.187 1166.95 474.591
1186.54 675.954 1167.75 503.712
1187.92 592.521 1162.1 368.35
1189.17 573.114 1162.43 335.59
1188.82 582.706 1162.24 351.274
1189.17 681.006 1172.6 514.025
1194.53 459.916 1156.19 148.614
1194.77 637.886 1177.03 441.833
1196.99 539.88 1171.65 279.161
1197.29 602.657 1178.55 382.619
1198.46 631.825 1183.12 430.981
1198.29 677.52 1186.73 505.253
1198.42 479.41 1167.1 180.526
1200.17 672.733 1191.68 496.954
1200.66 489.645 1172.51 197.187
1201.09 681.845 1192.06 512.832
1201.9 712.973 1196.03 562.341
1205.34 734.736 1203.8 598.933
1207.06 593.053 1193.81 365.454
1207.47 669.881 1200.76 491.498
1209.08 602.946 1198.39 381.412
1209.88 729.525 1213.82 588.255
1211.93 673.107 1211.59 496.522
1212.21 724.362 1216.27 579.75
1212.78 573.717 1201.44 332.967
1212.67 682.37 1212.49 512.035
1214.03 677.703 1216.31 501.795
1215.11 583.266 1206.03 348.109
1217.56 593.207 1211.11 364.181
1217.64 707.595 1222.15 551.14
1219.13 670.198 1222.87 488.409
1219.1 677.27 1221.58 501.365
1220.63 603.202 1217.7 380.64
1220.87 640.49 1221.67 441.285
1223.68 673.731 1226.57 495.077
1223.95 677.875 1230.98 502.036
1225.12 615.981 1225.16 399.24
1225.24 646.544 1229.64 450.628
1225.09 652.453 1230.27 460.209
1225.18 666.105 1230.51 481.556
1227.41 678.107 1237.08 500.016
1229.95 613.306 1234.04 393.301
1230.19 664.95 1238.67 479.441
1230.3 674.3 1241.33 495.784
1230.36 682.523 1241.91 508.289
1231.67 610.6 1236.61 390.108
1235.91 673.006 1249.27 490.663
1236.33 683.307 1252.17 509.57
1241.61 658.438 1258.23 467.451
1242.2 683.706 1262.12 509.64
1247.83 664.865 1268.07 476.384
1248.22 683.264 1271.65 506.476
1252.47 671.271 1276.2 485.938
1254.11 682.14 1280.86 503.163
1259.6 674.62 1290.09 490.22
1260.35 683.779 1291.81 505.031
1262.93 688.64 1296.61 512.569
1263.55 678.812 1295.87 496.211
1288.01 747.235 1344.42 603.463
1292.62 713.118 1348.52 546.982
1295.05 751.396 1355.51 609.543
1297.74 690.637 1355.78 509.592
1300.84 689.712 1359.8 507.117
1301.33 719.039 1363.64 556.15
1302.61 694.196 1363.24 515.501
1303.69 747.277 1368.96 600.406
1305.2 729.606 1370.47 571.735
1304.99 769.52 1374.2 636.747
1307.22 784.185 1380.15 660.549
1313.3 772.757 1388.3 641.031
1317.71 788.868 1395.32 666.365
1323.64 749.469 1403.81 599.942
1324.47 757.958 1403.83 615.472
1332.48 801.057 1423.06 684.137
1106.51 766.66 1041.77 666.259
1112.01 779.104 1051.62 687.185
1130.76 695.933 1074.89 547.254
1156.19 603.605 1108.94 391.218
1159.62 600.232 1114.98 384.921
1160.74 620.729 1118.33 418.72
1165.91 617.928 1126.66 413.377
1173.9 655.978 1146.8 473.634
1185.73 657.095 1164.69 474.406
1187.28 664.844 1167.32 486.332
1188.7 479.96 1149 182.248
1189.9 651.762 1171.02 464.413
1203.63 634.568 1191.56 433.09
1209.8 673.143 1206.75 496.452
1221.83 673.696 1226.57 495.077
1228.53 743.478 1243.93 606.949
1235.11 639.971 1244.69 437.78
1240.96 652.164 1256.05 456.935
1253.43 671.805 1276.2 485.938
1279.03 745.004 1330.13 601.121
1304.88 747.964 1370.9 601.241
1307.23 703.321 1370.02 528.07
1307.13 735.141 1374.74 581.619
1338.94 771.2 1429.38 633.708
1176.09 500.106 1130.6 217.301
1211.48 634.807 1205.54 430.968
1221.51 733.195 1231.83 593.023
1229.12 614.436 1233.62 395.632
1333.39 796.793 1424.37 676.869
1337.32 771.3 1429.38 633.708
1174.12 626.439 1140.53 425.71
1177.41 449.773 1129.28 134.635
1334.29 754.98 1420.93 610.707
1346.28 785.754 1442.95 657.52
1205.92 458.692 1174.84 146.851
1207.74 652.505 1200.78 464.947
1324.59 740.484 1401.5 586.048
1190.66 484.034 1153.18 188.841
1221.45 604.349 1217.7 380.64
1228.19 662.843 1236.04 475.796
1158.26 601.144 1109.65 384.489
1169.65 599.494 1132.07 381.69
1186.71 603.493 1160.79 384.887
1209.47 556.229 1193.22 304.586
1210.7 724.503 1212.86 579.918
1299.62 699.008 1359.06 523.339
1303.69 747.277 1370.9 601.241
1127.46 766.165 1077.31 663.363
1127.46 766.165 1077.31 663.363
1127.46 766.165 1075.64 662.62
1139.04 745.705 1094.48 627.514
1139.04 745.705 1093.22 626.978
1148.12 605.337 1096.3 394.951
1148.12 605.337 1096.3 394.951
1151.64 661.411 1104.9 487.677
1154.77 659.752 1111.36 481.291
1160.61 666.869 1122.96 493.969
1162.41 667.219 1127.03 495.281
1171.29 573.214 1128.32 338.823
1179.8 696.337 1157.62 539.157
1180.67 673.439 1158.27 499.832
1180.67 673.439 1158.27 499.832
1180.85 613.328 1149.62 402.766
1182.31 700.302 1162.83 545.39
1186.7 696.278 1169.57 537.999
1190.66 484.034 1153.18 188.841
1192.77 473.307 1156.63 173.848
1196.76 560.221 1173.27 312.939
1199.25 581.172 1178.89 345.633
1204.33 674.157 1197.44 499.354
1211.33 616.827 1202.73 404.498
1218.49 706.469 1222.15 551.14
1220.34 617.458 1218.59 403.404
1222.28 711.414 1231.05 556.821
1224.37 615.331 1224.01 398.476
1224.37 615.331 1225.16 399.24
1227.86 672.208 1235.19 488.858
1232.3 672.941 1243.93 489.19
1234.87 662.885 1247.43 475.458
1239.2 682.161 1256.65 505.576
1239.2 682.161 1256.65 505.576
1289.71 746.467 1348.79 600.676
1292.01 734.878 1351.2 582.379
1306.17 804.737 1379.64 694.038
1315.27 742.086 1389.45 591.194
1334.15 792.422 1424.7 669.309
1127.68 744.991 1074.18 627.879
1131.69 768.919 1083.35 666.143
1147.09 724.706 1105.19 592.32
1153.46 607.606 1104.81 397.967
1155.84 699.995 1117.68 549.076
1162.79 670.726 1125.61 501.431
1163.62 665.408 1129.09 490.95
1163.33 708.306 1131.14 561.857
1165.82 678.375 1132.68 513.262
1166.68 703.422 1136.63 553.458
1169.05 572.875 1128.32 338.823
1169.65 599.494 1132.07 381.69
1173.04 672.837 1144.46 499.357
1174.09 670.39 1145.8 497.684
1175.92 665.388 1148.38 489.284
1178.8 672.811 1154.14 501.885
1178.8 672.811 1154.14 501.885
1180.47 445.295 1133 127.545
1181.74 673.306 1158.6 501.216
1182.08 696.75 1162.06 539.723
1183.28 444.754 1138.2 125.476
1189.77 677.235 1172.4 505.596
1194.19 632.402 1176.49 433.883
1196.63 578.356 1174.78 342.817
1201.05 712.407 1196.03 562.341
1202.97 600.847 1187.67 378.688
1204.08 607.32 1190.02 389.155
1215.77 714.603 1220.54 563.342
1216.46 605.953 1210.74 384.918
1216.61 707.581 1222.15 551.14
1216.61 707.581 1222.15 551.14
1217.92 633.054 1216.07 429.407
1225.4 608.075 1224.82 387.334
1230.47 674.963 1241.33 495.784
1230.47 674.963 1241.33 495.784
1232.3 671.178 1243.93 489.19
1233.86 678.3 1246.49 500.601
1235.6 672.376 1249.27 490.663
1236.73 654.919 1249.64 461.838
1243.13 667.968 1261.47 482.111
1248.07 673.076 1269.96 489.326
1248.35 675.25 1270.76 493.653
1268.57 714.368 1308.75 553.458
1289.64 731.72 1345.22 578.051
1302.93 789.32 1372.91 669.685
1310.86 726.085 1380.24 565.107
1317.37 735.917 1392.47 580.215
1131.65 767.953 1083.35 666.143
1157.81 675.01 1118.06 507.964
1161.84 671.051 1125.61 501.431
1165.96 679.963 1132.92 514.758
1169.84 573.177 1128.32 338.823
1170.11 616.073 1135.05 409.072
1171.69 680.147 1142.58 512.952
1173.07 671.349 1144.46 499.357
1177.55 680.544 1152.81 513.861
1177.66 698.112 1154.36 542.049
1187.28 444.72 1143.36 125.097
1191.71 463.873 1153.92 155.324
1192.14 470.371 1155.61 164.97
1201.9 712.973 1196.03 562.341
1207.06 593.053 1193.81 365.454
1212.21 724.362 1216.27 579.75
1217.64 707.595 1222.15 551.14
1225.12 615.981 1225.56 398.24
1229.95 613.306 1234.04 393.301
1230.3 674.3 1241.33 495.784
1230.3 674.3 1241.33 495.784
1231.67 610.6 1236.61 390.108
1235.91 673.006 1249.27 490.663
1247.99 673.982 1270.38 491.721
1295.63 737.945 1355.41 587.088
1307.22 784.185 1380.15 660.549
1333.13 794.098 1424.38 670.787
1156.19 603.605 1108.94 391.218
1159.62 600.232 1114.98 384.921
1159.62 600.232 1114.98 384.921
1160.74 620.729 1118.33 418.72
1165.91 617.928 1126.66 413.377
1165.91 617.928 1126.66 413.377
1165.91 617.928 1126.66 413.377
1304.88 747.964 1370.9 601.241
1211.48 634.807 1205.54 430.968
1171.27 571.694 1129.75 336.952
1177.41 449.773 1129.28 134.635
1346.28 785.754 1442.95 657.52
1169.65 599.494 1132.07 381.69
1303.69 747.277 1370.9 601.241
