1446
708.774 279.308 842.856 163.69
773.709 109.403 882.111 347.719
637.221 201.642 954.32 210.253
615.477 298.69 912.751 119.115
724.722 199.005 874.583 241.463
641.007 273.316 905.362 148.319
615.35 290.738 915.428 123.156
626.789 292.818 906.663 126.76
760.921 226.336 825.471 228.628
639.523 305.461 888.905 121.853
551.352 282.508 977.056 111.149
627.598 309.229 897.381 115.185
648.433 225.079 928.682 192.11
561.593 256.426 985.787 136.074
750.897 302.077 794.767 160.217
519.004 253.753 1025.13 125.236
673.938 173.957 937.457 247.394
547.296 259.763 996.114 129.811
543.414 218.403 1027.63 163.352
649.65 289.087 889.136 136.954
643.973 296.749 889.273 129.41
621.971 274.559 921.651 139.749
671.001 304.561 861.902 132.44
644.13 268.986 905.861 151.855
638.72 219.862 941.026 194.067
645.221 247.539 917.749 170.76
627.829 269.603 919.226 145.74
556.253 272.803 979.097 120.275
719.847 301.603 821.754 149.83
712.582 302.011 828.341 147.718
552.505 282.472 977.056 111.149
604.23 242.756 956.865 161.23
551.102 219.156 1021.4 164.893
607.111 235.055 959.507 169.308
645.313 245.421 918.897 172.661
765.035 206.684 832.578 248.088
732.579 105.847 925.066 335.425
626.55 302.498 901.57 119.723
635.957 255.221 920.884 160.458
552.627 249.197 998.225 139.556
555.415 169.785 1051.15 209.929
585.101 243.563 973.442 154.842
717.322 211.929 874.856 227.161
549.007 215.091 1024.24 167.467
767.683 206.109 830.302 249.259
609.145 308.736 912.59 110.207
641.007 273.316 905.362 148.319
731.843 202.047 866.413 241.258
705.759 295.703 836.954 150.251
569.907 221.213 1002.22 169.924
769.913 148.6 861.33 305.402
517.609 222.006 1048.19 151.425
627.829 269.603 919.226 145.74
652.491 260.805 902.96 161.539
561.73 167.065 1047.18 215.353
641.247 305.408 888.905 121.853
585.958 238.891 975.571 158.995
547.959 231.54 1014.4 153.28
671.201 254.787 892.524 173.003
564.727 189.721 1028.85 195.961
757.545 165.5 863.096 284.062
675.454 256.803 884.949 172.125
612.031 229.836 958.225 176.436
673.8 278.883 873.659 152.828
553.839 255.886 990.779 135.68
650.348 256.37 907.489 164.317
597.019 312.354 923.268 101.372
712.642 299.961 828.658 149.066
620.032 277.893 923.155 135.771
624.671 292.866 908.293 126.068
542.169 200.259 1041.94 179.059
553.822 210.667 1023.21 173.476
693.072 224.908 888.11 207.228
601.568 164.213 1012.29 231.719
734.951 232.956 845.485 213.981
668.911 253.449 892.524 173.003
607.361 165.611 1005.84 232.694
725.785 192.759 877.094 247.439
519.18 252.536 1025.13 125.236
566.761 272.266 971.565 122.683
777.773 169.024 841.253 287.626
713.331 300.982 828.658 149.066
778.778 151.58 851.354 306.195
781.463 172.77 836.223 285.453
731.748 90.0492 936.585 351.878
696.142 191.113 905.227 239.689
671.408 255.327 890.335 171.494
755.771 141.221 879.764 307.622
675.454 256.803 884.949 172.125
593.358 179.588 1009.54 215.028
699.094 246.745 869.846 189.296
673.522 279.304 875.524 151.994
576.157 282.347 956.699 118.567
616.386 298.652 912.751 119.115
553.359 248.104 998.152 140.45
635.467 262.532 917.513 154.44
607.6 168.675 1003.28 229.762
671.408 255.327 890.335 171.494
427.315 107.687 1224.15 226.28
624.12 306.908 901.333 115.759
627.186 297.49 904.001 123.61
645.394 305.519 884.231 123.723
580.352 233.045 984.982 162.568
580.036 238.317 981.575 157.912
557.375 255.793 989.463 134.75
573.408 275.636 965.878 124.696
670.794 276.095 878.272 154.286
617.947 277.861 923.155 135.771
573.817 224.909 996.422 167.258
768.994 187.34 839.001 267.1
560.572 167.132 1048.35 214.724
772.576 206 826.088 250.978
601.568 164.213 1012.29 231.719
718.776 190.953 884.233 246.273
549.064 258.536 996.114 129.811
625.019 296.471 906.628 122.892
765.327 202.688 834.179 251.364
581.352 249.326 973.135 148.908
634.978 198.704 958.538 212.446
565.425 273.179 971.565 122.683
689.049 282.228 858.743 154.739
668.911 253.449 892.524 173.003
554.33 254.881 990.779 135.68
627.603 283.207 911.538 134.443
620.439 281.363 918.737 133.653
670.045 255.496 890.335 171.494
573.817 224.909 996.422 167.258
668.221 252.365 894.017 173.943
583.19 240.173 977.603 157.032
647.885 158.349 972.45 253.008
585.209 236.704 977.958 160.734
699.083 244.715 871.111 191.101
637.696 219.812 941.94 193.849
582.161 245.346 975.119 152.343
565.352 235.687 996.054 155.366
714.182 277.637 838.979 166.818
546.945 270.039 989.834 120.124
550.868 278.939 980.201 113.337
609.441 179.286 993.825 220.203
642.202 272.228 905.362 148.319
552.186 259.037 992.699 130.745
684.92 195.608 913.428 231.274
649.423 236.594 920.428 181.577
622.43 297.086 907.896 121.4
553.229 219.433 1018.37 165.756
553.839 255.886 993.656 134.849
731.751 212.538 860.577 231.672
650.112 250.041 911.7 169.751
673.515 255.978 885.593 171.914
571.06 265.473 971.541 131.43
619.261 272.7 924.849 140.407
562.987 260.459 982.119 133.119
743.469 89.5265 925.514 357.728
616.787 282.847 921.018 131.296
555.012 252.741 993.656 134.849
638.961 200.697 953.313 211.671
666.051 147.144 962.806 270.114
727.935 195.703 873.708 245.772
539.013 238.197 1017.97 144.235
773.338 185.037 836.721 270.595
649.262 282.677 893.086 141.67
562.186 245.093 992.732 146.088
550.177 216.049 1023.04 167.577
644.301 278.081 899.787 144.894
610.064 274.137 932.122 135.985
626.55 302.498 901.57 119.723
549.414 258.128 996.114 129.811
719.847 301.603 821.754 149.83
709.436 276.874 843.267 165.938
635.467 262.532 917.513 154.44
615.389 285.266 921.272 128.22
676.134 307.177 854.796 132.922
519.18 252.536 1025.13 125.236
579.847 260.587 967.145 138.412
604.814 238.372 959.601 165.699
782.363 191.336 824.822 268.192
543.414 218.403 1027.63 163.352
628.956 283.976 910.046 134.318
725.785 192.759 877.094 247.439
726.776 302.237 815.473 152.315
670.045 255.496 890.335 171.494
743.466 295.243 804.598 162.729
536.286 231.412 1025.13 149.804
774.39 205.11 824.696 252.681
649.458 273.495 898.252 149.477
772.522 216.637 820.139 241.571
731.061 190.966 873.049 251.106
718.776 190.953 884.233 246.273
705.978 295.139 837.178 151.375
671.809 279.108 875.524 151.994
727.748 202.337 869.077 240.034
645.165 253.393 914.025 165.278
619.205 264.348 930.253 147.459
583.19 240.173 977.603 157.032
674.682 256.737 885.593 171.914
594.107 172.992 1012.9 220.751
1290.18 351.137 569.11 137.644
928.571 188.223 269.702 362.273
1177.38 204.009 385.966 168.13
928.571 188.223 269.702 362.273
1114.51 314.545 476.71 253.862
1152.17 152.676 321.347 171.767
1105.36 137.595 285.417 201.026
987.85 153.815 254.802 300.872
997.929 142.612 246.566 289.235
958.143 291.898 396.642 369.24
1196.64 311.119 501.143 190.183
981.817 173.236 274.855 311.025
1298.48 359.392 578.836 135.296
1114.22 191.21 347.875 212.132
1331.66 223.902 459.401 66.3436
1346.6 371.99 603.857 106.073
1074.31 159.127 296.893 232.371
944.388 288.648 387.218 380.345
1296.36 359.621 578.836 135.296
931.175 278.864 372.437 390.151
1341.21 139.967 378.991 29.9049
960.385 61.3629 134.16 291.851
1206.78 144.075 332.887 126.335
1211.64 296.305 492.103 173.949
984.498 152.532 251.372 303.594
992.674 216.893 328.823 317.114
1171.85 275.559 457.788 196.284
1231.23 363.121 562.683 182.769
1198.86 200.141 388.788 151.918
923.754 190.919 271.536 367.016
934.497 283.301 378.902 387.97
1001.57 146.241 251.503 287.752
924.892 286.825 379.803 397.468
1199.88 110.663 294.408 119.603
1096.73 196.924 347.707 226.878
939.014 268.542 364.566 380.358
944.388 288.648 387.218 380.345
1299.64 382.572 599.876 142.134
1293.22 190.705 412.858 80.9169
988.85 173.323 277.268 306.457
1011.09 209.132 327.571 299.912
942.837 219.622 311.705 360.32
1089.05 252.228 404.316 252.011
966.931 63.7568 139.226 287.134
919.47 292.438 384.686 402.397
1360.35 243.293 487.336 53.8859
960.537 82.7333 160.247 297.944
1180.07 262.877 446.08 187.021
1241.23 213.171 417.838 124.789
885.315 273.105 348.163 425.7
971.586 63.0585 141.474 281.815
1269.7 346.376 557.974 149.801
1154.53 304.665 481.39 219.09
1333.39 306.882 540.22 93.3165
1314.02 191.027 419.722 67.6274
1203.13 205.953 396.839 150.844
1373.38 179.406 431.192 22.112
952.93 276.787 380.807 368.159
991.626 238.35 352.121 324.877
1045.81 84.3358 200.152 228.379
1199.45 355.607 545.892 202.976
1343.57 300.872 538.177 84.5763
1189.37 326.354 514.375 200.22
886.159 265.298 342.936 421.362
1300.95 340.97 560.42 128.269
1198.84 355.593 545.892 202.976
1328.23 224.063 459.166 69.2943
962.829 280.099 387.053 362.791
1117.56 187.319 345.701 208.155
1084.19 311.395 463.69 275.189
1341.6 171.46 410.546 41.3703
1036.91 81.5028 193.058 235.053
1042.08 134.335 255.2 249.861
1294.15 376.965 594.627 143.128
951.556 219.649 314.95 353.185
1340.87 365.331 596.918 107.703
956.147 288.12 392.397 370.456
1032.16 324.825 458.095 320.812
1143.25 153.636 318.289 176.851
1267.08 215.478 428.682 108.868
1002.06 186.672 298.449 297.878
1261.59 231.744 443.13 117.571
1221.38 342.905 539.83 182.946
1027.28 250.092 379.194 299.809
1292.39 350.708 569.254 135.711
1032.65 75.7599 184.568 236.67
1110.78 314.24 476.666 254.614
941.39 278.97 376.408 381.528
1104.57 320.487 479.985 261.813
1352.22 310.049 549.213 80.6398
1299.08 356.889 575.829 132.826
1128.05 91.2487 243.897 167.701
1340.01 367.81 598.756 109.305
1289.57 346.794 564.928 139.592
1291.46 358.369 577.15 138.571
984.309 173.11 274.855 311.025
1093.86 310.037 462.91 269.565
1287.89 133.714 354.141 63.8228
1211.64 296.305 492.103 173.949
1206.19 140.438 328.605 125.153
985.144 281.895 396.476 344.314
1195.58 344.675 534.382 201.593
980.379 150.712 247.544 306.036
965.521 289.498 397.691 363.528
1163.43 170.365 344.632 168.305
1120.73 323.215 489.172 249.437
1116.46 249.668 412.784 230.314
1263.4 232.613 445.948 118.53
1065.57 88.565 212.379 216.009
1047.33 176.835 306.388 259.912
966.487 227.078 329.519 342.811
1289.96 132.56 354.19 62.6854
1213.3 129.808 321.945 117.228
1053.37 93.9148 214.217 226.635
1045.28 133.787 256.427 247.097
1283.7 359.86 574.48 145.672
1097.38 277.699 433.608 256.186
1096.4 270.156 425.99 250.954
958.678 67.3928 139.737 295.656
1356.98 320.633 559.832 82.373
1046.03 83.9976 200.152 228.379
1108 318.674 479.701 258.467
1092.26 201.562 350.525 232.46
999.791 143.564 247.843 288.194
1213.3 129.808 321.945 117.228
989.518 169.458 272.838 304.623
1131.28 278.549 446.251 230.028
1032.16 324.825 457.958 321.596
966.487 227.078 329.519 342.811
1204.06 301.112 494.242 183.317
1204.06 301.112 494.242 183.317
1332.23 306.623 540.22 93.3165
1146.66 239.855 412.566 204.82
1286.34 156.008 373.808 74.9835
1168.15 262.011 442.418 195.002
1327.87 303.844 536.069 95.257
1261.75 371.954 579.704 165.32
1104.41 136.852 285.417 201.026
1296.36 359.621 578.836 135.296
1340.68 340.263 573.722 99.5812
1168.12 97.3635 265.929 140.479
1297.93 318.221 539.894 120.606
1258.94 363.083 570.722 162.871
1158.02 97.6412 262.879 146.857
1193.47 352.022 541.233 205.116
1113.55 296.436 459.063 247.279
1111.4 316.737 479.442 257.308
1263.55 355.381 564.225 156.955
1166.02 259.326 439.287 195.641
1297.93 318.221 539.894 120.606
1288.85 148.664 368.145 70.1479
1340.01 367.81 598.756 109.305
1276.25 135.466 351.498 72.7127
1289.96 132.56 354.19 62.6854
1326.09 304.834 536.163 96.9772
1079.76 198.626 342.343 243.042
933.319 249.445 340.822 378.205
1288.9 133.14 354.141 63.8228
970.34 71.4571 149.185 288.164
1298.08 256.109 480.974 100.268
1128.7 166.883 328.023 192.846
1288.2 355.09 572.637 140.256
921.688 293.148 384.686 402.397
1326.12 254.651 487.45 80.2496
1199.42 303.124 494.066 187.636
1297.93 318.221 539.894 120.606
1239.25 122.602 322.481 95.8242
1089.17 318.014 470.106 271.962
1198.86 200.141 388.788 151.918
910.088 253.991 336.127 399.846
1112.32 314.144 476.666 254.614
1085.8 200.105 346.813 237.881
947.937 280.276 378.942 376.26
1002.99 171.028 281.357 293.98
1093.42 315.368 471.279 268.462
1196.98 200.138 387.988 153.756
1316.03 325.571 552.629 110.935
1149.11 163.065 330.008 176.521
1291.42 357.255 574.993 137.83
1154.23 97.8067 260.895 150.581
1109.3 317.956 479.442 257.308
909.479 253.5 334.946 400.292
1205.16 345.431 537.711 195.089
1272.7 274.169 489.909 123.279
1204.22 200.517 391.833 147.279
1284.93 351.359 566.103 142.296
1118.6 317.741 482.932 250.057
1269.51 350.603 562.166 151.116
1294.55 163.941 386.33 71.5425
978.305 312.813 426.002 359.391
1191.53 158.245 341.782 143.106
1114.15 318.743 482.333 253.303
898.769 288.418 370.748 419.956
984.498 152.532 251.372 303.594
1016.77 69.6422 168.771 248.582
1202.85 302.026 494.242 183.317
1291.46 358.369 577.15 138.571
1313.99 163.844 394.691 57.5341
974.737 73.2053 155.296 283.26
1263.4 232.613 445.948 118.53
944.388 288.648 387.218 380.345
994.605 86.2958 178.77 272.586
933.319 249.445 340.822 378.205
909.82 260.079 342.745 401.269
1072.07 272.205 419.152 271.199
930.893 280.109 372.982 390.754
1117.66 191.102 349.254 209.298
1373 236.473 485.44 43.4862
1263.84 350.45 560.104 155.54
1180.29 263.761 448.681 186.786
960.537 82.7333 160.247 297.944
915.811 184 259.164 371.583
1145.8 253.696 427.569 208.676
978.546 297.839 412.271 354.886
987.85 153.815 254.802 300.872
983.013 173.124 274.855 311.025
929.983 280.563 373.804 391.371
1269.51 350.603 562.166 151.116
1259.35 236.807 447.768 121.468
997.229 276.411 395.18 333.251
1269.3 215.997 429.925 107.332
1090.46 308.492 462.91 269.565
1279.18 250.653 470.865 112.117
1265.39 216.097 428.682 108.868
1332.83 230.88 465.934 68.0427
950.644 285.066 386.846 374.101
432.327 677.957 1175.18 686.98
427.401 710.521 1188.93 718.782
260.882 737.068 1042.59 797.818
433.311 701.14 1190.21 707.615
258.585 755.007 1050.53 815.652
180.016 661.442 919.353 748.474
379.049 729.216 1152.46 751.17
430.447 717.649 1196.98 724.296
110.081 627.865 829.103 737.791
537.691 628.892 1249.26 610.038
416.059 765.292 1209.08 774.636
431.253 723.408 1199.83 729.745
529.391 603.06 1227.08 587.736
542.232 505.834 1184.2 492.855
415.15 765.402 1208.18 774.836
538.31 521.556 1190.81 508.815
528.48 649.7 1250.45 630.507
171.229 675.593 918.116 765.204
421.743 745.816 1203.49 754.104
283.928 577.646 976.204 635.889
544.582 584.261 1230.92 565.813
538.868 637.965 1254.73 616.99
261.414 690.803 1018.19 751.776
385.646 641.469 1111.17 665.112
430.69 708.817 1191.45 716.391
541.862 503.414 1183.71 490.355
421.925 773.081 1219.51 780.071
534.395 617.687 1241.14 598.846
190.365 591.166 889.894 677.236
183.292 677.4 931.754 763.925
546.477 517.179 1196.13 502.348
162.45 741.211 946.791 830.909
530.934 617.676 1236.29 600.685
424.86 682.142 1171.21 692.812
161.486 736.493 943.964 827.906
190.114 591.867 889.894 677.236
398.857 599.764 1099.54 621.307
157.452 772.774 961.309 864.107
532.921 661.786 1263.85 640.205
534.971 663.613 1266.53 641.339
387.341 650.356 1117.43 673.676
382.79 573.514 1069.18 601.843
180.223 668.083 921.354 755.823
61.4829 776.035 865.557 897.545
425.331 684.778 1174.09 695.185
289.171 582.855 983.914 638.87
149.86 768.46 950.115 861.597
294.682 564.401 979.582 620.322
187.245 672.231 932.464 756.589
546.966 508.852 1190.64 493.716
427.23 685.443 1176 694.708
180.999 650.444 913.392 737.131
191.226 611.135 901.592 696.309
427.781 693.603 1179.77 701.819
73.737 773.334 876.047 890.967
89.7673 735.728 870.609 849.306
533.081 612.262 1235.23 595.282
422.967 699.406 1178.74 709.737
168.714 702.04 930.8 791.355
77.899 772.213 879.783 888.432
538.256 623.861 1246.57 604.244
284.519 573.098 973.265 631.117
189.331 623.516 907.087 709.319
434.21 660.631 1168.22 669.803
377.849 566.119 1060.89 596.773
402.03 565.89 1083.96 589.071
427.459 660.627 1160.84 670.862
369.387 710.488 1134.72 735.141
82.8974 685.765 835.191 802.731
328.6 539.546 997.295 586.429
534.909 635.468 1248 616.638
99.1518 676.689 847.343 788.487
537.731 570.576 1217.56 554.478
69.6698 752.049 858.768 872.829
188.404 640.901 916.619 725.257
159.415 753.057 950.787 843.7
532.326 559.073 1206.18 546.05
388.855 689.601 1141.08 710.739
539.481 498.669 1179.4 486.621
164.993 779.143 971.98 867.76
397.549 621.777 1111.25 643.792
424.074 729.996 1196.41 738.204
534.833 661.191 1263.85 640.205
185.321 647.062 915.686 733.486
85.7662 735.745 866.402 850.682
186.142 606.653 894.856 693.791
355.276 731.921 1131.71 759.67
536.319 669.271 1269.48 647.435
534.912 668.312 1268.12 647.59
403.356 564.378 1084.51 587.287
180.159 668.182 921.354 755.823
200.649 593.148 901.318 676.089
167.434 758.322 962.287 846.131
376.419 710.082 1140.06 734.178
192.615 655.431 927.955 738.826
162.445 740.453 946.791 830.909
426.514 732.75 1200.54 740.325
167.28 757.026 961.099 844.966
381.912 574.971 1069.37 603.819
332.457 577.728 1023.33 621.254
389.038 571.419 1075.38 598.692
416.895 771.368 1212.65 781.653
527.857 661.533 1257.21 643.063
536.25 538.284 1198.53 524.544
157.364 760.335 952.865 851.274
532.971 628.036 1244.89 611.016
527.067 655.355 1253.19 637.181
545.418 554.35 1215.46 537.052
334.984 562.365 1016.73 606.062
377.82 752.368 1162.93 774.503
548.191 519.749 1199.15 503.869
539.65 578.812 1223.62 562.026
432.692 689.944 1183.07 697.91
177.541 708.449 943.138 794.538
187.77 607.952 896.718 695.658
537.747 507.677 1182.74 496.219
528.597 637.813 1244.23 620.819
532.409 667.073 1264.8 646.358
541.139 584.597 1227.91 566.669
535.376 625.97 1244.94 607.373
533.858 605.202 1232.39 588.275
318.664 774.278 1120.41 813.062
167.017 672.606 912.26 763.371
543.497 503.306 1185.45 490.211
195.768 659.241 933.646 740.907
364.061 738.334 1143.81 764.833
335.979 700.876 1096.02 737.311
435.423 667.779 1173.29 675.722
371.298 605.633 1076.35 635.974
534.289 618.853 1241.14 598.846
104.835 615.227 816.108 727.246
527.377 669.298 1261.18 650.049
176.128 712.559 944.156 798.914
199.623 603.192 906.353 685.764
88.4009 676.78 834.764 792.346
537.101 581.331 1222.33 564.854
402.03 565.89 1083.96 589.071
269.717 701.774 1031.64 758.829
165.981 712.768 934.344 802.633
84.1155 771.995 886.386 886.422
174.347 735.599 955.785 821.938
165 761.993 961.594 850.464
423.34 765.401 1216.06 772.253
534.395 617.687 1241.14 598.846
541.027 523.852 1194.98 509.969
97.3783 621.241 811.633 735.481
533.96 667.096 1266.26 644.604
173.75 681.222 923.137 769.203
542.683 529.732 1199.87 515.577
383.331 618.705 1094.64 645.352
432.202 671.312 1172.39 680.559
102.38 637.233 824.778 749.57
184.791 640.953 912.662 726.739
175.944 715.308 945.922 801.886
163.043 775.826 968.359 862.513
118.193 624.376 835.446 731.847
88.4009 676.78 834.764 792.346
530.774 598.118 1225.41 582.714
530.107 637.839 1246.54 619.853
168.714 702.04 930.8 791.355
350.76 651.749 1082.67 685.569
363.627 770.52 1160.5 794.318
189.459 659.552 927.784 743.291
168.427 692.319 924.82 782.365
428.642 728.631 1200.16 735.708
423.804 761.942 1214.02 768.132
413.004 782.87 1216.43 792.065
70.9334 753.391 862.099 872.429
172.543 678.235 921.318 767.079
178.82 710.176 944.661 795.169
309.558 621.962 1026.73 672.223
429.87 729.788 1202.02 736.274
533.449 611.009 1234.95 593.747
185.623 612.407 897.173 699.097
422.832 671.588 1164.03 684.174
194.471 657.856 931.505 740.028
293.76 638.627 1018.96 690.638
334.984 562.365 1016.73 606.062
371.298 605.633 1076.35 635.974
377.82 752.368 1162.93 774.503
289.663 635.449 1013.68 688.918
184.838 649.63 917.099 735.569
180.619 643.614 908.734 729.417
382.552 734.217 1158.2 753.95
70.9965 773.25 873.68 892.042
416.895 771.368 1212.65 781.653
306.589 774.229 1109.71 816.533
394.964 612.457 1102.31 635.916
334.816 682.38 1086.78 721.433
197.325 607.939 906.385 690.301
537.879 537.739 1199.42 524.014
549.84 480.457 1178.26 466.863
540.348 589.032 1229.96 570.991
193.132 625.657 912.926 709.201
547.276 530.745 1204.57 514.296
196.649 594.555 898.185 678.556
538.989 573.835 1219.7 557.229
355.321 744.31 1137.57 773.122
617.478 743.305 1386.21 691.994
288.53 590.639 987.262 646.402
119.229 624.145 836.326 731.638
430.813 664.082 1167.48 672.609
423.804 761.942 1214.02 768.132
339.891 554.001 1016.59 596.069
617.387 513.967 1260.69 479.752
426.017 676.175 1168.42 686.643
173.457 744.768 960.094 831.089
180.764 654.218 915.838 741.586
198.573 590.044 897.092 672.98
532.971 628.036 1244.89 611.016
276.076 592.291 975.998 651.964
170.266 696.109 928.862 784.774
417 768.794 1211.66 777.517
381.249 618.819 1094.64 645.352
302.536 727.659 1078.36 773.998
160.984 757.361 954.723 847.043
280.635 727.761 1057.08 780.799
525.986 642.993 1245.75 626.219
538.953 510.551 1185.25 498.306
538.298 551.637 1208.1 536.662
202.248 599.72 906.336 682.899
186.59 657.767 923.411 741.903
535.644 545.758 1199.94 532.246
160.685 755.024 952.75 844.911
183.292 677.4 931.754 763.925
289.171 582.855 983.914 638.87
197.081 611.864 908.759 695.01
329.967 536.985 996.784 583.987
181.849 664.211 922.41 752.839
524.154 664.898 1256.11 647.543
420.159 757.161 1208.11 765.46
69.8117 754.604 862.099 872.429
370.494 611.319 1078.97 641.789
158.694 756.557 951.983 846.494
378.641 677.188 1124.61 702.198
167.673 768.34 967.722 855.507
427.23 685.443 1176 694.708
426.357 749.251 1209.42 756.151
426.209 706.094 1186.24 715.204
534.436 568.571 1213.35 553.692
89.0032 685.746 840.805 800.791
72.383 770.116 875.012 887.981
538.528 652.481 1262.24 630.733
305.561 796.124 1121.62 835.41
308.855 578.907 1000.73 630.135
160.238 752.238 950.787 843.7
171.159 700.604 932.492 789.658
161.436 760.706 957.387 850.52
373.409 677.084 1120.84 703.094
335.655 691.522 1090.27 727.795
378.711 652.839 1109.73 679.355
175.937 696.106 935.014 783.613
294.953 604.249 1001.3 658.359
532.885 588.719 1222.79 573.281
422.77 736.694 1199.6 745.445
418.797 742.104 1197.67 752.085
183.141 623.807 901.021 710.855
533.384 576.28 1216.13 561.251
532.594 593.877 1226.11 578.981
398.006 593.359 1095.32 616.409
424.511 693.194 1176.94 703.185
178.195 619.067 893.457 707.806
395.123 641.101 1119.68 662.247
77.3487 733.805 856.751 851.578
188.654 649.96 922.173 733.765
209.239 553.178 886.474 634.862
426.265 685.221 1174.09 695.185
175.36 656.891 912.252 745.585
385.245 662.858 1122.44 685.233
424.871 717.319 1190.65 726.174
201.935 591.418 901.784 673.349
537.864 593.95 1230.12 576.628
537.864 593.95 1230.12 576.628
541.472 556.092 1214.84 539.762
399.726 564.794 1080.92 588.846
432.346 685.412 1179.52 693.993
530.539 612.785 1234.07 595.439
205.803 819.319 1034.38 891.815
530.926 664.573 1261.07 645.033
167.877 672.437 913.075 763.138
171.964 673.932 918.53 762.681
162.281 714.172 931.688 805.243
545.747 510.65 1191.92 496.325
161.152 755.987 954.103 845.996
541.948 517.186 1192.17 503.83
164.333 755.382 957.263 844.536
161.486 736.493 943.964 827.906
402.467 567.841 1085.28 590.411
175.201 735.615 956.59 821.644
289.714 587.181 987.105 642.913
253.212 773.988 1055.61 833.965
275.964 724.301 1050.71 779.162
251.261 692.523 1009.08 758.05
538.814 604.547 1236.35 585.454
432.506 664.035 1167.48 672.609
376.781 564.635 1058.93 595.723
426.446 723.946 1196.08 731.779
543.466 527.394 1198.67 512.542
413.145 762.759 1204.96 773.382
160.944 739.811 945.14 830.943
336.647 582.154 1029.49 624.124
324.818 676.657 1070.57 715.442
88.4009 676.78 834.764 792.346
328.6 539.546 997.295 586.429
545.461 517.177 1195.17 502.547
387.699 695.722 1142.81 716.609
196.901 589.734 895.442 673.416
541.665 547.159 1208.55 532.232
88.6485 739.593 871.649 853.389
169.732 715.425 940.328 803.932
199.318 588.222 897.114 671.022
429.347 701.521 1186.25 709.683
167.098 756.082 959.651 843.999
186.539 677.899 935.137 762.43
320.617 757.698 1110.31 795.566
85.3272 676.458 831.746 793.432
426.749 718.725 1194.12 726.087
425.877 672.99 1167.11 683.789
534.842 608.076 1235 590.865
532.862 607.366 1233.11 590.506
70.9965 773.25 873.68 892.042
190.308 626.027 909.195 710.964
424.047 687.199 1173.25 697.691
206.503 594.737 908.059 675.046
414.324 779.786 1216.1 788.144
198.377 597.993 899.814 681.259
543.497 503.306 1185.45 490.211
433.271 656.265 1166.11 666.956
190.951 622.742 908.621 707.629
416.059 765.292 1209.08 774.636
175.059 685.312 927.151 773.548
175.059 685.312 927.151 773.548
367.52 632.486 1088.25 662.855
176.284 678.49 922.593 765.598
538.298 551.637 1208.1 536.662
365.95 766.764 1161.65 791.188
148.233 778.923 954.247 872.038
193.678 585.605 886.895 670.326
535.644 545.758 1202.73 531.295
397.549 621.777 1111.25 643.792
89.2803 718.857 860.2 833.17
427.781 693.603 1179.77 701.819
356.921 598.875 1057.59 631.593
172.543 678.235 921.318 767.079
533.858 605.202 1232.39 588.275
177.862 625.132 897.42 714.149
162.698 729.832 940.73 819.818
104.274 595.64 803.612 708.075
525.986 642.993 1245.75 626.219
533.016 658.385 1260.53 638.544
540.169 623.582 1248.14 603.373
529.169 655.561 1254.32 636.957
67.4358 750.353 856.956 871.066
164.082 727.348 940.808 817.271
432.692 689.944 1183.07 697.91
175.402 700.571 936.286 787.965
253.949 674.494 1001.56 738.407
545.914 519.957 1197.23 504.928
352.712 637.854 1076.26 670.045
176.911 675.905 924.003 763.643
70.9965 773.25 873.68 892.042
164.628 739.852 948.004 828.577
431.909 696.816 1186.15 704.688
196.901 589.734 895.442 673.416
189.243 648.042 922.173 733.765
538.733 580.852 1223.58 563.86
542.757 551.863 1211.82 535.866
321.313 591.292 1017.76 638.999
179.912 649.033 913.392 737.131
424.326 757.288 1212.33 764.307
370.224 777.27 1168.33 798.808
539.7 507.653 1185.4 495.685
168.011 770.426 968.401 856.281
537.101 581.331 1222.33 564.854
431.231 678.267 1174.79 685.881
370.224 777.27 1168.33 798.808
419.295 776.754 1219.21 784.22
543.818 520.359 1196.19 505.895
541.434 495.589 1179.09 483.465
328.6 539.546 997.295 586.429
427.857 668.198 1165.92 678.761
271.925 564.03 956.476 626.665
89.9789 685.846 840.805 800.791
373.455 593.522 1071.62 623.804
366.357 633.59 1087.79 663.831
540.663 520.018 1192.29 506.563
167.461 765.666 966.496 853.086
249.572 768.031 1050.24 830.056
312.793 655.221 1049.78 702.891
184.737 676.732 932.645 761.497
538.622 537.217 1199.42 524.014
427.23 685.443 1174.09 695.185
426.265 685.221 1174.09 695.185
424.854 690.25 1175.48 700.232
535.237 555.237 1206.34 540.938
538.828 601.111 1234.93 582.99
176.067 726.416 951.729 812.699
428.606 709.058 1189.64 717.279
417.792 745.803 1199.75 755.303
529.232 644.003 1250.27 625.188
433.535 682.302 1179.62 690.129
98.296 629.228 817.705 742.761
321.313 591.292 1017.76 638.999
537.771 629.636 1249.26 610.038
183.151 643.794 912.112 731.143
165.982 761.889 961.594 850.464
538.745 657.873 1266.2 636.282
541.615 525.386 1196.25 511.213
191.387 599.475 895.503 685.148
530.197 651.161 1253.93 632.34
424.22 765.418 1216.84 772.074
531.579 658.507 1259.07 638.994
527.519 664.502 1261.07 645.033
149.86 768.46 950.115 861.597
193.466 589.484 892.011 674.56
541.914 498.394 1181.11 486.223
418.205 774.707 1217.26 783.498
82.9197 699.39 842.552 816.057
418.205 774.707 1217.26 783.498
175.201 735.615 956.59 821.644
536.111 540.248 1199.65 527.242
542.683 529.732 1199.87 515.577
376.773 782.98 1182.04 803.343
192.328 623.49 908.621 707.629
310.034 721.394 1082.35 765.58
108.193 614.824 819.14 725.656
530.94 578.537 1215.44 564.266
421.76 748.478 1204.35 757.042
164.895 724.084 940.236 813.366
167.28 757.026 959.651 843.999
171.216 689.636 926.124 778.558
202.237 596.37 904.977 678.654
546.879 535.926 1206.77 519.227
548.435 507.887 1192.59 492.931
183.784 645.351 913.14 731.43
348.345 721.931 1119.64 755.38
546.688 491.004 1181.49 477.799
161.757 774.339 966.149 864.295
532.64 635.248 1248.53 616.395
420.826 701.952 1177.96 713.157
535.822 644.582 1255.16 624.14
169.861 685.076 922.908 775.13
395.828 572.499 1081.93 598.583
415.43 745.617 1197.75 756.269
354.506 733.503 1131.78 761.469
423.5 710.87 1185.3 720.589
433.535 682.302 1179.62 690.129
541.468 538.071 1203.07 523.137
426.301 769.509 1220.92 774.642
322.691 770.123 1121.62 807.107
413.004 782.87 1216.43 792.065
538.509 608.107 1238.22 589.634
530.539 612.785 1234.07 595.439
369.446 675.202 1114.12 702.245
536.448 591.004 1227.2 573.898
385.408 648.996 1114.96 673.03
181.966 645.971 912.742 732.89
347.335 679.612 1094.63 714.823
546.177 525.371 1200.49 509.97
181.001 677.443 928.125 764.157
158.694 756.557 951.983 846.494
533.858 605.202 1232.39 588.275
535.13 518.403 1185.52 506.561
535.376 625.97 1244.94 607.373
357.36 706.702 1119.73 736.304
198.955 596.309 901.644 679.68
436.432 670.581 1175.57 678.045
427.756 678.343 1171.8 687.854
174.716 713.752 944.298 801.069
376.773 782.98 1182.04 803.343
533.555 631.834 1245.91 611.672
529.255 670.661 1262.46 650.954
538.828 601.111 1234.93 582.99
193.242 597.132 896.394 682.063
531.431 620.804 1238.53 603.426
429.824 663.142 1165.64 672.915
169.524 713.713 937.983 801.52
544.021 494.248 1180.57 481.21
164.518 757.826 958.674 846.677
530.478 669.309 1264.08 649.208
432.392 711.343 1194.31 717.943
537.296 634.662 1251.79 614.751
425.562 745.836 1206.96 753.105
535.065 669.424 1268.12 647.59
436.225 682.745 1182.44 688.797
424.109 704.243 1182.61 713.924
429.351 667.342 1165.92 678.761
160.944 739.811 945.14 830.943
356.639 712.165 1122.12 742.102
532.971 628.036 1243.99 609.904
179.278 677.505 928.125 764.157
526.801 661.587 1256.18 643.352
171.097 693.829 928.63 782.155
89.2803 718.857 860.2 833.17
88.5659 679.503 836.99 794.918
81.4673 701.174 841.871 818.356
615.653 513.414 1259.41 480.083
165.982 761.889 961.594 850.464
417.977 778.011 1218.72 786.204
383.887 705.961 1144.81 727.525
364.185 656.911 1099.01 687.149
427.667 662.878 1163.63 673.8
165.333 726.009 940.808 817.271
415.15 765.402 1208.18 774.836
167.461 765.666 966.496 853.086
192.065 640.418 919.468 724.097
171.199 713.793 939.666 801.773
430.813 664.082 1168.82 674.006
423.584 693.292 1175.84 703.465
275.389 703.373 1037.38 760.924
258.585 755.007 1050.53 815.652
432.425 666.339 1168.82 674.006
380.371 586.342 1073.37 615.851
167.986 755.632 959.651 843.999
369.446 675.202 1114.12 702.245
434.856 673.154 1175.78 681.126
81.3612 708.5 845.079 826.027
537.658 532.334 1195.57 519.246
173.017 681.027 925.211 770.523
532.921 661.786 1262.58 643.407
379.072 586.12 1073.37 615.851
534.289 618.853 1241.14 598.846
89.7784 662.733 827.183 778.729
545.286 532.6 1203.62 517.126
309.558 621.962 1026.73 672.223
187.77 607.952 896.718 695.658
532.57 637.761 1248.99 619.085
393.031 633.523 1113.51 655.658
264.955 695.33 1024.93 754.259
423.707 737.096 1200.62 745.212
355.321 744.31 1137.57 773.122
393.264 638.759 1116.8 660.612
380.348 754.204 1168.22 774.834
392.831 657.901 1127.07 679.269
164.549 735.084 945.466 825.218
432.327 677.957 1175.18 686.98
83.8806 713.386 851.675 829.34
190.308 626.027 909.195 710.964
396.529 619.16 1109.19 642.488
536.416 582.969 1222.47 566.696
550.112 499.04 1189.14 483.911
422.317 780.15 1223.96 786.814
301.738 557.584 982.022 610.799
178.484 656.726 915.309 744.796
544.936 495.773 1182.32 482.673
268.938 678.111 1017.35 736.87
106.643 631.436 827.54 742.118
535.87 624.507 1244.94 607.373
424.957 702.555 1182.57 711.816
334.272 772.49 1135.48 806.217
535.439 637.867 1251.55 618.352
90.6885 677.112 837.182 791.709
529.391 603.06 1227.08 587.736
533.704 571.086 1213.53 556.323
310.487 701.691 1072.76 744.757
379.072 586.12 1073.37 615.851
86.167 701.101 847.01 816.469
321.613 722.955 1095.63 764.794
261.414 690.803 1018.19 751.776
538.28 598.68 1232.92 580.566
396.143 631.75 1115.43 653.281
531.048 625.566 1241.1 606.787
542.887 486.993 1175.54 475.338
425.15 723.928 1193.07 733.416
527.857 661.533 1257.21 643.063
369.003 714.55 1133.98 740.607
377.849 566.119 1060.89 596.773
546.073 535.678 1206.77 519.227
418.985 745.777 1200.78 755.077
180.307 666.151 922.41 752.839
393.264 638.759 1116.8 660.612
94.3522 624.5 810.581 739.677
431.806 676.538 1174.79 685.881
423.626 707.942 1185.33 718.421
167.63 689.305 922.718 779.651
532.64 635.248 1248.53 616.395
428.606 709.058 1189.64 717.279
160.134 745.217 947.107 835.783
434.454 693.687 1186.38 700.457
185.623 612.407 897.173 699.097
533.472 629.117 1244.89 611.016
197.081 611.864 908.759 695.01
377.434 644.228 1104.27 670.684
192.924 592.685 893.431 677.85
542.876 510.632 1188.76 497.782
532.182 591.871 1223.3 576.209
540.408 492.085 1175.3 478.944
261.414 690.803 1018.19 751.776
174.237 677.378 921.318 767.079
527.554 623.482 1236.44 607.486
542.683 529.732 1199.87 515.577
537.616 498.751 1177.56 488.002
276.511 573.873 966.007 634.719
400.727 595.685 1099.82 618.116
373.625 650.337 1104.29 677.75
368.375 626.403 1085.43 656.453
425.179 681.293 1171.29 692.134
67.4358 750.353 856.956 871.066
422.615 776.793 1221.3 783.413
535.331 580.97 1220.67 564.866
431.053 670.962 1171.22 680.185
432.364 665.022 1168.82 674.006
169.369 762.341 965.855 848.19
422.615 776.793 1221.3 783.413
529.673 627.752 1240.98 610.901
373.734 707.656 1135.83 732.852
537.747 578.187 1220.82 561.925
167.579 714.211 936.791 803.472
355.729 712.703 1121.63 742.92
86.1803 732.231 865.498 848.888
105.197 624.783 822.405 736.45
309.558 621.962 1026.73 672.223
356.921 598.875 1057.59 631.593
98.296 629.228 817.705 742.761
537.064 637.893 1252.8 617.924
426.514 732.75 1200.54 740.325
371.688 595.798 1071.37 626.869
332.457 577.728 1023.33 621.254
531.048 625.566 1239.7 607.121
177.541 708.449 943.138 794.538
539.322 608.088 1239.2 589.381
362.392 686.26 1113.58 716.04
189.391 657.1 927.784 743.291
421.945 745.045 1202.99 753.058
198.719 567.066 883.807 651.074
204.26 583.416 899.53 666.137
416.902 749.248 1200.79 758.886
536.382 593.01 1228.23 576.173
164.158 757.121 958.674 846.677
78.6482 742.859 863.585 859.85
195.979 588.908 893.864 672.956
375.11 773 1174.33 794.599
429.309 723.759 1198.38 730.908
115.348 624.497 832.696 732.791
383.107 728.245 1156.44 749.642
415.395 762.636 1206.65 772.213
434.03 676.162 1176.92 683.853
413.311 819.528 1233.76 826.321
530.197 651.161 1253.93 632.34
181.144 664.255 922.41 752.839
536.446 551.407 1206.4 536.815
180.999 650.444 913.392 737.131
346.788 694.737 1101.92 726.953
102.646 631.64 823.245 743.586
374.765 737.949 1154.07 762.412
185.321 647.062 915.686 733.486
172.543 678.235 921.318 767.079
420.495 729.702 1192.58 739.058
427.592 676.491 1170.86 686.355
171.04 748.987 960.299 835.593
1059.74 572.798 474.808 693.058
1027.72 573.18 475.733 662.031
993.563 636.688 408.176 630.733
1091.23 572.559 475.776 723.847
1044.84 601.8 444.769 678.992
1080.87 564.905 484.623 713.643
1019.94 569.447 480.08 654.304
1069.44 564.259 485.312 702.593
1024.11 571.128 477.749 658.511
1078.3 528.544 525.84 711.185
1080.16 571.903 477.125 712.89
1018.51 547.182 504.746 652.595
1086.92 557.023 493.354 719.837
1037.49 568.688 480.754 671.319
1000.21 554.685 496.507 635.185
1094.28 595.796 450.112 726.798
838.346 892.969 177.188 511.066
1124.84 926.096 119.683 749.227
1073.79 833.485 209.05 704.637
986.356 592.277 455.464 622.633
1085.04 842.898 199.489 714.904
982.399 633.921 411.196 620.432
1091.04 616.085 427.955 723.301
912.231 863.437 197.696 567.672
1041.37 550.152 501.355 674.92
974.978 569.971 478.968 611.727
1015.21 594.709 452.498 650.417
912.231 863.437 197.696 567.672
1071.9 894.946 153.42 703.004
1043.29 599.66 445.412 677.305
1096.88 554.147 496.353 729.79
1019.22 600.999 445.092 653.86
816.315 847.357 217.889 490.523
958.372 846.385 205.694 604.894
1031.46 639.702 404.465 666.268
982.043 594.401 452.864 619.079
1139.13 921.736 122.174 762.219
958.372 846.385 205.694 604.894
1231.07 940.545 94.6856 845.211
1004.81 637.695 406.598 641.227
1001.75 636.285 408.309 638.229
947.815 837.352 214.311 595.912
1041.37 550.152 501.355 674.92
1010.63 607.841 438.189 645.95
1081.21 574.592 473.413 714.132
999.583 612.585 433.426 635.08
979.807 594.662 452.426 616.804
1014.48 602.396 444.893 652.372
1287.06 944.107 86.4086 899.046
1017.82 613.227 432.124 654.83
1091.14 551.199 499.903 723.698
1247.65 923.685 108.606 861.86
1009.31 867.981 182.958 648.893
1078.24 568.585 480.449 711.185
1078.65 520.316 535.695 711.791
1043.88 549.398 504.244 677.226
1096.24 570.663 477.83 729.317
1092.35 570.679 477.926 725.378
1039.24 573.607 475.373 672.909
962.349 804.73 242.896 606.739
979.617 598.079 449.287 616.786
1089.02 565.083 484.448 721.919
1041.34 565.696 484.164 675.27
809.327 852.027 212.847 482.311
995.548 641.443 403.056 632.73
991.446 637.936 407.394 628.657
1024.1 600.219 446.618 657.181
982.23 596.614 450.506 619.357
1043.54 547.3 504.244 677.226
1030.53 609.33 436.571 665.231
1000.23 546.933 504.385 634.904
1041.37 550.152 501.355 674.92
1099.63 566.671 482.321 731.739
985.413 551.727 498.827 620.879
1328.82 894.412 124.832 941.556
1073.9 551.858 499.281 706.683
975.413 568.864 479.385 612.689
1101.5 840.155 200.3 729.574
1197.84 880.816 152.612 816.386
842.68 912.728 159.976 515.388
1002.16 564.836 485.103 637.213
1099.27 570.909 477.608 731.741
987.425 638.739 406.092 625.198
956.63 869.755 186.393 604.605
1070.61 566.206 483.247 703.737
1012.21 607.185 438.788 647.792
857.062 915.651 155.35 527.822
1090.7 893.899 152.199 719.288
1066.44 861.467 184.005 698.322
1084.69 573.644 474.286 717.622
1023.54 640.357 405.025 658.809
1063.5 574.777 473.646 696.634
1129.6 924.386 120.664 753.173
1020.89 571.772 476.766 655.527
1231.96 940.424 94.6834 845.994
1009.23 565.284 484.766 644.225
1199.97 865.127 166.785 819.675
996.9 610.246 433.891 633.3
1065.23 528.175 526.233 698.253
1222.59 903.728 129.052 838.738
1034.01 569.619 479.933 667.953
1120.41 921.997 123.762 745.423
1058.83 600.803 445.28 692.382
1006.97 563.869 486.981 641.254
996.9 610.246 433.891 633.3
1132.62 921.104 123.042 756.302
1064.36 525.361 528.178 696.311
1014.68 545.54 506.706 648.741
1024.65 543.823 506.29 659.634
1244.32 895.632 134.414 860.16
1303.08 914.81 110.44 916.079
1097.72 557.231 492.825 730.319
1014.48 602.396 442.646 648.859
985.184 552.619 498.092 620.855
1001.5 561.817 488.414 636.649
1221.03 884.217 146.734 838.193
1016.31 610.176 436.08 651.255
1320.66 837.821 180.535 939.219
1045.05 563.557 486.588 678.69
1149.14 918.501 123.914 771.284
874.484 816.146 239.493 533.986
1313.13 898.698 124.227 927.208
863.568 911.229 158.559 530.703
1035.69 544.649 507.392 669.381
1017.78 594.76 452.327 652.817
1000.06 546.236 505.464 634.756
1035.58 546.388 507.392 669.381
1039.3 567.364 482.353 673.148
1028.5 568.497 480.958 662.739
997.973 542.739 509.279 632.791
1066.65 574.026 474.443 699.755
1004.81 637.695 406.598 641.227
1242.75 895.742 134.371 856.837
1068.65 547.605 503.731 701.49
1075.82 830.801 211.885 706.074
1098.86 575.295 472.328 731.191
818.215 891.716 179.286 494.911
1053.29 856.763 189.534 687.037
1004.99 550.321 501.035 639.454
975.413 568.864 479.385 612.689
1015.82 552.856 497.909 650.191
1015.82 552.856 497.909 650.191
1002.25 568.613 482.802 636.761
1181.35 938.419 102.217 799.527
1227.53 867.155 162.098 844.857
991.25 592.823 454.589 627.862
979.691 612.741 433.379 617.323
1089.02 565.083 484.448 721.919
1091.23 572.559 475.776 723.847
1066.36 555.495 495.126 699.417
1026.82 640.599 403.379 661.873
981.819 829.564 220.107 624.615
1087.74 556.109 494.014 720.613
1091.23 572.559 475.776 723.847
1313.13 898.698 124.227 927.208
1181.35 938.419 102.217 799.527
1035.57 568.888 480.754 671.319
964.122 908.041 151.8 611.522
1317.8 888.07 133.011 932.494
1227.31 895.993 135.7 843.648
1056.61 845.644 199.555 690.039
985.885 570.99 478.098 621.84
1001.83 566.829 482.802 636.761
1038 570.479 478.985 671.782
1221.37 918.637 115.52 837.344
1024.35 612.275 434.109 660.099
1012.21 607.185 438.788 647.792
839.971 910.57 161.374 514.083
1017.34 601.744 444.893 652.372
1066.39 556.245 494.344 699.47
1058.27 860.453 186.096 691.136
1006.21 571.563 477.556 641.181
992.075 571.295 477.712 627.901
982.363 592.049 455.309 619.343
1087.26 574.131 474.245 720.08
1041.41 554.03 497.343 675.164
1262.14 936.849 94.7039 874.978
1028.66 610.546 435.308 663.32
1086.93 566.811 482.444 720.019
1056.61 845.644 199.555 690.039
1098.6 557.144 492.786 731.164
1053.81 594.637 452.077 687.375
1132.62 921.104 123.042 756.302
997.225 636.777 407.867 632.619
894.929 886.19 176.632 554.748
995.637 550.25 500.878 630.759
1030.35 570.963 476.534 665.469
955.093 836.671 215.604 602.925
1052 824.554 219.431 686.433
1012.94 604.215 442.646 648.859
1015.37 611.009 434.996 650.882
1063.43 527.864 526.746 696.414
1331.85 897.622 121.267 944.5
1218.95 939.461 97.1833 833.828
1229.39 921.792 112.079 844.572
1087.26 574.131 474.245 720.08
1220.04 908.36 125.433 836.42
1064.3 598.691 447.262 697.198
999.583 612.585 433.651 637.07
1313.2 829.166 190.253 931.884
1053.88 608.162 437.313 687.614
1133.85 922.274 121.868 757.207
1009.86 572.416 476.567 644.868
1090.56 612.068 429.921 723.76
1019.15 637.643 406.381 652.708
1146.42 918.328 123.994 767.441
1085.31 566.347 482.445 717.657
818.215 891.716 179.286 494.911
1037.49 568.688 480.754 671.319
1013.24 613.92 431.832 648.784
1016.43 608.202 436.08 651.255
1096.7 565.526 483.515 729.949
984.196 597.278 449.835 621.039
981.974 599.394 450.506 619.357
1318.96 902.612 119.201 932.136
978.685 636.726 408.173 617.051
1037.49 568.688 480.754 671.319
1029.36 639.09 405.208 663.597
1201.53 865.524 166.785 819.675
1064.59 607.726 437.702 697.863
1097.3 547.065 504.252 729.825
1296 914.006 112.195 909.614
956.804 805.849 243.004 602.61
951.239 837.525 214.829 598.641
1025.7 863.858 186.376 663.529
974.439 561.068 489.09 610.858
1021.78 639.855 404.258 657.222
956.778 809.472 243.004 602.61
1309.2 934.571 91.1955 920.355
1236.76 895.663 134.979 852.396
1020.74 639.63 404.681 656.347
1005.04 567.837 481.052 640.111
1058.91 594.3 452.478 692.345
1025.21 601.844 444.706 659.983
967.406 923.866 137.429 614.367
979.694 542.783 508.99 615.228
1044.87 597.89 449.382 680.428
806.722 915.368 158.875 486.677
1091.61 614.716 429.921 723.76
1098.86 575.295 472.328 731.191
1026.07 548.56 502.076 659.998
1010.98 602.35 444.398 646.349
1077.3 555.435 494.505 710.346
1079.78 832.184 209.888 710.548
1024.71 597.174 452.23 660.233
975.576 566.66 482.361 612.042
963.415 813.745 236.973 608.19
1055.7 849.183 197.025 689.436
1314.39 897.239 125.164 928.212
1026.3 612.082 434.109 660.099
1034.95 856.892 189.817 671.195
1092.28 616.624 427.319 724.581
1230.98 923.92 109.531 845.203
994.324 611.372 435.68 631.522
1056.34 546.419 505.705 689.474
1056.4 610.209 435.113 690.531
1140.13 908.461 133.147 762.851
1073.9 551.858 499.281 706.683
1078.2 525.23 529.734 711.096
1005.14 919.026 138.086 645.797
1210.29 863.31 167.998 827.976
1116.21 857.391 182.837 742.469
990.507 590.737 454.952 627.125
1053.78 616.836 428.808 687.436
984.183 544.907 506.668 619.484
1075.54 568.501 479.805 708.676
982.23 596.614 450.506 619.357
1077.15 547.438 504.604 710.057
1289.52 816.42 203.997 908.301
1024.19 572.19 477.749 658.511
1138.17 915.513 127.911 760.944
1119.33 924.793 121.295 744.096
1066.65 574.026 474.443 699.755
1056.68 574.496 474.042 690.035
1040.93 570.14 479.127 674.639
1021.32 565.785 484.309 655.911
977.828 638.752 406.379 616.431
1060.2 596.323 449.664 693.194
1219.35 917.559 116.773 835.664
1128.61 923.966 121.077 751.617
1036.84 550.165 501.373 670.642
1074.69 553.305 497.848 708.027
1070.61 566.206 483.247 703.737
1056.32 526.427 528.117 689.328
1197.84 880.816 152.612 816.386
1024.93 554.921 497.618 659.801
932.482 878.081 180.776 583.846
979.518 638.717 406.371 618.134
1078.3 528.544 525.84 711.185
1012.45 607.822 438.788 647.792
1006.21 571.563 477.556 641.181
1122.04 922.231 123.419 747.039
984.196 597.278 449.835 621.039
1227.31 895.993 135.7 843.648
959.322 829.364 220.482 604.248
1150.7 915.907 125.821 772.784
974.073 541.769 510.154 609.946
1067.99 835.394 207.793 700.016
1066.39 556.245 494.344 699.47
1093.45 527.395 527.836 726.987
1076.3 569.729 479.805 708.676
1098.49 547.287 504.109 730.566
1043.76 553.231 498.086 677.244
991.446 637.936 407.394 628.657
1042.77 869.802 178.501 677.676
1208.42 871.761 159.292 829.044
816.321 848.318 216.862 490.565
1097.44 565.355 483.515 729.949
1014.48 602.396 442.646 648.859
894.117 919.91 148.001 555.154
1018.26 551.302 500.09 652.789
1036 555.069 495.799 669.759
1110.11 888.884 154.593 736.466
1091.4 614.151 429.921 723.76
1002.46 561.69 488.425 637.474
1059.74 572.798 474.808 693.058
1244.32 895.632 134.414 860.16
1013.14 641.665 402.774 649.283
1027.4 603.886 442.488 659.828
984.658 641.341 403.622 622.651
1031.88 573.894 475.154 666.079
1066.77 547.495 504.145 699.903
1014.83 597.158 452.498 650.417
1010.83 569.357 479.965 645.839
1090.7 893.899 152.199 719.288
952.762 841.662 211.245 600.105
1077.3 555.435 494.505 710.346
1026.03 549.458 502.076 659.998
1153.35 915.777 125.68 775.469
985.233 542.378 509.666 620.408
1023.36 551.756 499.623 657.066
1044.84 601.8 444.769 678.992
1099.45 568.238 480.16 732.125
975.457 598.275 448.794 612.839
1051.08 606.301 439.171 685.224
1010.63 607.841 438.189 645.95
1063.19 600.63 447.262 697.198
1303.08 914.81 110.44 916.079
979.808 551.1 500.328 615.759
1047.08 555.547 495.259 680.525
1253.27 904.679 124.789 868.204
1037.94 573.879 475.175 671.841
1085.31 566.347 482.445 717.657
963.432 824.775 225.171 609.331
1064.59 607.726 437.702 697.863
995.12 610.107 437.018 634.228
1093.45 527.395 527.836 726.987
1059.75 564.937 484.797 692.939
1006.3 636.648 407.868 642.868
1001.17 612.235 433.651 637.07
1087.26 574.131 474.245 720.08
799.477 852.981 212.318 476.539
1130.53 848.302 189.207 755.989
848.116 918.095 154.727 519.235
1017.09 562.034 488.09 651.731
1088.33 566.34 483.101 721.12
928.323 896.877 164.423 581.772
1080.87 564.905 484.623 713.643
988.412 570.54 478.489 624.322
1075.57 832.831 209.748 706.767
1072.06 896.357 151.388 703.159
1319.49 891.549 129.556 933.312
1061.43 520.555 536.648 694.283
982.516 610.921 435.403 619.964
1017.78 594.76 452.327 652.817
826.819 914.866 158.371 503.234
1018.26 551.302 500.09 652.789
1071.46 890.48 156.987 702.923
975.576 566.66 482.361 612.042
860.937 915.001 155.462 529.463
1072.14 878.725 167.93 703.269
1289.52 816.42 203.997 908.301
1014.75 592.23 457.276 649.922
1093.24 613.195 430.778 725.653
