0 2843
1 1076
2 7327
3 3407
4 7213
5 4696
6 937
7 6366
8 4050
9 6002
10 6326
11 3803
12 3196
13 194
14 7632
15 7155
16 6005
17 6874
18 1008
19 3430
20 6415
21 2834
22 6618
23 5282
24 1671
25 578
26 2578
27 6035
28 7036
29 2495
30 607
31 1192
32 2448
33 499
34 6193
35 3053
36 4768
37 3871
38 7652
39 2859
40 2513
41 5498
42 6470
43 6041
44 1265
45 457
46 3756
47 2125
48 7027
49 5255
50 7032
51 4652
52 190
53 6236
54 2730
55 6422
56 1712
57 6793
58 6852
59 2850
60 3884
61 4799
62 1794
63 2971
64 7647
65 3682
66 866
67 1770
68 1730
69 7171
70 3962
71 503
72 1157
73 6185
74 4080
75 6644
76 4824
77 1175
78 3744
79 3525
80 2682
81 4500
82 4609
83 4736
84 3673
85 3790
86 794
87 17
88 3923
89 3031
90 7395
91 2703
92 5208
93 6848
94 598
95 6620
96 3579
97 107
98 6643
99 2723
100 4321
101 3637
102 2467
103 1632
104 8
105 1614
106 5586
107 2844
108 2449
109 6405
110 2908
111 1016
112 5136
113 497
114 3477
115 1239
116 2732
117 2090
118 2041
119 4676
120 7650
121 6743
122 471
123 7179
124 6312
125 3204
126 1112
127 6757
128 3437
129 3099
130 3644
131 851
132 798
133 3207
134 2856
135 6756
136 2394
137 1578
138 6383
139 6859
140 1684
141 323
142 1226
143 4725
144 7203
145 2668
146 270
147 4676
148 1497
149 6964
150 2407
151 3201
152 4644
153 747
154 4744
155 2001
156 5790
157 2041
158 6109
159 3994
160 4262
161 2207
162 6199
163 3790
164 5239
165 2593
166 265
167 2974
168 2712
169 5076
170 2597
171 5715
172 120
173 2812
174 6356
175 55
176 4769
177 2069
178 2347
179 7141
180 1699
181 3987
182 5202
183 4482
184 6550
185 980
186 3919
187 3154
188 1412
189 1979
190 3249
191 5074
192 4034
193 7491
194 980
195 2627
196 2943
197 896
198 2962
199 5043
200 2787
201 4774
202 6026
203 2970
204 1594
205 6858
206 1754
207 197
208 7271
209 2183
210 879
211 2209
212 891
213 829
214 4543
215 2173
216 7714
217 5813
218 2974
219 3701
220 4142
221 3876
222 3257
223 26
224 4553
225 1927
226 3410
227 753
228 1258
229 6441
230 7179
231 1007
232 5335
233 2113
234 5271
235 6845
236 4238
237 243
238 4700
239 7463
240 3321
241 3650
242 2296
243 2834
244 1021
245 748
246 1747
247 7551
248 5963
249 5119
250 6198
251 1157
252 5459
253 307
254 5016
255 1765
256 5765
257 6444
258 264
259 6309
260 436
261 2624
262 1371
263 7722
264 4441
265 6511
266 1419
267 3554
268 4844
269 2037
270 1728
271 3048
272 3272
273 5775
274 379
275 102
276 5263
277 1258
278 4486
279 781
280 6424
281 7273
282 840
283 3892
284 7209
285 2136
286 5250
287 1724
288 1717
289 1546
290 2275
291 6954
292 7280
293 987
294 128
295 1696
296 6999
297 1972
298 4716
299 3114
300 3757
301 6771
302 3194
303 2573
304 1709
305 4070
306 1306
307 4279
308 5241
309 6555
310 4147
311 1418
312 5993
313 2722
314 4680
315 286
316 5410
317 2535
318 6433
319 1685
320 3072
321 1697
322 2120
323 651
324 3139
325 6912
326 7515
327 4062
328 2266
329 1003
330 1085
331 883
332 6405
333 7467
334 7182
335 2593
336 2394
337 1222
338 5506
339 2435
340 4135
341 5451
342 3884
343 436
344 4985
345 88
346 6927
347 1745
348 1906
349 2056
350 3766
351 2708
352 1623
353 192
354 7619
355 2322
356 352
357 1674
358 7293
359 3541
360 6798
361 2984
362 5986
363 459
364 1163
365 5250
366 2601
367 2252
368 4312
369 3068
370 2222
371 6374
372 2357
373 234
374 1234
375 5045
376 4443
377 4185
378 2292
379 3326
380 7178
381 5229
382 3708
383 4974
384 3154
385 4593
386 2082
387 4189
388 6718
389 7195
390 1484
391 5043
392 2233
393 1548
394 2406
395 386
396 4017
397 1621
398 7383
399 4005
400 1497
401 935
402 3591
403 3702
404 1614
405 3166
406 3207
407 1876
408 6139
409 4953
410 3434
411 3230
412 616
413 3602
414 2449
415 6388
416 5623
417 5022
418 7535
419 2229
420 4437
421 6210
422 2553
423 666
424 3728
425 4065
426 4612
427 1599
428 1746
429 5666
430 1722
431 806
432 7076
433 2737
434 7429
435 6368
436 3402
437 7458
438 2489
439 6196
440 2757
441 2392
442 2786
443 3941
444 1480
445 6551
446 5800
447 3146
448 440
449 4414
450 2986
451 2529
452 7578
453 2896
454 3042
455 7490
456 4367
457 4349
458 2491
459 6524
460 6455
461 6829
462 5291
463 6322
464 2149
465 475
466 4753
467 3753
468 2067
469 2872
470 4238
471 3103
472 2033
473 4037
474 4051
475 2442
476 1660
477 7464
478 7376
479 3509
480 2594
481 3594
482 7106
483 6528
484 6548
485 2134
486 3818
487 3344
488 7674
489 983
490 6247
491 3623
492 3649
493 6532
494 4629
495 1802
496 5349
497 2111
498 7010
499 6361
500 2312
501 835
502 4621
503 3620
504 6666
505 2370
506 2817
507 4339
508 3321
509 1603
510 4832
511 357
512 2920
513 1072
514 6549
515 3312
516 2248
517 4401
518 6195
519 6411
520 2356
521 3287
522 6986
523 2238
524 1611
525 1326
526 4484
527 1880
528 3355
529 7397
530 6979
531 7274
532 5775
533 5080
534 4276
535 1900
536 6272
537 5952
538 136
539 1560
540 1119
541 7432
542 7143
543 7342
544 7486
545 2320
546 5999
547 4644
548 1626
549 319
550 7681
551 6256
552 6324
553 2261
554 5864
555 7762
556 2961
557 1436
558 52
559 2865
560 7155
561 2094
562 5449
563 2786
564 1893
565 2849
566 5391
567 4054
568 1176
569 1395
570 7281
571 6957
572 6228
573 3308
574 363
575 2178
576 1741
577 4248
578 2993
579 4162
580 6914
581 3607
582 7777
583 5236
584 1361
585 915
586 7527
587 224
588 4901
589 6194
590 2309
591 5024
592 3741
593 2422
594 403
595 2232
596 4109
597 4472
598 7045
599 1898
600 1637
601 5775
602 2476
603 2860
604 4156
605 4114
606 5775
607 2024
608 2317
609 3108
610 2495
611 2409
612 7462
613 1415
614 3342
615 3077
616 271
617 2931
618 6703
619 5146
620 4884
621 4191
622 950
623 747
624 29
625 2598
626 6238
627 3961
628 6882
629 4837
630 1413
631 2493
632 408
633 6325
634 1161
635 6981
636 4032
637 3835
638 4419
639 2120
640 397
641 4788
642 4153
643 3130
644 6326
645 5554
646 2339
647 6770
648 2374
649 1183
650 1819
651 5390
652 6936
653 2072
654 7612
655 2510
656 2780
657 4249
658 4368
659 2548
660 42
661 1560
662 4167
663 6554
664 1869
665 2916
666 2167
667 2070
668 3735
669 1600
670 4619
671 4718
672 3167
673 891
674 3163
675 1124
676 4772
677 4066
678 4158
679 416
680 7567
681 4286
682 4917
683 4927
684 2532
685 27
686 1974
687 6290
688 3199
689 7763
690 1402
691 3000
692 7226
693 3979
694 5199
695 4754
696 2891
697 4456
698 256
699 7662
700 3440
701 7798
702 6265
703 1779
704 2559
705 5766
706 3712
707 3369
708 3774
709 2663
710 2068
711 3344
712 1976
713 2349
714 2824
715 3358
716 7302
717 30
718 2097
719 233
720 4538
721 4851
722 1753
723 1416
724 4952
725 4085
726 156
727 833
728 5807
729 453
730 7581
731 2161
732 1568
733 4248
734 4603
735 3881
736 6973
737 5086
738 738
739 1063
740 7457
741 6966
742 1825
743 5868
744 7366
745 4498
746 679
747 2563
748 3140
749 1817
750 3122
751 4906
752 2818
753 4345
754 2057
755 2920
756 3599
757 6193
758 5529
759 4065
760 4766
761 7538
762 4305
763 3901
764 3433
765 3384
766 1804
767 7057
768 4813
769 5200
770 62
771 4178
772 4482
773 4470
774 3346
775 5104
776 5507
777 2504
778 6941
779 1882
780 5313
781 4128
782 2071
783 6072
784 2072
785 4070
786 1762
787 2688
788 1804
789 4312
790 5465
791 7584
792 2370
793 4153
794 5227
795 6969
796 2864
797 3790
798 1809
799 4047
800 1245
801 2837
802 2275
803 4575
804 4173
805 5064
806 6640
807 1366
808 4336
809 7101
810 3253
811 4968
812 7737
813 4721
814 2142
815 4632
816 1959
817 3626
818 1997
819 2871
820 3252
821 1934
822 2760
823 1052
824 7329
825 4961
826 3281
827 6614
828 1050
829 5568
830 530
831 4218
832 3535
833 7079
834 1056
835 180
836 2976
837 5540
838 1692
839 5383
840 6350
841 802
842 518
843 5660
844 2709
845 1635
846 1336
847 816
848 391
849 4220
850 4117
851 621
852 6231
853 6262
854 3652
855 2833
856 3754
857 2322
858 2570
859 6605
860 6926
861 4481
862 149
863 6303
864 4064
865 3630
866 3320
867 5701
868 3313
869 3785
870 3220
871 4189
872 6964
873 2573
874 1125
875 3781
876 7140
877 5010
878 969
879 6626
880 438
881 6457
882 2021
883 4579
884 7447
885 7395
886 1136
887 3115
888 327
889 6297
890 2494
891 192
892 7172
893 5980
894 1629
895 4129
896 4796
897 4261
898 1735
899 106
900 7
901 3603
902 1686
903 4907
904 5670
905 2172
906 5145
907 6036
908 777
909 1012
910 4804
911 5562
912 2304
913 3120
914 3258
915 1710
916 1051
917 2893
918 1856
919 2740
920 2349
921 6306
922 3977
923 6291
924 4949
925 3529
926 745
927 1625
928 2714
929 2369
930 4670
931 5336
932 3778
933 1859
934 7262
935 6004
936 6499
937 927
938 1417
939 3711
940 3452
941 1974
942 956
943 3314
944 2210
945 3375
946 51
947 1018
948 7
949 4329
950 3003
951 616
952 2240
953 6440
954 2517
955 7154
956 3888
957 6019
958 7459
959 6585
960 5584
961 7797
962 7043
963 4822
964 920
965 5095
966 5106
967 3588
968 6774
969 399
970 7754
971 7202
972 3045
973 3732
974 2322
975 6925
976 6201
977 4091
978 5025
979 4535
980 5499
981 3978
982 4325
983 4281
984 6912
985 1898
986 4797
987 3579
988 3957
989 3694
990 3921
991 7359
992 2411
993 1723
994 7288
995 4646
996 3945
997 4019
998 4516
999 27
1000 7433
1001 1735
1002 4872
1003 3272
1004 4319
1005 258
1006 7055
1007 3558
1008 3924
1009 1058
1010 4494
1011 4075
1012 1652
1013 4635
1014 4373
1015 5969
1016 4492
1017 2485
1018 2674
1019 2080
1020 2049
1021 5175
1022 2151
1023 1155
1024 6052
1025 153
1026 1187
1027 2692
1028 2576
1029 4311
1030 6674
1031 3382
1032 7301
1033 487
1034 3081
1035 2361
1036 826
1037 1000
1038 2997
1039 5800
1040 7585
1041 2925
1042 2061
1043 4667
1044 6648
1045 1129
1046 4900
1047 5085
1048 1953
1049 3155
1050 1721
1051 6821
1052 4034
1053 2109
1054 3071
1055 4518
1056 7466
1057 1688
1058 2984
1059 5213
1060 3107
1061 2554
1062 1598
1063 6713
1064 3550
1065 5283
1066 6531
1067 231
1068 1067
1069 1151
1070 4759
1071 978
1072 3027
1073 4752
1074 4040
1075 2954
1076 7338
1077 2302
1078 6537
1079 6063
1080 6676
1081 6625
1082 5620
1083 833
1084 6024
1085 2589
1086 555
1087 856
1088 3132
1089 1365
1090 6383
1091 4473
1092 3093
1093 3180
1094 4146
1095 2051
1096 3414
1097 4132
1098 2214
1099 7022
1100 1892
1101 1475
1102 5383
1103 1768
1104 6345
1105 4017
1106 305
1107 2017
1108 3201
1109 5865
1110 3705
1111 4303
1112 195
1113 2847
1114 6340
1115 3087
1116 2720
1117 3615
1118 3699
1119 1952
1120 7262
1121 7382
1122 6161
1123 4615
1124 6090
1125 4505
1126 4599
1127 2510
1128 3033
1129 4410
1130 3784
1131 1716
1132 6941
1133 7062
1134 5043
1135 904
1136 466
1137 7583
1138 7192
1139 1052
1140 5913
1141 3841
1142 1918
1143 5799
1144 3143
1145 6385
1146 3590
1147 3657
1148 4056
1149 3056
1150 2324
1151 2065
1152 3817
1153 842
1154 2487
1155 778
1156 1837
1157 2505
1158 853
1159 7784
1160 1548
1161 1628
1162 5850
1163 3290
1164 7676
1165 6204
1166 590
1167 7416
1168 7024
1169 447
1170 5481
1171 7770
1172 6198
1173 5614
1174 5000
1175 7591
1176 256
1177 6803
1178 2280
1179 7619
1180 6399
1181 7758
1182 7325
1183 1653
1184 1001
1185 2732
1186 924
1187 3023
1188 1135
1189 5495
1190 326
1191 694
1192 405
1193 4793
1194 5877
1195 3217
1196 2189
1197 6230
1198 6738
1199 4788
1200 6627
1201 4706
1202 6939
1203 224
1204 6049
1205 4409
1206 3400
1207 6349
1208 3030
1209 7218
1210 6584
1211 2640
1212 5857
1213 2180
1214 3224
1215 1194
1216 454
1217 2628
1218 4712
1219 3715
1220 1926
1221 3556
1222 4456
1223 2474
1224 2389
1225 1816
1226 5240
1227 7060
1228 794
1229 4736
1230 6538
1231 5214
1232 7015
1233 6943
1234 7314
1235 3673
1236 2646
1237 3474
1238 6652
1239 1990
1240 3904
1241 1616
1242 6431
1243 3118
1244 3737
1245 3686
1246 4067
1247 5495
1248 3394
1249 2385
1250 537
1251 1699
1252 3121
1253 5892
1254 4198
1255 3304
1256 2308
1257 6322
1258 3453
1259 2074
1260 4757
1261 3261
1262 7618
1263 7782
1264 6974
1265 7241
1266 7240
1267 3317
1268 7611
1269 240
1270 917
1271 2761
1272 530
1273 5183
1274 4542
1275 3910
1276 7785
1277 5701
1278 6328
1279 4765
1280 5066
1281 3063
1282 2641
1283 1715
1284 1182
1285 998
1286 5696
1287 1028
1288 1649
1289 5195
1290 3219
1291 4403
1292 7661
1293 2029
1294 3309
1295 6246
1296 7031
1297 6851
1298 4924
1299 2342
1300 2730
1301 1561
1302 5436
1303 1582
1304 4357
1305 1211
1306 4703
1307 2498
1308 6562
1309 6290
1310 2345
1311 6533
1312 3868
1313 3987
1314 4029
1315 1818
1316 190
1317 4467
1318 2190
1319 2019
1320 2645
1321 960
1322 2967
1323 7592
1324 456
1325 2573
1326 2588
1327 4408
1328 7056
1329 6366
1330 2390
1331 1261
1332 2260
1333 7071
1334 2867
1335 2256
1336 3967
1337 4213
1338 85
1339 1535
1340 2220
1341 7394
1342 643
1343 7254
1344 726
1345 3196
1346 6606
1347 2446
1348 5144
1349 6893
1350 6019
1351 217
1352 4472
1353 9
1354 2090
1355 4686
1356 2484
1357 5153
1358 4708
1359 3879
1360 7291
1361 3896
1362 3143
1363 7387
1364 4971
1365 1990
1366 4657
1367 6329
1368 1970
1369 6031
1370 4976
1371 2455
1372 2349
1373 3889
1374 2478
1375 7759
1376 4020
1377 7623
1378 5668
1379 2818
1380 6248
1381 1681
1382 1897
1383 3155
1384 5737
1385 3563
1386 1076
1387 6641
1388 3462
1389 1730
1390 4755
1391 2113
1392 3242
1393 4005
1394 3463
1395 2378
1396 178
1397 3607
1398 3910
1399 816
1400 7460
1401 1096
1402 5665
1403 5161
1404 3152
1405 3234
1406 5564
1407 1535
1408 3743
1409 1276
1410 2800
1411 1068
1412 3971
1413 4514
1414 5734
1415 2914
1416 2423
1417 7006
1418 4353
1419 3513
1420 4278
1421 5721
1422 1490
1423 1938
1424 6597
1425 1106
1426 4055
1427 3387
1428 4279
1429 3360
1430 4581
1431 2998
1432 7279
1433 7347
1434 3852
1435 4109
1436 4616
1437 6393
1438 7482
1439 6476
1440 3479
1441 2417
1442 3953
1443 7118
1444 3628
1445 4506
1446 4698
1447 1623
1448 3297
1449 4992
1450 513
1451 3433
1452 6762
1453 5573
1454 6209
1455 7306
1456 3538
1457 2886
1458 2058
1459 6840
1460 2771
1461 3721
1462 1984
1463 7306
1464 3257
1465 1997
1466 878
1467 7482
1468 3378
1469 2373
1470 1832
1471 4672
1472 5852
1473 6500
1474 7059
1475 972
1476 7771
1477 4112
1478 175
1479 2863
1480 2608
1481 7615
1482 5988
1483 353
1484 3639
1485 492
1486 5201
1487 6989
1488 3760
1489 3939
1490 5677
1491 350
1492 1670
1493 1995
1494 4157
1495 2655
1496 6259
1497 3435
1498 6077
1499 1530
1500 7488
1501 4349
1502 4715
1503 5597
1504 2731
1505 5590
1506 5791
1507 2435
1508 6980
1509 4738
1510 2975
1511 6455
1512 7660
1513 2578
1514 2108
1515 2232
1516 1691
1517 839
1518 4093
1519 2792
1520 5680
1521 6118
1522 1100
1523 5927
1524 6962
1525 5190
1526 6837
1527 6557
1528 7169
1529 7174
1530 2533
1531 3840
1532 3533
1533 3777
1534 6566
1535 2083
1536 4865
1537 2315
1538 2247
1539 2227
1540 6793
1541 6334
1542 6083
1543 5486
1544 4999
1545 7561
1546 1086
1547 4719
1548 3138
1549 4563
1550 3957
1551 4890
1552 1967
1553 7226
1554 4958
1555 7360
1556 1094
1557 4894
1558 4727
1559 5629
1560 7645
1561 6929
1562 6339
1563 1122
1564 2696
1565 1888
1566 6502
1567 6173
1568 1451
1569 5964
1570 5624
1571 607
1572 6490
1573 4944
1574 3796
1575 2440
1576 5960
1577 7498
1578 3121
1579 783
1580 6863
1581 4620
1582 1331
1583 7033
1584 550
1585 883
1586 7160
1587 1152
1588 7180
1589 6662
1590 2911
1591 263
1592 3445
1593 6708
1594 3192
1595 2230
1596 3144
1597 501
1598 2153
1599 3650
1600 1683
1601 6705
1602 2866
1603 1847
1604 2734
1605 2389
1606 6537
1607 6743
1608 5498
1609 135
1610 7620
1611 1361
1612 4590
1613 4451
1614 5493
1615 1892
1616 3449
1617 6217
1618 4730
1619 926
1620 2471
1621 4471
1622 4628
1623 3388
1624 3954
1625 2720
1626 7801
1627 5920
1628 2484
1629 2429
1630 6768
1631 3635
1632 6507
1633 3810
1634 685
1635 6085
1636 4496
1637 5584
1638 4089
1639 5089
1640 3911
1641 356
1642 7067
1643 6871
1644 5554
1645 7415
1646 5269
1647 3989
1648 4058
1649 1839
1650 4662
1651 5830
1652 3677
1653 4068
1654 3822
1655 2647
1656 2926
1657 4333
1658 2454
1659 7351
1660 2377
1661 321
1662 2051
1663 3386
1664 6445
1665 84
1666 6495
1667 1652
1668 6683
1669 3254
1670 513
1671 4074
1672 2253
1673 4517
1674 6514
1675 3500
1676 6676
1677 7111
1678 2936
1679 2727
1680 7357
1681 983
1682 3730
1683 3960
1684 4082
1685 2510
1686 4840
1687 229
1688 3325
1689 7335
1690 247
1691 4851
1692 3306
1693 7288
1694 2917
1695 1654
1696 2112
1697 6031
1698 7402
1699 5869
1700 4271
1701 692
1702 5240
1703 4623
1704 2497
1705 2192
1706 3899
1707 6794
1708 3917
1709 5052
1710 886
1711 2210
1712 639
1713 2555
1714 6767
1715 4045
1716 5564
1717 2569
1718 4277
1719 3328
1720 1979
1721 456
1722 7503
1723 5668
1724 773
1725 2422
1726 6156
1727 410
1728 6220
1729 6084
1730 137
1731 4215
1732 499
1733 1067
1734 2262
1735 7198
1736 7170
1737 3200
1738 1348
1739 6448
1740 1734
1741 6872
1742 7806
1743 4043
1744 6965
1745 2035
1746 893
1747 1296
1748 3878
1749 4441
1750 7058
1751 3581
1752 6228
1753 5380
1754 5207
1755 4959
1756 3173
1757 5957
1758 4560
1759 3608
1760 3622
1761 5205
1762 7357
1763 7176
1764 5934
1765 3734
1766 3794
1767 45
1768 1636
1769 81
1770 2398
1771 6286
1772 6680
1773 1681
1774 3501
1775 4926
1776 1044
1777 6703
1778 905
1779 5711
1780 3792
1781 6317
1782 3643
1783 4143
1784 4716
1785 369
1786 4232
1787 973
1788 5261
1789 4410
1790 2203
1791 7464
1792 3949
1793 7156
1794 7476
1795 5929
1796 2475
1797 733
1798 2759
1799 1271
1800 2359
1801 5152
1802 4108
1803 3564
1804 5935
1805 5524
1806 4355
1807 3451
1808 180
1809 3436
1810 6665
1811 6000
1812 2601
1813 4042
1814 5051
1815 504
1816 2857
1817 11
1818 364
1819 4632
1820 891
1821 5094
1822 186
1823 7117
1824 1677
1825 532
1826 1442
1827 1405
1828 6256
1829 5849
1830 6452
1831 6589
1832 3786
1833 408
1834 6932
1835 4435
1836 3360
1837 853
1838 3329
1839 7060
1840 4378
1841 4912
1842 1781
1843 1411
1844 2322
1845 6692
1846 1250
1847 2007
1848 3129
1849 4649
1850 407
1851 6941
1852 1841
1853 3917
1854 7107
1855 5141
1856 6717
1857 6041
1858 2975
1859 2688
1860 2026
1861 747
1862 5806
1863 4162
1864 3171
1865 187
1866 655
1867 3149
1868 594
1869 2983
1870 1940
1871 4469
1872 180
1873 1984
1874 2996
1875 6563
1876 3902
1877 6351
1878 5256
1879 7546
1880 3339
1881 1756
1882 3322
1883 4397
1884 5207
1885 1037
1886 1660
1887 7791
1888 6901
1889 2854
1890 3283
1891 6075
1892 6625
1893 7386
1894 2643
1895 1370
1896 6502
1897 325
1898 2265
1899 6108
1900 7256
1901 3854
1902 1820
1903 6654
1904 2130
1905 4407
1906 3753
1907 3191
1908 7531
1909 426
1910 6448
1911 454
1912 1515
1913 2140
1914 7004
1915 1964
1916 2735
1917 1955
1918 2425
1919 4786
1920 4700
1921 5109
1922 7134
1923 538
1924 4552
1925 3374
1926 7004
1927 2372
1928 2083
1929 125
1930 3929
1931 5357
1932 7427
1933 6625
1934 6808
1935 3878
1936 7102
1937 4564
1938 3660
1939 2230
1940 5304
1941 3574
1942 2320
1943 1810
1944 3525
1945 7131
1946 7345
1947 4134
1948 6986
1949 4783
1950 403
1951 5656
1952 6767
1953 2847
1954 1661
1955 613
1956 4661
1957 1111
1958 1771
1959 5522
1960 7774
1961 377
1962 5259
1963 6680
1964 1792
1965 4185
1966 2756
1967 4085
1968 6057
1969 4299
1970 4664
1971 5590
1972 4153
1973 13
1974 879
1975 5129
1976 2797
1977 2205
1978 6330
1979 3757
1980 1239
1981 49
1982 2349
1983 4770
1984 6765
1985 3527
1986 3127
1987 2771
1988 3715
1989 2733
1990 5904
1991 4626
1992 4718
1993 1130
1994 7661
1995 4734
1996 3062
1997 4662
1998 6234
1999 6031
2000 2244
2001 7066
2002 4322
2003 7583
2004 1966
2005 256
2006 2664
2007 4363
2008 7450
2009 6676
2010 6065
2011 6336
2012 2832
2013 7291
2014 5644
2015 440
2016 6412
2017 1776
2018 3595
2019 4854
2020 2929
2021 1649
2022 2377
2023 2885
2024 3935
2025 819
2026 4134
2027 1198
2028 5654
2029 6184
2030 2257
2031 5917
2032 5419
2033 5004
2034 6669
2035 3998
2036 153
2037 578
2038 4617
2039 1483
2040 1995
2041 4972
2042 1669
2043 4878
2044 4682
2045 2307
2046 1274
2047 1177
2048 4694
2049 3405
2050 4551
2051 2546
2052 2566
2053 2538
2054 7592
2055 2510
2056 5286
2057 5045
2058 165
2059 5171
2060 1538
2061 4173
2062 4919
2063 4588
2064 2265
2065 4408
2066 5307
2067 6675
2068 4907
2069 129
2070 3137
2071 6450
2072 1069
2073 3421
2074 2924
2075 170
2076 3940
2077 7579
2078 52
2079 970
2080 3258
2081 3494
2082 5361
2083 1921
2084 2234
2085 6549
2086 6619
2087 5520
2088 5583
2089 2443
2090 4717
2091 2840
2092 1989
2093 5702
2094 6556
2095 2912
2096 596
2097 456
2098 3282
2099 4197
2100 4874
2101 1684
2102 1933
2103 5509
2104 7560
2105 3801
2106 6026
2107 3761
2108 1192
2109 5492
2110 7193
2111 5710
2112 7638
2113 7427
2114 4948
2115 1947
2116 3800
2117 3877
2118 3590
2119 4626
2120 4500
2121 6535
2122 2345
2123 6544
2124 1216
2125 460
2126 4035
2127 2047
2128 3421
2129 3531
2130 4735
2131 4922
2132 4334
2133 3985
2134 5566
2135 82
2136 2892
2137 2277
2138 4030
2139 3829
2140 3449
2141 5577
2142 6632
2143 840
2144 1153
2145 7016
2146 5009
2147 6729
2148 4107
2149 2801
2150 7508
2151 4069
2152 2077
2153 2499
2154 6291
2155 338
2156 4002
2157 2169
2158 2970
2159 1808
2160 6234
2161 4336
2162 6888
2163 3107
2164 3377
2165 1788
2166 5976
2167 5793
2168 2453
2169 4331
2170 6292
2171 2748
2172 321
2173 5009
2174 6682
2175 1108
2176 6328
2177 502
2178 3399
2179 206
2180 3693
2181 1591
2182 5776
2183 7357
2184 6235
2185 2002
2186 5269
2187 102
2188 6847
2189 656
2190 7426
2191 1460
2192 4380
2193 4366
2194 1890
2195 354
2196 1484
2197 2459
2198 4040
2199 3246
2200 7199
2201 928
2202 3257
2203 6140
2204 2817
2205 5189
2206 2570
2207 4337
2208 3844
2209 6861
2210 246
2211 2338
2212 6832
2213 2461
2214 1548
2215 2400
2216 3620
2217 7339
2218 1181
2219 2420
2220 4677
2221 7527
2222 5063
2223 6286
2224 4678
2225 3777
2226 6290
2227 3369
2228 2562
2229 5309
2230 4712
2231 243
2232 1957
2233 967
2234 2396
2235 4556
2236 6491
2237 5344
2238 3385
2239 2814
2240 5857
2241 7271
2242 1169
2243 332
2244 2498
2245 4485
2246 6722
2247 1775
2248 5603
2249 877
2250 4252
2251 2339
2252 1419
2253 2841
2254 3316
2255 6685
2256 3371
2257 643
2258 4936
2259 6777
2260 7717
2261 1056
2262 5288
2263 4378
2264 5929
2265 4647
2266 4935
2267 5080
2268 4928
2269 4020
2270 242
2271 7608
2272 7117
2273 2805
2274 4382
2275 3443
2276 3296
2277 3880
2278 3050
2279 4867
2280 4733
2281 7004
2282 759
2283 409
2284 2878
2285 196
2286 4418
2287 3233
2288 3207
2289 4449
2290 1913
2291 7769
2292 3737
2293 4879
2294 1240
2295 2355
2296 7049
2297 1179
2298 339
2299 6895
2300 1892
2301 6648
2302 1467
2303 1566
2304 118
2305 2706
2306 6770
2307 345
2308 4388
2309 2750
2310 2348
2311 119
2312 2228
2313 436
2314 6133
2315 1914
2316 671
2317 6377
2318 1449
2319 4674
2320 4757
2321 2794
2322 7387
2323 1043
2324 713
2325 2100
2326 2767
2327 1999
2328 6248
2329 7634
2330 212
2331 1760
2332 7672
2333 2973
2334 2042
2335 149
2336 4534
2337 7250
2338 7004
2339 6404
2340 2092
2341 134
2342 6208
2343 4783
2344 2873
2345 2509
2346 369
2347 3799
2348 1891
2349 940
2350 6757
2351 5389
2352 1538
2353 2437
2354 3520
2355 285
2356 3803
2357 976
2358 7027
2359 7811
2360 4283
2361 5593
2362 6382
2363 7810
2364 1537
2365 564
2366 1073
2367 168
2368 5957
2369 1633
2370 4084
2371 2194
2372 5099
2373 5379
2374 5770
2375 2005
2376 6962
2377 4702
2378 2676
2379 3093
2380 7733
2381 2732
2382 3698
2383 7441
2384 3167
2385 104
2386 1744
2387 566
2388 981
2389 6673
2390 7805
2391 3056
2392 80
2393 1269
2394 3097
2395 2500
2396 7072
2397 1903
2398 6381
2399 3485
2400 4808
2401 3949
2402 4651
2403 666
2404 5127
2405 3866
2406 6834
2407 2024
2408 1934
2409 2022
2410 5048
2411 6583
2412 3375
2413 2197
2414 7188
2415 3842
2416 4548
2417 3054
2418 3609
2419 1119
2420 7399
2421 2369
2422 5699
2423 1080
2424 4380
2425 4120
2426 5412
2427 7151
2428 4566
2429 2378
2430 5774
2431 4237
2432 7218
2433 1648
2434 1216
2435 6558
2436 4088
2437 2138
2438 7325
2439 419
2440 3862
2441 326
2442 7291
2443 5966
2444 2116
2445 4739
2446 2165
2447 6173
2448 3219
2449 2617
2450 5199
2451 5080
2452 1427
2453 2113
2454 4710
2455 2051
2456 2672
2457 4645
2458 4457
2459 5857
2460 6987
2461 6358
2462 6066
2463 4011
2464 5504
2465 2137
2466 2399
2467 6223
2468 4286
2469 3732
2470 3062
2471 1375
2472 3422
2473 4683
2474 3823
2475 7547
2476 6305
2477 2239
2478 468
2479 7785
2480 3597
2481 440
2482 6684
2483 2669
2484 3258
2485 5054
2486 57
2487 6429
2488 4230
2489 7117
2490 375
2491 4184
2492 3950
2493 3707
2494 6222
2495 1689
2496 6101
2497 7420
2498 1628
2499 2802
