-2.41327 -0.812059 1.48478 -1.9374
-1.62174 -1.4262 0.56888 -1.27323
0.490055 0.938539 -0.938539 0.490055
1.19177 -0.730798 1.50082 1.07872
-5.38868 1.30634 -1.40442 -6.21487
0.079142 -1.31712 1.40433 0.855272
17.8732 -40.735 27.1333 22.9921
-1.66515 -1.20779 0.841897 -0.768575
0.17642 1.03488 -2.92919 0.477372
-0.666592 0.901058 -1.84805 -0.655194
-0.240596 -1.32186 1.45178 -0.517899
-1.08955 -0.160134 -0.080997 -1.53715
0.589444 -1.18117 1.17695 0.607777
1.33334 -1.22525 1.44639 0.360331
-0.438793 1.04431 -1.19986 -0.922343
1.0136 0.296759 -0.327847 1.0641
-1.55874 0.826881 -0.294462 -1.2015
0.219715 -1.21924 1.1709 0.413654
-1.27289 -0.605327 0.357233 -1.04067
-0.787057 0.900895 -1.31497 -0.625769
-0.965607 -0.431674 0.665639 -1.34308
0.483216 -0.977175 1.08229 0.436575
0.438704 -0.952422 1.10821 0.406425
0.800633 -0.727994 0.684041 0.846631
-4.14766 3.5227 -3.94059 -3.65757
2.79066 -3.4902 6.56801 5.80251
-0.755004 0.764474 -1.04554 -1.17506
0.971905 0.460281 -0.471616 1.02772
-0.007626 1.19248 -1.23858 -0.381277
-0.674015 -1.30056 1.30056 -0.674015
0.719633 -1.33266 1.66399 0.872995
-1.03619 -0.155284 0.247849 -1.21638
0.21315 1.19461 -1.08968 0.064871
-1.0145 -0.299034 0.602066 -1.937
1.03085 -2.84643 2.40125 0.4851
0.411468 -1.00143 1.78868 0.783522
-2.82192 -2.28775 3.13479 -1.5548
-5.1025 1.55635 -2.88851 -6.83378
0.956831 0.609153 -0.80192 1.01522
1.57644 -0.249485 -0.496815 1.96608
2.05302 -1.2272 1.96921 1.82431
-1.06126 1.43123 -2.13625 -0.511838
-0.156723 -1.19742 1.47048 -0.228317
-0.974759 -0.432062 0.670659 -1.34023
-5.10046 2.85805 -0.964055 -3.85986
-2.13008 -0.455241 -0.415604 -1.65914
1.04123 -0.273265 0.298709 1.52396
0.551056 0.897315 -0.923801 0.568991
-2.33749 3.75687 -1.88473 -1.51251
-0.705662 0.872394 -0.913147 -0.795891
0.689492 -0.788068 1.36969 1.1103
0.901732 -0.942013 2.41342 0.80523
1.48839 -0.749645 1.73246 2.49092
0.763004 0.805412 -1.01119 1.4851
1.18977 0.219685 0.117866 1.52766
-0.48868 0.96338 -1.67599 -0.541371
0.955502 0.434148 -0.54712 1.20153
-1.09827 0.085446 -0.060104 -1.15499
1.07541 -0.70274 0.670369 0.865273
5.82268 -3.9336 1.5097 3.65289
-3.07057 -26.1018 46.433 10.9831
-2.01157 5.61041 -6.18384 -2.25204
0.966598 0.540623 -0.804275 1.34016
-0.505927 0.985046 -1.35451 -0.404281
1.97612 -1.06191 1.16367 1.36296
-1.37793 0.42448 0.941306 -3.61926
0.768576 0.727959 -1.45269 1.51686
0.938659 0.775236 -0.693127 1.66616
1.04875 -0.004627 -0.026232 1.14738
0.901223 1.67842 -2.35882 1.19957
-1.00234 -0.605514 0.781493 -0.900632
0.882146 0.604733 -0.809802 1.29347
-2.93055 0.814323 -0.202481 -2.34861
1.33589 0.116839 -0.87756 1.53034
-0.568162 2.35873 -3.44406 -0.811911
1.12323 0.18647 0.105875 1.58233
-0.992937 -0.381119 0.780785 -1.49286
6.6416 -3.09357 2.83833 5.42008
-1.17845 0.297662 -0.473083 -1.9144
-0.877533 1.84681 -2.63664 -1.04242
-1.00138 -0.453329 0.413527 -0.963806
0.137446 2.40698 -2.2827 0.310668
1.20992 -1.09933 1.15981 0.858899
-0.859333 -0.729168 0.953585 -1.16932
-0.745733 1.21722 -1.0344 -0.873829
-0.224732 1.06763 -1.06763 -0.224732
4.15851 -3.55847 3.97909 4.88286
0.956212 -0.684457 0.619771 0.872248
1.0171 0.437985 -0.700591 2.11136
-1.00345 1.9513 -1.8284 -1.3068
-1.09053 -0.1629 0.326756 -1.16481
0.692901 -0.789254 0.909443 0.76996
1.47242 -2.70407 1.26482 0.519838
-0.686971 3.18663 -2.61623 -2.10534
0.960106 -1.71751 1.30521 0.550696
1.44129 0.397971 0.113145 1.91553
-0.809415 1.13457 -1.92209 -0.739609
0.412746 0.964235 -1.17832 0.649173
0.920221 -1.57234 1.34735 0.672116
1.5052 -1.70262 2.44859 1.58679
-6.24753 -1.66573 2.74407 -8.10356
-1.42643 -0.45408 0.758017 -1.74514
0.687049 -0.962527 0.835988 0.698989
1.53946 -3.58434 9.02044 3.06902
0.679665 0.94498 -3.98513 2.81086
1.05235 0.414563 -0.723274 1.25227
1.01038 -0.340657 0.301099 1.05327
-1.16068 -0.726107 4.38596 -3.1175
0.706651 1.1497 -2.37621 1.58449
1.88833 -1.08303 0.776192 1.77904
2.25862 -4.18454 3.18003 1.56881
2.41617 -3.03368 1.42499 2.32459
-6.77248 -5.33685 5.41041 -3.57203
-3.24586 1.62409 -0.896855 -1.30783
-11.6312 6.0484 -11.5982 -16.7159
-2.51445 0.85437 -2.53758 -3.73094
-10.7474 -6.13741 6.43387 -10.0529
-0.926224 -1.09617 1.46437 -1.54763
-0.571742 -0.904732 1.13987 -0.745116
-0.566955 0.942774 -0.911396 -0.726946
-1.73733 0.418484 -1.30753 -4.037
-0.302553 -1.4753 1.80009 0.384606
-5.19895 -6.26099 4.83776 -5.05241
-0.512222 1.25752 -1.12238 -0.339398
-1.01032 -0.35073 0.761604 -1.58154
-0.826268 0.696972 -0.80446 -0.771623
0.36147 -1.00847 4.67636 1.4602
0.465219 -1.03536 1.18279 0.325301
-1.12073 0.104383 -0.156573 -1.564
-0.241945 1.17415 -1.21201 -0.172918
1.2904 2.38499 -4.55298 2.02243
-1.00117 -0.35798 0.577606 -1.52993
-0.171287 -1.13408 1.07551 -0.320342
-1.48447 -1.38372 3.41261 -2.55341
0.848256 0.854255 -1.37125 0.614751
0.890344 0.593437 -0.755251 1.03163
-2.65656 -4.87193 5.55104 -3.2775
1.01885 -0.365495 0.33454 1.04294
5.47553 3.84709 -3.17434 4.08124
-1.32406 0.307839 -0.480577 -1.59241
-1.44457 0.159907 1.1897 -3.77677
-4.09128 10.0887 -8.64259 -4.46154
1.11767 -1.92164 1.32017 0.487501
-2.66736 -0.694095 1.46457 -3.1213
-0.022117 1.3422 -1.58615 0.570821
-60.4779 11.8716 -58.6521 -51.0311
0.870936 0.613939 -0.798493 1.21969
1.06753 0.184328 -0.339798 1.20293
-1.89423 0.896034 -0.814197 -2.98067
-0.391459 0.961976 -4.58889 -1.50482
-0.964812 0.48206 -0.47381 -0.954592
0.06686 -1.17385 1.53903 -0.110784
-0.501894 1.06622 -1.28994 -0.328605
0.4689 -1.02155 1.13965 0.468814
-0.373904 0.999356 -4.93563 -1.59643
1.79043 0.236042 -0.96041 1.54693
1.51306 1.14882 -1.05334 1.63697
-0.324446 -1.13292 1.28503 -0.716079
-0.5737 -0.880386 1.13143 -0.795884
-0.450852 1.65681 -2.77182 -0.607935
0.184979 1.08384 -1.92434 -0.049928
-0.677228 0.933553 -1.55964 -0.549365
1.80759 -2.15112 2.20161 0.742881
0.608032 -0.920377 1.92033 0.712625
8.94977 -21.5973 29.5758 12.5726
1.38739 -1.74709 3.61338 2.59989
0.983558 0.411683 -0.716168 1.35549
0.753754 -1.62215 1.14742 0.411141
-0.601393 -0.921829 0.921829 -0.601393
0.620322 0.867813 -0.929504 0.59511
-1.11967 0.080893 -0.237632 -1.16494
-2.89644 2.93433 -3.18754 -3.71214
-0.965984 1.3026 -1.00629 -0.532639
0.54847 -1.4206 5.74281 1.78723
0.153189 1.27377 -1.23901 -0.091941
0.525577 -1.47175 1.03572 0.572115
1.88943 1.71446 -1.23004 0.938676
-0.795917 -0.836669 1.22312 -0.924653
0.321278 1.07851 -1.77534 0.747995
0.112422 -1.06862 1.32331 0.091695
1.57029 -0.669644 1.17712 1.69042
-0.67182 2.05368 -3.06246 -1.17988
-1.47454 0.961863 -0.414761 -1.45757
0.611664 -1.73053 1.52342 0.566754
-0.573696 1.17797 -1.4745 -0.807106
1.07576 1.12066 -2.13252 1.57582
-0.455911 -1.10711 1.03576 -0.271402
-0.40469 -1.24504 4.76396 -0.472149
0.220987 -1.15402 1.07986 0.432257
-0.36272 0.968429 -1.10542 -0.382346
1.13098 0.826398 -1.48457 1.11835
1.30059 -0.928866 1.85696 2.37195
0.810696 -0.790203 0.782581 0.831794
-0.999523 -0.405491 0.86891 -1.64122
-1.11962 1.69746 -1.40931 -0.503856
-5.90057 0.721617 -2.07332 -5.82009
0.118536 -4.37455 6.62068 -1.29015
-0.775388 -1.9236 2.53733 0.407485
1.63469 0.806361 -1.37072 1.79024
0.740816 1.0336 -3.24551 2.22299
0.252483 1.03828 -1.14384 0.283344
1.02845 -0.528841 0.548753 0.91728
-2.04304 0.289097 1.59108 -2.13388
-1.11105 -0.595178 0.991755 -1.59814
-0.786459 1.5628 -1.80419 -0.652106
-0.369959 1.06071 -1.22752 -0.521811
-0.039467 1.09435 -1.28138 0.074533
0.957996 0.547198 -0.984189 1.61486
-2.11846 -0.894107 0.858733 -1.81183
-1.32749 -1.73458 4.83566 -7.57664
0.499789 -2.15322 2.30321 2.17676
-0.245612 1.92887 -2.25293 -0.635935
-1.02939 -0.521472 0.521472 -1.02939
-0.414449 -1.43351 3.38015 -0.334323
-1.65722 -2.12937 2.34836 -0.939472
-0.534085 1.25927 -1.13764 -0.996338
0.638302 -0.930137 2.09834 0.779197
1.29917 -2.15905 1.49614 0.559417
0.408736 0.996249 -0.982506 0.498605
1.33787 -2.76522 1.73228 0.64452
-0.843662 -0.783638 1.0647 -0.728024
-2.62975 -1.39315 1.23786 -3.25413
0.449571 -1.02829 1.21666 0.355486
-1.06986 -0.79785 0.963432 -1.52549
-8.8279 2.96448 -4.96166 -8.34662
1.14609 -1.07699 0.499029 1.05366
1.14315 0.388909 -0.465333 1.04201
-3.7636 8.27588 -7.77991 -3.50224
0.527223 -0.978712 1.96464 0.712641
0.35971 -0.992061 1.21774 0.321698
-6.45573 -8.47845 8.9482 -7.60762
0.714973 -0.916594 0.999461 0.558549
-0.733169 0.839954 -0.878521 -1.00273
-0.621236 -3.16754 3.8011 -1.17866
0.532437 -0.954112 1.36619 0.518254
-0.263536 1.01948 -1.05086 -0.308378
-5.77491 -2.29021 4.21641 -5.27443
-1.51896 -0.435254 0.643946 -1.5341
-1.14728 -0.112933 0.068352 -1.43505
2.29523 1.96411 -2.764 0.833875
-2.0881 -2.40163 1.22922 -3.34296
-2.66429 -0.918103 1.06917 -2.8448
-0.957212 -0.420762 0.480345 -1.09248
-0.420837 0.975441 -1.9537 -0.84093
-0.329125 1.05448 -1.05061 -0.422241
0.913999 -0.704514 0.558204 0.934993
-0.631905 1.2418 -1.32114 -0.504472
-0.121575 1.06721 -1.14276 -0.107723
-0.796465 -0.77413 1.14083 -0.789254
-0.444868 0.983225 -5.09066 -1.68555
-0.942064 -0.535379 0.535379 -0.942064
0.238132 -1.03287 1.49528 0.351336
0.640478 0.894193 -1.90226 1.16404
-0.044051 -1.09953 1.13865 -0.142562
1.05747 0.22015 -0.283295 1.09222
-12.0031 -1.80291 3.41905 -13.1991
1.70141 0.741283 0.624493 3.13874
0.244832 1.08398 -1.86016 0.551148
-0.552228 -1.49967 1.06042 -0.364688
0.218233 -1.05012 1.74071 0.290535
0.951368 -1.51267 1.70694 0.835427
-0.14468 1.4058 -1.91557 -0.385701
0.916874 10.6626 -12.8363 -0.581481
-1.06208 -0.5616 1.82968 -1.67736
0.368909 -1.55994 1.21034 0.900442
1.17181 2.44685 -3.25879 2.47484
1.09883 0.548433 -0.557894 0.981105
0.806131 0.69832 -0.910157 1.1687
-0.888794 -12.8191 12.5282 -0.134858
3.19515 0.758314 -1.2962 2.91448
-2.77816 5.20333 -10.3993 -4.13447
0.927031 -0.768005 0.773136 0.751503
-10.7472 15.003 -17.8043 -10.0877
-0.431376 1.07485 -1.10029 -0.337062
0.037365 1.50717 -1.3338 0.276283
1.5167 -0.331139 -0.718917 1.62447
0.719328 -1.33661 1.09602 0.370008
0.298635 -2.38847 2.61543 0.962151
-1.31641 -0.271037 1.0288 -1.9153
-0.312578 1.02895 -3.41536 -1.10227
1.09965 -0.283773 0.425387 1.42851
-1.27307 1.54189 -1.87965 -1.23181
-1.61439 -1.297 0.937797 -2.85216
0.56061 0.944902 -1.36156 0.881119
1.54979 -2.84379 3.08014 0.991013
1.12105 0.233755 -0.453231 1.34179
-1.44247 1.98986 -0.709209 -2.36976
1.49121 0.019746 -0.455878 1.5573
-0.739901 -0.929384 2.06085 -1.6184
-1.03562 1.08676 -1.50141 -0.400523
-1.43093 -0.549242 0.951347 -1.57462
2.34929 -1.82034 5.88322 2.44176
-1.08354 -0.605525 0.48905 -1.43184
0.87416 -0.686713 0.705629 1.15905
-1.25271 -0.583968 0.625707 -1.14007
0.618747 -0.994449 1.35188 0.84986
0.503668 1.28184 -1.88948 0.438443
-2.65909 -0.650924 0.54214 -2.57365
-1.52201 -0.468716 1.12564 -1.45293
-1.50959 2.31914 -1.9783 -0.672879
-1.02554 0.469652 -0.606328 -1.53062
-1.00182 -0.317654 0.295516 -1.08655
-0.606396 -1.16214 1.37935 -0.567673
0.844359 -1.6204 1.58735 0.721384
1.85059 1.04472 -1.28425 2.10201
-0.794694 2.27124 -3.50439 -0.391645
-1.27677 -4.38616 4.45036 0.593654
1.21186 0.545052 -0.834823 1.3109
0.136798 1.46509 -1.47494 1.30596
0.972393 -0.702793 0.962199 1.34323
49.4449 -6.09119 -3.68285 58.4068
-0.880907 -0.691391 0.682911 -1.08663
0.754472 0.845632 -0.886524 1.10947
-33.6615 15.0494 -20.9015 -35.8177
0.992376 -1.4308 1.20099 0.788318
1.79131 3.61468 -5.85344 3.61881
0.50646 -0.959823 1.37027 0.480186
-1.7722 4.64976 -7.3156 -2.84445
-0.199857 1.43626 -1.7826 0.218693
0.6989 1.02349 -2.26545 1.49574
0.667168 0.820928 -1.5461 1.11575
-0.818124 0.729748 -0.762023 -0.793407
1.08233 0.500684 -0.862814 1.71502
-1.18968 1.52446 -0.999275 -0.811677
0.70777 1.68289 -1.21687 1.318
1.2136 1.09886 -2.80132 2.06749
0.347497 1.17167 -1.23462 0.855466
-0.601776 1.10127 -1.93368 -0.716061
-0.934782 -1.69245 3.56986 -2.36063
0.375455 1.62394 -1.69089 1.33367
-1.24706 2.12531 -1.57359 -0.654704
0.978069 0.483806 -0.667831 1.69215
-0.646285 -1.05225 1.28581 -1.77806
1.03752 -0.411936 0.785667 1.21758
0.061195 -1.05685 1.17095 0.071467
-1.37413 -0.066756 0.181363 -2.22124
-0.869305 0.968955 -1.11341 -0.518824
0.690461 -1.49292 1.23713 0.50863
-25.3509 -22.1256 29.986 -20.8714
5.47789 -2.59902 4.6053 7.57496
0.229766 -1.24049 4.09434 1.23009
-0.397208 1.27348 -1.07036 -0.134215
-0.830642 1.46089 -1.41142 -0.540975
-2.15869 -2.93886 3.96891 -3.28695
-1.25997 -0.361612 0.234899 -1.29341
-0.315972 1.01869 -1.55381 -0.380211
1.94256 -0.887128 2.23665 1.30555
-0.093615 1.7245 -1.32216 0.331237
0.870037 -0.565952 0.723658 0.989468
-2.48767 1.04648 -0.107987 -3.06282
-0.180743 -2.28882 2.75414 -0.218527
-0.247857 1.86591 -2.36102 -0.276886
0.867355 -0.881567 4.70178 1.47775
0.931948 1.04987 -0.680733 1.27006
0.736799 0.775343 -0.809704 0.800157
-0.44793 1.52099 -1.92336 -0.760342
-0.383044 1.00054 -4.99941 -1.61726
-0.26503 1.0417 -1.17831 -0.173129
1.05217 0.65718 -1.28668 0.901597
-0.494028 -2.95784 7.79965 -5.1338
-1.04576 -0.4452 0.472999 -0.989761
0.28472 1.06075 -3.305 1.49381
0.52359 -1.021 1.53703 1.72703
4.20151 -2.62977 0.527391 2.68458
-0.591705 -1.06869 1.08051 -0.631037
0.735201 -1.21347 1.62541 0.490674
0.769765 -1.50302 1.38465 0.379598
0.959294 -1.969 2.40527 -0.871824
-1.11522 0.200088 -0.060077 -1.09645
-1.27575 0.620675 -0.555264 -0.914856
0.107556 1.45349 -1.55203 0.228107
5.14603 -2.63423 2.5889 2.79931
-1.14216 -0.308013 0.443234 -1.04781
-0.971692 -0.643506 1.92513 -1.6281
1.10882 0.43335 -0.786043 1.69477
5.96666 -18.2192 24.2007 7.76018
-19.4945 -4.95104 5.87905 -18.1888
-0.063423 -1.06308 1.14343 -0.075118
1.10218 0.617599 -0.778625 1.26148
-0.98049 -1.2334 1.24152 -0.872475
1.19304 -0.01631 0.384964 1.64702
-4.8705 2.51752 -2.53138 -4.85328
-0.677059 1.15697 -1.26897 -0.499989
-0.669499 -3.12668 4.4895 -0.497381
1.14995 -0.689012 1.19167 1.10171
-0.800036 -0.911843 1.37093 -1.08562
9.43245 4.39524 -10.7496 12.6186
2.54075 2.84296 -5.06442 3.70358
-0.461722 1.32828 -2.27151 -1.15934
-0.279504 -1.55613 1.07567 -0.079289
0.788906 -1.60944 2.83561 0.795113
-1.12109 0.237966 0.152534 -1.66997
-3.45083 2.17501 -0.234401 -1.23849
-0.064834 1.09159 -1.51931 -0.000203
0.816682 -0.65125 0.685723 0.815729
-18.0542 12.9514 -14.2637 -18.6265
-0.972632 0.501738 -0.450831 -0.950007
-0.344562 1.46449 -1.58584 -0.5191
1.73332 14.9014 -16.3736 2.2838
-0.843706 -3.00195 3.24427 -0.248268
-3.78429 1.4264 -1.41401 -3.67714
1.36381 0.636676 -0.645698 1.75235
-0.945948 -3.12608 3.54087 0.198091
0.519088 -0.944722 0.944722 0.519088
-0.333471 1.1645 -1.11956 -0.582102
1.07643 -0.542533 1.40834 1.22061
-1.34525 -0.832421 0.991555 -1.80786
1.47933 0.252391 0.028763 1.8064
-0.350702 -1.53512 1.08768 -0.770573
-0.876701 1.09507 -1.68956 -0.875247
-2.22753 -0.86798 1.31796 -1.88744
-1.17535 0.685144 -0.257588 -1.32946
-1.82706 2.17165 -1.25107 -1.80658
1.03771 0.406662 -0.80173 1.30711
-0.681535 2.14226 -3.21522 0.737474
-1.59664 5.03832 -5.43752 -1.86756
0.188987 -1.12581 2.01826 0.904046
-0.445362 0.975595 -4.5475 -1.48995
-0.101281 -1.70876 1.60292 0.025444
-0.203839 1.11588 -1.05198 -0.228848
0.363123 -1.63816 2.33946 1.6613
1.19984 0.428092 -0.72547 1.06592
-1.87566 -0.716433 0.78823 -2.69406
-0.458251 1.5356 -1.38675 -0.583
-0.415524 -1.65913 2.13009 0.455303
-0.532286 -1.08002 0.97079 -0.50862
0.968319 0.546569 -0.732038 1.50101
0.6586 -0.943382 1.77067 2.00716
0.41387 1.00481 -1.84991 0.768048
0.452442 -1.36472 1.93824 0.807755
-0.630123 1.21809 -1.59894 -1.47357
1.46218 6.93163 -12.4833 5.6543
0.753794 0.889744 -1.01346 0.825582
0.605639 -0.857166 0.972949 0.573711
0.725563 1.88159 -2.84872 1.57
-2.88574 0.04878 -0.245768 -3.04886
-2.37208 1.20253 -1.85252 -1.31801
0.027665 -1.08897 1.3645 0.147424
0.538836 -0.986354 1.06185 0.436637
-4.46106 1.57177 -4.95809 -5.7814
2.15363 -0.095437 0.74007 3.06544
0.54028 1.27275 -1.81404 0.332955
0.758879 -1.90978 3.11292 0.902335
-2.13599 1.17978 -0.79528 -0.811265
-0.242934 -1.50669 1.70002 -0.01769
0.082914 1.23107 -2.32233 0.357399
0.187663 1.16916 -3.88742 2.62226
-1.49315 0.437071 2.26374 -4.64174
-0.92217 -0.539652 0.566228 -0.943863
0.273757 -1.61698 1.87826 0.324067
1.13151 0.527425 -0.722629 1.22576
0.297974 1.09009 -1.14848 0.414456
0.495572 -1.10211 1.10262 0.352779
0.348837 1.02471 -1.10225 0.316726
-0.962905 -1.98904 1.84456 -1.1434
-1.27695 0.663168 -0.855774 -0.834425
-0.135386 1.62516 -1.39792 -0.259952
-0.59571 0.937955 -1.06556 -1.00515
0.603508 1.03518 -1.07666 1.00625
0.190724 1.0898 -1.0898 0.190724
-0.335382 1.02525 -4.87928 -1.57722
0.559113 -1.10976 1.07704 0.293986
-1.61617 -0.693537 0.622001 -1.61466
-5.26389 2.19024 -3.08999 -7.07255
-0.108805 -3.75973 4.22798 -0.363807
-10.0973 0.483418 -3.0515 -13.8979
1.04786 0.231283 -0.699393 1.70876
-1.26225 -0.871921 0.766988 -0.793471
0.528854 1.4161 -4.3622 0.746927
-0.019651 -1.22254 1.10108 -0.060865
-1.06177 0.138087 -0.311606 -1.61941
1.05331 -1.09989 0.932238 0.720852
0.376321 -1.00366 1.21166 0.297358
-1.2012 0.110874 -0.313732 -1.39814
-1.63797 2.95923 -1.35592 -0.605021
0.740828 -1.40144 1.46939 0.20671
-1.15607 -0.458566 0.707468 -1.03969
-0.58519 1.30789 -1.01905 -0.324161
-0.499502 1.11265 -0.994813 -0.387232
-0.992175 -0.514626 0.514626 -0.992175
-0.981726 -0.519444 0.519444 -0.981726
-0.969971 -1.64841 2.7183 -1.09695
-7.85393 3.24589 5.35245 -14.5917
0.884212 1.20086 -0.791591 1.10653
0.717102 0.767787 -0.999459 0.838923
0.434787 -0.989599 1.37484 0.402349
-1.1541 1.22973 -1.3096 -0.883291
-1.63489 0.432839 -0.783497 -1.53322
3.84603 -2.79841 4.10727 3.40164
1.88041 -1.04166 2.48299 3.61839
0.884016 1.39362 -1.04398 0.596674
-0.406728 1.02187 -2.23037 -0.710662
1.09115 0.264504 -0.693895 1.40052
0.458395 1.40243 -1.12604 1.24942
0.628964 0.98899 -1.70956 1.08311
-0.925287 -0.585863 0.586524 -0.946607
-1.36189 -0.196949 0.066099 -1.27209
0.921166 1.20983 -0.860593 0.689285
1.11538 -0.210435 0.383444 1.60058
-0.744439 -0.896376 1.37415 -2.10389
-0.572515 1.014 -0.967089 -0.605717
1.23574 0.401901 -2.67628 2.16884
0.059215 -1.71339 1.79314 -0.170031
1.11065 0.842986 -1.72788 1.02734
1.0636 -0.756757 1.6007 1.79453
-1.1468 1.62733 -1.97224 -1.48081
-1.03675 0.200134 -0.337294 -1.41623
0.821581 0.88614 -1.14634 1.15599
12.302 0.810853 -1.30629 12.7536
-1.04882 0.294964 -0.216806 -1.28798
-0.737351 1.44443 -1.38582 -0.43164
0.665931 0.855217 -1.56949 1.49536
-0.556421 5.32651 -6.30462 -1.7564
-1.03283 -0.288452 0.334688 -1.12847
-0.480924 0.975732 -1.16506 -0.42923
0.345733 -1.32345 1.53414 0.877419
-1.01547 -0.272371 0.506019 -1.49442
-0.317266 0.996443 -2.08807 -0.585667
1.96269 1.28337 -1.64295 2.962
-0.468066 -1.77291 1.22589 -0.525894
3.98029 0.449849 -2.5597 3.09451
1.13276 0.009554 0.180871 1.32113
21.3874 7.50652 -9.84203 28.1241
-1.3411 -0.035818 -0.188407 -1.31879
-0.874802 -0.955446 1.27593 -1.44802
0.68476 -1.39053 3.50431 1.02415
-5.35203 -9.79124 9.84416 -5.14227
-0.979777 -0.417471 0.543253 -1.14312
-0.984067 -0.554665 0.816453 -1.26316
-0.469032 -1.42839 1.04786 -0.522331
-2.01662 -5.76345 3.96834 -4.27464
-0.072653 -1.13846 1.48339 -0.584641
-0.940561 -0.493475 0.784431 -1.49012
-0.992335 1.49565 -1.57552 -0.829848
-1.0101 -0.364482 0.498911 -1.04761
0.647216 -1.07417 0.906182 0.784709
0.299367 1.19161 -2.75639 1.19152
0.834673 -0.892863 1.07176 0.588984
1.29959 -2.16664 1.36034 0.853763
-2.88869 9.3395 -7.545 3.78668
-1.03164 0.28346 -0.342054 -1.54114
-0.009032 -3.06325 2.69281 -0.495874
0.955501 -0.508941 0.567636 1.47268
1.90825 -2.89034 4.61047 1.92044
0.001179 -1.11736 1.29915 0.123978
-1.20847 -0.099134 0.027009 -1.42641
-0.391018 1.06125 -1.25735 -0.228259
-1.29678 -0.695351 0.746774 -1.21027
-1.38641 -0.473612 0.505966 -1.16832
-1.18234 -0.377078 0.907689 -1.63324
-1.65748 0.100327 -0.545899 -1.51053
-1.04006 -0.358027 0.518882 -1.39961
-0.961905 1.99752 -2.13487 -0.596002
-0.746558 1.56729 -1.55748 -0.718791
0.58097 0.883816 -1.42679 1.01623
1.14129 0.415668 -0.83751 1.74392
0.910037 -1.36354 1.25521 0.434287
0.488299 -1.22532 1.46868 0.676827
1.08742 0.181288 -0.145359 1.0947
0.32325 -5.07184 5.712 0.252367
1.27515 -2.01124 2.28808 0.849012
-0.472331 1.55208 -1.62477 0.115543
1.18544 -0.092849 0.394768 1.19017
1.62206 0.348264 1.4269 2.20941
1.39474 -0.978516 1.86887 2.148
0.422729 -0.9733 3.5589 1.62659
-0.890851 -0.57698 0.824018 -0.992514
0.779905 -0.795948 1.13201 0.990883
0.36397 1.02389 -1.75622 0.636514
0.715892 -0.869395 0.899501 0.694338
-0.827592 1.4038 -1.54122 -0.703736
-0.668974 1.11566 -1.12866 -0.618595
-0.565391 1.09507 -0.9553 -0.53051
1.03653 1.19252 -1.55187 1.09504
-0.976068 -0.648266 0.740167 -1.56654
0.524172 -0.983966 1.2661 0.604015
0.88063 -1.65002 1.0353 0.580904
-1.15173 -0.713175 1.45012 -2.58092
-0.545116 -1.01847 0.958191 -0.861669
-2.09005 -1.50763 1.37664 -1.80981
1.28868 0.283588 -0.773453 1.66121
-0.194021 -1.13655 1.21118 -0.479866
1.19681 -2.25802 1.2374 0.553782
1.18959 -0.870829 0.595423 1.47431
-0.600775 1.00006 -1.00069 -0.541766
-1.70534 0.389191 -0.807772 -1.04161
1.82172 0.97093 -2.7356 2.04706
-1.26611 -0.491254 0.640787 -1.33932
1.4266 -2.34232 1.82784 0.84595
1.08376 0.127293 -0.229369 1.11963
0.538812 -1.26613 1.39938 0.118144
8.9413 -1.08701 -4.35723 11.2529
-0.886888 1.61621 -1.97285 -0.900442
0.892494 -0.571142 2.23859 3.21969
1.96069 -1.05504 0.691708 1.78013
1.15456 -2.09537 1.66175 0.620106
1.68054 0.481781 -1.9048 3.99668
-1.3978 2.53768 -3.46643 -1.72279
-0.465727 1.02142 -1.15384 -0.295635
-1.37978 0.191533 -0.357943 -1.60672
-1.03995 0.408872 -0.386659 -0.988859
1.47373 1.87636 -2.7399 6.17135
-7.94365 -9.16188 10.1247 -5.48542
-1.12015 0.249497 -0.35511 -1.16789
4.329 1.61413 -0.577036 2.82755
-1.76327 -1.07296 1.29472 -1.76428
-3.23247 0.357835 -0.637847 -3.37871
0.637927 1.45004 -1.10902 0.693092
-0.14673 1.4703 -3.45567 2.02553
1.13703 -1.67205 1.48391 0.6401
-1.28448 2.22536 -1.76266 -0.692515
0.499601 -0.968994 1.92019 0.687089
0.344273 1.26337 -1.20825 1.03249
-1.15915 -0.195088 0.241351 -1.69644
0.931607 -0.671667 2.32058 1.69662
-1.69838 0.481748 -0.63986 -1.93347
0.109796 1.14993 -1.09442 0.13768
0.819634 1.08839 -1.14419 1.19063
-0.693097 -1.35285 1.64891 -0.850504
-0.694578 1.06967 -1.23001 -0.828752
1.17365 -0.711862 1.13317 1.00057
2.03603 -0.736818 2.02286 1.30569
-18.932 7.5749 -15.3919 -20.9895
-1.10274 2.39787 -1.72526 -0.980907
0.973815 0.506526 -0.660435 1.55563
-7.39622 -1.13319 3.57404 -9.50801
-1.18538 0.723484 -0.960932 -1.88228
-13.1829 1.23295 -2.67123 -15.791
-1.1699 1.76237 -2.8841 -1.14168
-1.12398 0.000844 0.247554 -1.23838
-0.882549 1.85474 -2.2744 -1.21223
0.455612 -1.39386 1.71849 0.635811
1.02385 -0.610159 0.742098 1.13249
-0.800984 0.824174 -0.890261 -0.782691
-0.816983 -2.49609 4.15492 -2.8093
0.180022 1.08742 -1.34781 0.248022
-0.648634 1.29576 -1.22674 -0.419371
-1.17634 0.802791 -0.669043 -1.30413
0.355331 -1.05763 1.05763 0.355331
-2.26042 3.54626 -5.08479 -2.63838
1.71556 -2.05522 2.63353 2.90626
-3.20059 1.12193 -3.61428 -0.869649
-1.08282 -0.00606 -0.277778 -1.77225
-0.99236 -1.19654 1.50416 -1.52995
-0.65547 -1.3221 1.33458 -0.056729
0.579572 0.965879 -1.68661 0.800596
-0.842358 1.24289 -1.2982 -0.555433
-0.437257 1.07756 -1.10658 -0.713375
-0.387663 0.992679 -4.68503 -1.51793
-0.491668 1.71773 -1.66938 0.212566
-2.57446 -3.18924 2.4441 -0.257444
1.262 -1.58335 1.83943 1.70181
-1.16837 1.14659 -0.899059 -1.39657
1.03096 0.299515 -0.657338 1.88494
1.03337 0.276988 -0.6224 1.90791
1.92494 1.84614 -0.742922 1.57891
1.05254 0.586422 -0.335702 1.20669
1.03205 -3.35159 2.71712 1.1389
-0.165579 -2.95483 7.60495 -4.89355
1.82417 0.977765 -1.2537 2.06663
-0.164497 -1.10385 1.45893 -0.256989
-1.90815 -0.901017 1.26824 -1.8671
0.863178 0.671422 -1.10107 1.07833
-0.20265 1.12487 -1.71742 -0.698244
0.095677 -1.91343 2.42825 0.390963
0.866603 0.882191 -0.611174 1.27369
0.941815 -0.434667 0.529775 1.50176
-0.545054 -1.69456 2.25296 0.4867
-1.81099 -3.37218 4.654 -2.91897
-2.34562 -3.41798 12.6543 -4.95705
4.91548 -11.3268 9.08492 3.14849
0.961641 0.519009 -0.512665 0.932096
1.61854 -0.110291 0.565873 1.37489
-1.74764 6.39602 -9.18591 -4.3155
0.330488 1.31058 -1.09847 0.166917
-0.857777 0.5953 -0.938705 -1.39046
-2.80886 -0.924683 2.13982 -3.70376
1.21273 1.2534 -0.057999 2.23031
1.10486 0.136073 -0.256202 1.1017
1.92119 1.00805 -1.02718 1.77726
0.862754 0.59686 -0.720746 0.947859
1.46243 2.51883 -3.92959 3.02138
-0.602989 -0.891453 0.99976 -0.788499
-3.65742 -0.427619 2.90085 -2.27397
-3.74234 6.47573 -4.44197 -2.50472
-0.350669 -1.23861 1.34263 -0.566315
-0.524208 -1.28049 1.59 -0.666986
-0.303702 1.0163 -4.79663 -1.5503
1.07552 0.221434 -0.679178 1.62525
0.117492 2.52564 -2.90586 0.37982
7.79567 -5.76202 2.32084 2.91304
-0.165881 1.81522 -1.48868 0.152761
0.699857 -0.871745 1.03559 0.609028
1.00766 -0.41165 0.829797 1.42003
-1.44159 2.11685 -1.44442 -0.573887
1.04643 -5.84289 8.60488 2.66497
1.1269 0.399373 -0.628684 1.30364
0.974412 0.477615 -0.693007 1.05629
0.582898 -0.896731 1.24214 0.559157
-1.02087 0.253672 -0.51634 -1.36648
0.756823 -1.26274 1.42581 0.660421
-0.094488 1.32306 -2.16244 1.23041
-2.01171 -2.2746 4.3441 -0.805004
1.08602 -0.200372 0.00372 1.21988
-1.45985 -0.387442 0.537785 -1.41935
-0.638209 1.13934 -0.941245 -0.498685
-1.48352 -1.29413 4.11023 -2.20881
-0.089407 -1.98868 1.8892 0.153158
0.099445 1.52178 -1.34844 0.088846
1.09741 0.382834 -0.194619 1.17664
-1.03235 0.300857 -0.262028 -1.36673
-0.815764 1.13472 -0.944761 -0.649031
-1.40499 -0.286491 0.570569 -1.39449
-1.17255 0.359787 -0.093009 -1.65846
2.01499 -0.309392 0.436864 3.09702
1.54557 1.20631 -2.22099 1.55513
-1.53619 -0.773846 2.02302 -3.95054
-1.07651 1.95259 -1.97424 -0.641256
6.64796 -1.20715 2.84313 6.94954
2.83864 1.30846 -1.97329 2.89957
0.607269 0.959082 -1.15897 0.622028
-0.498272 0.916888 -1.59094 -0.645049
-3.0745 -1.31043 1.89951 -1.50352
-1.03707 -0.291364 0.433223 -1.3044
-1.09152 -0.863798 2.9342 -1.97367
-1.43576 -0.753166 1.10195 -0.822508
-2.30054 -1.62604 0.842192 -2.6443
-0.559359 -2.60617 1.71945 -0.217666
0.984953 -0.553124 0.543949 0.937288
-0.368456 1.02897 -4.07003 -1.31266
0.921772 0.652149 -1.40343 1.43277
-2.33821 -0.633056 0.779883 -2.89611
0.590266 -0.986535 1.42508 0.420985
0.840967 -0.631548 0.658404 0.820074
0.375742 -1.07301 1.59516 0.56959
-0.53675 0.895323 -1.06712 -0.692865
-10.5094 -17.2668 25.4229 -11.7204
-0.951676 -0.524538 0.565594 -0.999567
-0.364336 0.997182 -4.30452 -1.43686
-4.3535 -3.59491 6.13311 -9.39372
1.05126 -0.286134 0.241045 1.24297
-0.963948 1.03429 -1.44835 -1.80128
1.2454 0.155897 -0.453689 1.74909
-1.11161 1.30915 -1.39067 -0.514195
-0.428743 1.00302 -4.75994 -1.54266
-4.00647 1.21596 -5.41529 -8.01381
7.634 -1.26511 3.24711 7.23849
1.36395 0.404388 -0.836339 1.44448
-1.12625 0.516244 -0.187086 -1.17186
-0.626511 -0.944748 1.22841 -1.44325
-1.19419 2.07196 -2.05459 -0.631047
7.75477 -1.14163 -4.30836 10.3468
-1.00511 -1.00225 2.62208 -1.93207
1.64221 1.39505 -0.7868 0.770234
-20.6051 9.39348 -10.7939 -20.9091
-34.7583 7.90822 -24.3839 -28.4167
1.16202 -2.33969 1.50882 0.538852
-0.137845 1.91821 -1.64236 -1.38338
1.45458 -2.07983 2.93855 -0.413489
-4.07638 1.94505 -1.67556 -2.51626
-1.12329 -0.560746 0.878473 -1.70162
0.709887 -1.33428 1.80431 0.840733
-0.448665 0.988575 -1.26893 -0.33495
-0.94 -0.500372 0.715904 -1.27051
-1.17234 -0.255054 0.386137 -1.05054
-0.430009 2.91291 -2.89928 -0.322718
-1.18261 1.84719 -1.63526 -0.738154
1.01346 -0.383487 0.486867 1.62371
-1.47096 -0.249505 1.2797 -1.36572
0.347143 -1.49329 1.89571 0.919878
-1.25479 0.069071 0.179588 -1.74101
2.53955 4.13881 -7.57214 4.52492
-0.796194 -0.792023 2.35576 -1.54946
-1.08931 -0.240889 0.613553 -1.35829
1.03534 0.570261 -0.915843 1.50711
0.927814 1.03278 -1.50384 0.893313
-0.326758 1.0356 -1.48586 -0.378603
-1.1618 -0.372041 0.667254 -1.19185
-0.849453 -0.760939 1.19453 -1.53129
-0.411329 -2.12108 1.38994 -0.118605
1.05246 -1.89289 1.76802 0.75244
1.25603 0.011408 -0.423023 1.34021
1.02752 1.98491 -2.41628 2.08211
-0.545692 1.39283 -1.47679 0.126063
1.42986 -2.0409 2.02044 0.712906
1.14705 -0.082671 0.277736 1.11496
1.61749 0.497321 -3.56082 3.02906
-3.16591 0.510088 -1.51198 -3.5712
-1.41325 -0.259336 0.496388 -1.80309
-1.29664 4.30927 -3.05791 0.173857
-1.5632 2.0824 -1.35384 -1.11632
-1.04286 -0.269644 0.660879 -1.85211
0.295423 -1.01265 4.84067 1.4098
0.500957 -1.62955 1.08809 1.84076
-0.393499 -1.10427 2.06255 -0.199583
0.750663 0.775449 -0.861473 0.893291
1.85739 -0.550271 0.350832 2.27936
0.785719 1.30231 -1.60684 0.92604
-0.893811 1.52794 -1.58264 -0.364271
-2.66951 -1.08553 1.3226 -1.06432
1.12531 -0.004289 -0.400006 1.59121
0.795658 1.13206 -0.899305 0.682108
-1.1364 2.33374 -2.96046 -1.12695
0.531669 -1.22585 1.33255 0.670153
-1.95381 4.29291 -6.99943 -3.13663
-0.4271 1.62472 -1.20988 -0.491468
-0.327722 1.01713 -4.99299 -1.6142
2.94869 -0.396907 1.1145 5.4567
1.08974 -1.49534 1.28964 0.553818
1.07622 -0.513076 0.728833 1.00177
-0.86263 1.22332 -1.08003 -0.360436
-1.01799 1.25017 -1.09728 -0.476463
2.5528 4.955 -6.99679 3.32852
1.09541 -0.612122 0.681841 0.865524
-0.161923 -1.16288 2.99478 -1.92137
-0.247179 1.08951 -1.16729 -0.324462
-5.22242 2.12866 -4.24997 -4.86877
-0.341406 1.00534 -2.00267 -0.61402
-0.537363 1.39085 -1.30372 -0.942531
3.06118 -2.50621 1.77176 1.96371
0.784203 -1.43039 1.04565 0.990755
-0.899387 1.66041 -1.42287 -0.319509
-0.226325 -1.97383 2.06677 -0.621264
-0.875213 0.759589 -1.64942 -1.2023
-1.28793 -1.27069 1.21793 -0.411791
0.175631 -1.07439 1.16106 0.175457
-0.3681 1.00486 -4.3351 -1.41699
-0.103826 -1.20771 2.62011 -1.56145
-0.976421 -0.389415 0.35817 -1.06965
22.7931 13.147 -19.7964 21.6984
0.850295 1.13107 -1.60644 1.08994
1.34437 -0.596558 0.990221 1.45448
0.607647 -1.00508 0.972741 0.881901
-1.36795 0.544891 -2.3398 -2.12725
3.88214 -0.660342 1.62207 5.64602
-1.12972 -0.620469 0.768314 -1.52229
-0.906328 -0.645134 1.00572 -1.59529
-0.530597 0.93595 -1.18366 -0.486078
-0.881754 -0.607969 0.945835 -1.2891
0.826477 0.748029 -0.96064 0.826435
0.677365 0.857101 -1.27357 0.906357
-0.027338 -1.13489 1.19287 0.065735
-1.00095 -0.61729 0.485621 -1.03513
1.35302 1.51195 -1.71364 1.0575
-0.725052 1.26006 -1.22094 -0.450866
0.789565 -1.26443 1.66412 0.665875
0.512587 -0.988791 1.96838 0.702152
0.394466 -1.17089 1.44089 0.560479
1.91863 -1.78736 2.26587 3.44055
1.21221 -1.89927 1.56204 0.591315
-0.681961 1.17354 -1.06395 -0.522123
0.065292 1.81092 -1.64033 0.191019
-0.645315 1.18202 -1.22459 -0.617522
-1.16572 -0.133545 0.392756 -1.12936
-0.810266 -1.08925 1.30495 -1.70259
0.745996 -1.54401 1.06807 0.420959
-68.1683 17.7214 -33.3726 -80.7757
0.434478 -1.57133 1.88229 0.508522
1.03445 -0.96746 1.50625 1.44255
0.136806 -1.26166 4.44402 1.37413
1.02256 -0.556732 1.02101 1.14277
0.544738 -0.900523 0.900523 0.544738
-1.9134 -0.618786 0.820488 -2.628
-1.16532 0.514743 -0.596355 -1.55352
0.392353 1.01127 -2.97338 2.00531
0.750254 0.896439 -0.80913 1.18449
0.616553 -1.86194 2.12963 0.741476
-0.702811 2.13921 -1.49245 -0.182935
-0.542419 0.942336 -1.3896 -0.571895
-1.02675 0.34146 -0.34519 -1.51014
0.21744 1.32107 -3.71735 0.62365
-1.32245 -0.130555 -0.247111 -2.05674
-0.211512 1.73465 -1.71876 -0.281278
-1.08696 -1.40612 0.393584 -2.09605
-1.04386 -0.395546 0.457436 -1.02882
-1.57761 -2.25901 5.99892 -2.24747
0.204546 -1.05174 1.30788 0.403219
-6.45495 -2.52634 3.28992 -5.39211
-2.14332 0.484465 0.034293 -2.06652
-1.3471 -0.056511 -0.665616 -2.0298
0.758189 -1.92122 2.0885 0.596769
0.387351 -1.55202 3.65712 -0.629623
-0.291365 1.02975 -1.19524 -0.337243
3.05042 -3.89904 2.02549 2.54057
-0.479178 1.03435 -0.971128 -0.639428
0.134178 1.31914 -1.22662 -0.012894
1.11274 -0.417753 0.592463 1.08599
0.837174 -0.946716 0.69675 0.971246
-1.1324 0.439582 -0.029606 -1.73041
0.253333 -1.29116 1.31407 0.495723
1.2652 -2.0604 1.81621 0.99081
1.64124 0.255415 -1.2128 2.17834
0.138576 -1.10074 1.47809 0.268073
-1.46673 -0.372568 0.516186 -1.33894
-1.52094 0.538179 -0.950388 -0.937239
-0.885614 1.35432 -1.76315 -0.737744
-1.15672 1.58684 -0.588317 -1.56088
1.13453 1.0126 -1.19781 1.23189
0.633479 -1.10619 1.14874 0.620372
0.183444 -1.09036 1.06906 0.102634
2.1615 2.08479 -1.15908 1.70534
1.00302 0.391626 -0.481269 1.10242
0.673376 -0.879532 1.43383 0.649332
-1.71429 -0.263779 0.554233 -1.53099
-1.04208 -0.27016 0.972147 -2.32975
-2.03747 2.869 -2.79294 -1.3742
-4.71177 12.3634 -9.4611 -1.44586
-0.468764 0.960962 -1.7921 -0.687333
-1.11776 1.71938 -0.784942 -0.837685
0.564136 1.40239 -2.43736 1.40054
-7.95253 0.767015 -2.29723 -9.4143
-0.910961 -0.781817 0.542848 -1.33765
-0.892554 -0.623624 0.963338 -1.31016
1.39974 -3.11788 3.44377 1.17726
0.870962 -1.36063 1.58323 0.24365
-1.31948 -0.824053 1.10027 -0.775612
-1.14416 1.06172 -1.00448 -1.4485
1.36287 1.66942 0.354484 3.68543
-1.01893 0.331722 -0.357491 -1.55726
0.280646 1.10214 -1.76988 0.79747
0.168121 -1.18287 1.13021 0.010104
0.782618 -1.16861 1.13995 0.347973
0.939486 0.710522 -1.44923 0.956936
-4.66275 2.5055 -2.4922 -3.16224
-0.990008 -0.567052 0.373246 -1.57614
0.967036 0.547217 -1.12921 2.13032
-3.68613 5.10845 -6.88467 -3.32485
0.4195 1.07757 -1.0754 0.599662
-2.03351 -2.61461 2.63595 -1.1148
2.4615 -7.33382 8.9627 3.66376
-1.67415 2.79544 -1.65069 -1.17054
-2.14324 -0.14109 -0.431761 -2.28106
1.96729 2.06293 -1.76154 1.29802
1.93531 0.867575 -1.29079 2.19773
1.69161 1.92823 -1.29543 0.681718
-1.14161 -0.104554 -0.121298 -1.4597
-1.19557 0.951631 -0.524555 -1.24433
0.330658 -1.07985 1.18911 0.266383
0.502129 -1.01955 1.12754 0.359457
-0.38266 1.48398 -1.62121 -0.648343
-1.81029 1.13442 -0.953222 -1.88632
-1.50545 -0.344592 0.235893 -1.62624
-1.75752 -0.649679 1.15444 -2.94408
-17.4171 -14.4526 13.5087 -19.8375
1.73701 1.66293 -1.20777 1.83392
2.17539 0.463396 -0.401515 2.52683
-0.777868 6.68353 -7.40913 -2.72374
1.46052 0.083736 -0.706735 2.06078
1.39591 -2.15058 1.94465 0.602861
0.528385 -0.961422 1.27254 0.471891
0.474606 -0.962485 1.05226 0.467447
-0.517212 -0.95494 1.59678 -1.35523
0.99022 0.423617 -0.521484 1.01127
0.998528 0.678124 -2.15182 1.44404
1.03499 -0.696602 1.79415 1.0342
0.633349 1.07342 -1.91723 0.694217
0.135281 -1.26242 1.66746 0.745159
-1.68357 0.591067 -0.896867 -1.93235
0.056641 -1.199 2.07178 0.782058
-1.0313 -0.265269 0.530421 -1.20357
1.13388 0.24151 -0.33323 1.10027
0.410075 -1.03888 1.20822 0.329835
-1.13602 0.352385 -0.4782 -1.22102
-2.1688 -2.63061 2.06175 -0.943125
-0.34122 1.4198 -5.74584 -1.90061
0.462036 0.971672 -1.56029 0.604988
-0.340829 1.05511 -1.07471 -0.544525
-0.531689 -3.14022 3.18839 -0.204267
1.0141 0.363367 -0.475443 1.27833
-1.31427 2.28436 -1.46789 -1.04023
-20.3548 -36.0563 33.9949 -14.4686
-0.991642 0.575541 -0.882189 -0.908026
0.626386 -0.891551 1.92992 0.723959
-1.12645 -0.205222 0.231381 -2.21038
-2.32584 3.31673 -4.70266 -3.91318
1.05077 0.365563 -0.690619 1.51432
2.13235 3.95022 -6.27133 4.46673
0.155443 -1.15196 1.42332 0.014224
2.00634 1.94683 0.518005 3.92113
-4.47433 3.05468 -0.819481 -1.24923
-4.79402 10.3026 -9.76529 -4.58485
-12.7316 8.51249 -10.4522 -12.8225
0.1901 -1.32407 1.72967 0.785156
0.727574 -1.55385 1.57633 0.433035
0.954127 -0.60097 1.62147 1.725
-1.08751 -0.17177 0.241349 -1.30333
7.80801 1.81444 -2.91661 9.24354
1.23458 0.307649 -0.83649 1.28193
-1.27329 -0.618286 0.507727 -1.22008
-1.24724 -0.517908 0.90515 -1.8203
0.163045 -2.37283 2.28686 -1.62107
-1.97092 5.20028 -7.70733 -4.08016
-1.07547 -0.368293 0.470117 -1.05008
1.34237 0.11555 -0.04862 1.39894
0.922905 -0.558391 0.551003 0.912046
0.374608 -0.972402 1.96297 0.611986
-0.447921 0.957421 -1.69672 -0.565332
-1.95658 0.824207 -0.072146 -1.66136
1.85003 5.76653 -8.36137 4.12803
-0.483019 1.00522 -1.65385 -0.593407
-1.51102 -0.235034 -0.101953 -1.14457
-0.96447 -0.520272 0.846501 -1.6423
5.01664 2.41087 -2.7504 4.46933
-0.240464 1.32112 -1.38618 -0.292243
0.984844 -0.395225 0.527211 1.67834
0.898982 2.13297 -3.33078 1.3299
-0.557086 1.00099 -1.29665 -0.514284
-0.341885 1.05554 -5.17823 -1.67568
-0.494676 0.955236 -1.06678 -0.445464
-1.40494 0.855802 -1.90728 -0.912632
-2.65453 5.79788 -8.50704 -3.76432
2.23974 -1.74198 2.92885 2.46155
1.07618 0.328759 -0.646695 1.57115
-1.1778 0.023853 -0.156972 -1.51338
-0.350814 -1.0268 1.24264 -0.263974
-1.13831 -0.350814 1.37543 -2.69533
0.662675 -4.28958 5.65414 2.40041
-1.34059 -0.327567 0.344768 -1.29275
-0.23708 1.23323 -1.21261 -0.314181
-1.02854 -0.691808 0.297612 -1.56577
-5.57045 -2.54384 5.60996 -8.49066
0.11725 -1.24596 1.72151 0.42346
5.76632 -8.1308 10.594 5.15847
-0.543311 0.941561 -1.01891 -0.53518
-1.07439 1.7704 -1.60289 -0.701216
2.1965 -4.75374 3.81381 0.619007
-0.365048 -1.52807 1.11815 -0.738212
1.03603 -2.00359 1.82267 1.40446
5.60838 3.1364 -2.74107 5.63988
-0.134256 1.07523 -1.17253 -0.306337
-1.10626 0.91978 -0.371063 -1.59094
-1.41939 1.72809 -2.05767 -1.77897
-2.05034 -5.24559 19.4248 -4.12908
-2.08805 -0.80544 2.06923 -2.31442
0.724258 -1.08656 1.01698 0.412991
8.35711 9.57964 -21.0062 14.4833
0.74254 0.827272 -1.13756 0.673741
1.14039 0.458029 -1.18887 1.27244
-1.17485 2.01034 -0.874438 -0.700593
-1.24732 0.522632 -0.68619 -1.98692
-0.909028 0.753155 -0.831545 -1.5072
-4.30709 0.664441 5.9201 -4.31561
0.052018 -1.08469 1.2168 0.091538
1.04964 -1.92833 1.2566 0.364085
-1.05364 2.6297 -3.48058 -2.95045
0.129223 1.53736 -1.85881 0.219987
-1.27101 0.532812 -0.928601 -1.44087
0.73334 -0.917355 0.865194 0.625081
-7.69951 13.7608 -15.7284 -8.51091
-0.606296 0.93633 -1.99651 -0.770385
-1.36615 -0.352751 0.486631 -1.64725
-0.461109 -1.95476 1.37022 -0.081034
-0.403952 -0.955364 0.985706 -0.401017
-0.039664 1.43734 -1.40205 -0.133909
-0.927355 -0.479354 0.663867 -1.29187
-0.725037 -1.97922 2.29898 -1.12588
-1.51126 2.14543 -1.69678 -0.736027
-1.16342 1.89731 -1.2602 -0.610834
-1.05923 0.657191 -0.743288 -0.839967
0.986288 0.48871 -0.654718 1.0856
-2.16203 0.191848 -0.679427 -2.02192
-0.586251 1.2956 -2.30784 0.49936
-0.979228 1.23549 -1.12473 -0.459953
-0.95261 0.89366 -0.899401 -0.715175
0.942645 -1.28348 1.83727 0.547352
-1.32027 -0.984303 0.509715 -1.0192
-3.90373 -6.62533 18.5408 -2.89882
-1.00329 -0.411951 0.528927 -1.03081
-2.82686 6.78015 -11.1282 -5.08688
-0.996099 1.86849 -2.76426 0.323406
-1.13865 0.338413 -0.352539 -1.11654
-1.87213 -1.30266 0.943732 -2.07122
3.00171 2.60453 -2.87953 3.41024
1.11621 -2.60241 4.22224 1.9565
-0.58857 -0.91323 1.43115 -1.11686
-0.676904 -1.38449 2.29057 -1.34992
-0.817541 0.742944 -1.28556 -1.66795
-5.09164 9.53263 -10.789 -5.05464
1.48945 -1.17628 0.785528 0.731559
-0.787238 -0.793007 0.938406 -1.3415
3.23821 11.4719 -18.0783 7.48706
0.890348 -2.00083 2.00664 0.997959
-0.759917 1.48046 -1.48623 -0.155147
-2.79694 3.03518 -2.54148 -3.55482
0.953379 0.465354 -0.750942 1.44412
-0.66669 1.47333 -1.51322 -0.530212
-1.1119 -0.574002 1.842 -1.63174
-2.75087 -1.57601 0.971192 -1.86437
0.598937 -0.927827 1.48286 0.584592
0.163598 -1.0758 1.32249 0.121331
0.009226 1.4679 -1.48488 -0.085869
2.63528 0.078584 -1.08155 2.27443
-3.08489 1.99791 -0.398125 -1.2056
0.784823 -1.32192 1.13921 0.530755
0.744099 -1.23914 0.92115 0.541584
-0.392694 0.992989 -1.74209 -0.571793
-0.368367 0.991015 -4.77698 -1.55495
-0.961623 -0.463613 0.785128 -1.57761
-1.06294 0.343224 -0.489208 -1.62372
-0.913701 -0.493421 0.497382 -0.919576
0.515939 -1.03703 1.05757 0.404142
-0.893149 1.54051 -0.900593 -0.571628
-0.299574 -1.19018 3.72681 -2.41708
-2.82642 -0.709114 1.37272 -3.52325
-0.376908 1.82005 -1.15622 -1.28887
-2.12795 -0.604411 0.585672 -2.00494
0.574757 -1.12365 1.49775 0.711054
1.12866 1.18252 -0.894551 1.0334
-1.2581 1.53924 -1.86337 -1.63927
1.46138 -0.795612 0.80777 0.93473
-1.60968 0.335395 0.56138 -1.4142
-1.33135 1.18687 -1.89439 -0.652751
1.05476 -1.87911 1.2378 0.387558
-1.39103 0.160899 -0.641929 -2.54089
1.01224 -1.33296 1.22265 0.482946
0.989038 3.92359 -4.34426 0.796966
1.11332 0.380203 -0.600655 1.13643
-0.649024 -1.45847 1.93476 -1.63806
-0.706544 1.01691 -0.808378 -0.828929
-0.900578 0.645971 -0.663249 -0.847594
-0.696986 -0.838949 0.789025 -0.665023
-5.65877 11.601 -11.0011 -5.35975
-1.24339 0.207874 -1.47594 -4.45064
0.05919 -1.07972 1.1532 0.084678
1.42134 -0.687252 3.1166 3.50816
-0.391791 2.98562 -2.86956 -0.619705
-0.267324 -1.14524 1.1596 -0.171037
-0.565488 1.06467 -1.57086 -0.732278
4.62686 10.1326 -11.6525 7.56085
0.747793 0.893724 -1.14295 1.69093
0.034185 -1.12557 1.14054 -0.091917
-0.185453 1.07642 -2.1382 -0.764109
-4.97786 10.5558 -11.235 -5.35157
-0.266957 -1.18375 1.14437 -0.157952
-0.781603 -0.808522 1.3942 -1.30456
-3.2822 -1.05698 3.19509 -2.84054
-0.303401 1.01853 -2.06872 -0.583616
1.02171 -1.54519 1.38157 0.62729
-0.297601 1.73025 -2.65444 -1.07791
-0.777342 -0.730614 0.745084 -0.888648
0.272388 -1.00393 1.54824 0.363884
0.519996 -0.918272 1.3971 0.643881
-1.78697 -3.46834 2.5856 -0.800565
0.121097 -1.60638 1.18929 -0.289475
-2.01186 -0.600433 0.889794 -2.16967
0.679592 -0.841499 0.979449 0.636191
0.392747 -1.14877 1.14877 0.392747
1.11275 0.003997 -0.114316 1.10818
1.13504 -0.380035 0.997907 1.78352
0.637415 -1.41155 1.30797 0.368444
-0.546247 1.17127 -0.954639 -0.450894
-0.301386 1.00799 -1.54615 -0.406972
2.61842 -1.32609 3.04456 2.76555
-0.867925 0.66011 -0.861354 -0.887037
-0.707248 1.39933 -1.01371 -0.379757
0.535363 -0.982693 1.21126 0.429666
-0.508517 -0.989715 1.66452 -0.625953
-0.421502 0.986386 -4.58767 -1.49483
1.42186 1.63015 -2.85186 2.34401
-2.64185 0.211337 0.684932 -2.46242
-0.350937 1.06828 -1.09687 -0.242569
-1.09222 0.169483 -0.152728 -1.40797
-0.831395 0.70392 -1.2892 -1.85423
0.440057 -0.960923 1.37304 0.580999
0.013693 1.09546 -1.29282 0.113991
-4.46695 -0.669646 2.68813 -2.82687
1.13426 -0.00099 0.520465 1.75128
2.27941 2.949 -4.94116 3.49861
-1.08716 -0.048716 -0.256819 -1.72356
-1.21968 0.985116 -1.68176 -0.546099
2.42745 -4.26728 2.60365 1.46148
-1.45644 2.71333 -1.48234 -0.651991
0.228421 -1.35217 1.08891 0.586391
1.28788 -0.720848 2.10099 1.96023
-0.72367 2.23471 -2.58544 0.767123
1.07856 0.337833 -0.667817 1.13771
0.123569 1.14471 -1.53608 -0.149844
-0.682055 0.842499 -0.941305 -0.81501
13.5278 -9.16153 9.38596 11.9722
1.23632 -1.15532 0.892556 1.04456
-1.02858 0.275389 -0.438142 -1.65234
2.16563 0.822209 -5.46547 4.17323
1.17445 -0.05394 0.180359 1.5126
-0.885751 -0.860323 0.823899 -1.29865
0.977867 1.01715 -1.95789 0.919761
0.735053 0.78941 -2.11163 1.62084
0.824759 0.830678 -1.27413 0.630725
1.88006 -3.40477 4.3272 1.60268
1.60246 0.571813 -1.43045 1.73876
-0.876917 0.589383 -0.589383 -0.876917
0.059108 -1.54428 1.80068 -0.169411
1.13766 0.546063 -0.719182 0.889543
1.89307 -0.482762 1.58547 1.26238
-0.902606 -0.63004 0.737119 -1.35938
2.07584 0.991629 -1.19306 1.85371
-0.4583 0.982207 -1.07646 -0.4519
-1.17446 0.456434 -1.07845 -1.18672
-0.279136 1.02756 -2.0613 -0.597758
-1.11872 0.870241 -0.768959 -1.16381
0.662777 0.989902 -0.919441 0.607992
-0.901014 2.44421 -2.68377 -0.581309
-0.488822 0.96896 -1.14968 -0.438653
1.11923 -1.85144 1.16905 0.671123
-1.22067 -0.988537 3.91026 -1.96196
-0.239387 1.05464 -1.22793 -0.228067
0.785968 -1.43625 1.01483 0.937389
1.05736 1.27829 -1.66707 1.18893
-0.730682 1.79995 -1.97862 -0.859422
-1.27949 -0.067185 0.040022 -1.71547
0.088575 1.51626 -1.3484 -0.543628
-1.19954 0.045854 0.279541 -1.58426
-1.0471 0.227408 -0.383467 -1.3111
0.69037 -0.995238 0.997199 0.577557
-1.929 5.53663 -6.01197 -2.5795
-0.388345 1.43524 -1.42812 -0.452932
-0.256653 -1.11208 1.53384 -0.114808
0.565048 -0.908369 1.2839 0.646993
0.213381 -1.068 1.41605 0.385099
2.45129 -2.10174 1.6226 1.26014
1.23194 0.44709 0.011006 1.6245
0.427343 -1.0568 1.75871 0.356297
1.13482 -0.574077 0.937677 1.28296
1.11025 -0.176403 0.388126 1.69137
-2.35403 -4.32481 7.88384 -2.38727
-1.13797 -0.54755 0.623138 -1.16893
-0.696944 -1.28458 1.16003 -0.833704
-0.286406 1.2881 -1.74794 -0.390215
9.93493 -3.27333 1.384 5.8261
-0.953532 -0.930917 1.23446 -1.56212
0.897189 1.07887 -1.26996 0.876123
-0.679169 0.982485 -1.05132 -1.37754
-1.10246 -0.244993 0.521803 -1.27718
0.754544 0.832729 -2.50218 1.60969
0.838167 -0.762334 0.925249 1.0246
1.54263 3.39656 -5.62214 4.0899
1.14246 0.064869 -0.225721 1.12297
-2.15308 -0.544106 0.358868 -2.0063
-6.10309 -8.92603 9.74418 -5.99969
-0.330451 -2.05063 2.34067 -1.25453
5.8751 -1.9144 3.59685 5.91311
-2.19342 0.11101 -1.12253 -3.51256
1.52305 0.032924 0.397584 1.53588
1.24338 -0.038956 0.253523 1.54934
3.22573 -2.62829 5.60393 4.62505
-1.22424 -0.666775 0.803714 -1.16274
31.6688 -15.0735 17.4878 39.8012
0.98216 2.91842 -7.47432 5.34283
1.1461 1.06714 -1.3306 1.20874
-0.902227 -0.568584 0.610023 -1.40292
-12.2567 -4.18265 6.5604 -10.8197
-0.959606 0.498147 -0.765423 -1.15645
1.09053 -0.559344 1.03771 1.3592
0.096505 1.21937 -2.14564 1.30033
-0.663621 -0.86387 0.878876 -0.790097
-0.580076 0.941374 -1.11712 -0.541175
1.28533 1.43304 -2.15284 1.25729
-2.57543 -3.69245 7.02829 -3.45039
0.352618 -0.977624 2.74969 1.14947
-1.47728 -0.281216 -0.603878 -2.06219
-27.2901 7.98805 -19.7593 -22.7998
2.54763 1.24077 -1.69423 2.66641
-0.58462 0.981399 -0.977478 -0.538121
0.778116 0.759051 -0.832519 1.11919
-0.313459 -1.80435 1.25737 -0.086724
-2.30133 -0.530166 1.1204 -3.18424
-0.501665 0.971566 -1.16926 -0.426247
-1.50191 1.9364 -1.59589 -1.01722
-1.44036 -0.632762 0.724017 -1.58597
-0.362939 1.20017 -2.67606 -0.283918
0.593413 -1.6465 4.73845 -0.687628
1.00865 0.273264 -0.555154 1.64626
6.12145 -1.04041 3.24771 6.90125
0.959122 1.02922 -1.34878 0.835176
-0.815953 -0.807708 1.15197 -1.72396
1.09571 0.250629 -0.573501 1.77061
1.32 0.369315 -0.551543 1.42805
0.882614 -1.1174 0.746586 2.26318
-1.95158 -0.812395 0.841773 -2.10078
-0.609004 -1.13463 1.06389 -0.535993
1.02627 0.391927 -0.518105 1.04
-0.418936 0.989344 -1.04879 -0.352533
-1.19427 0.972185 -1.4942 -0.585647
0.175937 -2.27597 3.60144 0.560051
-1.42879 1.69161 -1.26911 -1.07211
-0.586998 1.00649 -1.24544 -0.437675
19.1264 16.7526 -25.521 17.6703
-1.83831 1.77014 -2.99089 -2.7533
-1.02025 1.78435 -1.5982 -0.609237
-1.04129 -0.593828 0.836805 -1.30356
-0.438582 0.969731 -1.23039 -0.46924
-7.67312 -1.53132 -1.0562 -7.50718
-0.349605 -1.0878 1.18046 -0.594845
0.289467 1.16134 -1.28308 -0.006736
-0.715543 1.1728 -1.21162 -0.856782
-0.392801 1.01294 -1.0799 -0.325726
0.424018 1.66093 -2.12842 -0.448682
0.157205 1.41878 -1.86995 0.193257
-1.42714 -0.037859 0.451336 -1.92083
1.669 0.384335 -0.87209 2.13656
-3.2777 4.11466 -5.57806 -2.88215
0.177601 -1.06006 1.14129 0.276253
-1.65351 -0.360859 0.287656 -2.31234
-0.908266 -0.854609 2.97491 -2.17135
-0.360284 1.01328 -1.12381 -0.35224
1.90587 -2.22264 3.10048 2.45252
1.01129 -0.576386 0.501211 0.921522
-1.02888 -0.394869 0.70725 -1.09328
0.27684 -1.02261 1.84923 0.609452
0.22022 -1.4108 2.86163 0.507312
4.16329 -0.478765 1.40939 5.00091
1.13285 2.72007 -4.25212 0.62411
-0.150732 -4.34833 8.13241 -4.7727
0.663644 -0.902467 1.06499 1.05454
-1.10323 -0.157456 0.159329 -1.29151
-2.27691 -2.84487 12.8312 -5.08838
0.963163 -2.08238 2.10448 0.8121
0.864555 1.01919 -1.45772 0.392327
1.37689 -0.694797 0.566875 2.85134
1.4987 0.091511 0.512876 2.29698
2.99263 4.36115 -2.70904 3.95297
1.38441 0.021619 0.331772 2.0544
0.277847 0.992899 -1.16879 0.313448
2.43322 0.536301 -1.06764 2.10584
1.99065 4.25853 -3.48774 2.12147
0.586554 -1.24334 0.993302 0.556211
0.561583 2.41754 -3.85151 1.57791
-1.15465 0.68959 -0.247957 -1.26139
0.348899 -1.07345 1.41079 0.463791
-1.54549 -1.88422 3.18278 -1.74776
-9.10806 -4.48394 4.16282 -9.46514
1.0457 0.720956 -0.478016 1.18995
2.95089 -4.54531 3.2892 2.53849
-4.32879 -2.31049 2.23518 -3.75874
-2.59231 -1.19937 6.0463 -1.11898
-1.14974 1.75731 -1.61821 -0.628487
0.835206 0.959602 -0.996192 0.58656
-0.273597 1.05389 -1.1933 -0.234412
0.559048 -1.1517 1.15026 0.592322
-5.35952 -2.19328 2.8583 -6.59851
1.18504 -1.79284 1.68829 1.33032
0.158365 -1.43737 1.51444 0.435617
0.894394 2.48963 -6.35571 4.51346
-2.16572 9.33585 -11.8656 -2.3583
-0.095391 -1.58795 4.03206 -2.49412
-0.56089 1.34923 -1.48074 -0.005825
-1.5029 0.715954 -0.354459 -1.37648
2.47607 2.91509 -3.27487 2.57624
0.188641 1.78392 -1.46212 0.287633
-1.23972 -0.699105 0.844971 -1.19896
-0.126155 1.13943 -1.0304 -0.158008
2.01586 -3.95409 1.54557 0.755483
-3.2721 -0.538077 2.96901 -1.67406
0.334991 1.11671 -2.16393 1.16736
1.29006 -2.35305 1.43568 0.644348
-0.127405 1.34814 -3.00046 1.72928
-1.00029 -0.416714 0.588 -1.08296
-0.589133 -1.01093 1.2592 -0.507168
-0.951243 -1.22046 1.49414 -0.567415
-2.70401 3.02923 -6.30855 -5.01665
0.421838 -0.987382 3.82535 1.17415
-0.911479 -0.561463 0.809272 -1.09053
1.87515 1.21011 -0.913115 2.01269
2.23196 -3.91117 2.35353 1.36092
-1.7782 0.854029 0.107713 -1.37862
0.421998 -0.96914 2.30527 0.946775
-1.71568 0.461167 -0.094122 -1.7303
-1.25494 -0.692408 0.722572 -1.12688
-1.36563 -1.87862 2.28394 -0.836385
1.3681 0.174946 -0.279051 1.65305
0.715266 0.885375 -0.991896 0.74287
0.815247 -1.306 1.10454 0.430631
-1.09091 -0.561581 0.987122 -1.44322
-0.41316 1.12231 -1.16774 -0.825545
-1.14555 0.033854 0.133006 -1.18205
-0.901069 -0.645561 0.877009 -1.41776
1.40855 1.48713 -2.5544 2.10709
-0.383046 1.64533 -1.10584 -0.844555
1.00242 0.582981 -0.644786 0.855817
-1.32931 -0.103417 0.46912 -1.68626
-5.39712 2.94295 -3.13663 -5.7432
1.33858 0.373501 -0.783912 1.78577
-1.00067 -0.332921 0.384599 -1.02148
0.173283 1.37229 -1.80046 -0.152594
-0.93479 -0.807703 0.549322 -1.35117
-0.452778 0.994742 -1.50964 -0.522513
-0.649598 1.11838 -1.08549 -0.430393
-1.08121 -0.400127 0.063753 -1.71434
-1.09965 -0.235044 0.560676 -1.44233
-1.03419 -0.40286 0.576084 -1.1203
-1.4816 -0.180461 0.285911 -1.85568
1.27002 -2.18011 1.52989 0.579122
0.164895 2.27228 -2.13692 2.01079
1.2187 -0.086993 -0.174543 1.23677
-4.90633 -4.97839 3.42774 -4.96517
1.5808 1.42599 -2.16084 0.865264
-0.185885 -3.25664 2.38301 -0.377916
-1.15018 0.26584 -0.411049 -2.49791
-0.267105 1.20349 -1.23021 -0.389366
0.262692 -1.01089 4.75003 1.49553
-1.47875 0.750874 0.576275 -2.15236
-0.503841 0.960632 -1.14974 -0.479432
-0.858758 1.65525 -2.33199 -1.11513
2.08241 1.15617 -1.57868 2.64589
-0.424465 -1.14316 1.45195 -1.21375
0.151206 -1.57116 1.41741 0.386909
1.11742 -0.591293 0.693185 1.14898
-0.30025 -2.67441 3.35408 0.66448
-0.408671 1.02349 -1.00581 -0.382802
0.840216 -0.598638 0.63434 0.887538
-0.24774 -1.08794 1.08794 -0.24774
-7.11721 0.318694 -3.55427 -6.6022
-1.04553 -1.63751 1.83822 -0.666222
0.695449 -1.7104 1.5589 -0.050084
-0.241575 -1.31236 1.6033 0.535952
0.764684 -1.82835 2.00732 -0.086085
2.0974 1.87282 -0.433695 1.86146
-1.13255 0.422901 0.009472 -2.1326
1.42952 0.960084 -0.881205 0.950866
2.39651 -1.7214 0.675961 2.74095
-0.318582 1.43536 -1.44431 -0.468092
0.914654 -1.60363 2.01579 0.760983
0.86464 1.30646 -2.18031 0.779879
-0.132699 -1.14677 1.40715 0.130852
-0.98036 -0.791223 1.13921 -1.48795
1.13425 0.935582 -0.986592 0.666687
-4.4641 9.83878 -16.165 -7.33489
-0.949019 0.85785 -0.490746 -1.60642
-0.614733 1.19577 -1.63617 -0.522278
-2.58848 -4.03887 7.38504 -3.4995
0.953086 0.579821 -0.576675 1.17983
-0.778878 -0.771662 1.05802 -1.51549
1.12693 0.584992 -0.537256 1.23744
-0.159185 1.19379 -1.0888 -0.32773
-18.6616 14.3861 -34.6188 -16.7634
2.5023 -4.28729 2.19635 1.67032
1.018 -1.77009 2.08883 0.940472
7.03934 0.544787 -5.17825 9.8512
0.741611 -0.838886 1.71217 1.16005
-1.18584 0.547487 -1.3023 -4.04924
2.26019 -0.132519 -2.75104 5.63169
-4.28511 -2.24092 1.86369 -3.964
0.34664 -2.08699 2.15864 0.931463
-0.029239 1.35641 -1.59968 0.564664
0.415614 -1.2177 1.70389 -0.29457
0.8718 0.684943 -0.773308 1.33256
-1.1395 0.837787 -2.06233 -1.62543
-0.578148 -0.914693 1.03661 -0.552263
-0.95786 -0.543914 0.52287 -0.93457
1.09965 0.383712 -1.38723 1.53893
0.357965 -0.995258 1.24678 0.348906
-0.455325 0.995341 -1.13387 -0.385789
0.658757 -0.882848 0.858517 0.634573
0.322798 1.80003 -1.46565 0.405465
2.00132 -1.6999 2.24212 1.98223
11.0721 -28.9871 39.2148 17.4373
0.930082 -1.76262 2.74319 0.957669
2.03466 3.46087 -4.46778 4.44056
2.51172 -8.65128 20.88 8.06262
-0.71454 1.46118 -1.80575 0.066705
0.812889 0.763721 -2.30257 1.19289
-1.15737 0.832303 -1.78891 -1.86818
-0.720174 -2.09609 1.51598 -1.04093
-12.288 1.89096 -2.59789 -12.6796
-0.686361 -3.03368 1.94421 -0.695731
0.784392 1.10173 -2.31705 1.59144
1.02979 0.769058 -1.42837 0.757245
1.62585 -0.129075 -1.9923 4.02781
0.739136 0.79203 -1.16818 1.41508
0.316849 -1.0226 3.46184 1.06635
-0.769555 1.14186 -1.23535 -0.711929
1.74247 -1.95358 2.0805 1.79747
-2.45584 2.3494 -4.04973 -2.04343
0.27652 -1.01012 1.00556 0.302255
-1.61581 -5.85824 6.0419 -0.274227
-1.12514 0.533928 -2.07963 -2.46717
-0.717049 0.956541 -1.10751 -1.1139
0.778659 -0.763947 0.801541 0.723631
-0.479038 -0.946913 0.946913 -0.479038
-0.232692 -1.95985 2.9841 -0.407428
-0.532368 0.95486 -1.27744 -0.467875
-0.951367 -1.1632 1.17495 -0.457954
-0.359573 0.981971 -1.28469 -0.348037
-1.16536 1.16332 -2.17991 -0.874006
-1.0139 -1.13797 1.08423 -0.769876
5.51541 4.63662 -5.52338 2.75625
-4.82525 -21.4349 39.0312 5.34016
-1.22428 -0.327676 0.812233 -1.35687
-0.789539 -0.855886 1.16411 -0.998418
-0.146212 1.91456 -2.91885 -1.2086
-1.05783 -0.219407 0.077552 -1.40825
0.645049 1.37668 -2.94417 0.443839
1.00913 2.50763 -2.51919 0.871292
2.48699 -1.02595 0.568674 3.45117
0.098133 1.19117 -3.25893 1.67131
1.96811 -0.67836 -0.951182 1.80258
-0.003252 -1.31385 1.6793 0.315775
-1.92643 -3.66266 5.37949 -2.63038
-0.273027 1.01043 -2.75873 -1.12074
-1.31045 2.33269 -1.36564 -0.71386
-4.42613 0.723748 -2.18083 -4.71666
1.58461 11.2486 -12.6014 9.01827
0.405114 -1.02876 1.21616 0.417921
-1.20099 0.23589 -0.409759 -1.53178
-1.35986 2.46395 -1.63058 -0.746686
-1.82451 -0.073823 0.098429 -1.72366
1.46452 0.684349 -4.46084 3.3278
-0.994513 0.515058 -0.543318 -0.936945
-1.17855 0.15101 -0.168684 -1.25551
0.630575 -0.936428 2.62535 0.88182
-6.40429 -15.9225 24.1753 -10.5675
-1.07396 -0.186867 -0.119528 -1.55219
1.14197 1.57927 -2.41816 1.32912
-0.99705 -0.485935 1.01488 -2.72892
0.6639 -0.853192 1.75564 1.832
-1.06892 -0.38836 0.51498 -1.09966
0.918458 0.919712 -0.734288 1.10091
-0.380963 -1.88426 1.40204 -0.050749
0.470664 0.938645 -0.938645 0.470664
-0.649691 -0.905563 1.13767 -0.700042
-2.92867 2.02298 -1.07667 -1.4146
-0.358549 1.01897 -5.11435 -1.66328
1.26279 -0.50657 0.504353 0.993676
-0.916849 -1.1791 1.44013 -1.90736
0.959698 0.448255 -0.69893 1.35781
6.8828 -21.1251 35.5337 9.47332
1.52205 1.3386 -1.84409 0.521314
8.73156 -22.6299 27.662 13.026
-1.65902 -1.36958 0.775976 -2.56325
-1.13441 0.465941 -0.138394 -1.65326
1.20511 -1.31704 2.49335 2.24999
0.49607 -0.973592 1.17164 0.421599
-1.36777 -0.151673 0.97626 -1.93751
-0.695547 -0.891452 0.891452 -0.695547
0.110241 1.43097 -4.87818 0.769376
1.01889 0.222102 -0.608912 1.74977
2.59024 -10.4118 11.6455 2.83087
-0.006557 -1.21327 4.48422 1.40181
-0.917475 -0.564894 0.717216 -0.972712
-1.02336 -0.379334 1.26954 -2.15838
-1.23255 -1.1893 2.48473 -1.97748
-0.978688 0.722032 -0.547445 -2.2084
0.487923 1.8188 -4.50586 0.782305
-0.116502 1.43765 -1.74117 -0.474275
0.912372 -0.94463 0.687834 0.950866
0.242043 1.33006 -1.56832 0.244765
1.52057 0.078922 -0.709626 1.78915
-0.074574 -1.14089 1.45337 0.169653
-1.17806 0.581599 -0.143379 -1.32138
-1.14418 -0.138556 0.745907 -1.90756
-0.601518 -1.28279 1.20104 -0.569947
-1.3851 2.3183 -1.68448 -0.613252
-1.84894 -1.47795 0.524322 -1.26834
0.134714 2.35199 -1.92805 -0.229768
-0.437383 1.54007 -2.61686 -1.22248
-0.300943 -1.91569 7.13312 -4.78242
-0.189088 -1.7176 3.19712 -0.380186
-5.76105 -2.45517 2.57922 -5.27957
-1.70213 -1.56363 5.36702 -3.87575
-0.059128 1.07446 -2.03069 -0.290609
1.14573 0.574799 -0.59494 1.03116
-0.684051 0.865505 -0.907742 -0.773814
2.35316 0.365266 0.559823 3.59137
-0.579776 1.24595 -1.40326 -0.521921
-1.00534 -0.871655 0.758528 -1.05814
-0.069884 -1.27881 2.6417 1.01708
0.936046 -0.515066 1.46074 1.96358
-0.269422 1.03103 -1.57639 -0.373601
-0.933884 -0.62098 0.839194 -1.4802
0.637406 0.912499 -1.45369 0.860272
-0.598732 -1.18463 1.23541 -1.18197
0.176578 1.90454 -2.38363 -0.218084
-1.01771 0.423151 -0.405495 -1.02968
1.29061 0.064576 -0.408518 1.35071
-0.437658 -1.05779 1.64779 -1.35962
1.16856 -0.638478 0.753077 0.93357
1.65133 -1.68692 2.42144 2.25013
1.81986 0.796352 -0.871257 1.95103
0.509886 -2.64436 3.86206 0.601028
1.03948 -0.319174 0.56428 1.58929
-0.460284 3.69831 -4.16854 0.065787
-1.11493 -0.829318 1.3033 -1.8125
1.06404 1.21737 -0.735951 1.16225
-12.304 -1.96382 -3.86653 -14.3778
0.383395 1.15761 -1.09573 0.523751
-2.73832 -0.644731 1.18116 -2.96462
-0.786768 0.755175 -1.84844 -1.27819
0.961772 -1.0883 2.09226 0.645704
-1.18397 -0.62278 1.07357 -3.14076
-0.480425 1.07397 -1.0146 -0.327364
-1.41517 -1.23728 0.499496 -1.30121
0.842065 -1.7908 1.30826 0.601935
0.465843 1.31662 -1.12407 0.74823
-0.023973 1.1838 -1.1579 -0.118383
0.893816 -0.825376 0.853065 0.96867
-0.938718 2.80082 -4.2492 -2.25522
-0.647213 0.882592 -1.4326 -0.601104
-0.938946 -0.973576 1.93986 -0.704529
4.13617 -4.34307 4.76804 3.87808
0.078831 -1.40128 1.34655 0.15051
-0.280932 -1.1252 1.22894 -0.054002
0.749931 -1.58531 1.43762 0.503925
0.847103 0.734577 -2.85633 2.11844
1.32924 0.488131 -0.822654 1.55763
1.71054 0.792622 -0.822721 1.44616
2.67007 -9.4116 18.0042 6.62971
1.09544 -1.8837 1.89399 0.695961
1.02519 0.364333 -0.418961 1.23173
-1.02094 -0.396488 0.69541 -1.2052
-0.191638 1.06171 -2.27589 -0.87054
-1.91331 1.88054 -1.9917 -2.09659
1.3831 0.008161 -0.668168 2.02119
0.237566 -1.27689 3.95627 1.2389
-0.016009 1.90749 -1.97936 -0.186931
-2.72689 1.55018 -1.28694 -2.32924
-0.361036 1.4828 -1.15829 -0.038074
-0.271239 -1.05483 1.02899 -0.358402
2.66414 -2.8134 6.25552 5.54845
-1.25077 10.4291 -14.0439 9.5217
-1.45602 1.61287 -2.28695 -1.30981
-0.250009 -2.72183 5.20742 -1.01551
-0.553006 -1.45135 2.08033 0.246621
1.16517 -1.94154 2.31113 0.739077
2.67643 -4.56368 2.46934 1.8174
-1.13288 -0.534584 0.347738 -1.20647
1.09994 -0.119634 0.12572 1.24738
-1.32466 0.140029 -0.175958 -1.0284
-0.331981 1.00899 -1.19429 -0.344722
-32.0844 -15.1159 16.7515 -17.5364
3.10882 2.06973 -5.87337 4.56708
0.71212 -1.22554 1.36812 0.567417
1.10585 0.199733 -0.781341 2.33309
1.4539 0.139864 0.305584 1.76463
-7.33593 1.17594 -2.90079 -9.81161
0.995788 0.63356 -0.876938 0.882614
0.074687 1.28816 -1.50491 0.115963
-0.932643 -3.64436 2.30759 -0.905574
-10.9656 -1.51431 -2.87758 -14.7484
0.545799 -1.24947 1.10178 0.498725
-5.01865 0.779448 -1.48 -6.41039
-0.268223 1.33272 -1.68353 0.579922
1.09759 0.878781 -0.40609 1.62731
6.56882 3.23456 -4.09266 6.84848
1.07756 1.30814 -2.50947 1.35435
-3.68716 -4.17329 12.8526 -2.17576
-0.993646 -2.51889 2.84159 -0.51227
0.738773 -1.126 1.22854 0.472116
8.01738 3.19284 -1.25296 5.36639
1.65398 1.85985 -2.38938 2.90741
0.544324 -0.969748 2.06377 0.76885
1.34822 -1.93342 1.28826 0.868961
0.241196 1.0999 -1.95679 0.723105
-4.63854 -4.19359 3.40739 -4.34958
1.2591 -0.18127 0.41594 1.09365
-0.912405 -0.643016 0.953683 -1.44426
0.733333 -0.813684 0.87265 0.748121
1.18516 0.440147 -0.588366 1.03025
1.01479 -0.603909 1.67142 1.79285
-0.50049 0.954679 -1.09669 -0.463882
0.475745 4.40285 -8.14753 3.09492
-2.89571 -2.83391 5.0805 -1.1405
0.402714 -1.25509 1.25509 0.402714
-0.937697 0.753581 -2.31006 -1.47925
0.657456 -0.894661 0.882367 0.85565
0.491651 -1.58428 2.14896 0.92134
-5.57322 11.0632 -8.69695 -3.97669
-0.823697 0.624142 -0.952899 -1.36291
1.18401 0.446158 -0.85302 1.16445
43.1203 -37.5835 24.4746 45.1214
-1.18632 -0.338409 0.245725 -1.23656
1.16486 1.06343 -0.459178 1.49701
-0.638502 1.29653 -1.45978 -0.504376
0.710746 0.800861 -0.979135 0.722606
0.101733 1.28665 -1.35969 -0.03916
-3.26122 7.7453 -7.7453 -3.26122
0.902489 0.992862 -0.990557 0.585414
1.40709 -0.907393 1.89497 2.76487
-0.937321 -0.518419 0.793474 -1.54788
-0.296728 1.09628 -1.04173 -0.341952
-1.19101 -0.544697 0.712382 -1.99532
-1.44755 -0.289402 0.876096 -1.52923
-1.05443 1.71768 -1.30533 -0.506814
0.672754 -1.5154 1.65259 1.60825
1.1969 0.267738 0.248756 2.74307
1.98631 1.96891 -0.900845 1.35532
1.07186 -2.06897 2.46329 1.63949
0.678026 -1.13472 1.4449 0.942652
-2.20593 -10.0229 9.67914 -4.60589
2.15858 0.8533 -6.29724 4.73684
1.05652 -0.081886 0.228669 1.18851
-0.255111 1.33906 -1.10882 0.050766
0.510619 -1.4366 2.01345 -0.3768
-1.1035 -0.626553 1.09207 -1.7516
-3.83987 2.18587 -0.566905 -2.42813
-2.17077 -0.42235 -0.319487 -1.4225
0.672318 -1.6451 1.95072 1.7874
7.72202 9.03165 -10.2096 6.97962
1.4152 1.05266 -0.849817 0.760409
0.665883 -0.912552 1.09451 0.826951
-1.32404 -0.506667 0.871876 -1.19263
0.330805 2.26975 -1.5491 -0.364321
-0.784496 -0.811236 0.715665 -1.10761
1.51586 -0.879716 0.908047 1.04439
-0.969116 -0.392617 0.820317 -1.60049
1.17321 0.662661 -0.984821 1.61573
3.50475 -8.60792 8.60792 3.50475
1.05778 -0.168933 0.173949 1.41039
3.38738 2.60686 -2.3954 4.60094
-2.49181 -0.564397 1.13447 -2.16894
-0.79395 -0.745554 0.773015 -0.908922
-0.299008 1.03891 -1.25397 -0.173531
1.09531 0.203746 -0.32533 1.32475
-0.294638 1.3529 -1.14268 0.058973
-1.64537 -0.082237 0.053248 -1.74286
0.025991 -1.09042 1.25482 0.078521
0.480748 -1.09503 1.20528 0.231503
0.094038 -1.11741 1.13745 0.035523
0.488304 -1.11545 1.63384 0.142871
-12.9479 6.04822 -15.3689 -22.8272
2.51575 -0.947902 2.32543 2.13523
1.18149 -2.02023 1.46635 0.794534
3.14958 3.24876 -2.1497 3.56467
2.24894 1.96265 -6.01535 4.57991
1.14155 -0.744116 0.989672 1.34766
16.1871 -12.1941 13.2763 19.1632
1.3701 2.70848 -2.20844 0.430984
1.39055 -0.251799 0.9031 1.18306
-3.88637 1.53155 -1.32356 -3.57618
0.820188 1.15876 -1.15652 0.406246
-3.26961 0.641853 -2.21935 -3.1903
-1.7578 4.33721 -4.33721 -1.7578
-1.39889 0.747419 -0.711085 -0.837568
0.134936 -1.06107 1.29763 0.286805
-1.47546 1.92934 -3.50569 -2.56161
0.96726 -1.75284 1.57535 0.521051
-2.84371 0.288994 1.48264 -2.96885
0.550437 -1.40197 1.22025 0.718
-1.71023 -0.370241 0.856746 -1.07287
-0.099474 1.50909 -3.10888 1.77982
-0.879172 -13.0227 12.4496 -2.80629
-1.12034 -0.32291 0.43063 -1.09485
0.112933 2.04513 -2.18465 0.285306
-0.462104 0.970552 -1.15071 -0.486065
-0.572071 0.885516 -0.928439 -0.557411
1.01913 0.399623 -0.698065 1.20416
-0.679309 -1.3062 1.64266 -2.04829
-1.6039 -1.95994 2.12703 -2.70518
-0.970471 -0.440101 0.605342 -1.09936
-0.444559 1.03059 -1.12675 -0.8093
-7.6459 -7.71761 7.73846 -8.22214
1.58501 -2.97906 3.18555 1.33766
0.182388 -1.49276 3.05194 -0.384356
0.316821 -0.983242 2.05 0.605106
-0.449444 1.00741 -1.14857 -0.387055
-0.066941 1.45675 -1.28372 -0.329354
0.129168 -1.05648 1.36276 0.128253
-1.97091 -1.72289 1.41164 -1.43107
-1.03473 0.175327 -0.287993 -1.25213
0.307033 -1.08898 3.49497 1.11383
0.983165 1.65622 -6.58707 4.53028
0.163183 -1.22941 1.35783 0.799159
2.90703 -0.704746 2.11115 2.01405
-2.37285 2.94064 -3.74329 -2.57224
0.569295 -0.932354 2.126 0.829072
2.92722 -3.44371 3.98689 2.63972
1.25338 -0.075566 0.123024 1.36884
19.5855 -5.64518 5.5683 17.9855
1.21034 0.393301 0.183626 1.8643
0.392523 -1.00279 1.82594 0.536547
-10.9626 0.810244 -0.466115 -13.7065
0.763136 -1.31446 1.09001 0.48935
0.449466 -1.08999 1.3606 1.23942
-0.88735 1.50345 -1.09024 -0.600853
2.03452 1.85866 -0.990938 1.40357
1.13351 0.540298 -0.793038 1.31804
0.862336 0.866227 -0.929098 1.44317
0.989671 -1.66231 1.84983 0.816495
-0.862958 -0.647454 0.825604 -1.45353
0.955886 0.463195 -0.503968 0.934918
-0.915514 -0.479063 0.479063 -0.915514
-0.059352 1.33458 -2.14871 1.32163
-1.43549 0.596643 -0.552359 -1.64688
-0.516694 1.48136 -2.28402 -1.54585
-1.33917 2.37376 -1.90929 -0.400999
-0.150646 1.86439 -1.5014 -0.011773
-0.630372 -2.46171 2.52333 -0.810992
1.32767 -0.171971 0.473166 1.78369
-0.381909 2.37854 -4.59047 2.10879
-1.66328 1.21616 -0.898052 -2.0048
4.73664 -4.28565 5.83055 4.45761
1.35047 0.169753 -0.906026 1.91113
0.625005 -1.54661 1.521 0.032352
1.25236 0.307931 0.466855 1.88355
-1.74799 -1.76762 0.30427 -1.32865
0.068379 -1.05952 1.94872 0.436166
1.45741 -1.53863 1.65745 1.42046
-0.610244 0.874454 -1.10309 -0.710158
-2.87427 0.046179 1.55071 -4.36162
0.754666 0.782655 -1.41536 1.88813
-41.5783 22.9623 -40.1362 -50.7431
-0.428313 0.986434 -1.36814 -0.498587
-2.44282 -1.02209 -0.139445 -2.14178
1.43241 0.420561 -0.73944 1.54507
-4.78477 2.18439 -2.29704 -9.09789
1.05245 0.523389 -0.49122 1.48977
-5.12775 6.21544 -5.79702 -4.32808
-1.34857 -0.225225 0.655688 -1.25153
-2.27564 -1.07307 1.23755 -2.36561
2.68344 -3.43543 3.82552 2.98879
9.61832 -3.43434 5.88624 13.2073
-0.449817 -0.969736 1.6675 -0.692951
0.205964 -1.06131 1.58644 0.441289
-0.885292 -0.535574 0.65334 -1.05134
-2.25386 -0.070633 0.997083 -2.30009
-1.16136 -0.455033 0.702973 -1.06399
-2.72862 -1.30174 1.09985 -1.80038
0.506557 -1.07169 1.18745 0.495142
1.39141 -0.159391 0.641103 2.54099
0.579978 0.900661 -1.01117 0.556673
1.42811 -1.09302 1.33395 0.721883
1.37329 1.5501 -2.83525 2.1394
1.08307 0.813499 -1.41301 1.14738
-0.517595 0.964912 -4.83891 -1.63135
-2.50798 -3.4219 5.3455 -2.60855
-1.9878 3.63891 -2.73282 -1.01227
-0.701162 -1.15785 2.34358 -1.55109
-2.76933 0.19253 1.75547 -2.11177
-1.48296 -0.601347 0.089605 -1.66489
-1.31985 0.863163 -1.44068 -0.772154
1.61226 5.93207 -8.41019 6.42938
-0.727326 1.57511 -1.38174 -1.10034
-2.52027 -2.06288 1.23712 -3.24989
7.36377 3.84054 -3.8392 10.2574
-0.979764 0.491617 -1.08729 -1.29276
-1.63593 -0.469388 1.11047 -1.93302
-1.75334 -0.456506 0.677459 -2.35303
0.852528 -0.865836 0.844868 0.743837
2.42823 1.09352 0.57155 3.30326
1.20665 1.64418 -1.77419 1.12453
-1.07794 0.285984 -0.117913 -1.57877
0.937042 0.513474 -0.646518 1.05814
-27.8123 13.0648 -25.5159 -34.3813
-1.1158 0.609469 -0.718308 -1.56614
1.0679 0.243672 -0.69315 1.82387
-0.061835 -3.11516 2.53577 -0.461029
0.056366 1.09915 -1.14426 0.213848
0.425642 1.04743 -2.25873 1.63534
-0.637486 1.08405 -1.15452 -0.580253
-0.734107 1.39668 -1.82893 -0.659567
-1.3747 -0.164154 1.10298 -2.40177
0.409396 -1.01994 3.07883 0.950583
0.715389 0.912326 -0.969758 0.64534
-3.55744 7.3869 -2.76959 -2.56907
-0.597129 0.946258 -2.29098 -0.808106
1.46636 -4.15854 8.70886 3.99592
-2.31391 -5.8959 5.06519 -2.35997
0.276694 2.80604 -5.17095 2.82398
0.212311 1.44116 -1.2882 0.614028
1.24162 0.277218 -0.835881 1.30886
-1.36385 -0.526003 0.370927 -1.02739
1.06388 -0.659916 0.432608 1.02907
-4.96527 7.63624 -20.436 -9.02986
0.388132 1.04003 -1.11158 0.325356
0.026374 -1.12547 1.34033 0.148901
-1.38792 -0.393688 1.02481 -1.70463
1.20812 1.46207 -1.96239 0.268426
-1.17601 -0.418599 0.829136 -1.78989
-0.744745 1.35399 -0.896323 -0.641543
-0.964243 0.462454 -0.784982 -1.30738
-1.29994 1.47355 -0.87746 -0.882792
-1.15369 -0.649466 0.329269 -1.21075
0.874505 -1.25473 1.73007 1.00873
-1.08205 0.126759 -0.310866 -1.29454
-2.81686 -3.57225 2.45435 -5.16269
0.674265 -0.821979 1.84112 1.48421
0.036516 -1.03608 1.46307 0.178777
0.055565 -3.67467 4.19351 -0.422636
1.18324 -0.624113 0.639867 0.861112
1.26192 -2.12409 1.42149 0.464169
-8.14524 3.88033 -6.04069 -7.94828
-1.18228 -1.37817 0.57987 -1.67235
0.0338 -1.36899 1.58877 0.886239
2.71954 7.62024 -11.0142 5.69953
0.211893 1.5363 -4.90917 0.782126
0.751833 1.05789 -1.80379 0.772458
1.19203 0.078361 0.542154 1.89635
1.0323 0.433817 -0.740559 1.27302
-1.20476 0.366112 -0.126254 -1.51571
-1.37106 -0.390956 -0.741626 -2.338
-1.20395 -0.125365 0.048307 -1.73929
-0.297114 -0.986098 1.08092 -0.330973
-1.02384 0.373447 -0.432472 -1.79278
-0.846776 -0.841476 1.25248 -1.95957
-0.91818 -0.765348 1.09592 -0.991342
-2.4371 -2.11206 0.872835 -2.02618
0.472554 -0.989821 1.29007 0.520538
-0.174824 4.45434 -9.04766 3.35327
-0.34781 1.01209 -3.57024 -1.1931
0.646116 -0.893252 1.35736 0.722417
-0.517259 2.0414 -2.28322 -0.299964
1.04989 -0.43639 2.4877 2.79706
-1.28738 2.35115 -2.03007 -0.37452
-1.22477 4.58975 -5.34247 -0.431284
0.145393 1.32416 -3.38227 0.566429
-1.79242 0.252328 -2.91901 -3.56592
-0.457785 1.30385 -1.20904 -0.766963
2.89837 1.98562 -1.91014 3.71555
0.31499 -1.0312 1.37534 0.621996
0.976019 0.357747 -0.524923 1.21622
1.18286 -0.367434 0.03138 1.46672
-1.07839 -0.306522 0.12544 -1.28797
-0.485719 -0.979614 1.29507 -0.4228
0.691522 0.875107 -1.16925 0.615057
-0.848546 0.599767 -0.928487 -1.37985
0.827363 -0.726901 1.59156 2.00782
2.06511 3.62854 -5.75052 4.11722
1.22234 0.937655 -1.80557 1.12628
0.219375 -1.35871 1.47 0.185745
0.383285 -1.49909 1.55335 -0.052747
0.454534 -1.01503 1.24214 0.363003
-1.60373 -0.997478 1.76575 -1.14692
-1.25054 0.568474 -0.38015 -1.64452
-1.21225 0.854659 -0.87815 -2.9526
-3.45819 -3.08291 3.84426 -5.48278
-1.17342 0.262132 -0.837845 -1.29091
0.90569 0.736133 -0.839804 0.788948
0.918459 -0.686182 0.620348 0.989524
-1.30991 -0.643619 -0.037841 -1.51967
-0.523546 -1.96515 4.47236 -2.69701
2.65189 -1.40776 2.05052 2.663
-1.09525 -0.151874 0.430011 -1.62895
1.02373 -0.436394 1.46818 2.17761
1.00038 2.62094 -3.78961 2.28222
1.13873 -0.033732 0.273289 1.41296
0.978507 -0.428118 1.54821 2.26332
1.10716 -0.494858 2.14956 3.07605
0.522983 -1.18898 3.39878 1.33787
-0.50771 0.959058 -1.20597 -0.49994
2.56227 -1.81112 3.22092 2.84107
0.693408 -1.37876 1.25131 0.524173
10.0997 10.4838 -11.1801 9.1117
-0.462107 0.98298 -1.34747 -0.538979
0.140866 -1.02048 1.05698 0.138065
-38.1115 -51.7786 43.4417 -20.5208
0.672414 -0.845975 1.18054 1.21734
-0.96668 -1.02696 0.469898 -1.75575
-0.921451 0.779992 -0.664854 -1.00527
1.0823 0.170986 -0.569027 1.51122
-1.00598 -0.372244 0.463833 -1.06358
-1.19368 -1.05625 0.232454 -1.96421
0.982814 -0.499147 1.96533 2.74861
-0.12661 -3.91052 5.89147 -0.655339
-1.01477 -0.443157 1.05602 -2.08229
-0.940852 0.555799 -1.39474 -1.43763
-9.5884 2.1111 -3.12301 -12.5544
-8.60971 -3.16981 3.71874 -9.4512
0.086238 -3.63987 7.1311 -4.30152
1.11595 -0.297193 1.03715 1.80158
-0.564498 0.959569 -1.41228 -0.54765
3.12694 -1.78 2.76855 3.52655
-0.512576 -1.11036 1.95385 -1.08932
0.623468 0.91968 -1.35573 0.563796
1.27538 0.400553 -0.662259 1.19124
-0.46866 0.975135 -3.22159 -1.02631
1.21897 0.562093 -0.602541 0.98915
1.07129 -0.073884 -0.089926 1.23864
-1.64343 -1.37173 5.20435 -3.6032
3.75501 -2.66502 4.13949 3.74962
-1.51994 -0.232034 1.93921 -1.70433
1.13016 0.029214 0.14295 1.2684
-1.72443 0.010549 1.00253 -2.26505
-0.891491 -0.549503 0.755635 -1.2941
-0.911428 -0.631373 2.16023 -4.42839
-0.436402 0.965948 -1.05262 -0.409466
1.87912 1.71658 -0.835544 1.08244
1.88606 -6.03997 5.95064 2.27246
-1.25051 0.084903 0.61492 -1.63267
0.707225 -1.31497 1.06528 0.417254
0.539899 -1.25902 1.05848 0.840083
0.270312 -1.09942 1.2067 0.365617
-1.87845 0.094792 0.88665 -1.48216
-4.62581 3.5592 -4.12866 -4.10441
0.811576 0.738202 -2.49341 1.83078
-6.72684 -10.4216 10.3824 -7.39606
0.30374 -1.02461 1.36309 0.576664
-1.11726 -0.43895 0.640704 -1.02157
-11.0666 -21.1345 32.8906 -11.5137
-1.26188 0.403084 -0.565683 -2.10525
-8.40986 1.26934 -0.867662 -11.3731
-1.96987 0.374102 -0.985738 -2.70346
-0.990808 -0.472797 0.730022 -1.40363
-0.997999 1.08863 -1.59864 -5.25214
-1.08285 0.314315 -0.603213 -1.54927
-0.506328 -1.05028 5.47971 -0.947678
1.42944 0.539678 -1.39119 2.19984
-1.19991 -0.225544 0.296203 -1.16519
1.07361 -0.517302 0.9943 1.37331
1.01766 -0.232665 0.371239 1.38445
-1.00131 -0.51821 0.51821 -1.00131
0.943374 -0.592313 0.532098 1.65778
-0.315241 1.07511 -1.1346 -0.153616
-66.6192 -36.8907 28.0634 -23.1757
1.2094 1.39616 -1.77202 1.31333
-0.815312 -0.671314 0.713844 -0.7894
-0.256581 1.20865 -1.53155 -0.492695
0.463253 -1.2052 1.06443 0.402323
0.042885 -1.07238 1.93403 0.197663
0.347583 1.31991 -3.17794 0.520358
-0.893181 1.91456 -1.91789 -1.07698
-1.21245 0.602919 -0.529205 -0.929257
1.22083 -0.385648 0.511021 1.57887
-0.4579 -2.51133 1.81966 0.456498
-0.452784 1.29053 -1.40111 0.061125
-1.19191 -0.101603 0.579613 -1.28695
-1.47285 8.14584 -9.90251 -2.71884
-0.162419 1.06447 -1.07912 -0.190177
-5.32439 1.37163 -2.16103 -6.12387
2.24546 5.0445 -7.48776 4.58246
2.5222 0.679617 0.368518 3.48772
2.10861 -3.12516 4.23657 0.108405
0.645291 -0.901366 1.29954 0.613521
0.594681 -0.99073 1.01836 0.472534
-6.39508 -5.70317 5.81332 -6.94477
-5.9416 -2.99237 2.15161 -3.65986
-1.16992 -0.492573 0.901704 -0.999288
1.91206 10.5534 -12.4049 2.1241
0.9774 0.464033 -0.593854 1.8269
-0.571548 1.13553 -1.14834 -0.357036
-1.45599 -0.341604 0.193874 -1.05532
0.174457 1.26332 -2.6194 1.83024
-1.70274 0.258207 -0.947755 -3.51369
3.98515 7.09345 -12.9647 7.51837
1.09863 0.381846 -0.896927 1.64389
-3.37086 1.75949 -1.04135 -1.28288
0.945611 2.14138 -3.49036 0.533919
0.381022 1.02757 -3.4188 2.29776
1.88704 0.413696 -0.641437 2.37721
0.966225 -0.604304 0.604092 0.881898
-1.39048 2.61346 -1.22307 -0.582736
0.645396 0.892395 -1.83979 1.06351
-1.56256 -0.039384 0.027151 -1.58269
0.025532 1.03843 -1.11602 -0.006275
0.018474 -1.06245 1.07551 -0.010727
1.48863 1.24958 -1.54619 1.94303
0.948563 -1.67035 1.22209 0.468601
-0.456884 0.962839 -1.18472 -0.400769
-0.996866 -0.84513 1.05988 -1.18911
0.17031 -1.21909 1.30537 0.009337
-0.642688 1.03176 -1.03159 -0.527396
-0.480954 1.02709 -1.02413 -0.500025
-3.0089 -0.323823 0.663877 -3.08836
-1.20916 -0.322357 0.713215 -1.5937
1.19908 -2.66445 2.49109 1.36004
-0.529309 1.02392 -1.13774 -0.937053
-0.475495 0.962893 -1.38693 -0.567773
-0.068486 1.26206 -1.18937 -0.254669
-0.735399 1.30409 -0.966667 -0.550909
1.16027 -4.6175 8.47613 -4.48289
6.85679 -0.966982 2.80655 7.28015
-1.04355 -0.279242 0.266615 -1.09512
-1.18807 -0.611656 0.611656 -1.18807
-1.19987 -0.143909 0.528204 -1.3794
-2.46953 0.520131 -1.29883 -4.29369
0.567451 -0.939581 1.07473 0.536083
-0.265791 -1.2999 2.02847 0.684902
-2.63553 -1.0623 3.95245 -3.13931
0.294766 1.38005 -2.90151 0.535719
-1.00062 -0.395385 0.775531 -1.60439
0.236453 1.14217 -2.412 1.68715
-0.989254 1.6206 -0.931243 -1.5276
0.992171 0.424309 -0.690214 1.26465
-1.35519 -1.33475 4.6303 -3.2785
-1.04587 0.432393 -0.489411 -0.992971
1.10182 -1.25924 1.01898 1.34863
-4.08703 8.85261 -7.26414 -3.21969
-2.5563 2.54098 -3.59203 -2.37517
-1.02555 0.333958 -0.311385 -1.46507
0.54329 -1.15147 1.31184 0.540229
-2.48447 -0.001499 0.874193 -2.43576
-0.606691 1.08729 -1.81839 -0.813565
0.8129 0.88294 -1.39045 0.770912
1.96699 -1.11876 3.10953 4.52865
-0.482496 -0.942865 0.942865 -0.482496
1.10108 0.181227 -0.366005 1.14613
-1.07118 0.003577 -0.003212 -1.10366
-1.13943 0.091871 -0.651371 -2.09361
0.299539 -1.28513 1.74574 0.399888
-0.62317 -0.877356 1.31324 -0.802246
-0.172017 1.35685 -1.19265 0.217585
-1.72934 -1.26576 1.12428 -1.83899
-0.919686 -1.12266 1.32019 -1.86433
-0.831213 2.43542 -2.49917 0.040511
-1.54873 -1.41442 2.4417 -1.90188
0.263123 1.28373 -1.90514 0.812198
-0.297302 0.987153 -4.57195 -1.48025
-1.4313 -0.232188 0.582759 -1.54508
0.220456 2.11774 -1.43266 -0.168037
1.22263 -0.613318 1.45389 1.06348
-0.68513 -3.72214 3.88376 -0.984672
-0.699498 -0.930246 0.850175 -0.651808
-0.560779 0.919743 -1.29032 -0.837151
2.03903 0.334338 -2.2499 1.38977
-1.05927 0.089987 -0.318343 -1.72533
1.16652 -1.92921 1.2355 0.411841
1.3842 -0.139537 -0.098071 1.35476
-1.10072 -0.358193 0.454178 -1.01747
6.14915 -0.63046 1.43274 6.07542
0.465989 -1.05104 1.33633 0.950228
-9.23114 7.09369 -13.9604 -14.547
-4.76043 7.89741 -6.37261 -3.70881
-0.205621 -1.0944 1.03279 -0.221494
0.865854 -0.603127 1.74071 2.65201
-0.987135 1.03538 -1.04438 -0.712384
1.70523 -2.16881 3.16562 2.03635
-0.498838 -0.956077 1.59807 -0.605357
-1.06096 0.389584 -0.464395 -1.12411
-1.17569 -0.100214 -0.227682 -1.83992
-1.20682 0.196082 0.119131 -1.6574
-4.29041 12.3343 -11.4598 4.30224
1.13177 -2.31594 3.54394 1.13482
5.80136 -3.82954 4.4207 7.14695
-0.13688 -2.54319 1.97443 -0.644095
0.881684 -0.697398 0.730063 0.804224
1.38112 0.55922 -0.939783 1.63473
0.861759 -1.21688 1.725 0.535502
0.201009 -1.07661 5.23073 1.51587
3.73677 -1.53765 0.690121 4.35939
1.10051 -0.561137 1.21403 1.66714
-1.35311 2.34625 -1.33552 -1.14109
0.44376 2.29713 -5.37231 3.658
-1.42025 0.65166 -2.23559 -2.6842
12.0407 10.5085 -17.3238 14.4384
-0.699258 1.07496 -1.2153 -0.404857
1.03816 -0.43418 0.604314 1.06772
1.17763 -0.076452 0.171236 1.15541
-1.11712 0.267656 -0.225652 -1.06925
-1.03286 0.426141 -0.461809 -1.75456
0.120369 -1.47715 1.85106 0.281695
1.70934 -0.889825 2.13504 3.08406
-0.457829 0.962279 -3.12496 -1.01402
-1.59045 -0.045748 -0.679021 -1.32317
9.11012 -4.38977 2.79006 8.86627
2.39104 -2.23365 3.59387 3.75922
2.36872 -16.9846 18.96 4.52654
-12.9988 -32.3011 55.7973 8.84507
0.865333 -2.21436 2.25281 1.02128
-0.989262 0.408259 -0.489821 -1.55411
-0.980525 2.0559 -1.82643 -1.31333
1.00964 -0.291875 0.421049 1.38208
0.046065 1.24616 -3.12248 1.39547
-0.535409 -0.937013 1.17396 -0.495813
1.05716 0.201847 -0.172597 1.47245
-1.37767 0.793697 -1.67299 -0.831663
2.20273 1.99364 -1.88124 3.44197
-1.65213 -0.104363 -0.552887 -1.72891
4.00068 2.71403 -1.96389 3.9519
1.34116 1.22754 -1.38357 1.35609
-1.03986 -0.103808 0.098297 -1.12726
-3.779 2.28098 -4.77985 -3.88134
0.790136 0.776552 -1.71066 1.34038
0.595451 1.60274 -3.81987 1.65067
0.52537 -0.959389 1.56355 0.920542
-0.463684 1.93992 -2.50598 0.64694
0.442552 -1.30809 3.23519 -0.417197
0.743004 5.22583 -7.07617 1.65852
-1.48159 0.52163 -0.979611 -1.6776
0.686167 -2.64302 4.16165 0.815885
1.09578 0.125085 -0.095815 1.48293
5.0302 -4.81295 5.013 6.44689
-2.31247 -5.49234 9.76068 -3.80689
-1.36004 -1.16693 0.782311 -2.53764
7.56809 -6.33279 3.98936 1.14605
20.8825 4.31468 -1.48302 22.3004
-0.390093 1.37851 -2.8873 0.320239
-1.09344 -0.301828 0.228211 -1.82152
-3.88477 -3.20345 3.47876 -2.52086
1.11808 0.576281 -1.2545 1.85603
-1.06548 -0.05356 -0.051213 -1.22596
-0.395225 0.979366 -1.1078 -0.381404
-0.180704 -1.27389 1.58777 -0.247966
-0.905941 -0.773232 0.682348 -1.68973
-1.04421 -0.528811 2.15945 -1.83775
1.28237 0.427643 -0.786474 1.09247
1.06604 0.375489 -0.92541 1.8664
-1.00488 -0.440526 0.340915 -1.48389
1.30888 0.282436 -0.296638 1.5322
-0.132646 1.55536 -1.3355 -0.09096
-0.51236 0.960771 -4.66224 -1.49202
0.662788 -1.76143 1.66552 0.952361
1.9217 -0.965927 4.01299 3.43918
6.24415 0.217209 -2.47124 4.87567
-0.429587 1.01602 -1.23951 -0.387451
0.335858 1.01763 -1.09083 0.312216
1.26257 -0.617458 0.481309 2.61987
1.2389 0.078991 0.221635 1.5624
1.57611 -0.949639 1.01886 1.61691
-0.740781 1.16956 -1.34698 -0.421094
-0.508861 0.955038 -1.41142 -0.448209
1.0594 -0.263897 0.459994 1.8146
-1.18265 2.10181 -1.37037 -0.766935
1.29762 -1.61479 2.46339 2.40816
4.73212 -4.15898 5.00125 4.10674
-11.258 -6.9875 4.20633 -13.2632
-1.09921 -0.07866 0.064988 -1.42688
-0.985959 -0.934531 3.24413 -1.54888
1.20869 0.157014 -0.908195 2.12681
-0.139025 -1.26009 1.40405 0.430358
1.15492 0.095181 0.015661 1.09132
-0.315397 1.05119 -1.2595 -0.166217
1.15608 0.580163 -0.546906 1.15787
-0.437761 0.970961 -2.63876 -0.884163
-0.564898 1.33175 -1.03779 -0.301686
0.923646 1.16825 -0.658614 2.38122
1.08258 0.203151 -0.319302 1.06778
-1.15708 -0.13725 0.429653 -1.43712
0.764685 -0.81243 1.00229 1.10126
-0.272187 0.994241 -2.00746 -0.57104
3.29583 -2.42795 3.67208 4.10801
-1.32576 -0.343046 0.942843 -1.64542
-0.861633 1.00725 -1.21544 -0.447273
-0.97229 -0.374806 0.616622 -1.62615
-0.683749 4.36941 -6.53926 2.76982
-74.6474 -44.7423 39.0566 -27.2624
0.438507 -1.76387 1.92559 0.877811
0.48544 1.08292 -1.26475 0.307957
2.48371 -1.33806 1.74669 0.502807
-1.70645 3.06622 -1.47842 -0.665341
-0.525465 -4.12909 3.2137 -0.6854
26.8587 -90.7708 86.1236 37.1051
-1.6695 -0.44472 0.716023 -1.89579
-0.88415 -1.01177 0.982286 -1.4496
-0.981315 0.540415 -0.70288 -0.923347
-1.06703 -1.00186 3.65954 -2.62581
0.180829 -1.40354 1.49249 1.24473
0.887615 0.913689 -0.622677 1.28189
1.12551 -1.01995 2.02131 0.990048
-0.644343 -0.859696 0.96015 -0.66381
-0.343286 0.991624 -1.89889 -0.571386
-1.23906 -0.97662 0.623817 -1.39572
-3.9358 3.68373 -3.48164 -4.07634
-0.600608 1.17461 -1.17399 -0.622831
0.943126 -1.81129 1.64488 0.523734
-1.32859 -0.58931 0.733491 -2.22651
0.870423 -1.56005 1.0063 0.526538
1.02475 0.40322 -0.455447 1.3268
1.3994 0.637445 -1.36934 1.74157
0.106805 1.40695 -1.08869 -0.125809
-0.468923 -3.73388 4.1272 -0.237062
-1.12228 0.481342 -1.87477 -1.50969
-1.50521 1.51837 -1.87991 -0.871167
-1.49543 -0.608805 -0.632687 -1.91166
2.54173 -6.14693 26.0857 9.91885
-1.07054 -1.07495 4.42098 -3.12028
0.58857 -0.914043 1.11723 0.543056
1.49481 1.95156 -0.89537 2.57407
1.9325 -11.3636 10.8633 0.793514
-3.04533 -1.96983 3.32445 -7.56876
0.172581 -1.12562 1.07987 0.283076
-0.680129 0.878207 -1.95642 -0.8852
-1.83729 -0.522009 1.26996 -3.24574
-0.479531 1.06642 -0.944175 -0.421826
-1.80175 -0.431111 0.390609 -1.95284
-1.90442 -0.288007 -0.979988 -2.62479
-1.66829 -0.684186 1.05306 -2.03519
-4.59562 10.9674 -11.5167 -5.06754
1.69164 -1.26376 1.99939 1.71064
-9.74786 5.99432 -6.09722 -8.92964
-1.02149 1.81628 -1.83438 -0.957661
1.46332 -7.58496 7.14543 2.86578
-5.19066 2.50365 -2.14062 -3.17443
-0.877584 -0.610702 0.726911 -1.20656
0.121525 1.24831 -4.32275 0.675858
-1.10538 -0.156783 0.283105 -1.11838
-0.779151 -0.7849 1.12901 -1.4648
0.959215 2.65208 -10.1513 6.96248
0.47298 -1.90857 2.12679 0.775964
-4.4839 11.2328 -10.1609 -4.58479
-10.1707 -0.686194 -3.20895 -14.0762
-0.365407 0.998173 -1.22464 -0.412775
-1.33141 0.369301 -0.793899 -1.72724
-0.493934 -0.925638 1.01487 -0.569752
1.09027 -0.273237 0.155301 1.13836
0.473578 0.973 -3.31247 2.28531
-0.653848 -1.28262 1.28262 -0.653848
0.851144 0.697462 -0.949298 1.23516
1.30269 0.4869 -0.816156 1.14373
0.640463 -0.925502 1.02395 0.508491
-1.38433 -0.307947 -0.272589 -1.29545
-1.77696 -1.33428 1.90208 -3.32096
-1.50362 -1.16641 1.33771 -2.09232
-0.067714 1.36443 -1.16669 0.339076
0.963414 0.557894 -0.720858 1.38767
-1.01692 -0.450731 0.75941 -1.53657
1.14908 0.392166 -0.72255 1.29618
-0.813392 -0.736947 1.05726 -0.801042
1.35996 -1.97624 2.48575 0.712344
-5.03496 -1.1642 1.69409 -4.55803
-0.478604 -0.99691 2.94061 -2.00837
1.61588 -0.040254 -0.625482 1.89609
13.9465 -20.2794 19.6951 14.6221
-2.10735 3.30338 -4.57971 -1.98093
-1.43212 2.30591 -1.80225 -2.99131
0.26953 -1.02603 1.34225 0.330439
-1.01095 -0.721671 2.65591 -1.76971
-6.89442 2.05319 -5.92616 -1.59026
0.561954 -0.921572 1.05072 0.559758
-0.868409 -0.670474 0.757967 -1.03758
-1.75824 0.726525 -0.09723 -1.98184
-0.502737 -1.28058 1.03088 -0.384787
-0.897243 1.12048 -1.1549 -0.469981
0.708517 -1.89408 1.36945 0.260184
1.07407 -0.168243 0.076028 1.13806
1.08184 0.283479 -0.25429 1.04611
1.57521 0.727912 -0.741196 1.33319
-1.06218 -0.241468 0.610465 -1.40386
-12.5428 6.3802 -10.1974 -14.1993
-1.50002 -0.201875 0.71349 -1.48351
0.309454 -1.05131 1.34093 0.305374
0.995426 0.548808 -0.480864 1.04948
1.35882 -0.98112 1.29625 0.923065
-1.27406 -0.160848 0.3313 -1.20847
-0.425357 -2.38449 2.8861 0.523366
-32.025 17.2691 -30.9447 -42.9869
2.26169 -1.57644 1.53078 1.02974
-5.12144 -7.55502 7.13778 -10.4744
1.01786 0.868014 -2.77444 2.21449
-1.55401 0.154611 0.459624 -1.52685
-3.63345 1.79899 -4.31369 -3.71274
-0.535155 0.961135 -1.01536 -0.504032
0.275429 1.06394 -2.26254 0.958156
-0.943621 -1.8923 1.81531 -1.12441
0.936768 -2.13238 1.30813 0.434791
1.57034 0.066391 0.747002 2.99938
3.02355 -2.61951 3.1774 3.58218
-1.07158 -0.526317 0.428374 -1.05712
0.25691 1.06534 -1.47179 0.199341
0.941805 0.654769 -0.505429 1.14586
-1.98432 0.206068 -0.411808 -2.2942
-1.50027 -0.52708 2.64801 -1.64432
0.487607 -0.942279 3.12923 0.978481
3.2453 -11.7013 14.4001 4.69675
-0.734218 -0.7906 1.37552 -1.27956
1.55774 0.093458 -0.894062 1.35623
1.19782 -2.04853 1.19946 0.492386
-0.738382 1.31926 -0.998986 -0.483976
-2.0405 -0.61011 2.36065 -2.39193
0.994769 0.403485 -0.647152 1.38618
0.696223 -1.07921 1.05384 0.555458
-1.01732 -0.421651 0.593086 -1.00083
-1.15284 -1.28233 1.46218 -1.13192
-0.119899 2.10871 -1.95231 -1.61468
1.08339 0.787948 -0.916474 1.18922
-1.54641 -1.7122 1.7122 -1.54641
0.895708 -0.626005 0.909859 2.12226
-1.84768 0.220499 0.533702 -1.503
1.76499 0.623678 -0.414163 1.46599
0.841719 1.2668 -1.29869 0.448423
1.11373 0.260062 -0.769734 1.70103
0.625181 2.40585 -2.31962 1.64945
1.14991 0.129882 0.254127 1.48575
1.37275 -0.221967 0.384043 1.6028
-0.537799 -1.01182 1.5182 -0.591706
0.66344 -1.11151 1.10681 0.423921
1.65971 -3.82654 5.31131 2.21236
0.639562 -1.30308 1.64398 0.665841
-1.04239 -0.334898 0.772769 -1.82489
0.956909 0.624497 -1.57401 1.53615
-1.70759 -0.521132 -0.254546 -1.83652
-13.221 6.48368 -12.5698 -17.6262
-0.302283 1.01111 -3.84782 -1.23791
-0.978476 0.911209 -0.428945 -1.87372
-1.14078 1.89263 -1.41125 -0.529039
0.234234 1.19852 -1.12912 0.09929
1.76914 4.80236 -8.67738 5.22371
-0.385789 -0.994113 1.04981 -0.383972
0.511121 1.13679 -1.49321 1.10341
0.929294 1.17 -0.851908 0.709868
-1.66852 -0.456436 -0.423892 -1.4847
0.431529 -1.65696 1.67524 0.515112
1.86319 1.68438 -1.93268 1.92378
1.01982 0.535263 -0.719728 1.19261
0.543144 -1.16183 1.01668 0.41983
-0.914543 -0.637645 0.960978 -2.81341
122.073 -61.1919 58.4206 164.513
-0.724226 1.11167 -1.31853 -0.374891
1.05072 0.327958 -0.795673 1.42479
0.627798 -1.00678 1.30324 0.480606
-11.7436 1.39589 -1.64361 -14.5682
0.55429 -0.997168 1.26724 0.379551
0.776061 -0.811842 0.962896 0.701027
-2.00549 0.478061 -0.851444 -2.00405
-38.5648 -11.8187 7.71185 -18.6626
1.09615 1.00717 -0.685419 1.12866
-10.0813 -6.60735 8.5877 -7.99257
-1.03277 -0.521169 0.582551 -1.06481
-1.03233 0.331858 -0.429355 -1.07577
-1.0942 1.96015 -2.19921 -0.644437
-0.375599 -1.3637 1.38915 0.058502
1.03002 -0.31787 0.388785 1.09049
1.20879 -0.31365 0.04667 1.52587
1.22945 0.701262 -0.996491 1.70511
0.375039 -1.84189 4.82522 -3.36235
1.14646 2.60227 -4.28619 2.43723
-0.519715 -1.00768 4.45128 -2.85391
2.30821 1.30678 -4.91494 3.85852
1.21241 -0.528236 0.972186 4.06546
0.471433 1.00345 -1.77588 0.861019
1.08427 -2.52939 1.55475 0.493683
-1.97308 -0.758349 1.19676 -1.94588
0.759354 0.745399 -1.57767 1.23387
-0.165142 -1.97731 1.55229 0.766311
1.31547 0.338084 -0.481924 1.35863
-0.933269 0.821638 -5.03996 -1.79642
-0.740606 3.48254 -3.05391 -1.8345
-1.13977 3.48659 -2.89976 -1.71734
-5.29566 12.6684 -10.8344 -5.46492
0.435889 -1.44562 1.4876 1.01485
1.11212 0.545834 -0.866407 1.09351
-3.59722 5.82575 -4.2188 -2.28001
2.76365 1.23122 -1.97058 2.96823
-2.20211 -2.15256 0.830368 -2.17734
1.20658 -2.20375 1.46778 0.638557
0.957096 -0.566316 0.578711 0.902762
-1.13234 -0.083546 -0.16138 -1.58621
1.07272 -1.98647 1.8348 1.06169
-0.394594 0.98197 -2.2016 -1.09107
-0.325287 -1.21139 1.78015 -0.318372
-0.433302 1.52402 -1.56155 0.180387
0.551103 1.08829 -1.06736 0.379692
-1.06751 -0.103183 0.050251 -1.08331
0.633002 1.59977 -2.77599 1.53373
8.07207 -5.17815 5.72781 6.72306
-1.10689 1.81045 -1.33307 -0.564829
0.962572 0.385526 -0.523471 1.28968
-0.912413 0.604252 -1.5217 -2.12713
-0.620572 1.39353 -1.18297 -0.33163
-1.67938 -0.462687 0.507334 -0.986448
-1.07928 -0.227621 1.12141 -2.18032
0.480641 -1.25577 1.03328 0.292482
1.19802 -2.28756 1.68559 0.591287
1.1232 1.5677 -0.971859 1.3199
1.03056 0.697887 -0.34532 1.40301
0.085615 -1.48933 1.77756 -0.094709
-3.68697 0.804789 -1.81255 -6.33542
0.931069 0.902754 -1.30877 1.1214
2.13115 0.988106 -1.72219 2.55367
-1.17932 0.728666 -0.284905 -1.29197
-3.74604 1.79545 -0.955585 -1.43871
-0.41993 0.972993 -4.91679 -1.59825
0.983236 -0.384789 0.412481 1.09263
-0.543441 0.970604 -0.938224 -0.494029
0.906275 -0.741225 0.629852 1.02893
6.86984 12.1914 -14.9412 8.26725
1.14469 0.329969 -0.912511 1.41589
0.547741 0.894463 -0.9733 0.66496
-1.09416 -0.502015 0.495922 -0.998211
0.767997 1.15803 -1.05204 0.705457
1.74719 -3.96444 10.064 3.86969
-0.618425 -2.19143 1.32768 -0.383995
-3.72734 2.54616 -0.798577 -1.18982
1.04722 -0.475321 1.00098 1.46568
-13.4052 7.57374 -10.0992 -14.7494
-1.32188 -0.284749 -0.281983 -2.93255
1.03242 -0.859393 1.37622 1.41736
1.10794 1.15796 -0.910667 1.3137
0.926762 0.662364 -0.82094 0.959318
0.167395 2.46065 -1.52283 -0.65362
-0.875121 1.56143 -1.10513 -0.645049
-0.59266 1.14616 -0.998917 -0.36091
0.595735 0.899381 -0.899381 0.595735
1.01687 -1.90474 1.93686 0.797446
-1.41456 -0.025032 -0.316441 -2.12425
-1.07004 0.261043 -0.323699 -1.27544
0.32852 -1.02283 1.82985 0.508005
-0.355558 -1.01912 1.12128 -0.510281
0.058913 1.49987 -1.71628 -0.144261
-1.22933 -0.683615 0.261172 -1.45297
0.344661 -1.06297 1.3705 0.772363
0.856997 -1.04518 1.23851 0.450657
5.17732 -28.8664 51.2136 14.0396
-0.9098 -1.22327 0.765932 -1.14521
-1.23248 2.00977 -1.33268 -0.588073
1.06163 0.631152 -0.689435 0.901818
1.44709 1.99538 -2.22182 0.748903
0.130438 1.06791 -1.49619 0.052787
1.00657 0.552267 -0.467712 1.23124
0.687689 0.925154 -2.31551 1.30223
-0.274281 1.15475 -5.2422 0.972001
-1.19138 -0.505379 0.921388 -1.01984
0.751956 0.772156 -1.06694 1.36611
0.873179 2.07367 -3.27358 1.8812
1.62055 5.66801 -6.30362 1.37405
0.913128 -0.541128 0.548627 0.88358
-1.26367 0.265894 0.219484 -1.42616
-2.05652 -2.09739 6.47567 -1.30052
-0.203536 3.01033 -2.97525 0.377624
0.936704 0.702057 -0.86265 1.49636
0.124567 -1.12406 1.24322 0.402018
-1.55833 3.05716 -6.48694 2.908
0.380244 0.964688 -0.995092 0.378036
-0.647513 3.25852 -3.23055 -0.962171
