2500
863.71 120.044
704.015 208.88
366.027 363.327
1113.89 657.832
846.057 365.225
811.649 525.936
1190.24 375.316
834.724 631.756
708.671 328.912
915.347 606.426
1144.52 738.794
621.185 125.374
926.366 305.573
673.663 633.677
1166.86 482.399
634.047 636.386
1056.01 580.374
770.05 510.311
791.738 485.465
944.213 227.304
1104.25 230.428
470.169 644.638
949.942 235.583
834.723 398.037
851.556 290.882
763.117 226.813
665.866 640.196
790.678 515.936
255.06 638.699
347.505 347.125
770.234 745.705
704.703 643.908
563.835 138.455
705.938 646.399
859.107 296.134
1059.61 218.786
1266.21 615.696
796.595 253.929
933.322 233.448
946.918 170.779
715.801 184.297
1197.27 632.081
653.141 245.722
784.905 494.693
819.114 664.416
770.17 250.652
631.684 133.61
908.383 154.371
920.8 375.887
754.739 632.495
837.583 634.569
1152.53 633.635
313.474 365.056
912.624 517.915
604.251 127.256
311.079 590.329
648.302 756.92
930.44 528.68
328.834 381.11
783.013 689.196
839.599 729.446
922.157 293.668
1084.78 220.567
311.656 648.621
366.438 347.647
906.838 512.412
955.085 657.821
661.395 250.456
714.439 123.08
503.426 382.019
1004.65 195.766
926.376 160.828
894.82 705.011
908.483 219.444
757.355 515.869
797.384 506.364
990.454 254.312
1125.47 460.831
633.846 127.387
992.486 247.06
587.643 675.914
732.265 316.783
771.211 230.487
996.792 197.144
612.312 230.845
989.294 317.866
853.048 766.246
487.256 683.199
707.608 646.412
787.122 277.44
506.676 711.639
947.153 640.401
1007.9 264.179
755.732 250.792
889.844 216.733
605.247 128.466
1007.74 545.38
554.164 131.936
919.302 228.34
815.827 626.887
881.781 309.726
780.513 483.529
595.96 148.056
957.336 722.845
1025.71 481.248
895.581 213.112
769.836 771.596
1053.63 495.973
1091.79 471.969
994.749 198.257
895.954 383.079
926.581 394.342
949.062 378.149
333.359 360.409
319.87 358.902
333.461 454.429
669.28 255.256
878.214 207.717
823.37 649.639
798.83 499.149
850.175 346.551
797.862 524.281
976.421 623.26
959.531 168.211
280.696 586.62
994.599 257.344
396.626 615.203
1004.65 195.766
755.274 475.252
636.294 630.669
897.449 613.591
702.343 656.649
832.663 396.414
961.605 561.19
845.585 606.343
1393.35 881.144
401.433 383.742
692.646 715.404
1133.73 704.996
563.399 135.741
903.553 524.482
883.269 290.855
876.648 211.898
935.035 387.323
1056.01 580.374
340.001 632.121
1056.82 210.975
553.366 673.236
653.103 248.955
412.365 685.104
714.276 751.721
577.747 125.935
881.41 141.078
998.456 190.089
363.814 669.674
1079.72 374.822
768.965 475.985
405.321 532.4
943.377 233.053
441.978 452.426
1276.87 659.18
818.301 451.134
1072.06 370.321
406.284 624.391
973.261 757.31
1178.07 641.523
546.296 135.855
1124.09 237.114
785.311 674.332
772.927 479.732
712.144 114.774
845.697 315.244
907.138 214.676
317.581 584.841
619.809 149.626
1205.68 252.849
1088.47 444.439
945.762 231.419
1297.18 652.1
786.78 487.884
375.513 354.621
927.362 530.062
543.652 137.645
595.859 148.895
1178.7 469.764
969.444 553.745
331.171 387.804
686.957 237.9
693.616 643.177
331.221 624.927
1088.09 439.527
669.573 270.291
603.368 148.736
376.741 656.238
915.9 215.696
827.072 636.42
497.663 376.454
1192.08 523.029
845.631 191.085
893.829 572.385
631.337 149.936
383.702 382.354
986.89 703.668
918.851 225.612
864.513 198.36
989.139 244.766
787.661 757.178
946.793 165.95
853.544 295.938
831.698 170.255
1152.89 763.51
772.585 517.966
271.135 593.899
682.118 244.701
815.827 626.887
937.099 398.408
287.784 616.686
873.914 210.434
1224.62 685.768
1032.17 269.932
667.335 636.715
863.519 370.12
474.753 648.21
786.075 498.589
943.529 761.267
917.475 528.048
636.527 628.24
950.047 325.974
598.171 685.247
461.403 670.814
931.503 364.401
273.262 610.304
674.763 128.431
846.702 374.696
441.726 633.746
587.643 675.914
865.201 124.587
782.963 484.506
958.628 236.725
801.497 338.42
1004.13 362.214
731.993 315.587
546.221 435.968
832.132 303.115
1111.31 801.319
546.221 435.968
883.051 145.529
616.84 749.325
342.379 377.119
418.286 687.272
931.229 339.095
492.598 680.706
1115.29 459.125
487.256 683.199
684.241 740.102
1012.02 369.369
655.103 262.079
810.793 486.299
604.251 127.256
944.733 408.076
1065.96 213.109
892.046 627.133
727.306 295.887
703.71 428.652
934.786 398.443
1113.36 422.729
998.456 190.089
758.181 481.581
1105.01 673.363
966.296 318.713
863.85 202.491
327.222 379.244
399.888 467.185
597.745 710.146
674.888 144.749
951.811 662.925
964.191 319.141
766.922 237.482
918.762 222.017
277.278 641.653
643.238 126.862
1134.06 700.449
1120.19 436.802
924.157 222.482
966.296 318.713
688.953 329.771
999.564 364.597
405.321 532.4
1092.24 462.615
850.721 189.51
923.069 227.101
956.22 724.697
978.668 717.697
786.759 520.289
843.018 278.907
1018.65 269.216
802.545 352.111
807.805 258.866
1149.91 621.781
936.325 222.918
782.147 504.264
736.412 787.643
606.531 149.62
952.121 177.548
1057.02 412.533
1051.59 578.955
837.199 629.062
1144.52 738.794
899.379 378.119
336.173 395.29
1117.02 517.039
1014.45 267.086
1052.74 207.945
229.904 228.494
994.154 199.213
1090.15 458.545
349.127 634.641
926.165 282.774
736.122 319.586
1114.89 456.928
854.925 634.242
602.8 714.155
1028.2 269.37
903.415 214.977
595.973 132.033
965.808 560.339
1063.27 498.765
887.728 136.33
1089.82 473.836
954.127 530.792
880.219 207.705
704.144 645.46
931.772 538.75
1044.78 667.897
636.688 145.71
853.892 366.472
945.635 229.629
925.061 162.212
810.031 344.277
305.493 355.213
714.029 707.303
541.328 137.146
880.028 204.081
1165.21 803.299
846.908 398.137
361.263 608.147
781.933 239.804
752.828 233.434
331.171 387.804
896.662 374.12
609.534 125.979
886.279 140.073
319.355 585.662
757.237 652.827
684.241 740.102
1179.41 470.065
390.86 678.334
285.885 584.166
1195.6 628.396
1053.63 495.973
889.029 142.106
342.291 365.667
666.855 265.589
779.726 688.369
408.151 385.458
847.108 272.141
893.964 216.108
986.89 703.668
928.082 527.461
342.379 377.119
732.742 318.639
1173.1 435.982
502.089 657.335
862.229 626.153
915.593 395.966
958.868 702.381
638.063 313.148
658.093 735.837
832.259 393.594
946.116 237.536
655.222 280.172
180.518 212.759
996.968 251.131
624.272 129.527
777.057 317.203
896.388 387.173
1241.23 744.368
965.755 556.969
1192.84 523.221
616.375 123.408
287.939 575.861
594.648 132.14
820.365 659.217
555.903 139.733
654.425 734.745
803.471 291.577
534.606 720.752
1022.95 262.113
1072.62 570.443
486.622 374.754
975.066 542.351
764.408 499.864
796.565 521.47
960.439 373.176
967.582 308.728
1193.08 559.267
648.158 246.487
627.786 133.736
596.719 129.655
886.264 357.122
946.255 315.13
581.525 137.944
1214.62 679.115
403.421 530.419
1127.27 450.726
918.86 293.449
806.728 531.596
464.889 704.153
774.317 509.873
839.78 394.226
642.856 260.783
917.364 287.176
751.24 501.4
1033.32 199.767
770.17 250.652
602.631 124.683
759.766 659.37
1182.62 650.396
346.156 378.704
850.202 201.827
704.015 208.88
942.412 556.841
927.362 530.062
306.8 594.929
860.676 625.983
777.296 505.165
1208.21 636.831
769.579 742.216
557.446 674.721
770.918 521.463
557.644 417.184
729.938 320.705
847.44 273.261
338.355 367.796
762.996 510.825
701.192 330.924
993.937 501.577
262.85 611.178
1066.36 213.739
969.798 245.118
828.522 393.111
557.432 131.704
845.624 321.767
641.776 148.319
175.243 211.409
1191.53 631.155
1026.51 196.598
1092.62 223.917
751.433 656.676
756.649 316.819
492.802 713.148
556.409 129.333
1020.26 262.927
816.611 253.76
544.333 135.229
1047.72 647.563
427.399 672.859
952.612 391.212
759.611 318.991
902.282 301.241
614.316 133.114
793.988 248.459
312.905 594.87
640.163 637.795
1011.78 258.183
896.89 219.398
920.252 354.58
1059.74 208.917
1038.69 203.763
255.327 625.291
256.89 622.24
361.778 341.343
428.635 462.276
765.22 234.157
687.825 651.913
364.831 609.216
1133.77 699.589
770.234 745.705
703.372 176.039
336.173 395.29
336.173 395.29
578.255 736.741
982.462 248.153
951.765 533.239
959.487 526.966
745.777 759.71
1020.16 567.092
762.77 649.424
789.266 662.41
939.376 538.132
838.129 392.747
923.708 591.241
587.513 127.437
1203.6 628.251
1096.96 455.123
953.243 354.436
633.902 124.789
1243.24 748.257
948.446 342.403
920.268 157.862
422.545 542.415
955.19 657.26
1133.73 704.996
688.118 741.282
423.753 684.764
753.883 468.918
941.851 164.892
443.048 629.73
776.326 479.239
599.942 127.138
897.449 613.591
565.726 136.397
1128.64 354.617
956.174 234.711
977.016 251.777
291.576 576.66
189.544 215.575
553.366 673.236
919.694 398.163
600.145 126.334
815.168 200.808
632.787 620.884
1016.14 193.441
944.483 234.275
459.827 674.583
917.785 158.796
333.977 359.611
667.335 636.715
984.89 254.016
434.749 428.206
640.375 643.358
669.282 248.658
616.375 123.408
853.254 195.934
631.765 144.344
692.1 645.358
691.63 654.163
999.842 190.644
956.215 240.731
281.07 573.599
773.808 517.443
683.265 754.809
411.075 536.282
836.103 394.194
1221.7 674.438
990.804 250.469
923.541 528.804
790.037 730.78
623.287 726.846
851.556 290.882
909.535 220.578
926.434 222.818
646.215 121.335
1113.38 502.151
1216.33 749.052
929.591 712.189
556.409 129.333
1020.88 268.376
808.158 486.877
773.364 484.736
947.87 234.302
835.889 390.907
836.021 394.219
512.38 381.302
898.258 153.769
990.838 260.262
915.593 395.966
941.944 533.769
940.386 173.423
1096.96 455.123
982.462 248.153
946.94 174.935
1010.6 265.935
728.206 657.091
1068.74 353.316
767.189 456.301
1127.27 450.726
771.044 483.916
915.296 229.044
498.219 655.873
1132.79 414.812
1031.16 392.748
841.272 390.762
879.128 832.819
878.184 153.218
890.803 216.728
913.085 393.427
873.291 353.008
693.086 654.534
562.167 129.743
518.889 687.293
1158.87 342.996
727.306 295.887
654.207 247.277
1201.31 252.322
1054.02 571.525
777.331 506.882
1301.72 647.784
820.365 659.217
925.372 526.91
880.216 205.42
531.65 695.337
918.308 522.48
752.621 500.819
1150.79 666.887
562.442 131.816
930.44 528.68
829.69 647.065
1189.68 638.39
1026.2 262.65
1134.02 749.172
783.006 239.876
346.836 439.625
899.128 363.736
701.883 645.139
394.763 535.881
732.915 112.042
845.761 303.143
866.483 200.231
783.328 477.885
856.381 288.424
948.101 239.403
730.504 659.678
953.219 352.773
779.726 688.369
665.285 141.692
414.422 538.921
174.147 211.311
518.945 648.48
895.545 364.834
1075.38 547.13
573.376 426.533
612.741 127.665
977.532 250.977
801.808 524.659
786.844 247.679
938.746 229.529
748.943 507.798
343.881 663.301
922.028 222.086
1193.59 560.625
947.203 361.911
919.46 154.871
604.652 698.237
660.869 716.336
955.126 544.518
638.128 639.73
863.519 370.12
1048.38 499.478
1021.95 396.681
580.66 127.25
919.812 353.139
927.539 222.943
783.684 530.146
876.888 359.31
661.274 638.253
623.328 126.451
1192.84 523.221
1100.52 460.875
314.148 155.145
1052.6 357.271
320.644 370.886
1325.9 628.942
1003.66 329.147
565.726 136.397
777.91 460.787
281.962 575.675
962.631 335.929
416.766 629.865
611.868 229.567
991.466 257.251
972.777 521.114
1393.35 881.144
782.529 399.276
895.034 281.709
414.422 538.921
632.658 625.053
558.847 734.61
305.193 602.862
696.575 330.557
1051.29 505.198
761.32 499.24
580.247 673.629
383.449 364.323
912.274 220.015
949.062 378.149
988.182 186.529
827.651 390.754
403.101 652.129
782.389 468.193
876.293 375.507
1020.83 675.055
824.856 391.758
1168.95 705.134
732.742 318.639
1040.23 201.15
331.311 356.209
785.193 517.176
639.913 273.039
638.289 637.298
689.351 643.759
897.573 211.73
589.287 453.813
596.729 128.701
653.103 248.955
1089.14 439.432
913.085 393.427
425.893 545.455
959.748 351.657
876.976 274.723
784.239 481.273
536.665 725.403
1146.8 577.054
760.92 480.181
719.038 434.686
855.318 191.777
642.085 260.597
630.966 130.41
513.806 689.672
310.758 654.801
960.907 679.272
750.873 503.309
283.511 571.648
743.268 761.088
852.051 201.74
846.435 395.32
821.938 355.552
754.932 629.346
424.654 693.144
836.745 169.025
647.296 129.236
1109.67 429.334
752.828 233.434
912.307 368.817
304.181 650.289
334.313 452.396
956.553 364.802
820.527 390.892
541.328 137.146
947.196 168.894
886.786 275.757
1028.75 395.963
1095.06 463.847
670.265 270.102
208.304 221.392
434.147 517.661
1029.35 273.064
758.66 254.963
990.269 376.717
348.428 378.153
1015.81 262.047
652.354 623.764
994.947 185.367
1056.82 210.975
354.843 640.633
763.226 505.788
1000.84 253.704
619.178 126.797
1204.76 625.187
791.851 523.874
852.25 370.647
960.572 561.441
1055.05 783.571
970.172 173.407
546.816 138.905
369.851 352.404
552.661 664.771
612.469 149.476
883.594 381.228
617.744 129.114
992.714 256.84
405.321 532.4
954.977 531.704
622.134 217.128
1067.08 417.229
792.886 517.119
1236.67 678.587
766.108 244.712
761.32 499.24
928.212 377.509
893.784 212.185
704.132 656.854
553.946 659.746
964.129 335.938
748.05 459.246
785.178 491.068
782.206 500.902
1189.68 638.39
747.41 447.133
1147.08 578.019
512.342 698.162
1178.19 636.619
849.868 195.345
945.854 238.486
980.234 319.815
858.68 706.082
392.245 680.882
1038.64 655.643
1188.19 765.997
367.247 346.589
429.28 549.516
909.482 216.47
928.503 530.551
373.018 354.278
797.975 670.775
792.94 515.278
361.962 326.848
617.091 718.76
744.824 506.619
1111.05 458.662
916.276 154.45
935.429 227.987
878.184 153.218
675.911 267.54
1193.08 559.267
583.663 680.742
286.738 644.803
1240.67 664.862
617.394 148.848
1114.15 553.671
747.41 447.133
378.921 359.77
605.396 125.755
899.633 674.591
545.628 391.811
774.867 486.264
1034.55 269.939
418.392 626.24
982.462 248.153
328.834 381.11
1192.23 639.126
792.94 515.278
758.33 631.719
963.724 525.874
830.178 390.407
856.846 203.713
587.751 713.214
879.313 364.612
960.62 335.936
931.894 230.43
833.497 391.738
595.859 148.895
808.607 502.724
687.825 651.913
1033.89 275.667
909.198 393.257
290.206 247.925
574.046 658.13
1075.01 545.704
391.146 608.322
779.39 453.718
957.232 373.602
762.691 479.556
757.197 232.53
797.975 670.775
722.305 660.39
891.599 340.556
914.949 520.647
345.694 659.639
631.684 133.61
708.561 327.361
614.349 125.983
1020.26 262.927
755.569 244.292
546.724 696.24
326.489 147.381
647.208 609.37
630.303 211.098
670.057 251.321
764.44 238.956
974.449 247.04
816.44 386.583
691.312 712.799
927.368 379.125
647.393 641.858
560.859 136.787
620.441 646.47
1119.96 234.358
595.973 132.033
769.261 471.943
1021.95 396.681
912.274 220.015
974.796 241.208
784.085 483.038
763.123 452.821
970.652 235.095
819.473 264.686
782.963 484.506
987.7 259.759
915.589 163.78
957.915 546.73
562.724 729.777
387.822 616.633
535.426 130.932
905.735 522.779
876.976 274.723
407.129 513.792
263.612 637.304
910.811 517.312
980.01 548.053
848.095 333.957
661.274 638.253
982.462 248.153
959.728 239.074
1045.59 358.852
828.15 629.725
827.288 677.312
1090.09 565.854
687.167 639.877
809.785 491.151
785.178 491.068
921.117 530.331
670.146 635.144
348.428 378.153
252.7 635.789
858.19 321.856
864.463 269.416
1298.79 649.342
1050.29 822.32
893.145 372.095
1033.6 266.683
762.011 469.631
1093.29 449.211
968.612 240.668
968.873 526.515
760.821 474.149
924.895 157.243
636.527 628.24
354.843 640.633
751.175 510.304
406.864 385.055
768.089 475.4
759.655 485.771
775.396 192.73
675.364 264.255
776.622 498.607
968.532 334.121
984.546 254.906
898.768 222.31
923.61 232.136
413.113 628.794
951.811 662.925
828.113 395.116
904.984 605.006
893.8 429.349
834.238 604.131
847.02 201.035
784.346 469.113
937.218 720.254
1075.42 215.262
597.745 710.146
353.791 638.16
779.417 724.192
810.43 629.103
285.835 646.771
1102.35 463.837
1096.82 223.662
562.335 133.115
686.763 738.768
1038.8 264.494
229.904 228.494
771.941 745.625
316.891 624.377
635.84 266.993
768.913 258.948
1013.21 199.771
962.406 529.141
538.521 128.418
1086.52 560.57
819.049 653.993
949.524 332.98
385.694 376.801
847.02 201.035
823.546 392.228
1294.01 563.735
758.735 478.393
914.347 310.874
911.901 216.679
843.006 398.538
899.23 148.325
996.771 370.84
1006.98 333.104
892.337 341.901
942.667 238.12
714.276 751.721
449.118 668.893
470.197 638.584
665.354 247.985
970.4 542.719
1003.28 181.201
782.134 528.151
759.349 494.228
851.556 290.882
759.987 508.516
617.074 127.245
352.787 395.789
952.31 232.711
335.987 662.777
304.789 616.4
1209.23 636.657
958.637 307.14
773.976 234.384
1036.63 270.19
757.762 475.008
715.445 655.44
278.847 577.926
874.708 355.241
808.607 502.724
1102.51 567.231
251.588 637.373
1095.76 370.768
950.994 240.874
885.881 613.511
699.193 715.296
980.863 245.465
282.706 577.213
596.729 128.701
747.448 293.273
886.526 333.954
792.886 517.119
661.395 250.456
829.935 547.133
762.651 398.132
860.676 625.983
554.164 131.936
1042.2 485.154
373.791 355.852
688.786 412.573
942.732 532.107
637.416 133.694
698.078 142.65
698.964 451.94
769.256 739.677
868.658 204.989
766.157 259.237
607.648 150.007
1250.62 646.541
416.766 629.865
985.371 331.417
424.662 687.255
594.244 152.677
605.247 128.466
656.905 733.339
1019.35 263.087
772.906 497.649
894.765 151.196
907.272 215.99
869.247 202.988
343.868 380.228
993.658 255.215
772.585 517.966
975.763 316.202
911.901 216.679
940.634 232.652
786.912 244.899
640.746 261.935
593.772 424.172
416.766 629.865
976.714 307.026
975.556 318.899
931.181 527.486
747.448 293.273
797.59 268.746
1201.31 252.322
842.783 595.172
969.444 553.745
1109.67 429.334
1287.76 670.358
854.925 634.242
485.242 692.376
907.963 546.935
776.75 730.893
929.229 220.282
820.733 252.208
585.615 136.186
935.14 527.434
684.232 446.171
944.113 406.691
334.639 599.798
785.39 487.174
559.572 136.793
1072.06 370.321
823.731 652.365
878.365 378.973
1058.35 211.315
585.819 741.139
399.206 683.136
899.516 149.171
655.787 123.261
659.41 732.13
545.21 699.762
941.596 529.363
773.763 680.782
1114.26 445.385
754.247 251.451
809.251 259.125
989.644 261.412
783.835 470.188
1012.34 332.037
375.974 361.312
516.71 419.532
851.947 188.04
867.384 206.716
1268.51 663.595
896.388 387.173
695.966 332.81
983.661 245.766
912.274 220.015
794.316 506.315
600.247 715.294
323.784 379.625
948.446 342.403
844.671 341.086
699.193 715.296
830.958 614.362
777.296 505.165
618.315 651.448
869.981 369.318
1137.6 434.026
910.811 517.312
633.347 631.722
262.877 641.219
264.35 633.431
654.207 247.277
908.483 219.444
1137.73 578.452
290.294 615.708
923.069 227.101
1124.89 614.603
772.391 770.24
303.088 619.784
679.465 643.852
1075.38 547.13
894.808 155.372
804.967 495.937
524.805 662.095
489.325 639.234
405.276 657.101
802.813 521.347
881.398 148.757
1051.66 205.827
376.204 643.38
769.317 312.443
772.769 749.221
930.138 157.772
393.72 622.271
358.031 334.194
472.87 706.833
1114.89 456.928
767.283 345.007
615.619 746.868
1026.87 195.665
977.757 538.64
931.331 237.405
617.226 152.656
757.365 406.321
799.321 514.246
955.68 555.042
617.074 127.245
851.947 188.04
908.263 389.352
1014.09 259.753
783.618 657.647
657.467 213.076
971.589 321.075
943.377 233.053
762.051 515.044
1027.08 263.759
1072.62 570.443
877.507 154.135
635.582 127.349
944.092 578.18
757.762 475.008
783.8 498.645
1001.56 547.844
915.681 554.16
1107.94 463.23
878.067 143.943
896.64 615.665
285.883 382.129
535.426 130.932
994.947 185.367
782.119 236.707
1113.34 231.289
878.165 365.43
885.268 205.597
1254.33 654.155
560.921 700.779
826.161 647.904
765.666 654.67
404.407 531.118
326.27 627.307
915.83 227.022
325.794 349.989
609.287 684.839
978.192 637.399
1111.31 422.837
843.173 394.998
768.299 505.391
927.293 430.827
852.821 376.524
657.365 120.79
927.088 530.841
957.993 324.999
838.332 396.673
626.301 140.22
652.354 623.764
936.315 237.812
860.676 625.983
698.078 142.65
855.318 191.777
374.283 353.269
1270.66 660.705
841.874 386.022
825.04 250.566
174.147 211.311
842.809 403.84
914.911 597.483
883.445 208.493
784.085 483.038
704.647 142.049
896.784 210.821
978.81 552.291
619.809 149.626
974.844 519.77
284.15 587.739
789.957 477.941
394.228 380.485
1114.76 450.926
952.643 360.617
839.702 323.117
1250.62 646.541
562.862 134.081
723.696 172.776
883.051 145.529
588.103 372.47
990.798 505.267
518.436 380.476
770.344 498.932
287.013 586.319
350.361 397.249
365.876 340.087
949.726 657.348
684.199 746.26
491.285 678.356
378.148 364.173
906.815 597.56
1069.28 222.406
662.794 270.19
421.028 517.839
879.656 372.26
1103.24 369.159
923.858 159.827
616.484 122.868
776.326 479.239
445.279 634.828
433.771 550.184
546.142 435.836
1045.46 583.259
690.505 406.032
578.857 688.424
981.222 351.985
882.533 140.052
887.527 215.457
1132.14 309.278
997.648 193.599
755.569 244.292
689.162 324.701
644.043 144.144
462.75 667.25
908.203 147.923
1210.81 639.834
952.991 388.996
900.584 213.653
876.74 201.172
1013.14 574.563
676.951 333.183
865.435 202.841
962.104 172.396
454.896 694.853
995.545 347.051
414.422 538.921
621.852 151.764
847.539 196.944
327.846 623.783
770.17 250.652
608.127 152.953
750.697 657.141
989.242 254.54
868.29 272.382
765.304 740.879
750.961 644.102
823.731 652.365
639.777 692.301
768.571 236.601
378.322 648.106
554.164 131.936
724.61 633.803
783.006 239.876
548.952 412.868
709.287 184.051
1051.29 505.198
1093.8 224.524
777.249 528.358
328.142 148.625
968.197 247.298
990.351 555.691
541.307 351.672
553.054 417.27
980.506 645.716
637.416 133.694
767.104 732.816
1037.66 354.452
472.992 500.869
860.793 370.87
983.729 552.316
925.605 156.219
971.825 249.86
352.787 395.789
981.222 351.985
787.645 279.278
1146.69 407.41
635.485 197.56
573.154 424.298
429.056 549.422
787.705 478.719
553.721 667.296
912.407 296.333
907.331 291.53
634.76 193.475
1022.62 267.443
992.332 505.234
885.881 613.511
1239.93 671.637
925.789 221.373
979.646 544.853
968.349 546.586
919.46 154.871
886.889 147.055
764.136 501.582
913.085 393.427
986.02 381.528
1125.73 450.872
884.334 213.715
823.512 654.309
283.379 585.353
376.985 360.657
842.809 403.84
748.433 252.878
673.568 697.306
541.197 135.386
787.122 277.44
907.451 390.787
825.859 655.283
886.492 339.642
387.51 545.465
1003.06 192.055
342.117 416.806
774.148 500.968
770.401 480.893
927.861 233.277
930.081 232.615
745.435 507.162
690.314 649.361
1013.21 199.771
1117.43 459.315
747.823 246.301
949.942 235.583
1037.2 265.029
886.526 333.954
988.427 256.137
534.606 720.752
759.819 514.87
661.41 638.872
529.761 659.652
983.661 245.766
658.921 284.914
734.299 317.795
993.658 255.215
764.408 499.864
877.147 211.098
945.646 533.932
414.422 538.921
976.41 626.266
1007.76 546.17
664.207 251.116
1204.7 600.552
773.217 510.824
641.603 687.192
888.169 567.737
328.773 626.137
828.986 305.034
859.107 296.134
902.399 218.364
562.167 129.743
298.357 353.087
797.929 522.627
1066.31 210.753
323.784 379.625
841.469 372.871
1006.98 333.104
1103.51 455.34
900.352 219.29
1195.62 524.368
896.64 615.665
668.955 266.822
1259.24 634.199
1296.26 593.581
896.662 374.12
774.041 510.703
857.762 203.553
835.236 604.335
789.742 485.372
982.462 248.153
647.788 628.205
940.629 280.424
598.583 131.305
730.586 418.954
903.662 597.949
758.735 478.393
1125.64 239.689
856.442 325.906
1024.67 198.866
290.506 595.359
918.344 395.786
874.817 376.009
1130.26 414.512
834.724 631.756
847.83 349.568
1173.92 311.619
748.604 297.498
762.011 469.631
1056.01 580.374
819.472 387.118
1113.34 231.289
808.657 532.662
778.874 736.757
697.629 712.829
1224.43 630.659
418.392 626.24
451.189 693.661
1066.36 213.739
1237.52 631.899
1196.98 458.955
1156.17 271.495
590.666 458.144
1133.57 419.484
1033.71 269.015
1074.76 363.627
369.419 359.73
968.873 526.515
750.961 644.102
1105.01 673.363
653.103 248.955
1088.5 474.176
913.313 601.402
1174.29 312.476
664.102 249.274
395.147 609.373
889.029 142.106
807.805 258.866
843.127 397.361
595.082 717.77
827.072 636.42
814.906 636.162
1095.08 456.972
772.927 479.732
363.423 384.861
790.784 248.719
299.67 618.694
1103.13 456.251
608.068 682.351
857.426 190.277
819.305 632.978
914.484 670.033
290.506 595.359
926.794 224.696
793.988 248.459
1122.94 607.149
625.126 632.905
1089.87 642.592
807.805 258.866
540.361 354.229
871.562 628.985
1234.91 661.178
1296.26 593.581
379.162 382.497
1069.28 222.406
889.952 208.72
841.938 611.143
1088.6 373.526
953.542 177.97
562.862 134.081
886.831 207.812
769.352 737.217
942.389 578.33
689.237 743.742
716.562 658.645
301.651 587.256
864.696 392.561
623.328 126.451
508.174 378.93
1124.82 425.089
1171.88 646.653
557.432 131.704
946.045 361.998
605.141 126.748
363.652 395.159
940.634 232.652
863.92 624.954
520.68 722.203
665.285 141.692
1034.55 269.939
543.454 137.047
864.316 154.327
803.271 338.834
1173.06 267.151
1117.75 439.693
596.719 129.655
652.025 271.595
445.279 634.828
916.902 218.897
815.748 654.175
747.86 323.742
520.816 671.929
1287.76 670.358
526.625 651.113
284.15 587.739
923.316 349.554
1091.93 461.946
660.617 253.655
712.131 327.538
773.808 517.443
875.836 150.743
686.669 141.19
876.402 205.737
765.805 511.746
582.675 134.444
910.811 517.312
942.667 238.12
873.146 205.047
1096.96 455.123
795.119 511.008
1192.08 523.029
1040.84 498.436
785.56 250.539
730.313 309.019
943.511 575.112
1275.19 655.804
998.456 190.089
754.739 632.495
650.595 259.96
1000.78 187.569
758.459 628.817
939.753 718.748
369.914 341.631
334.639 599.798
1036.63 270.19
999.707 538.308
1124.09 237.114
758.541 515.403
745.777 759.71
692.204 329.723
955.19 657.26
376.985 360.657
1159.05 417.115
907.181 347.397
786.693 249.187
785.996 660.09
583.39 132.965
869.247 202.988
982.056 361.564
783.596 262.754
777.173 474.283
695.831 324.251
812.317 534.121
1211.47 637.42
824.991 290.835
1070.6 216.287
643.677 255.844
1109.65 231.871
922.227 156.604
841.654 395.419
1102.51 567.231
809.433 539.294
303.088 619.784
1320.19 628.945
730.313 309.019
1024.9 269.098
1012.6 501.838
520.588 382.959
1244.16 669.136
993.882 251.121
969.798 245.118
894.591 212.51
934.591 232.915
631.689 637.729
895.581 213.112
1063.78 220.098
938.704 398.164
1033.89 275.667
471.799 633.749
756.185 509.768
819.932 648.202
542.243 140.415
1224.62 685.768
761.618 212.804
1066.17 408.94
884.951 357.696
757.365 406.321
1186.09 521.375
946.255 315.13
919.121 394.334
857.799 287.783
1174.33 753.282
1269.67 568.077
674.413 767.775
864.316 154.327
965.554 567.268
926.346 234.668
963.252 328.289
658.247 279.564
817.472 234.906
949.981 233.121
606.531 149.62
653.799 250.479
795.488 237.252
1053.34 213.242
857.097 363.58
516.71 419.532
747.823 246.301
865.772 286.955
383.372 382.428
585.573 423.825
719.66 657.129
923.722 531.922
1197.05 254.093
984.744 803.334
559.674 704.28
917.808 526.574
337.266 457.16
853.048 766.246
1124.19 615.868
952.671 168.923
773.835 482.152
872.294 350.594
1294.01 563.735
499.811 652.154
891.27 578.71
833.476 394.135
437.569 622.678
1230.9 490.702
1024.67 198.866
848.827 201.829
1052.6 357.271
330.943 367.818
945.762 231.419
1117.02 517.039
637.581 634.835
953.172 536.858
884.719 142.515
1111.13 423.058
1020.16 567.092
971.551 240.961
649.099 630.05
336.173 395.29
758.325 495.893
623.194 749.217
754.637 495.425
926.434 222.818
876.402 205.737
953.113 542.236
1158.53 486.634
672.047 266.516
766.291 234.269
769.027 748.847
1007.02 374.724
941.773 576.041
714.959 116.317
814.875 815.091
670.056 247.84
869.98 201.708
820.766 654.935
771.67 251.685
955.126 544.518
1161.46 697.254
676.093 265.85
1016.21 268.159
870.148 278.187
553.054 417.27
1115.19 232.086
369.851 352.404
282.092 595.777
543.652 137.645
993.199 257.966
784.668 503.324
1172.68 692.995
443.743 448.419
753.734 734.711
686.716 654.552
875.836 150.743
1057.77 207.838
782.539 473.762
634.239 144.816
633.133 625.649
769.758 356.723
851.684 190.805
296.113 364.657
708.887 177.863
989.242 254.54
973.782 638.418
795.193 672.164
329.113 385.012
1320.19 661.54
650.684 271.065
877.337 433.19
968.349 546.586
788.929 481.205
795.839 470.389
895.839 209.432
324.342 354.621
781.115 515.441
794.171 535.047
864.112 205.653
993.8 373.724
1032.68 199.084
1210.81 639.834
823.731 652.365
1012.02 369.369
732.871 319.31
1054.02 571.525
563.867 732.196
835.889 390.907
895.581 213.112
931.76 540.612
1092.15 680.361
443.866 638.34
1094.83 222.983
949.524 332.98
966.38 244.968
674.908 245.501
450.43 632.34
487.81 677.219
778.596 502.926
702.911 276.624
1006.58 339.082
634.608 124.24
444.947 625.162
802.729 671.419
844.725 199.52
801.497 338.42
824.416 298.956
949.078 312.85
689.316 164.245
758.459 628.817
638.063 313.148
604.104 132.129
340.87 599.729
874.446 318.273
878.354 377.149
976.262 527.991
954.09 168.186
667.71 274.166
878.365 378.973
1175.09 697.898
925.513 234.987
512.342 698.162
994.321 191.934
257.838 620.037
950.926 659.231
766.013 232.334
1113.82 605.707
920.565 218.559
764.408 499.864
995.588 196.29
641.65 132.345
870.585 630.131
782.206 500.902
703.141 189.079
867.384 206.716
898.494 218.569
1119.66 618.389
842.74 630.255
684.617 611.357
809.251 259.125
1012.6 501.838
920.217 377.179
681.114 425.879
466.772 395.493
559.797 667.147
1113.76 604.452
999.616 258.974
807.367 213.404
1205.68 252.849
865.772 286.955
1132.79 414.812
1138.42 663.647
748.604 297.498
1024.98 644.204
670.146 635.144
1298.26 587.246
542.698 701.081
1112.2 452.352
945.694 313.627
844.35 278.378
998.456 190.089
1268.51 663.595
383.702 382.354
1196.18 644.344
944.341 551.282
912.307 368.817
435.118 694.664
354.985 394.524
831.817 256.985
1088.5 474.176
990.269 376.717
658.247 279.564
1198.98 635.325
1118.12 423.96
784.005 663.805
639.702 257.848
892.095 315.804
1219.88 655.375
931.894 230.43
763.12 497.964
732.871 319.31
651.08 261
1105.17 429.251
851.133 367.864
506.676 711.639
363.191 368.07
661.824 127.813
438.685 645.696
667.196 249.667
639.624 276.564
856.29 639.098
888.328 143.658
886.787 139.115
1013.95 252.532
421.866 617.765
772.139 481.317
256.869 628.76
397.265 678.279
505.929 542.545
846.057 365.225
891.972 568.62
924.895 157.243
909.482 216.47
789.742 485.372
934.708 171.591
1033.71 269.015
635.287 147.694
641.725 121.671
927.915 226.83
710.808 178.52
758.167 484.238
1113.34 231.289
329.126 388.246
902.474 216.518
793.719 483.292
817.498 728.317
642.329 640.247
1081.3 684.827
1168.7 636.107
643.983 119.875
583.39 132.965
372.42 354.178
870.022 208.566
885.161 634.689
847.634 767.668
843.369 200.647
1105.8 465.288
747.813 321.116
1196.18 644.344
742.215 110.431
872.738 142.053
719.149 661.359
836.74 318.968
625.237 636.499
720.319 654.043
632.875 130.797
939.349 532.771
1002.92 197.843
705.185 208.854
932.655 236.354
905.368 566.68
731.634 790.15
647.788 628.205
403.342 532.408
833.587 612.825
929.942 223.782
610.951 225.05
705.506 327.751
830.958 614.362
711.569 141.039
853.199 318.686
903.864 159.659
956.912 169.228
783.762 496.409
624.626 630.214
544.163 128.576
667.335 636.715
731.769 666.464
1218.45 588.849
956.48 534.529
1196.46 628.424
997.957 262.622
820.527 390.892
339.25 603.169
1197.27 632.081
916.276 154.45
851.238 361.067
910.675 346.307
644.858 630.361
664.266 700.149
837.1 396.663
251.695 640.603
899.012 603.237
486.622 374.754
701.883 645.139
382.846 360.175
1120.78 451.707
564.694 131.697
382.063 358.848
380.879 356.989
1198.48 249.649
409.36 652.157
776.295 234.257
997.648 193.599
1155.77 690.192
883.35 203.859
767.815 738.295
466.772 395.493
765.671 749.085
1040.37 625.855
826.851 647.882
331.652 611.385
498.219 655.873
754.247 251.451
377.943 352.932
600.926 128.629
942.732 532.107
809.42 544.231
827.82 320.554
990.327 366.23
1049.33 504.311
1109.67 429.334
447.742 633.63
485.25 373.046
1107.09 649.861
354.225 399.733
941.604 232.082
383.853 674.181
970.916 241.313
765.138 728.584
932.877 575.821
765.256 311.2
917.688 555.602
713.273 118.379
916.195 219.885
759.413 500.847
266.272 603.929
557.272 668.412
672.908 266.912
886.526 333.954
979.146 519.549
919.694 398.163
757.762 475.008
805.386 502.091
670.056 247.84
848.614 289.763
1240.67 664.862
948.446 342.403
1203.43 251.093
862.043 203.659
312.281 177.356
634.439 130.279
868.8 322.012
763.137 236.387
1018.75 193.748
802.873 213.171
780.806 467.833
784.615 390.829
916.195 219.885
636.294 630.669
376.933 355.891
627.77 132.096
262.212 608.267
658.921 284.914
774.416 734.863
797.736 786.213
517.099 380.929
574.693 705.072
773.507 513.149
777.173 474.283
785.098 243.122
728.489 324.237
880.937 320.6
340.176 374.854
644.384 128.382
634.388 286.873
924.157 222.482
791.552 491.021
871.742 618.199
697.629 712.829
814.08 647.378
1108.38 448.269
960.725 334.329
897.449 613.591
651.185 625.06
931.339 168.673
950.047 325.974
941.68 395.467
1032.24 402.452
683.316 306.037
708.343 645.162
919.421 214.426
806.19 478.657
888.225 573.207
660.614 258.561
1081.09 481.122
1049.35 694.698
335.552 362.466
710.472 183.2
793.589 676.38
781.636 493.269
544.187 697.329
941.944 533.769
1204.76 625.187
760.507 507.676
582.59 678.343
908.383 154.371
893.888 361.297
977.016 251.777
461.403 670.814
881.398 148.757
786.898 490.032
834.376 390.413
900.337 280.171
806.591 495.411
1017.19 254.14
858.669 325.163
1093.8 224.524
708.678 780.815
770.05 510.311
931.176 377.246
1039.54 505.362
964.82 345.643
635.703 604.674
259.249 618.107
964.191 319.141
663.956 268.562
497.351 653.258
949.873 721.701
719.877 439.286
766.723 320.175
388.321 629.681
776.962 685.137
822.792 274.337
292.716 629.123
814.462 654.011
699.193 715.296
1237.52 631.899
914.347 310.874
857.038 283.899
688.295 641.906
637.598 626.024
606.965 336.604
829.424 304.182
364.122 344.529
331.551 388.411
411.325 418.615
283.379 585.353
707.343 778.373
850.175 346.551
842.809 403.84
968.808 551.563
811.056 275.293
634.76 193.475
1036.65 277.089
606.965 336.604
1103.22 460.878
808.793 492.037
343.3 665.127
812.278 262.884
617.744 129.114
1112.53 660.097
1172.52 792.44
1111.31 801.319
748.723 512.369
1289.16 723.257
614.901 130.949
869.566 209.198
414.422 538.921
557.446 674.721
957.993 324.999
640.746 261.935
718.252 207.754
889.228 284.763
834.723 398.037
332.307 396.722
941.604 232.082
772.422 238.376
358.031 334.194
841.654 395.419
614.024 125.109
594.527 130.037
430.367 428.396
784.989 245.623
1322.13 637.331
592.747 131.017
572.182 706.356
897.306 213.855
863.511 119.103
558.141 660.725
538.968 355.412
371.446 347.366
1040.02 270.025
1055.37 498.901
812.626 633.551
1111.25 482.302
917.364 287.176
765.756 650.266
618.315 651.448
546.724 696.24
634.644 132.758
648 601.89
319.2 369.494
411.081 682.858
783.684 530.146
1101.62 594.63
843.088 627.416
1015.14 645.33
837.411 716.648
844.481 196.257
654.318 125.862
1039.7 264.42
624.536 131.469
875.863 626.713
373.018 354.278
747.36 503.194
1205.14 637.287
1212.25 673.499
659.351 275.612
861.299 324.408
784.651 484.038
736.412 787.643
987.86 326.869
1250.34 664.254
347.388 378.969
791.32 527.707
517.026 419.191
670.672 243.227
1130.77 453.646
1249.94 646.66
1266.21 615.696
766.181 496.757
976.421 623.26
914.911 597.483
1120.34 438.184
1039.54 505.362
1320.19 661.54
678.032 186.159
638.205 267.455
1112.72 663.539
916.902 218.897
753.342 507.915
358.41 633.38
654.207 245.549
660.748 635.654
865.624 624.327
837.698 255.208
887.527 215.457
797.218 480.493
775.185 502.768
775.185 502.768
396.626 615.203
843.883 197.452
759.116 213.683
504.395 375.608
432.773 659.813
644.357 149.103
541.724 354.213
607.12 126.217
636.343 633.03
886.436 274.697
392.58 674.857
969.178 602.343
1035.03 262.271
1128.59 672.677
743.561 313.711
814.517 212.387
627.186 637.163
319.331 348.595
939.349 532.771
694.063 278.202
765.304 740.879
688.697 653.78
912.407 296.333
449.638 697.354
1056.82 210.975
1090.93 489.857
378.322 648.106
751.433 656.676
971.94 522.89
599.429 681.631
841.938 611.143
934.786 228.147
948.352 229.952
578.857 688.424
893.365 566.173
340.001 632.121
1093.23 224.135
811.928 259.746
1289.16 723.257
1013.54 254.993
659.745 247.071
1081.56 302.024
781.274 480.802
689.648 269.129
352.662 397.39
817.539 652.867
1153.12 762.199
661.41 638.872
501.509 537.355
517.38 690.762
589.255 709.589
747.172 291.817
823.107 266.744
879.646 321.045
865.435 202.841
751.714 496.887
986.144 257.035
723.128 655.781
665.354 247.985
624.536 131.469
562.335 133.115
993.573 855.767
757.831 405.438
666.855 265.589
998.117 192.185
819.049 653.993
527.148 660.864
750.444 245.818
931.503 364.401
256.869 628.76
765.164 508.872
893.8 429.349
1124.96 422.765
1036.65 202.954
768.965 475.985
668.955 266.822
894.147 148.179
936.612 306.518
768.224 226.799
394.228 380.485
1101.5 369.517
1322.13 637.331
376.402 375.041
923.858 159.827
741.816 324.391
633.347 631.722
949.818 169.663
1028.53 481.576
773.885 751.638
907.512 299.996
799.611 242.264
653.119 732.232
985.611 537.938
378.322 648.106
684.199 746.26
902.269 563.086
352.417 349.729
967.156 173.907
886.436 274.697
285.885 584.166
694.063 278.202
927.796 392.467
829.771 293.549
759.413 500.847
581.525 137.944
901.114 149.34
549.694 133.705
575.448 127.672
863.71 120.044
899.107 705.398
1244.16 669.136
878.214 207.717
1125.13 687.603
970.948 237.101
999.159 360.166
503.374 653.28
712.127 440.155
579.418 424.269
681.727 741.31
956.737 172.865
666.921 251.407
605.396 125.755
946.599 231.119
943.407 166.422
772.391 770.24
605.328 689.735
969.019 244.762
349.396 647.827
346.658 398.025
1136.08 413.305
695.164 270.798
905.721 347.888
796 459.758
786.898 490.032
944.113 406.691
285.419 314.06
383.372 382.428
817.319 176.207
1251.04 667.449
765.838 346.285
919.758 655.905
889.029 142.106
338.355 367.796
406.864 385.055
1036.65 277.089
1269.42 668.043
849.978 636.726
754.739 632.495
571.065 138.749
696.221 645.376
845.095 320.392
917.014 580.184
366.378 605.634
1280.17 641.366
1219.3 628.123
1040.16 347.648
912.593 225.883
935.195 159.768
863.92 624.954
582.675 134.444
927.362 530.062
774.416 734.863
944.483 234.275
764.078 255.137
771.044 483.916
1061.08 487.981
780.109 700.902
808.793 492.037
770.234 745.705
789.5 482.665
1034.55 269.939
901.909 373.9
606.863 128.366
562.167 129.743
364.122 344.529
802.255 496.313
895.545 364.834
930.224 236.832
442.323 646.7
1243.32 658.387
1036.82 878.341
328.219 410.888
617.101 755.249
662.344 253.486
873.797 202.312
663.754 127.645
1087.79 459.683
600.247 715.294
921.775 527.128
971.94 522.89
768.652 249.93
1023.91 269.447
1129.13 704.477
897.573 211.73
956.737 172.865
824.991 290.835
1005.86 327.785
837.698 255.208
849.407 668.162
834.699 292.07
854.875 324.815
544.163 128.576
512.765 687.283
773.885 751.638
290.506 595.359
711.569 141.039
909.975 712.338
850.552 313.155
654.766 119.418
838.086 256.576
889.85 654.586
1111.31 801.319
783.8 498.645
582.925 135.445
1046.18 501.271
887.881 578.53
788.607 671.861
945.332 578.353
1030.71 628.563
807.417 489.55
1037.06 276.334
1067.16 353.819
1247.58 663.632
634.928 287.543
945.749 235.484
673.166 771.249
755.34 234.265
254.549 640.066
901.243 314.298
985.611 537.938
893.639 360.235
888.126 278.802
875.923 276.31
644.836 255.637
887.607 216.236
600.247 715.294
621.693 130.193
689.162 324.701
1123.44 608.372
804.45 351.717
765.838 346.285
765.756 650.266
844.345 399.998
981.165 548.562
685.139 311.624
878.214 207.717
758.884 504.437
842.74 630.255
962.104 172.396
944.733 408.076
1009.98 252.724
688.953 329.771
893.784 212.185
1176.9 693.933
640.375 643.358
574.739 128.493
851.492 352.027
739.55 452.687
876.976 274.723
542.243 140.415
347.388 378.969
619.355 754.109
790.861 517.534
1047.28 203.583
910.443 155.42
1145.97 466.752
913.619 217.725
928.082 527.461
1004.37 188.678
765.278 653.921
993.952 188.315
630.067 125.702
817.539 652.867
380.319 360.157
839.961 655.957
1158.53 486.634
814.578 627.05
949.555 543.137
518.436 380.476
1268.51 663.595
1037.2 265.029
1072.89 215.307
864.588 633.227
1054.02 571.525
617.744 129.114
560.23 132.122
755.637 723.167
1027.24 687.624
762.996 510.825
937.099 398.408
793.781 522.202
1032.24 402.452
879.867 161.684
983.022 832.645
1006.46 251.945
934.816 234.631
363.198 323.091
860.815 198.812
667.7 284.206
983.826 550.278
693.051 408.059
1032.24 402.452
948.134 358.588
860.64 632.281
701.224 320.113
656.905 733.339
1063.27 498.765
821.39 386.625
695.831 324.251
942.404 164.962
646.215 121.335
753.474 425.608
656.905 733.339
777.331 506.882
