0.580912 -1.240807 1.793545 -0.178930
1.313366 0.244448 -1.196159 1.628624
1.399863 0.087532 -1.066744 1.499689
-1.238637 -0.324525 1.082367 -1.377553
0.119976 1.129296 -1.695552 0.553051
-0.997675 -0.369468 1.663938 -3.598985
0.700053 0.852461 -1.083013 0.811002
-0.969840 -0.542507 0.903373 -1.131040
0.232483 -1.221257 1.796626 -0.246599
0.699450 0.802166 -1.394113 0.844762
-1.104728 0.063708 -0.150262 -1.268477
-0.872865 -0.664805 1.499090 -1.263660
-1.055471 0.152354 -0.140775 -1.455370
-0.279956 1.004086 -1.154125 -0.271429
-0.384913 -1.095776 1.572759 -0.492998
-0.842667 0.683134 -0.760864 -0.818622
0.602790 0.875852 -1.222167 0.802498
-0.709580 -0.843902 2.143729 -1.149517
0.635959 0.893888 -1.190852 0.688326
0.223843 -1.055908 1.223676 0.160544
-1.101325 -0.086666 1.088637 -4.007573
0.707356 0.814672 -0.898443 0.686454
-0.546174 -0.941929 1.073514 -0.495309
1.062029 -0.019177 0.001590 1.074700
0.924004 -0.860325 0.609922 1.221656
0.840105 -0.920861 0.770038 1.056670
0.060478 -1.160167 1.375364 -0.211974
0.401510 1.021565 -1.234220 0.515277
-0.582839 0.903164 -1.099785 -0.502875
0.906204 0.784833 -0.690879 1.332464
-0.071629 1.068690 -1.370831 -0.030678
1.031395 0.416184 -0.625833 1.338362
-0.479271 -0.972582 1.131010 -0.538293
-1.136976 -0.058272 0.492581 -1.531040
1.136845 0.199773 -0.528000 1.257237
0.332057 -1.022068 1.321257 0.239237
1.054675 0.008068 0.016963 1.279136
-1.008144 -0.337705 0.527764 -1.232918
-1.108803 -0.103609 0.492349 -1.540065
-1.053200 -0.368131 0.575408 -1.249633
0.339951 1.062740 -1.365529 0.452261
0.347498 -1.030761 1.408504 0.283767
-0.990806 -0.406959 0.406959 -0.990806
-1.115341 -0.187960 0.531703 -1.509057
-0.183883 -1.473853 2.480560 -0.227598
-0.213032 -1.065256 1.266897 -0.470650
0.284845 1.021304 -1.487226 0.234321
-0.166804 -1.099932 2.018553 -0.162641
0.010649 -1.082611 1.386369 -0.125357
0.036277 1.080441 -1.233085 0.094498
0.201620 -1.046851 1.445127 0.189557
-0.023563 -1.052462 2.821736 -0.373530
-0.170561 1.152966 -1.270328 -0.013914
0.399057 -1.870806 2.192115 -1.735934
1.023274 0.186921 -0.272544 1.155014
1.080934 0.124832 -0.291810 1.235827
-0.198101 1.209788 -1.991879 -0.020487
-0.193570 -1.052714 1.829132 -0.251008
0.682401 -1.785456 2.636358 -1.456939
1.129415 0.406740 -0.471250 1.031954
0.857918 -1.147293 4.992708 -0.365866
0.120983 1.056112 -1.436857 0.138220
0.617250 0.851577 -0.997547 0.676618
-0.037040 -1.072857 1.227300 -0.083826
0.019588 -1.107387 1.370733 -0.064444
0.396467 -1.103750 4.832212 -0.276510
0.841643 0.749768 -0.828910 0.790394
1.040160 0.369931 -0.357624 1.009584
0.106348 -1.132144 1.252506 -0.037200
1.003190 0.235803 -0.329898 1.372023
-0.098891 -1.072435 1.668095 -0.006034
1.061619 0.058674 -0.080905 1.119652
0.267327 1.077731 -1.337181 0.176597
-0.090938 1.030615 -1.361437 -0.118460
1.165727 -0.126728 -0.070620 1.176189
1.035981 0.361545 -0.330585 1.043015
0.035894 -1.109910 1.401471 -0.066144
1.343733 -1.541888 3.429065 -0.661606
1.050301 0.208776 -0.281992 2.604276
-0.242071 1.034907 -1.467259 -0.267654
0.190367 1.094945 -1.084627 0.234552
0.743568 -0.867365 0.897509 0.637847
0.199630 -1.049834 1.188177 0.173730
-0.868723 0.731263 -0.827503 -0.824593
-0.006819 -1.035192 1.071573 -0.019760
-2.140505 -0.303676 2.460599 -1.328638
1.044907 -0.028844 0.010723 1.400069
-0.064491 -1.057783 1.268584 -0.104472
-0.097365 -1.085488 1.068254 -0.205102
1.142015 0.265653 -0.723984 1.442123
0.062593 1.062336 -1.390430 0.024113
0.065444 -1.081191 1.279714 -0.034829
-1.133344 0.893556 -1.074118 -0.661153
-0.063527 -1.069751 1.300101 -0.096585
-0.019730 1.073911 -1.304367 -0.024982
-0.015203 1.071109 -1.294331 0.083958
-1.848385 -0.581346 2.274236 -0.965678
-0.079249 -1.039767 1.045970 -0.059856
-1.089710 0.024700 -0.068752 -1.132702
-0.007415 1.120648 -1.758995 0.144194
-0.091216 -1.066851 4.225257 -0.014134
0.061041 -1.060233 1.299993 -0.044738
1.004784 0.583481 -0.397713 1.591481
-0.379236 1.003016 -1.349260 -0.360266
1.093358 0.678347 -0.096639 1.698228
-1.028828 0.056289 -0.069792 -1.092771
-1.070311 0.141577 -0.132172 -1.052939
-1.125447 0.075563 -0.026793 -1.117954
-1.108447 0.136975 -0.230403 -1.137824
-1.062688 -0.099503 -0.109559 -2.442432
0.336011 -0.985020 1.107116 0.457839
0.272418 -1.005747 1.133037 0.365683
-1.063616 0.071936 -0.065893 -1.764298
0.233175 -1.048792 1.184014 0.336963
0.175476 -1.075969 1.205207 0.272696
0.058120 -1.096024 1.249568 0.112719
-1.064564 0.106414 -0.078961 -1.531025
-0.394857 0.977013 -1.188003 -0.382662
-1.056596 0.148432 -0.101898 -1.353229
-0.113628 -1.061188 1.213960 -0.103050
1.058611 0.075672 -0.102643 1.453105
-1.050754 0.061474 -0.168628 -1.296214
-1.049537 0.099757 -0.067536 -1.447665
0.233268 -1.043690 1.293384 0.240294
-1.142501 0.056373 -0.179015 -1.323431
0.272452 -1.020893 2.012090 0.194565
0.107376 -1.112301 1.133690 0.261246
1.087938 -0.110817 0.272824 1.200281
-1.202141 0.135257 -0.060630 -1.778293
0.989166 -0.403118 0.383072 1.244258
-1.073421 0.187804 -0.175777 -2.114925
1.045366 -0.234566 0.403304 1.248763
-0.051588 -1.105207 1.139674 0.071723
0.211595 -1.073754 1.375513 0.083708
0.984355 -0.335849 0.403472 1.194560
-0.932982 0.515085 -0.631714 -1.044378
-1.121350 0.025656 -0.106226 -1.480691
-1.042699 0.198568 -0.130271 -1.118716
0.127513 -1.057033 1.158248 0.212569
-0.394887 -1.020754 1.120334 -0.306733
-0.785449 0.745021 -0.843863 -0.816227
1.041871 -0.103754 0.163510 1.080811
1.043922 0.131008 -0.144264 1.782882
0.288067 -1.064417 1.159122 0.180314
-0.954689 0.679999 -0.596830 -1.272879
1.183697 -0.207459 -0.035396 1.954224
1.052535 0.229673 -0.194301 1.755760
0.338947 -0.997314 1.054851 0.279451
1.452178 -0.142180 -0.027705 2.348671
-0.660953 -1.125436 0.901412 -1.199414
0.160455 1.048829 -1.119193 0.196871
-0.909036 0.568497 -0.642746 -1.248507
-0.650816 -0.900363 0.909594 -0.875296
-0.738292 -0.809588 0.917212 -0.790005
0.585529 -0.925412 1.114359 0.546005
0.017031 -1.050279 1.529815 0.075656
1.010072 0.676225 -0.387712 1.271635
1.005885 -0.725404 0.555861 0.931835
1.128101 -0.105703 0.579210 1.501877
0.200363 -1.092780 1.711015 0.515727
-0.993648 0.388466 -0.428083 -1.017077
-0.983455 -0.527295 0.916891 -1.096753
-0.656347 0.849442 -1.139561 -1.081815
-0.718830 0.793639 -1.005164 -0.970156
0.700870 -0.829465 0.857400 0.951499
1.140280 -0.374214 0.729736 1.087809
0.683466 1.086997 -0.938686 0.510028
0.459318 1.135702 -0.953341 0.545252
-0.135682 -1.061126 1.934391 -0.131500
-0.984489 -0.502414 0.892464 -2.024040
-0.942474 -0.499778 0.985579 -2.137355
-0.986279 0.494665 -1.088068 -1.624126
-0.886824 0.681665 -0.712778 -1.416293
0.188103 1.139026 -1.271983 -0.066809
-0.956652 0.455531 -0.990180 -1.629476
-0.194392 -1.056837 1.480958 -0.183460
-0.811552 0.799780 -0.917384 -1.204404
0.413378 -1.019823 0.995194 0.374984
-1.094371 -0.155057 0.343185 -1.432768
-1.066639 -0.077442 0.042447 -1.386640
-0.450419 -1.046374 1.238913 -0.889975
-0.078263 1.131042 -1.252376 -0.207245
1.065802 1.290156 -0.448382 1.444082
0.705793 -0.860570 1.032930 0.636983
1.014805 -0.346314 0.445826 1.017889
0.942603 -0.695703 0.749428 0.816240
-0.322175 -1.191882 1.528532 0.064827
-1.258885 -0.328763 -0.270763 -1.527439
0.109122 1.066922 -1.590569 0.012002
-1.122998 0.429733 -0.077545 -1.711106
-1.076341 -0.406100 0.823253 -1.388382
1.145674 0.160406 0.365134 1.745761
1.165687 0.311980 0.178834 1.984064
1.148411 1.662809 -1.128201 0.325878
-1.007792 0.400178 -0.892747 -1.307204
-1.229760 -0.159348 -0.540723 -1.711047
1.176131 -0.275889 1.300024 1.732747
0.508224 -1.166959 1.304567 1.613595
0.593990 -0.897881 1.058996 0.978872
-0.080157 1.175771 -1.404822 -0.530052
0.598238 -1.018610 1.275804 1.669096
-1.474782 -0.313183 -0.008960 -1.697160
1.093061 0.574040 -0.571247 0.979432
-1.081162 0.202214 -0.108120 -1.145540
-0.326287 1.055340 -1.494086 -0.271146
-0.584558 1.012332 -1.328957 -1.588248
0.346417 1.081159 -1.754825 0.141826
1.135601 -0.446960 0.047458 1.480175
-0.587762 1.151151 -1.312554 -2.196305
1.355275 0.139252 -0.916362 1.342903
-0.660423 1.366799 -1.442529 -2.304376
-0.667113 1.011282 -1.271548 -2.088813
-0.700564 1.039024 -1.235390 -2.167510
-0.534159 -1.062967 1.193308 -0.273775
-0.295653 -1.100070 1.329662 -0.468376
-1.055954 -0.183819 0.322176 -1.498292
-0.215429 -1.089909 1.817342 -0.666343
-0.928189 -0.808980 1.304366 -0.804235
0.675750 -1.041576 0.855433 1.049865
1.081934 -0.270958 0.298085 1.478385
-0.517077 0.933364 -1.149502 -0.552721
1.314301 0.125498 0.453759 1.388987
-0.321469 -1.046089 1.590888 -0.571911
-0.503155 -1.328578 1.033624 -0.373241
0.814485 -0.972797 1.158859 0.522416
0.584574 -1.040074 0.952725 0.603517
0.616281 -0.893360 1.181871 0.638417
2.603847 -1.607742 -2.525453 3.830534
1.354629 -0.943210 -0.785079 3.532811
-1.021423 -0.404222 0.474746 -1.069732
0.509116 -1.706559 2.380547 -1.441247
0.728876 0.850594 -0.890622 0.679597
-0.039863 1.066800 -1.113960 -0.040981
0.365720 -1.002064 1.078897 0.350849
0.757609 -0.741144 1.352123 1.239192
-0.028470 1.095137 -1.404138 -0.247372
-1.008496 0.519867 -0.545686 -0.953937
1.316820 0.274344 -3.864681 3.807438
0.752102 0.805758 -0.984402 0.838884
0.620490 -0.881185 1.216813 0.686712
-0.068177 -1.500217 3.687576 -3.175439
-0.039189 -1.524086 3.851297 -3.340597
-0.091421 -1.363708 3.448489 -3.012039
1.032936 0.119805 -0.010661 1.502737
-0.255811 -1.038041 1.124214 -0.276257
1.042985 0.481571 -3.628603 3.523688
-0.101515 -1.349839 3.919700 -3.469818
0.239610 -1.050015 1.063751 0.253985
0.962851 -0.659149 0.436444 1.355149
0.821100 0.831966 -0.666395 1.243805
-0.145300 -1.323684 3.563436 -3.182256
0.794311 -0.863286 0.690828 1.190046
-0.756932 -1.879292 1.338392 -0.953962
0.980778 0.543264 -3.454008 3.339610
0.843502 1.201209 -0.696398 1.000838
1.086530 -0.040522 0.107904 1.101530
0.764301 1.293153 -0.801625 0.856205
0.678193 -0.800109 1.022357 0.901454
-0.069103 1.173572 -2.422190 -1.003424
-0.759575 -0.765385 0.696570 -0.800745
0.893194 -0.657232 0.680031 1.481534
-0.202884 -1.287305 3.709058 -3.371627
1.055110 -0.260031 0.363897 1.041987
0.895566 0.622277 -3.708727 3.574525
1.009735 1.166648 -0.476287 1.336827
-0.221461 -1.038280 1.349771 -0.126419
-0.037279 -1.164721 1.162862 -0.050237
0.328199 1.066772 -1.122977 0.280073
0.656392 -1.145106 1.072380 1.990248
-0.868300 0.746010 -0.824384 -2.094993
0.963485 0.677738 -3.499056 3.405056
0.660454 0.874729 -3.557136 3.401729
0.555375 -0.948237 1.050453 0.556601
0.470019 -1.477214 1.181814 1.933276
0.579768 0.922307 -3.407389 3.247847
-1.235033 -0.819826 -0.116747 -2.119027
-0.021811 1.089017 -1.392722 -0.212988
0.657455 -0.861331 0.912334 0.684777
0.533783 -0.919689 0.953319 0.590834
0.275380 1.041317 -1.327565 0.201329
0.948418 -0.505576 0.633379 1.626645
0.403570 -1.007686 1.176539 0.382030
0.520095 1.013127 -3.020228 2.845751
0.940479 -0.450120 0.781255 1.731811
0.543671 -0.932924 1.155126 0.551594
0.462899 0.992313 -1.261274 0.399324
-0.409734 1.249992 -1.423576 -1.586632
1.062893 -0.322053 0.400378 1.031702
1.019005 -0.282455 0.425934 1.276467
1.558846 -1.559887 2.616035 -0.375068
-0.723457 -0.753299 3.678489 -3.502875
0.656179 0.904778 -3.502071 3.313053
0.743448 0.846707 -0.766948 0.689661
0.896183 0.577632 -2.789231 2.667163
0.710149 1.238321 -0.821715 0.816657
0.811300 -0.790442 0.752354 1.367439
0.794323 -0.795612 0.783327 1.443770
0.714461 -0.808730 0.812990 0.774509
0.739505 -0.886288 0.851711 1.318061
0.781791 0.717425 -0.791378 0.778324
0.103378 1.090757 -1.102790 0.042455
-1.129054 -0.261760 -0.173303 -1.692604
-1.133814 -0.323890 -0.139800 -1.672685
0.694889 1.345152 -0.856335 0.666544
0.631149 1.338166 -0.911394 0.577335
0.821931 0.818132 -0.914009 0.866116
0.753943 0.755288 -3.687556 3.523297
0.461443 1.053318 -3.209151 3.021267
0.531218 1.361883 -3.691220 3.453880
-0.789056 -1.280918 0.763293 -0.780535
0.795355 -0.752665 0.781386 0.769745
0.460410 0.987952 -3.304516 3.115372
1.130423 1.016209 -3.258868 3.081980
0.589793 1.050837 -0.965835 0.466275
0.794289 -0.717364 0.795411 0.802289
0.941221 0.526701 -0.694100 1.081347
1.166000 0.066480 -0.303613 1.340426
1.524503 0.615698 -2.590481 1.114670
0.662952 0.880801 -1.224951 0.622370
1.005740 0.564551 -3.767675 3.541258
-0.996355 -0.705957 0.412800 -1.158986
0.757698 -0.766233 0.842679 0.844036
0.641112 0.904850 -1.257637 0.564860
1.071952 0.420221 -0.178213 1.264632
0.749663 0.752333 -3.694596 3.425084
0.808188 0.909802 -0.667032 0.971837
-0.270472 -1.050221 1.293393 -0.280791
0.583968 -0.946368 0.975968 0.632105
0.828928 1.413998 -1.041726 0.341048
0.675171 -0.835728 1.024196 0.724149
-1.094805 -0.500731 0.163286 -1.386246
0.754242 0.822822 -2.986928 2.740876
0.901052 1.463799 -1.028198 0.362082
1.111795 0.010070 0.005230 1.089330
0.934933 0.507879 -0.670188 1.185912
0.514258 1.014104 -2.439716 2.056297
1.124917 -0.202232 0.240357 1.080701
0.978579 0.468307 -0.635619 1.183803
1.216305 -0.314637 0.713065 1.113261
0.731120 -1.026924 0.833118 0.763616
0.884563 0.686969 -1.329491 1.038471
1.127231 -0.294927 0.388329 1.026946
0.757697 -1.058095 0.813148 0.744007
0.740936 -1.002240 0.805230 0.732997
0.866961 -0.705589 0.824469 0.931531
0.983373 -0.488125 0.981823 1.543667
1.174135 0.504399 -0.636295 1.380950
0.714050 0.743778 -1.619581 1.460002
-0.636666 -0.880188 0.870867 -0.850964
0.219670 -1.055367 1.120697 0.273765
-1.064820 0.083745 -0.093509 -1.251050
-0.089131 -1.056464 1.150403 0.020518
1.131366 -0.197450 1.090750 2.005495
-0.698552 1.131319 -1.038680 -2.080706
1.063519 -0.053601 0.679816 2.394291
1.125910 -0.096762 0.809259 2.431196
-1.313373 0.248028 0.430736 -1.454844
0.753149 -0.713772 1.140023 1.305430
-1.186360 0.125513 0.197306 -1.238394
-0.742882 -0.871606 0.818250 -0.689543
0.042425 1.189344 -2.244984 1.060086
1.065317 -0.244053 0.970598 1.930997
1.033956 -0.354517 1.019391 1.794108
-1.348022 0.185210 -0.590829 -1.192361
0.718819 -0.858491 1.153841 0.780453
0.596207 -0.943736 1.361356 0.706685
0.753671 0.853978 -0.839291 0.715869
-1.392745 0.259575 -1.084904 -1.300597
-0.499834 0.945872 -1.144963 -0.486325
0.936497 -0.581847 0.646491 1.985245
-0.292973 1.473423 -1.225709 -1.281916
0.925810 -0.587436 0.663202 1.917144
-0.281392 1.517808 -1.300897 -1.535378
-1.035307 0.175467 -0.509906 -2.075017
-1.149288 -0.228664 -0.306759 -2.236654
-0.406265 0.988793 -1.207870 -0.559095
0.560830 -1.055191 1.123427 0.454333
-0.258286 1.027250 -1.096693 -0.278485
0.061619 -1.106372 1.224471 0.005959
0.644672 0.850373 -1.037124 0.694661
-0.502879 -0.960675 0.930471 -0.497560
-0.416659 1.021416 -1.102311 -0.445669
-0.432938 -0.987083 1.265535 -0.446049
-0.493713 -0.946697 1.060098 -0.604602
-0.610053 -0.877287 0.982222 -0.670822
1.067048 -0.198143 0.047692 1.224969
-0.955079 -0.535831 0.636547 -1.281233
1.009420 -0.555182 0.890028 0.972736
0.898630 -0.724185 0.787134 1.052324
-0.707116 0.791690 -0.917710 -0.761873
0.732309 -0.757644 0.771532 0.944906
0.951003 -0.634496 0.473506 1.124496
-0.513318 -1.212015 0.994048 -0.937922
0.681453 0.960002 -0.844540 1.077443
0.731589 -0.887132 0.887132 0.731589
-1.027200 -0.284556 0.355616 -1.145709
-0.756736 -0.868276 0.856027 -0.635782
0.167039 -1.073305 1.221462 0.198002
-0.671257 -0.972711 0.836456 -0.860014
0.718493 0.792694 -1.009672 0.878736
-1.079235 0.406442 -0.190775 -1.288894
-0.964307 0.567394 -0.820950 -0.903089
0.128226 -1.065584 1.392639 0.305524
-0.738428 -0.789687 0.776417 -0.738217
-0.634284 0.920346 -0.980717 -0.631619
0.314230 -1.033985 2.479969 0.813249
0.916307 -0.580308 0.925002 1.118459
-0.510587 -1.118451 1.235090 -0.182955
0.503206 1.069075 -1.390624 0.472793
-0.749215 -0.795145 0.834592 -0.697963
0.829041 -0.684294 0.727535 0.851632
-0.161088 -1.112450 1.357491 -0.032558
-0.485533 -1.099196 1.380002 -0.371901
-0.774950 -0.772324 0.876508 -0.733479
-0.174979 1.084260 -1.446700 -0.147022
-0.620868 -0.951933 1.021743 -0.539727
-0.943812 -0.536356 0.688804 -0.975022
0.171600 -1.080400 1.179799 0.239055
0.499177 0.998788 -1.104832 0.387521
0.039426 -1.127832 1.133394 0.160173
-0.737431 0.762739 -0.812963 -0.780815
-1.005008 0.436451 -0.566955 -1.012583
0.793380 -0.697198 0.916268 0.998470
0.844406 -0.855697 0.731397 0.874906
1.053141 0.546428 -1.718167 1.609529
0.517205 1.266852 -1.248344 0.062655
1.325294 -0.468665 0.136336 1.445543
1.161485 -0.406150 0.151732 1.275901
1.110037 0.558683 -1.860822 1.776789
-0.353168 -1.175800 1.204062 -0.803054
0.377485 1.376572 -1.385991 0.192198
1.192902 -0.450898 0.253588 1.222708
-0.392177 -1.087235 1.125918 -0.750052
0.421607 0.977984 -1.372785 0.721650
-0.314733 -1.053207 1.123760 -0.507623
0.444843 -0.947960 1.275001 0.600054
0.218822 1.105961 -1.177271 0.474019
-0.430145 0.988971 -1.208640 -0.486050
-0.226850 -1.165062 1.350335 0.036872
-0.171626 -1.132739 1.377367 0.073446
-1.033090 -0.245834 0.350250 -1.265948
-1.122545 0.253443 -0.129862 -1.139328
-0.287339 -1.156513 1.439066 0.129903
0.398624 1.018580 -1.063951 0.656802
-0.339082 -1.253100 1.575246 0.140568
-1.293166 0.283516 -0.747629 -1.164593
0.253430 -1.066784 1.165634 0.240795
-0.330098 -1.231115 1.620746 0.217730
-0.122869 -1.047808 1.124011 -0.104843
-0.214625 1.040494 -1.074230 -0.263068
0.336268 -1.011926 1.125900 0.378072
0.662361 -0.845517 1.140883 0.725821
0.474671 -0.963026 1.114376 0.624401
0.952477 -1.165100 1.539441 1.012344
-0.163818 -1.038766 1.273735 -0.094693
-0.583966 0.912654 -1.208081 -0.617153
-0.640049 -1.032633 1.153104 -0.386486
-0.316068 -1.090084 1.071037 -0.214715
-0.680853 -0.966483 1.084793 -0.479097
-0.305160 1.057077 -1.136428 -0.338014
-0.468267 0.926782 -1.099420 -0.557597
-0.534211 0.888500 -1.220446 -0.779481
-0.576868 0.891875 -0.975267 -0.639369
-0.859951 -2.058305 2.384180 1.415733
0.567432 1.079475 -1.161602 0.315481
-0.802256 -0.802841 0.761028 -0.759098
1.032220 -0.267427 0.670602 2.005775
-0.808964 -0.854753 0.816176 -1.180798
1.085222 0.152439 -0.127625 1.041058
0.750113 -0.766286 2.366082 3.373974
0.481691 0.990775 -0.912922 0.496711
0.287982 1.205779 -1.032673 0.428421
-0.819100 -0.807952 0.855110 -1.514129
-1.030545 -0.364088 0.499503 -1.577294
0.819288 0.727012 -1.026809 2.102457
1.099358 -0.761117 0.096824 1.916210
0.979331 0.623773 -0.674270 1.731209
0.684395 -1.497952 2.017714 -0.199060
1.366190 0.647952 -1.244307 1.614308
-0.017648 1.152082 -1.430432 0.049698
0.285285 -1.194628 1.808860 -0.163907
-0.068375 -1.299129 1.925294 -0.731796
0.562972 1.026974 -1.758731 0.991883
1.214281 0.686902 -1.263948 1.432476
-1.114311 -0.722937 0.967972 -1.264760
-0.256515 1.627139 -1.683055 -0.111779
1.041066 0.573804 -1.421880 1.504384
0.971902 0.938413 -1.714993 1.281380
1.242853 0.427130 -1.137860 1.433792
1.599465 0.425486 -1.208187 1.564755
0.500549 1.338286 -1.995538 0.668985
-1.361661 -0.472071 0.693986 -1.504784
0.416355 1.072328 -1.417355 0.477888
-1.072701 0.189989 -0.173328 -1.453521
-1.383568 -0.591121 0.496979 -1.164104
-1.102193 0.087245 0.011227 -1.237525
-1.002289 -0.804714 0.787342 -0.885810
-0.761391 -0.929411 0.983321 -0.651497
1.122974 0.817593 -1.041069 1.006921
1.049204 0.814684 -0.959970 1.182620
1.100995 -0.977706 0.768945 1.372218
-0.023018 -1.294249 1.560482 -0.411431
0.363397 1.123049 -1.358409 0.455227
-1.432457 -0.387054 0.755772 -1.889395
-0.054330 1.245746 -1.955488 0.074536
-0.242377 -1.090432 1.624140 -0.211119
-0.213736 1.401355 -1.386645 0.009202
-0.936123 -0.763359 0.992704 -1.233528
1.142560 -0.162599 0.151948 1.099227
-0.069000 1.209291 -1.561137 -0.010524
0.218960 1.057847 -1.275060 0.278384
-0.832438 -0.812863 0.942313 -1.269180
-1.090292 0.982166 -1.011203 -1.047912
-0.565576 -1.293534 1.441962 -0.443500
1.236294 -0.074464 0.039468 1.268386
0.003016 -1.188776 1.472409 -0.078381
1.175167 0.290690 -0.249070 1.510757
-0.086273 1.350041 -1.382356 0.024036
-0.094745 -1.350943 1.612496 -0.273850
0.549645 0.895670 -1.004915 0.669162
0.040020 -1.138756 1.419732 -0.063292
-0.028358 1.114796 -1.101714 -0.099159
-0.050934 1.181195 -1.488090 0.186676
0.033395 1.336251 -1.529734 0.207842
-0.023225 1.335501 -1.596647 0.203423
-2.225692 -0.367125 2.974054 -1.430322
1.096045 0.497338 -0.916550 1.075811
1.045637 0.313713 -0.407572 1.089240
0.055526 -1.098331 1.356856 -0.052738
-2.700188 -0.718063 3.481563 -1.458815
0.063994 1.373504 -2.515826 0.251226
0.041010 -1.083979 1.195790 0.157078
0.062926 -1.117998 1.342950 -0.048513
-0.320903 -1.378973 2.438222 -0.069385
-0.052911 -1.276253 2.037991 -0.094969
-0.670006 -1.396886 2.228208 -0.060689
1.311229 1.035390 -0.480220 2.253928
-0.093147 -1.058722 1.179070 -0.059444
-1.306182 0.069092 -0.391330 -2.224308
0.081663 1.502295 -1.348725 0.198153
-1.345862 0.038458 -0.158861 -3.602654
0.076802 1.057298 -1.218020 0.049801
-1.287282 0.151680 -0.151270 -1.433302
0.033767 1.057697 -1.337733 0.029370
1.387321 -0.148885 0.426912 1.813690
-1.092926 0.173163 -0.210253 -1.247349
0.009505 -1.073994 1.227270 -0.053786
0.936843 0.557641 -0.664620 0.921951
-1.337257 0.056637 0.003388 -1.868377
1.148661 -0.136583 0.398846 1.654150
-1.205715 -0.013553 -0.014363 -1.502928
-0.040457 -1.126132 1.200945 -0.074913
-0.161507 1.833771 -1.322710 -0.137215
-1.270540 0.281972 -0.554702 -1.662287
-0.638553 0.839517 -0.899312 -0.656215
0.378369 -1.123895 1.355020 0.183391
0.841054 0.895185 -1.160292 0.624762
-1.521345 0.259584 -0.745837 -2.007060
1.224668 -0.369891 0.098666 1.928218
0.591323 -1.091380 1.202048 0.438081
-1.571235 0.316251 -0.823598 -1.995627
1.124311 -0.343743 0.027781 1.752432
1.473887 -0.286744 0.023703 2.355956
1.512625 -0.670442 0.217617 2.070690
-1.084504 1.079107 -0.628149 -1.613606
-1.193295 1.340503 -0.858661 -1.781502
-1.191274 1.211196 -1.412644 -0.983507
0.341329 1.002859 -1.233244 0.295687
0.063101 -1.274564 1.673082 0.201077
1.623133 -0.383202 0.639192 1.554980
-1.224308 0.668736 -1.358392 -1.491577
0.378331 -1.318784 1.853128 0.474548
1.520081 0.989350 -1.069765 1.199666
-0.649755 -1.173694 1.127910 -0.663412
0.844601 -0.670965 1.007099 0.905468
-0.139787 -1.260818 1.403236 -0.042723
0.770732 -0.784971 0.876692 0.725826
0.010920 1.521734 -1.836815 0.465644
0.760559 -0.907081 0.972070 1.134142
-1.154289 0.673324 -1.123376 -1.248884
-0.956860 -0.535188 0.986325 -2.009105
-1.142591 -0.751605 0.999956 -2.094543
-1.023011 0.804128 -1.032789 -1.506754
-0.838875 0.705848 -0.685433 -1.076085
1.007106 -0.708815 0.812653 1.316150
0.813012 -0.766311 0.973850 1.168009
-0.736423 0.824777 -0.918248 -1.033084
-0.052878 1.107221 -1.220406 -0.120465
-1.131143 -0.960778 0.886814 -0.963616
-0.453293 -0.944670 1.005223 -0.498728
0.822160 -0.820870 1.209652 1.055378
0.903043 -1.461976 2.264705 1.100572
1.007682 1.649585 -1.281091 0.334943
1.595702 1.875674 -0.955756 1.094524
-1.513682 -0.614225 -0.359607 -1.858757
0.896987 -0.795828 1.031590 1.028319
0.496017 -1.436164 1.404787 1.719482
-1.820502 -0.144088 -1.152614 -2.133211
-1.426597 -0.485335 0.098641 -1.640149
0.435595 -1.264404 1.380396 0.988930
-1.694320 -0.421343 -0.171087 -1.733429
-0.843606 -1.321163 1.194162 -1.082072
0.875723 -1.049224 0.906420 0.944017
-0.142821 1.233128 -1.198821 -0.326574
-1.311488 -0.733217 0.643497 -1.559985
-1.182098 -0.519716 0.631875 -1.582033
1.451055 -0.588945 -0.123514 1.818501
-0.226517 -1.417715 1.984032 0.393082
1.489499 -0.405070 -0.048697 1.810232
-0.614145 1.563874 -1.552722 -2.337796
-0.769441 1.191222 -1.362803 -1.956622
-0.057392 -1.534900 2.000812 -0.513134
1.188228 0.256131 -0.345032 1.603367
0.959893 -0.719855 1.250907 1.068691
-1.464871 -0.067890 0.225567 -1.549971
1.087297 -0.655414 0.982668 0.926690
0.146478 -1.337966 1.521306 -0.550351
0.850774 -1.172889 0.943841 1.238910
0.540222 -1.116203 0.931557 0.807288
-0.716183 -0.885319 1.565006 -1.094407
-0.523821 0.975965 -1.337395 -0.876897
0.843045 -0.872454 0.971477 0.838569
0.893012 -1.194117 2.192827 1.765735
0.829632 -0.874598 1.018261 0.812598
0.835850 0.674078 -1.658360 1.594386
1.108105 0.440999 -2.923244 2.877473
0.926815 -0.741122 0.842387 0.940040
1.047481 0.470599 -0.367507 1.276811
0.811807 -0.867218 0.693592 1.316719
0.821284 -0.731967 0.728036 0.890791
0.815568 0.908312 -0.838444 0.832620
0.929407 1.422667 -0.765811 1.294120
0.758927 0.719424 -0.865651 0.922325
1.023960 0.733087 -3.748422 3.632876
-0.990668 0.341980 -0.410723 -1.572767
0.890336 0.664881 -3.765367 3.601075
0.670872 -0.918770 1.008736 0.641959
0.925412 0.891881 -0.895044 0.825691
0.960768 -0.488109 0.543065 0.955604
0.670073 0.878349 -1.092585 0.858372
1.167133 1.067474 -5.049678 4.648256
-0.955203 -0.874133 0.559582 -1.095220
1.007770 -0.699804 0.836301 1.195326
0.909550 1.057710 -1.119370 0.765422
1.328057 0.454060 -0.602776 1.406814
0.206104 1.118776 -1.299770 -0.068647
1.109388 -0.359086 1.159866 1.959175
0.786747 0.762574 -0.834241 0.856151
1.244975 -0.039638 0.871861 2.300775
-0.324251 -1.285362 1.543920 0.078488
1.160158 -0.231337 1.053145 2.211505
0.313143 -1.003927 1.178417 0.393762
-0.411509 -1.088414 1.143257 -0.316677
-0.565326 -1.129203 1.397670 -0.699749
0.086565 -1.044664 1.151905 0.054644
-0.625614 -0.899767 1.164618 -0.776174
-0.465330 -1.203335 1.001320 -0.771289
0.543975 1.111428 -0.984927 0.840990
-0.548181 -1.277505 1.148107 -0.650299
-0.147682 -1.209755 1.598737 -0.135048
-0.482499 -1.066425 1.299649 -0.191619
-1.183779 0.559228 -0.812884 -1.053249
-0.298796 -1.196322 1.253557 -0.220855
0.214899 1.052378 -1.308339 0.381863
0.888747 -0.954653 1.095255 0.934692
-0.744561 0.896244 -1.042325 -0.741803
-0.986825 0.445918 -0.453024 -1.062106
0.587266 1.396616 -1.370388 0.086318
1.439260 0.526811 -2.002991 1.868734
0.911034 -0.541633 0.762709 1.093542
-0.335178 -1.093901 1.166738 -0.560866
-0.247841 -1.236398 1.489069 0.055128
0.333279 1.239354 -1.304193 0.213230
-1.465058 0.514875 -0.483644 -1.421388
-1.370890 0.266259 -0.599041 -1.236280
-1.601528 0.244234 -0.592526 -1.412997
-0.588230 -1.247881 1.292580 -0.441436
-1.061051 -0.890335 0.844914 -0.892358
-0.275001 1.057423 -1.368559 -0.263437
-1.431504 0.457885 -0.536227 -1.416263
0.634024 -0.933476 1.181212 0.755694
-0.352156 1.213297 -1.356786 -0.406265
3.091286 0.426220 2.163765 2.726450
0.713213 1.001941 -1.107806 0.687136
0.831284 -0.916141 1.106329 0.920542
-1.004492 0.555584 -0.646929 -0.949144
1.374641 0.777447 -0.856225 1.771120
1.228653 0.866772 -1.112343 2.400842
0.830569 -0.650291 0.650291 0.830569
-1.623962 0.590639 -1.338056 -3.319160
1.690066 0.758696 -1.618505 1.837467
0.425947 -2.222858 3.020205 -0.474847
-2.231683 -0.579260 1.853861 -2.444119
0.650522 -1.824814 1.565786 0.869506
0.293352 -1.949796 1.963315 0.088381
-2.299928 -0.256738 0.942119 -2.263467
0.969816 1.122332 -0.896144 1.465438
1.183219 1.163792 -1.011100 1.710903
-0.279335 1.529832 -1.579949 -0.037819
0.619217 -3.125278 2.923797 -2.128841
1.335629 -2.686826 3.461286 -1.259359
-0.657340 -1.784106 2.059199 -0.587688
2.045781 -0.322121 0.275372 2.105876
1.555390 -2.446983 4.458105 -0.812062
2.010529 0.405492 -0.612076 3.773655
-1.543468 1.071793 -1.068574 -1.012359
0.084638 1.878248 -1.750232 0.203158
1.649949 -0.140174 0.635984 2.538884
-0.968777 2.281511 -1.461007 -1.090468
-1.283626 1.567984 -0.996292 -1.872405
-1.221027 1.295896 -1.483294 -1.053024
1.454793 -1.116737 1.309538 1.553552
1.555751 -1.134899 1.199705 1.338425
-0.888887 -1.454026 1.478794 -0.866898
1.646956 -0.559757 1.024262 2.459861
1.418555 1.724943 -1.497047 1.088573
1.304295 -1.719332 2.625971 1.612090
-2.002744 -0.697284 1.067870 -2.896090
-0.928034 1.184963 -1.254923 -1.318350
-0.635578 -1.640585 1.925007 -0.857996
0.121156 -2.001925 1.948919 0.432049
-1.372436 -1.109889 1.042944 -1.125478
0.880670 -1.319417 1.709100 1.314646
2.347620 1.304890 -0.186766 2.526848
1.302372 -0.243379 1.127115 1.878989
-2.365391 -0.199770 -1.087618 -2.748971
-2.323499 -0.890725 -0.096902 -2.314112
-2.016682 -0.795555 0.124425 -2.219555
0.098985 -2.181948 2.333069 -0.325644
0.045244 -1.781444 2.537887 0.583721
-0.646492 1.684481 -1.642715 -2.372226
0.219298 -2.318454 3.045951 -0.208177
1.231763 1.778407 -2.531624 0.901884
2.323495 -0.272042 1.124983 2.640754
0.886425 -2.270498 2.835000 -0.141308
0.807414 1.684428 -2.506945 0.776070
1.524809 -1.087523 1.692120 2.112677
2.460618 0.616915 -1.305887 2.257655
0.999965 -1.773365 1.884451 0.696336
-0.707766 -1.467803 0.960385 -0.908965
1.266577 0.705926 -4.220975 4.126640
0.969394 -1.631629 1.755743 0.987150
0.695172 0.984226 -1.199072 0.894579
1.830071 -0.736090 0.960242 1.520484
1.642588 0.321061 -0.456099 1.651330
0.536946 1.992195 -2.970996 2.255037
-0.487999 -2.200999 2.089099 -0.734494
-1.223987 1.477802 -1.670671 -1.228947
0.941607 -0.818624 0.766492 1.000417
2.479852 -0.447888 2.050520 2.749198
2.879897 0.508421 2.532434 3.497083
-0.090526 -2.578626 2.709567 -0.345817
-2.526382 -0.807418 2.207716 -4.160340
-3.340646 1.669125 1.314759 -4.207078
1.491059 -2.350103 3.214328 1.032937
-1.606639 -0.107745 0.140714 -1.340265
0.022770 2.425049 -3.207617 0.003919
-1.731050 -0.628972 1.055971 -2.865849
-2.652872 -0.711147 0.979461 -3.301218
0.775624 3.171490 -2.344080 1.230858
0.661563 -1.841533 2.018233 0.411011
-2.492491 -1.712580 1.976514 -2.446176
0.735376 3.072633 -2.547039 0.466624
-2.683798 -1.179110 1.018564 -2.662124
-2.420650 -1.473690 1.512075 -2.368122
1.741865 -0.352891 -0.203034 1.961490
0.585070 -3.011142 3.742809 0.000972
-0.081889 -1.429543 2.081687 -0.668490
-0.049013 -1.247626 1.962806 -0.700332
2.317068 -0.719992 0.904436 3.119308
0.183204 2.029481 -2.183231 0.512290
-1.575078 -2.480042 2.570292 -1.787324
-0.068317 -1.339957 1.799252 -0.083538
-0.859309 -2.713430 3.114659 -0.627209
-2.486384 0.646492 -0.764400 -2.338130
1.200380 1.414390 -1.737756 4.197715
1.398390 2.637164 -2.442634 1.064186
-2.670005 -1.067461 1.803686 -3.122780
2.732511 -2.755991 2.262165 3.243742
3.529150 -2.504289 3.896823 7.134033
3.233007 -1.569116 1.645214 3.395526
-1.602590 -3.841213 6.012830 -2.256099
0.750403 3.872871 -3.222591 0.413223
1.840574 -4.845562 5.288033 0.118149
0.912884 -4.016932 4.312583 0.593813
2.065485 3.049102 -4.902160 1.644316
-2.723550 2.967680 -4.007554 -3.240514
2.817997 2.816636 -4.217151 2.345236
-2.599991 2.011441 -2.204017 -2.749481
7.492405 0.655919 5.411100 5.939335
-4.723004 -2.222333 4.717038 -14.111484
-5.671333 1.149529 2.428872 -7.492553
1.328234 -6.021367 6.789090 -1.249452
6.529345 -0.969743 3.588315 6.333282
-0.977853 -4.953253 6.860668 -1.851906
1.715319 -5.095491 5.761934 1.113181
0.964086 -3.630704 4.182512 0.282846
1.956989 -8.276847 8.687430 -5.116011
2.622772 -3.476715 6.287924 -1.053584
3.328102 -6.181593 9.359919 -1.343869
8.314196 -2.070672 8.166518 4.927255
5.303252 -1.582495 6.310799 8.015154
0.879453 -4.157324 3.027952 4.645895
5.867781 -3.061814 6.951717 14.823622
2.610814 -6.094417 6.562196 2.610784
-7.782499 -8.111761 9.350215 -19.387707
-9.163837 -3.736342 5.555820 -13.001418
-2.729144 -5.365271 8.203014 -0.491613
10.009474 -4.960666 5.455622 13.794291
-2.297292 -11.433438 16.645250 -13.224017
-7.848386 -6.123495 16.016071 -12.479187
0.311508 -6.735549 10.854179 -6.287785
9.453730 -2.169528 9.794148 5.565226
10.583031 -7.236917 17.181170 8.057288
4.954130 -4.302801 13.954919 7.174057
5.324084 -8.090389 21.077753 10.309872
1.321868 -10.794802 18.857533 9.694857
11.760918 5.825953 1.108501 14.370596
-7.646410 -14.058658 20.925486 -16.713079
15.652000 -13.215075 18.556137 8.116051
11.386417 -6.043043 18.253494 8.585607
8.585151 -12.302764 27.066370 13.878013
4.150915 -21.566818 27.145569 15.538041
-21.579594 -6.270682 12.749334 -32.584522
-15.975507 -28.783319 15.755405 -27.962797
-18.744143 16.383121 -12.601850 -21.315317
-8.466945 -6.937455 15.131549 -12.321917
3.883941 24.063240 -27.414598 9.964413
27.509956 7.595165 3.859983 29.792849
17.744425 -2.716616 0.593115 27.714838
-21.900372 -40.272064 22.022606 -39.220158
32.141010 -12.346570 12.150452 40.810486
8.384553 30.026953 -34.635979 7.329148
20.591343 -23.573462 32.141811 19.211908
33.719311 3.191363 6.325591 35.126488
-39.813904 -19.137955 21.203342 -53.603210
31.625181 -33.880825 35.290543 28.892189
-39.150734 -52.903500 38.508884 -61.905487
41.149220 -56.195408 62.489445 42.134441
32.461884 -108.199295 95.067886 27.117737
104.285904 -18.998192 27.734945 107.774445
-0.416339 -1.248376 1.753431 -0.532800
1.126153 0.081957 -0.114345 1.906239
-1.234210 -0.595359 0.957511 -2.337356
-0.627493 1.658984 -1.619634 -2.320274
0.754763 1.047528 -3.464602 3.306595
0.803042 0.951847 -4.160438 3.958003
0.546528 1.535349 -1.511937 0.158267
0.910637 1.022164 -1.325554 0.679849
-0.178704 1.463051 -1.399854 -0.367607
1.089466 -1.469721 1.132787 1.420533
0.855959 -0.745216 0.739917 0.928758
-0.724035 -2.201645 1.668512 -1.024597
0.629776 -2.868306 3.486899 0.020929
1.062921 0.614397 -1.326458 1.097129
0.222278 1.101238 -1.270269 0.414352
-0.310556 1.251672 -1.288498 0.082958
0.373587 1.071408 -1.772667 0.635896
0.300452 -1.189611 1.073653 0.444879
-0.609993 -0.920907 0.957554 -0.537350
-0.484147 -0.948021 1.273833 -0.715803
0.846968 0.746515 -0.856379 0.758471
0.939021 0.753050 -0.586540 1.290550
0.699585 0.866844 -1.029470 0.563179
-0.517961 -0.948678 1.131788 -0.410609
-1.045661 -0.481233 0.644574 -1.002043
0.254104 1.057582 -1.201797 0.342338
0.024574 1.049076 -1.362122 0.036026
0.048710 -1.146141 1.406365 -0.142543
-0.227833 1.050971 -1.432736 -0.196091
-0.145912 -1.038613 1.507212 -0.138747
-0.055678 -1.078820 1.232361 -0.111490
-0.337779 1.024152 -1.419489 -0.287994
-1.948086 1.043704 1.081469 -2.328962
-1.848181 0.259528 2.000071 -2.289797
0.376454 -1.061995 1.164447 0.320207
0.004748 -1.064141 1.441933 -0.045618
-0.156897 1.072657 -1.217793 -0.086349
0.531833 -0.930557 0.962798 0.538677
0.618182 0.914167 -1.094500 0.668904
-0.018187 1.070224 -1.670924 -0.069095
-0.045458 -1.092102 1.362883 0.001702
-0.037062 1.172057 -1.167276 0.160505
0.847301 -0.670417 0.681633 0.877004
-2.509976 -0.070727 2.695204 -1.676347
0.532992 -0.959668 1.388296 0.470859
0.277877 -1.093327 1.065570 0.241984
1.016638 -0.468578 0.423207 1.017032
-1.025551 -0.368742 0.401126 -1.057331
-0.723277 -0.804261 0.913939 -0.715775
-0.898602 0.732450 -0.742246 -0.789105
0.709650 0.814783 -0.924560 0.703774
0.409174 0.999974 -1.133222 0.363847
0.935804 0.719884 -0.750807 0.834545
0.091077 -1.095277 1.196305 0.122748
1.068165 0.069641 -0.085673 1.033036
1.477026 -1.345460 2.907697 -0.217336
1.073174 0.525212 -0.679531 0.924106
1.010848 0.268313 -0.358931 1.071615
0.367852 1.159904 -1.301167 0.897169
-1.347895 0.654067 -0.107373 -1.312435
0.703479 -0.904690 1.200971 0.557381
0.084962 1.069662 -1.278566 0.161282
0.299808 1.034140 -1.266654 0.290258
0.052821 -1.072932 1.303447 0.052224
-0.100771 -1.059287 1.290492 -0.179542
1.594700 -1.097754 2.458782 0.255801
1.027884 -0.189241 0.209257 1.024151
-0.087360 1.124646 -1.088377 -0.137093
0.000547 -1.131986 1.091877 0.047239
1.082577 -0.101156 0.142203 1.128446
0.445213 -0.984059 1.328949 0.409218
0.131861 -1.082817 1.022727 0.157556
0.050619 -1.061720 1.077252 0.038414
0.364354 0.996013 -1.015028 0.369707
0.397123 1.030211 -1.053396 0.440679
-0.009113 -1.119003 1.125729 -0.057995
0.195792 -1.107830 1.115081 0.293461
0.020725 1.143481 -1.131950 -0.076531
-1.098487 0.193308 -0.363230 -1.068884
-1.100790 0.235195 -0.382423 -1.043999
-0.058279 1.056011 -1.163868 -0.173466
-1.165346 0.160597 -0.313416 -1.089824
-1.176224 0.175491 -0.315928 -1.096027
-0.163053 1.078721 -1.206950 -0.261599
-0.132998 1.087285 -1.243828 -0.178284
-1.214209 0.204684 -0.300822 -1.082625
0.365942 -0.986003 1.197226 0.358865
-0.029439 1.454865 -1.063168 0.024657
0.183026 -1.430088 1.035660 0.246039
-0.024238 1.450850 -1.051429 -0.026855
1.048003 0.115128 -0.088201 1.446524
-0.712882 0.870928 -1.104108 -0.623309
-1.060629 -0.053556 -0.016136 -1.306833
-1.056007 0.303982 -0.431702 -1.064999
-1.053853 0.027512 -0.145393 -1.240569
0.191113 -1.435743 1.110038 0.362967
1.039778 0.106222 -0.151834 1.131226
-0.702668 0.799052 -0.929546 -0.723892
0.701818 -0.819121 0.914596 0.741838
1.095584 0.427332 -0.259484 1.378407
-0.940065 0.926997 -0.511725 -1.508681
1.107880 -0.052171 0.014058 1.034411
-1.235016 1.393406 -0.764411 -1.896019
1.116464 -0.223362 -0.053962 1.629512
-0.989043 1.020293 -0.520765 -1.290040
0.101704 -1.065971 1.126053 0.050057
-0.776212 1.024311 -0.805245 -0.726349
-1.145851 0.363935 -0.270886 -1.071023
0.159988 1.100935 -1.166515 0.259772
-1.189596 -0.400979 0.411706 -0.996858
0.198998 1.050446 -1.516913 0.073296
0.864263 -0.719665 0.650858 1.247565
-1.040858 0.221168 -0.295264 -1.423173
0.657353 0.851432 -0.942695 0.818286
-1.123331 0.117971 -0.588409 -1.500963
1.152578 1.064447 -0.633210 0.871107
0.923103 1.048986 -0.821555 0.686073
0.868739 0.937817 -0.686764 0.844904
-0.665491 0.835715 -0.951514 -0.862132
-1.261794 1.513385 -0.416638 -1.434861
-1.072717 -0.058877 0.102813 -1.084982
0.961140 0.450918 -0.487343 0.988598
0.529044 -1.340553 1.028151 1.397424
-0.229859 -1.045182 1.182078 -0.240511
0.979949 0.583984 -0.553930 1.664788
1.132314 -0.319910 1.144355 1.663967
-0.623111 -1.668721 1.638621 0.542122
1.314921 1.729087 -1.159452 0.297970
-1.386494 -0.033247 -1.072837 -1.754258
-0.943877 0.471630 -0.763801 -1.241751
-0.382059 1.061070 -1.172662 -0.403658
0.030445 -1.161965 1.086128 -0.054684
1.439979 -0.588954 1.061072 0.917689
1.194380 0.188812 0.801073 2.472500
1.055920 -0.627631 1.184096 2.604682
0.923883 -0.605348 1.078619 2.326203
1.181813 -0.296066 0.559133 1.056975
-0.488757 0.989772 -1.301692 -0.982540
-1.379914 -0.411472 -0.170656 -1.332563
0.993953 -0.469643 0.577582 1.297638
-0.759051 -0.854867 1.195902 -0.698895
-0.656730 -1.260025 1.421294 -3.432599
-0.220901 1.039454 -1.117575 -0.216246
0.496007 0.960351 -1.025548 0.452719
-0.722644 -1.058980 1.204243 -0.372931
-0.848440 -0.728399 0.771353 -0.806035
-0.362262 1.001601 -1.316969 -0.494830
1.130707 0.518767 -3.510608 3.473463
1.127270 0.516622 -3.682837 3.635317
0.917726 0.599652 -3.325389 3.251538
0.850442 -0.753626 0.778490 0.765438
1.072203 0.445417 -3.771569 3.696391
0.934798 0.667322 -0.493677 1.351143
0.845872 0.669452 -3.464634 3.380936
-0.640672 -1.240884 0.835292 -0.788467
0.919095 -0.590183 0.593070 1.447847
-0.908736 0.615051 -0.608824 -1.437460
0.957960 -0.530506 0.555942 1.457359
-0.737799 0.745077 -0.980210 -0.947446
-0.859591 0.591870 -0.568565 -0.936320
0.826696 0.699081 -3.621443 3.540665
0.977894 -0.398793 0.538644 1.728912
0.569613 0.968176 -1.243571 0.395783
1.147312 -0.206253 0.193163 1.147414
-1.164151 -0.139940 0.116373 -1.094011
0.045290 -1.100500 1.169076 0.073083
1.147953 1.441980 -0.340231 1.692991
0.657798 -1.203408 1.000428 1.870116
-0.558341 -1.061469 3.586077 -3.305604
0.745237 0.886188 -0.925480 0.650867
-1.080149 0.039867 -0.671477 -2.432720
0.657505 -0.870395 1.227940 0.688283
-0.728654 -0.857188 0.814128 -0.678338
-1.128747 -0.711563 0.163078 -1.547662
-1.221782 -0.820661 0.045918 -1.590060
-0.073977 1.071289 -1.274528 -0.164145
0.018281 -1.069488 1.343411 -0.018435
0.526963 -0.926937 1.006158 0.555802
-2.505664 0.269667 1.730690 -1.581519
0.702183 0.773533 -3.682609 3.498462
-0.750091 -0.815383 3.483164 -3.336179
0.940157 -0.433540 0.506981 1.002292
0.801344 1.315644 -0.762950 0.873939
-1.107607 -0.254548 -0.133254 -1.628703
-1.126423 -0.493499 0.058750 -1.509718
0.983429 -0.537983 0.519946 0.911625
1.019058 -0.372301 0.433997 1.026131
0.791375 -0.820653 0.823725 1.503315
0.755338 -0.867839 0.857055 1.466163
-0.997025 0.327516 -0.471299 -1.465076
-0.775831 -1.221615 0.791880 -0.794771
-0.975208 0.426848 -0.527216 -1.393487
1.046770 -0.705090 0.644404 0.960388
-0.737190 -0.892076 0.983633 -0.789745
-0.698106 -0.826415 3.166106 -3.091047
-0.830954 -1.075208 3.635493 -3.553582
-0.996394 0.266374 -0.460895 -1.476154
0.509876 0.958569 -0.991554 0.490059
-0.883879 -0.658249 0.679640 -0.851893
-0.694394 -0.763755 3.263376 -3.177778
-0.757963 0.746140 -0.840348 -0.874611
-0.718186 -0.865460 0.864745 -0.639732
0.791434 0.805863 -0.798252 0.713347
0.980204 -0.827816 0.637866 0.872608
-0.694218 -0.916363 0.984783 -0.980531
1.057498 -0.794200 0.906483 0.729657
-1.417940 -0.167783 3.632676 -3.582049
0.601580 1.229293 -0.895114 0.574859
0.640848 1.185292 -0.877585 0.609068
-1.085969 -0.434437 3.610084 -3.479723
-1.137248 -0.070585 0.014093 -1.135864
0.157497 1.133525 -1.126377 0.101441
-0.901059 -0.686245 2.945966 -2.778220
-0.506834 0.987373 -1.269726 -1.139695
0.885807 0.722792 -0.733864 0.828483
-0.532265 -0.987339 1.019757 -0.483709
0.585427 1.139525 -1.282628 0.199571
-0.586232 -1.027847 0.940720 -0.762373
-0.532925 -1.039552 0.975349 -0.769704
-0.578836 -0.973431 0.928617 -0.770846
0.732676 -1.003906 0.791795 0.700745
-1.133707 -0.196279 0.137576 -1.072483
-0.021652 1.086877 -1.141818 -0.086273
-0.627048 -1.030490 0.865677 -0.714302
-1.089953 0.248720 -0.378648 -1.026974
1.134399 0.104876 0.529122 2.366056
-0.826851 0.730914 -0.953697 -2.280629
-1.089088 0.203993 -0.858173 -2.424555
0.187402 1.199630 -1.369439 0.859636
-1.213349 -1.222530 0.628228 -0.847960
-1.498761 -0.207903 1.671965 -1.579587
-1.435090 -1.227535 0.220773 -1.355604
0.839488 -0.715645 0.753451 0.854165
-0.217735 -1.249819 1.751956 0.443716
-1.004631 0.349681 -0.534504 -2.038987
1.080749 -0.114914 0.648212 1.949636
-1.017975 0.281012 -0.510575 -1.985335
-1.231559 0.287105 -0.244710 -1.112392
0.722638 0.900722 -1.026847 0.713124
-0.942661 -0.709058 0.829464 -0.903926
0.800103 0.805062 -0.928957 0.758926
0.317858 1.023065 -1.299223 0.355854
0.560545 0.909505 -1.011293 0.626448
-1.152145 0.199197 -0.097398 -1.086258
1.082808 -0.701845 0.380651 1.198369
-0.528387 1.072166 -1.071412 -0.694471
-1.146482 -0.499166 0.335701 -1.175867
0.682115 1.126455 -0.980732 0.602435
-0.949390 -0.687413 0.479787 -0.997164
1.117826 -0.215420 -0.045731 1.517324
0.619134 -0.847144 0.960263 0.663678
-0.798161 0.697810 -0.817539 -0.819257
-0.605404 0.866826 -1.191483 -0.730082
1.034073 -0.499288 0.846663 1.017407
-1.200514 0.746598 -0.863607 -0.899471
-0.958161 0.539798 -0.582919 -0.909960
-0.046739 1.104511 -1.366216 -0.136603
-1.456890 0.091352 -0.132746 -1.156805
-0.361843 -1.063719 1.411605 -0.256393
1.325185 0.469438 -0.606170 0.988364
0.960481 -0.624776 0.711978 0.898408
-1.118046 0.356561 -0.423568 -1.034575
0.322258 1.062232 -1.151341 0.262955
-1.044072 0.493721 -0.616235 -0.950783
1.066718 -0.270881 0.385031 1.106474
-0.570062 0.918459 -0.980390 -0.673865
-0.955428 -0.593631 0.540250 -0.915994
0.666271 -0.825849 0.872236 0.713735
1.056034 -0.411400 0.843004 1.199829
-0.269114 -1.390995 1.304826 -0.611863
1.254264 -0.400350 -0.036246 1.366427
1.337841 -0.337877 0.523112 1.348232
-0.233365 -1.230163 1.197023 -0.430141
1.192262 -0.348332 -0.002201 1.274097
-1.063084 -0.472837 0.965475 -1.119667
-0.666713 0.824702 -1.174311 -0.760631
0.034960 -1.090843 1.282424 0.156106
-1.249195 0.258715 -0.560694 -1.136572
-1.281448 0.231279 -0.715098 -1.140574
-1.122569 0.071871 0.175307 -1.209846
-1.428018 0.198290 -0.746420 -1.245271
-0.259959 -1.191301 1.470935 0.132134
1.029442 0.559955 -0.602642 0.939394
0.448966 1.016431 -1.105151 0.403583
-1.432746 0.183420 -0.826453 -1.236692
0.795219 0.776490 -0.753434 0.740875
1.054974 0.539875 -0.517452 0.935664
0.112243 1.079812 -1.169670 0.030614
-1.069001 0.381332 -0.487817 -1.010702
1.110345 0.762651 -0.712369 0.812452
1.471859 1.088449 -1.053907 1.094339
1.013824 0.833938 -0.878997 0.719974
0.681616 -0.849144 1.129031 0.703319
-1.107437 0.040449 -0.143536 -1.110292
-0.922254 -0.729475 0.730780 -0.836380
0.698206 -0.861287 0.947154 0.699894
0.911876 0.726350 -0.672610 0.822587
1.973508 0.667264 1.590313 2.407421
0.381987 -1.002677 1.235065 0.509346
0.835623 -1.159644 0.788860 0.883239
0.354330 -0.985242 1.033656 0.369239
0.091429 1.050542 -1.088869 0.058303
-0.517862 0.946965 -0.892901 -0.575860
0.283875 1.439588 -1.109478 0.740273
0.611052 1.142478 -0.968577 1.146804
1.361684 0.452467 -1.362809 1.420751
-1.615302 0.641253 -0.537843 -1.499624
0.797574 1.027615 -0.737973 1.045383
-0.433690 1.176118 -1.013345 -0.394748
-0.485786 1.070954 -1.178347 -0.534117
-0.427277 1.046205 -1.167934 -0.440122
1.026634 0.684351 -0.701897 0.905493
0.217845 -1.293193 1.515730 0.100002
-0.485731 1.254386 -1.452226 -0.329945
0.934753 -1.201656 1.071732 0.786336
-0.525456 -1.248915 1.321464 -0.708881
1.153046 0.850098 -0.688441 1.454724
0.006555 -1.203227 1.406162 -0.143927
0.030982 -1.244768 1.955997 -0.089402
1.317093 0.267823 -0.483461 1.375555
0.491235 0.998176 -1.042698 0.488246
1.219002 0.275149 -0.433307 1.058693
-0.913202 -1.128866 1.173597 -0.887936
1.471974 -0.211333 0.211094 1.420601
0.107041 -1.116771 1.140397 -0.053148
1.093863 -0.066223 0.134322 1.117236
0.408610 -1.011252 1.023531 0.479554
1.460057 -1.421943 3.415689 -0.398347
-0.045304 -1.123711 1.121347 -0.148770
2.394629 -1.614099 3.698385 0.196063
-0.669059 0.835593 -0.991945 -0.708143
-1.370909 0.276765 -0.265599 -2.464878
-0.196559 1.041364 -1.166296 -0.199965
1.339180 0.966670 -0.256605 2.004462
-1.170183 0.284437 -0.346616 -1.019537
-0.057226 -1.057962 1.219096 -0.032810
0.023362 -1.075981 1.148412 -0.056763
0.995862 0.600611 -0.672431 0.955537
-0.540493 1.024086 -1.073207 -0.474377
0.646107 -0.833959 0.893900 0.663265
1.099725 -0.032542 0.084364 1.065058
1.141533 -0.644279 0.866343 0.881242
-1.248139 1.466416 -0.784254 -1.866112
-0.890455 -1.528429 1.241966 -1.549565
-0.945971 1.912947 -1.200221 -1.038211
1.240663 0.150444 -0.177416 1.935345
0.714598 -0.876949 1.061483 0.569314
-1.266023 0.169207 -0.185965 -1.031759
-1.245637 -0.222280 0.292891 -1.021640
-0.859578 1.020991 -1.436771 -0.789001
1.188513 -0.539745 0.530847 1.235455
-1.130612 -0.818480 0.842809 -0.959988
-0.045749 1.255505 -1.409439 -0.123265
0.628272 0.915211 -0.983814 0.552622
-0.967581 -1.055310 1.561345 -1.191142
0.787207 1.380398 -1.405228 0.327991
-0.245547 1.216152 -1.055100 -0.420898
1.055933 1.073749 -0.748113 1.040064
0.762821 1.170137 -0.896439 0.615060
-2.387759 -0.827845 0.492934 -1.631963
1.772463 0.420462 0.564010 2.130574
0.482134 -1.266088 1.479222 1.493074
1.443799 0.632917 0.367289 2.149093
0.764343 -1.212867 1.208590 1.206065
-1.436975 -0.377601 -0.174176 -1.560166
0.295669 -1.553756 1.677072 0.876441
-0.074801 1.654641 -1.701293 -0.666685
1.179433 -0.508820 1.181973 2.766242
1.818104 0.222020 -0.837281 1.603101
1.415326 -0.619006 0.439978 1.422622
-0.476375 -1.406165 1.403494 -0.655531
-0.968663 -0.935008 1.099792 -0.643493
1.047314 0.468265 -1.113087 1.368856
-1.526951 0.620870 0.065199 -1.306736
-0.761141 1.407655 -1.543640 0.004716
-0.872632 0.846153 -0.944990 -0.865101
0.675011 2.036187 -2.269432 -0.630617
0.846750 0.936532 -0.922830 0.745549
-0.650995 0.976556 -1.069956 -0.692297
-0.678687 -1.332300 0.824308 -0.843086
-0.711449 -0.905265 0.835694 -0.713988
-0.895778 0.764048 -0.752145 -0.966705
1.127842 -0.291259 0.310022 1.197270
-0.653602 -1.083807 3.830400 -3.544089
0.868958 1.160306 -0.628513 1.115453
1.013630 -0.246532 0.350246 1.590524
-0.731615 -0.815342 3.799398 -3.570018
-0.762612 -0.886857 0.941297 -0.685372
0.888983 -0.831496 0.931236 0.886471
-0.730021 0.961578 -1.060453 -0.743361
0.767455 0.801938 -0.793100 0.712970
-0.485090 0.943064 -0.991304 -0.511917
-0.750271 -0.811371 1.039150 -0.921941
-0.442288 -1.362364 1.232632 -0.249991
-0.011120 -1.304095 1.442271 0.062920
-0.557963 1.046346 -1.001802 -0.468695
0.837163 -0.771287 0.880644 0.830690
0.910929 0.907101 -1.201367 0.970524
0.492843 0.980161 -1.226716 0.671798
1.096741 -0.354963 0.127801 1.384523
0.413040 1.170118 -1.551505 0.335515
1.199256 -0.386467 0.471664 1.153520
-1.267096 0.159903 -0.234841 -1.205983
-0.983629 -0.584825 0.889048 -0.954620
-0.902318 -1.101936 1.084102 -0.755478
-1.041228 0.805614 -0.951472 -1.065832
-0.964828 -0.825590 0.842567 -0.819711
0.746256 0.991356 -1.041111 0.608883
-0.765009 -0.843721 0.770595 -0.784249
1.187007 -0.422516 0.902140 1.333966
-0.850705 0.908134 -1.043215 -0.869918
1.132605 -0.593093 0.727462 1.108921
-0.243290 -1.263785 1.476143 0.046136
-0.266049 -1.433436 1.686771 0.038373
1.020649 -0.834163 0.987447 1.027737
-1.188873 0.624899 -0.776760 -1.166865
0.438837 1.289674 -1.350629 0.298015
0.784003 -0.940943 1.106818 0.838825
-0.988683 0.755085 -0.928555 -1.009379
1.051702 -0.678166 0.917879 0.853014
-0.123147 -1.088761 1.390473 -0.046273
0.716609 -1.051835 1.204722 0.728549
-0.871729 -2.377282 3.671242 1.401329
-0.532837 -1.096358 1.204986 -0.523488
1.022225 -0.793628 0.831242 0.919889
-0.792951 0.947095 -1.134118 -0.888663
-0.114520 -1.098227 1.189288 -0.058707
0.486039 -1.909108 1.544838 0.310799
-1.649949 0.364927 -0.390555 -1.988169
1.122145 1.581457 -1.271085 1.258961
1.104474 1.501528 -1.649484 1.246969
-1.821620 -0.587356 0.788898 -1.861325
-0.457979 -2.040014 2.442849 -1.013677
1.517989 0.273235 -0.519590 1.505709
-2.761727 1.522847 1.142314 -3.461252
-3.040744 0.579319 2.125625 -2.910225
-1.988410 0.608902 -0.554326 -2.041498
-3.681534 -0.052785 2.956391 -2.577670
1.776454 0.177753 -0.606923 1.463562
1.734062 -0.715460 0.257095 2.425393
-1.049254 -1.795312 1.404327 -1.780806
1.589932 -0.651873 0.670126 1.562294
-0.459168 1.862399 -2.010625 -0.831799
0.953901 1.591766 -1.235375 0.780042
-1.023334 -1.544297 1.178502 -0.870248
-1.758412 -0.648519 1.008761 -1.734099
1.209874 -0.974320 1.227811 1.244691
1.378452 1.784156 -1.032681 0.637668
1.812499 2.658882 -1.868913 0.726013
0.393643 -2.075192 2.291961 1.357234
-1.967082 -0.815366 1.258411 -2.049907
1.207872 -0.688407 1.287443 2.826841
1.949311 -1.461344 2.031390 1.356687
-1.776178 1.187499 -1.873341 -2.374328
1.950853 -1.401663 1.769425 1.214465
-1.651934 -1.294599 2.051293 -1.328005
1.054116 -2.307904 2.578531 0.388805
1.042265 0.958802 -0.580479 1.435745
0.921582 -0.985371 0.757600 1.417641
-0.262187 -1.899033 1.988370 -0.174218
1.360887 1.306667 -1.555381 1.070664
1.685213 -1.598293 1.327605 1.682064
0.871465 1.789952 -1.878785 0.700200
0.828291 -3.928221 3.493200 -2.248238
0.231540 1.329247 -1.596083 0.202534
0.959832 -1.086230 1.296076 0.792479
-2.463414 -0.057944 0.167011 -3.401470
2.452821 0.218013 -0.282798 3.394971
1.607493 -2.662145 2.745011 1.352661
2.642491 0.154957 0.213131 3.103997
0.067226 -2.902792 2.869795 0.225831
-0.010665 -2.789182 2.854085 -0.015149
2.154283 -0.711114 0.398906 1.968642
-2.922829 0.967292 -0.737796 -2.899911
3.014302 -0.192240 -0.035469 3.050931
0.275305 3.014884 -3.001913 0.505576
-1.121182 -2.217868 2.347203 -0.982785
-3.504388 -0.607005 0.550703 -4.212944
-1.129097 -3.596249 3.447347 -1.028939
-3.302351 -0.233592 -0.206583 -3.887843
3.307440 0.364603 0.095071 3.877751
4.276843 -1.116486 2.277460 4.249884
-1.906996 -2.952641 2.825069 -1.699251
-2.586249 -5.375760 8.872849 2.609048
-6.242244 -0.293928 2.981667 -6.142605
-2.691997 -6.405924 6.947050 -0.122456
5.687808 -2.050648 1.947061 4.795627
-8.135224 3.394183 3.622066 -9.119171
-8.350145 -0.106148 5.381395 -6.325094
-5.754594 -5.293981 10.134226 -0.734359
5.967672 -2.948519 6.254962 4.509329
-2.007379 -14.655206 11.221578 -0.340039
-7.507458 -0.254990 7.845273 -9.210800
-6.068167 -5.970345 12.185061 -0.183218
-16.260056 -9.834569 18.025702 -11.991237
27.024773 7.705014 4.875822 25.439951
18.079424 -23.069256 13.288493 32.836063
-15.648362 -18.167200 16.287365 -19.816717
27.323225 -2.322109 -4.481807 25.941027
5.695188 -25.453480 27.189373 17.245888
24.462393 -34.172123 19.136686 44.635479
6.909683 42.250313 -33.659088 5.731042
13.644283 -27.313330 31.477589 22.316740
-8.375659 56.870895 -44.323551 -2.294957
-20.277662 -39.764057 42.829788 -20.037186
43.054546 -54.888561 34.088421 60.152435
-1.434802 1.758377 -0.617612 -1.650999
-0.814806 -0.940648 4.158150 -3.960680
1.446139 -0.318721 0.702372 1.510219
1.245075 -0.762648 1.017911 0.961968
-0.735622 -0.932478 0.859653 -0.740556
1.350661 1.578675 -1.218144 1.845216
