0 1323
1 2313
2 2317
3 1237
4 1824
5 1263
6 41
7 1851
8 2404
9 1284
10 5068
11 1370
12 2351
13 3038
14 5258
15 4945
16 2378
17 2533
18 2386
19 1348
20 752
21 3085
22 5356
23 232
24 3468
25 5788
26 2426
27 2419
28 2445
29 5301
30 5902
31 2437
32 2457
33 3101
34 1370
35 4913
36 3429
37 3086
38 2475
39 2788
40 2462
41 5477
42 726
43 2749
44 2565
45 1440
46 4950
47 2565
48 5386
49 1448
50 1695
51 3283
52 3151
53 3117
54 388
55 388
56 1559
57 2533
58 3117
59 1553
60 3427
61 459
62 1440
63 2564
64 2671
65 3429
66 3428
67 2513
68 433
69 2519
70 2427
71 408
72 5896
73 1820
74 3191
75 2513
76 2671
77 3117
78 2532
79 3038
80 3917
81 2264
82 432
83 4946
84 3984
85 4564
86 393
87 432
88 2604
89 284
90 5960
91 2564
92 4036
93 459
94 459
95 1424
96 873
97 1349
98 1826
99 3225
100 3429
101 2671
102 2573
103 3038
104 1619
105 478
106 494
107 1671
108 1644
109 500
110 3086
111 3968
112 500
113 3918
114 4747
115 3983
116 513
117 5530
118 513
119 489
120 5961
121 1720
122 1877
123 2628
124 1709
125 2755
126 693
127 1865
128 3245
129 4824
130 587
131 2788
132 2379
133 3106
134 5551
135 2779
136 5567
137 4107
138 3428
139 2801
140 4958
141 976
142 3506
143 2799
144 5577
145 3285
146 5270
147 4999
148 3285
149 1181
150 677
151 2433
152 5591
153 3615
154 5594
155 1986
156 996
157 2838
158 4734
159 1674
160 197
161 2016
162 3667
163 2856
164 3453
165 2029
166 5053
167 3273
168 1114
169 3351
170 208
171 205
172 754
173 2042
174 164
175 5977
176 5205
177 5225
178 171
179 917
180 2213
181 1944
182 1317
183 3601
184 50
185 50
186 3352
187 3598
188 188
189 5882
190 185
191 3500
192 1419
193 2271
194 2274
195 3273
196 5761
197 94
198 5272
199 922
200 3600
201 5940
202 1173
203 2282
204 1183
205 5276
206 3002
207 1192
208 3483
209 83
210 3483
211 3003
212 2291
213 2295
214 2297
215 913
216 5953
217 95
218 2305
219 2306
220 1171
221 3061
222 3
223 1217
224 2997
225 1720
226 3016
227 3481
228 3728
229 1223
230 1475
231 884
232 5970
233 3359
234 955
235 4229
236 3400
237 2875
238 976
239 4229
240 2877
241 2877
242 2877
243 5202
244 736
245 2884
246 2877
247 4194
248 1291
249 1143
250 2140
251 4184
252 3470
253 2078
254 2918
255 2244
256 5081
257 2345
258 3741
259 5077
260 809
261 3360
262 1018
263 2078
264 2287
265 4252
266 2888
267 5101
268 2083
269 2084
270 5094
271 2090
272 5231
273 4233
274 2090
275 5286
276 3062
277 1988
278 888
279 819
280 5363
281 3356
282 2891
283 4332
284 5152
285 5357
286 852
287 859
288 1403
289 3511
290 2102
291 2902
292 5220
293 2108
294 5635
295 2079
296 2895
297 2103
298 863
299 2111
300 2526
301 2899
302 2899
303 5643
304 5643
305 5641
306 3360
307 2902
308 3357
309 5648
310 4143
311 2902
312 3360
313 2128
314 4360
315 5055
316 3358
317 873
318 3361
319 3363
320 5653
321 2153
322 4239
323 2137
324 2913
325 1152
326 975
327 4196
328 899
329 981
330 5164
331 2913
332 979
333 118
334 772
335 2165
336 4073
337 2156
338 2158
339 2917
340 5218
341 2160
342 3367
343 4210
344 2164
345 2169
346 2921
347 294
348 1102
349 963
350 5684
351 2172
352 3661
353 2175
354 5180
355 2179
356 3374
357 898
358 2127
359 1398
360 2877
361 5189
362 2939
363 881
364 2186
365 2938
366 5100
367 2181
368 2226
369 5831
370 4331
371 2941
372 971
373 5196
374 973
375 730
376 5678
377 5688
378 4173
379 2460
380 5100
381 3400
382 960
383 3084
384 885
385 1047
386 2202
387 881
388 5087
389 1012
390 4184
391 989
392 2208
393 2245
394 1000
395 2213
396 2134
397 2107
398 4351
399 2428
400 2127
401 990
402 998
403 2218
404 870
405 224
406 4370
407 4352
408 2955
409 2089
410 851
411 2949
412 2957
413 3765
414 5935
415 2227
416 730
417 4277
418 307
419 4552
420 1065
421 5055
422 1021
423 2960
424 774
425 2964
426 2232
427 2966
428 3370
429 2235
430 1101
431 4435
432 1049
433 5991
434 881
435 2931
436 1062
437 5163
438 2240
439 2127
440 4341
441 2241
442 1068
443 4404
444 3374
445 2973
446 765
447 1098
448 896
449 1092
450 711
451 1084
452 2977
453 907
454 1019
455 778
456 4181
457 837
458 2981
459 4246
460 5970
461 2262
462 5020
463 5715
464 3684
465 884
466 752
467 2988
468 4197
469 606
470 775
471 904
472 2268
473 4329
474 2698
475 873
476 2989
477 2314
478 3018
479 2052
480 2316
481 4878
482 2319
483 3024
484 3029
485 4277
486 2324
487 2327
488 3029
489 3399
490 3038
491 3034
492 2343
493 2344
494 3039
495 5761
496 2379
497 2404
498 3069
499 5777
500 5788
501 3093
502 2463
503 3112
504 3132
505 2546
506 3151
507 3123
508 3473
509 3155
510 2500
511 3790
512 5460
513 3189
514 3118
515 3179
516 3122
517 3182
518 3180
519 6073
520 3179
521 468
522 2640
523 3202
524 2655
525 3145
526 1769
527 4945
528 2671
529 3145
530 3211
531 4956
532 2671
533 2731
534 3243
535 4251
536 3165
537 468
538 2589
539 2729
540 3208
541 3984
542 3187
543 2715
544 3236
545 1720
546 2671
547 3647
548 3225
549 2749
550 2752
551 3235
552 3273
553 2758
554 2773
555 2785
556 5003
557 3276
558 5567
559 2799
560 3283
561 1936
562 3285
563 5889
564 5587
565 2811
566 2499
567 5214
568 5895
569 3316
570 3311
571 3320
572 1349
573 3342
574 5530
575 5706
576 3755
577 5914
578 2863
579 5609
580 2908
581 3350
582 1264
583 2039
584 5086
585 3352
586 3352
587 3693
588 2792
589 3273
590 2270
591 441
592 2992
593 2272
594 3273
595 5270
596 2994
597 6086
598 2996
599 2279
600 4488
601 2997
602 5058
603 95
604 68
605 4466
606 2292
607 3143
608 3004
609 3483
610 3003
611 3007
612 2294
613 1204
614 3812
615 2302
616 4309
617 3615
618 3462
619 5740
620 3928
621 2248
622 5631
623 2229
624 2873
625 3356
626 5238
627 2218
628 884
629 743
630 2882
631 2288
632 2887
633 3357
634 839
635 5094
636 2112
637 5147
638 5110
639 5649
640 3363
641 329
642 2914
643 5719
644 3364
645 2127
646 2079
647 2260
648 2174
649 2932
650 2939
651 5131
652 2138
653 960
654 2196
655 829
656 3368
657 881
658 2948
659 2949
660 2172
661 990
662 2138
663 2958
664 4194
665 2221
666 4229
667 2962
668 3370
669 2963
670 881
671 2972
672 2974
673 3376
674 2973
675 2973
676 2229
677 4277
678 5935
679 4291
680 1012
681 2956
682 2979
683 2980
684 5716
685 3515
686 5722
687 3381
688 1000
689 3395
690 3021
691 3396
692 3399
693 4272
694 3680
695 3403
696 3412
697 5926
698 3151
699 5952
700 3416
701 3434
702 3438
703 3419
704 3425
705 5851
706 3446
707 3247
708 3289
709 3288
710 2499
711 3332
712 3340
713 3342
714 1827
715 3439
716 3464
717 3350
718 825
719 2870
720 3501
721 3523
722 2270
723 3383
724 4466
725 2197
726 3433
727 5940
728 1417
729 3001
730 3483
731 3007
732 3010
733 3387
734 3390
735 3389
736 3393
737 3486
738 3394
739 5202
740 2884
741 5708
742 895
743 3470
744 3364
745 2877
746 3472
747 3367
748 2960
749 3475
750 3476
751 3487
752 5976
753 3491
754 5926
755 5224
756 2337
757 2046
758 3507
759 3477
760 5937
761 5788
762 3478
763 3479
764 684
765 3004
766 3484
767 3830
768 3003
769 3485
770 3471
771 3512
772 2949
773 3473
774 5970
775 3517
776 3401
777 3489
778 3403
779 3542
780 3542
781 3519
782 3537
783 3522
784 5998
785 3388
786 5999
787 3525
788 3513
789 2398
790 3539
791 3528
792 3529
793 3497
794 3520
795 5998
796 3484
797 6011
798 3535
799 5952
800 3497
801 3536
802 3546
803 873
804 3545
805 3555
806 3557
807 6025
808 3560
809 3563
810 3564
811 3412
812 6013
813 3569
814 3571
815 3572
816 3573
817 3555
818 3563
819 6026
820 3582
821 3572
822 3573
823 3497
824 3575
825 3568
826 3577
827 3583
828 6032
829 3574
830 4161
831 4161
832 6037
833 3581
834 6032
835 720
836 3922
837 1250
838 4303
839 5001
840 3433
841 5258
842 3506
843 3351
844 3000
845 2891
846 3357
847 2964
848 3282
849 1185
850 3615
851 743
852 3470
853 3132
854 2323
855 1549
856 4930
857 1436
858 2346
859 3106
860 1514
861 3984
862 2354
863 2472
864 5375
865 5368
866 1510
867 2729
868 5371
869 4950
870 4802
871 2564
872 4802
873 5808
874 3145
875 3980
876 2489
877 5423
878 5961
879 3919
880 2722
881 3307
882 5841
883 1917
884 5345
885 5476
886 3959
887 4946
888 5449
889 5264
890 5236
891 5213
892 3917
893 5477
894 1824
895 494
896 1352
897 3918
898 4749
899 1167
900 3822
901 4633
902 5526
903 2628
904 3949
905 2672
906 1475
907 2594
908 2726
909 5532
910 4720
911 5477
912 3968
913 3983
914 498
915 3441
916 5509
917 4747
918 4756
919 2685
920 494
921 3984
922 486
923 2685
924 5961
925 3984
926 494
927 5477
928 3241
929 3439
930 2679
931 4955
932 2486
933 3288
934 3306
935 2760
936 2774
937 4108
938 3064
939 5569
940 5543
941 1316
942 1943
943 3439
944 5889
945 109
946 4126
947 2818
948 2822
949 3332
950 1095
951 5399
952 5965
953 5986
954 1991
955 2007
956 6086
957 5608
958 753
959 2454
960 5916
961 2223
962 4192
963 5964
964 53
965 5179
966 20
967 5964
968 3056
969 4208
970 2278
971 2299
972 5273
973 5730
974 2908
975 3513
976 5272
977 5283
978 3959
979 5760
980 4490
981 2297
982 114
983 5090
984 5684
985 4329
986 5934
987 829
988 5623
989 5623
990 5623
991 4393
992 5623
993 730
994 5149
995 1093
996 5139
997 5140
998 2906
999 5968
1000 2066
1001 5094
1002 2886
1003 252
1004 5627
1005 4194
1006 2099
1007 5660
1008 5092
1009 2087
1010 2194
1011 835
1012 5083
1013 4551
1014 2095
1015 972
1016 2194
1017 5986
1018 2259
1019 5990
1020 5107
1021 5645
1022 5968
1023 5347
1024 2899
1025 893
1026 1091
1027 4335
1028 5123
1029 5125
1030 2118
1031 5662
1032 2900
1033 5640
1034 2898
1035 5645
1036 5922
1037 2125
1038 5224
1039 5633
1040 5645
1041 5133
1042 4451
1043 784
1044 899
1045 5923
1046 3359
1047 5149
1048 5151
1049 879
1050 5658
1051 1065
1052 2164
1053 5658
1054 951
1055 2219
1056 5226
1057 5170
1058 4429
1059 896
1060 806
1061 4428
1062 5074
1063 4254
1064 5926
1065 5670
1066 5179
1067 2176
1068 5184
1069 5930
1070 2375
1071 730
1072 3683
1073 2185
1074 5187
1075 962
1076 968
1077 259
1078 2942
1079 5679
1080 2195
1081 2388
1082 4329
1083 851
1084 5934
1085 5252
1086 5089
1087 5234
1088 4247
1089 2033
1090 5210
1091 5141
1092 1074
1093 1008
1094 4598
1095 5689
1096 4335
1097 3470
1098 4433
1099 2959
1100 4175
1101 5231
1102 5232
1103 5233
1104 3428
1105 1908
1106 713
1107 4398
1108 4367
1109 5697
1110 5241
1111 5242
1112 2257
1113 5243
1114 2162
1115 3512
1116 4346
1117 5231
1118 5243
1119 4437
1120 1070
1121 5930
1122 5700
1123 5003
1124 2246
1125 4429
1126 3472
1127 1504
1128 5063
1129 1221
1130 4445
1131 5209
1132 4358
1133 4445
1134 3772
1135 4109
1136 849
1137 992
1138 2984
1139 5649
1140 5721
1141 5063
1142 5718
1143 3413
1144 4159
1145 3508
1146 3023
1147 5943
1148 741
1149 5308
1150 1865
1151 4980
1152 4926
1153 2227
1154 4202
1155 3070
1156 5778
1157 3413
1158 5371
1159 2634
1160 5821
1161 5344
1162 2799
1163 2616
1164 5461
1165 433
1166 1695
1167 4945
1168 3117
1169 4872
1170 5818
1171 4945
1172 5828
1173 5477
1174 3825
1175 494
1176 3983
1177 2710
1178 5536
1179 2739
1180 4958
1181 4913
1182 4500
1183 5300
1184 2287
1185 3289
1186 2812
1187 5592
1188 2830
1189 3355
1190 3307
1191 5912
1192 3346
1193 847
1194 5935
1195 3345
1196 3478
1197 2866
1198 5917
1199 5062
1200 3065
1201 5268
1202 2379
1203 5725
1204 5726
1205 65
1206 1212
1207 3709
1208 5926
1209 5735
1210 5613
1211 125
1212 5289
1213 1986
1214 3013
1215 3014
1216 5247
1217 5920
1218 2229
1219 2221
1220 2881
1221 4166
1222 5625
1223 847
1224 5922
1225 4238
1226 4237
1227 2087
1228 5121
1229 2954
1230 5639
1231 4371
1232 5147
1233 2905
1234 5659
1235 2912
1236 2195
1237 2121
1238 829
1239 4229
1240 5927
1241 5684
1242 5147
1243 5146
1244 5693
1245 2987
1246 849
1247 5222
1248 5221
1249 2870
1250 5661
1251 2265
1252 2226
1253 5700
1254 5700
1255 5237
1256 5238
1257 5148
1258 2265
1259 847
1260 3379
1261 847
1262 5709
1263 5710
1264 5711
1265 5709
1266 2985
1267 1024
1268 5721
1269 4271
1270 5679
1271 783
1272 2223
1273 5945
1274 5821
1275 3414
1276 5955
1277 5958
1278 5956
1279 1246
1280 5889
1281 2287
1282 5911
1283 5708
1284 3473
1285 4226
1286 2416
1287 4465
1288 1155
1289 2890
1290 3418
1291 5268
1292 3359
1293 5737
1294 5941
1295 2302
1296 5289
1297 5975
1298 2197
1299 5970
1300 3359
1301 3684
1302 5969
1303 5926
1304 5952
1305 2223
1306 5592
1307 5231
1308 5971
1309 3081
1310 4350
1311 5972
1312 3480
1313 5968
1314 5992
1315 5993
1316 5991
1317 3474
1318 3505
1319 6010
1320 6006
1321 5312
1322 3524
1323 5994
1324 3567
1325 6002
1326 5982
1327 3523
1328 3543
1329 3491
1330 3548
1331 3582
1332 3573
1333 3565
1334 3546
1335 3567
1336 3497
1337 6027
1338 3578
1339 6031
1340 3584
1341 732
1342 732
1343 3584
1344 4161
1345 3588
1346 4511
1347 5916
1348 5922
1349 5697
1350 5885
1351 4166
1352 5967
