0 5175
1 1388
2 2361
3 142
4 2154
5 2362
6 2365
7 2989
8 2367
9 52
10 5643
11 1445
12 2385
13 3014
14 455
15 3018
16 3332
17 308
18 3332
19 2948
20 3276
21 2791
22 3697
23 2193
24 2431
25 2434
26 1510
27 5361
28 1125
29 2465
30 6060
31 3060
32 3709
33 2462
34 1511
35 2469
36 2461
37 2657
38 2460
39 2459
40 2186
41 2481
42 3079
43 3006
44 5087
45 3962
46 3564
47 2585
48 3077
49 5583
50 5083
51 2835
52 2564
53 1320
54 3074
55 5791
56 5903
57 2523
58 1608
59 5816
60 5952
61 1847
62 3135
63 491
64 2497
65 2536
66 2556
67 2598
68 5428
69 3122
70 3101
71 2550
72 2541
73 2605
74 2967
75 2600
76 3256
77 2605
78 3398
79 2583
80 2644
81 2827
82 3007
83 3007
84 3013
85 2562
86 3390
87 3122
88 1728
89 3007
90 3385
91 383
92 2585
93 1937
94 3412
95 3274
96 2656
97 2550
98 2592
99 23
100 5431
101 21
102 1781
103 3007
104 2716
105 3390
106 3390
107 1703
108 3800
109 4048
110 2648
111 2592
112 5404
113 4867
114 5961
115 2598
116 2669
117 5855
118 3399
119 1050
120 1559
121 2475
122 3107
123 1620
124 801
125 617
126 624
127 624
128 3223
129 1946
130 1847
131 625
132 576
133 2645
134 2719
135 634
136 645
137 645
138 4950
139 2726
140 2755
141 635
142 3400
143 1883
144 634
145 2689
146 1883
147 2762
148 1883
149 1883
150 2755
151 1824
152 2819
153 2819
154 2783
155 2832
156 1119
157 1559
158 2843
159 2980
160 2825
161 2837
162 5605
163 3266
164 2850
165 833
166 559
167 1128
168 3038
169 2960
170 3112
171 132
172 3613
173 3285
174 5144
175 3111
176 2202
177 2864
178 193
179 5638
180 5642
181 2005
182 1311
183 4958
184 2878
185 861
186 2880
187 1761
188 5116
189 5663
190 5222
191 4401
192 5654
193 2897
194 3317
195 2903
196 3377
197 2906
198 2899
199 1873
200 5960
201 4443
202 2909
203 3324
204 2913
205 3706
206 3607
207 5895
208 4886
209 2442
210 1679
211 5617
212 921
213 3332
214 2233
215 3332
216 3332
217 2928
218 2931
219 2248
220 2247
221 1482
222 565
223 2254
224 2351
225 5226
226 2261
227 665
228 1059
229 2328
230 945
231 2396
232 3355
233 2259
234 2279
235 955
236 2280
237 5683
238 2936
239 1075
240 2264
241 68
242 5889
243 43
244 68
245 1104
246 2545
247 1074
248 3487
249 3444
250 3145
251 3286
252 746
253 1096
254 1035
255 746
256 2704
257 2819
258 2434
259 4363
260 323
261 3033
262 4379
263 4368
264 1418
265 64
266 2188
267 2231
268 1111
269 1110
270 2024
271 1183
272 2247
273 1115
274 3722
275 5632
276 2950
277 1255
278 2087
279 927
280 1318
281 2312
282 4589
283 2115
284 923
285 1126
286 622
287 1105
288 5890
289 5942
290 1603
291 1121
292 1134
293 2291
294 4038
295 1168
296 1146
297 3431
298 2953
299 177
300 1141
301 4462
302 5281
303 2291
304 4527
305 1147
306 2285
307 1172
308 2954
309 187
310 442
311 2303
312 140
313 5694
314 927
315 2293
316 4082
317 2310
318 3886
319 2313
320 3705
321 1353
322 1284
323 2318
324 93
325 4698
326 2504
327 2211
328 123
329 4558
330 2292
331 2292
332 1145
333 2309
334 4429
335 131
336 1241
337 2315
338 2299
339 4501
340 2930
341 2324
342 1127
343 1284
344 2253
345 1286
346 2253
347 1145
348 4544
349 1170
350 111
351 5983
352 1282
353 1161
354 2325
355 1142
356 162
357 1241
358 6019
359 711
360 1230
361 1037
362 5351
363 5295
364 2288
365 1261
366 1377
367 1220
368 2327
369 1205
370 1226
371 2323
372 1255
373 1146
374 1226
375 4462
376 2326
377 1368
378 279
379 2322
380 2235
381 1106
382 4481
383 1242
384 2330
385 1226
386 1239
387 1242
388 1195
389 1226
390 143
391 5703
392 4576
393 3722
394 1195
395 143
396 5278
397 4550
398 2328
399 4549
400 1297
401 4489
402 2326
403 2331
404 2288
405 1260
406 1124
407 2329
408 1284
409 2253
410 1372
411 2252
412 4596
413 2329
414 2251
415 2432
416 1294
417 1256
418 2342
419 6076
420 2252
421 5212
422 1277
423 1328
424 5300
425 297
426 1310
427 5923
428 5433
429 1319
430 4484
431 5288
432 2477
433 5942
434 132
435 3547
436 2344
437 1563
438 1309
439 1256
440 2504
441 2335
442 2087
443 1307
444 1307
445 2967
446 2329
447 1307
448 2341
449 1339
450 4394
451 5212
452 4500
453 1320
454 1321
455 1317
456 4530
457 2341
458 1320
459 4556
460 3720
461 2400
462 1331
463 2345
464 1320
465 4556
466 3622
467 1337
468 2506
469 1350
470 1350
471 1345
472 5717
473 1359
474 1360
475 1358
476 4587
477 1380
478 4587
479 3216
480 2354
481 1369
482 1366
483 1372
484 1384
485 1237
486 1384
487 111
488 2347
489 5328
490 2353
491 4600
492 4125
493 3337
494 4703
495 1374
496 1550
497 110
498 1170
499 2972
500 2974
501 2970
502 5710
503 2983
504 1551
505 3365
506 3000
507 3006
508 3007
509 1250
510 1625
511 5330
512 3011
513 3025
514 3026
515 3035
516 3034
517 2417
518 2424
519 2429
520 3049
521 3052
522 2445
523 2899
524 3060
525 2462
526 3045
527 2469
528 3072
529 3070
530 5944
531 3071
532 3080
533 3081
534 2494
535 3100
536 3077
537 3088
538 3107
539 104
540 3102
541 3127
542 3101
543 3133
544 3385
545 3118
546 3164
547 3096
548 3112
549 3148
550 3140
551 2637
552 5458
553 4146
554 3154
555 3101
556 3156
557 2679
558 3178
559 3177
560 5494
561 3171
562 3139
563 3132
564 3194
565 2000
566 3224
567 2634
568 634
569 4101
570 3180
571 3188
572 3223
573 3188
574 3188
575 3203
576 3169
577 3221
578 1512
579 3406
580 2802
581 3294
582 2826
583 3250
584 1697
585 5611
586 3269
587 3438
588 3267
589 3273
590 3276
591 3416
592 3278
593 5418
594 3288
595 2872
596 3294
597 3293
598 1212
599 3297
600 3300
601 3302
602 2877
603 3307
604 2880
605 2881
606 5116
607 5582
608 2904
609 5960
610 2005
611 2909
612 2913
613 3845
614 1181
615 3203
616 2921
617 5247
618 5302
619 2924
620 2240
621 363
622 1157
623 823
624 3750
625 4428
626 991
627 2255
628 5679
629 5969
630 2933
631 4761
632 1102
633 4483
634 2939
635 272
636 2262
637 2265
638 4744
639 4378
640 2942
641 2944
642 2945
643 1074
644 5733
645 4528
646 5289
647 1507
648 2263
649 2948
650 3060
651 3157
652 3376
653 2938
654 2264
655 5970
656 2867
657 66
658 3677
659 2162
660 854
661 4590
662 3049
663 2298
664 1135
665 2951
666 2290
667 1123
668 2308
669 2311
670 2312
671 2959
672 2300
673 2292
674 2296
675 1189
676 2301
677 2962
678 1217
679 93
680 2308
681 1226
682 2307
683 2314
684 1152
685 2314
686 2326
687 2963
688 4389
689 2964
690 2334
691 2966
692 2335
693 2965
694 2966
695 2504
696 5316
697 2349
698 1289
699 1358
700 2352
701 1366
702 3750
703 2959
704 167
705 2956
706 238
707 1550
708 3361
709 3364
710 3368
711 4456
712 3369
713 3040
714 3411
715 5944
716 3380
717 5780
718 5821
719 3393
720 3388
721 3396
722 3386
723 5855
724 3267
725 3287
726 1216
727 4943
728 2646
729 3428
730 5966
731 1389
732 3433
733 3435
734 5907
735 3438
736 3336
737 5934
738 3340
739 67
740 3344
741 3343
742 2279
743 2940
744 5948
745 3345
746 3346
747 3444
748 2282
749 3348
750 4368
751 2783
752 2284
753 2850
754 3353
755 3468
756 1222
757 1281
758 3354
759 2153
760 2299
761 2960
762 2321
763 2323
764 5975
765 3357
766 1379
767 3358
768 3449
769 3449
770 3451
771 1267
772 3383
773 5981
774 3465
775 3437
776 3467
777 3028
778 3440
779 959
780 2592
781 5116
782 3154
783 3443
784 590
785 4659
786 2262
787 3445
788 1361
789 3446
790 5280
791 3449
792 5992
793 3447
794 4497
795 4593
796 5313
797 3449
798 52
799 6078
800 2391
801 3469
802 5984
803 3470
804 5986
805 3473
806 3474
807 5976
808 3475
809 3494
810 3478
811 3495
812 3464
813 3487
814 5987
815 5975
816 5363
817 3522
818 3490
819 5996
820 3479
821 5997
822 5988
823 3502
824 3499
825 1294
826 3514
827 3516
828 3518
829 3479
830 3506
831 3508
832 3479
833 3519
834 3509
835 3511
836 6004
837 3521
838 3508
839 3522
840 3513
841 3464
842 3777
843 5419
844 3505
845 5321
846 919
847 3536
848 3525
849 3525
850 4284
851 4377
852 5188
853 3537
854 6069
855 3388
856 3444
857 2953
858 4481
859 1242
860 2335
861 2400
862 2990
863 3348
864 2333
865 3441
866 3481
867 861
868 4616
869 3605
870 4653
871 4654
872 228
873 4426
874 4531
875 170
876 1503
877 4393
878 1483
879 5670
880 2440
881 4967
882 1937
883 125
884 3062
885 1640
886 5219
887 2070
888 2517
889 5356
890 3127
891 2599
892 2552
893 3132
894 5497
895 1736
896 5955
897 5725
898 5434
899 3438
900 4967
901 1846
902 5458
903 605
904 5904
905 5855
906 575
907 5042
908 2737
909 5495
910 2819
911 2586
912 2552
913 3193
914 4085
915 4049
916 2499
917 5487
918 5487
919 5087
920 4050
921 4854
922 4084
923 2737
924 4085
925 5558
926 625
927 1931
928 4101
929 4102
930 4192
931 5278
932 4719
933 5458
934 2815
935 5895
936 5586
937 170
938 4975
939 2267
940 5116
941 4459
942 2861
943 3414
944 5644
945 5637
946 2867
947 2874
948 4516
949 4396
950 1117
951 4952
952 4262
953 5647
954 2368
955 618
956 5913
957 5649
958 2892
959 5659
960 901
961 5663
962 1580
963 5927
964 2982
965 1295
966 3293
967 5129
968 4507
969 684
970 1519
971 4450
972 291
973 5251
974 1995
975 5889
976 4358
977 3662
978 1122
979 2256
980 3850
981 4326
982 2905
983 5889
984 2938
985 3353
986 5262
987 2245
988 2265
989 3319
990 1100
991 164
992 5973
993 4386
994 4517
995 4296
996 5649
997 4396
998 5214
999 4498
1000 6080
1001 189
1002 4295
1003 3740
1004 1145
1005 3398
1006 5299
1007 4401
1008 4409
1009 4560
1010 4299
1011 4414
1012 5693
1013 120
1014 4404
1015 4585
1016 4415
1017 1166
1018 4434
1019 4435
1020 4503
1021 5694
1022 4413
1023 5230
1024 4610
1025 5270
1026 5271
1027 4610
1028 2414
1029 119
1030 4579
1031 4426
1032 2959
1033 4285
1034 5281
1035 4576
1036 4577
1037 5214
1038 5283
1039 5289
1040 5290
1041 1223
1042 2193
1043 3701
1044 3464
1045 3619
1046 5291
1047 3886
1048 2331
1049 4441
1050 2899
1051 5359
1052 2332
1053 5296
1054 5297
1055 5299
1056 1222
1057 5287
1058 5286
1059 4494
1060 5293
1061 5285
1062 4481
1063 160
1064 4498
1065 4414
1066 4481
1067 4686
1068 573
1069 911
1070 1188
1071 1226
1072 4481
1073 4730
1074 4481
1075 4577
1076 1351
1077 1292
1078 1318
1079 4499
1080 2162
1081 2064
1082 5268
1083 5960
1084 4403
1085 2337
1086 5919
1087 2186
1088 890
1089 4499
1090 5301
1091 4396
1092 4476
1093 2335
1094 4470
1095 4538
1096 3318
1097 1127
1098 3373
1099 2477
1100 5302
1101 2336
1102 5300
1103 4572
1104 179
1105 4568
1106 4594
1107 1116
1108 2024
1109 918
1110 4549
1111 1301
1112 169
1113 4549
1114 134
1115 4395
1116 4572
1117 1327
1118 4549
1119 410
1120 5303
1121 5634
1122 3681
1123 1363
1124 3036
1125 3374
1126 1363
1127 5311
1128 5312
1129 1373
1130 4610
1131 3690
1132 3701
1133 1355
1134 2322
1135 1232
1136 2024
1137 664
1138 4348
1139 1168
1140 1306
1141 4431
1142 2982
1143 3734
1144 5712
1145 2390
1146 5734
1147 5745
1148 5349
1149 5427
1150 4433
1151 5755
1152 3062
1153 3049
1154 5584
1155 5387
1156 5368
1157 5816
1158 5795
1159 5808
1160 2592
1161 693
1162 5795
1163 5495
1164 5821
1165 3040
1166 5116
1167 634
1168 4102
1169 2776
1170 2726
1171 3244
1172 5596
1173 5588
1174 5611
1175 3265
1176 209
1177 2506
1178 5902
1179 3007
1180 2868
1181 2870
1182 2523
1183 1592
1184 3300
1185 1140
1186 3294
1187 5647
1188 5913
1189 5642
1190 5664
1191 3734
1192 4551
1193 151
1194 3546
1195 1425
1196 3446
1197 2934
1198 159
1199 573
1200 5252
1201 3345
1202 5938
1203 5689
1204 2943
1205 5255
1206 5928
1207 1057
1208 5972
1209 1532
1210 5985
1211 599
1212 5316
1213 75
1214 5284
1215 1364
1216 5319
1217 5274
1218 4354
1219 4730
1220 5696
1221 4417
1222 5275
1223 4449
1224 5276
1225 4594
1226 1258
1227 4541
1228 4481
1229 5314
1230 1348
1231 5700
1232 5212
1233 5299
1234 5300
1235 5702
1236 5701
1237 4419
1238 2356
1239 5315
1240 5305
1241 4671
1242 3750
1243 1260
1244 2279
1245 2327
1246 3782
1247 5980
1248 5505
1249 3379
1250 3075
1251 5960
1252 5959
1253 5856
1254 4564
1255 4270
1256 3430
1257 3440
1258 3746
1259 3339
1260 5935
1261 5936
1262 5992
1263 2945
1264 5689
1265 2944
1266 5938
1267 5972
1268 3666
1269 5987
1270 5265
1271 5266
1272 5942
1273 1347
1274 5359
1275 3357
1276 5288
1277 3447
1278 5944
1279 4603
1280 4498
1281 5977
1282 5970
1283 5974
1284 5268
1285 1117
1286 5975
1287 1254
1288 4542
1289 1217
1290 2355
1291 5314
1292 3484
1293 3469
1294 3471
1295 5638
1296 3448
1297 3480
1298 5983
1299 3472
1300 3447
1301 3489
1302 5994
1303 3492
1304 3493
1305 5975
1306 3512
1307 5983
1308 3512
1309 3528
1310 5957
1311 3521
1312 3528
1313 3814
1314 6008
1315 896
1316 2149
1317 5971
1318 5693
1319 1226
1320 5300
1321 3251
1322 4540
1323 5298
1324 5901
