2500
417.896 285.568
581.239 201.61
1223.27 417.894
595.375 567.509
606.14 91.4427
464.756 256.867
577.726 390.022
434.75 259.421
1037.79 762.477
555.919 335.291
422.112 416.793
621.853 318.7
1132.29 423.89
1224.14 498.399
434.282 269.293
513.239 108.927
1163.16 571.732
410.353 358.221
605.416 292.447
998.973 594.964
953.096 687.685
969.556 577.52
492.651 283.68
540.785 562.173
708.859 256.938
1025.07 370.73
506.751 327.051
327.691 190.769
780.201 253.216
635.304 287.999
1075.61 788.846
336.37 385.872
1167.35 368.087
511.271 306.925
932.235 667.879
973.225 514.238
625.343 288.684
620.38 609.125
653.125 222.224
1242.18 520.506
935.845 663.984
461.129 459.176
630.098 172.761
1012.23 458.278
393.151 151.997
588.994 300.877
392.808 392.918
1078.17 623.265
555.919 335.291
1101.45 414.663
1217.53 419.163
420.378 243.082
516.846 321.147
600.371 283.41
1275.57 471.198
573.835 286.079
391.322 369.509
334.037 371.989
1323.25 487.495
409.536 354.413
533.754 302.071
581.285 310.942
1074.33 613.119
1182.28 381.49
412.161 438.598
400.818 358.654
541.56 316.338
1133.92 349.083
1040.27 586.707
1249.82 620.98
992.594 725.121
519.216 410.15
435.565 258.499
446.155 435.862
363.459 381.508
951.6 492.09
1023.35 553.108
694.785 478.156
614.927 321.107
1199.05 484.093
971.561 707.187
538.166 301.826
501.948 410.321
852.172 263.398
1229.69 515.286
974.306 708.768
457.581 142.513
589.851 290.756
1073.74 800.088
1224.14 494.621
413.418 346.845
1035.91 458.672
573.603 392.81
1011.71 554.2
565.155 311.508
404.637 441.136
408.934 175.218
1058.38 583.333
445.668 413.105
1012.5 736.864
595.607 329.138
660.749 240.599
575.561 214.591
566.797 346.461
607.09 296.191
624.108 379.973
734.195 173.55
705.411 188.669
355.022 240.509
1335.14 501.313
408.65 440.603
996.144 602.424
794.581 647.261
1221.78 510.634
473.864 406.578
1179.8 461.402
1180.57 463.266
318.535 196.349
933.159 671.296
585.263 518.781
628.356 607.644
1101.68 642.401
457.695 309.407
1077.26 372.694
554.768 596.016
680.08 554.88
1096.19 557.454
1260.66 437.628
1106.46 336.489
562.21 132.669
580.216 322.594
390.253 431.967
1103.43 639.561
957.565 696.761
955.452 294.283
1047.24 522.688
355.022 240.509
422.952 301.116
568.234 334.357
640.233 302.806
1110.72 328.614
1153.19 556.325
1045.43 573.064
572.365 205.743
618.875 319.637
1275.42 451.642
607.563 559.516
628.807 315.803
351.218 438.578
878.014 233.27
1042.72 559.251
459.1 458.377
687.647 491.343
325 199.502
799.431 633.306
940.229 551.706
988.683 588.599
440.466 257.924
932.1 533.841
1157.16 609.16
542.363 307.159
1106.47 337.711
395.594 429.608
1022.41 428.76
364.658 397.074
1147.03 356.43
1061.74 372.471
994.079 586.045
1249.89 433.662
1047.24 522.688
429.337 438.719
345.471 243.515
1258.02 437.953
991.398 588.182
510.644 324.395
595.055 294.731
626.315 290.374
988.243 595.915
971.211 580.617
406.377 386.26
460.057 413.015
696.738 447.186
412.219 357.901
982.937 710.916
341.557 305.842
564.924 421.754
1163.03 451.338
977.179 585.896
616.281 294.495
1047.14 768.003
1125.55 336.442
539.917 310.381
922.806 531.513
409.287 276.846
503.339 328.199
1150.25 354.026
1106.92 328.574
580.685 220.256
620.37 605.664
944.179 551.932
336.194 369.878
960.726 696.812
927.022 535.286
702.375 459.114
437.137 382.793
593.319 293.732
643.888 452.967
561.594 312.038
699.049 445.267
653.894 216.469
629.79 322.514
380.474 395.68
1006.51 733.007
1223.45 511.001
538.807 405.809
765.909 274.429
580.036 217.912
396.667 259.39
351.264 231.364
1143.27 450.916
1090.27 395.226
1092.7 488.915
942.802 553.463
1208.29 491.572
577.475 590.072
569.413 148.184
1224.4 417.441
580.727 306.709
1008.6 741.116
407.56 282.176
1161.6 553.496
1178.61 607.377
889.647 353.771
393.572 430.315
1043.63 576.192
1094.07 407.738
413.019 365.137
682.301 490.381
997.209 549.249
366.005 190.353
463.728 408.352
565.192 139.806
1252.68 431.199
1021.29 467.573
526.63 159.93
551.362 531.969
364.297 369.435
524.158 288.148
1231.27 416.886
684.306 498.374
588.659 381.275
333.669 379.04
422.473 176.268
926.749 542.359
719.783 407.275
558.554 385.124
641.803 199.169
582.864 329.089
524.353 608.881
524.208 315.251
1242.18 520.506
377.385 158.579
1132.48 438.369
364.78 439.913
503.747 418.018
1156.53 454.943
584.207 572.568
991.147 710.832
310.383 245.097
562.333 394.996
980.93 592.171
536.686 394.735
1163.14 460.132
980.895 713.268
552.396 307.28
558.48 337.304
415.98 384.462
512.822 189.15
539.042 567.309
347.875 404.493
567.287 307.508
387.739 154.01
421.083 422.101
1111.81 327.136
1296.67 470.93
1254.61 435.682
630.974 314.739
928.522 662.45
459.818 130.853
576.277 217.585
420.646 348.286
536.561 154.247
565.519 307.345
1148.7 448.799
619.331 291.97
507.252 183.718
961.87 572.627
593.42 309.75
1085.88 394.054
1024.68 747.323
631.846 285.624
951.039 558.109
645.559 309.909
382.085 395.285
583.89 607.791
702.007 167.377
1129.89 336.379
343.275 228.935
1045.43 573.064
633.578 314.661
969.396 564.888
984.275 709.267
772.667 265.477
982.306 587.023
622.494 519.068
1107.3 405.908
586.492 254.351
490.617 172.884
309.085 246.681
471.7 407.57
593.305 375.579
502.144 156.763
520.812 400.95
360.916 185.756
1297.61 489.066
516.002 188.601
1063.29 375.695
574.335 343.787
1043.48 573.607
1022.41 428.76
627.636 377.265
1092.55 486.245
511.687 188.276
353.808 153.369
1235.95 523.553
403.407 402.468
618.99 178.355
1141.77 446.584
542.622 556.703
567.701 140.293
343.857 445.225
965.698 286.218
1431.43 546.799
1015.78 744.933
608.715 337.104
1138.57 443.227
959.722 570.06
417.343 438.994
361.036 400.989
390.672 291.673
611.824 524.314
533.227 311.053
700.544 168.183
1028.6 485.141
1169.55 469.202
924.832 525.857
402.101 307.168
1094.83 526.107
325.482 192.23
868.419 272.323
541.698 398.537
837.134 538.765
556.664 595.903
585.06 293.107
500.286 324.853
960.767 487.258
979.483 579.722
553.762 537.739
957.825 689.29
1274.24 449.639
533.31 251.074
526.569 184.053
674.248 557.51
1186.68 565.677
1044.71 774.359
394.848 163.829
1088.63 804.093
1070.92 788.653
1171.82 614.047
970.358 527.066
541.698 398.537
1177.91 479.035
1119.24 327.391
353.323 468.263
700.563 452.881
997.345 724.835
581.285 310.942
448.763 411.92
959.18 565.898
1018.3 749.971
590.464 297.325
583.108 294.526
1079.83 805.455
912.022 520.724
609.396 325.129
1110.98 327.899
968.73 565.827
581.349 223.458
1141.61 448.602
1097.33 813.653
976.213 575.771
576.852 582.706
356.654 369.12
963.495 689.382
352.4 377.831
610.79 331.24
398.559 394.586
628.234 321.73
1074.22 388.122
363.073 190.284
1188.85 577.049
1199.05 484.093
390.605 160.127
404.299 399.005
579.365 132.893
1142.87 351.333
1079.76 799.747
625.883 604.252
610.849 132.346
565.066 423.175
983.161 588.52
644.186 306.658
543.832 124.841
589.761 570.595
978.741 579.69
1337.92 499.87
1203.63 494.508
461.184 454.757
1078.72 798.546
443.892 352.579
577.055 261.748
522.121 330.131
933.915 661.232
426.112 218.102
932.738 542.702
643.005 198.656
1160.53 580.941
1152.83 553.194
282.34 164.211
428.129 416.812
574.753 391.437
1146.97 561.276
373.738 396.389
613.688 131.263
411.204 386.452
410.07 280.212
397.957 162.499
1147.78 448.347
449.341 434.921
362.945 235.829
1293.85 467.83
359.216 401.083
566.271 143.186
1095.17 822.28
558.48 337.304
1179.26 476.744
924.795 658.846
1142.85 446.045
618.881 503.191
539.935 394.435
707.081 261.545
1096.75 395.584
1037.6 756.55
574.756 333.28
1094.07 407.738
427.033 258.681
945.417 498.444
1132.16 418.921
488.365 413.904
691.886 458.139
1118.32 337.653
558.968 313.585
408.658 249.488
598.335 302.908
1119.21 421.786
553.005 431.688
530.629 396.973
1104.59 408.986
326.932 194.981
918.853 534.051
391.609 162.529
497.649 146.568
679.84 491.254
376.544 315.228
411.917 176.412
990.122 712.059
604.772 557.158
353.245 444.217
661.126 576.945
468.289 423.218
465.858 156.352
1115.71 839.72
939.397 669.153
543.292 402.276
1144.02 439.486
626.211 165.699
469.421 344.154
1030.83 751.185
508.5 185.278
607.425 235.969
565.519 307.345
921.815 536.392
950.94 684.817
415.09 138.359
456.987 410.508
1014.7 736.663
589.444 343.195
412.218 385.654
607.875 123.074
382.639 455.025
588.897 341.017
417.197 349.183
386.894 361.169
1136.96 432.918
345.694 371.112
611.54 324.318
594.176 326.578
592.797 326.309
1165.78 370.577
980.416 583.186
610.038 130.399
527.618 183.649
583.742 323.844
950.45 561.699
1170.65 578.444
1197.33 580.419
615.426 328.921
736.679 172.228
579.754 290.813
958.589 686.217
1034.6 568.984
1198.68 388.591
571.994 108.264
810.32 323.275
1040.58 770.803
640.233 302.806
309.519 196.735
629.236 477.684
510.581 320.345
589.433 328.607
1095.64 819.203
1216.86 424.991
989.28 598.997
608.365 561.973
369.315 444.304
416.439 279.528
1012.81 738.809
1235.95 523.553
342.619 361.281
535.373 304.197
553.917 133.875
574.12 205.541
1331.9 497.842
1119.63 329.837
979.197 576.825
468.289 423.218
1020.63 839.874
947.81 493.667
573.857 122.189
594.778 306.097
625.099 317.6
790.196 643.162
947.304 549.505
1197.15 482.475
504.64 404.859
536.032 300.455
919.227 527.751
548.6 125.639
1085.62 802.505
579.22 309.131
612.381 219.039
629.366 275.384
495.082 337.756
1091 486.234
336.486 168.491
972.275 706.451
1136.83 447.127
859.064 270.199
602.848 328.82
988.258 494.333
543.292 402.276
1153.17 453.754
463.728 408.352
916.556 526.695
1216.98 412.971
959.264 573.315
1020.97 754.706
1044.23 458.843
1318.58 482.02
997.017 596.117
1006.52 735.879
427.393 318.91
567.413 391.222
1153.61 444.554
932.1 533.841
1284.54 648.802
401.907 171.284
1175.99 469.366
1063.89 785.875
411.554 183.842
374.918 460.592
323.612 285.276
721.248 219.089
307.864 224.437
1101.68 642.401
429.337 438.719
513.308 173.603
912.853 519.508
957.485 565.007
920.989 663.001
1165.78 370.577
1104.49 819.969
1129.95 426.993
1251.91 432.35
551.378 121.036
1090.29 806.023
624.823 602.239
507.252 183.718
573.602 202.876
541.439 314.821
636.206 476.876
1040.35 760.395
984.077 592.313
1236.03 516.663
989.854 586.978
428.427 302.729
939.545 676.307
603.836 575.593
385.463 393.841
1425.06 547.74
445.468 432.431
948.006 679.456
1218.66 417.466
1148.27 442.015
566.509 340.14
564.479 119.198
459.584 422.669
639.108 376.897
538.993 107.824
551.742 135.401
310.204 191.012
410.353 358.221
1233.47 419.453
1232.26 435.847
1016.68 557.087
1000.63 725.04
1058.7 784.551
778.088 248.667
926.975 656.823
1080.36 393.83
674.218 546.277
365.852 187.167
535.817 302.672
456.148 409.188
751.798 641.682
989.445 588.061
572.744 603.318
948.499 326.8
991.521 725.302
1141.35 346.639
597.879 289.399
912.596 528.38
441.741 343.438
685.318 497.1
408.918 180.266
593.749 494.278
1021.24 746.653
364.78 439.913
629.714 612.251
987.304 509.857
362.6 377.312
367.72 192.748
612.583 326.931
891.633 413.709
917.458 523.167
1150.6 550.827
306.044 192.774
381.72 393.57
1142.23 444.88
579.807 330.265
998.578 425.831
668.791 562.805
1115.01 414.687
630.305 176.457
570.399 573.252
1071.33 368.994
1071.33 368.994
938.258 552.37
1129.88 437.246
617.604 216.911
621.65 597.602
387.099 221.209
551.993 427.003
494.117 321.247
548.784 79.2026
1154.87 446.775
1012.21 486.745
1144.71 441.756
1334.36 590.085
599.711 595.746
560.119 305.512
507.545 414.432
579.189 339.343
1110.81 528.427
1207.26 501.071
578.841 310.272
421.207 352.594
906.464 366.912
606.14 91.4427
1079.46 476.491
1223.65 505.297
436.597 261.511
668.012 312.974
1041.36 767.242
1090.33 810.914
405.483 348.621
355.043 368.196
1142.23 444.88
1189.56 478.391
1270.62 447.608
1121.36 420.599
442.271 415.526
413.308 356.144
645.744 324.444
583.065 383.568
581.404 332.727
568.872 423.387
396.212 368.268
1086.67 393.089
605.203 164.456
1160.53 580.941
581.285 310.942
638.145 288.881
413.418 346.845
570.912 345.539
363.459 381.508
1049.45 778.892
1116.04 623.711
343.419 407.368
977.788 704.411
931.982 669.988
470.456 405.915
626.479 284.71
333.747 378.891
584.889 144.424
407.919 150.155
1181.7 479.55
434.212 261.558
387.29 429.987
592.526 381.852
412.918 348.577
310.837 231.002
635.035 301.118
359.163 371.013
1180.19 388.119
585.177 127.946
1111.05 327.869
420.414 443.258
326.932 194.981
539.652 565.625
1038.64 465.774
358.9 373.721
333.837 529.234
588.701 303.473
593.752 323.785
360.968 385.27
968.987 697.643
469.392 408.277
602.248 283.441
1073.26 387.862
504.125 337.194
406.038 353.435
987.271 713.596
643.093 202.429
1104.12 412.539
999.852 520.271
531.134 438.313
926.698 665.46
1098.64 825.353
648.806 321.524
543.393 320.831
1183.07 377.173
504.614 179.966
446.201 311.681
340.24 408.377
993.416 590.671
569.851 563.332
1228.69 419.172
631.036 168.147
382.364 175.031
1094.44 399.623
1270.62 447.608
1124.35 582.876
382.647 363.913
383.015 434.886
735.072 177.249
1053.43 599.779
619.088 228.585
402.172 276.497
630.974 314.739
497.213 325.642
671.896 516.81
356.956 401.059
510.65 186.863
1049.53 767.21
672.342 531.115
583.065 383.568
1238.63 517.564
1180.19 388.119
297.485 173.045
920.943 537.21
1024.19 755.469
382.412 394.687
1271.84 452.989
582.273 127.851
1121.36 331.906
382.15 172.497
333.092 374.558
533.649 113.924
283.302 187.49
346.392 247.952
1079.34 475.112
705.552 168.199
599.234 325.655
563.991 337.585
1056.94 545.332
707.262 486.767
619.127 314.054
586.563 526.32
1090.38 563.44
629.79 322.514
934.154 539.818
986.077 484.486
363.073 190.284
463.367 160.947
1116.34 591.704
457.745 429.868
970.898 576.16
420.995 421.01
991.323 595.212
1098.11 821.148
1025.33 394.255
640.233 302.806
1083.77 593.776
333.092 374.558
410.436 358.213
953.229 568.902
1081.87 385.875
483.312 175.958
466.887 306.802
1112.95 413.555
605.268 306.027
1119.21 421.786
599.373 324.071
673.455 526.762
962.086 464.048
358.476 364.515
1161.41 458.938
926.076 533.396
609.65 558.161
570.612 201.222
477.775 456.773
391.924 370.99
580.373 294.587
1114.45 330.528
949.58 493.964
1130.59 543.197
560.191 305.134
394.848 163.829
412.161 438.598
615.774 128.142
1058.38 583.333
589.219 307.512
369.863 370.127
531.627 209.122
601.948 182.465
947.81 493.667
1174.16 469.664
932.93 545.709
359.443 223.658
594.291 296.444
422.136 255.393
332.033 534.939
488.277 417.04
946.815 317.937
627.963 187.857
645.485 313.285
1143.28 569.037
953.096 687.685
389.245 367.303
600.854 334.596
555.763 338.046
478.787 457.161
1200.89 487.156
586.652 250.147
988.121 591.432
632.609 286.744
1225.92 509.841
1118.74 420.395
1144.71 441.756
605.674 299.627
465.777 347.048
1016.8 560.205
928.522 662.45
1215.99 425.666
601.43 583.789
1028.25 749.01
1082.58 803.829
1119.28 415.052
504.537 339.541
1182.28 381.49
949.039 563.76
562.053 312.116
502.58 183.423
660.163 265.402
445.502 413.036
417.083 297.06
601.48 383.69
515.619 442.154
510.585 180.151
949.799 508.723
982.836 711.944
790.693 640.391
1272.37 458.861
620.639 276.323
585.763 338.586
530.704 102.381
415.09 138.359
424.993 361.007
1176.12 474.814
992.694 595.775
559.669 302.128
1100.21 400.724
1247.67 519.305
1152.41 443.541
579.334 146.739
998.72 552.926
611.36 375.855
1122.95 332.301
370.364 398.061
379.74 126.917
553.31 394.097
950.36 690.292
944.624 682.385
398.501 355.705
1178.38 465.339
438.008 430.102
372.77 177.454
921.106 659.605
401.049 364.519
454.025 155.375
615.503 325.735
557.072 569.69
1184.11 391.164
410.194 253.566
1134.63 428.083
392.216 372.958
514.582 404.253
682.301 490.381
1057.89 371.987
1069.3 369.459
439.187 276.4
868.974 394.154
409.681 245.326
965.698 286.218
1061.93 781.41
1062.37 780.654
1079.76 799.747
963.33 417.996
687.156 563.294
609.483 376.494
306.204 226.003
672.007 504.147
988.819 473.198
698.577 510.858
512.514 312.128
1102.57 402.729
622.232 276.019
1080.96 794.337
1139.06 339.582
421.652 135.934
941.218 678.79
496.174 323.856
827.893 547.413
644.864 317.885
565.066 423.175
368.075 459.32
1148.46 439.517
692.217 467.895
437.137 382.793
909.635 526.727
584.126 288.543
916.556 526.695
1158.64 361.644
442.379 434.83
1154.18 357.415
1119.24 327.391
401.249 426.577
1157.41 460.081
590.905 332.411
663.166 244.797
582.031 227.348
371.933 436.874
429.758 266.969
464.386 330.664
595.868 323.267
919.183 535.021
1274.24 449.639
830.498 538.767
564.74 299.962
1164.97 542.184
1113.43 421.634
550.044 305.407
1127.11 430.097
951.038 688.603
515.085 318.573
1065.15 367.328
578.611 592.683
461.747 429.922
1147.45 441.771
1213.34 489.466
458.536 143.371
1128.32 422.814
436.751 316.055
459.798 457.571
1205.51 495.175
693.826 438.24
346.001 223.431
524.122 159.662
512.267 438.128
999.972 519.276
1121.13 330.055
1002.1 448.818
1142.96 349.604
496.117 338.237
1229.73 510.015
961.407 567.816
490.935 420.803
498.874 156.853
441.023 418.254
416.716 350.718
947.016 310.805
640.557 316.209
617.445 275.004
1016.35 743.467
1190.28 588.231
949.939 495.65
1273.11 457.824
1042.67 761.84
568.592 304.385
1044.3 590.732
1021.29 467.573
702.143 348.148
949.247 322.297
985.317 509.639
421.772 366.956
571.185 518.755
494.513 447.323
1125.64 849.899
616.63 186.252
1181.07 473.508
565.585 314.881
400.2 367.287
1134.98 439.218
1061.76 579.106
314.909 196.161
721.589 466.554
1318.06 553.321
1137.93 448.679
558.393 512.108
578.064 330.248
727.908 445.527
472.725 343.63
1105.91 408.721
442.515 346.355
447.227 336.602
1027.84 574.69
403.355 172.699
1317.09 485.747
601.367 385.36
380.174 454.313
1091 486.234
361.451 368.179
1038.5 459.623
997.761 728.534
605.18 302.768
370.177 379.757
1045.37 480.909
1019.5 744.947
428.074 345.464
1024.98 566.854
554.267 300.13
1260.79 442.662
1074.4 373.007
627.868 142.171
587.904 225.297
541.17 567.771
578.013 112.464
995.133 731.615
565.306 335.328
1000.63 725.04
977.258 581.168
882.665 482.024
430.294 300.661
1099.9 589.249
362.692 375.322
944.179 551.932
424.207 359.028
958.071 555.587
718.007 406.332
1161.42 452.347
1118.89 332.265
987.322 484.421
500.845 180.023
1108.21 535.744
491.482 330.852
344.475 155.852
403.496 399.885
1160.37 448.352
1090.9 815.934
352.704 467.533
581.191 125.714
449.417 426.971
336.717 254.406
509.424 332.898
596.063 322.56
1180.14 458.991
947.953 330.115
570.399 573.252
336.394 167.255
353.427 402.375
957.825 689.29
331.658 173.645
1054.35 771.371
502.531 321.288
1164.35 364.614
935.448 672.715
372.462 185.252
343.912 446.557
410.772 174.098
568.771 393.087
448.674 335.133
1150.21 449.503
1111.08 827.786
821.36 547.441
388.826 394.659
443.078 437.168
1064.25 610.564
712.398 377.306
1323.62 489.228
498.131 323.477
1113.91 552.159
516.921 317.346
986.077 484.486
1182.5 479.018
603.817 168.875
996.378 594.71
381.092 195.721
426.373 305.46
383.015 434.886
508.726 325.862
966.023 576.06
571.709 569.809
426.504 421.687
966.06 687.778
405.25 355.147
350.479 443.191
611.645 284.723
534.505 103.856
884.449 494.092
433.499 342.124
701.041 448.157
558.554 385.124
1240.48 505.092
1071.39 390.395
416.651 135.2
372.77 177.454
366.805 375.191
619.583 583.168
614.112 302.412
1111.33 523.127
1155.69 450.646
1327.88 491.826
1225.3 410.906
470.499 400.504
474.931 335.997
1267.92 444.84
464.386 330.664
585.81 206.526
304.702 234.689
507.638 172.191
1098.32 409.309
472.176 422.367
1184.82 378.356
1095.73 813.448
976.69 532.166
621.953 527.637
345.885 236.207
372.497 398.343
456.844 246.348
619.156 367.38
997.712 593.684
378.567 456.488
609.314 215.06
609.483 376.494
625.016 276.509
478.182 342.73
350.582 373.551
828.423 533.938
351.852 204.3
576.829 331.044
336.194 369.878
354.309 212.42
947.383 556.718
375.889 460.837
631.511 317.819
1197.92 482.484
417.353 356.2
978.103 711.721
996.473 591.08
940.229 551.706
488.73 328.535
794.069 643.511
613.713 131.871
1108.31 499.83
462.051 452.759
773.842 265.664
418.783 396.567
569.604 299.437
367.958 232.227
532.311 159.53
506.88 411.083
1010.49 486.767
580.909 220.989
390.253 431.967
1196.26 392
557.905 513.898
336.194 369.878
1021.75 437.844
1112.32 834.975
1115.71 339.426
999.994 727.414
973.271 698.695
946.235 306.843
415.994 256.011
917.922 525.886
384.004 358.381
956.76 483.726
1053.43 599.779
460.877 308.552
352.349 386.83
628.943 278.038
1022.23 515.138
395.919 353.831
596.268 572.235
433.297 414.513
409.387 445.701
1195.29 494.183
398.6 359.786
927.965 656.037
306.465 197.553
1003.93 722.34
1327.88 491.826
949.58 493.964
614.694 284.465
620.653 327.707
712.708 378.035
622.706 315.721
515.818 443.78
598.311 291.193
1218.75 412.471
645.919 325.166
399.646 353.292
632.109 469.126
381.544 366.648
1021.39 748.6
615.041 274.394
614.927 321.107
718.007 406.332
1103.22 627.385
1224.61 512.326
962.8 295.805
1273.11 457.824
428.886 358.313
1165.06 569.324
584.792 328.368
1260.66 437.628
589.761 570.595
987.742 475.8
1217.53 419.163
410.84 310.648
377.515 173.171
994.23 525.615
1187.68 586.364
632.938 307.279
729.886 446.32
427.323 348.919
341.486 251.134
1164.71 620.134
591.082 142.293
722.158 216.252
979.703 706.214
1153.72 540.149
345.471 243.515
1134.23 436.111
1115.94 496.926
1104.85 415.466
991.776 492.315
375.856 363.987
432.318 419.779
995.31 722.948
950.164 562.363
821.424 552.235
704.332 399.847
640.233 302.806
1122.79 836.672
1100.93 412.108
566.316 394.883
990.812 530.558
369.249 276.949
331.345 368.276
362.22 365.852
1141.69 565.568
1069.41 795.724
1156.08 446.385
539.104 305.996
313.535 155.435
504.424 320.076
325.482 192.23
1008.83 729.677
629.478 270.814
396.667 259.39
469.821 459.911
596.063 322.56
1061.12 474.826
382.647 363.913
1108.21 535.744
365.646 440.594
680.636 287.453
638.438 324.438
615.642 335.776
356.956 401.059
494.681 449.572
1020.44 750.617
365.702 459.147
419.086 321.305
317.947 167.309
456.844 246.348
362.108 402.488
584.654 379.282
612.592 286.911
1041.76 487.494
428.028 350.899
422.151 282.893
1065.24 591.695
295.312 218.896
1127.55 423.623
1220.84 421.036
433.727 375.643
1177.86 387.872
628.356 607.644
1167.86 553.732
687.726 301.211
1065.39 610.507
934.364 543.61
569.489 339.384
980.321 586.225
558.241 294.141
596.649 294.112
619.005 123.526
930.185 665.1
1147.78 448.347
333.618 377.357
533.749 401.783
594.286 287.006
1044.75 593.313
408.034 277.197
606.01 275.094
566.215 420.127
1216.69 415.274
329.477 340.851
577.224 392.313
434.739 341.855
462.71 340.346
610.455 320.133
1213.34 489.466
537.297 112.595
563.086 297.134
1246.64 447.706
426.217 420.605
415.651 271.19
1323.25 487.495
583.125 331.568
688.799 445.699
971.652 695.676
970.754 525.311
1048.68 770.295
418.799 394.628
966.93 463.943
264.068 147.073
991.398 588.182
491.196 446.589
606.906 295.777
1111.79 333.357
969.643 568.837
592.949 467.845
508.129 327.304
629.299 273.66
597.879 289.399
413.783 272.338
372.314 128.254
1188.19 473.249
1037.17 767.538
1038.49 482.945
1120.83 320.704
331.442 382.522
933.915 661.232
498.677 329.171
591.557 279.954
343.671 443.164
1052.52 770.754
328.965 193.762
1323.62 489.228
606.04 569.006
915.285 531.825
1014.6 739.07
371.351 440.221
320.87 278.871
407.363 425.179
909.034 298.154
361.992 464.1
1161.2 367.904
402.07 173.813
592.814 335.129
488.73 328.535
1191.12 477.789
382.272 369.889
961.598 574.968
594.291 296.444
993.241 544.095
1161.79 360.586
347.426 444.114
1058.08 785.269
920.943 537.21
1091.4 575.133
606.216 373.475
564.262 304.137
1049.53 767.21
1171.83 373.605
406.168 261.761
1085.53 399.814
1121.07 336.555
600.586 378.766
549.155 316.473
324.948 180.943
1119.62 334.109
415.113 441.417
242.143 157.239
571.057 195.754
445.502 413.036
589.559 122.484
559.296 120.911
1276.26 450.301
540.891 324.727
1202.63 490.413
1076.46 804.006
1015.78 744.933
1174.5 605.732
1089.7 391.967
1339.85 501.899
624.228 603.582
566.61 489.55
929.086 535.208
1197.92 482.484
337.192 381.115
532.532 406.971
1089.7 391.967
375.728 193.435
426.296 357.412
355.043 368.196
1015.78 744.933
556.143 345.877
1137.7 429.226
459.183 131.265
518.706 402.193
1180.7 390.308
1146.29 596.501
1055.71 570.541
1114.38 334.789
360.201 184.215
1117.61 834.875
1242.7 516.029
399.745 165.77
415.113 441.417
304.844 226.723
986.87 590.107
1068.38 614.272
593.226 325.672
1137.62 430.889
577.823 156.065
424.207 359.028
376.739 399.755
637.84 208.475
921.92 658.531
455.568 280.358
545.125 315.027
538.379 569.132
410.823 440.072
901.713 375.189
353.427 402.375
616.654 331.751
597.631 326.247
366.959 399.97
782.312 254.742
947.739 314.936
1231.51 422.813
508.717 174.315
335.364 407.231
614.803 584.895
1060.63 786.937
621.953 527.637
1233.71 619.959
1134.14 585.591
1059.99 378.685
1163.11 363.228
469.821 459.911
531.627 209.122
1091.4 605.068
294.59 215.171
1285.32 458.117
1061.14 376.942
519.205 280.86
360.968 385.27
574.772 592.401
1048.78 768.078
390.321 360.587
982.589 535.651
1080.42 486.549
1107.25 335.061
498.677 329.171
448.085 430.691
632.709 321.471
643.561 319.203
572.37 150.067
905.746 366.698
1000.59 733.964
352.65 242.901
353.882 233.287
1109.98 408.861
1223.97 514.083
568.402 475.615
436.452 252.975
574.707 331.032
584.947 305.185
989.04 593.488
513.844 442.169
1024.91 574.188
908.514 520.732
601.89 336.824
401.787 187.709
472.851 341.364
393.062 431.725
406.337 427.327
598.841 335.742
406.054 423.005
727.908 445.527
358.438 376.794
423.255 357.822
424.032 441.323
985.254 595.164
349.125 458.201
1165.78 370.577
406.57 291.836
589.719 601.349
1115.22 626.006
943.78 547.697
690.955 309.422
1022.23 515.138
1227.15 412.214
1122.22 511.091
464.718 138.901
988.819 473.198
385.677 435.517
387.273 265.368
513.875 187.672
527.698 285.723
1150.6 550.827
1142.96 349.604
948.272 508.293
1215.38 421.339
411.673 323.763
1140.24 579.545
1035.13 448.552
412.065 446.989
272.588 147.919
562.148 313.835
598.822 285.331
493.728 449.072
415.743 425.097
1184.82 378.356
416.638 436.928
558.582 348.265
367.958 232.227
948.273 311.191
953.491 559.665
544.38 317.801
1143.81 348.742
607.702 381.922
932.409 532.842
979.197 576.825
799.412 641.76
1224.18 410.125
366.329 362.691
1216.86 424.991
291.815 201.459
548.6 125.639
1010.49 486.767
576.872 301.802
634.425 316.64
978.378 521.663
644.186 306.658
947.001 497.055
1160.71 358.613
1016.35 743.467
438.601 254.853
532.079 435.429
626.54 215.377
1037.47 770.696
979.483 579.722
967.607 515.777
1193.39 473.714
1217.27 409.757
1143.54 444.118
1107.19 409.584
619.158 579.439
626.448 286.365
1340.06 506.699
603.333 385.28
520.871 407.059
1004.42 730.081
359.688 401.204
579.236 222.027
416.814 192.12
381.72 393.57
362.734 197.761
1281.63 455.679
543.349 405.31
346.585 237.838
428.576 256.984
1077.08 798.873
936.817 541.97
643.256 318.258
1155.69 450.646
1037.49 500.318
985.982 591.501
546.384 304.825
529.848 327.817
385.463 393.841
1182.96 379.158
551.243 539.195
717.784 452.501
358.999 190.244
925.233 539.677
566.041 424.749
576.829 331.044
404.565 179.841
975.315 508.426
1202.41 486.049
1118.6 326.293
280.096 151.152
1009.79 428.827
413.15 261.778
1080.8 397.049
1064.12 783.103
717.828 229.265
583.125 331.568
309.718 224.83
1105.91 408.721
443.077 433.619
924.908 658.875
1084.76 808.801
974.968 578.677
946.29 289.999
340.188 375.933
1093.25 546.863
975.315 508.426
649.269 202.951
648.026 314.876
569.167 295.344
561.594 312.038
390.903 163.954
525.871 327.828
571.357 271.998
1284.54 648.802
1197.42 491.74
1223.1 411.282
552.07 428.688
1214.4 613.328
353.171 442.243
472.31 427.46
1196.26 392
625.784 508.584
500.577 332.922
399.418 162.477
612.428 584.288
433.788 433.709
1202.04 492.586
581.361 144.336
588.288 334.122
566.624 421.702
413.569 147.642
958.929 681.303
616.281 294.495
485.641 422.615
1196.26 392
617.87 591.888
553.386 311.46
562.59 348.066
360.795 402.702
620.802 319.147
958.589 686.217
704.332 399.847
413.468 356.126
583.282 115.412
1073.74 800.088
939.545 676.307
452.007 410.598
530.629 396.973
622.074 288.569
1124.63 847.233
636.448 313.609
1082.58 803.829
357.592 222.927
352.366 464.794
631.721 282.37
1108.03 417.119
529.907 406.683
933.159 671.296
342.514 364.18
288.381 190.885
997.2 597.09
608.28 499.286
934.364 543.61
1216.45 423.626
1194.86 385.652
965.715 568.546
1044.23 458.843
924.525 532.712
409.023 150.57
1075.99 391.731
1176.17 592.151
1089.7 391.967
1208.01 500.42
578.809 256.944
400.205 360.213
472.77 331.315
324.438 284.979
620.62 196.532
592.433 302.41
459.349 453.616
1287.34 463.732
958.27 559.838
1074.18 491.071
464.386 330.664
376.38 368.773
974.398 470.412
304.942 246.465
1021.29 467.573
472.31 427.46
1008.71 743.107
437.832 254.153
1147.03 356.43
1226 515.818
792.323 645.076
1055.12 341.216
513.308 173.603
579.807 330.265
519.46 403.407
528.365 397.862
387.352 392.989
1082.08 797.861
1108.08 420.885
1100.26 524.965
1063.23 779.8
1260.79 442.662
501.071 183.293
385.463 393.841
422.785 419.687
330.909 533.987
472.77 331.315
620.703 602.864
567.078 317.92
704.746 356.049
1066.96 784.23
1220.57 511.382
496.258 446.534
428.497 239.143
1063.34 382.629
1088.1 394.162
459.764 455.283
1132.02 415.408
560.435 306.646
488.169 238.303
458.272 334.199
510.945 410.816
372.264 325.013
1106.98 411.719
1063.12 790.436
1140.52 426.764
560.114 275.12
884.082 482.121
415.142 181.86
586.406 155.734
564.489 341.415
1202.41 486.049
1014.7 736.663
282.672 160.13
609.396 325.129
810.32 323.275
1061.12 474.826
982.442 581.846
590.451 380.643
424.423 436.204
1131.62 351.011
496.45 337.033
620.37 605.664
1283.05 648.643
405.352 150.359
370.954 398.772
509.08 410.438
586.143 382.371
683.849 495.441
585.1 301.166
406.292 384.09
1248.26 427.221
1188.19 473.249
1228.25 411.018
1086.81 926.216
1081.93 396.13
947.739 314.936
1066.33 368.985
398.575 177.103
921.019 658.633
997.72 497.282
596.25 337.037
582.561 289.319
689.104 297.336
398.6 359.786
412.376 384.349
371.677 193.646
1078.72 589.157
362.692 375.322
828.826 533.335
368.176 182.707
1238.14 430.274
933.39 494.901
419.948 284.823
399.458 391.546
1379.29 594.046
526.178 603.907
297.732 168.29
566.097 290.38
1109.98 408.861
930.995 541.213
1006.55 729.833
503.396 159.642
993.112 545.806
946.861 496.118
1033.75 439.281
1078.8 500.401
879.292 480.985
699.277 191.862
1220.67 413.792
463.095 329.841
326.327 159.93
406.704 267.416
1054.8 482.486
597.751 340.151
947.432 293.006
1122.95 332.301
570.612 201.222
588.085 327.616
553.918 429.259
1182.96 379.158
964.321 475.878
473.542 417.717
431.675 411.858
648.747 206.14
1113.1 317.81
863.831 271.171
962.839 569.621
371.933 436.874
1221.24 412.877
573.97 122.076
625.859 482.211
566.797 346.461
537.047 150.984
1276.93 453.131
832.608 535.824
989.207 583.419
1124.37 422.835
716.985 313.946
507.723 166.759
1116.8 328.572
579.506 325.658
404.355 296.529
404.615 402.057
946.214 503.509
1145.51 452.29
1140.94 554.867
601.05 308.932
525.398 606.255
436.04 415.635
1080.81 385.995
436.965 273.05
1094.44 399.623
1102.87 821.383
392.018 165.018
442.85 354.8
998.946 484.795
603.618 573.726
574.053 118.862
603.691 566.317
678.626 173.055
306.02 174.262
1112.95 331.054
1080.42 486.549
776.16 332.539
293.929 202.224
591.849 571.668
598.858 170.745
568.751 495.286
1169.55 368.744
588.331 338.054
518.342 443.527
404.322 428.626
372.298 456.173
400.205 360.213
598.805 527.113
677.763 493.27
992.626 477.303
1184.15 384.238
1202.63 490.413
650.441 211.66
476.095 449.213
931.982 669.988
529.291 594.873
599.65 471.749
559.399 335.951
347.236 231.069
1240.43 518.572
1000.52 523.849
967.607 515.777
980.895 713.268
1008.76 741.653
1154.67 455.859
573.145 127.925
381.352 370.271
717.238 231.252
383.305 436.243
390.983 366.732
423.626 439.021
931.982 669.988
366.12 438.94
1225.6 418.003
1344.84 507.599
340.24 408.377
299.036 229.728
533.289 433.188
1221.7 506.771
1115.77 836.721
336.303 357.137
869.201 392.678
958.589 686.217
1011.83 482.43
358.9 373.721
579.581 217.013
375.103 378.881
671.764 497.777
605.454 319.583
614.111 322.132
461.253 426.537
414.838 350.996
361.098 465.839
498.586 445.85
550.083 428.759
1231.94 508.297
1076.8 387.22
1016.6 750.714
631.852 607.459
645.559 309.909
1174.16 469.664
470.353 423.229
576.58 331.183
594.828 297.304
469.646 420.474
626.404 295.685
982.836 711.944
1160.04 625.771
625.697 235.643
576.269 576.179
440.569 415.865
515.983 247.712
509.935 317.222
346.202 406.788
572.139 140.2
1071.73 368.993
467.421 454.196
573.021 335.906
420.389 394.108
1132.2 437.168
1164.26 368.185
954.952 690.762
627.873 234.588
1219.36 683.042
1163.14 460.132
990.219 597.514
938.115 666.698
350.181 238.224
1318.11 489.174
1237.23 431.242
671.191 528.862
699.323 456.502
1178.61 607.377
1082.74 563.117
322.238 348.254
409.69 447.587
469.421 344.154
613.688 131.263
538.281 603.241
1231.6 414.986
563.262 318.696
583.065 383.568
999.85 730.728
1118.31 837.041
1061.09 473.322
634.59 282.668
404.299 399.005
1092.25 808.788
1071.08 798.819
1104.21 341.599
1254.61 435.682
440.466 257.924
461.962 421.887
785.23 637.343
1228.25 411.018
609.993 122.394
584.752 129.187
369.044 397.903
630.305 176.457
1271.84 452.989
367.157 398.755
584.273 573.722
604.844 299.81
1196.26 392
877.734 232.413
1122.54 335.318
648.747 206.14
572.107 348.72
539.629 308.873
395.762 391.665
1003.57 739.225
995.179 599.304
998.586 596.351
335.605 163.048
596.65 308.312
604.591 85.6937
999.972 519.276
1022.15 513.711
1000.65 593.361
648.806 321.524
1146.97 561.276
364.78 439.913
502.32 164.588
924.908 658.875
446.155 435.862
541.698 398.537
516.921 317.346
582.755 302.302
518.62 312.155
416.135 420.723
299.627 244.354
369.819 441.316
1398.22 552.529
790.596 646.766
917.458 523.167
1182.3 586.603
393.996 358.558
309.833 195.053
589.851 290.756
574.053 118.862
1085.68 811.352
274.196 174.404
1072.22 793.399
468.289 423.218
586.253 571.198
362.586 401.445
648.843 216.109
956.877 690.743
627.873 234.588
1064.6 383.029
472.176 422.367
589.67 569.034
1128.09 431.563
1030.65 506.718
553.917 133.875
944.553 560.434
373.797 194.388
1098.11 821.148
464.798 451.74
1123.52 418.942
463.367 160.947
1066.61 384.133
539.742 612.664
1157.85 595.061
1135.73 429.77
1061.89 789.297
1346.62 506.965
577.055 261.748
437.832 254.153
978.741 579.69
378.067 373.106
1190.73 474.678
648.088 316.541
542.963 110.841
1327.88 489.357
350.582 373.551
476.619 405.887
602.887 372.963
353.965 381.295
972.913 528.309
1154.87 446.775
1342.89 503.341
388.744 294.235
628.356 607.644
383.624 176.808
1135.77 443.774
612.428 584.288
543.081 308.435
382.128 372.384
639.904 291.592
1187.91 467.332
1167.76 587.303
596.469 334.498
689.745 450.852
618.781 288.325
484.194 181.552
951.156 679.34
900.155 479.606
586.927 568.058
550.492 315.81
332.62 167.351
604.591 85.6937
695.731 296.795
560.228 596.859
1052.07 779.591
606.285 318.699
611.16 280.973
1104.59 408.986
998.245 731.87
410.979 266.203
1128.32 422.814
966.444 691.217
682.825 489.164
473.33 338.182
642.929 322.195
415.804 443.629
1125.55 336.442
620.114 608.159
1149.65 452.849
1092.55 486.245
383.353 233.7
581.109 339.142
1084.85 593.55
1062.37 780.654
471.941 336.37
607.476 296.909
685.392 167.521
395.307 159.742
557.876 299.572
999.475 735.406
292.763 207.868
1224.4 417.441
575.561 214.591
643.219 311.705
597.764 567.756
1082.8 810.617
421.362 446.105
481.097 232.343
1019.59 543.67
352.694 370.383
439.708 412.905
465 399.998
617.33 126.596
664.218 523.141
630.864 297.45
565.45 143.487
268.246 164.198
828.826 533.335
938.746 677.124
609.344 525.771
290.68 197.583
1086.81 926.216
422.112 416.793
1088.11 510.3
592.568 338.497
1176.07 467.724
927.127 658.39
1094.93 401.195
369.126 370.429
1063.32 379.847
423.626 439.021
286.262 173.18
555.576 316.751
1120.86 335.53
381.243 364.324
501.78 410.642
1160.66 620.232
949.703 687.165
341.399 404.479
1064.8 387.129
617.21 318.048
689.745 450.852
406.411 362.025
1244.26 519.068
1089.16 816.348
669.227 531.475
1230.35 421.537
373.935 374.274
1021.24 746.653
1150.25 359.09
827.657 537.311
975.787 485.596
418.856 275.59
1142.04 431.283
1198.03 654.204
538.521 394.98
621.132 281.612
1194.01 491.068
322.238 348.254
1204.18 499.131
931.287 543.58
588.145 594.676
655.077 230.827
989.037 590.667
422.054 347.132
616.047 282.5
393.597 430.346
430.89 223.702
1122.38 415.854
295.424 209.637
424.606 424.524
602.658 333.599
684.862 234.359
643.224 456.873
577.431 224.929
574.625 114.429
1008.83 729.677
468.289 423.218
1158.39 363.854
481.747 234.708
1009.4 738.619
530.408 408.699
552.216 397.919
1293.85 467.83
573.965 312.792
445.001 301.355
456.844 246.348
357.515 247.665
1219.78 511.986
405.524 388.511
700.837 552.992
456.987 410.508
570.621 315.731
588.431 288.782
560.191 305.134
918.853 534.051
648.264 201.856
1075.55 392.617
613.099 321.483
1064.86 489.143
977.258 581.168
1134.64 440.64
440.837 437.641
944.063 551.988
1204.18 499.131
1166.09 369.919
507.067 182.817
434.045 340.78
469.974 421.999
1143.95 347.226
1198.68 388.591
629.652 240.575
599.875 333.254
410.353 358.221
727.739 199.224
1051.39 780.304
429.596 235.736
494.246 136.278
334.037 371.989
1164.86 378.308
506.253 408.566
347.545 138.267
1028.39 747.618
984.311 581.806
1154.18 357.415
621.142 501.909
438.327 257.265
549.601 425.539
436.07 433.903
348.556 245.594
435.271 413.612
577.209 586.692
370.501 375.299
421.591 445.26
1073.76 619.398
509.394 293.037
597.006 301.757
643.53 307.401
392.808 392.918
1049.16 777.266
1202.04 492.586
1089.11 807.801
415.351 152.976
398.501 355.705
506.88 411.083
1182.5 479.018
407.251 253.372
984.408 512.146
626.801 242.076
396.372 387.877
585.354 140.607
1021.87 524.526
547.721 400.956
571.088 143.196
488.134 421.924
778.088 248.667
409.536 354.413
926.206 531.893
322.933 346.946
448.526 410.523
509.896 334.496
407.161 160.471
600.529 286.762
1052.82 501.341
412.512 177.222
564.573 298.515
378.602 376.394
643.561 319.203
438.375 430.982
1146.16 354.128
337.491 376.532
439.708 412.905
541.622 308.433
636.125 324.524
403.174 176.756
997.019 599.853
396.498 360.076
643.256 318.258
615.715 316.184
1275.42 451.642
572.39 244.374
433.611 263.771
1150.66 441.194
591.49 566.752
1182.28 381.49
290.774 201.181
1339.85 501.899
821.295 549.771
1092.04 404.949
414.391 284.737
547.648 113.238
1112.08 826.592
392.808 392.918
1168.7 366.711
497.926 445.925
930.185 665.1
1156.12 359.716
595.27 563.25
1019.4 478.255
439.187 433.655
401.312 428.705
372.296 367.772
323.841 197.389
373.764 445.434
596.795 564.702
1142.87 351.333
658.96 231.005
1078.95 394.687
381.948 363.976
622.88 325.133
973.584 568.828
1093.46 814.735
319.94 279.353
472.725 343.63
1134.64 440.64
569.77 135.784
1004.42 725.761
501.317 245.305
594.176 326.578
1032.01 458.069
496.258 446.534
989.04 593.488
343.861 385.499
947.432 293.006
588.994 300.877
615.083 378.95
469.646 420.474
637.84 208.475
417.966 445.408
556.673 347.604
619.091 235.112
568.146 201.197
623.967 287.252
387.29 429.987
633.175 287.879
965.715 568.546
1115.81 330.921
680.08 554.88
606.623 376.274
431.367 287.642
817.941 555.491
1106.47 413.883
512.787 190.396
558.943 342.087
563.388 325.076
750.153 626.942
1094.84 815.593
508.041 332.835
625.935 371.622
639.692 289.165
334.089 252.583
1106.46 336.489
1182.16 393.108
1101.55 826.566
609.956 575.458
795.844 638.324
977.159 524.726
572.75 345.087
1334.36 590.085
1036.81 522.91
681.169 492.113
1138.6 358.289
1059.06 376.466
1113.01 411.175
1052.07 779.591
607.721 377.612
493.983 327.712
1008.22 739.504
436.04 415.635
1140.24 579.545
548.994 315.889
574.628 339.197
1041.36 767.242
953.773 568.016
503.862 327.024
539.88 404.727
1160.53 580.941
595.338 595.64
612.158 330.039
1024.8 758.711
389.798 263.833
568.771 393.087
944.918 674.839
360.201 184.215
1219.55 499.668
1206.23 485.646
615.564 279.416
953.856 560.079
971.992 701.227
714.46 239.444
689.3 492.315
555.106 312.26
430.209 250.42
585.211 314.249
1220.79 415.006
1105.12 828.845
517.904 198.875
926.975 656.823
1181.21 468.697
570.904 317.799
980.09 703.282
632.846 290.75
981.937 715.362
363.689 457.752
1131.6 434.227
500.664 713.629
412.065 446.989
521.621 317.178
503.541 164.781
628.705 176.462
406.038 353.435
1248.06 641.242
584.889 144.424
1003.71 553.013
973.501 528.294
722.182 427.549
436.173 390.815
613.182 328.725
597.204 495.222
