2500
307.035 219.216
733.704 332.465
978.96 347.203
894.382 353.835
951.013 469.263
448.983 351.836
914.239 427.773
447.895 273.303
258.28 290.853
891.175 354.708
881.138 523.65
1198.79 630.855
1094.06 642.195
855.495 279.993
1042.71 268.972
922.724 347.24
658.029 306.357
1171.08 635.608
663.411 239.535
1082.99 331.585
943.852 497.071
1210.17 632.411
658.722 192.7
353.395 194.035
905.371 559.187
1175.22 633.596
1078.13 341.165
1079.28 332.703
627.823 346.379
878.295 564.876
857.042 353.288
889.442 478.966
861.569 342.546
1198.86 703.589
1035.07 335
909.705 280.202
676.148 313.591
1048.65 405.1
862.143 278.974
872.422 527.369
900.407 557.511
1056.88 267.282
982.636 348.084
898.874 276.133
943.228 560.164
911.18 275.194
408.716 236.881
1097.13 446.876
1028.45 649.369
1009.38 338.373
1045.82 645.427
979.377 459.46
858.445 350.482
867.51 284.448
1175.37 635.73
1008.87 493.243
372.797 229.169
1005.85 335.06
1063 429.934
958.419 348.397
989.499 554.067
991.538 270.347
878.77 491.316
271.262 230.796
607.891 212.745
889.141 563.558
417.478 365.708
267.501 281.907
1034.86 502.008
1221.92 633.197
708.367 274.709
980.416 346.224
884.372 355.112
908.336 557.314
730.687 325.756
615.431 148.505
957.265 520.723
1103.15 405.972
302.354 349.166
559.895 374.96
299.419 355.163
1250.85 634.731
1017.61 491.131
1082.73 641.368
1137.93 636.989
911.66 352.034
942.519 431.878
1136.84 643.696
917.268 346.348
887.359 354.092
998.146 269.454
1021.35 472.153
1129.71 640.321
947.04 477.006
892.769 562.732
1110.33 262.324
494.053 255.046
306.85 467.591
274.36 229.669
972.803 562.283
1041.77 648.745
1033.64 347.983
1066.83 514.804
1019.4 336.187
863.577 284.016
410.85 252.451
858.519 346.293
1181.15 634.137
704.883 255.925
352.229 317.719
518.916 396.298
938.681 339.379
321.484 382.67
1028.6 639.821
951.926 471.573
936.806 346.176
1089.11 638.721
1003.88 649.443
1105.97 641.997
1044.09 340.821
603.241 129.96
855.495 279.993
683.001 209.43
436.589 176.546
893.142 564.661
1061.33 637.787
1076.66 267.516
1239.88 633.321
940.305 562.276
1065.36 336.602
1072.52 335.552
1213.32 636.656
1148.31 318.296
906.962 502.497
1013.72 517.748
899.517 353.178
962.117 418.448
1049.71 343.534
351.548 197.707
499.764 282.544
912.023 560.029
400.396 274.511
634.664 142.787
960.236 557.024
943.647 522.376
1150.03 638.686
890.049 419.72
584.507 138.166
995.873 518.75
878.284 556.752
883.172 515.06
285.88 371.604
945.566 277.864
1167.43 636.59
1212.33 632.485
627.89 343.582
1002.07 271.165
558.857 150.039
1009.77 494.471
902.246 345.201
929.586 558.211
1076.56 490.884
576.009 137.007
258.28 290.853
1259.85 630.445
467.365 402.597
276.521 224.544
1097.77 450.216
1071.72 449.428
1123.07 641.049
905.371 559.187
413.408 412.076
918.224 466.422
1264.14 632.385
990.258 344.785
630.83 244.799
566.36 231.818
887.66 424.116
1068.36 436.144
1198.75 631.936
990.755 409.329
551.279 260.068
937.224 562.283
465.61 322.347
184.781 329.747
858.213 285.925
912.629 566.146
989.499 554.067
992.533 548.401
1064.29 642.411
1138.13 635.548
1009.85 649.73
1001.47 332.561
1099.3 421.916
910.193 733.714
315.33 431.795
350.566 316.951
991.538 270.347
1146.23 636.237
1094.29 508.7
859.658 285.152
1000.91 645.099
955.032 555.344
907.634 288.329
947.162 558.79
434.04 179.068
389.562 342.91
1041.72 341.596
875.859 420.497
1212.85 635.079
862.393 351.835
914.239 427.773
240.784 234.36
1162.61 637.376
890.049 419.72
882.042 566.045
958.095 271.86
877.161 561.774
1141.55 642.601
972.719 340.184
898.738 333.625
1035.27 504.118
1054.39 414.883
452.47 279.018
1006.05 341.581
1155.93 638.289
467.043 400.985
851.834 439.406
903.59 343.421
629.156 120.707
598.867 212.211
1177.7 633.374
999.799 275.812
445.5 376.581
1006.05 341.581
1116.85 637.966
577.149 130.665
1072.18 637.331
494.594 261.275
912.628 560.116
349.479 206.935
1054.29 515.566
1046.21 269.299
1082.86 273.755
445.952 237.447
1002.02 653.642
466.773 304.266
304.422 222.659
1045.27 641.114
561.748 198.406
908.294 556.429
1116.64 636.626
863.199 288.217
1034.32 515.666
1081.62 495.905
896.317 564.882
1191.78 631.854
279.147 227.848
864.827 288.018
308.088 202.69
963.745 473.375
1078.29 645.362
1232.38 344.263
874.967 352.711
1081.62 495.905
1240.49 635.403
924.763 276.541
972.997 343.129
1071.41 646.992
1222.73 637.797
919.277 465.088
902.456 276.761
935.333 341.888
1105.08 635.051
860.283 295.125
934.876 523.056
1155.93 638.289
1036.58 471.5
984.113 340.111
906.264 344.266
880.28 561.956
715.871 313.264
1258.99 631.08
908.294 556.429
892.846 278.865
1134.28 635.717
893.192 348.23
960.818 476.775
1015.61 642.674
1223.79 635.137
711.32 317.786
862.449 353.391
1008.88 654.106
884.343 481.887
1016.28 335.895
1026.79 343.984
683.938 207.901
990.764 552.536
352.732 305.395
1112.71 265.732
956.574 414.237
416.915 317.587
733.264 335.517
945.927 467.664
1149.32 415.312
236.447 238.563
889.442 478.966
882.436 561.887
1086.92 340.757
1019.33 517.335
1027.49 649.808
371.056 231.841
1123.08 641.854
474.685 205.66
430.038 250.432
1161.53 638.211
1202.59 254.023
444.63 238.002
891.175 354.708
417.478 365.708
1222.73 637.797
934.825 439.288
904.988 730.975
263.164 295.49
994.515 494.267
1082.86 273.755
921.686 502.18
1119.97 642.31
825.076 271.701
269.268 359.32
1202.23 638.113
1213.6 636.635
640.366 315.415
863.577 284.016
919.209 342.289
1034.1 646.307
877.23 289.886
526.484 151.505
968.995 344.719
1004.91 335.951
229.544 239.377
1037.95 645.297
455.364 407.632
920.678 560.185
886.406 501.288
1084.16 506.074
884.654 555.822
946.198 551.474
938.338 413.17
987.789 347.091
684.476 318.655
1213.2 634.579
984.534 346.994
1002.94 652.182
526.484 151.505
1004.98 334.956
875.136 346.39
1052.8 335.204
1056.05 462.211
903.141 559.115
908.721 736.471
1227.78 636.324
1062.83 431.787
1112.11 263.777
970.585 343.778
937.208 276.532
961.062 559.387
1148.73 638.102
1084 642.775
1128.16 265.326
732.365 328.664
939.682 558.082
1110.67 441.883
264.011 295.263
1035.1 337.328
1199.01 636.61
595.899 135.671
851.311 392.086
712.473 472.202
1078.93 334.959
923.001 346.222
1199.05 704.57
1095.9 455.738
1037.03 342.276
1102.88 641.655
1149.07 632.965
1020.93 336.657
1010.26 421.569
868.443 356.048
858.475 285.082
878.86 350.727
351.701 314.543
1199.86 636.556
347.132 308.611
1156.67 636.295
879.776 562.31
1242.53 637.335
1152.64 641.381
858.213 285.925
298.531 223.62
921.686 502.18
1083.03 644.016
1257.66 631.51
954.719 348.92
1253.86 632.908
1040.85 338.76
981.388 336.406
967.338 553.34
590.614 129.434
994.548 269.659
407.589 408.923
379.806 409.846
1222.18 640.304
1029.53 345.749
1103.15 405.972
905.886 275.724
878.019 417.973
862.708 280.976
1008.1 500.212
863.64 284.997
1035.1 337.328
822.547 267.391
716.861 322.459
951.013 469.263
1091.63 451.479
905.225 504.456
646.574 122.581
1069.8 641.628
1161.53 638.211
384.32 401.374
880.802 350.236
1066.77 411.565
884.408 510.857
1068.24 548.421
933.152 743.022
1011.47 499.289
319.407 445.686
1047.92 489.725
1171.18 639.798
990.257 272.21
1002.44 274.768
1018.12 642.567
973.038 512.915
683.001 209.43
1041.72 341.596
875.544 354.283
940.719 510.839
288.086 352.353
605.213 142.523
1153.55 409.548
690.237 225.767
595.987 120.486
885.507 564.662
1115.52 455.879
939.345 412.123
663.03 189.511
866.159 349
1155.26 635.231
993.151 283.456
440.923 349.085
960.813 495.132
961.127 555.451
346.814 444.459
954.896 342.616
894.949 416.885
292.872 224.934
968.391 558.799
883.866 354.36
343.346 432.912
1204.76 711.749
977.578 344.264
1007.28 345.215
517.12 304.263
1006.72 345.357
1057.23 275.683
416.915 317.587
977.091 558.603
605.829 233.831
960.813 495.132
435.054 243.323
1008.1 500.212
995.687 277.136
1044.05 346.288
922.131 459.796
286.705 225.524
899.586 354.032
1057.23 269.049
687.005 270.128
856.964 352.172
341.726 372.292
858.721 276.96
1065.53 402.783
1255.8 632.453
1152.19 639.931
985.689 558.91
578.617 132.546
517.052 308.11
1079.44 649.304
985.547 512.794
998.04 468.398
1052.59 416.667
914.262 516.945
1021.08 335.279
1196.42 637.884
1034.09 339.096
968.606 457.937
936.527 344.695
1101.5 453.336
892.153 473.871
1082.75 639.066
1233.18 635.985
479.7 291.589
1108.06 637.068
436.899 177.656
1110.71 640.9
890.049 419.72
914.995 559.71
989.128 344.267
833.667 284.197
1252.45 635.88
1105.21 636.601
976.435 555.465
436.589 176.546
965.12 340.983
1069.78 335.095
1170.9 637.587
450.64 284.148
1196.42 637.884
1081.2 331.802
1041.22 640.848
1191.4 640.192
631.851 123.898
948.051 275.087
865.949 284.41
868.094 341.904
634.37 138.53
924.814 522.861
1028.28 464.522
827.35 393.078
963.262 276.897
1009.49 491.826
232.982 243.976
1171.18 639.798
540.181 328.566
952.665 411.264
1180.98 632.404
1039.18 649.77
872.839 354.053
368.906 422.787
323.406 201.635
363.96 199.05
1171.46 641.862
1011.57 335.34
1111.81 463.877
910.447 489.166
881.7 345.237
875.489 348.359
378.071 405.09
624.064 267.14
243.83 258.268
992.052 418.922
965.996 350.212
1074.84 639.996
596.455 132.898
338.391 446.724
271.04 258.036
933.195 434.458
1092.79 456.802
889.677 345.073
1074.66 639.05
1213.32 636.656
1196.42 637.884
1165.84 642.385
971.655 348.772
440.143 241.961
1137.83 637.721
1083.46 638.076
989.128 344.267
845.7 601.248
1150.68 637.369
377.335 400.821
1039.18 649.77
1061.85 639.839
895.574 559.646
968.411 559.856
1194.11 408.466
1090.83 488.263
378.071 405.09
1110.96 637.228
1088.1 436.328
272.157 225.621
464.224 171.57
1171.08 635.608
280.26 230.26
1273.34 712.482
269.041 261.7
353.686 203.134
957.744 552.836
368.58 413.462
894.949 416.885
857.042 353.288
1002.19 499.077
980.119 343.326
1170.9 637.587
916.095 276.966
1082.99 331.585
1069.8 641.628
635.125 356.126
1115.93 639.118
939.345 412.123
567.711 126.512
680.757 213.163
1052.59 416.667
1074.46 344.328
467.365 402.597
982.737 346.515
1211.07 242.276
431.75 177.792
236.402 240.634
1032.73 420.487
955.237 553.066
946.328 283.319
1002.72 335.571
994.234 263.863
1110.33 262.324
653.482 259.056
276.901 229.434
1104.04 640.379
889.692 557.542
1023.94 646.185
1018.97 644.925
531.763 224.193
934.825 439.288
1005.95 645.837
899.517 353.178
348.242 306.25
1040.23 490.288
1257.67 640.563
1056.88 267.282
1094.79 641.856
960.741 275.688
1055.69 446.412
996.271 551.198
1066.17 466.135
1079.06 419.366
1045.06 649.027
1053.45 645.372
1029.63 337.556
1031.98 343.006
968.434 348.861
1165.84 642.385
1036.85 334.965
976.285 559.447
981.543 553.189
1213.2 634.579
626.274 171.501
413.884 233.608
1053.22 342.615
990.319 509.884
1013.15 648.892
987.26 550.931
704.016 331.056
1031.05 342.184
953.618 559.986
906.962 502.497
859.817 288.78
436.589 176.546
890.217 523.112
1184.55 638.98
903.8 422.711
1097.77 450.216
987.709 557.563
884.213 509.152
272.348 229.686
879.141 416.864
1056.7 644.666
858.445 350.482
981.543 553.189
446.286 381.594
1083.29 430.106
1308.53 721.087
604.539 133.432
1179.26 639.656
974.514 345.832
931.206 350.851
302.131 315.482
1001.5 495.064
1142.66 633.247
875.424 558.666
964.059 520.831
1026.42 456.665
881.769 562.929
1137.93 636.989
713.126 325.814
1021.15 419.308
585.447 353.807
955.237 553.066
948.194 347.377
1112.99 460.575
1028.45 649.369
1001.08 648.018
900.757 560.863
536.093 307.696
1203.18 398.439
877.23 289.886
885.247 482.72
620.619 240.927
858.95 286.988
592.473 339.565
547.491 214.789
603.529 128.684
1007.79 470.261
656.391 190.817
1005.32 337.572
326.231 448.139
287.644 372.386
1038.08 515.309
998.04 468.398
630.797 124.669
1047.44 490.656
964.853 560.037
453.605 161.253
1235.91 628.896
999.957 274.269
277.912 242.956
662.19 369.884
1044.11 346.979
725.372 331.311
997.503 504.343
1009.38 338.373
924.122 519.391
970.261 551.853
1252.93 632.229
883.342 346.439
983.429 561.144
1031.4 344.445
977.859 511.826
869.741 355.397
440.729 177.404
985.534 340.23
856.964 352.172
918.224 466.422
421.297 248.246
952.665 411.264
867.249 341.658
870.744 741.676
952.491 413.221
455.225 172.675
863.658 418.863
1143.22 635.3
1044.4 645.115
495.33 261.152
935.333 341.888
1019.4 336.187
985.339 344.918
1079.15 496.59
1043.26 641.173
596.464 121.64
1004.91 335.951
1260.82 627.172
1057.09 342.24
903.098 353.1
905.664 564.144
1025.87 276.811
290.521 339.345
353.157 308.475
977.578 344.264
1146.72 643.344
887.35 558.278
1063.83 643.691
937.674 496.728
579.783 364.509
638.821 347.087
229.839 256.036
580.52 137.79
1026.42 456.665
686.917 314.281
945.988 347.755
901.582 522.248
461.156 221.34
998.3 282.934
425.184 200.621
995.943 275.331
725.714 327.266
1056.05 462.211
440.823 243.329
1033.96 345.592
912.97 506.312
899.229 276.969
992.449 555.757
950.548 551.233
1072.34 266.159
1131.19 643.22
1166.55 633.784
915.93 562.866
660.439 187.752
879.355 356.379
1207.43 247.346
658.722 192.7
350.389 259.382
403.556 191.278
653.256 122.555
664.999 358.962
941.521 508.342
969.817 351.113
470.231 198.102
900.925 344.75
1036.73 270.256
891.117 353.853
1211.73 637.443
969.041 341.733
1003.68 342.328
1033.96 345.592
1148.52 638.716
538.85 325.613
1063.3 647.587
936.686 649.686
962.378 351.039
1137.33 633.552
1040.85 338.76
1156.13 640.546
1085.4 386.935
1177.59 416.326
860.611 285.01
1201.9 635.821
945.867 345.419
943.145 556.732
913.679 277.016
513.098 399.459
862.683 350.56
1100.71 643.892
1003.11 512.286
959.316 349.778
1163.73 639.76
296.341 224.04
901.924 347.356
874.967 352.711
707.223 330.891
1035.99 337.251
1126.17 644.561
1075.7 646.465
501.322 286.408
1082.99 331.585
1193.37 639.423
1023 495.603
525.594 259.117
353.157 308.475
391.562 194.986
1071.95 341.096
1107.63 264.67
1233.18 635.985
1001.62 652.52
1061.85 639.839
1158.07 640.834
1001.76 552.178
967.126 345.338
985.858 555.675
1026.67 644.738
860.948 345.523
924.824 287.325
889.529 560.486
927.025 492.451
1018.22 345.344
235.996 288.932
822.655 265.324
497.828 321.846
892.408 557.693
1000.72 556.439
672.832 317.041
880.393 352.636
576.523 243.022
558.721 126.626
887.359 354.092
1005.27 338.116
925.915 560.942
1097.27 641.819
891.194 276.41
1038.95 516.094
724.119 325.475
990.257 272.21
1249.15 635.991
1111.17 266.094
636.315 122.22
940.345 422.734
1180.89 634.937
926.376 276.815
730.664 333.108
1066.83 514.804
1181.05 279.361
1092.04 511.638
330.901 354.04
967.318 347.281
569.799 373.956
318.332 360.017
1104.58 639.075
983.622 347.006
878.324 519.203
330.488 211.631
637.721 132.124
885.203 283.146
912.97 506.312
235.75 272.951
938.817 341.554
1044.43 649.301
949.167 559.334
1093.54 511.128
911.196 461.22
937.31 559.174
1018.43 340.392
1020.66 473.041
916.095 276.966
969.005 410.072
1052.3 267.787
905.225 504.456
935.026 564.708
289.235 470.714
447.476 255.151
1032.73 420.487
1227.54 659.721
1081.1 330.343
1081.62 495.905
1241.36 634.555
1189.88 633.612
985.534 340.23
1045.67 266.016
899.517 353.178
1227.78 636.324
862.708 280.976
989.262 556.099
968.995 344.719
1005.04 641.49
857.816 273.386
318.052 448.005
417.766 324.658
281.002 335.301
996.831 280.551
930.502 560.461
287.644 372.386
1098.13 643.439
959.736 519.605
1159.45 637.48
1078.29 645.362
343.455 456.532
616.222 143.701
1222.32 635.929
973.038 512.915
286.646 384.947
1158.07 640.834
858.951 345.276
1010.92 345.928
1148.52 638.716
1008.29 502.733
1051.1 514.149
995.873 518.75
1056.7 510.599
956.394 349.453
933.807 560.156
415.106 405.664
667.145 150.231
945.566 277.864
918.727 422.572
372.731 419.298
1056.85 650.33
1042.71 268.972
434.23 167.063
317.608 360.664
659.305 364.506
452.47 279.018
913.666 337.675
895.346 347.324
1026.8 337.742
950.667 550.368
551.279 260.068
1012.18 269.708
927.774 556.7
994.62 275.389
860.611 285.01
614.97 113.052
910.686 337.429
974.514 345.832
518.828 313.903
1195.94 634.156
969.493 499.97
690.677 216.431
955.328 346.503
884.343 481.887
727.812 326.876
940.632 737.242
1202.14 633.374
696.218 336.443
371.899 230.358
574.815 135.814
1009.68 505.916
1073.1 463.275
252.494 231.324
955.487 273.652
646.97 280.92
600.536 135.003
917.268 346.348
1064.61 429.403
440.61 414.288
947.04 477.006
615.612 353.674
892.408 557.693
653.436 115.448
266.671 360.534
865.892 342.082
1173.47 715.062
901.063 564.15
1067.81 400.996
632.102 347.827
1056.85 649.255
715.368 294.745
1040.11 332.79
627.53 267.889
1186.53 635.428
964.259 553.376
915.268 437.146
1210.34 629.315
987.623 552.856
1179.36 641.819
863.363 285.678
557.872 370.808
948.051 275.087
1301.01 716.308
1019.33 517.335
894.242 489.153
305.078 415.29
873.893 438.703
998.329 499.462
980.119 343.326
629.369 254.811
229.839 256.036
855.476 285.41
1181.15 634.137
881.617 479.578
1182.37 640.557
583.941 133.757
1042.18 397.851
894.825 348.993
935.134 346.709
1158.33 713.647
1153.35 464.695
917.082 343.08
441.645 371.028
1066.38 266.615
1005.87 345.461
436.899 177.656
595.099 131.795
1068.24 647.926
1000.91 645.099
338.168 462.934
668.928 355.926
903.816 346.748
362.107 418.106
1055.62 333.989
889.042 513.753
917.078 454.113
1005.95 645.837
996.998 482.215
905.664 564.144
948.194 347.377
577.243 354.775
625.058 118.162
953.118 518.661
664.902 357.677
1134.26 636.647
902.456 276.761
1034.86 502.008
943.926 561.693
851.058 285.344
917.104 274.799
917.104 274.799
1308.53 721.087
885.586 712.91
1031.54 268.649
433.483 181.692
951.03 557.778
967.318 347.281
282.271 229.667
579.188 129.846
864.494 341.981
626.464 147.259
891.604 277.772
1086.47 488.688
636.849 170.218
1229.99 349.838
689.652 211.11
998.943 271.244
1237.18 637.674
625.202 113.263
286.705 225.524
1128.79 646.132
1109.41 645.365
1116.69 645.205
919.785 345.428
996.34 269.938
428.375 175.501
339.988 206.203
882.042 566.045
1161.2 638.398
1069.79 333.107
1028.48 644.173
998.85 554.278
228.835 256.404
1181.42 637.879
897.619 559.828
881.742 564.493
577.679 216.842
1005.03 648.241
518.828 313.903
995.238 551.523
378.783 402.427
937.31 559.174
680.281 201.49
596.834 123.154
447.476 255.151
986.963 556.256
954.745 339.674
600.536 135.003
975.692 345.317
900.323 343.188
900.456 557.786
718.125 322.993
418.846 257.053
351.908 312.625
363.96 199.05
887.15 500.308
986.253 276.755
878.823 283.075
1061.35 268.867
1102.84 415.489
306.488 408.851
1068.24 548.421
903.816 346.748
916.806 287.373
1149.59 642.374
126.205 926.266
999.124 279.396
958.746 276.786
601.926 210.348
652.226 312.151
921.884 562.961
1077.77 637.938
927.812 559.177
440.143 241.961
1093.05 638.225
994.674 268.295
1076.21 265.539
407.928 250.145
1111.9 462.69
1168.03 642.002
236.402 240.634
978.96 347.203
973.637 559.19
1174.48 641.431
918.176 454.94
1139.56 645.713
243.691 252.423
467.458 231.949
982.375 558.325
1188.8 640.972
986.082 557.079
1081.07 494.15
1240.12 632.622
881.769 562.929
516.893 265.871
882.122 567.99
1095.63 512.144
929.913 523.721
1117.36 640.792
467.458 231.949
1090.87 491.563
1003.63 431.502
1019.94 642.254
956.017 474.248
620.164 343.134
880.219 513.743
1077.55 333.538
1080.16 328.779
643.348 250.89
862.143 278.974
1121.75 266.027
987.533 554.514
1057.26 343.058
999.124 279.396
1013.31 650.378
497.524 288.451
893.226 565.624
1112.11 263.777
1161.66 642.933
996.831 280.551
1018.22 345.344
1160.51 634.228
999.736 278.413
530.874 141.477
1260.82 627.172
1066.55 456.1
956.574 414.237
903.141 559.115
1105.34 637.359
953.195 554.757
1080.7 642.86
1202.59 254.023
1002.7 509.04
1032.66 347.424
605.588 137.639
920.511 500.064
600.092 120.846
1049.71 343.534
620.087 344.093
1007.67 651.361
1085.02 332.861
1223.28 640.457
897.547 564.64
988.553 559.956
1251.13 637.712
972.525 339.984
353.721 419.725
330.901 354.04
615.812 147.514
899.612 349.008
1077.33 331.588
1020.22 646.272
918.574 343.615
904.257 341.796
1237.71 701.636
647.722 280.876
1037.54 472.272
891.761 280.755
941.118 286.234
908.715 286.976
1079.71 643.61
1055.34 273.392
1090.21 460.654
879.891 346.249
300.062 344.49
718.598 326.74
1160.77 635.48
883.172 515.06
456.177 287.198
889.891 555.533
1090.87 491.563
1012.98 493.339
566.008 139.712
1052.55 476.495
954.848 340.714
1183.67 633.457
972.346 551.615
530.13 134.789
927.648 416.017
893.738 415.844
333.859 331.656
1065.54 342.447
990.079 346.739
557.228 284.858
1211.01 634.076
1001.53 500.136
470.123 403.218
286.104 375.479
1088.1 436.328
1052.8 335.204
955.328 346.503
955.043 550.978
948.561 342.303
996.271 551.198
1095.36 641.492
1002.7 509.04
1127.84 450.38
956.574 414.237
701.388 296.859
919.209 342.289
314.48 304.226
899.578 524.997
924.71 349.681
620.986 359.326
1001.08 648.018
969.099 346.75
918.727 422.572
326.815 279.554
1060.22 490.472
914.989 341.485
295.827 224.266
914.262 516.945
902.629 729.445
990.258 344.785
1018.22 345.344
880.393 352.636
871.699 480.317
438.347 383.773
1181.27 637.861
919.135 432.175
632.429 346.292
1224.81 637.425
354.8 456.805
985.576 553.371
908.146 353.408
1108.42 264.711
991.393 274.579
1249.21 631.433
1035.54 648.271
857.963 353.78
980.119 343.326
559.895 374.96
1095.63 512.144
903.3 406.751
952 336.054
1094.29 508.7
1065.36 336.602
1063.17 334.981
465.605 320.98
1093.63 458.145
1090.21 460.654
307.406 217.614
1143.23 636.12
901.846 286.156
459.164 176.984
1203.39 640.864
1044.4 645.115
982.832 558.953
972.659 549.682
454.911 332.321
1060.6 492.03
1124.26 646.734
1161.67 640.138
1001.18 278.053
228.643 239.599
1013.15 648.892
992.536 554.139
1231.34 639.936
1035.61 348.602
999.605 648.26
270.087 263.639
1045.53 652.327
896.317 564.882
1286.16 707.914
1078.92 643.108
645.265 326.447
872.422 527.369
938.739 519.606
1035.8 512.498
1018.14 344.487
1009.01 644.092
928.567 564.6
1192.78 634.378
721.688 314.98
1012.27 516.083
317.319 314.998
996.402 278.259
1137.21 407.371
1069.8 641.628
986.963 556.256
714.807 312.636
1236.04 629.866
985.689 558.91
232.982 243.976
989.47 278.68
1147.65 636.695
939.419 520.408
433.722 245.23
665.716 186.166
1035.07 335
961.361 560.462
430.038 250.432
314.581 400.762
956.854 351.118
371.705 316.374
907.995 352.548
1017.32 517.403
580.627 362.636
902.943 343.713
655.772 346.562
582.035 264.339
1105.79 640.416
996.057 548.181
1152.27 634.71
303.313 224.376
555.715 283.197
605.524 136.589
1223.79 635.137
1001.47 332.561
858.475 285.082
979.905 339.589
1072.22 639.219
1018.12 642.567
537.782 252.135
1035.31 342.766
985.339 344.918
885.586 712.91
971.362 501.34
989.111 555.732
665.991 364.049
666.177 354.34
1060.32 648.186
1028.45 649.369
1031.99 649.136
523.045 397.36
598.916 135.982
409.181 209.068
862.449 353.391
1001.53 500.136
1078.2 341.983
899.993 559.57
600.092 120.846
288.086 352.353
464.366 314.526
971.362 501.34
1174.48 641.431
1008.29 502.733
402.71 236.746
1042.84 334.15
1081.95 334.957
574.41 125.281
1175.37 635.73
300.855 223.97
1088.51 641.688
962.117 418.448
454.887 176.148
940.81 283.795
939.907 561.406
935.134 346.709
604.2 180.622
605.226 121.831
1101.02 641.996
921.826 498.968
858.598 279.491
601.926 210.348
310.324 379.208
900.673 481.616
1055.62 333.989
889.042 513.753
1196.24 640.29
985.891 274.651
368.153 359.348
352.471 336.865
271.262 230.796
1240.64 639.438
1081.07 494.15
1105.1 643.785
1107.67 452.447
902.52 342.377
976.743 339.359
1063.17 334.981
882.069 566.711
1264.56 687.482
716.605 319.332
1007.81 499.862
925.279 561.817
1093.05 638.225
951.118 341.607
863.658 418.863
642.747 318.375
1087.97 638.653
437.466 176.191
1321.07 729.628
989.1 341.551
301.343 221.671
1140.25 635.202
951.926 471.573
932.422 340.632
1023.53 516.84
986.774 547.522
1211.69 640.691
1135.79 640.911
577.724 125.279
902.228 736.718
964.013 347.483
989.744 445.556
931.403 433.215
1132.24 640.35
1018.92 492.13
884.408 510.857
880.255 501.022
909.247 560.367
1007.19 425.121
1068.24 647.926
285.383 378.694
272.089 211.037
1210.17 632.411
1013.15 648.892
925.915 560.942
975.023 350.882
911.66 352.034
828.696 390.258
1012.56 509.111
1159.31 640.402
940.368 554.568
1027.49 649.808
694.983 232.149
415.914 346.323
1069.67 462.097
453.277 233.989
1017.66 640.449
1049.58 645.717
605.555 130.142
634.763 349.147
999.957 274.269
1184.87 632.757
1081.77 419.706
1040.56 335.839
300.005 223.845
1008.04 504.305
468.232 400.882
1067.66 643.356
965.621 352.567
964.195 552.558
1003.95 277.823
302.92 311.664
982.03 556.8
1044.83 269.441
991.393 274.579
940.542 563.902
1202.23 638.113
1044.83 269.441
915.185 343.814
1068.81 332.709
1068.4 495.413
477.104 261.86
577.167 131.971
1253.3 631.642
1014.31 277.885
1068 641.922
1047.4 344.539
656.903 311.696
352.732 305.395
570.725 129.366
985.547 512.794
966.688 507.057
968.995 344.719
1039.04 341.7
928.779 565.496
1055.69 446.412
975.32 341.079
1140.46 636.16
952.064 352.204
1121.75 266.027
1123.08 641.854
1227.78 636.324
498.957 320.536
855.51 423.283
687.005 270.128
905.637 554.53
437.114 241.162
1234.52 633.764
969.449 465.993
1058.94 331.654
920.121 523.441
1117.31 640.51
451.796 257.255
978.327 559.14
875.962 345.917
974.514 345.832
936.661 554.556
602.849 210.534
1036.22 644.785
1179.05 640.762
1231.5 343.577
1066.55 456.1
1249.63 637.376
1088.51 641.688
890.049 419.72
1112.71 265.732
864.827 288.018
859.817 288.78
1062.79 488.864
1030.3 268.026
624.732 271.26
1234.85 712.669
915.234 428.601
1077.33 331.588
1095.12 638.129
977.971 503.555
441.071 254.787
927.034 344.914
979.76 553.27
518.336 261.191
1108.06 637.068
1004.18 473.906
1027.07 344.817
961.127 555.451
1182.63 642.68
455.914 176.778
668.928 355.926
967.06 353.063
432.832 178.563
1079.29 330.247
984.757 551.086
1156.06 645.008
718.654 318.183
998.329 499.462
1086.91 450.407
1075.7 646.465
956.421 559.111
441.42 179.644
995.914 278.951
960.783 551.385
975.692 345.317
1079.06 419.366
1110.67 441.883
1002.81 333.545
1084.79 638.373
858.859 355.095
1005.32 337.572
264.011 295.263
1083.03 644.016
1167.9 641.319
1029.63 337.556
981.615 551.832
894.251 281.203
538.84 374.219
1086.75 642.463
415.985 187.754
1042.84 334.15
1037.31 340.063
279.303 222.171
574.815 135.814
1249.63 637.376
1032.35 645.992
603.928 122.308
578.617 132.546
1061.96 411.194
322.249 444.344
432.015 410.81
956.617 282.822
1075.51 326.983
982.809 342.865
910.294 285.92
1035.99 337.251
1004.91 335.951
1264.93 632.115
501.322 286.408
508.036 259.896
1252.6 636.231
1012.18 269.708
1042.69 330.585
485.021 310.661
1196.42 637.884
970.008 341.804
858.475 285.082
898.914 345.992
400.396 274.511
915.055 556.092
298.531 223.62
882.042 566.045
1023.23 334.825
1149.01 415.883
1043.4 645.074
1104.04 640.379
1089.37 263.879
1059.76 646.816
1079.55 643.163
733.97 336.634
595.899 135.671
1042 651.609
929.586 558.211
1097.27 641.819
887.66 424.116
975.692 345.317
416.529 248.236
1036.76 423.625
267.501 281.907
1018.43 340.392
999.813 549.82
1135.79 640.911
305.782 415.693
998.3 282.934
989.732 408.53
956.455 338.16
447.614 230.148
405.39 190.54
1179.36 641.819
235.818 284.607
369.882 415.096
885.496 565.773
949.737 274.849
500.831 312.424
944.923 339.47
969.449 465.993
1076.01 645.25
1235.39 635.137
1273.34 712.482
1068.89 640.141
1000.97 643.859
272.48 215.047
1144.85 643.638
281.952 352.426
721.273 316.27
628.805 357.266
1261.33 636.778
958.746 276.786
941.646 343.503
1071.72 449.428
1140.25 635.202
1204.76 711.749
920.511 500.064
1009.49 491.826
882.675 347.554
557.872 370.808
275.064 226.685
1004.33 510.577
879.776 562.31
1173.39 714.048
626.464 147.259
648.066 207.266
708.39 271.693
1249.63 637.376
368.013 289.242
1241.42 638.805
1027.13 434.19
1061.63 514.873
495.984 322.144
1204.15 703.681
434.04 179.068
1167.43 636.59
1018.97 644.925
967.562 351.337
995.914 278.951
718.298 343.265
1078.39 264.248
1115.52 640.315
557.071 170.321
954.745 339.674
889.677 345.073
1080.73 481.321
859.004 281.587
889.744 558.86
989.111 555.732
918.33 350.292
991.393 274.579
1085.24 500.541
432.832 178.563
958.771 274.288
247.756 332.838
981.615 551.832
823.353 266.713
1090.21 460.654
307.406 217.614
569.693 178.757
1059.75 269.28
923.386 343.631
994.545 267.121
966.15 413.471
1229.65 631.686
912.376 564.167
911.807 557.456
953.739 350.639
1144.49 645.474
1126.14 636.222
1266.8 637.105
899.993 559.57
974.473 507.133
870.744 741.676
994.62 275.389
1107.42 639.709
596.524 135.674
605.524 136.589
1216.27 634.751
948.194 347.377
457.298 174.326
853.117 288.408
927.774 556.7
881.617 479.578
1316.62 726.482
1160 456.187
1263.62 637.122
1180.89 634.937
991.538 270.347
638.821 347.087
466.882 310.426
855.51 423.283
1244.88 632.927
299.013 209.405
275.894 442.318
497.828 321.846
663.248 368.279
402.185 241.202
647.923 119.794
935.575 438.22
707.926 325.386
881.469 502.323
968.606 457.937
660.749 186.204
405.39 190.54
894.629 526.086
1254.71 634.583
895.994 478.538
1127.69 641.664
1065.36 336.602
959.316 349.778
306.488 408.851
1081.61 336.398
1001.5 495.064
275.064 226.685
498.445 287.826
1167.9 641.319
954.848 340.714
956.937 334.41
976.095 350.587
1203.18 398.439
1008.1 500.212
366.766 237.139
997.259 286.245
972.503 553.904
346.595 301.486
652.932 371.03
1116.85 637.966
1239.88 633.321
565.095 261.401
922.131 459.796
253.923 292.845
624.024 231.858
999.799 275.812
295.244 357.415
965.516 344.853
1150.03 638.686
617.918 127.942
1149.07 634.135
879.141 416.864
969.099 346.75
335.501 411.102
947.638 276.537
1108.83 640.901
941.116 559.391
1216.88 638.775
1023.34 333.278
930.938 417.37
1251.06 639.102
454.887 176.148
1075.92 647.334
1005.95 645.837
1008.86 423.164
884.408 510.857
1001.5 495.064
626.486 174.819
875.329 524.251
371.056 231.841
510.031 215.722
987.401 338.178
1255.21 629.615
1046.39 344.429
348.166 249.342
968.411 559.856
730.746 329.32
1002.54 503.254
895.143 344.129
1091.34 440.559
1175.29 631.359
307.074 222.662
999.476 555.077
1002.54 503.254
927.414 521.979
1099.76 637.382
382.315 398.855
632.102 347.827
630.877 133.362
931.319 351.596
697.157 316.772
285.88 371.604
1173.47 715.062
1008.81 653.125
253.15 367.534
1134.46 645.722
645.265 326.447
973.637 559.19
1235.62 637.382
1003.8 274.65
945.988 347.755
896.716 524.377
941.457 341.491
1125.92 640.091
915.564 347.693
1045.75 642.729
1150.68 637.369
964.056 556.251
1184.55 638.98
1193.37 639.423
1202.14 633.374
920.87 279.421
1137.93 636.989
935.575 438.22
1074.74 395.765
615.174 149.796
945.226 403.864
640.279 350.28
1068.07 641.248
263.164 295.49
1012.08 480.208
977.701 551.511
339.988 206.203
1193.47 643.299
978.96 347.203
866.159 349
473.197 341.044
955.328 346.503
1199.78 642.648
665.641 187.227
1004.45 644.288
1107.63 264.67
949.432 554.692
1051.07 424.785
366.988 374.129
865.943 343.698
953.521 340.65
1159.6 636.635
923.592 351.548
972.797 557.954
629.369 254.811
868.094 341.904
384.32 401.374
487.743 336.078
957.744 552.836
860.509 296.221
967.697 554.137
298.885 414.676
972.806 552.72
1096.44 646.039
1064.29 642.411
522.732 293.505
988.617 340.773
347.645 207.913
909.705 280.202
264.049 357.962
953.195 554.757
1000.74 652.34
1028.58 642.005
1166.84 463.762
1088.04 489.035
250.94 241.693
1108.83 640.901
889.141 563.558
862.857 355.546
438.766 302.535
1167.21 637.661
1124.77 262.64
1020.56 645.055
1044.63 267.84
892.517 559.477
983.418 514.98
983.666 417.344
901.424 480.731
995.166 271.847
1162.04 644.097
1321.07 729.628
1001.18 278.053
1021.39 344.446
823.124 268.103
400.396 274.511
941.242 499.336
574.41 125.281
1065.73 454.827
880.612 350.543
1003.11 512.286
271.262 230.796
863.577 284.016
1099.53 639.566
1056.09 335.894
1057.04 404.219
1175.37 635.73
992.57 549.591
880.393 352.636
666.825 363.436
553.235 292.189
1078.16 336.789
525.101 135.953
955.487 273.652
1069.67 462.097
964.013 347.483
832.396 277.185
1003.37 345.568
1234.03 638.737
1079.25 641.759
1096.77 408.355
1184.55 638.98
1167.9 641.319
253.923 292.845
594.599 359.307
1230.4 628.459
630.679 559.444
1068.63 342.306
1112.51 637.465
952.261 339.625
1018.97 644.925
856.312 293.304
1181.27 637.861
953.473 344.968
714.662 321.161
566.005 138.984
449.074 228.429
877.379 346.095
1010.34 650.94
1227.54 659.721
918.33 350.292
902.228 736.718
925.035 459.73
865.732 283.464
438.347 383.773
1053.33 648.276
657.779 195.303
351.701 314.543
1015.93 515.676
849.748 284.485
687.103 203.509
980.416 346.224
859.658 285.152
548.218 130.201
888.74 289.614
1000.7 282.767
908.146 353.408
897.619 559.828
1098.13 643.439
1031.54 268.649
996.27 280.09
1046.41 647.189
966.246 343.663
977.858 555.829
613.215 141.409
1148.21 640.38
1005.21 275.608
1123.9 264.849
1031.99 649.136
902.214 288.831
1068.03 340.546
1240.57 642.391
626.486 174.819
951.617 339.803
1004.91 335.951
1108.42 264.711
467.865 325.936
1037.84 335.159
655.964 341.291
885.507 564.662
718.44 324.623
995.914 278.951
885.213 519.524
964.426 558.784
590.916 136.257
689.659 215.482
517.12 304.263
1081.1 330.343
683.001 209.43
969.099 346.75
1090.21 460.654
949.304 513.309
1057.25 489.209
725.714 327.266
1021.39 344.446
939.276 444.108
1110.33 262.324
1015.85 643.728
970.395 353.331
232.519 269.584
991.393 274.579
1112.11 263.777
860.283 295.125
1220.42 638.091
858.716 278.123
671.269 189.285
939.907 561.406
1214.05 639.31
320.528 398.397
364.609 402.582
862.393 351.835
912.023 560.029
500.831 312.424
1023.53 516.84
1037.91 337.701
1056.7 644.666
895.574 559.646
525.049 318.879
871.051 425.521
1110.96 637.228
972.1 449.532
942.501 349.877
425.138 409.343
954.441 559.683
346.832 193.062
498.957 320.536
1044.09 493.471
886.342 514.865
879.462 418.917
364.609 402.582
388.409 199.076
1231.03 632.296
465.362 174.811
983.921 345.146
1086.32 438.397
1186.68 641.022
607.891 212.745
339.514 461.785
497.803 327.786
970.008 341.804
933.961 345.99
1096.75 452.692
1043.34 346.25
1038.08 515.309
1018.92 492.13
922.724 347.24
723.4 325.249
1012.82 337.904
1247.35 641.238
1006.09 644.127
628.747 252.776
958.095 271.86
1164.75 399.73
301.343 221.671
917.082 343.08
1190.35 643.212
861.499 292.794
1079.55 643.163
1037.95 645.297
1004.91 335.951
667.028 218.55
601.057 137.153
941.57 342.577
310.324 379.208
1044.4 645.115
862.393 351.835
997.487 516.943
1031.12 641.668
911.196 461.22
1173.45 636.323
982.279 338.907
1211.69 640.691
232.208 248.109
1065.73 454.827
901.582 522.248
998.329 499.462
978.327 559.14
436.899 177.656
855.628 281.782
821.694 267.702
1054.29 515.566
585.971 137.057
1112.22 647.237
909.578 431.287
892.517 559.477
1062.79 488.864
1222.04 635.817
875.859 420.497
954.178 337.472
918.176 454.94
576.523 243.022
1286.16 707.914
636.457 122.975
1111.92 645.491
607.008 245.476
958.182 553.596
605.588 137.639
419.243 383.888
249.733 260.45
975.4 551.749
1037.03 342.276
977.083 562.657
858.859 355.095
497.105 287.412
1002.54 503.254
862.683 350.56
859.817 288.78
1248.73 633.245
1002.08 269.667
966.688 507.057
947.091 563.618
1112.11 263.777
927.123 348.749
938.754 449.393
1217.57 630.17
964.059 520.831
938.294 497.518
1145.34 634.872
347.439 444.092
415.914 346.323
258.821 358.81
1084.16 506.074
901.691 278.747
972.495 453.499
1199.86 636.556
915.898 563.863
1234.52 633.764
437.391 218.385
987.709 557.563
918.72 499.564
1140.25 635.202
1152.27 634.71
1098.13 643.439
266.671 360.534
975.32 341.079
667.145 150.231
1047.4 344.539
1025.87 276.811
914.995 559.71
1261.2 634.076
1079.29 330.247
962.338 426.174
1098.13 643.439
1113.81 422.381
1210.33 243.245
355.863 334.796
273.369 216.592
937.641 341.933
1052.8 335.204
1049.66 342.698
862.449 353.391
126.205 926.266
1073.1 463.275
1041.59 649.417
1116.23 456.236
302.555 468.915
889.529 560.486
1068.81 332.709
1177.59 416.326
318.052 448.005
944.341 496.238
947.961 477.747
1061.33 342.491
1150.68 637.369
1105.1 643.785
335.501 411.102
437.735 180.927
733.264 335.517
871.427 283.206
455.225 172.675
1036.45 333.713
1260.24 631.878
1095.9 447.677
1032.1 338.413
279.147 227.848
972.495 453.499
889.529 560.486
1199.01 636.61
968.995 344.719
855.495 279.993
1023.45 344.324
936.806 346.176
1261.4 634.49
1105.79 640.416
473.587 403.861
472.775 330.607
620.619 240.927
918.085 441.205
1226.93 633.248
1040.56 335.839
1050 646.637
952.604 521.84
900.357 341.67
991.301 419.778
363.96 199.05
652.027 339.96
1138.88 417.434
594.599 359.307
281.994 224.029
603.548 234.146
275.894 442.318
976.521 340.552
1123.07 641.049
940.762 336.21
1104.58 639.075
924.746 274.914
467.458 231.949
439.282 335.611
320.527 323.841
422.88 248.593
1046.12 345.095
919.413 347.74
1123.35 452.526
1250.06 631.014
959.736 519.605
953.473 344.968
1002.7 509.04
889.692 557.542
561.777 269.089
1211.11 634.912
1130.1 633.996
1214.34 630.381
995.943 275.331
236.304 290.12
434.984 168.437
1199.86 636.556
943.145 556.732
1117.68 645.364
1263.62 637.122
1117.83 642.603
1229.56 628.836
1034.45 639.564
1063.32 340.428
1199.86 636.556
897.547 564.64
987.127 275.704
877.379 346.095
1167.21 637.661
443.43 246.974
1095.61 642.619
1213.6 636.635
963.359 348.947
268.596 215.627
933.807 560.156
1014.35 345.163
1031.22 642.433
871.051 425.521
1094.06 639.162
997.773 550.098
989.499 554.067
1049.71 640.534
944.969 417.666
859.083 348.38
972.847 349.411
1038.95 516.094
1021.56 515.572
1072.17 641.582
1051.52 328.709
352.294 347.596
994.251 560.416
1171.36 641.115
1073.1 463.275
1053.45 645.372
1009.85 331.354
1107.42 639.709
1075.61 327.673
1161.2 638.398
1007.81 499.862
1056.7 510.599
905.742 739.249
955.328 346.503
1021.74 339.705
1017.15 337.135
1086.95 421.058
968.235 410.931
1186.68 641.022
496.672 281.178
472.775 330.607
1034.32 515.666
1008.04 504.305
437.735 180.927
951.03 557.778
1228.34 714.29
1148.31 318.296
1016.4 650.422
1044.07 331.311
1054.39 414.883
1107.67 452.447
989.269 499.744
873.893 438.703
614.509 347.428
1080.11 645.157
238.972 248.342
1201.78 632.393
1078.29 645.362
665.641 187.227
931.403 433.215
447.036 409.316
596.524 135.674
976.162 552.131
1071.16 643.102
990.798 268.355
969.224 555.446
456.41 418.003
477.104 261.86
1107.63 264.67
977.858 555.829
413.408 412.076
986.197 514.445
321.484 382.67
940.324 557.881
665.724 347.692
860.087 293.022
1132.24 640.35
413.665 312.141
1262.27 631.648
929.721 342.219
640.279 350.28
1061.23 339.59
998.85 554.278
359.125 187.813
1232.63 633.781
1032.28 650.196
302.577 357.817
1170.37 634.472
1002.9 646.947
1009.85 649.73
1086.91 450.407
1014.29 654.292
906.962 502.497
1007.67 651.361
966.246 343.663
352.722 398.659
446.297 409.719
1067.15 640.224
911.635 555.537
325.848 199.705
1027.13 434.19
1043.55 428.843
1035.69 266.924
1001.36 500.571
987.438 555.344
984.832 488.227
1044.83 269.441
945.136 272.498
1082.75 639.066
577.243 354.775
1215.93 641.808
627.258 236.663
264.049 357.962
1000.74 652.34
1081.21 333.194
459.975 406.168
1134.67 719.317
1162.73 637.953
1212.33 632.485
1124.77 262.64
940.324 557.881
451.109 177.456
1213.79 631.643
836.739 294.738
1102.16 266.607
561.777 269.089
951.118 341.607
964.853 560.037
687.103 203.509
1028.28 464.522
893.112 519.949
928.176 561.045
1060.6 492.03
871.051 425.521
1122.91 638.442
1032.41 336.743
868.645 284.929
1071.41 646.992
932.37 278.564
905.387 734.357
1023.94 646.185
1068 641.922
1253.9 636.608
901.424 480.731
856.039 346.973
569.799 373.956
294.742 217.896
982.832 558.953
999.293 649.96
1096.84 267.385
1225.23 639.004
1239.88 633.321
1019.09 283.705
917.777 276.398
883.172 515.06
1261.4 634.49
981.497 456.751
718.654 318.183
892.31 343.249
685.224 314.268
277.362 232.026
1003.63 431.502
982.809 342.865
1000.7 282.767
535.124 255.313
563.43 129.287
377.756 317.61
1003.15 338.94
319.448 213.894
1181.77 707.845
303.097 219.448
343.455 456.532
1013.25 514.252
985.953 556.812
895.346 347.324
1078.92 643.108
272.348 229.686
947.253 519.697
408.716 236.881
347.645 207.913
860.851 288.855
856.298 347.204
1087.05 341.601
1096.75 452.692
1173.45 636.323
993.924 340.306
1065.54 342.447
900.673 481.616
921.826 498.968
473.695 206.286
858.475 285.082
416.915 317.587
940.937 275.46
905.886 275.724
1078.93 334.959
990.755 409.329
976.521 340.552
1003.95 277.823
625.313 136.086
1084.16 506.074
385.057 374.208
447.476 255.151
442.244 179.257
887.15 500.308
1035.64 649.478
892.769 562.732
938.681 339.379
459.673 172.546
595.987 120.486
558.626 250.777
1256.96 635.835
617.918 127.942
