1111
448.983 351.836 494.766 548.709
658.722 192.7 237.428 451.774
627.823 346.379 429.327 396.741
271.262 230.796 411.677 814.054
267.501 281.907 481.129 774.252
299.419 355.163 557.349 687.124
410.85 252.451 389.157 649.839
352.229 317.719 491.503 661.328
683.001 209.43 250.394 422.194
499.764 282.544 396.189 544.754
627.89 343.582 426.447 397.815
413.408 412.076 574.135 543.597
315.33 431.795 634.697 618.444
350.566 316.951 492.463 663.747
452.47 279.018 408.683 588.404
494.594 261.275 372.558 562.862
445.952 237.447 357.201 622.704
561.748 198.406 270.036 538.313
683.938 207.901 250.394 422.194
352.732 305.395 472.836 668.347
371.056 231.841 377.257 704.307
474.685 205.66 308.488 616.712
444.63 238.002 357.201 622.704
417.478 365.708 522.691 567.995
269.268 359.32 574.231 712.549
526.484 151.505 219.638 601.999
351.701 314.543 488.095 664.166
347.132 308.611 482.783 673.095
407.589 408.923 573.782 548.958
379.806 409.846 586.281 573.72
384.32 401.374 574.93 575.316
288.086 352.353 557.569 698.817
663.03 189.511 230.545 452.91
440.923 349.085 495.959 557.011
292.872 224.934 395.224 793.986
605.829 233.831 302.909 477.048
341.726 372.292 558.275 633.186
517.052 308.11 422.404 511.2
540.181 328.566 437.171 480.663
378.071 405.09 581.162 577.848
624.064 267.14 337.964 443.385
243.83 258.268 460.342 821.124
440.143 241.961 366.146 627.258
377.335 400.821 577.462 580.532
280.26 230.26 407.757 803.004
368.58 413.462 592.574 581.925
431.75 177.792 286.774 679.109
348.242 306.25 479.689 673.76
626.274 171.501 221.274 493.4
302.131 315.482 509.734 712.786
592.473 339.565 432.993 430.016
656.391 190.817 235.888 455.264
421.297 248.246 381.103 642.12
686.917 314.281 375.755 365.476
461.156 221.34 334.031 618.999
660.439 187.752 230.543 453.811
658.722 192.7 236.702 452.878
470.231 198.102 299.613 628.069
538.85 325.613 434.352 483.331
501.322 286.408 401.716 540.643
525.594 259.117 358.785 536.171
576.523 243.022 324.733 497.243
318.332 360.017 555.871 665.225
281.002 335.301 540.84 718.474
415.106 405.664 567.601 543.548
371.899 230.358 375.795 704.638
266.671 360.534 576.154 714.925
632.102 347.827 429.489 392.223
715.368 294.745 342.392 354.259
627.53 267.889 338.502 440.036
305.078 415.29 621.925 638.564
629.369 254.811 322.187 445.285
362.107 418.106 599.289 582.427
433.483 181.692 290.05 677.047
636.849 170.218 214.069 485.686
577.679 216.842 290.86 512.772
378.783 402.427 577.462 580.532
351.908 312.625 485.873 665.1
363.96 199.05 334.449 738.051
306.488 408.851 612.672 642.784
601.926 210.348 274.9 494.485
440.143 241.961 366.146 627.258
407.928 250.145 387.841 653.604
467.458 231.949 343.479 603.759
467.458 231.949 343.479 603.759
620.164 343.134 428.318 403.64
643.348 250.89 312.669 433.662
497.524 288.451 405.833 542.17
620.087 344.093 428.668 404.736
615.812 147.514 189.275 521.247
647.722 280.876 347.836 414.415
300.062 344.49 540.604 695.165
333.859 331.656 515.643 669.847
326.815 279.554 455.428 713.324
665.716 186.166 227.215 449.389
314.581 400.762 602.309 639.88
371.705 316.374 481.35 644.283
582.035 264.339 348.483 481.41
288.086 352.353 557.569 698.817
464.366 314.526 446.488 557.69
604.2 180.622 237.699 510.444
601.926 210.348 274.9 494.485
368.153 359.348 533.758 618.669
352.471 336.865 514.101 649.185
415.914 346.323 501.224 581.7
656.903 311.696 381.156 390.922
437.114 241.162 365.374 628.803
602.849 210.534 275.02 493.707
624.732 271.26 341.43 440.064
518.336 261.191 364.413 540.849
441.42 179.644 284.749 670.335
538.84 374.219 489.149 455.166
322.249 444.344 645.868 603.097
501.322 286.408 401.716 540.643
485.021 310.661 435.187 540.724
416.529 248.236 383.411 646.206
267.501 281.907 481.129 774.252
305.782 415.693 621.925 638.564
447.614 230.148 349.279 627.361
369.882 415.096 592.234 578.215
500.831 312.424 432.337 524.047
281.952 352.426 559.656 706.972
648.066 207.266 258.597 454.674
368.013 289.242 449.687 665.46
495.984 322.144 445.147 523.865
432.832 178.563 286.774 679.109
402.185 241.202 379.264 665.049
306.488 408.851 612.672 642.784
366.766 237.139 385.941 704.06
346.595 301.486 474.007 679.485
565.095 261.401 347.351 498.587
253.923 292.845 500.385 780.02
624.024 231.858 296.148 462.044
295.244 357.415 561.815 688.77
626.486 174.819 224.652 492.486
371.056 231.841 377.257 704.307
510.031 215.722 310.477 577.258
382.315 398.855 572.219 579.178
632.102 347.827 429.489 392.223
473.197 341.044 474.23 532.699
665.641 187.227 228.31 449.284
366.988 374.129 552.805 606.429
384.32 401.374 574.93 575.316
298.885 414.676 624.417 643.699
522.732 293.505 402.284 516.927
264.049 357.962 574.561 719.461
271.262 230.796 411.677 814.054
553.235 292.189 391.395 490.851
253.923 292.845 500.385 780.02
594.599 359.307 454.103 416.446
566.005 138.984 193.117 574.497
449.074 228.429 347.063 626.711
657.779 195.303 241.322 451.333
351.701 314.543 488.095 664.166
626.486 174.819 224.652 492.486
467.865 325.936 459.612 546.179
671.269 189.285 229.325 445.356
364.609 402.582 583.39 591.642
364.609 402.582 583.39 591.642
497.803 327.786 450.801 519.219
576.523 243.022 324.354 498.022
607.008 245.476 317.259 470.404
419.243 383.888 542.203 554.713
249.733 260.45 460.487 812.392
497.105 287.412 402.919 544.192
415.914 346.323 501.224 581.7
266.671 360.534 576.154 714.925
355.863 334.796 511.429 645.771
437.735 180.927 284.749 670.335
472.775 330.607 462.561 539.354
594.599 359.307 454.103 416.446
603.548 234.146 304.79 479.599
439.282 335.611 480.33 566.959
422.88 248.593 380.783 640.517
443.43 246.974 369.652 619.746
472.775 330.607 462.561 539.354
437.735 180.927 284.749 670.335
665.641 187.227 228.31 449.284
413.408 412.076 575.235 541.133
413.665 312.141 462.179 606.254
302.577 357.817 558.447 681.581
352.722 398.659 583.34 606.251
377.756 317.61 482.451 635.495
385.057 374.208 544.359 592.702
595.987 120.486 158.494 556.727
978.96 347.203 795.02 393.913
894.382 353.835 769.322 466.252
951.013 469.263 913.387 465.077
891.175 354.708 769.182 470.208
1042.71 268.972 731.283 312.259
905.371 559.187 993.102 537.169
1078.13 341.165 822.679 312.649
1079.28 332.703 815.327 307.679
878.295 564.876 991.641 562.095
861.569 342.546 744.514 492.331
909.705 280.202 692.467 424.904
1048.65 405.1 880.127 361.99
872.422 527.369 950.336 552.89
982.636 348.084 796.508 391.559
898.874 276.133 683.831 431.279
943.228 560.164 1006.23 506.256
1097.13 446.876 938.59 340.336
1009.38 338.373 796.123 365.953
1045.82 645.427 1117.28 456.37
979.377 459.46 914.823 438.105
1008.87 493.243 958.322 428.199
1005.85 335.06 791.403 366.773
958.419 348.397 788.455 411.499
878.77 491.316 912.917 533.564
889.141 563.558 992.75 551.885
980.416 346.224 794.493 392.286
908.336 557.314 991.302 533.733
957.265 520.723 970.754 479.89
1103.15 405.972 898.002 319.754
1017.61 491.131 958.853 419.883
1082.73 641.368 1123.34 425.259
911.66 352.034 774.692 451.674
942.519 431.878 872.044 458.034
887.359 354.092 767.262 473.322
998.146 269.454 716.322 346.177
1129.71 640.321 1133.98 388.411
947.04 477.006 922.245 471.962
892.769 562.732 994.344 549.322
972.803 562.283 1016.88 482.896
1041.77 648.745 1120.8 460.156
1033.64 347.983 815.265 350.576
1066.83 514.804 996.539 391.159
1019.4 336.187 798.266 356.036
938.681 339.379 770.65 423.794
1028.6 639.821 1108.41 467.043
951.926 471.573 917.979 465.411
936.806 346.176 776.813 429.084
1089.11 638.721 1122.11 420.683
1003.88 649.443 1111.54 490.058
1044.09 340.821 811.554 339.295
893.142 564.661 994.344 549.322
1061.33 637.787 1114.67 440.819
1065.36 336.602 811.886 321.778
1072.52 335.552 815.186 314.935
1013.72 517.748 984.356 433.733
899.517 353.178 771.023 462.561
962.117 418.448 864.414 435.911
1049.71 343.534 816.266 335.645
912.023 560.029 995.743 534.258
943.647 522.376 967.482 491.668
1150.03 638.686 1136.94 374.715
890.049 419.72 839.919 497.635
878.284 556.752 982.86 559.084
945.566 277.864 703.837 392.822
1167.43 636.59 1138.92 361.139
1009.77 494.471 960.176 427.935
902.246 345.201 762.279 457.371
929.586 558.211 1000.07 516.709
905.371 559.187 993.102 537.169
990.258 344.785 795.29 384.081
887.66 424.116 842.796 499.799
1068.36 436.144 920.171 357.3
912.629 566.146 1002.93 533.926
992.533 548.401 1009 462.006
1064.29 642.411 1119.64 440.545
1009.85 649.73 1113.23 484.553
1001.47 332.561 786.827 369.222
1146.23 636.237 1134.88 376.292
1094.29 508.7 998.8 367.504
1000.91 645.099 1106.35 490.867
955.032 555.344 1004.81 494.92
947.162 558.79 1006.13 502.409
1041.72 341.596 811.435 341.287
875.859 420.497 835.149 509.592
862.393 351.835 756.358 492.833
1162.61 637.376 1139.03 364.554
890.049 419.72 839.919 497.635
882.042 566.045 993.705 559.41
958.095 271.86 704.229 379.873
972.719 340.184 784.126 395.817
1035.27 504.118 978.51 411.702
1054.39 414.883 892.588 361.287
1006.05 341.581 798.124 369.292
903.59 343.421 761.372 455.833
999.799 275.812 723.881 347.374
1006.05 341.581 798.124 369.292
1116.85 637.966 1128.8 398.768
1072.18 637.331 1116.83 432.379
912.628 560.116 996.615 531.776
1002.02 653.642 1114.98 492.923
1045.27 641.114 1113.93 454.289
908.294 556.429 991.302 533.733
1116.64 636.626 1127.1 398.335
896.317 564.882 996.618 546.142
963.745 473.375 924.46 456.129
1078.29 645.362 1126.92 430.603
1232.38 344.263 874.84 200.786
874.967 352.711 759.521 482.397
1081.62 495.905 981.636 370.412
924.763 276.541 694.28 409.769
972.997 343.129 788.37 397.36
935.333 341.888 772.137 427.783
1105.08 635.051 1123.73 406.796
860.283 295.125 689.339 472.444
934.876 523.056 965.712 499.463
906.264 344.266 763.018 453.221
908.294 556.429 991.302 533.733
1134.28 635.717 1130.63 384.952
1015.61 642.674 1107.71 478.186
1008.88 654.106 1116.93 487.557
1016.28 335.895 795.895 358.843
1026.79 343.984 808.841 354.081
956.574 414.237 858.42 438.135
945.927 467.664 911.625 469.007
882.436 561.887 989.598 556.815
1086.92 340.757 825.922 305.73
1019.33 517.335 985.851 428.442
891.175 354.708 769.182 470.208
934.825 439.288 877.772 467.057
904.988 730.975 1165.1 598.975
994.515 494.267 955.008 439.251
921.686 502.18 939.724 502.412
1034.1 646.307 1115.88 464.48
877.23 289.886 690.18 455.635
920.678 560.185 998.761 524.816
886.406 501.288 926.664 531.598
1084.16 506.074 993.784 373.105
884.654 555.822 984.298 553.558
946.198 551.474 998.083 500.595
938.338 413.17 850.933 453.871
987.789 347.091 798.79 386.223
984.534 346.994 797.524 387.525
1004.98 334.956 790.248 367.335
875.136 346.39 753.331 480.42
970.585 343.778 787.885 399.047
961.062 559.387 1010.7 491.376
1084 642.775 1125.23 424.645
1128.16 265.326 758.814 243.656
1078.93 334.959 817.298 311.486
1037.03 342.276 810.221 345.073
1149.07 632.965 1131.06 372.974
1020.93 336.657 798.266 356.036
868.443 356.048 761.695 490.422
879.776 562.31 989.168 559.298
1083.03 644.016 1126.39 426.07
1040.85 338.76 807.359 340.114
994.548 269.659 714.714 349.311
1029.53 345.749 811.5 352.487
1103.15 405.972 898.002 319.754
1091.63 451.479 940.522 347.685
880.802 350.236 759.896 477.384
1011.47 499.289 964.994 428.765
1018.12 642.567 1108.25 476.158
1041.72 341.596 811.435 341.287
875.544 354.283 762.795 483.092
940.719 510.839 955.193 489.813
1153.55 409.548 915.442 284.298
885.507 564.662 993.329 555.928
1115.52 455.879 951.96 330.202
866.159 349 752.938 488.872
993.151 283.456 729.895 356.419
960.813 495.132 945.183 467.066
961.127 555.451 1005.67 489.635
954.896 342.616 780.426 411.645
883.866 354.36 765.91 476.397
977.578 344.264 789.061 393.747
1057.23 275.683 745.343 302.128
960.813 495.132 945.183 467.066
995.687 277.136 722.407 351.181
1044.05 346.288 816.435 341.438
922.131 459.796 895.424 484.867
899.586 354.032 771.794 462.717
856.964 352.172 755.771 498.163
985.689 558.91 1017.75 471.326
1079.44 649.304 1130.35 430.908
998.04 468.398 929.507 427.682
1052.59 416.667 893.603 363.242
914.262 516.945 953.661 513.131
1021.08 335.279 797.124 354.141
1034.09 339.096 806.058 346.068
936.527 344.695 776.813 429.084
1101.5 453.336 946.997 341.779
1082.75 639.066 1120.64 424.25
1110.71 640.9 1129.7 404.217
890.049 419.72 839.919 497.635
914.995 559.71 997.008 529.722
989.128 344.267 795.29 384.081
1105.21 636.601 1123.73 406.796
976.435 555.465 1011.31 477.367
1069.78 335.095 811.669 315.852
1081.2 331.802 815.327 307.679
1041.22 640.848 1112.52 458.202
948.051 275.087 703.996 389.88
868.094 341.904 745.473 484.769
924.814 522.861 962.355 507.386
1028.28 464.522 935.808 401.632
1009.49 491.826 957.061 427.083
1039.18 649.77 1119.87 462.157
1011.57 335.34 793.356 363.347
910.447 489.166 921.911 505.287
881.7 345.237 755.18 474.712
875.489 348.359 756.713 481.128
1092.79 456.802 945.886 349.799
889.677 345.073 757.393 467.322
971.655 348.772 793.826 400.878
1083.46 638.076 1120.64 424.25
989.128 344.267 795.29 384.081
1039.18 649.77 1119.87 462.157
1061.85 639.839 1116.76 441.188
895.574 559.646 990.888 545.447
1090.83 488.263 977.045 362.038
1110.96 637.228 1126.57 402.804
957.744 552.836 1003.35 491.583
857.042 353.288 755.771 498.163
980.119 343.326 790.58 390.843
916.095 276.966 691.453 417.155
1082.99 331.585 814.943 304.805
1052.59 416.667 893.603 363.242
982.737 346.515 795.464 390.476
1002.72 335.571 790.9 369.893
889.692 557.542 986.796 549.786
934.825 439.288 877.772 467.057
899.517 353.178 771.023 462.561
1040.23 490.288 964.171 401.749
1094.79 641.856 1127.2 416.397
960.741 275.688 708.307 379.364
1055.69 446.412 924.055 372.049
996.271 551.198 1012.33 458.788
1079.06 419.366 903.01 342.996
1045.06 649.027 1121.67 457.093
1053.45 645.372 1119.6 449.436
1029.63 337.556 802.261 348.733
1031.98 343.006 809.31 349.488
968.434 348.861 792.945 403.128
976.285 559.447 1015.43 478.989
981.543 553.189 1010.59 472.606
1053.22 342.615 816.639 332.465
1013.15 648.892 1112.96 482.503
1031.05 342.184 807.761 349.763
890.217 523.112 951.158 536.625
987.709 557.563 1016.23 470.39
884.213 509.152 934.552 536.344
1056.7 644.666 1119.96 446.996
981.543 553.189 1010.59 472.606
931.206 350.851 780.749 434.919
1142.66 633.247 1130.28 377.787
875.424 558.666 984.038 562.112
964.059 520.831 972.832 474.866
1021.15 419.308 883.13 387.692
948.194 347.377 782.635 420.993
1112.99 460.575 957.838 336.226
1028.45 649.369 1117.63 470.627
1001.08 648.018 1109.34 491.315
877.23 289.886 690.18 455.635
1038.08 515.309 988.482 414.68
998.04 468.398 929.507 427.682
1047.44 490.656 966.812 397.029
1009.38 338.373 796.123 365.953
924.122 519.391 958.35 506.921
883.342 346.439 755.808 473.62
983.429 561.144 1019.17 473.914
869.741 355.397 761.506 489.082
985.534 340.23 791.608 385.965
856.964 352.172 755.771 498.163
867.249 341.658 745.473 484.769
1143.22 635.3 1133.37 378.666
1044.4 645.115 1117.28 456.37
935.333 341.888 772.137 427.783
1019.4 336.187 798.266 356.036
985.339 344.918 794.108 388.857
1079.15 496.59 980.292 372.103
1043.26 641.173 1113.1 455.824
1004.91 335.951 791.953 367.826
1057.09 342.24 817.507 329.411
903.098 353.1 771.824 458.679
977.578 344.264 789.061 393.747
887.35 558.278 986.749 551.77
1063.83 643.691 1120.91 441.042
937.674 496.728 939.165 486.745
945.988 347.755 782.635 420.993
901.582 522.248 954.606 526.57
995.943 275.331 721.892 350.719
1056.05 462.211 940.905 379.371
1033.96 345.592 812.738 348.83
912.97 506.312 940.578 510.09
992.449 555.757 1016.57 464.277
950.548 551.233 998.541 497.334
1072.34 266.159 740.224 286.254
1166.55 633.784 1136.18 360.187
915.93 562.866 1001.72 530.396
941.521 508.342 954.15 488.645
969.817 351.113 795.698 402.778
900.925 344.75 761.736 457.719
891.117 353.853 768.355 469.904
969.041 341.733 784.213 400.008
1003.68 342.328 798.735 371.87
1033.96 345.592 812.738 348.83
1148.52 638.716 1136.94 374.715
1063.3 647.587 1124.29 442.371
962.378 351.039 791.601 409.6
1040.85 338.76 807.359 340.114
945.867 345.419 778.59 419.76
913.679 277.016 690.632 419.177
1100.71 643.892 1130.2 413.331
959.316 349.778 790.24 411.11
1163.73 639.76 1141.54 364.799
901.924 347.356 764.821 457.873
874.967 352.711 759.521 482.397
1035.99 337.251 804.245 343.381
1082.99 331.585 814.943 304.805
1107.63 264.67 751.333 257.837
1001.62 652.52 1113.57 492.659
1061.85 639.839 1116.76 441.188
1001.76 552.178 1015.63 455.871
967.126 345.338 788.128 402.698
985.858 555.675 1014.4 469.993
889.529 560.486 991.663 551.863
927.025 492.451 931.165 494.07
1018.22 345.344 807.235 361.373
892.408 557.693 988.975 547.862
1000.72 556.439 1020.08 458.832
880.393 352.636 761.939 477.933
887.359 354.092 767.262 473.322
925.915 560.942 1001.63 520.957
1038.95 516.094 990.315 413.195
926.376 276.815 695.518 408.04
1066.83 514.804 996.539 391.159
1092.04 511.638 1000.77 369.13
967.318 347.281 790.931 403.137
983.622 347.006 795.464 390.476
912.97 506.312 940.578 510.09
938.817 341.554 773.147 425.8
1044.43 649.301 1121.44 457.889
949.167 559.334 1007.5 501.669
1093.54 511.128 1000.77 369.13
937.31 559.174 1003.19 510.655
1018.43 340.392 801.351 359.204
935.026 564.708 1008.03 514.662
1081.1 330.343 811.832 306.849
1081.62 495.905 981.636 370.412
985.534 340.23 789.735 385.686
899.517 353.178 771.023 462.561
989.262 556.099 1015.78 468.901
930.502 560.461 1002.76 516.957
959.736 519.605 970.226 477.567
973.038 512.915 967.793 463.835
1010.92 345.928 804.979 367.724
1148.52 638.716 1136.94 374.715
1008.29 502.733 967.71 432.22
1051.1 514.149 991.813 402.828
933.807 560.156 1003.03 513.753
945.566 277.864 703.837 392.822
1056.85 650.33 1125.16 448.579
1042.71 268.972 731.283 312.259
913.666 337.675 758.689 444.062
895.346 347.324 762.137 463.638
1026.8 337.742 800.219 351.189
950.667 550.368 998.541 497.334
994.62 275.389 720.882 351.105
969.493 499.97 952.636 462.113
955.328 346.503 785.478 413.219
1009.68 505.916 971.255 432.548
1073.1 463.275 945.495 367.258
955.487 273.652 703.835 383.03
947.04 477.006 922.245 471.962
892.408 557.693 988.975 547.862
865.892 342.082 745 486.709
901.063 564.15 997.358 542.767
1056.85 649.255 1125.16 448.579
1040.11 332.79 801.146 338.842
964.259 553.376 1005.61 486.581
948.051 275.087 703.996 389.88
1019.33 517.335 985.851 428.442
894.242 489.153 916.341 520.32
980.119 343.326 790.58 390.843
881.617 479.578 902.852 527.951
1042.18 397.851 871.357 366.489
894.825 348.993 764.349 464.77
935.134 346.709 776.813 429.084
917.082 343.08 767.35 443.422
1066.38 266.615 739.401 289.63
1068.24 647.926 1125.97 439.252
1000.91 645.099 1106.35 490.867
903.816 346.748 764.875 456.253
1005.95 645.837 1107.55 486.482
996.998 482.215 942.185 432.905
953.118 518.661 967.629 482.816
1134.26 636.647 1131.43 385.089
943.926 561.693 1008.21 506.376
917.104 274.799 689.354 414.088
864.494 341.981 745 486.709
1086.47 488.688 975.824 367.607
919.785 345.428 769.512 442.873
996.34 269.938 715.72 348.085
882.042 566.045 993.705 559.41
1069.79 333.107 811.669 315.852
1028.48 644.173 1111.66 468.678
897.619 559.828 991.539 544.115
1005.03 648.241 1110.26 487.779
954.745 339.674 775.172 410.397
975.692 345.317 791.716 396.07
900.323 343.188 759.831 457.693
900.456 557.786 990.225 540.729
887.15 500.308 926.168 530.702
878.823 283.075 683.008 450.966
1061.35 268.867 739.322 296.212
1102.84 415.489 907.883 323.967
903.816 346.748 764.875 456.253
916.806 287.373 703.201 420.856
958.746 276.786 708.874 381.637
921.884 562.961 1002.52 525.354
1077.77 637.938 1118.69 428.088
1093.05 638.225 1122.71 416.601
994.674 268.295 714.714 349.311
1168.03 642.002 1144.28 362.32
978.96 347.203 795.02 393.913
973.637 559.19 1014.22 481.496
982.375 558.325 1014.63 473.731
986.082 557.079 1016.23 470.39
882.122 567.99 995.187 559.703
1095.63 512.144 1002.18 367.669
929.913 523.721 964.673 503.581
1090.87 491.563 980.7 363.286
956.017 474.248 922.695 463.715
1077.55 333.538 814.182 308.289
1080.16 328.779 810.999 305.622
987.533 554.514 1013.48 467.895
1057.26 343.058 817.507 329.411
893.226 565.624 996.445 549.869
1161.66 642.933 1143.69 367.125
996.831 280.551 729.556 352.392
1018.22 345.344 807.235 361.373
1160.51 634.228 1135.48 365.071
956.574 414.237 858.42 438.135
953.195 554.757 1004.81 494.92
1032.66 347.424 814.537 350.813
920.511 500.064 936.902 502.652
1049.71 343.534 816.266 335.645
1085.02 332.861 816.11 304.058
897.547 564.64 996.618 546.142
988.553 559.956 1019.87 469.412
972.525 339.984 784.126 395.817
899.612 349.008 765.35 460.339
1077.33 331.588 814.182 308.289
1020.22 646.272 1112.37 475.881
918.574 343.615 767.35 443.422
904.257 341.796 759.645 453.039
1037.54 472.272 945.69 397.34
908.715 286.976 699.653 427.399
1055.34 273.392 741.697 302.672
879.891 346.249 755.18 474.712
1160.77 635.48 1136.93 365.323
889.891 555.533 985.158 548.939
1090.87 491.563 980.7 363.286
1012.98 493.339 959.753 424.729
1052.55 476.495 954.751 386.607
954.848 340.714 780.426 411.645
972.346 551.615 1006.37 479.137
927.648 416.017 852.918 462.563
1065.54 342.447 820.996 323.231
990.079 346.739 796.256 383.929
1052.8 335.204 807.648 329.75
955.328 346.503 785.478 413.219
955.043 550.978 1000.87 493.383
996.271 551.198 1012.33 458.788
956.574 414.237 858.42 438.135
919.209 342.289 766.56 440.552
899.578 524.997 956.72 529.27
924.71 349.681 776.803 439.869
1001.08 648.018 1109.34 491.315
1060.22 490.472 970.404 386.405
914.989 341.485 764.755 444.58
914.262 516.945 953.661 513.131
902.629 729.445 1163.42 600.788
990.258 344.785 795.29 384.081
1018.22 345.344 806.278 361.059
880.393 352.636 761.939 477.933
919.135 432.175 864.788 476.703
908.146 353.408 774.493 455.3
1108.42 264.711 751.333 257.837
1035.54 648.271 1118.09 464.672
857.963 353.78 755.771 498.163
980.119 343.326 790.58 390.843
1095.63 512.144 1002.18 367.669
903.3 406.751 832.556 480.436
952 336.054 773.481 411.246
1094.29 508.7 998.8 367.504
1065.36 336.602 811.886 321.778
1063.17 334.981 811.886 321.778
1143.23 636.12 1133.37 378.666
1044.4 645.115 1117.28 456.37
982.832 558.953 1016.99 473.607
972.659 549.682 1004.8 478.406
1060.6 492.03 971.952 386.66
1013.15 648.892 1112.96 482.503
992.536 554.139 1014.66 465.446
1035.61 348.602 816.369 348.96
999.605 648.26 1108.02 492.68
896.317 564.882 996.618 546.142
1078.92 643.108 1124.08 429.653
872.422 527.369 950.336 552.89
938.739 519.606 963.217 494.567
1035.8 512.498 986.046 414.235
1018.14 344.487 806.278 361.059
1009.01 644.092 1107.37 483.917
928.567 564.6 1006.16 519.936
1012.27 516.083 982.455 434.377
1069.8 641.628 1120.97 435.042
985.689 558.91 1017.75 471.326
989.47 278.68 722.987 357.32
939.419 520.408 964.191 494.079
961.361 560.462 1012.19 491.606
956.854 351.118 790.594 413.688
907.995 352.548 773.608 455.125
1017.32 517.403 985.653 430.752
902.943 343.713 761.372 455.833
996.057 548.181 1009.26 457.888
1001.47 332.561 786.827 369.222
979.905 339.589 785.812 388.832
1018.12 642.567 1108.25 476.158
985.339 344.918 794.747 387.524
989.111 555.732 1015.47 467.436
1060.32 648.186 1124.14 445.459
1031.99 649.136 1118.4 467.838
862.449 353.391 755.641 494.843
1078.2 341.983 824.306 312.895
899.993 559.57 991.801 541.798
971.362 501.34 955.107 460.545
1008.29 502.733 967.71 432.22
1042.84 334.15 803.703 337.348
1081.95 334.957 817.763 307.271
1088.51 641.688 1125.59 423.204
962.117 418.448 864.414 435.911
935.134 346.709 776.813 429.084
1101.02 641.996 1128.07 412.151
1055.62 333.989 807.598 326.998
889.042 513.753 940.98 533.634
902.52 342.377 759.837 455.684
976.743 339.359 785.274 392.251
1063.17 334.981 811.886 321.778
882.069 566.711 993.705 559.41
925.279 561.817 1001.63 520.957
1093.05 638.225 1122.71 416.601
989.1 341.551 792.611 383.422
951.926 471.573 917.979 465.411
932.422 340.632 769.836 429.7
986.774 547.522 1006.69 466.399
902.228 736.718 1171.1 603.474
1018.92 492.13 960.144 419.085
909.247 560.367 995.743 534.258
1007.19 425.121 887.198 402.896
1068.24 647.926 1125.97 439.252
1013.15 648.892 1112.96 482.503
925.915 560.942 1001.63 520.957
975.023 350.882 796.795 397.912
911.66 352.034 774.692 451.674
1012.56 509.111 975.966 432.414
1159.31 640.402 1140.54 368.182
1027.49 649.808 1117.63 470.627
1069.67 462.097 945.495 367.258
1017.66 640.449 1106.26 475.809
1081.77 419.706 906.914 339.521
1040.56 335.839 804.003 339.496
1008.04 504.305 969.451 433.141
1067.66 643.356 1121.49 438.21
964.195 552.558 1005.61 486.581
982.03 556.8 1014.63 473.731
1044.83 269.441 733.642 309.238
940.542 563.902 1008.57 509.609
915.185 343.814 766.302 445.261
1068.81 332.709 811.669 315.852
1047.4 344.539 818.629 338.334
966.688 507.057 959.245 467.451
1055.69 446.412 924.055 372.049
975.32 341.079 788.078 394.952
952.064 352.204 790.276 418.563
1121.75 266.027 757.826 248.89
905.637 554.53 989.219 535.384
1058.94 331.654 806.562 323.323
920.121 523.441 960.901 514.132
1117.31 640.51 1131.91 399.592
875.962 345.917 753.111 479.305
974.514 345.832 791.716 396.07
1036.22 644.785 1115.88 464.48
1231.5 343.577 878.245 203.103
1088.51 641.688 1125.59 423.204
1062.79 488.864 969.763 384.314
915.234 428.601 859.135 478.824
1077.33 331.588 814.182 308.289
1095.12 638.129 1123.55 415.146
927.034 344.914 770.801 435.553
979.76 553.27 1010.58 474.153
1027.07 344.817 809.966 354.305
961.127 555.451 1005.67 489.635
1079.29 330.247 811.832 306.849
984.757 551.086 1009.29 468.871
1156.06 645.008 1144.13 372.145
1086.91 450.407 937.276 351.094
1075.7 646.465 1126.42 432.758
956.421 559.111 1009.05 494.85
995.914 278.951 725.885 352.12
960.783 551.385 1002.18 488.527
975.692 345.317 791.716 396.07
1079.06 419.366 903.01 342.996
1002.81 333.545 788.451 368.095
1083.03 644.016 1126.39 426.07
1167.9 641.319 1144.28 362.32
1029.63 337.556 802.261 348.733
981.615 551.832 1009.19 472.056
1086.75 642.463 1125.59 423.204
1042.84 334.15 804.003 339.496
1037.31 340.063 808.03 343.804
1032.35 645.992 1114.98 466.146
1061.96 411.194 892.086 354.654
1075.51 326.983 807.059 308.72
1035.99 337.251 804.245 343.381
1004.91 335.951 791.953 367.826
1012.18 269.708 721.274 335.113
1042.69 330.585 800.02 336.392
898.914 345.992 762.133 459.833
882.042 566.045 993.705 559.41
1023.23 334.825 797.978 352.614
1089.37 263.879 743.891 272.16
1059.76 646.816 1122.6 445.357
1042 651.609 1122.87 460.712
1097.27 641.819 1128.96 414.419
1018.43 340.392 800.073 358.449
999.813 549.82 1012.64 456.683
998.3 282.934 731.599 352.248
956.455 338.16 776.813 409.183
885.496 565.773 994.43 556.386
949.737 274.849 702.226 387.789
944.923 339.47 773.348 418.411
1076.01 645.25 1126.42 432.758
1000.97 643.859 1105.11 490.323
1144.85 643.638 1140 380.34
958.746 276.786 708.874 381.637
920.511 500.064 936.902 502.652
1009.49 491.826 957.061 427.083
882.675 347.554 759.905 475.151
1004.33 510.577 974.799 437.871
879.776 562.31 989.168 559.298
1167.43 636.59 1138.92 361.139
1018.97 644.925 1111.15 475.491
967.562 351.337 795.068 404.403
995.914 278.951 725.885 352.12
954.745 339.674 775.172 410.397
889.677 345.073 757.393 467.322
1080.73 481.321 965.934 365.481
989.111 555.732 1015.47 467.436
918.33 350.292 775.068 445.331
1085.24 500.541 988.212 370.1
981.615 551.832 1009.19 472.056
1059.75 269.28 739.322 296.212
923.386 343.631 770.407 438.075
912.376 564.167 1000.01 533.023
911.807 557.456 993.778 531.33
953.739 350.639 788.843 416.096
1126.14 636.222 1129.22 391.044
899.993 559.57 991.801 541.798
974.473 507.133 961.897 460.783
994.62 275.389 720.882 351.105
1160 456.187 969.006 298.644
935.575 438.22 877.162 466.141
894.629 526.086 955.87 533.671
959.316 349.778 790.24 411.11
1081.61 336.398 819.014 307.844
1167.9 641.319 1144.28 362.32
954.848 340.714 780.426 411.645
956.937 334.41 772.76 406.841
976.095 350.587 796.795 397.912
1116.85 637.966 1128.8 398.768
922.131 459.796 895.424 484.867
999.799 275.812 723.881 347.374
965.516 344.853 786.21 402.79
1150.03 638.686 1136.94 374.715
947.638 276.537 703.996 389.88
941.116 559.391 1005.13 506.503
930.938 417.37 852.918 462.563
1075.92 647.334 1126.42 432.758
1005.95 645.837 1107.55 486.482
1008.86 423.164 885.492 399.877
875.329 524.251 948.198 549.843
987.401 338.178 788.843 382.777
1046.39 344.429 816.26 338.235
927.414 521.979 962.12 505.13
1099.76 637.382 1123.89 411.349
931.319 351.596 781.505 435.15
1008.81 653.125 1116.17 487.385
973.637 559.19 1014.22 481.496
945.988 347.755 782.635 420.993
896.716 524.377 953.288 531.84
941.457 341.491 773.743 422.357
915.564 347.693 769.232 446.072
1045.75 642.729 1115.07 456.053
964.056 556.251 1008.69 487.718
920.87 279.421 696.358 414.321
935.575 438.22 877.162 466.141
1074.74 395.765 880.174 335.69
945.226 403.864 844.927 444.678
1012.08 480.208 945.824 420.159
977.701 551.511 1007.67 476.058
978.96 347.203 795.02 393.913
866.159 349 752.938 488.872
955.328 346.503 785.478 413.219
1004.45 644.288 1106.67 487.09
1107.63 264.67 751.333 257.837
949.432 554.692 1002.03 498.676
1051.07 424.785 899.589 366.59
953.521 340.65 779.371 413.739
923.592 351.548 778.538 441.97
972.797 557.954 1012.96 481.804
868.094 341.904 745.473 484.769
957.744 552.836 1003.35 491.583
967.697 554.137 1008.03 484.262
972.806 552.72 1006.37 479.137
1096.44 646.039 1130.97 416.893
1064.29 642.411 1119.64 440.545
988.617 340.773 791.908 383.584
909.705 280.202 692.467 424.904
1028.58 642.005 1110.42 467.829
1088.04 489.035 976.652 365.394
1108.83 640.901 1129.43 405.718
889.141 563.558 993.783 552.677
1020.56 645.055 1111.15 475.491
892.517 559.477 989.613 548.293
983.666 417.344 871.821 417.569
995.166 271.847 718.008 349.888
1162.04 644.097 1145.15 367.552
1001.18 278.053 726.869 347.079
941.242 499.336 943.306 485.115
1003.11 512.286 976.14 439.596
1099.53 639.566 1125.91 412.303
1056.09 335.894 809.666 327.282
1057.04 404.219 881.764 354.182
992.57 549.591 1010.26 462.283
880.393 352.636 762.636 479.811
1078.16 336.789 817.14 310.128
955.487 273.652 703.835 383.03
1069.67 462.097 945.495 367.258
964.013 347.483 791.056 407.148
1003.37 345.568 802.637 373.874
1079.25 641.759 1122.33 428.119
1096.77 408.355 900.364 324.47
1167.9 641.319 1144.28 362.32
1112.51 637.465 1126.57 402.804
952.261 339.625 777.967 412.49
953.473 344.968 782.656 413.887
877.379 346.095 753.181 478.063
1010.34 650.94 1114.46 485.367
918.33 350.292 775.068 445.331
925.035 459.73 895.424 484.867
1053.33 648.276 1123.23 450.875
980.416 346.224 795.315 391.966
908.146 353.408 774.493 455.3
897.619 559.828 991.539 544.115
1098.13 643.439 1128.96 414.419
966.246 343.663 786.21 402.79
977.858 555.829 1011.31 477.367
1068.03 340.546 819.057 320.348
951.617 339.803 777.967 412.49
1108.42 264.711 751.333 257.837
885.507 564.662 993.329 555.928
995.914 278.951 725.885 352.12
885.213 519.524 946.46 539.674
964.426 558.784 1011.55 488.264
949.304 513.309 960.583 484.072
1057.25 489.209 968.291 388.061
939.276 444.108 885.417 462.454
1015.85 643.728 1108.71 478.398
860.283 295.125 689.339 472.444
939.907 561.406 1005.77 509.319
862.393 351.835 756.358 492.833
1037.91 337.701 807.786 343.047
1056.7 644.666 1119.96 446.996
895.574 559.646 990.888 545.447
871.051 425.521 838.228 514.871
942.501 349.877 784.009 425.186
954.441 559.683 1008.05 496.634
1044.09 493.471 968.651 400.146
983.921 345.146 794.108 388.857
1186.68 641.022 1148.23 347.992
933.961 345.99 775.878 430.437
1018.92 492.13 960.144 419.085
1012.82 337.904 796.895 363.333
1006.09 644.127 1106.67 487.09
958.095 271.86 704.229 379.873
917.082 343.08 767.35 443.422
1004.91 335.951 791.953 367.826
941.57 342.577 774.871 422.63
1044.4 645.115 1117.28 456.37
862.393 351.835 756.358 492.833
997.487 516.943 979.351 445.687
982.279 338.907 786.668 386.522
901.582 522.248 954.606 526.57
998.329 499.462 960.582 435.664
1112.22 647.237 1136.16 405.62
892.517 559.477 989.613 548.293
954.178 337.472 775.172 410.397
975.4 551.749 1007.16 476.647
1037.03 342.276 810.221 345.073
977.083 562.657 1018.21 479.566
966.688 507.057 959.245 467.451
947.091 563.618 1010.66 504.369
927.123 348.749 777.661 437.989
964.059 520.831 972.832 474.866
1145.34 634.872 1132.85 376.095
1084.16 506.074 993.784 373.105
901.691 278.747 687.782 430.147
915.898 563.863 1001.72 530.396
918.72 499.564 935.591 504.498
1098.13 643.439 1128.96 414.419
975.32 341.079 786.686 393.855
1047.4 344.539 816.26 338.235
914.995 559.71 997.008 529.722
1079.29 330.247 811.832 306.849
962.338 426.174 872.222 439.395
1113.81 422.381 918.71 318.146
937.641 341.933 773.147 425.8
1052.8 335.204 807.648 329.75
1049.66 342.698 815.347 335.377
1073.1 463.275 945.495 367.258
1041.59 649.417 1120.8 460.156
1116.23 456.236 951.96 330.202
1068.81 332.709 811.669 315.852
1061.33 342.491 819.102 326.262
1036.45 333.713 801.144 341.775
1032.1 338.413 802.58 346.843
889.529 560.486 991.663 551.863
1023.45 344.324 808.139 357.354
936.806 346.176 776.813 429.084
1040.56 335.839 804.003 339.496
1050 646.637 1120.49 453.08
952.604 521.84 970.216 484.379
900.357 341.67 758.553 457.153
976.521 340.552 786.686 393.855
940.762 336.21 767.933 420.865
924.746 274.914 694.28 409.769
1046.12 345.095 816.26 338.235
919.413 347.74 773.582 443.818
959.736 519.605 970.226 477.567
953.473 344.968 782.656 413.887
1002.7 509.04 972.221 438.857
889.692 557.542 986.796 549.786
1130.1 633.996 1127.62 387.331
995.943 275.331 721.892 350.719
1117.68 645.364 1135.73 400.421
1117.83 642.603 1133.21 399.847
897.547 564.64 996.618 546.142
987.127 275.704 717.508 357.904
877.379 346.095 753.181 478.063
933.807 560.156 1003.03 513.753
871.051 425.521 838.228 514.871
997.773 550.098 1012.58 458.995
1049.71 640.534 1114.39 450.789
972.847 349.411 793.826 400.878
1038.95 516.094 990.315 413.195
1021.56 515.572 983.867 426.632
994.251 560.416 1021.25 464.826
1009.85 331.354 788.791 362.564
1075.61 327.673 807.762 308.92
905.742 739.249 1174.12 601.491
955.328 346.503 785.478 413.219
1021.74 339.705 801.811 356.07
1086.95 421.058 909.562 337.019
1008.04 504.305 969.451 433.141
1044.07 331.311 801.169 335.351
976.162 552.131 1007.67 476.058
1071.16 643.102 1122.27 435.105
990.798 268.355 712.084 351.948
1107.63 264.67 751.333 257.837
977.858 555.829 1011.31 477.367
1061.23 339.59 816.031 324.829
1002.9 646.947 1108.72 489.843
1009.85 649.73 1113.23 484.553
1086.91 450.407 937.276 351.094
1014.29 654.292 1119 482.973
966.246 343.663 786.21 402.79
1067.15 640.224 1118.3 437.266
911.635 555.537 990.551 530.429
1043.55 428.843 901.919 373.918
1001.36 500.571 963.65 436.748
987.438 555.344 1015.47 467.436
1000.74 652.34 1113.57 492.659
1081.21 333.194 815.327 307.679
1124.77 262.64 758.814 243.656
964.853 560.037 1011.55 488.264
1028.28 464.522 935.808 401.632
928.176 561.045 1002.52 519.069
871.051 425.521 838.228 514.871
1032.41 336.743 802.58 346.843
932.37 278.564 700.13 404.302
905.387 734.357 1169.48 600.25
856.039 346.973 747.004 497.203
982.832 558.953 1016.99 473.607
999.293 649.96 1110.43 493.892
1096.84 267.385 750.563 268.279
1019.09 283.705 739.847 335.602
917.777 276.398 691.463 415.387
981.497 456.751 913.045 435.06
1003.15 338.94 794.56 370.576
1013.25 514.252 981.158 432.598
985.953 556.812 1014.4 469.993
895.346 347.324 762.137 463.638
1078.92 643.108 1124.08 429.653
947.253 519.697 965.981 488.079
1087.05 341.601 826.741 305.943
993.924 340.306 791.701 379.029
1065.54 342.447 820.996 323.231
940.937 275.46 699.551 395.724
1078.93 334.959 817.298 311.486
976.521 340.552 786.686 393.855
1084.16 506.074 993.784 373.105
887.15 500.308 926.168 530.702
892.769 562.732 994.344 549.322
938.681 339.379 770.65 423.794
