-1.21695 -1.82626 1.59805 -1.00927
0.903359 1.15963 -0.970453 0.699428
0.843616 0.642656 -0.663091 0.950995
0.601606 1.2855 -1.54896 0.68368
-1.914 -3.04934 5.81931 -3.93819
1.43044 1.14904 -3.57693 3.16005
0.230253 -1.34127 1.28197 -0.282155
1.26495 -0.573405 0.721996 1.57192
-0.236587 -1.08533 1.69843 -0.727602
1.79751 -1.37912 1.34727 1.51199
0.298443 1.39216 -1.86861 0.738443
2.07912 -4.68837 3.74182 7.17529
0.884664 -0.751576 0.827804 0.875689
0.647428 1.10997 -1.06323 0.453604
0.11622 -1.23207 2.72301 0.736174
0.799358 -0.815322 2.00838 1.28474
1.26961 0.020471 -0.308679 1.37963
1.06174 -0.712656 1.35162 3.71176
1.6466 -1.54044 1.41909 1.59024
2.87044 -1.21388 1.45424 2.93809
-1.12331 0.651649 -0.907878 -0.887814
1.81316 -1.46929 1.5197 1.42368
0.093475 -1.10428 2.4866 0.631446
-1.66047 1.43135 -1.31507 -0.958519
-1.20905 0.41332 -0.707514 -1.60747
4.15907 -0.291663 0.950447 3.12875
-1.10477 -1.01485 1.02285 -0.935734
-0.872882 -0.80794 0.72021 -0.960644
4.03867 2.98752 -5.53451 4.28969
2.59288 -0.808684 1.14098 3.33843
-1.03839 -0.131995 0.045058 -1.16218
-0.182368 -1.34947 1.48791 0.414524
-1.09309 0.993752 -1.17205 -0.923697
0.883569 -1.01183 1.14754 1.08124
1.42456 -0.016321 0.055937 1.07933
0.979756 0.612536 -0.907754 0.916826
-1.48972 -1.48899 2.41898 -1.60102
-0.914476 -0.942463 0.534541 -1.27289
0.969028 -0.577973 1.71204 1.59383
-7.76879 5.28376 -7.2875 -12.99
-0.498256 -0.952312 1.34683 -0.958283
3.54958 2.46744 -9.81246 3.4154
-2.66963 2.18447 -2.13475 -2.08054
1.11928 -0.783328 0.522017 1.30105
-1.16316 0.920641 -1.14486 -0.851193
-0.854867 -0.856205 0.73417 -0.903344
0.039368 -1.23357 1.12321 0.214384
-0.228373 -2.05192 2.86503 -0.333701
2.65617 -1.49993 2.46391 3.39016
0.512404 0.924516 -1.04651 0.679906
-1.61836 1.07 0.606788 -3.90234
-0.206983 1.07418 -1.13827 -0.413255
-1.06511 -1.72033 2.41837 -1.16311
-0.84695 0.636342 -0.952327 -1.28479
1.65181 -1.36906 1.25199 1.13396
-0.326238 1.03669 -2.72029 -0.20329
1.57661 0.032758 1.95467 3.98749
0.957072 -0.56399 1.019 1.5761
1.17931 -0.699859 1.19829 0.756315
3.04842 -3.83037 6.3887 5.07182
2.05578 1.60082 -1.67144 4.51745
0.928081 -0.949058 1.27804 1.08783
0.036731 -1.73034 1.73686 1.24904
1.39508 -1.21758 0.606765 1.04561
-1.07085 0.79657 -0.850891 -0.849185
1.9062 0.149365 -1.94547 2.48771
0.393395 -1.0405 1.63909 0.801633
-18.0039 -14.401 23.3396 -17.0491
-0.76451 -2.41704 1.92543 0.520607
1.72926 -0.342816 1.71683 5.3338
-1.87326 0.325821 0.175357 -1.64609
1.29347 0.328803 0.192418 1.62895
4.09071 1.35335 -1.41078 4.52052
2.99752 -2.85568 3.34908 2.38205
-1.1546 0.386947 -1.29438 -1.68338
1.2218 -0.094323 -0.392935 1.41102
-1.75063 0.047429 -0.500465 -2.11586
-1.62813 1.39096 -1.69658 -1.72004
-1.21009 1.04974 -0.691864 -2.20863
-1.80388 1.52643 -1.31304 -0.664187
-0.211692 -1.50809 1.65107 -0.329407
0.513798 -0.950357 1.20264 0.645943
-1.61232 -1.17078 5.35636 -4.02204
-3.99581 4.30403 -4.30403 -3.99581
-1.01519 0.400856 -0.274924 -1.98187
0.309091 -1.26993 1.39841 -0.244058
-3.60326 -5.94967 6.29222 -3.62413
-2.4097 0.858645 -1.1042 -5.56619
-0.177039 -1.89895 2.12382 -1.42284
-0.966513 2.15353 -2.44057 -0.072576
-0.588735 -0.979012 2.31282 -0.733069
-2.17866 0.144451 -0.502523 -2.42056
-0.888656 0.709371 -0.651073 -0.830429
0.940853 -1.1295 1.09611 1.04045
0.281762 1.13439 -1.34655 0.806755
-0.39 -1.04459 1.53563 -0.903703
-15.2182 3.19927 -9.36694 -21.5607
-0.914892 0.540396 -0.980781 -1.52588
5.14722 -7.2208 8.72333 7.46984
1.56715 -1.21665 1.443 1.56407
0.696649 -0.83722 1.10907 0.952021
2.09876 -0.546188 1.6164 5.01132
-1.55138 1.25332 -1.01878 -0.787879
-0.76779 0.780268 -0.962119 -1.1305
0.963606 -0.882992 1.00463 1.01563
1.40376 -1.33552 1.02406 0.977509
3.12945 -5.02547 6.88861 4.56088
1.20012 0.549088 -0.066232 1.36307
-0.159363 -1.21988 1.76459 -0.871426
1.76681 -0.732504 0.191791 1.21186
-2.1945 -4.25084 7.0168 -4.07468
-3.64646 1.96387 -2.24714 -3.57426
1.43222 0.230566 -0.75591 1.31551
-1.62631 0.783867 -0.312469 -1.37356
-1.08312 0.792174 -0.890447 -0.869365
1.22544 -1.00124 0.928906 0.75633
0.872908 0.793403 -0.939171 0.900266
-1.58352 1.64621 -1.33459 -1.09443
0.96891 1.04597 -1.29983 1.05581
-6.6247 -6.17163 8.79852 -8.15542
0.245512 1.13476 -1.63688 0.877119
-0.650016 -1.01401 2.09496 -0.218643
-1.3335 0.332598 -0.623333 -1.64762
1.06934 1.0364 -1.32248 1.09502
-0.961486 0.476206 -0.537886 -1.026
-1.07396 -0.105834 0.103747 -1.37552
2.37353 -2.02309 2.04733 1.41452
0.076309 -1.94258 3.97989 -1.05913
-1.29976 1.46129 -1.94395 -1.69797
-0.679837 -0.811678 0.811678 -0.679837
0.1338 1.13093 -1.26086 0.24203
1.08027 0.04664 -0.055051 1.4401
-1.40266 0.690513 -1.50518 -1.32074
0.405627 -1.19771 1.23131 0.254281
-1.19229 -1.00887 0.949181 -1.16175
-1.24635 -1.01619 1.28035 -0.807439
3.75738 -1.61228 3.05004 8.17586
0.591719 1.09688 -1.20512 1.29643
3.53582 2.54787 -2.45853 5.20634
0.070632 1.66267 -2.61485 -1.18198
-1.18551 0.95406 -0.903598 -1.00559
-1.30565 -2.01785 4.92496 -2.79006
0.948648 -0.571348 0.947519 3.70039
-0.185526 1.20994 -1.34632 0.218547
-1.44776 0.023525 0.327907 -1.75995
-1.25217 1.3683 -1.61777 -1.07405
-1.77876 1.26594 -1.62377 -1.85468
-1.20001 -0.355681 1.14 -1.38943
1.65801 -1.56066 2.19271 1.37592
-1.08183 0.919551 -0.786616 -1.12704
-0.885152 0.929106 -0.791877 -0.975029
-0.01693 1.38041 -1.41952 0.751533
0.836129 -0.744213 1.83101 1.20424
3.93083 3.62436 -4.65122 3.7621
-21.0452 10.3611 -4.53055 -17.1384
-1.11173 0.852939 -1.48925 -1.17151
0.523426 -3.29453 3.58499 1.69971
-0.562649 -1.39755 1.73206 -0.814069
-2.17124 1.72817 -1.77612 -1.26838
-9.8752 7.53191 -10.1527 -17.4826
0.789431 1.86793 -1.47064 0.419301
-0.989462 0.66718 -0.67069 -0.868309
-1.56878 2.66343 -9.81235 -9.48174
-0.546411 -1.09878 1.09055 -0.563462
1.34043 -1.0897 0.984905 1.82724
2.43245 -1.33765 0.811129 1.38245
-4.1315 1.06179 -0.246274 -4.58819
7.05271 1.68133 -2.39581 5.33997
1.18387 -1.17224 0.802604 0.765822
0.880807 -1.01745 1.53115 1.19227
0.781905 -0.83999 0.794138 0.704212
1.34924 -1.20119 0.935476 0.662467
0.794454 1.72723 -1.42869 0.605465
-1.13894 0.902986 -0.817011 -0.70194
0.989528 -0.442691 1.02135 3.88077
-1.01432 0.761233 -0.807949 -0.907111
0.088533 -1.18024 2.90388 -0.67935
0.164109 -2.668 2.76099 0.367886
1.09778 1.72885 -1.35108 2.22181
11.4084 4.91093 -6.42878 13.7776
1.8688 -0.462884 0.602347 1.4494
-1.14502 -1.30542 0.540682 -1.18741
11.9125 -4.84198 3.92846 10.8232
0.912933 -0.928216 0.951547 0.88465
0.954196 -0.843569 0.859579 0.8575
-0.513071 -0.95198 2.24692 -0.769049
0.719324 -0.79137 0.79137 0.719324
2.77103 -2.24929 0.979314 0.898568
-0.700947 -1.04156 1.72396 -0.652332
0.908002 0.804498 -1.02287 0.841678
-2.33398 0.569868 0.321638 -2.50539
-0.200366 -1.1118 1.39742 -0.095714
-0.74848 0.7969 -2.32605 -2.38143
-1.24952 1.08024 -1.05911 -0.91538
1.11763 0.64882 -1.34482 1.4171
-1.41039 0.715476 -0.57977 -1.26278
-1.31295 -3.22 1.63516 -0.647871
1.18575 -1.70941 3.46089 2.47246
1.09109 0.30107 -0.789775 1.23352
-0.782246 -0.843502 2.59177 -1.18748
1.33845 0.13769 0.744596 3.20201
-2.28719 -0.61091 -0.467557 -3.24656
0.400562 1.37823 -1.35081 1.49007
-4.30173 -3.54816 4.04712 -5.12673
-2.06161 0.219487 -1.80056 -3.28258
-0.881793 0.852075 -1.05338 -0.618822
0.947035 0.686351 -1.13463 0.981831
6.98914 -8.00026 7.39311 16.2718
-2.95543 -0.695405 -0.96527 -2.599
-0.773488 -0.78565 1.16256 -0.983784
-0.942179 0.508277 -0.657038 -1.49115
-1.12073 1.31687 -1.74471 -1.60618
2.61357 -2.12264 0.92612 0.877623
0.829445 -0.999941 1.25164 0.763691
-0.885939 0.615109 -1.21763 -1.09127
2.99093 -0.838007 1.42594 5.07179
-1.22884 0.721797 -1.50659 -1.13529
1.96337 -1.2751 0.951687 1.17465
-0.875629 -0.704946 1.39052 -1.03708
-1.03374 -0.862404 1.21031 -0.824337
1.11257 -0.68238 0.344102 1.12163
-1.23538 1.17041 -0.979406 -1.02132
-0.93596 -1.28745 3.90906 -2.65541
-0.132533 1.3112 -1.07671 -0.142539
-0.757813 1.65083 -2.67149 1.2628
-1.90701 0.692511 -0.411471 -0.998148
0.866296 2.12296 -1.60462 0.357658
0.93142 0.805166 -0.988716 0.817968
-0.589765 -0.926357 1.69698 -0.754269
1.29142 0.675682 -1.64379 1.62223
-1.69615 1.23544 -0.39197 -2.52963
1.51797 -0.300363 -0.330441 1.97248
0.560366 0.896286 -1.19479 0.790886
-0.749862 -2.26571 3.37873 -1.96396
-1.3257 0.265641 -0.050916 -1.77675
4.86843 -0.510088 2.20396 11.9963
-0.684651 -1.03339 1.16019 -0.764354
-1.07517 0.452175 -0.297512 -1.04006
-0.229899 -1.23896 1.34756 -1.00562
1.46747 -1.06752 0.967002 0.849113
2.96609 -2.63456 4.8625 4.46652
-0.991555 0.420773 -0.538911 -1.4162
-0.679853 -1.0037 4.28801 -2.17302
1.67451 -1.76445 3.48501 3.2689
-0.938382 0.606625 -0.901775 -1.15307
-0.340319 -1.7569 2.38968 1.86584
-3.01775 0.109876 -0.565003 -3.26408
-0.637652 -0.877879 1.17396 -0.641037
-0.114104 1.52336 -1.78434 0.399872
2.10982 -0.310426 0.568524 1.71108
-2.32716 1.82634 -1.60004 -3.22215
1.26481 -1.48452 1.09056 0.796389
1.14593 -0.007657 0.590084 1.92553
3.43604 -3.53455 3.53455 3.43604
2.03755 1.62073 -2.3821 1.46159
-0.740918 -0.759391 1.18984 -0.855236
0.739745 -0.839985 0.839985 0.739745
0.676429 -1.4331 1.24217 0.152407
-3.63151 4.74723 -5.96295 -5.56513
0.440158 0.998178 -1.19923 0.727564
-1.0763 -0.911596 1.61145 -1.24601
2.03235 -2.43295 2.6263 2.3324
0.723932 1.33716 -1.23861 0.452291
-0.885632 0.561926 -0.828207 -1.30023
-9.68983 -11.3321 32.6274 -24.4049
1.06369 -0.274548 0.939408 1.77713
-0.769911 -1.41571 0.852429 -0.691107
-1.51127 -0.01871 -0.756012 -1.792
-1.77506 1.70717 -1.99809 -1.58117
0.761372 0.837694 -2.05864 1.13421
1.12176 0.232814 0.176779 2.20814
-15.1155 -12.5347 15.1837 -8.89769
2.05308 -1.34109 5.97311 5.87995
0.736462 0.936204 -1.3059 1.06508
-1.27058 -4.22733 2.87841 0.093177
0.516953 -1.32289 2.86956 -0.686389
2.40669 -1.62216 1.26174 1.31196
1.25582 1.37643 -1.6168 1.60786
0.383821 1.75455 -1.94387 0.388049
-0.56655 -1.00962 1.16265 -0.484881
-0.47949 -1.20349 1.57782 -0.827103
0.357179 1.82178 -2.38252 1.24438
-0.197559 1.08027 -1.34503 -0.164627
-0.705734 -1.35045 0.797809 -1.58494
2.99896 -4.7247 3.09072 3.35781
-2.52085 5.00908 -4.97019 -12.6559
1.73124 1.91895 -2.4528 1.82306
-0.741724 0.888435 -0.769525 -1.0147
0.063954 1.09157 -2.31149 0.402254
-14.139 7.39031 -5.73488 -15.7006
-1.02027 0.74163 -0.74407 -0.882929
1.21776 -0.200168 0.7154 1.34576
1.07033 -0.336329 0.369445 1.97492
-3.40407 2.00949 -0.842438 -2.84045
-0.233465 -1.08622 1.78463 0.065871
5.11985 87.8254 -113.23 13.5435
-0.320885 1.36722 -1.43862 -0.522857
1.38619 -0.072485 0.146569 2.44433
-2.69325 2.11156 -1.73928 -1.19105
2.69187 -0.380852 1.152 4.25861
3.8698 3.54144 -4.63261 3.41394
2.08579 -1.58072 1.38927 1.55488
-1.83716 1.36372 -0.896957 -0.988666
-1.01662 0.367867 -0.840854 -1.55561
0.923046 -0.861689 0.888823 0.893797
-1.29999 1.28065 -0.93403 -0.9555
-0.733985 0.813035 -0.986515 -0.920661
1.54248 -1.54196 1.87959 1.39251
-4.59339 -0.147525 -1.48786 -5.70288
-1.16146 -0.644379 1.44781 -1.08327
1.09522 0.837303 -1.30112 1.07026
1.38908 0.368721 -0.245711 1.54849
0.931939 -1.03374 0.933472 0.597558
0.962993 1.02309 -1.237 1.01437
1.1277 -1.1044 2.04355 2.38912
-1.37922 0.608908 -1.07451 -1.3728
-0.918525 0.522034 -1.04859 -1.64349
4.18127 3.92546 -4.61209 3.85274
1.57492 0.192071 -1.10899 1.65883
-0.49362 -1.04182 1.39762 -1.00152
0.357335 0.995615 -1.6674 0.538375
0.988646 0.588221 -0.964486 2.97659
-1.10334 0.805642 -1.57737 -4.99663
0.906557 -0.864382 0.809753 0.744099
0.858223 -0.79224 0.717833 0.757412
1.46621 0.818128 -1.32415 1.49026
-0.709776 -0.956956 1.2186 -0.468854
3.77139 0.768043 -2.43405 3.8193
-0.85244 0.637025 -0.712337 -0.981545
1.08885 -0.566875 0.549798 1.09702
0.597067 -2.61669 2.07663 3.04813
-2.05146 1.89865 -1.67857 -1.23141
-5.1827 8.70862 -12.7601 -2.53748
-1.02674 -0.438362 0.980212 -1.47463
0.672169 0.88387 -0.974511 0.603507
1.37772 0.561212 -1.69016 1.46692
0.427929 1.0071 -1.3572 0.892025
-1.23422 0.794159 -1.34246 -1.38886
0.501305 -1.65991 2.0119 -0.362735
-1.38534 0.502878 -1.3033 -2.50659
2.25423 -1.32099 1.19902 4.1518
1.46495 -24.2831 40.124 -13.0748
-4.01596 2.33182 -4.19269 -9.10745
0.947508 1.22632 -1.55319 0.781234
-2.89898 2.83112 -6.11221 -5.31667
-0.715774 -0.759897 1.37224 -1.30085
0.735998 1.08263 -1.30848 0.793398
-9.22999 -9.88036 28.5079 -21.1198
-0.930245 0.799157 -0.842254 -0.701831
0.985015 0.500851 -1.14178 1.3921
0.936128 -0.893044 4.91489 0.859747
0.933472 0.715337 -1.27806 1.18753
-20.3917 9.89835 -2.90374 -12.5904
0.345488 -1.81555 3.52326 1.11258
2.4265 2.15474 -3.26307 2.39944
0.736066 0.830869 -0.830869 0.736066
-3.86572 1.17996 1.23546 -4.55592
-0.418953 -0.987187 1.26655 -0.587399
1.0382 2.29464 -3.8703 2.49833
-0.5255 -1.13902 1.0787 -1.18662
-35.3574 -29.0372 28.9423 -17.9064
1.46664 1.42899 -1.66798 1.57438
-1.7077 1.13035 -1.08622 -2.01858
1.53992 -1.20184 0.844724 1.08447
0.991498 -0.608015 1.13687 1.04606
-1.54515 -0.987986 3.36762 -1.99216
-3.79302 5.26539 -3.55059 -9.45016
8.63859 1.56285 -8.48081 9.30741
6.18017 -6.84843 6.42743 5.77178
-0.204797 -1.50616 3.35488 -1.59838
1.98632 -4.27792 3.84431 1.99151
-0.333206 -1.08329 1.08329 -0.333206
-0.869064 -0.727206 0.889805 -0.900201
0.463032 -2.003 2.29208 -0.215724
0.807095 0.762373 -0.881736 0.786051
0.913747 -0.84803 0.72175 0.852565
1.04852 -0.675958 0.344836 1.75444
0.921774 -0.763339 1.28313 1.44294
-0.333431 -1.03167 1.03167 -0.333431
-0.453764 -1.11815 1.82633 -1.0156
0.877226 2.50992 -4.64486 1.724
3.97773 -0.338193 1.30819 6.73431
1.32765 -1.1247 0.958002 0.969429
-2.90364 2.06535 -2.17558 -2.3462
-0.477238 -1.04016 1.09567 -0.284177
0.192267 1.36819 -1.8146 -0.113715
1.41165 -0.016448 1.21451 2.06267
-1.62912 0.27741 0.693141 -1.88962
-87.8647 63.2242 -71.6033 -62.4454
-3.02787 -0.035572 -0.804395 -2.97345
-1.09731 0.042418 -0.276575 -1.27642
-0.712088 0.833804 -0.963728 -0.668618
-0.86192 -1.15109 4.77027 -2.24861
0.93178 -0.510216 0.739839 1.2368
1.48262 -1.49931 2.89448 0.85452
-0.902074 -0.631098 0.764552 -0.95493
-2.23381 0.383667 -0.598201 -1.89176
2.45192 -0.836779 1.31373 3.65487
0.801869 0.757885 -0.943677 0.763335
0.544524 -1.33955 1.5681 1.48816
1.68083 -0.211901 0.487719 1.10235
-1.9308 0.194521 -1.76478 -2.0307
0.049683 -1.06268 1.36147 0.080008
1.70202 -1.44919 1.3417 0.558897
-12.2808 9.35611 -9.33495 -17.836
-0.175781 -7.70418 10.2144 -0.187263
0.546344 2.31578 -1.28238 0.785589
-2.26953 2.04552 -1.50312 -1.2986
-0.6296 -0.869861 1.4786 -1.14961
-5.98196 5.03272 -4.03374 -3.88886
-0.232182 -1.07148 2.78844 -1.29194
-1.3522 0.442367 -1.52379 -1.38272
-1.1447 1.05036 -1.07769 -0.918261
2.51336 -0.196446 0.673619 1.94678
-1.82012 0.756259 -0.535639 -0.965225
0.817772 2.40196 -2.25657 0.628521
0.052147 5.48851 -4.85707 2.06253
0.279939 1.04795 -1.44079 0.566487
1.59333 -1.31396 1.00135 0.745122
0.778861 0.889752 -1.478 1.13336
0.810082 -2.45185 3.57846 1.29255
1.6505 -5.14678 5.86184 0.894448
-1.30552 0.243381 -0.683456 -1.40906
-7.43938 -18.7263 21.4889 -8.40164
-3.21627 1.70548 -1.65796 -2.12276
0.898598 -0.682292 0.861476 0.986039
1.12202 1.99038 -1.62236 1.23758
0.706224 0.806909 -0.94694 0.789892
1.42186 -0.150837 -0.469417 1.26833
-1.76202 1.55796 -1.05598 -0.995551
6.64827 -5.47055 5.53752 5.31196
-0.695335 -1.51057 2.0274 -1.20173
-1.20308 -0.558924 3.36626 -2.51628
1.35859 -0.861879 1.34498 0.980041
1.03999 0.885686 -0.814887 0.986088
-3.95464 2.08603 -0.393064 -2.4907
4.80324 -4.14203 19.4626 14.9216
1.28487 -1.21091 0.94499 0.915651
-1.39312 0.519049 -0.67149 -1.17797
-3.73901 5.87965 -6.31359 -5.25425
-0.797807 0.791206 -1.21549 -1.32132
-0.199043 1.39996 -1.21863 -0.697093
-1.0582 0.811537 -0.765305 -0.916553
0.636571 1.39209 -1.09967 0.246595
0.390033 0.998605 -1.55514 0.39194
2.61438 0.483506 -0.191993 2.33951
-1.21485 0.949941 -0.915241 -1.03523
-0.899142 -0.897781 4.75702 -1.28525
-1.24429 0.322229 -0.661402 -1.12628
1.09886 -0.322604 1.43815 2.78941
-0.170339 -1.35017 2.04784 -1.01604
-0.567378 -1.03359 0.918124 -0.577757
-3.07012 2.05222 -2.17054 -2.1672
-1.36628 1.23921 -0.893731 -1.00718
-0.995567 -0.968705 0.833074 -1.06507
1.39125 -0.825299 0.184806 2.57638
-0.877094 1.85421 -2.93638 -1.412
-6.73318 5.68986 -3.57205 -4.66606
2.9907 -0.463089 2.3905 4.46014
-0.130978 -1.06862 2.01348 -0.295623
6.63971 3.50093 0.315418 12.6059
-2.03323 -0.515034 -0.824013 -2.58712
-2.16546 1.79321 -1.28751 -1.09696
-0.97544 -1.47733 5.29001 -1.50121
0.210841 -1.2579 1.15709 -0.089286
0.68526 1.37239 -1.27631 1.07715
-2.29793 0.998065 -2.64379 -4.17275
-0.872407 -1.61318 1.78953 -0.765148
4.07217 -4.23185 4.23185 4.07217
1.18319 0.963272 -1.43506 1.17768
-1.82629 0.916326 -1.0232 -3.29542
-0.512501 -0.985003 1.30591 -1.10933
1.05735 0.853065 -1.55269 1.08101
0.023421 -2.87416 4.00706 -1.80174
-6.0229 -7.70975 12.3857 -4.77897
-0.826828 -1.12712 1.14672 -0.836966
-1.24393 -0.037047 -0.324452 -1.39865
-1.17952 0.334933 -0.454824 -1.24613
-0.670788 -0.872139 3.1374 -1.51119
-0.380639 -1.9269 2.54205 0.292965
0.650969 -0.903362 0.893426 0.871431
0.794008 0.739695 -1.45546 1.08125
0.092618 1.32801 -1.23589 0.526476
-0.576443 2.65477 -3.12444 -0.330963
-0.99116 0.309003 -0.705305 -1.79008
1.81773 0.897146 -0.399142 1.6208
-3.1603 -4.8251 5.51926 -3.52819
-1.78249 1.41348 -0.97775 -1.07975
-0.472532 -1.0753 1.73564 -0.223131
0.924943 -0.581163 1.41032 3.89703
1.40165 -1.18643 1.07765 0.737106
1.51282 0.005848 0.247455 3.6589
-0.938805 1.48099 -1.52346 -1.04446
-0.273021 -1.16239 1.90859 -0.731321
-2.56076 1.43463 -1.13164 -2.65303
-1.24755 0.431244 0.283157 -1.68913
4.18187 4.21006 -3.28038 2.87882
1.47329 -0.075434 -0.382685 1.37701
1.05715 -0.672734 1.47176 1.83937
1.74462 -1.45253 1.17966 0.943047
-1.5461 1.16713 -0.863206 -0.955917
3.25543 -0.251515 1.82351 6.58978
-0.648817 -0.872664 1.00297 -0.63364
1.32452 0.966827 -1.88902 0.943763
-0.50093 -0.947873 2.15879 -0.916327
-0.360558 1.11786 -1.02596 -0.257668
-1.35929 -0.907196 2.94241 -2.11382
-2.6259 -1.4103 3.09431 -4.48997
-0.921465 -0.54934 1.09095 -1.65452
-3.92837 1.59089 -0.766902 -1.6671
4.90116 -40.0884 51.6705 -13.0024
2.53089 -5.34747 8.98752 0.136831
-1.78457 1.54912 -1.50287 -1.46014
1.1667 0.772766 -2.83876 2.59742
0.915521 -0.839239 1.03129 0.716823
-0.029282 -1.39065 3.12773 -0.764245
1.69142 -1.90766 6.42475 6.1616
-1.22587 0.992614 -0.569533 -0.904978
-3.5593 0.475019 -1.46505 -3.56051
-0.806936 -1.03067 2.72116 -1.11654
-0.979048 0.374412 -0.489415 -1.16085
1.72848 1.42928 -2.27199 1.51277
0.663683 0.879456 -1.9844 0.949757
-1.86551 -0.976878 -0.233876 -2.81325
0.263282 1.22907 -1.56477 0.132837
-0.43052 -1.33606 1.93369 0.337401
0.695297 0.998179 -1.13904 0.625079
3.02158 6.87816 -3.74886 1.05828
-0.965039 -0.735916 1.01332 -1.09845
-8.63585 -6.3663 13.4401 -9.98129
-1.44527 1.57274 -0.619175 -3.45916
0.74335 -0.779415 1.07877 0.909006
0.359417 1.30741 -1.30702 0.58281
-1.87025 -0.23482 1.18661 -1.79929
-0.124591 1.34615 -1.31057 0.4761
1.72728 -1.54382 1.2799 0.83
0.994857 0.880602 -1.05652 0.782724
1.20032 -2.12256 3.4585 8.36681
-0.806861 -0.851224 2.84359 -1.05457
0.917574 0.519711 -0.735774 1.149
-1.33692 -0.646339 0.845098 -1.32528
0.354394 -1.37329 2.04107 0.379567
-1.90003 -0.255949 0.473283 -3.59694
1.58861 -2.15541 2.67613 7.75369
2.11125 -1.51685 2.33719 1.45682
0.592745 1.19304 -1.1725 0.374409
-5.41439 1.08552 -0.98738 -2.90172
0.797524 -1.39945 1.5558 0.231393
0.657801 0.929161 -0.857045 0.698091
1.42073 -0.0247 0.673818 2.70029
0.79392 -0.808422 1.11892 1.09898
1.36645 -1.37846 1.01437 1.23856
0.641768 1.89172 -3.69449 1.2305
-0.414739 1.13503 -1.48127 -0.212573
0.635074 -0.944498 0.863605 0.730129
-1.09771 0.706169 -1.06907 -0.966607
-0.8353 0.722403 -0.875643 -0.791438
-16.3725 5.03333 -5.84951 -20.9204
-0.604063 -1.13749 1.02258 -0.721131
-1.64365 -1.09747 0.789887 -1.16412
-0.14741 1.41796 -1.34894 -0.762913
-16.3551 11.7584 -12.6856 -20.4977
1.0219 -0.635817 1.11568 1.54534
-0.170545 1.54164 -1.50861 -1.38543
-0.844982 0.644165 -1.11659 -1.53039
1.98581 -1.1096 1.70627 2.17017
1.71445 -1.24184 1.43015 1.5958
-0.443181 1.02893 -1.26218 -0.556563
-0.292269 1.04693 -1.67675 -0.315764
4.59355 -4.06605 6.16754 5.63544
0.781264 0.732136 -1.14363 1.02853
-1.74925 1.49885 -1.43078 -0.965545
1.28655 -0.499614 0.939938 1.67818
-2.68686 1.3228 -2.14676 -2.42896
1.71198 -0.643865 -0.064772 1.25019
4.04323 -0.335982 2.6146 6.95098
-0.666822 0.86472 -0.91141 -0.742589
-1.06488 -0.997865 1.01614 -0.939094
0.696295 -0.835865 0.910202 0.674455
-0.615007 -1.32601 1.15711 -0.575715
0.256328 1.58988 -1.11885 0.172402
1.16468 0.750883 -1.99845 0.893372
2.17009 -0.345631 0.950582 4.07651
4.72056 2.3604 -5.63628 5.39455
0.734253 -0.878986 1.13191 0.755616
-2.98198 -2.14412 2.13763 -1.75641
1.2106 -0.449619 0.823174 1.5797
0.143427 -1.2356 1.37133 0.103387
1.22298 1.25874 -1.38678 1.02547
0.874682 1.312 -1.30698 0.759056
-0.789987 -6.31445 4.82265 0.749754
17.8363 30.1202 -39.6709 11.8824
0.824415 0.819753 -1.77059 0.870722
0.477783 -1.1662 1.29978 0.275467
3.45679 -2.32254 5.81496 5.55769
-0.126419 -1.15093 1.55258 -0.223347
0.450541 1.02056 -0.998843 0.686608
1.12317 -1.61181 1.00005 0.779081
-0.914608 0.658713 -0.839718 -0.902172
1.05977 -0.258911 1.40108 4.70886
-2.36175 -0.720465 2.82728 -2.13284
-1.11428 0.354071 -1.2144 -1.56843
7.75858 -4.32836 4.78503 9.73269
0.439244 1.29543 -1.52612 0.5245
0.965812 -0.493367 0.603899 1.73701
-0.830665 0.883329 -1.0046 -0.619872
-1.04485 0.547462 -0.545247 -1.21835
-1.29997 0.108744 -0.836762 -1.85462
1.1169 0.015446 0.571046 3.04972
0.004698 -6.12712 5.99527 0.806681
2.21257 0.404643 -0.953967 2.02519
-1.01102 -0.965144 2.54482 -0.5647
2.76729 2.11261 -6.58109 2.16704
1.33579 -1.41296 1.56994 1.158
1.79631 -7.35742 8.10984 2.64614
-3.64267 4.14087 -6.18869 -5.44576
1.10378 -0.285269 0.949457 1.79173
-1.44527 1.57274 -0.619175 -3.45916
0.006586 -1.53897 2.12173 -0.969056
-1.05501 -0.473579 0.688832 -1.1567
0.178352 1.08995 -1.35291 0.564563
-3.55972 -6.67676 6.36559 -2.81752
7.51789 13.5103 -9.16823 8.07284
1.79479 -1.44118 1.00805 0.771564
-21.6453 7.99325 -6.97126 -18.9043
1.02277 -0.745834 0.875347 0.766181
1.12451 0.779826 -0.766085 1.26357
0.347301 1.22796 -2.24491 1.02415
1.18819 -1.15857 0.806492 0.694921
0.119887 -1.17167 1.42411 -0.287775
-1.3904 -1.2756 2.23667 -0.985268
1.19509 -0.441245 0.862129 1.36014
-2.32317 2.54677 -2.04036 -1.74467
1.82648 1.6527 -1.86072 1.58865
0.993086 -0.529689 0.529689 0.993086
-0.884222 -0.738497 1.18424 -0.943235
0.186198 -1.12212 2.66433 -0.618914
1.57053 1.68533 -2.9906 1.43714
0.984737 0.356406 -0.3961 1.6717
0.942239 1.07406 -1.69664 1.42835
0.594643 0.893069 -1.30837 0.959238
-0.94889 -0.544067 1.17197 -1.37579
-0.053827 1.29897 -1.63659 0.559391
1.39554 0.430261 -0.07994 1.76675
-1.84246 1.59631 -1.20987 -1.15592
1.00708 -1.27085 1.20196 0.840512
-1.31057 1.07789 -0.965963 -0.762313
0.097197 1.19954 -1.52327 0.044171
0.412916 -1.12351 1.35878 1.17543
-1.15729 0.873477 -1.02825 -1.05669
0.934291 -0.496448 0.843789 1.33267
1.20885 0.595806 -1.36035 1.47226
-1.30393 1.16684 -0.896982 -0.748611
0.871654 -0.665559 0.93836 0.996306
0.599334 0.939258 -1.23177 0.565903
-7.32131 -4.42759 4.88786 -9.05138
1.5071 1.96519 -3.65804 1.74019
-0.39786 -0.99399 1.07942 -0.453988
0.003377 -1.16422 1.22762 -0.348519
1.44767 -1.62299 3.58847 3.05978
-1.14934 -1.00162 1.93977 -1.11348
-0.947135 -1.06823 3.44008 -0.140673
-0.633873 -0.866165 1.34284 -1.33529
0.957825 -0.49992 0.72973 1.11433
1.71061 -1.53577 0.933919 0.792293
-0.010947 1.53053 -2.16845 1.55227
4.28553 -4.03865 3.57253 5.47971
2.1725 -1.84018 1.09287 1.02941
1.05256 -0.503892 0.288055 2.01479
-1.89406 -1.40058 1.88153 -1.33154
-0.578792 -0.920164 1.45039 -0.888223
0.213797 2.04883 -5.93513 1.79561
-0.769161 -1.02812 1.39426 -0.832268
0.918473 -0.717663 0.824975 0.905935
2.71244 -3.61783 4.74904 0.931364
2.594 3.31068 -2.52928 1.66804
-0.739747 -1.17286 1.15368 -0.382274
-0.804327 -1.58887 1.46794 -1.97576
-0.429699 -1.06064 1.81662 -1.07898
1.73036 1.3119 -3.55853 3.12556
-0.357809 -1.69025 1.44731 -2.35058
-1.11367 -2.94504 3.2331 -0.215959
1.26389 -0.786933 1.15358 0.865886
-1.23069 0.973747 -1.00205 -0.855946
0.786663 1.91202 -2.34309 0.687188
1.12593 -2.05719 2.35173 1.01153
-0.672371 -0.90317 1.07154 -0.920437
-0.794851 1.33937 -1.29817 -0.32854
3.05759 1.316 -2.04065 3.03575
-0.183461 -1.09527 1.76881 -0.070783
0.951099 -0.472658 0.421807 0.971171
-0.967965 -4.03544 7.01719 -2.39316
2.58905 -3.66263 6.59677 0.681297
-0.430172 -0.99943 3.25246 -1.44051
2.0919 -1.39053 5.23845 5.5765
1.41277 -0.933264 0.715695 0.947372
3.09349 -3.40025 4.02805 1.77898
-0.162339 -1.28318 1.6717 -0.888172
-0.474039 -2.08176 2.34101 -0.450685
-0.028309 -1.54417 2.04717 -0.723012
2.5075 -1.82357 1.81607 3.27612
-1.90163 2.66952 -8.2749 -8.09081
0.684349 1.01145 -1.56163 0.579829
0.908424 -0.804002 0.62209 1.88393
-1.06602 -0.098757 0.098757 -1.06602
-0.988489 -1.4651 2.0599 -0.843101
-0.530754 -0.980249 1.46953 -0.750741
-0.80142 0.743246 -0.904427 -1.32395
-1.72551 0.585515 -0.355083 -1.13809
-0.065794 -1.27127 2.53085 -1.81084
4.23424 -4.00599 18.1825 14.9268
6.68523 -12.8762 16.0724 7.94169
-0.658786 -0.826655 1.14348 -0.863407
1.02157 -0.51037 0.564019 1.16452
-1.87468 0.018153 0.628993 -2.35485
-0.425313 -1.22053 2.9578 -1.15898
-0.6792 -1.32337 2.47253 -0.854836
0.827341 0.852025 -0.998075 0.879335
-0.506368 -1.54165 2.54114 -1.80235
0.710671 0.796738 -0.796738 0.710671
-1.34983 1.25347 -1.13469 -1.02237
-1.62587 -2.29491 6.53703 -3.16038
3.70931 -4.3267 5.90066 4.86873
-1.32759 -1.1707 6.28012 -3.0795
1.00043 0.539551 -1.16668 1.0933
-0.060377 2.46453 -2.5993 -0.175918
-22.9987 14.0862 -16.0775 -26.8411
1.56841 -1.3864 0.889938 0.831039
0.830252 1.43694 -2.23586 0.999881
-0.849656 0.640004 -0.878916 -1.07783
-0.830733 0.651398 -0.954761 -1.42472
0.949271 -1.40317 1.21962 1.13945
2.11265 -1.83702 1.62751 2.59138
1.75407 -1.45384 1.17376 0.882248
5.65727 0.284078 0.789873 6.79944
1.0871 1.10887 -1.19888 1.1588
-0.528489 3.13306 -1.5422 -1.8818
2.91062 -1.96789 3.05627 2.49449
4.45096 -8.68106 12.3296 4.00265
3.07794 -2.80885 3.18672 2.46748
-0.703711 0.790554 -0.978133 -0.829861
0.550967 -1.19269 1.38103 0.225568
-2.04596 2.74382 -2.07839 -7.21655
0.070345 -1.17729 3.06829 0.985061
-1.41453 0.895126 -0.853229 -0.781927
3.97041 0.68752 0.592374 3.07881
1.18953 0.864208 -1.6652 1.58124
0.677559 1.42965 -1.10444 0.178109
0.79398 -0.70298 1.00669 1.0329
0.759322 -0.720679 0.938404 0.927184
2.41405 0.919842 0.1261 2.41571
0.861728 -0.625943 0.943606 1.28212
1.1858 0.027332 0.344343 1.56368
24.0539 58.8401 -97.0241 18.7898
-2.26913 1.75139 -1.39804 -1.44271
1.45578 -1.63598 2.22909 1.66345
-0.449279 -0.992016 1.01372 -0.577839
-0.409992 -0.985594 3.01748 -1.4309
1.13552 1.48554 -1.66321 2.51157
-0.95939 0.694187 -2.29991 -1.24693
-1.37917 -0.81227 1.66352 -1.69273
1.1654 -0.774848 2.12431 1.45515
-1.83859 1.42757 -1.64649 -1.4664
0.805974 -1.33335 1.46376 0.078504
1.1892 0.389943 -0.018664 1.34313
1.62615 0.627723 1.91545 3.51852
4.90413 -1.68343 1.53784 7.44881
-1.12037 1.00368 -0.83839 -0.860692
0.74891 0.929768 -1.82403 0.990753
-1.6679 0.704699 -0.069355 -1.2037
0.87525 -0.648583 0.648583 0.87525
0.945197 0.880836 -1.93863 1.40292
0.80116 -0.759173 1.06631 1.46701
1.67487 -6.01957 8.39927 1.5826
2.65675 -2.38725 1.32893 1.12473
-6.33997 9.10859 -13.1153 -5.57947
0.998836 -0.827726 1.0624 1.54138
-1.20942 0.221492 -0.598426 -1.44015
-0.370476 1.11317 -0.999613 -0.444451
1.04111 0.996269 -1.69398 1.38188
-1.7341 1.16783 -0.929596 -0.771441
1.0665 0.880121 -1.74196 0.826388
-2.46456 -5.29802 3.56997 -0.215379
1.45857 0.299396 -1.16794 1.60094
1.76443 2.48392 -4.49497 1.96542
2.81452 -2.34107 1.3161 0.917454
-0.988013 0.517576 -1.31046 -2.16728
1.00578 -0.774479 0.850694 0.908273
4.03719 4.37354 -1.67091 2.95014
1.25141 1.86773 -1.94742 1.34286
-2.24116 -2.09675 3.70247 -0.340517
-0.737325 -0.754756 1.1943 -0.980863
0.753754 -1.27202 1.13282 0.765975
-1.18216 -0.294738 1.07208 -1.36809
-0.798709 1.07745 -1.64957 -0.233661
-4.89354 2.08113 -2.53241 -4.0677
1.13221 -0.227277 1.25307 3.66545
1.40908 -1.16953 0.678015 0.987618
1.9037 -1.52474 1.05883 0.857158
-0.473017 -1.28076 1.66974 -0.965037
1.45589 1.53449 -2.18351 1.45652
-1.47293 -0.084644 0.306225 -1.73951
-1.3036 0.969181 -0.797773 -0.891231
1.68935 -1.50019 1.12366 0.973411
1.87762 0.200399 -0.933751 1.53631
-3.21231 -11.0924 11.7649 -4.13067
-1.25425 0.611178 -0.19743 -1.25282
1.63357 -0.606694 0.285529 1.14077
-1.02329 -1.19134 2.75707 -1.19766
-0.62205 -0.827269 1.52133 -1.23503
-1.47511 -0.317265 -0.665657 -2.98218
0.14255 1.44802 -1.33851 -0.349561
1.44634 -1.29745 0.968308 0.969542
-0.430684 -5.77201 5.6408 0.16239
2.09707 -0.617361 1.63626 4.81637
5.2006 -1.70755 2.22663 5.51604
-0.998421 -0.823249 1.14044 -0.732285
0.995725 0.610855 -1.03601 3.21653
0.291365 1.03098 -2.24006 1.03211
-1.07802 0.778314 -0.440548 -1.05732
0.859833 -1.32173 1.55675 0.125745
-0.804581 -1.28759 1.67844 -0.910555
-0.466409 -1.06451 2.08496 -0.645207
1.0812 -0.440428 0.452993 0.968731
-1.81635 1.46729 -0.820119 -0.861815
-1.22881 0.364498 -1.01062 -1.19337
-1.59902 2.93689 -2.64036 -5.29786
0.992 2.66949 -1.64214 1.69433
-0.867418 0.67665 -0.67665 -0.867418
-1.05748 0.324144 -0.44307 -1.79174
-0.33771 -1.20736 1.71598 -0.615613
-1.02112 0.345457 -0.452612 -1.07136
-1.54672 2.3767 -6.14288 -5.84612
-0.926369 0.889644 -1.09772 -1.18272
-1.028 0.74288 -1.10472 -0.790747
0.331022 2.23871 -4.77742 -1.20814
-3.80465 -8.29576 9.9582 -3.58541
0.903185 -0.971705 0.963524 0.688463
-1.34403 1.03578 -1.0421 -0.879595
0.641899 -1.80759 2.33323 1.55962
1.11695 3.48188 -5.49351 1.93887
0.498543 -1.37687 1.65603 -0.412487
0.764819 1.29481 -1.16279 0.350315
0.951409 -0.585213 1.15863 1.8551
0.763707 -0.807129 0.948482 0.84341
-5.8867 0.373556 -1.13582 -6.1687
-10.9287 5.59256 -6.37384 -8.10754
-1.20865 0.950518 -0.853871 -0.995201
-0.597464 -6.85471 5.76798 0.611529
-0.779388 -0.832753 0.886873 -0.653195
1.02214 -0.309755 0.309755 1.02214
-2.58885 0.430785 -2.49571 -8.89302
-1.15921 0.692593 -0.918381 -0.924817
-1.06559 0.005611 -0.031585 -1.1986
-3.77044 2.2865 -1.94945 -3.51766
-0.837819 0.653234 -1.21603 -1.21538
1.85323 -1.59846 1.0331 0.867412
-0.733038 0.969926 -0.959979 -0.554416
0.884451 -1.01726 1.27923 0.913695
1.07242 0.754232 -1.65485 0.825123
-7.09207 -6.84007 8.08121 -8.02377
1.32073 -0.385944 1.00594 1.87072
0.766213 -0.747643 0.779348 0.745028
1.24388 -0.944336 0.35649 1.20676
0.679104 -1.1107 1.53618 0.203904
1.60617 -0.592581 0.129699 1.10894
-1.94176 1.66224 -1.15011 -1.01327
-1.19753 2.63479 -3.14308 0.934989
-1.10879 -0.457994 1.20425 -1.59449
-7.29909 1.0082 0.3851 -6.20225
-0.585624 -1.01429 1.08439 -1.37374
-1.63577 1.72234 -2.95091 -2.4622
0.435697 1.0338 -1.48927 0.682222
-1.04241 2.05242 -3.55552 0.855796
-0.227333 -1.09993 1.26203 -0.343119
0.217939 -1.59593 3.36136 -0.807304
-0.764429 -0.800805 1.41543 -1.14796
-1.02352 -0.444958 0.803436 -1.13897
0.949114 -0.866718 1.03746 1.01246
-1.38229 1.1081 -0.793976 -0.89376
-0.642036 -0.848381 1.03853 -0.767314
-6.76791 5.76085 -4.80139 -4.58364
1.69904 1.68337 -8.11438 3.07704
1.14534 -1.11494 0.831562 0.910675
1.00678 -0.693179 1.57312 2.01699
1.07023 -0.120162 0.402052 1.56919
0.562326 0.926109 -1.20391 0.94421
-0.493801 -1.42119 2.028 -0.109685
-0.297066 -1.85254 2.39076 -1.19811
1.79131 1.55252 -1.27318 1.63665
-2.32339 -2.57963 3.52796 -1.04326
-0.223847 1.46306 -1.1185 -0.373801
0.926296 -0.605943 0.976745 1.23876
1.96691 -11.4284 12.0145 -1.01452
28.0455 21.3734 -20.2795 26.3412
-1.98321 -0.613258 0.198534 -1.91634
1.86332 0.7991 -0.900341 3.14861
-1.58897 0.925254 -1.3354 -2.17902
9.35483 -10.126 21.612 16.9811
0.840141 1.13078 -0.889675 0.617446
-8.3008 0.347942 -1.66674 -12.712
-0.635929 -0.912128 1.32326 -0.546842
-0.41637 1.60678 -1.86605 -0.395605
0.867663 1.14417 -1.66653 1.00164
-2.04545 0.167995 0.1687 -2.16963
-1.92616 1.0422 -0.732234 -2.00736
0.882067 0.690658 -1.3909 1.08938
0.941849 0.88376 -1.18643 1.03005
-3.90548 -8.14146 15.7994 -6.80905
0.976127 0.642713 -1.16754 1.21063
0.917379 2.0018 -1.79138 0.888058
0.800856 0.823366 -1.55603 0.806315
1.5179 1.40781 -2.57262 1.05912
9.80952 17.4552 -11.9051 10.0486
-0.715127 -0.791463 1.15149 -0.89818
-0.867212 0.645281 -0.799457 -0.931423
-0.572864 1.01472 -1.31825 -1.06715
-1.76593 0.297023 -1.58623 -1.21705
1.26627 0.295964 -1.18378 1.50779
-0.753743 0.861517 -0.91181 -1.4283
-0.567357 -0.940356 4.47698 -1.30359
0.943847 0.732539 -0.652648 1.70882
-0.72065 1.37429 -0.956859 -2.22896
-1.48586 1.21907 -1.31078 -1.32019
-1.75866 -1.6646 1.56087 -1.45684
-0.214404 -1.74945 2.73989 -0.022834
1.04884 1.03192 -1.31058 1.12043
-0.262475 -1.08057 2.76446 -1.77547
0.696082 -0.876493 0.868616 0.620389
-1.35892 0.968628 -1.38758 -1.12745
-2.57527 -6.0137 5.12673 -2.05973
0.52831 1.70097 -1.26019 0.203299
4.65666 -4.30319 3.51193 5.10775
0.943609 1.89734 -3.60434 1.56201
6.48007 0.645526 -3.56302 6.06329
1.22644 -0.38667 1.59497 5.89542
0.841765 -0.757268 0.826965 0.781836
-6.66296 -8.55276 9.88359 -7.71867
3.38716 -2.05491 3.20798 5.90655
3.41125 8.4497 -10.0171 1.48222
-0.590216 -0.947221 1.07604 -0.571032
-0.955492 0.593337 -0.609768 -1.24024
1.09308 0.87577 -1.95415 1.55471
-0.918453 0.721279 -0.790507 -0.794434
-0.532326 -0.950203 0.950203 -0.532326
-0.225267 -1.24153 1.5225 -0.948206
-0.779696 0.820446 -0.751069 -0.72886
0.724936 2.59151 -3.7067 1.66791
-1.56375 1.22699 -0.843613 -1.01973
0.95142 -0.50401 0.951773 1.47863
-20.8332 8.76522 -11.3808 -22.139
-0.639876 -1.08916 1.17752 -1.36848
-1.24829 -1.06668 1.16516 -1.35549
0.922091 0.714564 -2.64631 1.32867
2.30671 4.91997 -2.17924 0.069606
3.57599 -4.19511 4.98128 4.1044
1.02822 1.41339 -1.97394 1.50933
0.898873 -0.540857 0.959468 1.5447
3.43825 -3.37847 3.37847 3.43825
0.470258 1.00308 -1.96218 0.472419
-2.32028 -4.80539 2.97228 -0.195785
-1.09197 0.109145 -0.024993 -1.117
-1.75658 0.208645 0.333633 -1.56108
-1.04873 0.977497 -0.631351 -0.855375
-1.01092 0.249826 -0.290141 -1.0404
-0.251685 -1.04734 1.19405 -0.215279
-1.17329 0.499471 -0.788618 -1.02512
-0.793974 0.707785 -1.15373 -1.79869
0.799917 1.33893 -1.16379 0.315681
-0.993832 -1.02539 1.28087 -1.07581
-1.03666 -2.76092 2.07098 0.280997
0.487963 -1.29098 1.21751 0.126783
-1.1228 0.312391 -0.437109 -1.14691
1.20198 -0.398015 1.0472 1.92114
-1.13524 -4.0423 3.58159 -1.47959
1.0007 0.578105 -1.19176 1.26046
0.836963 -0.812878 0.831274 0.867874
1.3492 -0.87084 0.704553 0.796686
1.00836 -0.381789 0.329477 1.37189
0.921685 -1.42621 1.56838 1.35047
-0.675951 -0.983248 1.36291 -1.26848
0.637346 0.896074 -1.80443 1.13958
0.858906 -1.52002 1.00923 2.05357
-1.97396 0.839687 -0.238716 -1.48225
-0.150648 3.43093 -3.24929 -1.08017
-2.24582 1.60964 -1.27316 -1.08267
1.35142 -1.10439 0.899041 0.734654
1.56811 -1.24396 1.12215 1.05545
-1.81922 -0.225427 -0.991051 -2.46218
0.839563 0.743163 -0.781381 0.795242
0.031003 -1.36114 1.91071 -0.75494
1.28899 -0.89518 1.1964 2.65682
0.946955 -0.879511 1.07655 0.744383
7.15595 1.53725 -4.1522 6.67074
0.747256 0.737457 -0.922766 0.785097
0.730187 -0.894116 1.34434 1.64704
1.52339 1.96759 -3.85131 1.7786
0.970134 -0.933366 1.09177 0.786859
0.579565 0.877232 -0.953214 0.71878
0.472505 1.25236 -1.0304 0.86263
1.57616 0.006415 -1.1981 1.59799
-4.37733 4.88648 -4.08285 -2.77108
-0.661844 -0.859338 1.60198 -0.878356
-0.231526 1.25234 -1.70063 0.471177
0.367116 1.04074 -1.87673 0.6156
0.732778 1.95977 -2.60469 0.824942
23.4192 -21.9877 39.2344 26.0833
-0.98365 -0.734348 1.70402 -1.1915
-1.46348 1.1096 -1.07574 -1.73082
-1.88737 -0.404463 1.59098 -2.46308
0.608319 1.00437 -1.04555 0.493454
-0.294768 -1.64938 2.02329 -0.964674
-2.83943 2.92852 -2.92852 -2.83943
1.3206 -0.459515 2.36428 1.67909
1.2504 -0.518341 0.513779 1.67578
1.74838 -3.0576 1.99226 4.72978
-0.565635 0.89569 -2.10193 -1.66827
3.97883 -0.296885 2.90505 7.19867
-1.92315 1.40209 -1.1575 -1.0432
22.0877 -24.872 26.6448 23.0666
-1.05627 -2.62961 1.92284 0.208765
-0.711843 0.799511 -1.33144 -1.38025
1.07924 -0.44769 1.64392 1.52071
0.858031 -0.808159 0.851381 0.748361
1.00657 0.775967 -1.1349 0.979347
0.681626 -0.88006 1.1625 0.95957
-1.22319 -0.394307 1.05361 -1.28788
-0.507765 1.2321 -1.18471 -1.47975
0.92229 0.714632 -1.31556 1.15952
0.583238 -0.919075 1.527 0.71165
-1.2306 0.595496 -0.769151 -1.01661
-1.77734 4.61083 -3.04831 -8.20186
-2.02721 1.58978 -1.04185 -0.862816
-0.436178 -0.977369 1.39731 -0.365883
0.207668 2.18569 -1.91189 1.68479
-1.00562 -2.96915 2.96711 -0.163898
0.547647 1.5529 -1.44868 0.62169
-2.3163 2.6609 -5.54723 -3.96322
-0.833654 0.802325 -0.863292 -0.707024
-1.29453 1.11696 -0.816809 -0.88368
-1.06599 1.07308 -0.70879 -1.09285
-0.406943 -1.55917 7.72222 -2.2575
4.58634 9.4973 -13.404 5.87774
-2.55418 3.25397 -2.84612 -0.696278
-1.18715 -1.9468 1.63915 -1.24993
2.04651 0.093269 0.483947 2.93096
2.26695 -1.64758 1.22434 1.18475
1.81121 0.817116 -1.62931 1.81455
1.52968 -0.358187 1.6232 1.75895
-0.649132 0.893554 -2.34268 -2.43682
-1.6573 1.3093 -1.16801 -1.37244
2.1405 1.96311 -2.44505 1.99279
1.12865 0.237342 -0.961255 1.6733
2.89918 0.171319 0.884006 2.53077
2.63262 5.75566 -10.9028 3.70224
0.105246 1.40365 -1.34931 -0.196555
-1.44327 -2.86556 2.7622 -1.02163
1.53922 0.923677 -1.62138 1.0497
-4.27035 -4.12676 3.08002 -2.89195
3.08271 3.30262 -4.27613 3.84814
0.939302 0.505455 -0.65252 1.19015
1.3616 1.47707 -1.11291 0.976188
0.93913 -0.798704 0.716578 0.798188
-0.771376 4.29127 -5.30737 -1.00742
2.22701 -1.76502 1.76385 1.29038
-2.4778 1.2493 -1.63385 -3.35071
0.439182 1.30097 -1.32337 0.16273
0.333206 -1.14981 1.50806 1.36388
0.532212 0.897206 -1.29056 0.813993
-1.05353 -1.70361 2.00906 -1.12971
0.711135 0.818747 -1.48141 0.949804
5.56199 5.49303 -6.68541 5.51149
-1.3209 1.31256 -0.997428 -0.578112
0.884977 -1.37932 1.35815 0.463655
-2.4606 0.638246 -0.357767 -1.39096
-4.93734 -3.52436 2.59834 -5.82381
2.17843 -0.102335 -2.12784 1.73447
-8.68609 8.99128 -8.16286 -7.20308
19.4635 11.0552 -8.70353 20.7466
-1.70683 -2.29862 4.34792 -0.329677
0.918248 -0.800338 0.630549 0.878402
4.79277 -1.29196 1.86426 10.9542
1.07066 0.088038 -0.123579 1.45248
1.38221 -5.935 7.04344 -0.486478
-1.21921 0.347647 -0.351686 -1.76073
-0.527006 0.994856 -1.09372 -0.735791
1.13097 -1.1065 0.969164 0.826269
1.16804 -1.19271 1.08343 0.991927
-1.80043 0.464488 -1.94662 -4.7323
-0.900818 0.686179 -1.17115 -3.7283
-0.933514 -0.794434 2.45042 -1.13624
0.752971 -0.9396 0.914262 0.664577
-0.971754 0.43837 -0.677218 -1.23185
1.33648 -0.317202 0.188445 1.36778
0.636508 -1.33428 1.07031 1.91919
0.844085 -0.833758 0.744612 0.74414
0.518674 1.26063 -1.14194 0.481893
0.721763 1.26953 -1.59723 0.620691
1.06791 -0.24238 1.34378 3.37646
-1.98159 0.493393 1.1683 -1.7896
-1.03442 -0.97329 1.4391 -1.2789
0.101738 -1.63172 1.69755 0.031505
-1.32836 0.02313 0.530278 -1.40004
-9.37867 7.81986 -5.29955 -2.93822
-14.4886 5.21709 -5.22679 -18.53
1.21011 1.08098 -1.3132 0.930491
-2.31991 -3.99605 1.73737 0.047487
0.456351 1.44237 -1.80451 0.637612
-0.728424 0.909061 -0.859768 -0.850132
-1.06002 -0.982712 1.20597 -0.776937
-0.936832 0.858296 -0.818151 -0.77622
0.758111 -0.870395 1.0277 0.67453
-1.26576 0.922629 -0.730259 -0.848177
-2.2338 -0.448276 1.37865 -2.10761
0.231079 3.27819 -2.60719 -0.170743
-3.91595 5.51092 -6.81728 -6.09469
1.40668 0.635563 -0.440284 1.31861
-9.9573 -2.75917 2.02442 -13.4159
-1.1573 0.878117 -1.00293 -0.808809
-2.64762 2.21066 -1.28393 -0.863143
-3.35006 0.445576 -1.62464 -1.76991
-1.15042 -5.34287 2.91406 0.796729
-13.5991 6.67184 -9.34845 -16.8921
-1.12591 0.774531 -0.63968 -1.36296
-0.691592 -1.0112 0.881226 -0.648811
-0.095836 -2.3803 2.26547 -1.95967
2.15582 2.36017 -2.91834 2.04938
-1.62057 -4.17311 3.40195 -1.44788
1.71413 0.508841 1.90624 3.53464
-1.35123 0.120983 -0.642054 -1.71326
0.890281 0.719356 -0.94504 3.08493
0.928952 0.79 -0.586825 1.26618
0.785489 0.766163 -0.906939 0.840908
0.80863 -0.786909 0.693763 0.780084
-0.838569 -0.990374 1.24836 -1.49133
-0.188949 -1.12484 1.48105 -0.69032
0.707211 -0.840548 0.842781 0.699948
0.98842 0.713666 -1.19603 1.00557
0.945551 -1.00923 0.885885 0.856638
3.39713 -0.480552 1.85408 6.76576
0.976505 3.18518 -1.83245 0.63412
1.02035 -0.715679 0.489612 1.05344
-14.4356 14.1043 -14.4856 -17.1747
0.717245 -1.73591 5.65764 -1.68591
2.00576 -1.7181 2.83446 2.89017
-1.08283 0.7479 -0.837465 -0.800533
-1.40388 1.36625 0.048986 -2.70313
0.321631 -1.02515 1.92568 0.516636
1.76596 -0.470794 -0.257188 1.33903
0.760268 -0.787964 0.966405 0.942207
-0.698739 -0.820147 2.19189 -1.28846
0.847747 -0.799488 0.770178 0.976021
-0.432273 1.37119 -1.54986 -0.699461
-3.14835 -1.20666 1.72383 -4.90451
-0.825405 -1.59308 2.89329 -0.977295
1.06421 -0.016446 0.507569 2.79312
3.91703 5.42902 -6.07073 1.9865
0.694024 -0.892699 0.892699 0.694024
-1.34619 0.28898 -0.633615 -1.4012
-0.845211 0.748797 -0.686347 -1.28226
-0.175143 -1.16417 1.29059 -0.312604
-2.23406 1.80655 -0.78675 -1.32596
-0.918606 0.69623 -1.14148 -1.04672
1.73396 -0.754402 1.77048 1.99577
1.34001 -0.469555 0.025678 1.24735
-1.00553 0.960067 -1.07262 -0.714454
1.85888 -1.53762 1.38639 0.674203
-2.79462 -2.16039 1.69466 -1.1416
-1.15024 0.841758 -0.80361 -0.809384
1.24082 0.333883 -1.17629 1.44846
-1.18623 1.22792 -1.18766 -0.901355
-2.02225 2.41931 -3.59597 -10.2715
0.702539 -0.934 0.924539 0.905568
-1.20354 -0.171385 0.572236 -1.3543
-2.09196 1.88375 -1.16875 -1.36303
-76.1459 48.3229 -49.6397 -53.3706
-1.10723 0.986994 -1.10906 -0.854193
0.676583 1.01779 -1.35992 1.2268
1.34783 0.885801 -0.618251 1.53345
-9.02194 -9.41672 12.7003 -11.6048
1.46053 1.55053 -1.60995 1.5804
-0.989474 -0.609362 0.64998 -0.904602
-1.16082 0.742608 -0.9973 -1.665
6.14731 -7.88371 7.88371 6.14731
-0.305563 -1.29898 2.16479 -1.40702
4.55194 3.6749 -19.6746 18.2081
-6.04936 -0.406913 3.54833 -4.36833
-1.55509 1.44202 -1.52529 -1.33791
1.16463 3.07262 -4.59481 1.839
0.948427 0.758582 -1.10665 0.979952
-0.716603 0.813752 -1.47558 -0.914594
-9.99655 1.69631 1.12696 -12.3745
-0.793914 -1.83163 3.41754 -1.29273
-0.501992 -3.2554 2.27989 0.561886
0.548448 -1.22833 5.06359 0.575525
-0.99507 0.855918 -1.03744 -0.783195
-0.393676 -1.00889 1.1295 -0.297748
-1.19038 0.326373 -0.911117 -1.37346
-0.879531 1.51709 -1.22212 -0.696779
8.9965 4.9993 -6.43419 10.9882
1.30411 0.339357 0.775501 2.48981
-1.03041 0.383132 -0.612502 -1.25293
1.11521 0.333043 -0.279057 1.03726
0.78843 -0.706232 1.17558 1.26491
-0.304416 1.06148 -1.35821 -0.245914
-0.954755 -0.625851 1.43207 -1.15391
-3.77578 -7.01082 7.36473 -4.30375
-0.379491 1.14194 -1.10315 -0.692914
-1.55024 -1.44887 2.02379 -1.38973
-0.837657 0.706098 -1.06875 -0.910573
0.812285 3.64492 -4.76017 1.5043
-1.31936 0.360449 -1.13089 -1.86623
1.3526 1.22892 -1.49214 1.03366
0.845539 -1.01227 1.01058 0.965227
-0.746858 1.3944 -1.49295 0.033803
0.251563 1.86473 -2.59624 1.04414
-1.164 0.883995 -0.694583 -0.807275
-1.92385 -0.580729 1.7247 -0.946274
1.30776 2.24907 -2.43789 1.03558
1.06625 0.766091 -0.874199 0.974933
1.32399 0.582438 -1.19333 1.09375
-0.571286 -1.09284 3.69291 -1.64998
1.30733 0.343769 -0.037208 1.61684
4.59173 4.07935 -5.99736 4.01873
-1.13012 0.692817 -1.02796 -0.86573
0.775863 0.813768 -1.04751 0.708727
0.955952 0.568906 -1.15872 1.31736
0.923524 -0.842568 0.766766 0.753764
1.41136 -1.15486 1.06884 1.03977
0.837653 1.10523 -1.30001 0.659919
-0.880504 0.665534 -0.744278 -0.927183
2.18133 -0.644754 1.61288 5.01901
0.705935 1.49009 -1.01309 0.47484
0.300991 1.05357 -1.05357 0.300991
-0.770965 -0.794963 0.827842 -0.73323
-1.33006 0.294445 0.809598 -3.60168
-7.66558 -7.81728 22.806 -16.9957
0.917158 0.644302 -0.968754 0.951025
-6.99829 5.63011 -5.48236 -5.1873
-0.320745 1.05711 -2.32552 -1.00495
-0.531444 -1.48705 2.7122 -0.840599
31.5465 20.6682 -40.5041 43.4169
1.17722 -0.629204 0.216489 1.25302
-0.301866 -1.08247 2.23277 -0.273488
-1.06253 -0.607067 1.7907 -1.26052
0.989338 -0.365383 0.609597 1.9094
3.252 4.90595 -6.54596 3.92633
-1.16663 -0.672889 1.00258 -0.938456
-1.11917 -0.273333 0.572832 -1.64279
-20.0394 6.50833 -10.9195 -19.6874
1.58886 0.554339 0.910176 2.29607
-0.862364 0.811859 -0.853368 -0.817016
-1.42785 0.134989 -0.771851 -1.86561
1.20091 -0.413566 1.61962 1.55554
2.84034 3.25115 -4.01306 3.4234
-0.570065 1.91962 -1.56263 -0.917242
1.06628 -0.10663 0.125773 1.20538
-0.911421 0.620801 -0.955677 -0.991498
-2.31951 1.68731 -1.55521 -2.36666
-2.45619 -0.765582 2.46294 -2.87126
2.70929 -2.78256 2.86402 1.73601
-1.22604 0.236169 -0.983859 -1.33823
8.00488 -4.70456 2.5292 10.8621
1.21641 -0.094008 1.82986 4.27263
-1.19079 -0.763752 0.946337 -1.17931
1.46765 -1.41995 1.1965 1.13288
-2.19922 -1.80377 3.18949 -1.75192
1.1577 -1.37751 1.49292 0.844739
1.24988 -0.676566 0.950374 1.02813
5.76658 2.86046 -2.32405 5.38017
-0.551861 -1.00562 2.1722 -1.36747
1.39732 0.00408 -0.569622 1.37362
0.8183 -0.779637 1.11112 1.00127
-0.835923 -1.51002 7.48471 -3.53574
1.89577 1.14475 -2.25018 1.24033
0.8574 0.812842 -1.06159 0.763085
1.43612 -0.22658 0.924667 2.05673
0.330292 1.69822 -1.51511 0.865613
0.615727 1.23915 -1.49064 1.53074
-0.78879 -1.06161 2.35239 -0.907769
-1.01071 -0.385027 0.756022 -1.92207
1.48804 -1.34189 1.18759 1.17561
-1.46405 0.711567 -0.661709 -1.28338
1.83857 -1.83356 1.16124 1.07885
0.996735 -0.383997 1.24648 4.0882
0.477233 2.26406 -2.19523 0.641814
-0.743398 0.739898 -1.07765 -1.29529
1.12049 -0.880243 1.226 0.852083
0.002238 -1.80124 3.56528 1.57174
-0.435019 1.11837 -1.4477 -0.373441
-1.83981 1.4156 -1.49266 -3.83842
-1.24016 0.420069 -0.307582 -1.29446
0.440127 1.19408 -1.63464 0.490156
-1.19793 0.497319 -0.896172 -1.2417
0.032346 -1.44332 1.55137 0.193336
-1.59399 0.587766 -0.664827 -1.1375
-0.863598 0.880244 -0.898283 -0.832169
-1.03977 -0.22111 0.229437 -1.10352
-2.69733 -5.45135 3.44659 -0.301107
-0.957961 -0.571927 0.990869 -1.29005
1.60981 -1.42242 1.23422 1.26914
-1.50434 -1.47516 1.35465 -1.65856
-1.89226 1.65208 -1.42276 -1.09669
0.187895 2.99802 -2.74654 -0.598271
-1.02762 -0.48339 1.10007 -1.19172
1.22296 2.44753 -3.14151 2.04654
1.35052 0.746891 -0.132205 1.42646
-1.14975 0.224203 -0.099589 -1.20247
1.65063 0.207453 -1.33311 1.80678
1.90034 0.082522 0.354899 4.32839
-1.43267 1.13648 -0.754301 -0.809006
-0.85715 -0.803715 1.89346 -0.939719
0.998429 -0.48472 0.762713 1.09233
2.28407 1.46757 -1.9668 2.10549
0.003096 -1.3797 1.9063 -0.679967
0.965451 2.01904 -1.63443 0.818141
3.69351 -1.00095 2.61175 6.67118
-0.94911 1.48861 -2.94216 0.832992
-0.843402 -0.755293 0.914679 -0.875237
1.28911 1.34266 -1.67017 1.33055
0.746477 -1.22773 1.00526 1.72561
-1.15542 -1.08742 1.03576 -0.968546
3.10721 -2.85025 2.73574 2.3292
0.8475 0.785894 -1.05506 0.859446
1.02141 -0.307912 0.662385 2.07136
-0.828405 -1.10395 0.826608 -0.678348
-0.058428 1.07623 -1.60331 0.093179
3.75515 3.44152 -2.76323 3.25066
0.500717 -1.01382 1.29872 0.399243
13.0185 22.824 -27.9665 4.67064
-3.55209 2.54282 -2.83912 -3.49884
1.66175 -1.41542 1.12634 1.19651
-0.764276 -1.51704 2.20802 -0.630417
-1.81858 3.09061 -3.89096 -11.13
0.9881 -0.458742 0.798849 1.33727
1.73856 -1.09518 1.70193 2.97824
1.05541 0.484491 -0.885211 1.08078
1.04958 -0.94298 0.757611 0.765397
1.82416 -0.008712 1.96568 4.11954
1.24093 -0.212369 0.431498 1.23224
-1.0919 -1.04968 0.735576 -2.05742
-1.17755 -2.45727 4.65044 -1.36082
-0.924188 -0.657303 1.2408 -1.1836
1.3553 -5.85788 4.61115 7.77085
1.0402 -0.093427 0.096125 1.05487
30.8984 63.0121 -85.4844 34.8281
0.142297 -1.24575 1.4537 -0.378238
-0.856978 -0.736136 0.651819 -1.06062
0.940937 1.67086 -1.05885 0.312501
0.203798 1.12098 -5.06781 2.17842
1.09666 0.098739 -0.160934 1.55697
0.144836 1.59151 -2.21018 0.871604
-2.18978 1.69985 -1.34223 -0.904826
-0.624338 -0.966368 1.13337 -1.18919
1.18747 0.36132 -1.2652 1.75644
6.28629 -1.95013 11.5888 12.0924
-0.941651 -1.38207 1.30847 -0.551309
-0.743344 -1.54937 1.12183 -0.199598
-0.689314 -0.88733 2.96515 -1.57544
-0.976618 2.22001 -2.8039 1.03551
-4.61256 0.341876 0.381174 -4.8888
2.33468 1.21103 -1.41607 2.83244
1.50144 -1.17167 0.970217 1.01907
1.87016 -1.65798 1.89256 2.38554
0.16601 -1.51535 2.31299 -0.722857
2.66378 -2.38938 2.84128 2.31447
-1.84477 0.576091 -1.38153 -1.98911
1.00186 0.600009 -1.44364 1.32421
-0.159722 1.18518 -1.56463 0.355371
-0.91943 1.15775 -0.972724 -0.810207
1.05506 -0.55436 1.22146 2.12914
-40.4985 31.5655 -33.1411 -37.0728
1.2082 0.711647 0.086885 1.99377
-1.26955 0.137481 0.075681 -1.11381
-0.336947 -1.1604 1.22308 -0.474273
-3.64804 -6.08588 8.13784 -5.45589
-2.04753 1.7871 -1.34875 -1.11
-0.601577 -1.0719 0.908966 -0.708057
0.547495 -1.0338 1.6609 1.14133
0.780081 -0.772141 0.903212 0.877764
1.66288 -0.971052 1.18776 2.08176
4.0684 -3.00491 3.31158 1.55578
1.15446 -0.239479 0.094358 1.37637
0.991928 -0.71706 0.71377 1.37208
2.73259 -2.66876 2.88918 2.20291
-1.13142 0.123996 -0.661921 -1.62171
0.893438 0.903341 -0.750655 0.894743
-1.37795 -1.76094 3.03749 -1.15635
-0.484326 -0.982061 1.53943 -1.12446
-1.26723 -0.746611 1.66893 -1.35993
0.072627 -1.29953 2.68767 -1.26429
-0.732385 -0.907291 1.50203 -1.19406
-1.89661 0.39331 -0.661507 -2.04919
-10.8852 2.13448 -4.60476 -10.0417
0.764374 1.70415 -1.24182 0.396038
-0.64258 -3.54822 3.23601 -1.55969
0.967316 0.715323 -1.14551 0.902664
-0.937187 -0.955601 1.41918 -0.966101
1.04553 1.81779 -1.12949 0.400227
-0.790735 1.56496 -1.186 -0.897534
-1.46877 -1.14178 1.23407 -0.873431
-4.17105 2.15994 -1.09644 -3.97478
0.959808 0.832789 -1.33819 1.06473
1.23959 0.153273 -0.292374 1.35159
-3.32539 3.63884 -3.63884 -3.32539
-0.992432 -1.49444 5.76695 -2.69932
4.72058 -1.23401 3.03527 7.5393
-1.10914 -0.648629 2.47844 -1.78087
-0.731844 -0.774547 1.38652 -1.34136
0.844465 -1.03723 1.36851 1.31581
-1.17072 -0.045429 -0.271591 -1.45643
-1.39857 0.774251 -0.109827 -1.26545
-1.30564 0.791371 -1.01514 -1.0329
-0.315835 1.03328 -1.36941 -0.238636
1.47649 1.72323 -3.0581 2.35311
0.351679 1.27472 -1.55528 0.680905
0.334544 1.40741 -1.49086 0.383697
-0.391243 -2.06568 3.20411 -1.04243
-2.90713 1.95439 -2.55475 -6.49513
-1.02864 -0.947914 1.16422 -1.06308
-2.44929 1.94948 -0.992018 -1.4199
3.24541 8.82511 -15.0133 3.57091
-5.48085 0.963115 0.067938 -3.96503
-0.92402 -0.85757 0.607604 -1.16588
-1.93179 1.56398 -1.10538 -1.35267
2.5913 0.320025 -0.21258 2.44998
-0.592999 -0.916845 1.03379 -0.539238
0.93774 -0.532507 1.17105 3.23756
1.12643 0.474668 -1.17094 1.31268
1.33593 -1.65007 1.58567 0.405173
-0.846154 0.6238 -0.859188 -0.964941
1.66858 -0.563935 0.111929 1.33549
2.9836 1.1992 -3.1542 2.611
-0.28369 -1.07597 1.70422 -0.145692
-1.57781 1.52503 -3.52365 -2.72573
1.01868 -0.5601 2.01608 5.32751
-3.56933 -2.67462 10.6141 -8.1049
-0.857038 0.674299 -1.47977 -1.85922
-3.39602 5.33451 -3.71649 -10.5758
-0.876232 -0.66792 0.619919 -0.880978
-0.627347 1.95018 -2.02162 0.197131
-1.21583 0.673439 -0.801954 -1.53173
0.558269 0.886955 -1.37689 1.03749
0.247713 -1.12934 2.90488 2.08562
-7.08301 -3.41919 4.5903 -6.22744
0.342752 1.02196 -2.0538 0.955531
1.38859 -0.98296 0.324614 2.11645
0.786715 0.841053 -0.898389 0.855275
1.82374 0.5312 -0.574001 1.56718
0.160251 1.51995 -1.36319 1.20287
-1.29374 1.69565 -1.20343 -0.513299
-1.80243 0.644125 -0.464504 -1.43948
0.833777 1.3303 -0.865729 0.624304
-0.662387 -2.87521 4.78322 -1.32887
5.03454 -0.394189 1.17304 3.7477
2.52892 -1.52964 7.18879 6.67043
-0.653607 -1.19403 4.89512 -2.21506
-0.938401 0.812048 -1.57926 -1.41969
-4.95921 2.61595 -2.60165 -4.9859
-1.76544 3.59381 -13.2598 -12.4438
0.819461 0.879182 -0.848533 0.800633
1.10374 -0.76217 3.72337 2.85713
4.87351 -2.87845 2.86747 7.12011
0.493983 -1.00674 1.05231 0.430043
-1.17858 0.843394 -1.16728 -1.08228
0.822544 -0.767243 1.10151 0.800108
-0.483825 -2.65247 2.20145 -0.190092
3.00456 2.90063 -3.94722 3.83228
2.92885 0.466691 3.10825 11.3246
-0.785638 0.797349 -1.19691 -0.856872
-2.14318 -5.04405 3.6538 -1.01469
-1.84862 1.56829 -1.31696 -1.29248
2.02065 -1.95964 1.28812 1.25147
0.854691 0.905184 -1.00239 0.778088
-0.378757 -2.74851 3.88079 0.939448
-0.886465 0.855805 -0.713828 -0.831918
0.805304 1.6008 -1.55125 0.444885
-1.33745 0.56861 -0.803509 -1.64496
-1.74023 2.3333 -3.20327 -7.27148
1.6226 -1.41578 1.38025 1.25912
1.66849 2.29659 -4.74204 0.921561
0.479438 0.97594 -1.76402 0.993364
0.896626 -0.771366 1.97347 4.40226
-1.04988 0.493075 -0.437928 -0.984585
-1.78458 1.37556 -0.994273 -1.06085
1.32252 -0.149144 0.555981 1.43058
-7.94244 -5.9964 15.9009 -11.9002
-1.74851 -2.21441 1.69429 -1.36726
-0.618436 0.913514 -1.50281 -1.40629
0.676385 -0.785409 0.981968 0.820403
6.39733 -6.25938 4.54486 8.72685
-2.94687 -1.06764 1.65686 -2.26392
-1.29265 1.24291 -1.64151 -1.73776
0.762724 0.833561 -1.14255 0.643543
1.49092 -1.26018 1.2099 1.23627
5.03803 -5.55064 5.41473 4.38938
0.325283 1.00375 -1.00375 0.325283
-0.939332 0.631187 -1.3023 -2.02228
-2.05476 1.15745 -1.75074 -1.9533
-1.6794 0.863901 -1.11676 -1.51284
-0.417037 -1.00909 1.62873 -0.208687
0.171027 1.09347 -1.34465 0.487311
-1.5457 -2.11484 2.12135 -2.06297
1.62624 -1.76771 7.81012 7.51411
1.03371 -0.750558 1.45442 1.70989
-12.0062 16.4769 -18.8605 -12.001
1.09506 -0.316631 1.00665 1.63576
-5.3895 -6.78427 11.4902 -8.51235
-1.7634 1.58148 -1.17651 -0.972851
-1.44118 -1.05243 2.25943 -0.571956
3.17897 -4.87918 5.34311 3.64994
-0.173647 -1.21551 1.72471 -0.939981
-0.490543 -0.975909 1.64148 -1.0125
-2.49161 0.478461 0.170887 -3.11359
0.682879 -0.933519 0.913788 0.548884
1.79256 -0.125304 -2.12082 2.07466
1.6721 -1.41387 1.34115 1.00865
-1.78421 1.32562 -0.170354 -1.74433
0.919986 -0.871748 0.70758 0.791267
-1.26804 -2.03498 1.86814 -0.915425
-0.075153 -2.12676 2.93657 -0.454801
1.68564 0.458675 0.973555 1.83104
-0.340639 -1.08151 1.79548 -0.931814
2.07093 -1.90835 2.40994 1.63684
1.33686 -1.25274 2.93498 6.32989
1.37083 -1.40783 0.97044 0.673355
1.61795 0.594651 0.987962 3.19702
0.691319 0.923068 -1.91252 0.771421
-18.7363 4.08988 -7.65572 -15.1871
-0.39776 -6.33498 11.2737 -5.74753
-1.54421 0.574058 -2.37698 -2.12078
1.03562 -0.309148 0.309148 1.03562
2.85865 -1.55792 1.55558 1.39353
0.946261 0.634337 -1.11077 1.43347
-1.80949 0.181543 -0.816826 -2.22447
-2.81016 2.99558 -4.37136 -3.3907
-0.853252 -0.694557 1.42154 -1.11078
0.551795 1.27961 -1.1049 0.81788
1.42348 -0.561144 1.75733 2.75139
2.07883 0.401191 2.54139 9.00196
0.739029 -0.926177 0.929368 0.549923
0.724265 1.04634 -1.72662 0.671543
10.8796 -19.6644 21.0993 13.4267
1.30838 0.408179 -0.378492 1.78395
1.48499 -1.27786 1.06073 0.796276
-0.217347 -1.27576 1.28839 -0.525579
0.850982 0.691874 -0.844093 0.840633
0.344144 1.01349 -1.21347 0.548738
0.945924 -0.63652 0.435364 1.71109
-1.03919 0.324452 -0.722769 -1.45325
0.991909 -0.477675 0.733355 1.09494
3.57065 3.62005 -2.13474 4.73931
0.583501 1.11915 -1.48871 0.288033
-0.816076 -0.803525 1.38396 -1.09979
-17.7729 9.09728 -8.74873 -29.6257
0.7192 0.802274 -1.72278 1.13553
1.39109 -1.18582 0.974242 1.08078
2.13034 -0.037632 0.575236 2.13879
1.3118 -0.49014 -0.11089 1.3411
0.266724 -1.06206 1.89576 0.344403
-0.205402 -1.05918 1.75836 -0.455551
0.158291 1.14983 -1.31625 0.449266
0.914386 -1.1153 0.976231 0.933751
-0.618304 -1.11137 1.19136 -1.49766
0.6481 1.39007 -1.13613 0.389044
1.83161 -0.436335 0.50263 1.68164
0.701103 0.788258 -0.849741 0.755955
1.94235 -2.35984 2.60524 1.50205
-1.33117 0.037807 0.380648 -1.53367
-10.5471 2.19934 -2.84475 -16.0361
0.237167 1.18417 -1.41049 0.747243
19.6753 14.9473 -15.1565 16.7993
-1.02611 0.292857 -2.12846 -4.80325
0.056143 1.15254 -2.92369 0.90766
-1.73667 1.49082 -1.44608 -0.683056
1.68737 -1.11469 1.02165 2.06172
-1.32715 0.514582 -0.758267 -1.13183
3.48123 -1.2135 2.22662 6.38328
-1.11969 1.26863 -1.15129 -0.780498
-0.199283 -1.09758 1.12612 -0.350136
0.877106 -1.67282 1.15848 1.51965
1.76698 -0.345836 1.95463 7.22696
0.807167 1.89781 -2.19617 0.421926
0.918602 0.854502 -1.02811 0.750848
-0.457747 -0.987963 1.7026 -0.815957
0.653193 -1.02363 1.78834 0.461207
0.906109 -0.852924 0.692906 1.24611
0.880917 0.684699 -0.758532 0.854196
-0.812152 -2.00848 0.982834 -1.30976
0.33025 -1.098 1.29417 0.100835
1.64997 0.152003 -1.18869 1.61331
-5.15664 2.84926 -3.13776 -4.00981
4.5957 -4.48912 5.68416 4.85333
-1.01342 0.631032 -1.72655 -4.01378
1.26443 0.603308 -0.122899 1.25096
-1.11665 1.75759 -2.97493 -1.94372
-0.349682 -1.10157 1.38167 -0.234398
-1.13634 -2.3744 2.21398 -0.803826
-0.335017 -1.22166 1.62428 0.143226
0.701181 1.66215 -1.31136 0.418675
-0.648447 -1.19164 1.98729 -1.29158
-4.75655 3.555 -4.79933 -4.48052
0.21073 1.1174 -1.30167 0.617924
1.03639 -0.84764 0.718923 0.78088
0.395159 -1.78341 2.27061 1.05258
-0.291825 -1.08834 1.08834 -0.291825
1.11064 -0.197549 0.759303 1.51817
-1.80756 1.47444 -1.10726 -0.991619
-0.976066 1.05053 -0.85373 -1.06062
-6.21937 -4.53605 6.3523 -6.16688
0.949789 -0.754951 0.825309 2.1749
-1.0292 -1.1342 1.25254 -1.15345
0.645161 0.976858 -1.27014 0.479395
-0.365371 -1.01357 2.70722 -1.03186
-0.868206 -0.777072 1.19643 -1.12282
-0.503621 1.44675 -1.63548 0.397552
-3.21921 0.941953 -0.236808 -2.11338
-1.0875 0.200063 0.038544 -1.92565
0.705563 -0.9032 0.9032 0.705563
-1.00232 -0.622687 0.730309 -1.27505
-0.312804 1.2053 -1.79104 0.140718
1.1966 1.57256 -3.02653 1.377
-5.88696 0.004899 -0.085006 -6.48858
-7.45991 1.36273 -3.07658 -15.6434
-0.778279 -0.71737 1.15892 -0.976188
6.42892 0.064546 0.629779 6.48076
3.80223 -3.17711 1.71251 2.09141
1.35556 -1.23205 1.08177 1.05318
0.907127 -1.31779 1.12546 0.307153
1.26438 2.50701 -3.36083 0.574842
-0.748335 0.937056 -1.09446 -0.977688
-0.586539 -0.894786 1.35984 -0.958315
-2.78215 1.82757 -1.87728 -1.93472
0.649339 0.855764 -0.960418 0.737785
1.91917 -1.63117 0.969348 0.833062
-9.52639 8.91375 -7.13947 -11.587
6.87162 -10.7368 7.4205 12.3165
0.261044 -1.72964 1.41454 1.83177
0.322718 -1.63448 2.11007 1.33817
-1.09272 -0.729639 2.05461 -1.83237
0.344445 -1.02446 2.43856 0.505857
-1.92541 0.485253 -1.04748 -2.91924
-0.790048 0.755855 -1.41985 -2.73224
2.23556 1.40831 -1.17744 0.877754
3.43698 3.25243 -4.22711 3.3862
0.709627 -0.995228 1.29928 0.865439
1.12972 -1.027 0.782458 0.890825
-0.338514 1.15314 -1.10301 -0.655993
-0.810121 0.786823 -0.758567 -1.33949
0.582118 -1.12098 1.29883 0.657533
-0.250341 -1.21459 4.36974 -0.717358
-1.19995 0.78971 -0.679458 -1.7084
1.18309 3.57524 -17.3629 6.06457
-0.87432 0.809945 -0.904321 -0.722779
-1.29409 0.40479 -0.571312 -1.51269
1.09411 -0.627003 1.01544 1.25286
-0.744539 0.937478 -0.852226 -0.834708
-0.625814 -0.910148 1.52881 -0.764389
2.79999 -2.60847 2.05955 1.74121
-16.1787 -14.4969 23.229 -16.7718
-1.63359 -3.3415 2.08888 -3.10758
1.59308 -0.05606 0.652057 2.879
-2.49889 -5.10311 4.16031 -2.1387
1.68443 -2.35279 2.71246 1.25751
-1.02364 0.614272 -0.823566 -1.08913
2.89169 -2.49242 3.17435 2.70924
0.116185 1.09824 -1.76558 0.672592
0.100152 1.30655 -1.74162 0.790946
-1.1 -0.475718 0.301914 -1.43317
-0.137555 1.38196 -1.12243 -0.148565
-4.20912 2.03487 -0.432589 -3.71314
1.53225 -1.33801 1.09202 0.894428
0.817829 -0.771664 0.999009 0.762774
0.300731 -1.1529 1.23428 0.77439
1.326 -0.885114 2.31083 0.635438
1.26162 1.72272 -2.6737 1.16795
-5.77821 -8.13295 8.72291 -9.28228
-0.974321 -0.563469 0.802067 -1.24014
-1.16077 -0.214388 0.738375 -1.3754
1.30709 -1.66996 1.81667 1.80675
0.925506 -0.523808 0.87618 1.33463
1.31863 -1.03938 0.883084 0.830668
0.479374 0.973654 -1.42524 0.454088
-0.379157 1.05899 -2.22228 -0.495048
-0.598888 -0.962398 2.35008 -0.842778
-1.04691 0.900463 -0.972654 -1.00445
-1.13666 -0.240337 0.582987 -1.21159
-1.56079 1.30154 -1.01098 -0.881205
1.20563 0.619864 -2.20829 1.95113
0.865129 1.37137 -1.1192 0.755924
-0.549273 -1.208 1.98835 -1.11935
-1.17587 0.943717 -1.0986 -0.901845
-0.832335 -0.836347 0.882682 -0.791931
1.41313 1.20151 -1.51634 1.27251
-2.6901 2.08606 -1.04235 -1.45353
1.10264 -0.64595 2.07246 1.30773
1.31639 -0.710957 0.80608 1.00116
2.45831 6.27906 -5.00854 2.62894
1.19905 -1.07894 0.939829 0.767627
1.93456 -5.88548 5.37458 3.41675
-2.75174 -0.99248 1.39487 -2.73911
-0.894992 0.73091 -1.0873 -1.06986
0.725938 1.32973 -1.20226 2.18748
-2.9539 -3.11792 4.04881 -3.90488
-0.959089 1.04145 -0.961116 -0.875474
0.132328 1.22973 -1.26051 0.576347
-4.61041 0.797883 -0.836226 -4.60714
-0.830227 0.686817 -0.886404 -0.956189
3.42635 -4.25911 5.85379 0.658256
-0.973403 0.687662 -2.27876 -1.74959
1.8293 -0.869014 1.24117 3.65745
-0.085919 -1.49991 1.85872 -0.859509
-1.05672 0.399499 -0.676184 -1.39129
-1.21079 0.352978 -0.132276 -1.89068
-0.987244 -0.698659 1.54634 -1.25074
-0.72191 -1.06627 3.26812 -1.70805
-0.501812 -3.12788 7.81582 -6.04703
0.858523 -0.66263 0.833015 0.925186
0.841844 -0.766535 1.41933 1.14503
-1.23564 1.01958 -0.796499 -1.17834
3.50054 -4.51397 11.807 10.1277
0.53511 -0.970303 1.00113 0.448288
-0.581474 -1.08602 1.76255 -1.00603
0.287963 1.06484 -1.2935 0.697618
1.26667 -0.780963 1.97774 0.767149
18.372 7.0067 -26.5811 24.6079
-3.29262 4.82057 -12.7662 -11.2601
-1.39716 -0.43708 -0.415688 -1.61893
-2.88531 1.36562 -3.92237 -3.21958
2.54848 -0.849526 1.3449 3.794
1.58274 -1.47212 0.954611 3.02211
0.207086 1.29073 -5.20922 2.13151
-1.22467 0.407242 -0.555969 -1.94569
-1.53633 1.35733 -1.14414 -1.10366
1.27844 -1.63208 1.78756 1.55732
0.726721 0.7616 -1.45144 1.17729
0.688273 1.03754 -1.67722 0.276767
1.86673 -1.47407 2.09218 1.23302
-0.526443 -0.953013 1.23571 -0.456546
-1.86146 1.53982 -1.36834 -1.04303
-0.712361 -1.08924 1.06361 -1.07674
8.08799 -1.19079 0.723815 6.1801
1.12324 0.47498 -1.01218 1.17781
-0.497183 -1.01799 1.76621 -1.05376
-0.079439 -2.66977 3.71561 -0.307966
0.936233 -0.531357 0.531357 0.936233
-2.27102 1.88918 -1.07014 -0.746125
-0.862965 0.737348 -1.26568 -1.31384
-6.28238 -2.12923 0.596279 -7.16072
-0.467844 0.963185 -0.963185 -0.467844
1.07777 -0.16231 0.230109 1.17905
1.26167 -0.7593 0.643199 1.10402
-1.35184 -1.06255 2.27767 -0.395106
0.753668 1.10136 -0.939106 0.52788
-5.01839 -5.24287 1.34516 -9.46267
2.00736 -1.11528 0.835501 2.28818
0.588396 0.949824 -1.44742 0.788881
-1.08412 1.26378 -1.21518 -1.03971
-1.11277 -0.461021 0.577216 -1.00136
1.38146 -1.12348 0.921949 0.698846
-0.308162 1.06138 -1.05539 -0.420716
9.39691 20.1174 -20.7969 5.02424
0.273727 -1.23648 1.47212 -0.320211
0.227592 1.11711 -1.50895 0.797583
-1.09971 -0.460926 1.18094 -1.28731
-0.988969 0.311942 -0.395112 -1.05393
1.49316 0.978247 -1.65902 1.65928
1.33865 2.44845 -2.87205 1.61361
-1.01886 -0.261623 0.378697 -1.5217
-0.506556 -1.06853 0.938019 -0.543053
-0.846481 -1.33039 1.2295 -0.439164
0.162549 -1.12927 1.13853 -0.035081
-0.88214 0.582443 -1.11164 -1.70128
1.32273 0.404036 1.01613 3.00666
4.50219 -3.29854 7.34846 6.02718
-1.46228 1.14634 -1.17923 -0.763029
-0.28211 1.08252 -2.63559 0.091396
-1.2945 1.0189 -0.968788 -0.678671
1.21723 0.157198 0.485653 2.56839
-0.451829 1.46539 -2.07506 0.920746
-0.846182 0.663151 -0.94534 -1.00273
7.9537 -1.27433 0.590285 5.97683
1.1911 -1.09473 1.32599 0.580597
1.54358 -0.156366 1.4645 4.37293
-1.14453 0.965942 -1.0745 -1.00489
2.40453 -2.26478 2.15149 1.86709
0.771207 1.16083 -1.22746 0.339749
-2.41875 1.19605 -1.65014 -4.10491
-0.450698 -1.06998 1.8097 -0.144552
0.403945 0.972462 -2.31607 1.13181
-2.11564 -3.73087 1.95717 -0.003983
1.09174 2.07894 -3.82123 2.49662
1.05202 -1.30687 1.54878 1.3379
0.636871 -2.50502 3.47873 0.558984
-1.48419 -5.09156 5.76221 -2.3501
-1.30592 -0.308569 0.890985 -2.75281
-1.01912 0.517096 -0.763307 -1.05314
-22.4927 -61.9127 75.3097 -23.0628
1.26407 -0.763972 0.067065 1.50368
1.07514 -0.782792 1.06842 0.775382
-4.5019 2.47574 -2.10926 -4.22934
-1.26516 1.11688 -1.17844 -0.867962
0.88737 -0.916831 0.823795 0.734245
6.50735 -9.96827 10.3777 7.52009
0.222714 1.19164 -1.35169 0.747158
1.33607 -1.37763 1.14137 0.464402
-0.593298 0.878983 -1.01767 -0.690269
-0.400194 -1.02705 1.4449 -0.521206
2.87679 -0.809123 1.51811 3.50476
0.150714 1.44195 -2.19133 0.297128
0.658311 -0.87525 0.930597 0.688684
-0.614739 0.930796 -1.25753 -0.792737
0.258813 1.26172 -1.25036 -0.056539
-1.39277 0.305773 -0.522519 -1.68738
1.94176 0.411824 2.15175 3.97505
-7.07058 3.2091 -4.59864 -9.23818
-0.214313 -1.12172 1.18858 -0.523272
-1.76117 -1.24365 2.01078 -1.95936
0.218146 -1.26153 1.30777 0.492443
0.685523 1.69106 -2.07476 0.405547
0.292563 1.09392 -1.2502 0.183785
-4.38709 2.22174 -3.36547 -4.7673
-1.73295 1.64822 -1.29084 -0.899147
-1.48088 0.382731 -0.320188 -2.61525
-1.24321 1.00773 -0.95497 -1.02963
0.928231 -1.0906 1.3044 1.17691
-26.5821 11.164 -13.1321 -33.1966
-1.06876 0.254217 -0.771851 -1.90872
-29.0367 2.57091 -10.4153 -23.1547
-1.63359 -3.3415 2.08888 -3.10758
11.1735 16.9155 -19.8059 11.6246
0.89423 0.606003 -1.30304 1.21416
-0.831293 -1.25636 1.75096 -0.67381
-0.179246 -1.12194 2.06634 0.01844
-1.12831 -0.105341 0.368519 -2.08192
0.985483 -0.985709 1.0062 0.810251
-1.22594 -1.3288 1.23625 -1.20194
5.24686 -6.24717 5.81777 7.39771
-0.804656 -1.11986 1.21907 -1.61451
-0.48239 -1.02723 1.19003 -0.443852
0.984576 -1.17714 0.606619 1.47655
5.85583 1.70646 -2.48172 5.72868
1.0939 -0.189286 1.26817 2.39759
1.00027 -0.39739 0.517668 1.13666
-1.08303 0.778574 -1.19626 -1.03367
0.082487 -2.06439 2.42355 -0.490931
1.05775 -0.261494 1.53615 2.87439
0.475984 2.3388 -1.58085 0.336052
-1.49858 2.88653 -2.44556 -4.6941
0.605845 1.43784 -1.43052 1.3833
1.27806 0.241704 -1.05342 1.36648
1.18167 3.16946 -2.83367 0.787895
3.27461 -3.05709 4.61042 4.19059
1.24165 0.32192 -1.04128 1.39922
-2.61753 2.77333 -3.46402 -0.751027
1.77302 -1.05814 1.39797 1.96456
7.24574 17.593 -13.5918 7.81429
-1.11992 0.348676 -0.890241 -1.68532
0.557371 0.952066 -3.04134 2.85032
-0.386004 -1.08341 1.4786 -1.09222
0.291798 1.04401 -1.33743 0.332034
-1.30471 0.724136 -1.23954 -0.98202
1.1829 1.99085 -2.24238 1.25304
-0.10635 1.59712 -1.70131 0.483086
-1.68044 -2.06287 2.08794 -1.86123
-1.15236 1.29586 -2.19392 -1.69499
0.797009 0.906151 -1.95183 1.90928
-7.88208 2.69173 -4.23387 -16.5553
0.738682 -0.766478 0.766478 0.738682
-0.860798 0.631203 -0.79282 -1.13156
-1.06922 0.324789 -0.247776 -1.09547
-1.11309 -0.512454 1.49832 -1.2817
-2.39152 -0.698312 0.034906 -2.5012
0.259352 -1.95973 2.28641 -0.353311
-1.0748 0.794233 -1.12647 -0.782409
0.366334 1.1154 -1.44682 0.665543
0.923927 0.736689 -1.15433 3.66624
0.92765 1.87558 -2.90301 1.67544
0.120715 -1.11248 3.38468 0.459914
3.52396 -4.05809 5.25937 4.1762
-1.22627 -1.97061 4.6842 -2.1945
0.048181 1.32171 -1.41534 0.220134
0.748432 -0.954679 2.22484 4.79948
-1.22991 0.339097 -0.708164 -1.23445
0.313439 -1.37934 3.11228 2.24568
-1.04883 0.907539 -1.0327 -1.02665
-0.473081 1.00225 -2.26337 -1.11138
-0.724795 -1.04843 1.74253 -0.3757
-1.82549 1.04074 -1.79867 -4.71268
0.054393 -1.48104 1.38346 -0.400126
0.663133 0.874723 -1.70133 0.830648
1.24197 -0.274824 1.54885 5.23699
-0.82291 -1.17234 1.26427 -0.299251
3.54387 2.36245 -4.19575 4.02896
12.0746 -0.657598 0.739382 10.9629
2.76915 -2.05553 1.61569 1.28533
1.77514 0.124466 0.365957 2.47315
-0.690461 -1.26225 3.45047 0.450718
0.97704 -0.877642 0.929078 0.925758
1.16816 0.971652 -0.694278 2.00879
1.52961 1.48221 -1.74941 1.40206
-0.84452 -1.112 1.83473 -0.694825
0.920391 0.745337 -1.39476 1.30132
-0.954527 -0.553327 0.703374 -0.984448
0.876736 -0.711735 1.05633 1.26021
-0.574432 -1.01164 1.48762 -0.466813
1.03949 1.78437 -2.08873 1.16096
-0.854228 -0.620582 1.41576 -1.32219
0.443686 1.12541 -1.12541 0.443686
-1.52872 1.0333 -0.276479 -1.70681
-0.848466 0.788329 -0.860099 -1.52597
-1.0461 0.485048 -1.50038 -1.80077
-1.50534 2.26506 -3.29395 -9.73973
-0.178865 -1.09026 1.60144 -0.62629
-0.378355 -1.00502 1.00502 -0.378355
-0.46756 -0.974499 1.40562 -0.83151
0.181171 1.64293 -2.05312 0.190187
-2.15951 -0.168329 -0.382449 -1.40848
4.91937 15.6138 -19.6331 1.89328
-5.51682 3.04151 -2.94476 -5.5144
0.56483 0.941914 -1.17446 0.495915
-0.404934 -1.13357 0.994386 -0.42349
1.02482 2.32542 -4.29576 1.61603
-1.15507 0.123264 -0.666856 -1.6472
0.509751 1.03868 -1.12588 0.819117
-2.03697 1.89752 -1.86718 -0.757362
-0.770849 -0.710017 1.27015 -1.16574
-0.525098 -0.935094 2.91735 -1.37083
-1.15911 -1.21898 2.6368 -1.17739
-12.2463 10.8473 -10.2301 -21.5718
1.26021 -0.04668 1.23826 3.80216
-0.246667 1.0419 -1.0419 -0.246667
1.16085 -0.463786 1.56365 3.20978
1.02503 -0.400819 1.15415 1.75229
-0.837979 0.624587 -1.01122 -1.36305
0.895714 2.41105 -2.18566 1.38145
1.42533 1.092 -0.601412 1.21804
-0.296181 -1.67987 2.59929 -0.153346
-1.42264 -1.24879 3.48452 -1.29847
-1.07821 0.84686 -0.908369 -1.06891
-1.38031 2.32544 -0.770734 -1.50516
0.119539 1.15374 -1.47408 0.062036
-2.32376 1.74543 -1.0825 -1.44512
-2.27993 0.421893 -1.56705 -1.12338
0.739864 0.90928 -2.75843 1.27458
2.48762 -0.462826 1.76115 5.79748
-2.34087 1.83459 -2.53892 -2.19796
0.881234 -0.6211 0.745077 1.0956
1.71097 -1.41792 2.58214 7.12798
-1.5675 1.12261 -1.84024 -2.32842
-0.416744 -0.953294 1.21252 -0.524741
-2.55344 0.858432 -0.858696 -3.54465
2.08411 -2.00864 2.56317 1.57482
0.3665 1.06301 -1.16475 0.727905
0.980045 -1.86691 5.10768 1.61069
0.654313 1.45719 -1.17786 0.374706
-1.09165 1.02013 -1.13206 -1.12109
1.08583 -0.35214 0.763933 1.21536
5.58327 0.619213 1.45263 11.0368
1.02137 -0.377207 1.68675 3.62253
3.13793 -2.8432 14.1412 11.5867
3.68084 3.41421 -4.10015 3.03651
1.57137 -2.98166 2.86454 1.8866
-1.0941 0.403618 -0.628995 -1.52267
-1.07992 0.31838 -0.779803 -1.56873
-0.3812 -0.985603 1.41152 -0.513762
-1.20153 0.549636 -0.676153 -0.995915
0.972095 -0.963668 0.71737 0.763555
-3.35065 1.36656 -2.67165 -3.06363
1.40323 -0.791936 0.519765 0.915714
1.44414 -1.39815 1.14676 0.672778
-0.599486 1.22837 -1.49484 -0.641159
-1.11716 -0.441751 0.227585 -1.34955
5.41012 -7.52467 9.32299 2.98272
1.04332 -0.537032 0.888648 1.11055
-1.17517 -0.940805 0.829244 -1.34724
-0.924324 0.540195 -1.18283 -1.86827
1.33866 0.766711 -1.57486 1.52974
0.964961 0.978856 -0.93647 0.892623
1.15279 0.701615 -1.19093 1.46128
0.644981 2.213 -1.80473 0.537404
-0.876712 -0.877483 0.995223 -0.907307
-9.16591 2.29704 -3.04191 -14.1577
2.91922 1.12051 -1.42439 1.98409
-1.13133 -0.920504 1.216 -0.808422
1.16182 -0.507167 1.31441 3.7267
-0.842839 -1.79585 2.10525 0.085174
2.02397 -0.235446 1.5595 3.46359
1.63268 9.25807 -8.28099 0.355228
1.25511 0.309357 -1.15502 1.35306
-2.62148 2.79155 -11.6515 -11.3094
2.12736 -1.85223 0.991226 0.901151
2.16401 0.30823 1.25905 4.42038
-2.38838 -0.725392 1.13573 -1.70147
-30.2851 12.441 -17.4449 -26.7354
-2.11127 0.107523 0.314735 -2.60265
-1.34317 1.4674 -1.81217 -2.21594
-1.16581 0.505237 -1.16108 -2.22479
0.671177 -0.872431 0.944616 0.710139
-0.931028 0.919689 -1.10548 -1.0666
-8.67011 -7.97502 8.8275 -10.1162
0.905624 -0.544134 0.745756 1.18162
2.49455 -0.097163 -0.821973 2.30744
-9.71574 2.55638 -3.23972 -15.2425
-5.16036 2.53992 -3.85473 -4.63738
0.935102 -4.57426 7.11443 0.993695
1.17417 2.05647 -1.6468 2.87869
0.714765 1.45185 -1.54309 0.745424
-1.14 0.713217 -1.39448 -1.2132
1.07566 -1.07572 1.05277 0.942397
1.56196 0.218424 -1.08353 1.6936
1.40402 0.580831 -1.32049 1.00172
-2.30682 -0.432399 -0.018409 -1.94068
1.1636 0.663316 -1.416 0.880624
-1.37793 -0.608095 1.75481 -1.54963
-1.04522 0.273969 -0.26766 -1.36994
-1.53861 0.827883 -1.19313 -1.34291
0.864834 -1.056 1.25951 1.39549
-0.936917 -0.583889 1.20454 -1.24224
-2.27959 -4.86693 6.93082 -1.26688
1.18571 -0.378224 1.33094 1.69505
-0.883532 -155.869 260.756 -0.44676
-0.225027 -2.63866 3.85608 -1.68949
0.256718 1.96257 -2.39575 0.643009
1.12578 -0.921304 0.783597 0.760559
-0.524458 -0.969965 1.51623 -0.475509
-1.80064 1.82871 -3.28927 -7.66147
-0.776705 -0.732162 1.22781 -1.02669
-1.16185 -0.164934 -0.105172 -1.3255
-1.24557 0.932311 -0.884763 -0.868188
-0.469671 -0.931839 1.03959 -0.551732
-0.60016 -0.981067 1.44437 -0.88151
-0.978574 -1.74001 1.60066 -0.460795
-0.762883 -0.816876 0.887477 -0.729373
3.24946 -1.12215 5.42199 5.72742
1.15975 -0.10283 0.842099 2.80269
-2.61551 0.852454 -2.91748 -2.58574
1.62646 -1.44714 1.14763 1.24582
1.33456 0.740632 -1.63506 1.53084
3.71903 -2.54839 3.33278 1.52331
0.288744 1.13004 -1.13004 0.288744
8.36117 -6.10378 9.10749 5.55082
-1.03799 0.644122 -1.01812 -0.878904
1.12584 -0.952868 1.55328 1.07638
-76.048 58.1761 -65.073 -55.5753
-0.673253 -0.89643 1.23108 -0.748379
2.24466 -0.138153 -0.506396 1.98653
1.34457 -0.684916 0.386986 0.997945
-10.8767 -28.7158 33.2146 -6.70529
1.69389 -1.32896 1.19717 1.15336
-1.63242 1.34984 -1.62594 -1.61457
0.983591 -0.923266 0.599501 0.937513
-6.76969 4.30913 -5.041 -8.2018
-2.69377 2.09772 -2.79819 -2.67443
-0.325494 1.89603 -2.10323 -2.027
0.03093 1.11043 -1.93968 0.241537
-0.003202 1.09411 -2.40879 0.487816
1.06645 1.42146 -2.95286 1.49114
2.57032 0.211655 3.14887 11.5644
33.5012 -31.0494 39.0381 20.6853
0.853379 1.21773 -1.0541 0.47706
0.211969 1.10761 -1.58175 0.855413
-1.15118 0.265794 -0.825655 -2.24547
-1.12757 0.009314 0.202017 -1.62621
7.33152 12.4536 -6.96648 10.5775
-1.03985 0.880546 -0.803221 -0.87956
2.34233 -2.04574 1.6535 1.076
-0.311257 1.35433 -1.40669 0.279524
-1.56491 -0.375504 1.16764 -3.1371
-1.05603 0.819088 -0.879381 -0.737264
-2.5871 3.29045 -14.2523 -11.4677
0.505578 3.02435 -2.29098 0.582007
-0.821341 -0.823724 1.46312 -1.37053
1.0524 0.919212 -1.24744 0.852736
-5.49712 -5.82781 4.45982 -2.53608
-4.10187 6.36793 -10.0749 -0.782686
-0.752321 -0.761781 0.761781 -0.752321
-1.84868 -3.14406 1.26661 0.040641
-0.736343 2.02661 -1.61547 -0.85211
-1.72367 0.269017 -1.11378 -1.11472
0.26742 1.11176 -1.62357 0.767258
-1.05147 -0.152238 0.101723 -1.19988
-1.39497 0.285905 0.181883 -1.28564
1.04632 -4.11793 5.39512 1.44476
-0.71592 -1.31491 2.07656 -0.662225
-5.08299 -3.54403 5.02537 -4.54106
0.674299 2.91037 -6.58924 6.10907
-1.3218 -0.97846 2.5945 -1.5769
-0.431382 -1.05949 1.5067 -0.917664
1.43958 0.184171 0.390156 1.87296
-0.715628 -1.11362 1.0327 -0.433582
1.05096 -0.97372 0.871658 0.851237
1.27158 -0.022782 -0.339285 1.20952
-1.22078 -0.650393 0.215761 -1.97349
-1.31824 1.08181 -0.760404 -0.841657
0.130777 -1.04948 1.32048 0.128361
-9.31379 9.30833 -9.5521 -7.96933
1.5317 -1.45555 1.45455 0.765398
1.08642 -0.438214 0.254593 2.574
1.37413 0.03346 0.236544 1.31068
1.29355 0.086377 1.2513 4.11207
-1.24281 0.437468 -0.550955 -1.00136
-0.718373 1.54327 -1.39355 0.132278
-1.17092 0.950876 -0.700799 -0.776248
-0.063828 -1.22151 1.4351 0.332153
0.710675 0.823379 -0.823379 0.710675
-1.74253 1.42239 -1.10401 -0.830071
1.34042 0.627333 -0.123296 1.35108
-0.795915 0.764846 -0.803883 -0.764592
0.50424 0.994437 -1.17284 0.906033
-1.2559 0.651595 -0.943779 -1.57112
-3.73712 2.46576 -1.7316 -2.40398
0.152915 -1.4559 1.39195 -0.224408
0.392978 -2.03573 4.1044 2.84768
1.23585 -0.759004 1.27868 0.79281
1.5596 -1.44194 1.34474 1.06655
1.12917 -0.24856 1.74234 3.26064
-0.244797 -1.09272 1.66498 -0.673572
3.13305 3.29877 -5.60626 2.09206
-0.485022 -1.01838 1.50277 -0.956555
-2.26022 1.65433 0.181539 -2.60179
-1.13212 -0.955107 1.21385 -0.767138
-1.40576 -1.42264 2.87726 -2.48005
-36.3684 30.0105 -35.1083 -27.8637
1.11737 -1.19152 0.83753 0.780637
-1.43478 1.30796 -1.19388 -0.441127
3.68604 10.1842 -11.2296 1.29423
-1.06132 0.549942 -0.367164 -2.04109
1.68566 -1.61573 1.38588 1.47418
-0.963887 0.635548 -0.760361 -0.997335
1.07636 -0.471624 0.480066 1.24967
-0.554264 1.206 -2.27843 0.18641
2.12432 -0.232259 2.07494 3.15059
-0.828607 0.913326 -0.896963 -0.629566
-0.570382 -1.96658 2.4049 -0.510509
-0.986426 0.715339 -0.881767 -0.787562
-0.764835 -0.816964 3.2412 -1.57738
1.46386 -0.294494 0.30277 1.40042
0.450331 2.31259 -2.02765 0.252169
-1.59267 0.14268 -0.52848 -1.63521
0.043566 1.30266 -1.22329 0.562112
-1.26986 -0.556908 1.23021 -1.28093
-0.609342 -0.94996 1.11313 -0.4643
1.07531 0.035544 -0.100907 1.11752
0.768489 0.800928 -1.04103 1.30635
0.997753 0.615041 -0.911176 2.96833
-1.60656 -0.140273 -1.32981 -2.61875
-1.09046 -3.04603 6.46043 -2.35993
1.89462 -1.01358 -0.329941 2.56679
0.932248 -0.488063 0.85592 1.48861
0.746247 0.814251 -0.814251 0.746247
1.89525 -0.096448 0.900534 3.19875
-1.01078 -0.505806 1.01061 -1.18121
1.41441 -1.42618 1.47771 1.18103
-1.34423 0.668795 -0.741541 -1.05098
0.613091 1.61456 -1.32118 0.439219
1.05076 1.08856 -1.19561 1.15651
-1.08576 0.356154 -0.449187 -1.06385
-1.85069 1.60778 -1.09741 -1.18558
-1.81626 1.10924 -3.22015 -1.66996
1.14126 0.202703 -0.957943 1.52288
-1.15749 0.584332 -0.314048 -1.04034
-0.34695 -1.07427 1.08903 -0.461533
2.86588 2.74845 -4.19304 2.67815
-1.87301 5.28435 -8.62601 -0.485014
-1.30861 1.21894 -1.53087 -1.48464
0.526502 -1.21089 1.45358 1.40897
-0.504219 -0.977809 3.68181 -1.62217
-0.153698 1.49788 -2.09135 0.395934
-1.62874 1.14645 -0.753914 -1.01986
1.08763 -0.926223 1.03579 1.14903
1.3227 -1.68923 1.80265 1.73967
1.15229 0.057056 -0.361757 1.23645
0.047534 -1.30352 1.30352 0.047534
-1.90636 0.661842 -0.969694 -2.06003
0.762913 -1.05746 0.788712 1.02613
-2.33505 -3.21816 6.36822 -2.8665
-0.653813 -1.0408 1.15731 -0.422967
1.87689 -1.50128 0.883336 0.820857
0.334188 -2.31616 1.23804 -0.608132
-4.81854 -4.50462 3.03698 -2.56886
1.19562 1.04036 -1.23775 1.057
1.36664 0.108478 -0.973117 1.39228
1.68605 -0.505005 -0.384972 1.34569
-0.977179 0.72615 -0.715147 -0.813455
-0.556476 -0.960412 2.23519 -0.641486
-0.799128 0.696054 -1.41565 -1.2634
0.993245 -1.02591 0.840582 0.665392
-4.45666 -3.47401 15.5099 -11.7137
8.6695 -19.4575 18.0799 9.99914
0.765369 -0.816287 0.92653 0.673487
-4.21854 -3.39287 5.54568 -5.55131
-1.24514 0.959725 -0.743491 -0.874455
-1.7126 1.43845 -1.12192 -0.915462
1.78402 -1.66934 1.78531 1.23446
2.9415 5.09951 -8.7243 3.23418
-0.373735 1.00893 -1.52305 -0.518219
-9.2983 -12.4605 10.0325 -10.9355
2.19065 0.516709 -1.03004 2.04375
-0.7866 0.768213 -0.75951 -0.758184
3.07372 0.651406 3.24918 12.0531
-1.48852 1.21319 -0.815683 -0.909008
1.23946 -0.208652 0.76115 2.61007
1.66061 -1.50454 1.55267 1.09138
0.949854 0.525666 -0.615321 1.16
-1.10729 -1.15969 1.95471 -2.60613
-1.21291 0.195273 -0.711825 -1.65111
0.6636 -0.869529 1.36952 1.54996
-4.03409 -4.50878 17.7927 -13.5245
-10.3904 8.64374 -6.24869 -8.33451
-0.944718 -1.08694 2.772 -1.4345
-1.52628 1.08622 -1.26137 -1.27408
1.15676 0.873764 -0.744766 0.899604
1.25444 -1.49242 1.16016 0.668603
-0.484469 -0.952494 1.47545 -0.563471
0.138202 -1.30445 1.77923 -0.559516
1.28063 -0.53448 1.39581 2.54761
-0.669236 -0.792052 0.935309 -0.805693
0.771305 -0.981421 2.0934 0.532341
-0.434207 -1.01637 1.98674 -0.643537
0.582141 0.999126 -3.43859 1.77909
-0.331492 -1.04831 1.67316 -0.909677
0.55889 1.65404 -3.10623 1.22523
7.23507 8.87511 -9.40339 7.59204
-3.30565 -0.721233 1.88322 -2.50673
-21.2732 -17.3056 24.035 -17.4743
-1.93933 2.02874 -5.46317 -4.79414
1.38756 -0.956185 0.740436 0.785269
-0.198235 1.5184 -1.80641 -0.831878
0.552677 -1.00311 1.20215 1.04581
-0.645465 -0.851585 1.63775 -0.996084
-3.62217 -7.95328 6.98338 -3.67584
-1.00241 0.414123 -1.0717 -1.79387
-2.03924 -1.55433 3.07877 -0.132379
-0.357111 1.70484 -2.26203 -2.69056
-1.05897 -0.666542 0.714153 -0.970255
-0.598802 0.938235 -1.53833 -0.762587
1.25449 -1.0109 0.929951 0.8314
0.667556 -1.49831 1.44498 0.526844
1.35112 -1.28684 1.26776 0.84899
-1.17048 0.271723 -0.8621 -1.29069
1.77319 -2.12938 2.15531 1.55613
-0.527247 -1.04953 1.49786 -0.617513
-2.81506 1.48712 -3.34159 -5.06158
-3.08498 -5.97616 3.49956 -1.84267
1.87726 -0.536816 1.99202 3.24582
1.45044 -2.41959 9.82681 9.47298
0.32356 -1.19962 3.32151 0.142591
-1.29014 0.776269 -1.099 -0.813894
-0.879549 -0.824738 1.21901 -1.03032
3.59783 7.23619 -9.65308 3.72769
0.572535 0.953816 -1.6623 0.636263
0.745524 -0.951761 1.88557 1.41918
1.43516 -0.621063 1.12385 1.80569
1.01096 -0.362608 0.953519 3.05515
-1.36015 -1.25594 7.29398 -3.52017
0.638266 1.34518 -1.83643 0.01913
0.621882 1.83762 -0.935128 1.04481
-0.169056 -1.68312 1.89872 -0.314908
-0.873716 0.638606 -0.856726 -1.11896
-1.47166 0.925746 -1.15758 -0.829932
-0.240529 -1.03497 1.6233 -0.351618
1.81735 0.191754 1.19187 1.79466
-0.46904 -0.98225 1.67941 -0.583473
0.844278 0.706539 -0.972831 0.965698
-0.153316 -1.99251 2.44565 0.048749
0.944455 0.974876 -1.52329 1.96204
-2.3746 -4.25175 4.18863 -2.52756
0.719234 -0.855565 0.872465 0.645796
-1.42072 0.904676 -1.13722 -0.810416
-0.225756 1.34273 -1.16906 -0.533363
2.31099 -3.09104 11.717 11.2313
-0.158078 1.13102 -1.93795 -0.676486
-0.986701 -1.63037 5.09022 -2.35173
1.11792 -0.623178 1.58468 2.11907
-0.545257 -0.893918 1.81589 -1.03179
-0.075678 1.50783 -1.60511 0.517487
-2.12385 0.842188 -1.01407 -3.29455
-1.18456 0.458237 -0.620831 -1.25774
0.373035 1.05738 -1.16588 0.754391
1.11663 -1.66919 1.64518 0.340513
0.674392 0.823218 -1.1891 1.36697
-1.31157 0.180146 0.120618 -1.12238
-1.30903 -0.239113 0.871781 -1.21398
1.30297 -1.43298 1.51915 0.972416
5.36701 3.28805 -6.0175 6.45197
-2.07471 0.961575 -1.74789 -4.96805
1.91445 -0.373076 3.02962 8.75978
-1.13487 -0.917882 1.79045 -1.39233
0.625583 -1.08547 1.10093 1.39133
-3.7346 5.13784 -4.49727 -9.96037
-0.130317 -1.21223 1.75897 -0.866515
-0.215409 1.12443 -1.05889 -0.244494
-1.33289 -0.194983 0.697532 -1.52314
-2.9276 0.377275 -0.294035 -1.64516
4.06699 -3.50321 2.84374 2.41282
0.661413 0.866565 -1.32665 0.770592
-0.525651 -1.08265 1.50493 -0.924422
4.51041 2.88948 -3.71041 4.59194
2.03211 -1.49059 1.27457 1.23451
-2.44851 2.0299 -3.74523 -8.61282
-5.57474 3.92046 -6.09291 -12.8734
-1.14083 1.00013 -0.629161 -0.846116
1.10184 -0.392014 0.33074 1.02002
-2.31702 1.83755 -1.96636 -1.26733
-2.50255 1.89938 -0.67159 -1.42039
-6.52048 -4.58389 5.75446 -6.28791
1.64956 -0.803009 0.356067 1.16606
-3.38618 2.68627 -1.54562 -1.72387
-1.29163 1.13742 -1.23093 -1.16351
-1.42761 -1.02491 2.67074 -0.710963
-0.713451 -0.799582 1.51582 -1.41401
-1.24565 0.156422 -0.567536 -1.45843
-1.1292 -1.28216 3.14606 0.24925
5.39847 6.56897 -8.43476 3.28189
0.045826 -1.15007 1.89674 -0.425342
-1.10263 -0.697329 0.888661 -1.14417
-1.14532 0.389266 -0.975166 -1.61703
-1.39111 -2.69254 2.53137 -1.02996
2.92006 0.451095 2.91441 10.5429
3.30563 -2.89176 1.17875 0.99314
-0.755237 -0.871755 0.871755 -0.755237
-1.31354 -0.182825 0.307617 -1.34917
-1.72665 1.45424 -1.43697 -1.43988
8.26436 -8.31208 9.5492 8.60643
0.30425 1.22087 -1.5404 0.155784
0.439318 1.47736 -1.0757 1.13528
-0.841984 -0.83996 1.44298 -1.17074
-0.260467 -1.06637 1.04816 -0.33611
-6.43087 0.802273 -1.19829 -6.95765
0.762615 -0.730228 0.949402 0.966668
-0.755197 -1.03133 1.70204 -0.363733
-1.2588 0.861397 -0.738773 -2.21398
1.31776 0.300631 -1.18435 1.46871
-1.44678 1.56227 -1.41596 -1.57678
1.20703 0.928639 -1.1046 0.717412
0.7629 1.05335 -1.01943 0.516675
-0.658086 -0.829581 1.1807 -1.05644
-1.94472 -0.411496 1.6743 -2.55884
0.050184 -1.67853 2.56792 -0.94379
-0.885097 -1.33779 1.29023 -0.897571
-1.18161 1.04731 -0.833559 -0.831174
-0.558937 -0.912034 1.60586 -1.26421
3.03959 -0.276307 0.919908 4.16231
0.008195 1.37984 -1.67693 0.531217
0.792226 1.46765 -0.878236 0.765357
-1.43371 0.068174 -0.730835 -1.30222
-0.386855 -1.11526 1.42593 -0.50179
0.718941 2.36318 -2.73361 0.566607
-1.15402 -0.100805 0.451927 -1.425
-0.723194 1.0047 -0.967092 -0.518455
-0.880455 0.802078 -0.835263 -0.685461
-1.04931 -1.5795 6.87195 -3.23307
1.81814 4.37242 -4.52975 3.34897
-0.408421 1.28736 -1.86109 -0.368586
-0.979513 0.436158 -0.94186 -2.0426
0.782263 0.73049 -0.822602 0.780278
0.652129 0.798722 -1.04009 0.915929
1.20187 -0.331892 1.3986 1.56233
-1.36258 -0.422395 0.604391 -1.32024
1.54453 -1.10384 0.800635 1.1398
-14.1256 -12.592 29.6607 -21.6071
1.32765 0.690102 -1.91414 1.8817
2.12977 -2.05327 2.50351 1.89385
0.726162 2.23669 -5.40925 1.25607
1.33466 0.531278 -1.19743 1.48577
1.26487 -1.62152 2.19942 1.7196
-0.864628 -1.20826 3.65049 -1.74782
1.08767 -0.99859 1.06781 1.15277
0.118076 1.46041 -1.9805 0.702625
7.87722 1.91518 -2.53875 8.00037
1.08096 -0.749542 0.226962 1.53277
0.94905 -0.525913 0.525913 0.94905
-0.967361 0.674843 -1.45286 -1.76525
0.368908 -1.04943 4.53492 0.468593
-0.223058 -1.14732 2.63068 0.494639
1.06029 0.929897 -1.27863 1.07557
-2.32249 0.403821 -0.605701 -2.44977
0.835419 -2.59663 3.01026 1.06683
1.07577 -0.259922 1.3612 3.94
-1.90373 1.40929 -0.960336 -1.10541
-1.44758 1.43415 -1.0108 -0.661748
-0.231547 -2.81202 12.6924 -3.72424
-2.38633 2.23101 -2.08473 -1.90296
-0.760816 0.797469 -1.95413 -1.753
-1.09669 -1.08956 3.5324 -1.457
2.33939 -1.51087 8.40807 8.25463
-1.07125 0.960689 -1.0376 -0.903377
0.553416 1.90454 -2.61098 1.2167
1.82007 -2.23376 3.51763 4.40493
2.39301 -2.47933 2.41686 1.40712
2.2124 -1.70143 1.00113 1.1348
-2.24317 1.8772 -1.48336 -1.46309
-1.44375 1.16997 -0.840657 -0.841036
-10.2187 0.612825 2.24828 -12.326
-25.4368 -19.87 22.6783 -14.5906
1.31183 -4.3295 8.48973 1.27257
1.04008 1.55997 -1.68807 0.700441
2.23728 -0.407956 -0.232786 1.92117
2.8734 -0.341544 0.664981 2.7014
-0.341658 -1.04061 3.46782 -1.82517
2.22485 0.917206 0.996524 2.8313
0.824239 0.991214 -1.30509 0.724758
-4.19169 -0.076178 -0.488475 -5.21983
-1.37178 0.453425 -0.662348 -1.14691
3.39513 2.70481 -2.41211 3.41399
-1.46192 -1.1893 0.793446 -1.76404
-0.995241 0.384526 -0.386079 -1.04738
1.46988 -0.628769 0.710791 2.20957
-6.97508 -1.9782 -0.304862 -7.04227
1.60052 2.38704 -2.18357 2.35437
-0.894084 -1.68651 1.75176 -0.721391
4.54878 1.52501 -1.57858 4.70534
-0.562531 -1.02427 1.02427 -0.562531
-0.533519 -0.93645 2.28116 -0.769701
1.58214 -1.27766 0.929249 0.717152
0.568561 1.9489 -1.57134 -0.440481
-0.824547 1.13871 -1.19024 -1.04292
1.49751 -0.12532 0.206232 1.17239
-2.44055 1.7893 -3.57092 -8.29924
0.261499 -1.02342 1.02342 0.261499
0.75266 0.846208 -1.4381 1.02144
-2.87899 1.21356 -0.457261 -2.10437
3.32904 -2.91581 2.85124 2.61426
0.97272 1.093 -1.91423 1.51497
5.7504 -4.04023 2.11201 2.91279
-0.111046 -1.03704 1.5527 -0.148583
0.643308 -3.17734 2.30552 0.825262
1.13252 2.00445 -1.83397 1.58672
1.0685 0.823024 -1.13245 0.752065
2.22853 2.06867 -0.63031 1.84992
0.682905 0.819845 -1.25564 0.989422
-0.81792 -1.03797 1.07363 -0.94554
0.916125 -0.547703 0.547703 0.916125
-0.840663 0.685978 -0.685978 -0.840663
0.659066 -0.90905 0.935174 1.08829
0.920538 1.74189 -1.30408 2.14282
1.46433 0.594966 -1.54845 2.29706
1.06066 0.127185 -0.239977 1.1401
19.2124 40.8989 -68.66 18.0373
-0.343243 -1.113 1.62612 -0.866587
0.789265 1.6397 -1.18769 1.66041
-0.887112 0.977094 -0.92174 -0.588853
-0.78469 -0.825254 1.23023 -1.33273
-0.547219 1.02246 -1.54195 -0.575863
1.45428 -1.31219 0.889279 1.03068
1.12186 1.832 -1.74615 1.14528
-0.631279 -1.2493 1.2493 -0.631279
0.953783 -0.839611 0.548981 1.66331
1.25845 -0.439102 1.32896 3.98152
-1.27599 8.35938 -14.9157 2.93231
-0.513858 -1.02062 1.43245 -0.914896
-1.27246 -2.35165 1.02071 -1.51004
-0.689622 -1.39329 1.05323 -0.285002
1.22273 -3.00614 3.66482 1.49864
0.204815 -1.1096 1.7743 -0.063453
0.54136 -0.958872 1.04043 0.682949
0.707771 1.05869 -1.65677 0.798819
0.699007 1.21271 -1.21271 0.699007
0.983942 -0.900488 0.898405 0.864238
0.182233 4.72733 -7.37147 3.04796
1.82864 -1.54962 1.77625 1.27642
1.56974 -1.55868 1.17881 1.11696
-1.41693 -0.36043 1.49309 -1.78715
1.00381 -0.60151 3.65579 3.74372
-0.216689 -1.08475 2.72242 -0.679422
-0.795119 0.835588 -0.984124 -1.82195
-0.842459 0.718185 -1.18699 -1.14135
-1.29287 1.21403 -0.951111 -0.83726
-1.49916 1.01595 -0.770925 -1.03156
2.96096 -5.1857 6.83472 2.10967
-1.30548 0.241291 -0.649684 -1.73284
0.817958 -1.28138 1.38966 0.58875
27.6568 15.7007 -32.1754 34.0602
0.847252 1.06343 -1.3643 1.04294
-1.61371 0.736622 -0.902655 -1.44686
0.81334 -0.863782 0.793418 0.685402
1.06303 -0.840031 0.933287 1.32152
1.51323 -1.32387 1.01014 0.992594
0.539597 0.948001 -1.06243 0.70815
1.1324 -1.45714 1.56799 1.0917
-0.982598 0.732274 -0.840921 -0.798915
0.223518 1.1193 -2.40971 0.795527
0.077009 1.17515 -1.65445 0.738047
-0.392467 1.02381 -1.58587 -0.869698
-1.12372 -0.549475 1.69172 -1.42178
-6.62119 -21.79 16.5979 0.541923
-0.36095 1.00552 -1.21342 -0.356048
-1.84021 1.02726 -0.487995 -1.90427
1.42115 -1.58627 1.90954 1.24494
-0.28583 2.52881 -3.84897 0.808088
-0.74345 0.901974 -0.899442 -0.896121
0.947679 -1.02445 1.13304 0.934477
-0.58026 -0.94216 1.49462 -0.512994
-2.91006 3.24768 -3.23969 -3.54903
1.03239 -0.359004 0.27069 2.03479
1.85106 -0.703997 0.696293 4.16069
-0.604543 -1.41372 2.24275 -1.18337
-7.29169 2.58542 -2.9365 -10.5403
5.06201 -8.16176 7.40972 15.9471
