2500
1068.98 592.631
1125.75 517.474
278.131 311.637
1145.53 434.812
314.747 238.449
771.716 881.397
306.825 468.091
1093.76 541.166
1251.38 230.138
272.234 433.151
225.668 388.312
972.67 548.458
266.794 531.038
1073.17 557.175
781.943 861.383
886.25 627.771
782.254 445.557
725.085 817.038
420.367 267.401
1246.86 512.25
275.643 430.294
455.588 200.683
781.943 861.383
427.334 161.504
1077.02 549.872
910.869 451.021
359.55 226.202
458.701 279.232
1026 460.648
616.607 502.218
378.164 531.963
1304.06 429.433
554.236 168.643
271.866 442.533
881.284 535.75
360.248 518.392
305.406 234.807
877.917 374.272
1201.9 239.675
900.118 436.515
313.341 581.887
1423.28 634.746
112.527 382.91
413.262 324.839
332.847 283.028
368.22 236.86
772.325 775.378
1389.32 609.735
1230.21 664.125
587.213 202.056
1338.17 619.903
586.367 476.089
1100.18 577.606
1152.19 453.423
109.014 385.48
1176.06 286.163
1086.06 551.889
1059.69 596.157
296.258 284.93
396.567 347.798
871.143 383.392
459.24 204.716
1254.54 611.975
317.59 479.606
294.222 326.421
741.151 550.109
1044.34 479.733
373.135 170.415
1255.98 614.314
721.656 805.029
1115.89 662.252
1165.64 537.442
1124.02 481.956
457.726 105.282
1258.42 655.605
996.131 682.948
1056.79 573.682
337.903 244.321
942.475 804.17
469.479 192.942
809.706 844.567
1139.12 644.04
372.501 142.989
250.417 412.259
758.918 476.556
240.598 409.045
1139.2 517.062
700.253 769.334
1203.62 270.979
923.5 848.142
1101.58 414.194
1068.79 571.837
371.621 526.401
372.328 531.426
266.09 304.293
1058.6 448.655
916.883 410.362
1154.69 264.891
989.489 766.929
265.536 531.884
362.686 528.806
722.094 818.878
425.861 163.499
1209.16 249.627
501.383 238.445
308.242 471.188
410.561 339.791
916.111 816.309
246.403 289.915
240.231 283.645
1153.14 438.72
1140.96 554.831
285.734 324.052
701.603 417.89
280.739 435.432
459.011 200.162
250.924 415.394
317.649 472.839
281.965 441.581
463.938 352.179
235.231 393.048
918.575 798.891
1106.28 572.132
544.548 171.88
1048.94 490.753
1164.81 450.193
451.487 289.65
592.949 494.76
1221.44 610.999
428.067 283.246
902.723 664.236
1199.29 254.645
416.501 145.435
368.315 526.636
304.555 333.221
366.854 220.465
632.808 536.151
1085.64 619.589
871.813 386.654
886 425.403
258.142 522.109
1395.09 566.701
669.577 633.74
246.72 404.975
1144.89 586.08
467.509 102.727
361.002 226.169
235.231 393.048
345.731 238.015
403.941 149.743
1203.24 253.602
829.834 428.402
888.366 623.855
360.646 238.422
648.663 493.39
416.683 148.728
1230.21 664.125
464.284 110.121
400.763 231.849
910.838 480.104
1061.14 561.177
281.627 438.209
334.516 489.562
479.728 317.26
1134.52 684.146
1111.99 655.541
722.208 852.73
872.517 540.543
295.583 454.985
405.748 157.745
514.759 154.892
371.755 352.43
1068.49 568.728
288.778 442.893
668.674 636.932
350.939 499.013
790.442 586.82
736.744 850.588
922.88 831.668
908.567 763.24
749.791 731.906
876.285 368.408
875.411 592.072
247.059 414.415
286.841 453.197
849.171 743.693
744.215 638.095
519.17 244.63
1086.03 506.613
294.222 326.421
983.978 661.109
1388.11 609.47
727.122 435.357
331.909 482.704
326.198 482.877
353.997 504.733
877.765 367.553
519.04 147.725
606.922 313.324
964.622 357.366
768.321 674.105
604.099 458.713
862.482 561.373
1161.43 474.403
1089.61 682.844
550.84 167.575
415.515 159.963
981.911 632.043
860.647 602.783
310.973 282.618
605.836 543.253
1203.91 247.506
518.283 245.869
342.448 313.394
1151.39 272.16
731.221 837.911
790.587 563.364
1111.68 660.278
459.983 196.019
340.448 266.093
638.629 239.723
256.766 414.752
1211.42 480.018
753.342 705.127
1200.43 280.145
599.652 485.856
1059.13 557.167
492.204 218.687
1022.14 509.654
503.754 225.898
922.88 831.668
700.846 861.852
522.398 152.323
1134.15 487.422
871.889 401.713
662.566 626.755
333.049 290.457
334.564 488.838
777.928 672.368
257 302.732
714.157 616.411
661.758 638.073
1157.71 556.903
368.474 528.466
1090.3 520.35
962.416 745.362
1066.76 567.477
1122.19 499.374
293.418 447.843
1006.52 700.742
778.468 545.623
334 500.095
1215.3 559.06
247.653 410.271
727.853 479.381
288.778 442.893
744.294 640.673
306.529 466.786
483.575 309.898
589.618 202.141
457.654 193.673
286.462 274.633
1098.58 544.26
1157.61 247.795
251.024 257.681
1184.33 269.063
605.836 543.253
627.774 449.442
720.324 570.865
982.948 390.835
941.088 798.28
452.362 97.311
246.045 408.11
713.207 425.322
607.332 450.747
593.119 493.585
459.433 192.907
775.885 871.722
612.732 485.352
1164.17 445.177
458.356 110.271
722.02 845.018
1116.8 601.821
976.102 597.654
871.813 386.654
666.59 667.286
110.871 384.243
622.634 224.781
609.059 490.561
786.186 618.839
281.627 438.209
981.923 697.228
712.058 908.265
675.54 766.074
976.143 692.093
506.882 617.486
872.673 708.878
942.475 804.17
448.962 184.506
664.376 653.809
362.184 221.914
492.672 397.108
256.366 294.841
1174.2 273.919
314.509 243.73
313.072 464.296
323.789 587.791
372.787 292.953
703.715 733.474
1142.1 470.738
470.694 198.969
1187.25 520.269
495.207 132.306
282.136 439.761
1240.31 616.773
310.033 263.887
1185.36 266.907
344.364 243.446
238.314 405.038
321.091 479.328
1171.05 258.81
1333.67 631.401
653.416 607.484
297.851 465.88
367.634 529.345
455.877 103.189
785.785 453.156
1134.39 485.413
374.654 526.411
479.728 317.26
608.562 456.574
512.179 226.214
819.026 771.879
1158.4 500.371
267.705 524.166
448.487 183.391
743.179 711.71
391.491 364.828
234.099 400.616
1047.62 561.618
972.731 545.063
735.395 421.07
965.486 539.704
1134.21 640.641
253.938 292.001
475.663 115.934
550.049 171.905
283.659 230.842
430.05 164.299
712.911 581.843
839.566 526.641
328.28 482.318
613.054 469.198
780.676 861.496
390.152 230.283
538.738 434.715
1190.03 528.426
288.376 326.099
706.048 853.679
966.331 547.871
455.417 123.75
315.766 243.799
489.345 310.356
240.155 410.641
402.619 351.756
834.714 557.146
695.732 650.188
476.795 372.891
361.628 273.336
701.676 849.993
1124.02 481.956
764.733 390.132
554.564 172.479
453.117 114.055
281.627 438.209
268.782 311.294
888.374 640.225
1270.75 611.909
692.121 409.817
495.232 227.858
1127.12 760.116
658.682 643.53
288.918 451.642
355.262 312.79
1178.59 264.121
1275.84 483.749
1245.55 670.327
984.58 663.411
506.882 617.486
1156.82 509.933
1120.7 671.112
253.653 517.086
1120.41 575.297
1010.18 514.854
1423.24 638.356
1163.78 270.783
1086.03 476.011
620.547 513.333
251.426 409.991
1109.57 565.182
741.937 728.939
886 425.403
1175.82 280.636
442.044 184.845
1028.23 754.619
910.023 639.21
942.475 804.17
439.532 166.518
508.132 142.286
402.192 237.408
1142.11 428.778
438.037 334.101
552.756 171.084
776.662 825.326
602.802 484.884
1248.14 510.524
999.616 813.946
289.242 449.345
495.232 227.858
422.623 158.266
406.42 350.33
360.646 238.422
1101.88 494.095
705.908 520.76
594.185 488.151
1073.17 557.175
414.274 325.185
295.938 331.818
250.87 295.717
435.239 167.159
327.195 245.348
702.582 418.171
372.471 142.1
269.652 257.146
710.262 274.983
701.585 854.487
550.046 173.184
314.194 475.777
1120.4 538.219
457.477 297.29
1204.42 245.868
1166.51 540.455
253.929 412.894
1150.65 475.364
1189.28 278.878
442.667 333.988
554.564 172.479
735.777 396.821
1081.82 478.491
1031.46 561.158
423.024 169.616
1187.12 432.718
392.516 228.343
357.693 511.708
381.253 285.096
790.583 718.253
913.947 835.044
81.0458 372.776
1303.61 657.482
1342.7 574.089
655.117 649.101
1258.32 615.521
502.336 226.578
728.928 401.455
277.847 315.587
739.622 713.41
1257.38 657.172
1098.12 428.477
250.417 412.259
495 224.056
742.183 896.177
340.868 495.669
321.172 619.908
706.048 853.679
819.026 771.879
298.26 334.198
1144.23 645.824
674.857 756.983
1132.91 570.741
1106.12 690.925
274.532 261.214
466.9 197.87
571.304 184.714
861.51 660.473
618.643 501.021
1122.13 455.138
436.418 285.914
240.643 402.62
1077.07 478.691
953.219 523.891
450.371 288.155
977.291 565.496
702.9 423.645
816.271 377.007
1014.27 535.478
922.377 844.396
376.248 532.873
246.11 408.024
1094.7 682.414
238.156 285.623
251.821 289.028
728.885 818.13
1232.25 629.335
729.197 535.566
1012.79 475.695
275.594 311.117
707.949 410.952
1190.03 528.426
1204.85 270.197
644.277 665.663
775.301 422.686
1079.18 430.743
365.837 312.95
765.942 882.595
359.983 244.999
601.484 489.257
314.979 475.643
73.9605 372.161
861.212 600.475
608.276 511.826
1159.89 263.372
366.781 203.931
1047.86 524.314
626.14 649.132
411.493 155.543
708.292 488.221
1066.45 574.846
764.835 687.686
383.307 327.498
412.685 121.631
467.646 331.15
276.12 445.231
1091.94 433.176
280.969 252.075
338.291 496.292
511.401 244.968
496.614 215.174
960.647 550.123
1188.44 285.228
277.847 315.587
468.657 105.884
999.162 426.141
865.668 418.03
698.57 748.201
456 79.0202
1080.59 440.592
856.103 739.398
346.883 505.276
535.094 250.445
621.055 488.423
368.725 534.878
485.29 120.892
1136.95 755.077
1349.3 648.174
517.661 159.176
503.169 218.501
683.693 522.617
714.915 641.281
1203.24 253.602
391.491 364.828
1130.69 754.692
836.362 658.678
1108.36 499.377
625.329 649.683
1164.96 247.909
1110.85 669.133
414.751 256.494
418.504 154.069
1167.1 281.671
324.419 262.359
245.009 404.061
468.564 198.126
1285.83 417.636
366.821 222.337
253.669 297.643
764.835 687.686
280.293 310.779
336.51 244.344
365.287 528.848
1184.37 433.28
945.715 803.85
609.747 514.172
658.861 629.841
1153.14 438.72
491.443 224.734
406.42 350.33
1023.56 462.103
363.838 521.163
349.335 307.757
1072.93 503.884
881.486 378.149
954.592 797.979
1073.19 460.878
359.762 520.687
253.938 292.001
867.045 410.678
574.381 191.678
277.426 267.134
297.903 326.799
671.341 651.411
1081.01 488.098
1258.42 655.605
649.496 535.66
464.55 104.947
907.399 417.978
547.768 169.611
530.439 251.154
1112.83 565.442
766.669 682.333
732.165 858.86
456.982 103.531
859.589 743.335
1423.86 636.403
486.752 220.238
864.294 666.529
469.707 293.63
1185.69 268.351
467.646 331.15
426.25 171.487
1193.1 528.032
594.754 202.766
421.703 328.829
1035.96 761.293
418.063 165.658
705.908 520.76
413.234 158.537
919.537 714.822
1063.47 447.83
313.341 581.887
281.95 323.315
614.302 513.914
1101.88 494.095
809.987 773.28
341.686 315.037
1273.14 661.841
415.515 159.963
597.12 489.303
264.064 254.974
1144.17 251.577
535.406 253.906
422.515 157.431
712.911 581.843
785.632 725.529
1159.82 543.114
241.996 406.486
274.98 318.895
504.715 223.29
849.294 699.053
285.202 276.104
364.87 519.827
1175.66 267.557
431.032 167.539
328.28 482.318
405.48 352.576
415.305 157.348
896.446 795.172
1041.71 472.557
1093.15 483.85
254.227 416.699
294.293 331.416
1080.61 483.228
1172.88 227.706
1203.36 272.376
1268.74 603.087
428.051 173.765
685.237 763.932
765.646 642.91
534.919 257.878
758.547 474.192
557.103 365.816
427.862 164.949
1176.94 256.169
290.207 324.915
465.261 373.75
1066.93 482.268
1230.21 664.125
1114.21 502.643
914.168 409.724
346.244 329.264
1176.43 608.779
1141.13 244.968
987.32 775.624
473.928 381.252
513.962 232.817
662.943 659.82
341.686 315.037
272.459 307.965
246.11 408.024
446.663 291.639
296.258 284.93
930.794 493.569
1080.6 503.111
812.75 877.493
1115.84 577.802
732.68 627.343
237.321 282.299
1132 455.924
643.955 244.984
1056.89 457.715
236.851 398.848
1113.17 604.073
348.309 504.221
1034.69 498.809
1139.64 594.924
814.135 657.197
1080.3 507.708
309.511 281.404
1192.81 267.294
596.679 485.329
1203.08 278.161
505.689 238.825
750.05 829.711
522.398 152.323
1207.3 251.569
1194.79 496.271
839.495 878.112
1108.52 424.665
368.315 526.636
542.911 259.542
472.587 493.729
331.428 486.632
1112.54 577.137
359.644 292.204
1128.81 570.694
344.131 505.698
1223.17 569.867
807.353 715.471
430.91 175.716
1040.13 471.631
376.118 525.85
1191.4 268.449
620.457 225.982
1165.6 626.875
496.045 227.255
997.451 782.923
271.27 437.248
864.287 429.515
306.695 261.732
764.699 866.828
318.921 275.444
304.171 330.886
357.114 519.288
973.007 626.89
948.296 625.792
452.767 181.39
739.677 727.726
506.531 232.291
1177.41 244.421
274.273 538.135
289.389 558.766
1226.81 617.884
916.606 818.657
1166.51 540.455
1158.38 673.976
448.65 174.843
340.637 321.935
302.457 337.741
1243.15 547.14
444.151 302.243
876.639 615.066
531.257 241.799
1192.33 236
531.17 343.063
342.215 506.366
917.283 811.12
1279 666.267
918.018 477.03
383.307 327.498
1104.05 654.655
259.879 292.726
1383.75 428.092
455.443 184.865
1064.79 554.031
817.557 848.712
540.907 257.979
840.64 798.641
1064.26 558.97
1072.32 555.521
375.823 530.615
440.59 175.266
1114.26 652.253
262.126 254.304
1246.44 667.605
239.148 404.955
1040.23 459.62
516.608 243.206
1087.91 559.057
491.335 396.932
1258.84 659.191
1109.2 656.635
942.862 624.916
526.125 154.685
919.537 714.822
235.4 392.296
443.444 336.59
365.635 225.349
626.112 502.339
255.201 421.805
421.076 167.36
261.683 420.693
1129.04 454.78
1033.71 758.18
253.337 288.312
428.996 177.064
803.476 457.173
428.592 303.929
339.644 491.841
1104.09 657.583
609.977 510.576
645.574 246.362
605.214 459.239
1131.38 755.228
300.694 459.98
686.496 738.71
624.986 511.749
686.496 738.71
305.408 236.253
1334.99 628.919
1117.34 645.914
638.629 239.723
440.397 180.168
1129.57 564.436
714.776 863.336
928.579 494.217
543.587 252.096
658.586 452.331
968.61 569.765
758.92 476.13
432.14 328.81
855.864 593.828
547.3 181.832
672.609 754.705
308.982 465.202
377.235 526.983
348.636 187.083
724.576 727.097
842.915 737.353
294.332 329.949
470.694 198.969
1120.17 458.937
1051.87 544.652
744.248 560.427
1083.6 519.351
1056.78 595.129
528.658 254.482
732.165 858.86
701.566 469.002
361.066 513.165
880.263 374.483
532.947 343.135
687.476 704.637
695.582 738.835
849.294 699.053
375.823 530.615
653.119 670.983
371.835 520.534
426.25 171.487
483.637 115.164
339.904 315.428
828.403 582.672
377.489 263.35
1268.72 637.158
300.658 565.859
1000.17 722.42
462.682 301.842
1107.7 658.017
429.785 168.246
366.544 326.082
311.211 296.415
859.482 589.744
969.661 542.666
240.651 277.092
223.991 389.314
834.714 557.146
757.137 504.387
594.48 490.292
364.334 345.682
590.184 204.667
325.318 494.055
325.948 480.694
461.371 110.146
398.371 240.049
781.191 904.936
352.502 513.274
1241.21 617.117
909.745 443.378
354.326 515.378
1070.07 476.662
722.02 845.018
708.978 275.093
918.108 797.195
1135.28 682.819
1152.88 447.193
469.053 351.208
654.618 277.66
596.275 467.358
912.996 410.951
1126.28 545.729
532.72 250.697
1149.3 477.65
959.947 630.396
785.662 450.875
860.588 658.791
963.289 404.928
869.743 407.311
981.49 656.706
519.712 234.796
506.391 236.015
640.035 440.56
324.263 480.262
423.754 319.24
602.596 517.863
1126.48 473.839
1028.23 754.619
286.69 443.099
1123.18 436.422
1077.61 521.571
863.385 738.895
259.263 426.301
784.475 438.18
753.857 393.181
921.613 827.94
775.205 547.102
612.732 485.352
337.903 244.321
998.877 425.376
547.302 174.062
1200.43 280.145
512.637 156.623
497.933 210.548
440.949 329.208
1093.48 546.907
695.247 767.556
1016.26 472.68
856.147 559.417
667.651 633.01
264.657 533.139
391.303 273.034
1058.88 588.666
740.894 883.362
1125.86 498.283
1014.14 530.619
518.075 237.137
253.651 286.793
453.726 345.854
337.123 501.322
420.993 155.768
1032.06 544.013
243.403 405.077
1184.23 264.7
764.653 572.246
912.455 407.511
305.848 337.737
959.572 841.638
1086.03 542.886
355.779 273.095
535.646 252.458
1190.34 267.047
351.695 511.222
1342.7 574.089
1247.94 669.365
1153.69 253.231
293.418 447.843
637.872 238.249
1161.64 261.919
791.913 428.685
717.726 453.69
488.918 306.55
1326.63 526.268
281.965 441.581
1255.3 611.728
278.134 319.827
1057.61 542.813
1179.2 269.232
1086.7 622.634
361.129 342.851
382.907 303.025
1258.3 240.794
888.952 635.263
402.023 153.496
317.59 479.606
457.954 185.704
732.967 839.407
440.59 175.266
1086.32 563.719
447.219 181.743
461.364 199.977
285.965 446.562
1255.98 614.314
363.222 523.788
242.104 285.877
612.319 456.342
359.983 244.999
860.536 576.085
293.179 331.186
1170.4 494.599
1062.27 500.395
372.881 294.207
334.564 488.838
637.363 652.352
742.407 564.455
412.345 249.769
1082.13 483.912
989.849 656.934
1175.21 257.743
605.873 486.164
455.417 123.75
1114.26 652.253
713.98 810.237
282.736 255.125
1074.84 556.473
1054.66 606.697
308.629 466.819
1194.18 233.848
1114.86 606.49
700.253 769.334
594.153 215.614
772.465 680.933
449.321 179.088
654.618 277.66
1258.32 615.521
758.09 690.849
1203.45 238.656
286.726 452.648
512.815 235.837
1020.56 437.845
313.038 470.985
1215.3 559.06
435.021 176.105
389.722 367.091
496.614 215.174
687.424 650.836
522.698 234.247
1185.85 279.68
860.443 559.033
1156.82 509.933
1335.31 609.53
794.778 567.671
432.019 165.112
711.96 426.256
809.119 772.577
723.1 399.011
637.42 488.152
389.605 335.015
489.345 310.356
621.38 483.155
258.303 298.88
1133.51 485.572
1205.72 240.035
726.786 431.411
354.639 503.796
346.624 319.758
811.917 448.243
741.153 727.905
931.815 845.773
1131.86 756.176
1230.12 626.364
735.526 481.622
393.149 355.556
382.128 291.838
947.677 668.875
1416.69 597.649
295.938 331.818
736.3 725.346
305.406 234.807
785.015 442.401
1211.59 249.322
1254.63 615.412
525.33 151.949
1129.47 563.468
459.983 196.019
354.211 251.905
235.231 393.048
357.319 516.13
669.819 750.481
765.646 642.91
1243.15 547.14
391.303 273.034
883.196 700.484
860.765 617.04
351.626 515.629
666.118 601.099
1197.23 256.747
1116.31 443.079
898.249 484.178
378.675 529.315
233.969 281.881
268.371 432.287
940.596 533.344
975.404 639.32
961.775 356.73
584.912 202.758
1169.6 273.142
529.471 247.883
732.248 834.938
292.601 458.6
1335.52 610.156
1090.06 453.037
884.718 367.398
362.718 329.384
467.918 111.33
1027.14 436.192
295.583 454.985
349.613 193.761
727.778 704.894
497.346 214.828
1275.87 667.037
1129.57 564.436
368.22 236.86
558.373 365.931
554.564 172.479
348.381 315.206
348.663 500.662
923.5 848.142
768.804 462.291
481.968 306.542
872.673 708.878
977.544 712.091
365.748 311.712
527.14 234.294
863.344 737.587
882.335 371.902
888.843 426.412
1163.26 499.125
1269.3 433.858
462.066 337.487
355.262 312.79
1113.81 606.066
1279 666.267
1070.35 552.356
868.885 385.67
779.896 431.22
367.179 528.061
585.129 206.084
277.426 267.134
1053.34 609.36
484.187 130.704
515.106 236.211
265.834 310.668
719.565 813.51
988.802 710.651
471.096 208.242
824.393 723.823
761.737 391.742
277.583 439.027
914.098 659.202
927.149 829.163
1423.24 638.356
240.18 284.796
323.789 587.791
1241.1 585.786
225.785 396.602
915.324 834.635
701.32 622.111
1108.14 423.7
765.288 682.591
683.006 457.82
725.407 617.295
1114.23 490.387
615.61 484.612
469.715 204.325
546.523 257.21
297.696 324.263
1199.86 242.853
537.953 177.638
460.894 180.853
442.754 184.418
711.869 613.683
512.137 233.498
238.133 406.181
547.302 174.062
673.382 665.412
274.532 261.214
354.498 509.976
338.695 498.878
505.554 576.574
429.934 162.48
775.185 873.468
1156.61 544.919
94.6496 374.031
420.367 267.401
482.153 209.998
787.526 442.915
538.055 154.605
537.467 262.028
619.319 353.166
1062.58 493.53
483.275 207.906
272.604 252.555
358.989 517.042
1194.11 238.154
810.371 635.043
601.203 510.228
604.099 458.713
830.149 528.091
350.893 298.706
300.023 339.448
1304.06 429.433
570.052 185.922
898.832 694.067
906.063 422.652
1061.5 561.893
804.186 514.304
1041.31 752.89
1166.39 279.108
468.944 196.1
435.58 290.96
798.295 567.91
392.809 310.722
250.45 281.303
287.137 247.535
782.52 516.48
498.157 215.345
306.008 289.271
259.879 292.726
279.299 253.446
286.69 443.099
869.05 578.74
406.482 149.114
363.838 521.163
526.117 360.697
1100.53 582.864
771.146 503.935
321.379 614.361
293.834 277.382
547.768 169.611
320.599 480.369
282.292 448.389
286.486 451.095
1120.4 538.219
300.284 329.339
722.666 821.988
1166.51 540.455
602.608 494.234
410 238.406
1336.17 627.089
298.122 217.484
288.376 326.099
375.37 236.337
1190.15 234.278
1041.02 461.759
652.115 375.982
484.285 123.758
922.858 800.857
1118.12 647.36
620.378 486.607
859.482 589.744
1349.3 648.174
1130.36 436.334
1077.36 744.949
917.888 464.404
410 238.406
1065.81 587.228
1204.21 238.876
1005.56 473.378
1134.52 684.146
374.089 532.463
366.677 518.174
340.85 293.283
384.435 330.047
326.571 303.572
1099.54 682.686
774.24 661.859
893.837 398.417
554.564 172.479
310.989 478.416
1235.39 578.618
509.249 241.808
410.876 155.799
888.061 591.113
701.899 414.161
242.834 408.179
294.763 337.352
1103.53 584.581
605.921 518.196
280.253 434.872
1043.6 755.742
1143.77 585.846
1084.35 617.53
1188.89 282.186
898.282 465.165
330.911 489.561
785.697 446.988
338.15 499.929
676.157 658.88
748.193 903.941
1175.38 245.395
345.75 236.783
882.364 578.499
928.572 499.286
658.861 629.841
534.126 251.195
1164.41 261.64
862.185 717.228
768.166 845.618
867.373 720.583
285.924 313.773
303.746 334.729
1252.78 661.871
309.209 295.408
327.602 490.385
380.068 285.192
429.671 163.683
1084.64 564.2
511.629 228.398
998.407 450.671
1130.69 754.692
1146.13 670.477
426.25 171.487
975.04 559.111
392.36 335.374
1039.76 373.818
1115.11 499.714
728.086 575.733
233.38 400.282
1166.86 539.235
1012.53 681.974
835.94 556.875
552.943 173.698
280.969 441.057
801.771 401.181
768.166 845.618
317.61 300.221
342.791 325.786
907.618 420.174
408.779 350.579
613.089 489.459
705.24 275.431
1166.39 279.108
752.159 879.716
1186.36 452.038
291.728 450.976
867.395 721.614
670.308 653.805
1150.65 475.364
1060.41 594.692
331.992 494.679
297.774 463.329
1087.04 554.095
1080.59 440.592
728.957 854.361
1099.81 418.762
231.217 396.37
964.901 543.107
299.904 336.843
505.554 576.574
598.499 517.045
370.451 315.716
1163.86 247.191
1190.83 595.098
1199.06 256.576
280.969 252.075
451.211 184.489
1000.17 722.42
892.392 729.709
230.841 393.484
1084.58 475.553
1184.23 264.7
1076.04 597.007
365.428 327.085
1103.07 461.5
883.954 605.291
283.275 322.249
1073.33 568.875
442.754 184.418
334.837 316.186
389.697 366.819
512.888 243.337
1167.46 625.721
279.38 313.463
1046.97 560.412
150.215 377.74
953.273 514.266
351.843 506.05
784.522 444.96
416.411 279.778
507.202 225.587
1200.18 252.287
729.802 597.197
269.202 313.893
1057.64 598.735
1061.18 495.782
1326.29 658.818
1306.21 658.188
344.75 308.863
1064.79 554.031
1207.3 251.569
870.943 725.891
643.955 244.984
461.802 191.707
701.605 853.141
503.666 234.332
1068.98 592.631
735.216 863.222
1064.26 558.97
1142.39 589.859
475.541 202.324
470.694 198.969
1166.12 246.297
918.899 835.47
941.926 505.871
677.26 764.337
467.027 199.817
783.677 844.835
247.653 410.271
1109.73 579.161
781.412 698.992
711.217 407.414
343.609 495.856
1068.62 585.067
991.254 698.209
340.868 495.669
274.733 429.089
1142.05 473.743
885.724 653.466
224.968 390.793
1248.9 509.728
599.8 515.317
719.565 813.51
551.583 176.004
547.455 252.935
800.083 888.058
1087.76 439.368
387.552 357.868
535.646 252.458
1223.17 569.867
926.616 493.765
722.95 817.471
238.709 400.864
234.099 400.616
371.964 523.169
537.981 181.59
528.958 360.163
871.69 408.89
796.335 565.024
960.751 550.68
405.089 120.807
1093.56 679.398
686.898 652.19
1166.66 271.327
989.703 658.199
1093.76 541.166
304.427 462.69
676.682 447.068
923.944 782.927
1118.12 647.36
1137.71 589.208
273.817 440.266
860.588 658.791
845.762 396.812
340.921 497.465
1129.57 564.436
916.111 816.309
1040.23 459.62
905.074 452.974
270.412 306.565
1106.3 581.477
1200.35 241.482
1088.95 624.118
268.411 429.205
382.907 303.025
720.523 613.346
1038.09 759.435
361.945 522.611
282.541 432.937
410.634 162.65
1000.98 781.605
416.499 267.386
672.024 658.343
428.707 159.022
600.19 454.591
292.143 448.751
338.695 498.878
491.335 396.932
949.428 627.443
560.846 173.293
1102.74 545.415
1082.59 563.423
961.932 554.78
282.721 326.994
693.88 541.535
421.792 316.671
987.456 626.209
351.404 503.826
250.789 289.763
1416.04 597.361
372.741 152.047
389.974 365.447
870.748 686.683
491.715 138.04
1024.53 733.975
300.973 264.775
378.03 526.075
550.84 167.575
348.088 514.565
369.019 283.729
1152.93 750.635
790.424 441.723
358.554 307.156
350.911 306.459
296.258 284.93
286.69 443.099
685.104 788.622
309.108 469.462
1118.7 456.183
853.478 768.386
717.703 497.97
279.359 254.239
508.037 225.565
735.89 401.898
888.061 591.113
259.263 426.301
253.669 297.643
1141.94 588.379
248.224 412.721
1200.43 280.145
344.606 508.789
1017.42 763.131
1168.57 484.851
480.234 315.953
868.742 370.15
915.929 460.805
1029.76 538.331
450.062 285.691
997.016 640.908
643.955 244.984
910.167 437.792
1097.61 450.81
748.219 871.897
473.348 375.025
914.443 789.976
690.96 719.045
1061.45 496.857
316.803 479.81
1066.39 588.221
856.036 718.879
466.9 197.87
413.262 324.839
1089.79 678.593
670.308 653.805
293.179 331.186
379.035 323.75
764.653 572.246
1199.06 256.576
344.416 327.266
782.254 445.557
288.047 327.876
288.918 451.642
885.896 639.823
1172.73 270.691
1112.62 492.61
714.249 822.818
1134.62 755.283
435.021 176.105
636.574 639.213
739.377 472.195
520.947 251.549
1130.73 517.335
338.291 496.292
827.349 844.333
609.675 486.495
353.067 508.713
403.941 149.743
913.187 409.093
1061.5 561.893
928.032 495.947
371.621 526.401
346.624 319.758
699.187 619.233
703.045 649.946
295.583 454.985
677.109 277.912
964.673 567.034
596.548 494.517
470.641 188.655
414.274 325.185
863.651 719.388
622.864 506.586
708.866 424.957
370.101 528.815
1084.95 627.008
669.769 637.468
906.675 445.286
496.589 218.797
816.271 377.007
1313.59 440.328
1135.28 682.819
361.945 522.611
777.196 545.243
360.248 518.392
888.997 736.325
362.184 221.914
335.588 256.974
959.271 559.534
1251.65 602.833
870.672 807.237
300.393 341.627
1104.71 571.78
1100.73 676.78
1172.42 533.642
503.754 225.898
399.395 223.424
308.412 461.654
288.918 451.642
389.697 366.819
448.533 349.799
1177.32 240.887
246.812 285.918
1057.3 451.775
375.37 236.337
963.054 550.092
530.232 247.723
1068.5 503.549
602.948 511.199
1316.32 652.708
987.663 660.507
599.8 515.317
773.581 459.706
725.826 620.665
323.265 274.525
802.886 456.652
1061.45 496.857
1111.19 656.053
687.31 652.996
525.33 151.949
420.281 325.445
372.732 349.069
350.823 512.048
303.685 465.897
308.183 263.517
1125.75 517.474
555.821 186.188
360.988 219.272
297.606 331.147
533.447 259.338
823.811 661.095
972.202 663.984
881.165 365.546
1121.01 460.801
527.747 241.73
872.712 536.16
668.726 662.986
767.141 435.992
727.244 480.616
362.437 241.667
464.067 207.746
290.166 453.088
800.183 566.208
1092.13 543.938
1115.04 670.678
681.347 514.239
660.15 630.502
1134.62 761.19
240.202 394.218
1073.56 571.448
1113.5 501.954
458.701 279.232
452.767 181.39
354.872 334.933
343.969 223.811
468.576 333.334
987.549 708.66
1064.22 597.205
1122.8 453.534
1080.59 440.592
489.298 220.114
1122.94 643.645
234.206 393.717
1135.28 682.819
696.792 596.217
708.631 859.16
432.717 177.168
455.55 198.67
1251.65 602.833
871.248 576.767
1044.42 448.88
813.852 628.909
320.923 474.411
266.09 304.293
1070.8 575.033
1152.19 453.423
285.911 445.8
1185.88 252.846
738.176 729.228
606.417 514.42
371.602 272.782
589.618 202.141
247.783 285.161
515.097 244.192
1073.56 571.448
423.62 161.979
292.727 322.852
410 238.406
492.099 220.198
541.705 253.294
1190.15 234.278
1133.55 640.934
765.646 642.91
312.881 474.39
997.451 782.923
920.456 840.422
365.714 515.442
1334.11 638.672
376.938 272.829
260.835 414.18
641.129 241.792
601.743 506.026
285.417 437.207
1040.22 484.632
863.228 607.179
909.459 421.407
257.565 423.388
1058.3 561.823
738.408 908.269
456.973 189.744
1076.04 597.007
402.48 120.737
319.291 572.351
1034.25 805.298
338.331 489.003
297.12 331.448
249.27 413.877
425.861 163.499
296.795 457.171
733.327 403.347
650.072 448.282
230.841 393.484
1260.76 619.582
474.238 288.071
619.797 508.665
972.758 543.749
1200.27 591.188
1125.61 557.797
265.125 420.967
708.978 275.093
511.917 141.646
411.932 142.95
296.059 283.563
1172.08 266.349
517.218 233.903
809.119 772.577
794.792 513.538
1047.73 381.155
416.239 164.396
671.227 751.49
762.351 661.147
527.898 233.885
375.452 522.987
466.969 312.675
474.443 292.233
374.269 534.723
1344.44 650.995
861.933 741.388
1268.74 603.087
695.732 650.188
276.54 265.824
309.511 281.404
278.129 310.08
1191.66 526.612
414.96 163.814
929.513 676.722
1077.36 744.949
250.87 295.717
632.135 233.271
236.742 392.844
1117.04 604.247
507.77 234.39
332.812 284.857
823.189 450.867
375.823 530.615
1113.5 501.954
502.073 138.277
1184.33 269.063
764.357 665.711
416.562 158.363
321.172 619.908
790.239 486.901
289.981 444.553
769.74 683.541
1497.18 620.033
364.629 514.26
791.49 514.85
526.117 360.697
625.796 505.789
921.281 658.347
315.711 299.429
1052.67 508.182
664.376 653.809
1072.88 477.912
1115.72 646.386
1288.4 666.32
701.585 854.487
324.115 589.244
811.853 839.052
1108.11 480.441
1337.24 639.22
1195.36 247.879
592.781 271.118
922.595 480.252
305.408 236.253
1003.7 493.853
514.762 231.253
294.651 460.289
956.677 762.63
293.161 453.331
512.888 243.337
913.391 759.222
475.541 202.324
1086.32 563.719
611.418 490.006
360.069 523.677
704.707 428.126
1239.14 600.331
1071.97 570.109
1275.87 667.037
1042.64 553.047
501.36 145.298
115.086 381.015
1125.75 517.474
1006.52 700.742
885.769 614.712
1123.95 549.666
531.257 241.799
741.359 906.845
282.136 439.761
324.488 588.524
730.343 671.475
718.021 820.189
752.159 879.716
468.576 333.334
705.908 520.76
509.936 143.797
1081.03 508.134
1199.81 475.837
864.734 416.496
278.756 442.258
375.539 536.233
707.908 782.886
912.455 407.511
1167.35 444.873
1083.28 623.387
436.418 285.914
1054.83 584.112
528.933 252.826
1195.92 241.582
466.233 111.216
1092.91 563.968
745.142 895.065
969.451 574.477
700.846 861.852
314.436 278.721
1066.76 567.477
316.007 252.387
240.178 407.125
528.958 360.163
480.234 315.953
727.778 704.894
1176.75 268.794
626.424 353.177
468.65 118.75
914.098 659.202
412.523 145.246
710.55 816.45
294.784 451.649
389.287 357.73
1199.86 242.853
771.156 876.529
987.431 644.618
750.175 642.906
408.779 350.579
269.609 433.231
469.323 189.951
598.996 462.168
457.038 111.18
422.676 248.687
261.79 302.802
867.69 389.606
695.252 827.068
860.106 615.437
340.855 259.214
1093.34 586.085
1344.44 650.995
996.915 641.956
1083.03 478.002
681.153 448.104
336.51 244.344
726.561 480.857
708.128 478.776
717.665 807.261
699.187 619.233
1072.61 463.197
673.614 653.668
402.619 351.756
507.295 335.659
876.06 561.361
448.962 184.506
616.835 483.744
861.612 613.255
421.873 267.409
871.622 376.471
987.67 451.953
1063.23 480.347
503.666 234.332
928.792 515.2
872.215 366.882
1100.48 502.008
365.837 312.95
508.172 230.631
1263.39 536.261
700.846 861.852
755.34 410.834
858.676 602.226
669.723 650.863
1107.7 658.017
845.708 370.609
239.537 399.559
612.903 489.721
618.544 518.416
748.219 871.897
763.883 463.889
1048.33 441.108
374.089 532.463
641.029 470.67
1064.79 554.031
697.872 831.286
465.474 191.614
304.427 462.69
1123.4 574.353
611.57 510.911
995.846 688.174
635.113 529.733
469.214 290.607
1087.9 546.281
1146.38 445.749
1160.31 248.59
1086.59 620.174
1249.01 612.161
1072.84 477.886
845.556 744.792
536.161 247.776
1337.24 639.22
849.294 699.053
440.951 171.258
864.04 741.058
1259.64 527.758
726.86 817.226
409.501 147.14
1059.51 598.729
640.965 559.696
1226.81 617.884
1097.43 429.872
736.307 906.595
298.176 276.406
336.563 491.069
805.606 867.143
1067.7 559.32
1072.93 503.884
1180.86 242.508
658.903 649.477
898.714 403.29
480.251 206.873
365.635 225.349
386.062 363.631
1089.53 534.795
1118.74 487.578
475.541 202.324
496.589 218.797
263.842 306.863
405.242 348.669
1254.87 235.587
250.478 297.26
753.276 514.687
843.508 482.693
852.046 559.015
1114.21 502.643
290.447 271.81
1255.02 610.245
345.241 504.36
296.488 228.026
322.072 478.419
984.344 823.858
349.259 258.992
699.258 685.451
830.31 847.742
345.75 236.783
722.95 817.471
1194.09 472.847
1084.22 556
726.539 897.356
244.061 284.325
337.924 496.034
537.467 262.028
769.188 675.424
902.751 457.074
851.117 478.104
975.008 690.57
1313.38 650.233
1050.38 566.807
271.797 314.274
302.936 329.84
795.56 604.754
1170.32 270.289
805.372 452.598
693.528 683.197
859.363 797.358
765.813 859.574
937.806 806.678
1027.14 436.192
503.19 214.788
274.573 440.432
262.411 427.952
508.117 343.2
1139.06 645.452
443.444 336.59
469.479 192.942
699.745 420.231
863.843 718.508
1075.43 582.914
632.135 233.271
442.266 355.401
1190.87 472.816
351.055 378.764
703.276 847.922
456.982 103.531
261.79 302.802
613.089 489.459
957.897 547.271
256.952 291.913
798.295 567.91
512.137 233.498
248.224 412.721
238.728 396.7
1109.24 501.792
549.742 177.006
225.442 389.91
767.711 669.116
869.74 614.264
322.982 490.813
496.045 227.255
1060.34 509.296
604.406 492.424
456.611 88.0135
274.632 427.204
941.926 505.871
326.269 518.632
512.137 233.498
457.038 111.18
1162.8 625.126
851.117 478.104
286.876 446.596
279.872 436.051
489.744 127.365
726.539 897.356
352.41 302.569
1086.55 671.723
611.418 490.006
710.073 543.29
704.05 817.085
662.566 626.755
398.27 179.622
1211.85 438.248
235.4 392.296
620.552 596.404
925.22 770.82
972.202 663.984
467.439 107.148
513.767 239.778
310.968 468.915
1007.75 754.081
291.552 323.565
480.251 206.873
742.481 906.324
476.35 115.636
332.847 283.028
396.567 347.798
815.231 774.752
459.857 341.13
1277.45 669.043
918.779 834.155
739.701 402.93
280.969 252.075
376.626 531.879
300.356 455.641
812.955 847.406
611.418 490.006
918.874 783.394
623.821 352.94
1079.73 488.32
262.693 423.283
911.63 446.964
1115.11 499.714
311.963 477.462
236.342 279.836
1142.22 595.558
324.263 480.262
657.727 457.212
362.437 241.667
438.279 179.679
978.199 566.243
1211.59 249.322
672.521 662.396
1116.8 601.821
343.609 495.856
594.754 202.766
597.65 463.669
855.659 568.636
423.62 161.979
1131.38 755.228
410 238.406
636.322 239.837
1126.16 544.592
380.653 326.839
1034.5 753.087
681.391 447.215
296.258 284.93
507.242 236.216
1047.43 576.736
1021.92 540.817
824.973 579.598
325.386 481.496
462.066 337.487
1235.84 579.261
75.637 372.047
323.889 560.664
267.562 306.841
469.323 189.951
735.216 863.222
759.36 478.587
384.185 303.055
350.333 312.58
530.439 251.154
865.605 891.217
750.994 683.048
601.636 211.121
662.943 659.82
293.284 323.569
1144.12 565.176
864.929 869.656
946.695 802.867
1049.29 552.828
486.895 119.39
450.371 288.155
1105.09 424.797
274.197 313.63
1000.17 722.42
867.85 381.534
1265.47 666.059
1071.42 499.936
860.443 559.033
1191.4 268.449
761.811 886.598
619.51 493.699
441.945 173.19
357.436 520.789
497.236 219.916
1093.76 541.166
531.143 253.872
1114.08 690.601
323.566 481.856
819.013 579.999
809.597 449.775
283.62 315.892
371.65 528.16
1132 455.924
842.279 782.301
303.657 329.015
1112.83 565.442
1103.21 583.176
803.476 457.173
253.7 291.988
524.882 252.844
1068.79 571.837
501.36 145.298
743.174 854.754
614.431 493.904
856.179 670.603
1040.22 484.632
1082.58 479.795
448.721 190.374
1205.38 663.154
714.157 616.411
490.962 220.063
888.997 736.325
744.248 560.427
296.413 328.394
851.682 742.944
1200.1 240.866
590.184 204.667
372.46 147.618
941.686 713.192
278.913 445.196
377.489 263.35
243.245 401.191
236.851 398.848
494.932 222.677
634.168 469.709
677.698 544.294
748.12 615.651
542.355 170.051
358.06 195.158
667.656 648.884
325.386 481.496
989.597 710.567
415.515 159.963
471.096 208.242
281.348 267.305
1055.74 577.243
671.706 452.354
298.122 217.484
88.571 374.722
1077.77 491.215
273.417 425.097
728.555 577.79
506.901 138.898
355.089 337.387
240.18 284.796
1094.61 567.949
502.073 138.277
613.915 516.826
1097.61 450.81
842.355 575.834
244.061 284.325
278.114 249.969
851.609 440.479
1074.52 480.783
384.188 177.748
255.792 294.244
1167.46 625.721
644.082 466.212
751.157 690.261
1197.74 277.322
457.642 333.489
1166.66 243.161
942.975 624.193
1122.31 740.93
482.153 209.998
645.57 461.633
287.591 450.179
531.143 253.872
417.527 158.496
859.202 715.815
292.119 270.968
1026.57 469.855
1258.84 659.191
1058.88 588.666
1089.61 682.844
325.623 486.045
819.542 525.332
288.368 243.709
286.69 443.099
633.045 487.352
1093.19 452.702
606.336 225.693
1111.25 493.563
721.195 808.847
1124.35 575.391
790.587 563.364
759.36 478.587
471.031 205.052
1149.3 477.65
379.035 323.75
868.155 722.53
915.358 457.731
1180.18 253.707
456.214 107.607
1115.78 676.123
1017.42 763.131
443.71 291.513
328.03 491.785
320.024 271.706
746.284 876.265
337.924 496.034
877.204 613.201
1097.45 584.344
1239.47 615.693
1063.75 601.579
268.568 302.379
742.32 897.951
1079.44 554.121
637.872 238.249
440.59 175.266
777.928 672.368
109.014 385.48
1167.46 625.721
508.398 239.88
391.086 304.624
722.666 821.988
636.233 529.88
464.163 198.069
876.285 368.408
664.805 669.622
245.736 290.372
1204.59 613.785
1172.18 629.837
605.921 518.196
378.21 327.431
277.718 253.438
325.948 480.694
745.387 716.343
456.829 196.059
952.877 533.007
944.171 514.56
507.224 135.892
1093.15 483.85
321.29 618.772
542.911 259.542
354.211 251.905
1162.91 622.677
383.292 331.627
296.184 328.506
733.867 401.243
473.882 114.571
1248.88 601.598
1180.06 228.691
679.739 457.434
602.802 484.884
1344.44 650.995
1117.12 520.81
1103.28 571.224
673.382 665.412
367.845 346.833
824.115 626.594
731.633 875.824
272.234 433.151
694.372 276.399
410.876 155.799
448.671 331.825
422.623 158.266
274.197 313.63
606.051 501.264
275.304 541.729
997.926 776.51
897.401 473.622
246.403 289.915
380.068 285.192
752.006 517.302
1195.36 247.879
73.9605 372.161
314.037 283.53
451.211 184.489
1186.03 435.817
306.661 457.751
1198.39 488.555
618.038 488.778
229.559 387.038
732.587 814.073
631.636 453.866
470.468 201.396
1005.62 700.226
571.304 184.714
240.332 274.615
242.954 277.114
1106.75 580.531
996.815 710.047
821.036 857.432
1077.87 667.275
249.27 413.877
254.227 416.699
1205.7 240.737
258.142 522.109
244.716 409.019
305.765 213.486
534.123 258.895
333.371 315.223
707.847 544.625
241.612 401.773
291.456 277.832
1086.61 589.777
525.945 252.668
262.876 300.159
435.58 290.96
1140.58 588.678
1124.2 743.959
1217.09 449.746
830.149 528.091
1165.17 284.251
464.095 201.834
1248.14 510.524
778.48 847.828
637.189 544.337
254.996 293.416
509.177 228.784
741.589 398.881
332.812 284.857
453.841 274.812
839.048 748.002
256.309 419.06
252.175 409.395
307.832 284.387
758.182 649.269
324.428 299.579
498.921 230.112
356.327 195.124
422.623 158.266
813.852 628.909
437.173 116.743
823.354 522.266
1046.94 474.049
538.774 180.989
994.423 701.298
1164.78 554.79
899.547 423.703
1133.55 640.934
973.409 725.333
1082.58 479.795
874.989 608.117
1134.52 684.146
914.083 840.638
871.259 698.648
483.575 309.898
688.861 756.228
1078.02 587.598
443.71 291.513
836.717 617.81
1112.4 423.659
416.239 164.396
759.342 648.105
378.986 530.268
928.572 499.286
952.097 531.071
436.284 347.923
461.364 199.977
691.168 823.548
365.36 316.276
438.477 173.331
314.747 238.449
650.864 457.086
730.373 850.5
739.974 714.698
422.676 248.687
1255.3 611.728
441.945 173.19
529.471 247.883
1123.33 742.305
1124.2 743.959
1192.79 263.548
938.789 806.886
1203.62 270.979
275.594 311.117
1147.63 705.872
248.7 288.145
1137.71 589.208
248.756 404.262
316.803 479.81
752.006 517.302
294.784 451.649
1060.21 466.167
711.439 848.584
1142 593.149
722.672 813.291
781.742 898.342
324.263 480.262
777.854 547.236
1175.66 267.557
779.927 846.411
751.745 504.064
373.619 536.001
1042.79 439.654
711.439 848.584
349.037 513.458
984.216 825.599
392.809 310.722
317.05 475.011
798.669 498.52
734.72 629.535
605.503 490.146
757.868 411.283
301.056 326.142
303.355 457.313
348.826 501.387
872.517 540.543
1064.26 558.97
358.981 520.633
573.788 351.806
708.866 424.957
349.335 307.757
547.408 176.898
1073.56 571.448
264.54 302.257
606.117 479.464
300.424 338.716
519.307 232.333
1137.91 758.218
314.436 278.721
903.633 823.328
469.479 192.942
916.883 410.362
417.34 155.379
724.934 843.028
359.925 243.829
753.805 906.831
1207.3 251.569
360.742 524.164
1189.28 278.878
612.708 498.514
760.734 475.403
974.467 551.097
1196.44 276.275
711.154 831.936
976.009 620.306
