0 2951
1 1986
2 4591
3 920
4 6637
5 2408
6 4836
7 5651
8 5164
9 5940
10 230
11 3857
12 1736
13 1959
14 1316
15 4642
16 4990
17 2357
18 5963
19 6508
20 3366
21 1569
22 1316
23 2478
24 1967
25 3990
26 5354
27 5423
28 3975
29 3494
30 218
31 2195
32 1342
33 3373
34 1724
35 488
36 4709
37 426
38 6408
39 895
40 4706
41 3945
42 3675
43 5445
44 5343
45 4652
46 897
47 2888
48 6332
49 64
50 1869
51 2416
52 2953
53 812
54 450
55 964
56 1948
57 1899
58 114
59 531
60 2138
61 2586
62 5580
63 4813
64 500
65 3620
66 2102
67 4255
68 4362
69 2345
70 1851
71 1912
72 6519
73 3769
74 552
75 1792
76 1935
77 2529
78 540
79 2554
80 5837
81 3659
82 1339
83 6858
84 4994
85 5422
86 4104
87 6195
88 2337
89 5137
90 1315
91 3464
92 1776
93 4359
94 6309
95 1116
96 6155
97 5126
98 4028
99 2841
100 507
101 3614
102 4512
103 5122
104 260
105 2809
106 4172
107 5835
108 2763
109 2799
110 3970
111 3775
112 5544
113 2008
114 4342
115 1474
116 1621
117 2800
118 6038
119 4260
120 5492
121 1328
122 1906
123 1521
124 819
125 810
126 3929
127 6514
128 6091
129 535
130 5696
131 2275
132 2458
133 2575
134 5954
135 5286
136 3808
137 626
138 2138
139 6113
140 442
141 3428
142 2365
143 1414
144 1882
145 1520
146 2529
147 1691
148 2525
149 5249
150 5775
151 1827
152 3249
153 3908
154 4234
155 4929
156 5469
157 206
158 299
159 6133
160 2989
161 496
162 3396
163 1456
164 5575
165 5597
166 3871
167 6392
168 1446
169 407
170 120
171 5398
172 5629
173 3439
174 907
175 3395
176 3138
177 3230
178 6646
179 4141
180 5784
181 979
182 4199
183 298
184 1679
185 2366
186 537
187 2721
188 774
189 4860
190 6627
191 2888
192 3104
193 1726
194 4745
195 1754
196 4022
197 3897
198 434
199 3014
200 2232
201 1946
202 5019
203 3961
204 3467
205 184
206 4704
207 4008
208 5743
209 3455
210 3547
211 3187
212 2721
213 1546
214 5111
215 3625
216 2184
217 3437
218 4442
219 5925
220 4806
221 2743
222 3477
223 1061
224 5025
225 6597
226 6117
227 1543
228 809
229 5395
230 2443
231 3610
232 4755
233 6132
234 5588
235 4451
236 1498
237 4316
238 6428
239 2485
240 5647
241 5006
242 1896
243 3325
244 744
245 2416
246 6357
247 759
248 1678
249 5825
250 2174
251 2848
252 620
253 4467
254 3078
255 4630
256 1063
257 4347
258 4088
259 2519
260 5322
261 244
262 1962
263 1216
264 3793
265 1040
266 861
267 2183
268 3112
269 2191
270 2220
271 6715
272 3403
273 3201
274 2977
275 2296
276 2570
277 2400
278 3479
279 2249
280 5240
281 3626
282 5298
283 6739
284 3821
285 6169
286 3280
287 1745
288 4955
289 6702
290 496
291 3137
292 3790
293 3583
294 5226
295 4301
296 5219
297 3652
298 6561
299 3560
300 293
301 6013
302 6248
303 2259
304 1456
305 2807
306 547
307 2566
308 3482
309 2061
310 6764
311 678
312 4843
313 5478
314 2902
315 608
316 5088
317 6560
318 2518
319 5511
320 4436
321 546
322 2165
323 1694
324 1532
325 2609
326 6383
327 3794
328 2877
329 5321
330 6358
331 2830
332 5689
333 1994
334 4325
335 4331
336 622
337 1660
338 5976
339 6847
340 3176
341 5052
342 3101
343 2922
344 6558
345 1359
346 5240
347 4215
348 262
349 5002
350 2183
351 6026
352 6740
353 1316
354 3910
355 538
356 3459
357 5359
358 3619
359 208
360 6743
361 5426
362 2638
363 3342
364 349
365 3566
366 6616
367 4090
368 6683
369 1280
370 6518
371 2250
372 4631
373 5859
374 4856
375 1623
376 2992
377 1823
378 1285
379 5389
380 944
381 3833
382 403
383 6470
384 1000
385 1808
386 550
387 2388
388 4135
389 6512
390 1839
391 3372
392 1889
393 644
394 3216
395 4400
396 6147
397 3795
398 293
399 1910
400 2274
401 5573
402 3150
403 1422
404 2044
405 3861
406 6627
407 416
408 4526
409 4057
410 849
411 1658
412 2609
413 6378
414 488
415 6100
416 4030
417 395
418 1560
419 6680
420 3364
421 6563
422 5687
423 708
424 3473
425 5644
426 6014
427 6770
428 5296
429 2505
430 4475
431 3070
432 1749
433 1372
434 4553
435 3869
436 4061
437 1713
438 695
439 517
440 1142
441 3486
442 5435
443 6103
444 6181
445 3368
446 526
447 2149
448 3061
449 778
450 5272
451 3067
452 6565
453 2608
454 5418
455 2333
456 3251
457 87
458 6327
459 1824
460 3988
461 6334
462 2664
463 3027
464 6737
465 2256
466 6077
467 3097
468 4467
469 6281
470 3125
471 4719
472 6325
473 6417
474 5690
475 6796
476 586
477 3158
478 629
479 4887
480 43
481 4593
482 4505
483 3602
484 5915
485 5583
486 6654
487 2699
488 236
489 2230
490 1608
491 2422
492 2016
493 575
494 3102
495 3188
496 6451
497 4547
498 1896
499 3379
500 4336
501 3214
502 557
503 4433
504 854
505 141
506 746
507 2952
508 979
509 3111
510 5052
511 3978
512 6457
513 2404
514 5372
515 1981
516 3915
517 5853
518 3156
519 2376
520 1113
521 5925
522 5385
523 6552
524 4500
525 834
526 1927
527 1334
528 5426
529 3557
530 2786
531 377
532 4372
533 5869
534 4808
535 27
536 5377
537 6542
538 6178
539 5340
540 2885
541 2168
542 4374
543 3174
544 6065
545 5714
546 3624
547 5500
548 4726
549 748
550 518
551 2476
552 3234
553 5615
554 136
555 1886
556 6519
557 4240
558 2273
559 5473
560 2992
561 6730
562 3030
563 3875
564 5812
565 2914
566 2638
567 172
568 5111
569 4049
570 4745
571 3300
572 3042
573 6774
574 2720
575 3162
576 140
577 5354
578 199
579 2089
580 2438
581 2211
582 3551
583 6604
584 4330
585 624
586 2140
587 5545
588 5961
589 2055
590 2192
591 4107
592 840
593 1769
594 3674
595 2154
596 4518
597 1398
598 505
599 915
600 3053
601 552
602 4110
603 4636
604 3571
605 1514
606 5438
607 4913
608 2014
609 6551
610 3256
611 1292
612 3415
613 2635
614 4130
615 3720
616 4394
617 2786
618 6843
619 3695
620 48
621 4083
622 2099
623 1375
624 4236
625 1362
626 4994
627 3092
628 121
629 1500
630 5682
631 5688
632 2402
633 4708
634 6653
635 293
636 1979
637 3263
638 1220
639 2751
640 6637
641 896
642 1247
643 4428
644 6845
645 1464
646 250
647 5820
648 6833
649 2872
650 2266
651 1395
652 2771
653 1420
654 5325
655 4145
656 3082
657 5693
658 317
659 3325
660 3514
661 3213
662 979
663 4967
664 1399
665 3169
666 3572
667 2757
668 4992
669 1381
670 6773
671 3598
672 1613
673 4752
674 3809
675 3427
676 2017
677 5003
678 1572
679 2926
680 1255
681 6233
682 1442
683 264
684 3993
685 2649
686 1458
687 4347
688 6577
689 6048
690 1315
691 3797
692 4986
693 630
694 3137
695 5267
696 3810
697 5270
698 3534
699 5270
700 6345
701 3396
702 816
703 1877
704 1063
705 3035
706 1449
707 6816
708 1976
709 5028
710 3409
711 4139
712 59
713 6522
714 1975
715 3573
716 3099
717 4864
718 1544
719 538
720 447
721 3452
722 4062
723 2943
724 469
725 6339
726 4483
727 2516
728 3082
729 510
730 1024
731 1656
732 6338
733 2659
734 3236
735 6304
736 2164
737 3902
738 4029
739 3681
740 515
741 1767
742 3617
743 5821
744 2543
745 6193
746 4826
747 5811
748 4842
749 490
750 6083
751 463
752 4428
753 4029
754 2710
755 2661
756 1781
757 5598
758 6294
759 3586
760 2732
761 5179
762 2810
763 4840
764 2003
765 5891
766 3840
767 1605
768 599
769 5521
770 1063
771 5913
772 704
773 4144
774 2762
775 4206
776 4938
777 4940
778 1540
779 1404
780 4899
781 24
782 3752
783 2702
784 3536
785 2712
786 5634
787 5494
788 6498
789 3762
790 3609
791 2574
792 863
793 1691
794 336
795 3900
796 837
797 1445
798 2486
799 4340
800 3072
801 4556
802 4336
803 1569
804 4997
805 4226
806 1460
807 592
808 3028
809 5904
810 1946
811 5827
812 1689
813 3581
814 3792
815 5773
816 134
817 546
818 5600
819 423
820 4314
821 6346
822 5222
823 6387
824 3355
825 745
826 2296
827 3090
828 836
829 4235
830 526
831 3898
832 3386
833 1535
834 4583
835 3164
836 4010
837 1528
838 1487
839 3520
840 3785
841 6541
842 2010
843 654
844 307
845 3874
846 3461
847 2867
848 2192
849 4569
850 941
851 980
852 2340
853 521
854 6639
855 498
856 4441
857 26
858 4659
859 943
860 6735
861 5597
862 3692
863 2203
864 336
865 2630
866 2500
867 6285
868 6259
869 3127
870 5678
871 4453
872 1552
873 5734
874 6808
875 1979
876 4709
877 4533
878 2836
879 344
880 8
881 4057
882 2426
883 1761
884 1833
885 3832
886 6322
887 823
888 6422
889 4553
890 3243
891 3432
892 822
893 6737
894 5990
895 1947
896 1994
897 2975
898 4043
899 2026
900 6672
901 6383
902 2130
903 2850
904 5717
905 2383
906 280
907 1579
908 3757
909 5515
910 5506
911 977
912 6137
913 5713
914 371
915 4989
916 4962
917 1291
918 4739
919 844
920 2048
921 2226
922 337
923 5668
924 5903
925 887
926 5857
927 5026
928 2804
929 2631
930 6583
931 1952
932 4004
933 6766
934 4000
935 899
936 442
937 6686
938 5382
939 4097
940 3274
941 3550
942 2751
943 274
944 375
945 461
946 1614
947 4011
948 2705
949 4397
950 4274
951 3617
952 2882
953 893
954 2303
955 3688
956 2751
957 5758
958 4467
959 5576
960 3424
961 5803
962 1758
963 2488
964 5780
965 613
966 6098
967 373
968 742
969 6039
970 3434
971 130
972 838
973 6189
974 3770
975 5430
976 1527
977 1325
978 1791
979 244
980 432
981 5917
982 5826
983 5284
984 6510
985 2539
986 1476
987 2794
988 6798
989 4708
990 2499
991 696
992 5418
993 4197
994 4630
995 732
996 3509
997 5304
998 5525
999 659
1000 6392
1001 6684
1002 808
1003 2138
1004 4436
1005 3003
1006 4278
1007 593
1008 6412
1009 3708
1010 1959
1011 608
1012 3735
1013 1230
1014 5608
1015 3177
1016 4725
1017 3161
1018 2539
1019 2693
1020 3431
1021 2237
1022 2305
1023 1679
1024 5928
1025 2894
1026 1762
1027 6480
1028 2520
1029 1662
1030 1541
1031 4920
1032 1590
1033 3150
1034 5736
1035 3474
1036 1809
1037 3838
1038 47
1039 2040
1040 5825
1041 3093
1042 4187
1043 3351
1044 6014
1045 6126
1046 3677
1047 6078
1048 3195
1049 2432
1050 2861
1051 6471
1052 3104
1053 6193
1054 3887
1055 5827
1056 3432
1057 846
1058 1672
1059 4070
1060 1314
1061 1798
1062 2630
1063 3593
1064 299
1065 3531
1066 5788
1067 563
1068 4730
1069 6346
1070 4704
1071 4054
1072 2675
1073 1764
1074 3561
1075 6394
1076 1793
1077 4164
1078 6731
1079 1292
1080 479
1081 3829
1082 5773
1083 3972
1084 6549
1085 216
1086 2483
1087 2730
1088 2231
1089 2404
1090 3201
1091 4062
1092 1046
1093 5438
1094 1287
1095 404
1096 1809
1097 5706
1098 3093
1099 1587
1100 2633
1101 6165
1102 4782
1103 6631
1104 4242
1105 5377
1106 1803
1107 1901
1108 225
1109 1698
1110 201
1111 1556
1112 5532
1113 1132
1114 6377
1115 4088
1116 1281
1117 995
1118 248
1119 2707
1120 1291
1121 2192
1122 4456
1123 1993
1124 766
1125 383
1126 3703
1127 3769
1128 5891
1129 5648
1130 2381
1131 5603
1132 4630
1133 1602
1134 5279
1135 652
1136 5528
1137 5412
1138 1685
1139 4451
1140 3644
1141 5350
1142 4248
1143 2048
1144 3732
1145 4304
1146 2444
1147 534
1148 4345
1149 531
1150 600
1151 1563
1152 2440
1153 3834
1154 3099
1155 2014
1156 6597
1157 928
1158 2047
1159 5668
1160 1492
1161 2767
1162 498
1163 5179
1164 15
1165 1436
1166 2540
1167 3123
1168 1580
1169 6842
1170 5855
1171 6534
1172 43
1173 5489
1174 1452
1175 6421
1176 1384
1177 3656
1178 2963
1179 6717
1180 2653
1181 1515
1182 853
1183 1873
1184 5883
1185 3943
1186 6523
1187 5939
1188 6448
1189 488
1190 1204
1191 4198
1192 2011
1193 5636
1194 919
1195 1533
1196 1547
1197 742
1198 2663
1199 4134
1200 579
1201 5641
1202 3842
1203 982
1204 6185
1205 1477
1206 6654
1207 931
1208 5860
1209 1636
1210 3668
1211 1926
1212 5377
1213 1465
1214 4840
1215 2482
1216 4344
1217 962
1218 163
1219 1770
1220 4816
1221 643
1222 2161
1223 6325
1224 1423
1225 5361
1226 4819
1227 392
1228 1676
1229 4932
1230 2877
1231 3614
1232 1909
1233 733
1234 1698
1235 1804
1236 4214
1237 177
1238 6642
1239 1244
1240 2131
1241 787
1242 247
1243 1330
1244 1862
1245 818
1246 3085
1247 1792
1248 2118
1249 938
1250 1247
1251 361
1252 655
1253 2305
1254 3975
1255 3760
1256 519
1257 493
1258 3312
1259 3717
1260 2478
1261 3485
1262 4002
1263 1333
1264 2885
1265 2815
1266 6854
1267 3338
1268 22
1269 6539
1270 5847
1271 1597
1272 518
1273 2941
1274 3029
1275 1663
1276 1335
1277 4365
1278 3445
1279 3147
1280 2404
1281 2835
1282 5708
1283 2851
1284 922
1285 4658
1286 5168
1287 5295
1288 2225
1289 2974
1290 5730
1291 2739
1292 3179
1293 5052
1294 896
1295 2918
1296 2591
1297 218
1298 6500
1299 4594
1300 1733
1301 5919
1302 2493
1303 6355
1304 5980
1305 3545
1306 4019
1307 1955
1308 6842
1309 4029
1310 1610
1311 932
1312 765
1313 3553
1314 2755
1315 2965
1316 2415
1317 5734
1318 4631
1319 6038
1320 6727
1321 2066
1322 3691
1323 5301
1324 3873
1325 4557
1326 3010
1327 4553
1328 3160
1329 4252
1330 6600
1331 1680
1332 2363
1333 6534
1334 785
1335 1899
1336 4832
1337 1692
1338 1948
1339 2141
1340 798
1341 3543
1342 5395
1343 3854
1344 4647
1345 4022
1346 6223
1347 1574
1348 1195
1349 1869
1350 1092
1351 2482
1352 2664
1353 4992
1354 2434
1355 4072
1356 3064
1357 1188
1358 1886
1359 5992
1360 3968
1361 3590
1362 2604
1363 6354
1364 5300
1365 3699
1366 1876
1367 2708
1368 4901
1369 1480
1370 1971
1371 6675
1372 5007
1373 3302
1374 850
1375 2761
1376 2672
1377 5120
1378 2175
1379 518
1380 4368
1381 3803
1382 1793
1383 1796
1384 2689
1385 4943
1386 4133
1387 2369
1388 418
1389 1461
1390 1116
1391 6680
1392 6098
1393 3592
1394 701
1395 3770
1396 4613
1397 6765
1398 3198
1399 750
1400 4182
1401 3849
1402 4318
1403 1313
1404 6858
1405 2949
1406 2445
1407 2005
1408 460
1409 4915
1410 1318
1411 1453
1412 3366
1413 792
1414 3204
1415 1552
1416 5615
1417 1246
1418 6416
1419 206
1420 2759
1421 4146
1422 3820
1423 5297
1424 6015
1425 3441
1426 902
1427 2357
1428 6021
1429 2687
1430 505
1431 2623
1432 2820
1433 831
1434 3135
1435 5771
1436 2166
1437 2599
1438 4115
1439 1050
1440 5830
1441 1970
1442 414
1443 2014
1444 4023
1445 5600
1446 6097
1447 1664
1448 853
1449 499
1450 5447
1451 3455
1452 382
1453 6380
1454 3990
1455 3679
1456 1893
1457 2300
1458 3768
1459 6479
1460 1698
1461 973
1462 4029
1463 5547
1464 3316
1465 1688
1466 909
1467 3701
1468 3124
1469 34
1470 3777
1471 3398
1472 2851
1473 5276
1474 3612
1475 4957
1476 1954
1477 1967
1478 2277
1479 2589
1480 2014
1481 208
1482 3027
1483 2859
1484 2517
1485 6094
1486 4255
1487 6032
1488 3216
1489 528
1490 4026
1491 6243
1492 2879
1493 4495
1494 2865
1495 4166
1496 2250
1497 586
1498 2657
1499 2647
1500 6048
1501 5359
1502 3188
1503 6487
1504 830
1505 4250
1506 3164
1507 4038
1508 2672
1509 3802
1510 3850
1511 2763
1512 92
1513 6506
1514 297
1515 961
1516 2860
1517 6114
1518 2170
1519 6013
1520 3086
1521 4264
1522 759
1523 2722
1524 2382
1525 1681
1526 4111
1527 4988
1528 6223
1529 6664
1530 2425
1531 937
1532 6140
1533 6053
1534 2959
1535 3866
1536 148
1537 1630
1538 1869
1539 3124
1540 199
1541 1595
1542 6729
1543 2275
1544 1567
1545 850
1546 4708
1547 4851
1548 2216
1549 6188
1550 2044
1551 571
1552 3828
1553 53
1554 4272
1555 4238
1556 1590
1557 3002
1558 4806
1559 944
1560 1907
1561 394
1562 5248
1563 5003
1564 1957
1565 2203
1566 470
1567 3329
1568 908
1569 4118
1570 402
1571 5990
1572 4438
1573 3092
1574 3296
1575 2638
1576 2360
1577 3792
1578 2024
1579 509
1580 1874
1581 3120
1582 652
1583 4649
1584 575
1585 4948
1586 5575
1587 177
1588 5724
1589 4855
1590 2385
1591 3900
1592 4050
1593 837
1594 4895
1595 4211
1596 3411
1597 3458
1598 4145
1599 1917
1600 5394
1601 4051
1602 4798
1603 403
1604 2779
1605 391
1606 3203
1607 2508
1608 2137
1609 4052
1610 920
1611 6009
1612 4432
1613 2011
1614 1797
1615 3103
1616 3952
1617 2242
1618 1873
1619 4419
1620 873
1621 3052
1622 834
1623 4115
1624 4757
1625 3931
1626 3722
1627 1761
1628 4615
1629 6250
1630 5660
1631 227
1632 6774
1633 4759
1634 1638
1635 4201
1636 4138
1637 2133
1638 2086
1639 1607
1640 3991
1641 3133
1642 5741
1643 2107
1644 3908
1645 164
1646 1682
1647 2190
1648 4944
1649 580
1650 2105
1651 2364
1652 2693
1653 34
1654 1928
1655 5677
1656 211
1657 4522
1658 1686
1659 4484
1660 6041
1661 2411
1662 3456
1663 3521
1664 5715
1665 3698
1666 602
1667 5976
1668 1821
1669 863
1670 4685
1671 2521
1672 138
1673 576
1674 336
1675 3096
1676 6706
1677 5505
1678 3380
1679 6106
1680 4976
1681 1673
1682 3184
1683 345
1684 3205
1685 1506
1686 1601
1687 4311
1688 5450
1689 5626
1690 4678
1691 2872
1692 1698
1693 2641
1694 6018
1695 5179
1696 5599
1697 6393
1698 1707
1699 3886
1700 3237
1701 1768
1702 1802
1703 3916
1704 2745
1705 4777
1706 4106
1707 369
1708 3813
1709 2235
1710 2379
1711 2755
1712 700
1713 1280
1714 1448
1715 1886
1716 2863
1717 3716
1718 896
1719 1735
1720 4067
1721 297
1722 36
1723 4811
1724 6524
1725 950
1726 6651
1727 5658
1728 1603
1729 3494
1730 2278
1731 608
1732 1911
1733 2760
1734 3939
1735 55
1736 4907
1737 3290
1738 1089
1739 2696
1740 2367
1741 3981
1742 1792
1743 5865
1744 6396
1745 836
1746 1593
1747 3408
1748 4084
1749 375
1750 4647
1751 5555
1752 6219
1753 775
1754 3999
1755 2507
1756 5262
1757 2579
1758 667
1759 2714
1760 3235
1761 572
1762 4837
1763 4761
1764 4800
1765 622
1766 4318
1767 6460
1768 872
1769 6265
1770 3495
1771 5293
1772 5074
1773 976
1774 3891
1775 3412
1776 2404
1777 3314
1778 2244
1779 3141
1780 487
1781 3981
1782 436
1783 828
1784 4965
1785 3691
1786 6274
1787 6171
1788 823
1789 603
1790 2887
1791 3619
1792 2885
1793 3233
1794 1073
1795 1799
1796 1139
1797 2132
1798 2194
1799 4583
1800 1008
1801 1576
1802 1686
1803 4208
1804 6309
1805 5998
1806 2173
1807 167
1808 3778
1809 3481
1810 1771
1811 2021
1812 585
1813 681
1814 5561
1815 3787
1816 2537
1817 3280
1818 5661
1819 2367
1820 3962
1821 3949
1822 2729
1823 5728
1824 1666
1825 531
1826 4286
1827 791
1828 4288
1829 6041
1830 6728
1831 268
1832 3035
1833 4431
1834 885
1835 1667
1836 2881
1837 4129
1838 3617
1839 817
1840 1875
1841 5456
1842 672
1843 316
1844 984
1845 3659
1846 676
1847 2566
1848 2299
1849 3857
1850 1377
1851 3468
1852 4044
1853 2706
1854 4141
1855 2749
1856 4287
1857 6188
1858 1755
1859 19
1860 3014
1861 5252
1862 3993
1863 2758
1864 3363
1865 3187
1866 4283
1867 5740
1868 544
1869 96
1870 5469
1871 765
1872 3085
1873 2622
1874 4583
1875 109
1876 2145
1877 3857
1878 3568
1879 4050
1880 2947
1881 3762
1882 2382
1883 3061
1884 2019
1885 1506
1886 5701
1887 2001
1888 828
1889 5007
1890 2109
1891 913
1892 1392
1893 6486
1894 2149
1895 3906
1896 3009
1897 1302
1898 1506
1899 816
1900 5592
1901 2091
1902 5397
1903 1326
1904 5093
1905 2032
1906 3685
1907 5980
1908 5609
1909 1270
1910 4447
1911 971
1912 6416
1913 2893
1914 833
1915 5408
1916 3481
1917 2057
1918 4252
1919 3973
1920 4999
1921 6655
1922 3014
1923 4943
1924 1307
1925 2575
1926 6786
1927 631
1928 3028
1929 4641
1930 818
1931 324
1932 1964
1933 4983
1934 2321
1935 2932
1936 571
1937 3071
1938 2366
1939 2744
1940 5557
1941 5820
1942 3275
1943 1293
1944 1792
1945 3214
1946 3660
1947 1897
1948 3526
1949 2908
1950 871
1951 2406
1952 3329
1953 6066
1954 3239
1955 1958
1956 5690
1957 1198
1958 3988
1959 2153
1960 6475
1961 5961
1962 3367
1963 721
1964 786
1965 167
1966 4648
1967 399
1968 3366
1969 4107
1970 2848
1971 2405
1972 902
1973 6667
1974 5677
1975 5297
1976 1831
1977 6786
1978 5257
1979 6834
1980 3254
1981 5863
1982 4122
1983 6227
1984 1413
1985 2357
1986 1875
1987 2983
1988 4235
1989 5874
1990 3674
1991 2765
1992 2232
1993 3127
1994 6600
1995 2397
1996 2889
1997 5640
1998 2837
1999 1535
2000 4196
2001 5100
2002 3098
2003 4122
2004 3877
2005 3876
2006 3014
2007 3110
2008 221
2009 5477
2010 2518
2011 1724
2012 2919
2013 337
2014 2581
2015 747
2016 2360
2017 4369
2018 371
2019 2679
2020 3021
2021 6224
2022 3618
2023 6234
2024 403
2025 5011
2026 3173
2027 5523
2028 1077
2029 1580
2030 5359
2031 4678
2032 2018
2033 1348
2034 3702
2035 2215
2036 3586
2037 2831
2038 5967
2039 3439
2040 729
2041 6586
2042 100
2043 6695
2044 6751
2045 6765
2046 5947
2047 3382
2048 3776
2049 2794
2050 3371
2051 4687
2052 2224
2053 6570
2054 1882
2055 3481
2056 882
2057 3004
2058 3118
2059 5016
2060 2064
2061 5492
2062 862
2063 3014
2064 5093
2065 5361
2066 2703
2067 5323
2068 2436
2069 2872
2070 6475
2071 3111
2072 1359
2073 1485
2074 149
2075 4012
2076 375
2077 1803
2078 750
2079 5578
2080 5262
2081 521
2082 406
2083 3880
2084 6361
2085 4023
2086 2863
2087 2072
2088 2761
2089 1812
2090 2023
2091 1711
2092 4610
2093 1876
2094 5516
2095 600
2096 6718
2097 447
2098 2204
2099 2276
2100 3130
2101 2256
2102 4840
2103 2803
2104 692
2105 833
2106 2478
2107 4019
2108 361
2109 4802
2110 1934
2111 3341
2112 1417
2113 3025
2114 114
2115 2689
2116 685
2117 2052
2118 3843
2119 4743
2120 5483
2121 1867
2122 3416
2123 6693
2124 1446
2125 3296
2126 4252
2127 4994
2128 2588
2129 233
2130 4588
2131 1658
2132 2220
2133 2670
2134 2181
2135 179
2136 634
2137 2367
2138 2438
2139 1982
2140 4505
2141 5429
2142 872
2143 4590
2144 4240
2145 861
2146 1805
2147 2026
2148 2205
2149 5063
2150 1873
2151 3487
2152 68
2153 2870
2154 4648
2155 5652
2156 1631
2157 556
2158 2824
2159 2199
2160 5821
2161 2596
2162 209
2163 6526
2164 4017
2165 2879
2166 656
2167 637
2168 6162
2169 2526
2170 2741
2171 6351
2172 5906
2173 2389
2174 6128
2175 1347
2176 6511
2177 6146
2178 1440
2179 4885
2180 3561
2181 1543
2182 2385
2183 2024
2184 6768
2185 2370
2186 2300
2187 4843
2188 811
2189 3216
2190 199
2191 4161
2192 4336
2193 2688
2194 3704
2195 3955
2196 3136
2197 6701
2198 3256
2199 113
2200 3124
2201 344
2202 2411
2203 3264
2204 5351
2205 6241
2206 4950
2207 5673
2208 4214
2209 4217
2210 2068
2211 2773
2212 900
2213 4697
2214 1595
2215 2758
2216 668
2217 5292
2218 781
2219 843
2220 1327
2221 5875
2222 3293
2223 4112
2224 3517
2225 4255
2226 6319
2227 594
2228 5673
2229 993
2230 979
2231 1781
2232 5190
2233 2341
2234 6524
2235 1515
2236 4979
2237 1676
2238 1471
2239 5431
2240 3084
2241 3279
2242 2126
2243 6499
2244 3456
2245 102
2246 6853
2247 816
2248 4571
2249 1646
2250 3957
2251 5706
2252 347
2253 2044
2254 899
2255 2939
2256 2205
2257 863
2258 5331
2259 5679
2260 5398
2261 2363
2262 2383
2263 2280
2264 1514
2265 2905
2266 2386
2267 6575
2268 3391
2269 5259
2270 1819
2271 6454
2272 5701
2273 2948
2274 1835
2275 1887
2276 2755
2277 3993
2278 1960
2279 4544
2280 2528
2281 6542
2282 4552
2283 4900
2284 3338
2285 6644
2286 6416
2287 3059
2288 1475
2289 856
2290 3998
2291 2763
2292 6502
2293 2918
2294 5208
2295 6287
2296 5262
2297 4743
2298 3852
2299 3297
2300 3157
2301 5041
2302 4696
2303 5694
2304 3412
2305 2767
2306 6643
2307 601
2308 6476
2309 1774
2310 3802
2311 3262
2312 4896
2313 2347
2314 4108
2315 1961
2316 1791
2317 3006
2318 3458
2319 3837
2320 3350
2321 537
2322 2393
2323 2617
2324 4177
2325 4500
2326 336
2327 4155
2328 6661
2329 4106
2330 486
2331 2445
2332 1303
2333 6023
2334 2564
2335 3567
2336 2380
2337 3416
2338 3708
2339 6792
2340 3062
2341 1690
2342 720
2343 6362
2344 1553
2345 2348
2346 405
2347 2594
2348 3236
2349 4091
2350 407
2351 1380
2352 2949
2353 3881
2354 3136
2355 3475
2356 4708
2357 1458
2358 3195
2359 2918
2360 2718
2361 4215
2362 5450
2363 3699
2364 3104
2365 6778
2366 2541
2367 1894
2368 310
2369 1427
2370 3927
2371 5610
2372 6588
2373 5683
2374 919
2375 5037
2376 1484
2377 2954
2378 3635
2379 828
2380 2711
2381 5981
2382 3490
2383 6461
2384 5401
2385 4440
2386 3723
2387 2728
2388 4851
2389 3571
2390 1406
2391 2667
2392 318
2393 3265
2394 4198
2395 4254
2396 1281
2397 3079
2398 2454
2399 3643
2400 1888
2401 4231
2402 1861
2403 6434
2404 241
2405 3851
2406 1821
2407 2284
2408 2358
2409 6663
2410 3584
2411 3454
2412 3927
2413 2196
2414 2144
2415 2472
2416 6175
2417 216
2418 5033
2419 3157
2420 324
2421 5335
2422 3989
2423 6472
2424 2520
2425 292
2426 6087
2427 6222
2428 3165
2429 134
2430 5581
2431 5898
2432 1617
2433 548
2434 4881
2435 2262
2436 2360
2437 6179
2438 4589
2439 4190
2440 5889
2441 2933
2442 2745
2443 2817
2444 787
2445 6020
2446 3081
2447 936
2448 4907
2449 2357
2450 4146
2451 1721
2452 5724
2453 2307
2454 3635
2455 893
2456 1780
2457 2153
2458 5009
2459 1760
2460 4094
2461 5953
2462 1710
2463 2167
2464 2146
2465 1991
2466 2363
2467 3408
2468 1687
2469 5532
2470 2422
2471 4939
2472 1769
2473 4180
2474 5678
2475 2647
2476 4493
2477 5625
2478 1680
2479 1977
2480 6274
2481 270
2482 1899
2483 5261
2484 3162
2485 2581
2486 4268
2487 23
2488 5730
2489 2552
2490 767
2491 1103
2492 4357
2493 3150
2494 5658
2495 902
2496 2278
2497 6395
2498 4133
2499 4008
