-0.035113 -1.074891 1.398645 0.104047
-0.405641 -0.987892 1.679561 -0.460294
-0.815643 0.714274 -1.230420 -0.989773
-0.522619 -0.931931 1.527540 -0.649133
-0.858011 0.730665 -1.537822 -1.321660
0.356176 -1.076672 1.517307 1.028983
0.375998 -1.048267 1.534934 0.951948
-1.588756 -0.203462 -0.542215 -1.603992
-0.488091 0.933706 -2.401258 -1.303420
-0.799652 -1.064384 0.893071 -0.597182
-0.601747 -0.919124 0.891742 -0.627832
-1.669255 0.030612 -0.656135 -1.750292
-1.214661 0.097845 -0.574289 -1.300186
0.092115 -1.249539 1.346268 0.605207
-0.529863 0.982419 -2.320369 -1.319134
-0.232341 -1.269036 1.199065 0.100650
1.051040 -0.756847 0.376345 1.511184
0.805259 -0.666318 0.805072 1.245059
-0.990199 0.500539 -0.817284 -1.350115
-0.182955 1.157213 -1.370047 0.156665
-0.998655 0.433568 -0.852604 -1.354990
-0.855460 0.666601 -1.008537 -0.879063
0.861719 -1.101351 1.294622 0.343855
1.202582 -0.245317 0.628472 1.252728
0.747542 1.157744 -1.732072 0.200826
0.437882 -1.178207 1.799138 -0.174334
0.536692 -1.463512 1.983088 -0.025904
0.753845 -1.443354 1.582261 0.149005
-0.045337 -1.068455 1.427768 0.036917
-0.194725 -1.411388 1.096514 -0.470969
0.575435 -1.303328 1.945409 -0.142934
1.148018 0.327672 -0.934173 1.313956
-0.771110 -0.843963 1.617209 -0.949117
0.671081 -0.933744 1.470834 1.194103
1.208845 0.058479 -0.794628 1.513738
2.146864 -3.819448 1.420315 -0.239085
1.356079 -0.050556 -1.161128 1.994558
0.509096 -1.198036 1.730821 -0.136695
1.280981 0.024638 -1.251533 2.104869
0.017029 -1.043757 1.795099 -0.080699
1.036798 0.489646 -0.762845 1.234904
0.383226 -1.240544 1.662568 -0.275711
0.243985 -1.104632 1.675806 -0.054751
0.809106 -0.754278 0.832908 0.741538
1.059092 0.361603 -0.882015 1.396872
-0.297731 -1.107687 1.653813 -0.813599
0.817938 -0.711159 0.852302 0.840147
0.530333 1.025551 -1.632323 0.910013
-0.946252 -0.616197 0.612468 -0.891132
-1.025586 -0.307973 0.835280 -2.740190
1.068364 0.339009 -1.590809 2.319119
1.072739 0.368143 -1.103418 1.567578
-1.272193 -0.423459 0.255592 -1.074875
1.227888 0.057510 0.286375 1.253915
0.539368 0.964322 -1.445698 0.751242
0.704218 -0.819237 1.359989 0.863509
0.281026 -1.108886 1.348649 0.660480
-0.302500 1.022517 -1.360019 -0.319743
0.068646 1.062746 -1.363153 0.186744
0.918195 0.543078 -1.047015 1.465348
0.924074 0.567899 -0.640463 1.389312
0.357869 -1.120644 1.431581 0.265897
-0.359630 1.080096 -1.227492 -0.626830
0.100868 -1.048923 1.383025 0.168072
0.007433 -1.099143 1.337757 0.053868
1.169406 -0.041156 0.015946 1.280487
0.813044 0.771524 -0.851993 0.741744
1.099151 0.238652 -0.284201 1.341395
0.205837 1.062393 -1.309652 0.128471
-0.957493 -0.479136 0.479136 -0.957493
0.806022 0.859038 -0.831060 0.762484
-1.115448 0.283442 -0.345064 -1.467926
1.053700 -0.206156 0.199878 1.093519
1.040167 -0.052110 0.042740 1.191159
0.228833 1.119939 -1.066719 0.251121
1.126678 0.499347 -0.684028 1.149086
0.192578 1.049406 -1.113298 0.181218
1.079939 -0.041509 0.093271 1.177446
0.222261 1.166509 -1.106631 0.186635
0.072742 -1.156258 1.118615 0.089677
0.925101 0.798508 -0.815126 1.363698
-0.085743 1.099622 -1.224382 -0.010471
0.233302 -1.225410 1.290202 0.663647
-0.071562 -1.134213 1.066187 -0.036929
-0.601675 -0.908938 1.176924 -0.592474
0.969443 0.462744 -0.764536 1.221578
0.426856 0.986982 -1.398318 0.819016
-0.707013 -0.763672 1.437202 -1.057133
-0.025921 1.065775 -1.225614 0.037972
-1.145622 -0.136556 -0.128655 -1.299003
1.038540 0.149268 -0.176879 1.174548
0.044564 1.155446 -1.066234 0.026144
-0.045475 -1.122706 1.056294 -0.053963
-1.131012 0.188748 -0.380259 -1.114650
-0.710719 -0.830749 1.470819 -0.928100
-1.173913 -0.073816 0.050704 -1.119459
0.710088 0.828682 -1.015150 1.165767
0.119231 1.165583 -1.088653 0.108058
-0.677415 -0.845445 1.113041 -0.628593
-1.078451 0.228539 -0.122833 -1.180821
1.122840 0.056439 -0.478727 1.534736
0.602941 -0.842967 0.924201 0.634742
-1.068731 -0.042596 -0.081541 -1.438906
-1.061430 -0.054247 0.021322 -1.469382
-1.038205 -0.137393 0.124929 -1.500449
-1.115969 -0.160637 -0.089441 -1.442653
-1.115725 -0.136287 -0.084107 -1.171973
0.720975 0.810037 -0.914465 0.872415
0.734941 0.886596 -1.243020 0.665541
0.383654 1.068632 -1.283311 0.708427
-1.173383 0.133621 -0.367679 -1.148449
-0.689605 -0.889993 2.268221 -1.314574
-0.503498 -1.004121 1.112261 -0.323684
-0.737789 -0.828360 1.260905 -0.714677
-0.076866 -1.225986 1.168184 -0.088887
0.871666 -0.709157 0.588325 1.083324
0.908717 0.597306 -0.670064 1.128289
0.620385 0.853970 -1.028147 0.718375
0.631051 -0.944508 1.095127 0.477986
1.463080 -1.320930 3.415437 -0.160168
0.083049 1.081158 -1.067171 0.068537
-0.564282 0.926451 -1.139449 -0.695537
1.309309 -1.226329 2.888177 -0.070582
-0.696848 0.888092 -1.121504 -0.609463
-0.025779 -1.075610 1.066675 -0.018280
-0.714912 -0.868753 1.707097 -0.899916
1.042978 0.275959 -0.415749 1.242855
-0.812250 -0.983358 1.017302 -0.589957
0.362165 1.022624 -1.415256 0.643030
-0.111312 -1.199173 1.141950 -0.271831
0.384023 -1.004056 1.173638 0.515493
-0.711696 -0.855575 1.122636 -0.592939
-0.081457 -1.111961 1.160708 -0.063567
-0.010356 1.057731 -1.113761 -0.024689
0.516602 -0.924483 1.121453 0.631619
0.965997 0.471975 -0.684974 1.149874
0.547354 0.967169 -0.965506 0.733672
1.346423 0.096255 0.270275 2.610908
0.443007 1.045301 -1.119763 0.392892
-0.708330 -0.815703 1.133246 -0.691272
-0.584621 -0.912032 1.114731 -0.543890
1.117049 0.027805 -0.208527 1.639303
1.084121 0.013763 -0.049639 1.068912
-0.848227 0.727185 -0.785381 -0.937433
-0.080424 -1.093892 1.162467 -0.055508
-0.648228 -0.875684 1.721685 -0.802801
-0.724290 0.757260 -0.850158 -0.961536
-0.070194 1.057261 -1.120098 -0.098511
-0.304897 1.078479 -1.041730 -0.255230
0.350563 1.009497 -1.299395 0.421335
-0.073921 -1.075663 1.132902 -0.024199
-0.828048 0.672004 -0.723971 -0.904476
-0.642613 -0.983923 1.086644 -0.480122
-0.643345 -0.818758 0.903318 -0.728379
-0.075429 -1.057127 1.140502 -0.027956
-0.081912 1.079334 -1.114579 -0.134046
-0.706825 -0.761216 0.908322 -0.889103
-1.124397 0.044475 0.250941 -1.270581
-0.693865 -0.855332 1.140794 -0.657099
1.113189 0.542203 -0.202841 1.521785
1.172495 0.545013 0.282004 2.870307
1.102609 -0.063875 0.067760 2.419024
1.049425 0.060675 -0.038821 1.446954
1.041698 0.295383 -0.327102 1.231223
1.145474 -0.042977 -0.114565 1.270690
-0.721452 -0.796990 0.887112 -0.932982
-1.073636 -0.046557 0.277410 -1.523842
1.053530 -0.009192 0.017872 1.173534
1.118766 0.045247 0.016571 1.354696
1.148600 0.017935 -0.117276 1.153337
1.088312 0.082680 -0.198084 1.081163
0.047878 1.123901 -1.090293 -0.023537
1.086973 0.023077 0.016968 1.318537
1.057454 0.045016 -0.029874 1.253081
-0.494008 -0.962073 1.457417 -0.493841
0.703684 0.871155 -1.043470 0.655313
-0.472460 -0.991474 1.186421 -0.390765
1.058308 0.008055 -0.063662 1.323448
0.167153 1.125143 -1.080004 0.117354
-1.087374 -0.137855 0.386724 -1.480005
1.177089 0.241833 -0.326683 1.050907
0.016458 -1.097289 1.108714 0.074376
1.105537 0.292766 -0.364460 1.030850
1.049826 0.348236 -0.429608 1.018072
-0.378672 -1.010254 1.140820 -0.321927
-0.550719 -0.992309 2.528450 -0.783408
1.069770 0.031350 -0.033484 1.041353
1.085354 0.007016 -0.016268 1.131110
1.051073 0.029920 -0.044011 1.068845
1.191396 0.157292 -0.314835 1.148807
0.762668 0.748000 -0.923473 0.852582
-0.417408 0.976439 -0.987382 -0.459137
-0.103692 1.047702 -1.171816 -0.134982
-1.120273 -0.053786 0.380139 -1.968694
1.041384 0.020814 -0.067445 1.079478
1.131367 0.069764 -0.069594 1.109033
0.760089 0.743929 -0.934452 0.831021
0.612419 0.853666 -1.029374 0.679344
0.011149 -1.107513 1.128742 0.073401
-0.453458 0.989684 -0.973670 -0.512712
-0.387218 -1.003052 1.700100 -0.431360
-0.101179 -1.054325 1.298750 -0.170953
0.018457 -1.062343 1.448375 0.038501
0.067536 1.308577 -1.049297 0.117669
0.054155 -1.076932 1.289319 -0.031565
0.218155 -1.054222 1.137757 0.186051
0.172433 1.071706 -1.446118 0.136297
-0.367235 0.990842 -1.164701 -0.335604
-1.022289 -0.621701 0.664920 -1.357170
-0.110614 -1.503264 1.607999 -0.159265
-0.096865 -1.081044 1.087047 -0.043964
0.152192 -1.049879 1.161176 0.142474
1.079776 -0.037158 0.010938 1.144141
-0.031128 -1.082621 1.148328 0.040556
-0.475738 0.975683 -0.980291 -0.531315
1.336468 -1.419575 4.426021 -0.693631
0.687591 0.853243 -1.134866 0.675851
0.159704 1.050808 -1.386945 0.090701
0.075421 -1.185429 1.289772 -0.079530
-1.123273 -0.063167 0.224050 -1.314712
-0.055429 -1.073649 1.171996 0.019458
-0.440243 0.966059 -1.053544 -0.464530
-0.268731 -1.033209 2.006812 -0.370403
-0.102822 -1.071203 1.658740 -0.018239
-1.062055 0.110435 -0.471636 -2.457819
-1.037259 0.489134 -0.844113 -4.653517
0.662461 0.836477 -1.152233 0.650518
-0.034692 -1.081706 1.151202 0.038023
0.011472 1.041304 -1.143290 0.070494
1.038886 0.096408 -0.091413 1.238741
-1.061538 0.168133 -0.142539 -1.050405
-1.037170 0.176796 -0.161538 -1.109169
-0.076179 -1.115274 1.284663 0.008934
1.090934 0.068387 -0.071882 1.211756
0.067755 1.096618 -1.774522 0.028261
-1.048014 0.140511 -0.147261 -1.081992
-1.059159 0.160221 -0.170022 -1.046139
-0.046751 -1.113262 1.734407 -0.087602
-0.277739 -1.060053 1.033393 -0.356988
1.762351 -1.285042 4.829383 -0.321890
-1.062937 0.212546 -0.175726 -1.041859
0.012247 -1.061560 1.145846 0.077479
0.084704 1.128942 -1.774832 0.056025
0.040167 1.073436 -1.215273 0.052206
0.385970 0.983141 -1.301390 0.396300
-0.962148 0.566014 -0.666594 -1.014375
-0.046608 -1.125430 1.942188 -0.131733
-1.066444 0.260083 -0.309736 -1.134509
-0.091044 -1.140908 1.291066 -0.000726
-0.016745 -1.076212 1.140906 0.045823
-0.219447 1.075912 -1.327143 -0.266651
0.655803 -0.893770 0.893770 0.655803
0.139696 1.053052 -1.097072 0.120789
0.289615 1.031175 -1.323730 0.327191
-0.024801 -1.050616 1.867516 -0.190818
-1.084454 0.304961 -0.440697 -1.104862
-1.065815 0.344406 -0.467499 -1.051215
-0.045509 -1.079069 1.497515 -0.191471
-1.074919 0.225563 -0.363354 -1.456491
-0.170097 -1.038439 1.158835 -0.133634
-0.005109 -1.031973 2.310684 -0.091998
0.121158 1.086883 -1.059353 0.100760
-1.128580 0.393581 -0.457362 -1.029478
0.232552 1.069981 -1.021566 0.205510
0.128197 1.106699 -1.210564 0.130142
0.015549 -1.116693 1.119409 0.048878
0.028590 -1.078486 1.499233 -0.118147
0.809268 -0.690767 0.690767 0.809268
-1.094309 0.215702 -0.495817 -1.918277
-1.087506 0.183166 -0.450223 -1.547416
0.575112 0.886692 -0.929758 0.563886
0.655438 -1.104678 5.117209 -0.092617
0.068314 -1.088566 1.071304 0.110304
-1.091112 0.168729 -0.550453 -2.033014
-1.054734 0.252687 -0.285947 -1.029565
0.148894 1.075144 -1.601592 0.104623
0.214109 1.044890 -1.335515 0.164902
0.271212 1.076036 -1.336500 0.322435
0.091422 -1.082463 2.461631 -0.000410
-0.998436 0.268999 -0.650987 -2.736507
0.057575 1.210578 -1.377973 0.595519
-0.597484 0.948818 -0.947501 -0.679413
-1.021546 0.292920 -0.389933 -1.237000
0.138609 1.123430 -1.683224 0.091960
0.102913 1.083528 -1.232108 0.128717
-0.068677 -1.104931 1.100095 0.014496
0.731511 0.770286 -0.792821 0.706075
0.770637 0.845499 -1.019291 0.638995
0.179908 1.139412 -1.986699 0.110631
0.131421 1.099119 -1.649112 0.084279
-0.039625 1.050555 -1.283290 -0.083136
-1.199215 0.737409 -1.067593 -0.873160
0.846374 0.617131 -0.638476 0.874312
0.284937 1.030889 -1.326343 0.290911
1.015145 0.378622 -0.291241 1.069019
-0.089175 1.060836 -1.280728 -0.105239
0.491887 0.961071 -1.305087 0.465458
0.205050 -1.075212 2.928611 0.132197
1.039415 -0.295906 0.688679 2.427672
-0.088548 1.084047 -1.321034 -0.113346
0.872024 0.585587 -0.602082 0.972977
0.142721 -1.061166 1.971662 0.138215
-0.175102 1.211774 -1.381617 -0.691188
0.458378 0.982214 -1.301147 0.423092
-0.734966 0.831904 -0.769479 -1.025586
0.069880 1.043433 -1.389312 0.028564
1.052834 0.558059 -0.438065 0.998432
0.879916 0.647511 -0.568111 1.053651
1.081800 -0.170111 0.640718 1.652520
0.856586 0.707128 -0.613583 1.097992
1.082914 -0.304735 0.692015 1.712418
0.371680 1.168544 -1.456354 0.185670
0.215523 1.102070 -1.389080 0.127715
0.088182 1.059033 -1.296715 0.067024
0.387029 1.002745 -1.279152 0.363388
0.005535 1.097821 -1.135994 -0.085138
0.141094 -1.057470 1.631997 0.157981
0.349524 1.159243 -1.175736 0.203982
1.010690 -0.263064 0.697972 1.751494
1.114280 -0.273792 0.682029 1.679113
-0.945617 0.488735 -0.664097 -1.148104
1.042014 -0.283263 0.611169 1.509552
0.192291 -1.030415 1.309184 0.172788
0.980828 -0.588094 0.749599 1.362246
0.259489 -1.103451 1.205561 0.190659
-1.413382 -0.150372 -0.180712 -1.687701
0.161309 1.244336 -1.072363 0.077678
-1.227374 0.552779 -1.306093 -0.981282
-1.072821 0.423585 -0.750997 -1.334664
-0.738448 0.768771 -0.986914 -0.878654
-0.437274 -0.974185 1.142772 -0.480212
-1.084043 0.381955 -0.829013 -1.542810
-0.724818 0.776216 -0.953914 -0.792875
-1.001317 0.305721 -0.333716 -1.357895
-0.902193 0.672068 -0.811784 -0.929455
-0.592095 -0.881042 0.989084 -0.663053
0.361184 -0.995371 1.305928 0.288736
-1.092217 0.363288 -0.849158 -1.540910
0.134969 -1.057451 1.306806 0.289783
0.366335 -1.133098 1.178969 0.215901
-1.028743 0.342350 -0.845151 -1.496173
-0.894786 0.634203 -0.802715 -0.965169
0.413870 -1.023101 1.140538 0.282386
-0.135661 1.397252 -1.080207 -0.307957
-0.953827 0.534552 -0.808151 -1.082681
-0.677878 0.829769 -1.136895 -0.840648
-0.002457 -1.142206 1.189837 0.181703
0.499752 -0.982701 1.204580 0.381703
0.448568 -1.037443 1.119843 0.304609
-1.056918 0.345822 -0.808309 -1.392185
-1.071685 0.320251 -0.845050 -1.407545
0.591823 -0.963651 1.125942 0.465606
1.085871 -0.077753 0.091685 1.572756
0.491463 -1.074175 1.086180 0.323456
-1.056816 0.302559 -1.119050 -1.880075
-0.331159 -1.037241 1.077170 -0.278713
1.058326 -0.219016 0.275987 1.204698
0.956279 -0.468810 0.571171 1.153037
0.435498 -1.085387 1.078661 0.262454
-0.722163 0.951000 -1.402009 -0.492143
-0.345362 -1.109268 1.331998 -0.210439
-0.869388 0.586973 -0.814062 -1.149204
0.431387 -1.003206 1.046372 0.314488
0.167750 1.076066 -1.144926 0.092096
1.060245 0.127199 -0.108119 1.265889
-0.917958 0.642452 -0.955400 -1.225284
-1.142928 0.151954 -0.267970 -1.260617
0.754772 -0.851325 1.393245 0.773130
-1.022776 0.436111 -0.591681 -1.170855
0.155443 1.083329 -1.192266 -0.038763
-0.066388 1.309631 -1.574636 -0.383825
-1.215660 0.144726 -0.299035 -1.167392
1.036093 -0.326327 2.281580 4.452661
-1.054197 0.312973 -0.457165 -1.193061
-1.150199 0.023529 -0.165657 -1.173037
-1.112127 -0.107184 -0.026207 -1.173384
-0.241809 1.084709 -1.467278 -0.245378
0.969688 -0.485903 0.485903 0.969688
-1.085011 -0.197511 0.034227 -1.270448
-0.730114 0.806904 -0.806904 -0.730114
-0.737914 0.812782 -0.812782 -0.737914
0.894691 -0.523978 1.272138 1.722845
-0.717922 0.799926 -0.799926 -0.717922
-0.185955 1.061815 -1.264928 -0.177730
1.471241 -0.136814 0.768793 1.160666
0.370327 -1.001580 1.415203 0.475766
0.808681 -0.676787 1.278753 1.589457
0.204329 -1.098599 1.559595 0.338704
0.039727 -1.092048 1.399150 0.137548
0.707349 -0.959214 0.890182 1.107226
0.823099 -0.675161 0.730829 0.933573
-0.815371 0.743745 -0.743745 -0.815371
-0.603783 1.195251 -1.170924 -1.024098
0.921443 -0.620779 0.712839 1.039347
-0.586873 0.868109 -1.554973 -1.312650
-0.517759 0.921986 -1.383594 -0.704692
-0.645114 0.915848 -0.906230 -0.918824
1.040682 0.693680 -0.829036 0.851587
0.929036 -0.584654 0.584654 0.929036
0.926690 -0.551716 0.768245 1.395586
-0.505867 0.942178 -1.184568 -0.717501
0.886249 0.603700 -0.850112 0.951788
0.907426 -0.533414 0.691035 1.470046
-0.468628 1.034710 -1.214772 -0.576564
0.840498 0.829356 -0.835193 1.141513
1.064769 -0.400734 2.652478 4.222417
0.882804 -0.603031 0.816310 1.036522
0.915608 -0.532179 0.561135 1.059149
1.222186 -0.450457 3.296023 5.211527
1.117648 -0.456050 3.106918 4.871158
0.974772 -0.410840 1.077162 1.656055
0.339644 -1.015966 1.202485 0.399036
-0.711253 0.781588 -0.821774 -0.727779
-0.280394 1.041570 -1.338548 -0.235207
-1.287729 -1.143024 0.364325 -1.207402
-1.660713 -1.082428 0.400937 -1.715984
0.027636 -1.221896 1.715682 0.677138
0.054106 -1.141972 1.263943 0.135880
-0.859326 -0.694015 0.892109 -0.851730
-0.832159 0.757081 -0.857381 -0.808600
1.004091 -0.536288 0.931176 1.016421
0.860873 -0.719773 0.862080 0.877735
1.073779 -0.482184 0.702869 1.039482
-0.949812 -0.580909 0.882169 -0.984781
0.901950 -0.952971 0.968638 0.841961
0.373885 -1.138941 1.190895 0.214071
-0.331397 -1.079818 1.154644 -0.217664
0.951750 -0.537152 0.870238 1.144672
-1.069789 -0.474568 0.682689 -1.167536
0.503590 -1.054488 1.272884 1.124551
1.073575 -1.146505 1.355150 0.918703
-0.161908 -1.113213 1.758494 0.018166
0.756508 -0.802042 1.252382 1.051504
0.966723 -0.422004 0.476209 1.101394
0.928334 -0.496337 0.533609 1.086288
0.772546 -0.723589 1.270342 1.192950
-0.384140 1.062342 -1.147117 -0.649909
-1.016882 -0.578070 0.708289 -0.905103
0.215294 1.094831 -1.329598 0.246479
-0.203979 1.305409 -1.212384 -0.736278
-0.460141 1.025293 -1.330721 -1.130202
0.649976 -1.023224 1.267415 1.516994
-1.479982 -1.090116 0.306621 -2.116970
-0.123453 -1.112967 2.286549 -0.029248
-1.279500 -0.942046 -0.065263 -1.950274
0.462539 1.424407 -1.410017 -0.193467
-0.335414 -1.011979 1.678730 -0.306311
0.934320 -0.544326 0.772744 0.968756
0.855859 -0.958042 0.900799 0.606150
-0.768822 -0.853512 0.991249 -0.645287
0.853333 -0.720395 1.013367 1.253041
-0.627472 0.868831 -1.028720 -0.876429
-0.455321 -1.068677 1.462763 -1.090701
-0.436675 -1.113078 1.251681 -1.136277
-0.594578 -1.081571 0.995767 -1.257534
0.905136 -0.586868 0.586868 0.905136
-0.498059 -1.237015 1.323625 -0.255705
1.902830 0.107664 1.099948 1.677530
0.380607 -2.321066 1.591426 0.375479
0.067378 -1.108025 1.334857 -0.057348
-0.108920 1.509726 -2.154859 -0.912324
-0.422734 -1.000407 1.166023 -0.467335
-0.198614 -1.352901 1.805680 0.149033
1.732181 0.040593 -0.434724 1.180503
1.059694 -0.282641 0.116846 1.737247
0.147378 -1.583720 1.648171 0.639675
0.177877 -1.318823 1.373034 0.585962
0.109251 -1.543867 1.512622 0.545690
-0.894986 0.669100 -1.495441 -1.120854
0.881846 -0.757432 0.572546 1.104445
1.131111 -0.576510 0.267133 1.434404
-0.023616 1.579650 -1.650381 0.265628
0.312430 -1.140086 1.564986 -0.140701
1.329344 0.303459 -0.559041 1.786963
1.078758 -1.584033 2.077216 0.796141
0.837624 -1.504419 1.612322 0.145847
-0.203105 -1.285917 1.161855 -0.654960
0.690061 -1.474241 1.992324 0.175923
1.392053 0.309971 -0.884642 1.221176
-0.399250 1.665161 -1.543543 -0.403751
-0.870335 -1.328270 1.448985 -0.434462
-0.409050 1.233588 -1.656059 0.034851
-0.356742 -1.287972 3.030279 -2.381510
1.193374 -0.363534 0.330312 2.072445
-0.268424 1.621384 -1.154854 -0.376643
1.255241 -0.403235 0.950455 2.134002
1.069294 -0.679037 1.070436 2.280879
-0.173574 1.091272 -1.452429 -0.135811
1.381188 0.084277 -0.987492 1.591577
0.636119 -1.419390 2.229729 -0.099278
0.628599 -1.507258 2.101918 -0.141257
0.578705 -1.570734 2.550723 -0.120204
1.585502 0.415304 -1.155073 1.893881
1.059368 0.979874 -1.316118 1.133670
1.096676 0.761609 -1.182005 1.147604
0.789095 0.728077 -1.172255 0.986864
-0.593524 -1.169736 1.817332 -1.057718
-0.030828 -1.150973 1.651658 -0.111141
1.466742 0.440193 -1.253208 1.912619
0.668289 1.065183 -1.711561 1.019005
-1.726905 -0.245872 0.939478 -1.351601
-1.082290 -0.706301 1.106552 -1.117462
-1.382342 -0.040704 0.798164 -1.349511
-0.160680 1.650003 -1.730188 -0.238738
1.101686 0.992125 -1.371933 1.228722
1.049300 0.357360 -1.761167 2.512415
1.202902 0.520262 -1.362231 1.812145
-0.169201 -1.177251 1.666111 -0.602819
-1.249748 -0.660315 0.862263 -1.345301
0.399968 1.013064 -1.584246 0.747909
1.401886 0.310200 -2.482152 3.605096
0.954579 0.868755 -1.275159 1.032359
0.598677 1.349715 -1.934267 0.952505
0.471966 -1.370018 1.472349 0.509351
1.521864 0.444495 -2.152867 3.168025
1.209603 0.467119 -1.064679 1.538646
-0.007956 1.250711 -1.584954 -0.054328
0.152933 -1.230807 1.550966 0.577301
0.776503 -1.037190 1.576587 0.947256
0.262695 1.014579 -1.495219 0.458442
-1.400075 -0.488840 1.182550 -1.631520
0.636847 1.179721 -1.454292 0.538951
0.839162 0.677925 -0.762012 0.826079
1.331332 0.691446 -1.161184 1.333135
1.098766 0.112819 -0.184822 1.091392
0.848075 0.755387 -1.026024 1.479194
0.549400 1.270430 -1.678072 0.578047
1.292412 0.260548 -0.273340 1.367627
1.190701 0.528827 -0.524102 1.379481
0.036252 -1.143584 1.056962 0.072833
0.364794 1.247749 -1.513108 0.439736
0.260510 -1.200438 1.684211 -0.207089
0.539668 1.118058 -1.446662 0.577068
-2.124760 0.775480 1.568574 -2.547622
0.004953 -1.400230 1.376532 0.009576
0.356906 1.403769 -1.339585 0.326122
-0.684598 -1.368147 1.697001 -0.733531
0.786712 0.786666 -1.359322 0.853338
0.691900 0.897174 -0.985427 0.617206
0.959601 -1.050407 1.153592 0.883176
1.455602 0.355286 -0.438526 1.417528
1.207112 -0.463150 0.583354 1.188876
-0.151948 -1.384227 1.328850 -0.151453
0.037282 1.381059 -1.323067 0.018281
-0.007129 -1.078348 1.098105 -0.036166
-0.021594 -1.632525 1.576643 -0.185104
0.978069 0.733719 -0.926903 1.067476
-0.051523 -1.614128 1.582031 -0.262411
-0.674083 -0.815330 2.193317 -1.436021
-1.058433 0.036669 -0.009470 -1.283210
0.854802 1.038236 -1.455815 0.833850
0.589191 0.895181 -1.150238 0.617723
0.930958 0.809438 -0.850473 1.208995
1.359205 -1.589136 3.584049 -0.419756
-0.203694 -1.360404 1.304560 -0.223508
0.231877 1.318246 -1.291678 0.236200
-1.284856 -0.048132 -0.182536 -1.203872
1.075161 -0.949897 0.817619 1.089040
0.682868 0.880876 -1.241261 0.639242
1.107836 0.320621 -0.384738 1.368189
0.698209 0.984417 -1.303712 0.667492
1.181482 0.126450 -0.433283 1.397285
0.292752 -1.222532 1.439200 0.180782
-0.473924 0.990737 -1.135731 -0.362987
0.403601 -1.036525 1.217552 0.538374
-2.713972 -0.846309 3.414826 -1.190521
1.308290 -0.039155 0.111128 1.408497
0.276940 -1.297441 1.458415 0.134587
-0.098153 -1.162223 1.225504 -0.075304
-0.029269 1.050520 -1.112563 -0.047029
1.297848 0.146966 0.426185 3.033714
0.436083 1.168487 -1.154409 0.368443
-0.054672 -1.169344 1.229686 -0.161138
-0.734329 -1.032669 1.214527 -0.642215
-0.164129 -1.466745 1.556862 -0.367471
1.227139 0.304621 -0.323491 1.591794
-0.057332 -1.151682 1.155637 -0.184247
1.140681 0.022967 -0.148864 1.295099
1.149108 0.685214 -0.172675 1.884134
1.057186 0.008432 -0.007076 1.671633
1.171471 -0.460597 0.499668 1.246693
1.504126 -0.078115 -0.149982 1.697881
1.092386 -0.030652 -0.119634 1.228957
-1.286827 -0.061821 0.290949 -1.695597
-0.579275 -0.906814 1.970376 -0.771681
1.319684 -0.013600 -0.072017 1.544296
1.381762 -0.072210 0.042119 1.776915
1.470358 0.092026 -0.129237 1.743999
0.117477 1.179801 -1.167504 0.050703
1.398438 0.034374 0.011751 1.727842
-0.107754 1.180381 -1.189657 -0.224454
-1.516694 -0.258239 0.568855 -2.031226
-1.556153 0.051953 0.384173 -2.320145
-0.019313 1.296523 -1.562053 -0.077517
-0.029809 1.354846 -1.514376 -0.072220
1.665080 1.004966 -0.277346 2.434097
0.274716 1.046222 -1.309236 0.269790
0.782975 0.981662 -1.165327 0.713317
0.507066 0.909960 -1.071525 0.569534
-1.150702 -0.639497 0.817098 -1.451252
-1.048973 0.492030 -0.767964 -1.613543
-0.190454 1.556511 -2.324441 -0.136333
-1.378577 0.254395 -0.461396 -1.549154
0.741085 0.845278 -1.004130 0.837442
1.062554 0.225291 -0.365249 1.145349
0.049142 1.395696 -1.554072 -0.038560
-1.365824 -0.646750 0.790389 -1.904272
-0.029223 1.317000 -1.854621 -0.040983
1.105050 -0.084652 0.120433 1.202127
-1.110678 -0.134916 0.202408 -1.356030
-1.319301 0.049692 -0.658144 -2.512411
-0.073604 -1.178948 1.263185 0.008972
-0.065042 -1.333014 1.983886 -0.020106
-1.068792 0.398047 -0.349630 -2.920767
-1.104791 0.490693 -0.471688 -3.497113
0.120937 1.078789 -1.424233 0.019518
-1.208004 0.333244 -1.120799 -6.088304
-1.317397 0.055999 -1.099830 -5.822106
-0.022390 1.343396 -1.688259 0.029560
-0.052225 -1.122009 1.997965 -0.019210
-0.010219 1.405738 -2.316233 0.020729
-0.161617 -1.178190 1.264074 -0.208741
-0.073569 -1.213146 1.387111 0.013430
0.063864 1.098157 -2.045608 0.035407
-1.316264 0.111463 -1.227626 -6.339368
-1.035423 0.194208 -0.204552 -1.134309
-0.372266 1.107350 -1.245818 -0.331856
-0.123360 -1.367585 1.742071 -0.133705
-0.221707 -1.061533 1.470192 -0.123546
-1.411521 0.110656 -1.107063 -5.629469
-0.052122 -1.147331 1.458379 0.064386
0.059522 1.341817 -2.490044 0.058633
-1.059821 0.199909 -0.159026 -1.056095
0.157089 1.392365 -1.740480 0.096582
0.039896 1.326423 -1.604361 0.095697
-1.467253 0.301468 -0.883566 -4.469135
-1.566105 0.335720 -0.702912 -3.504126
-0.072711 -1.208155 1.353622 0.013409
0.096122 1.205636 -2.241330 0.066143
-0.222131 -1.028815 1.110144 -0.195896
0.120936 1.194219 -1.784762 0.100761
-1.429235 0.388636 -0.557063 -2.528126
0.066546 1.332517 -1.626232 0.146950
-1.514964 0.348412 -0.582017 -2.470991
0.241075 1.268651 -1.525159 0.478271
-0.344089 -1.051006 1.097618 -0.358987
-0.072833 -1.198201 1.257656 -0.002271
-1.543793 0.217400 -0.683202 -2.669263
0.343931 1.053043 -1.305040 0.278441
0.277581 1.378082 -1.492144 0.199077
0.461696 1.262082 -1.390392 0.368823
-1.117294 0.387874 -0.418750 -1.000271
0.186835 1.283799 -2.326397 0.122212
0.221002 1.288333 -1.975291 0.157118
0.271556 1.389868 -1.526580 0.230897
0.204347 1.290940 -1.548812 0.254322
-1.042935 0.180983 -0.373984 -1.366487
-0.381460 -1.346623 1.399710 0.024800
-0.075889 -1.236302 1.242191 0.000888
0.032171 1.087115 -1.286515 -0.034197
0.261850 1.396188 -2.408510 0.153632
1.230932 -0.295521 -0.070626 1.261956
0.203135 1.148988 -1.590030 0.125402
1.381931 -0.343605 0.809507 1.934885
1.703107 0.249877 -0.354418 1.340420
0.306931 1.440709 -2.147622 0.181663
0.178072 1.134708 -1.656076 0.091665
0.084582 1.067339 -1.467969 0.005550
-0.098148 -1.322476 1.828411 -0.163090
1.032550 0.562370 -0.469704 1.047013
-1.576234 0.289707 -0.778333 -1.942393
1.326804 -0.384371 0.780825 1.923598
0.262040 1.518835 -2.075763 0.140480
0.117442 1.199533 -1.512929 0.051957
1.506090 -0.351900 0.998751 2.463908
0.381701 1.325520 -1.684163 0.207263
0.134259 1.116848 -1.514419 0.083643
0.072058 1.259329 -1.504574 0.035211
1.373370 -0.226850 0.542579 1.524925
0.471179 1.292541 -1.299680 0.273843
-0.359234 -1.354653 2.310394 -0.083607
-0.084111 -1.062594 1.447223 -0.046679
-0.596794 -1.345901 2.180310 -0.074725
-1.421250 0.375660 -0.891941 -2.470339
-1.190508 0.424329 -0.828172 -1.783026
0.490241 1.404186 -1.255435 0.418033
1.008083 -0.717358 0.799764 1.287992
-1.049684 0.117057 -0.215769 -1.170177
0.298319 1.407418 -1.298320 0.207250
0.202952 -1.191113 1.334836 0.099310
-0.922254 0.740616 -0.944250 -1.005760
-1.485180 -0.709987 0.370827 -1.732716
-0.611136 0.911923 -1.028228 -0.657779
-1.409680 0.405552 -1.043340 -2.014281
-1.257318 0.000794 -0.294585 -1.457100
0.044867 1.650901 -1.346428 -0.077214
-0.948871 0.828734 -1.117965 -1.005455
0.175731 -1.257601 1.283621 -0.015903
-1.507434 0.409877 -1.140760 -2.000240
0.468035 -1.192377 1.201437 0.287783
-0.107007 -1.075191 1.260446 0.006749
-0.253844 1.796204 -1.325675 -0.474699
0.541518 -1.243190 1.204407 0.370411
-0.921823 1.161340 -1.141261 -1.159894
1.296645 -0.178897 0.230421 1.526309
1.287832 -0.064518 0.059818 1.633600
-0.415188 1.546541 -1.247212 -0.526309
1.226310 -0.087548 0.105391 1.480251
-0.658692 1.560334 -1.371066 -0.862993
-0.619822 1.371165 -1.214700 -0.805463
-1.424032 0.366301 -0.609989 -1.426137
-1.137862 0.777746 -0.941585 -1.380999
-1.005322 1.170833 -1.466797 -1.503407
-1.152102 0.954090 -1.388940 -1.122742
-0.505193 1.212914 -1.692172 -0.549408
-1.121891 0.764423 -1.314989 -1.258626
1.246860 -0.776449 1.303356 1.395553
1.335801 -0.561278 1.413942 1.888516
-1.105838 0.798971 -1.757845 -1.708461
-1.026115 0.948618 -1.254836 -0.966195
0.887846 -1.197706 1.754744 0.951472
0.514606 -1.302726 1.935716 0.695373
-1.135498 0.822021 -1.252670 -1.218177
-0.502072 1.069743 -1.681245 -0.668062
1.698731 1.021649 -1.036312 1.089483
-0.628497 1.257620 -1.854937 -0.741695
1.415388 -0.880139 1.283762 1.617739
0.257843 -1.153114 1.746643 0.493141
-0.921647 0.637920 -1.083823 -1.219554
1.575414 1.007979 -1.065060 1.069947
1.336189 -0.619216 1.244876 1.871649
1.507412 -0.488816 2.661190 4.288676
1.529096 -0.225879 1.136189 1.446941
-0.255037 1.145362 -1.392284 -0.262496
-1.762611 -1.051895 0.395906 -1.862078
1.141380 -0.663009 1.049892 1.190781
-0.708243 0.813777 -1.072291 -1.023206
1.106178 -0.874993 1.104945 1.159541
1.052265 -0.471948 0.634326 1.031366
-0.694976 0.857015 -0.873769 -0.791571
-0.763933 1.167534 -1.305843 -1.168659
-0.743017 1.457418 -1.468589 -0.855227
-1.195168 -0.775356 1.063052 -1.127225
0.006752 1.411611 -1.589604 0.119503
0.834601 -0.955124 0.987769 0.767463
0.124281 1.317153 -1.349422 0.149865
0.986943 -1.162112 1.005523 1.373093
0.118511 -1.238234 1.765212 0.322621
-0.133555 -1.689813 2.091928 -0.178225
0.288797 1.166709 -1.469199 0.015876
-0.561195 1.689178 -1.779427 -1.178489
-0.343659 1.440391 -1.394083 -1.189537
-1.087462 -1.092966 0.533690 -1.512550
-1.215672 -1.109444 0.459777 -2.004334
1.073006 -0.677448 0.969403 1.088971
-0.603228 -1.249927 1.321157 -1.075840
-0.845008 -0.834978 0.666238 -1.408841
-1.864005 -1.280253 0.864166 -1.879385
0.267733 -1.748936 2.167665 0.551793
0.217499 -2.843879 2.097660 0.095785
2.257691 0.374253 -0.188732 1.718888
-2.542545 -1.492584 0.514356 -1.961703
-1.643372 -0.311173 -0.124392 -1.719984
0.098409 -1.774599 1.783296 0.550565
2.242919 0.693333 -0.297797 1.825155
1.046287 -1.494221 1.606817 1.471278
1.548646 -1.920746 2.737366 1.569547
1.115183 -1.986759 2.776127 1.365654
0.859755 -1.493174 2.634689 1.132429
3.538540 -1.959919 -1.082174 2.610915
0.907397 -1.512068 2.276086 1.657694
1.567167 -0.320471 1.068815 2.951698
-0.604651 -2.364328 2.325209 0.094617
0.525633 -1.932497 3.074478 -0.207428
1.027924 0.682245 -0.639049 0.943397
1.779540 0.650626 -1.389142 1.889090
0.453752 -2.244963 2.858395 -0.310885
-2.351573 -0.588858 1.574489 -2.035494
-2.062597 -0.597161 1.446606 -2.168100
-1.082812 -0.746172 0.646797 -0.967517
1.023652 1.958852 -1.929082 0.646635
0.885046 1.988361 -1.989425 0.531704
-1.099625 0.146185 -0.198936 -1.300579
1.425108 0.826786 -0.851668 1.603709
0.283059 -1.802546 1.849202 0.159188
-0.728873 -0.880759 1.024724 -0.794781
1.316345 1.302972 -1.256561 1.664180
-3.141333 1.012311 1.939576 -3.453641
-0.005743 -1.678435 1.658947 -0.014654
-0.709296 -1.442520 1.805759 -0.773173
1.647007 0.809671 -0.864753 1.629441
-3.454076 0.485508 2.195870 -2.728166
0.228775 1.635975 -1.611340 0.238642
0.026829 -1.865798 1.820415 -0.205542
1.188497 1.239159 -1.681862 1.254727
1.784499 1.289967 -1.552048 2.111724
1.619365 -2.212342 4.369844 -0.447771
1.306128 0.864467 -0.973720 1.514484
0.154168 1.684115 -1.676042 0.168330
1.279851 0.738430 -0.822653 1.599229
-2.983931 -1.074293 3.714153 -1.239588
-0.170186 -1.572251 1.700539 -0.356891
2.176556 0.537574 -0.195055 4.030536
1.920345 0.019315 -0.314973 1.912531
1.898607 -0.118428 -0.211811 2.270662
-1.841488 0.092254 0.296688 -2.251189
-0.359172 1.812506 -2.375859 -0.200617
1.745243 0.100199 -0.194469 1.761301
1.704892 -0.126755 -0.142658 1.921431
2.059948 0.310765 -0.253830 2.055667
-0.086728 1.720515 -2.181764 -0.089676
2.115747 0.997865 -0.535394 3.175180
-1.146916 -0.011396 0.356591 -1.988047
-1.225099 0.296517 -0.510550 -1.781456
-2.032762 0.221856 -0.501680 -4.131400
-1.997789 -0.251886 -0.543529 -4.778276
-0.239480 -1.986804 2.322072 -0.453647
-0.286640 1.781860 -3.193318 -0.083599
-0.153018 1.642291 -2.215456 -0.062733
1.659645 0.175061 -0.148191 1.663493
-0.073456 -1.599427 2.387832 -0.202475
-1.902520 0.726500 -0.762508 -2.047745
0.041398 1.897037 -3.513745 0.076004
-0.036083 1.986202 -2.339295 -0.157763
-1.200450 -1.548934 1.730736 -1.313806
0.216128 1.793901 -3.073305 0.148050
-0.424472 -2.134898 2.264431 0.101020
0.247284 1.581048 -1.879359 0.193811
2.049540 -0.593144 0.372071 2.479508
-1.710160 0.205401 -0.796588 -2.950897
-1.787946 0.343599 -0.823025 -2.683576
0.306829 1.990944 -3.109927 0.181544
-1.732597 0.987552 -1.265940 -1.332299
-1.819497 0.383797 -0.896376 -2.238534
0.508046 1.850842 -2.828318 0.266428
2.178707 -0.350798 1.243628 3.047251
1.104645 -0.264174 0.893749 2.271672
1.047155 0.671307 -0.543643 1.050522
0.573631 1.857990 -2.481586 0.298062
2.080486 -0.610476 1.349593 3.638884
0.231958 1.880596 -2.309326 0.090571
2.002568 -0.069648 0.497426 2.030406
0.429901 1.894076 -2.084019 0.229870
-1.697898 -0.346131 -0.178302 -2.158433
0.295877 1.736550 -1.644938 0.186631
-1.799630 1.101096 -1.829555 -3.938743
0.213721 1.962364 -1.580389 0.079398
-1.958513 0.821573 -2.093866 -3.791075
-0.169286 2.006527 -1.491692 -0.371096
-0.397534 2.085940 -1.682443 -0.642181
-1.913293 0.820095 -2.108344 -3.071479
-0.963056 1.352410 -1.288615 -1.251370
-0.233280 2.030944 -1.647847 -0.354741
-1.147030 1.184244 -1.447544 -1.350199
-0.901232 1.741723 -1.821396 -1.300347
-1.445305 0.840025 -1.067528 -1.621299
1.442875 -0.301195 1.091400 1.630199
1.184530 -0.766928 1.237310 1.422465
1.602125 -0.928209 1.455008 1.854932
-0.961699 1.603425 -1.808725 -1.536219
0.949868 -0.755405 0.615541 1.036749
1.347515 1.156706 -1.216031 1.305393
1.566998 -1.369962 2.018745 2.701342
1.184666 -0.445998 3.215147 5.067148
1.728246 -1.309517 2.768105 3.308475
2.122208 -0.818021 5.884108 9.233768
0.120177 1.970840 -2.387685 0.304799
1.679600 -0.981019 1.692181 1.781933
1.715888 -1.292584 2.200874 2.576998
0.850982 -1.099623 1.005935 0.687616
-0.880764 -1.998042 1.896479 -0.771124
-1.018256 -0.518797 0.745122 -1.153793
0.033766 1.187385 -1.548041 0.320108
-0.767949 1.914929 -1.871440 -1.098831
-0.156516 -1.799294 2.274606 -0.202788
0.768756 -1.283633 1.783606 1.756945
-2.194036 -0.967221 0.436734 -3.100277
-1.874828 -1.183850 0.555572 -2.468612
1.501420 -0.415164 0.556936 1.441691
-0.813324 1.802147 -2.071330 -0.905787
-0.943076 1.648800 -1.777358 -1.028689
-1.855699 2.111134 -1.798583 -2.206071
1.420101 -2.493898 3.664243 1.644690
-2.716480 -1.056360 0.841037 -2.761954
-2.124809 -1.903765 2.024310 -2.038516
0.955356 -2.394377 2.444642 1.138075
-2.275409 -1.762183 2.192184 -2.469600
2.604176 1.089090 -1.217028 2.392165
2.790826 0.083830 0.753712 4.632123
2.505852 -1.603706 3.073714 3.333780
-0.087785 -2.565667 2.966939 -0.098309
1.865342 2.028852 -2.250255 2.909172
-1.938203 -0.685210 0.434785 -1.539553
-1.942314 -0.688896 0.676260 -1.496428
-2.837682 -0.370596 1.060463 -2.604243
1.334456 2.429953 -2.809307 1.532195
-1.522181 -0.026771 -0.082189 -1.525515
1.945685 -3.200747 4.367965 -0.775977
1.211827 -0.533791 0.655817 1.216671
-2.816377 0.315913 0.108775 -2.763588
-2.382998 -0.022765 0.585759 -3.239204
-1.253342 -0.005909 0.367308 -2.072472
-2.411088 -0.396139 1.061030 -2.909821
-2.350342 0.304329 -0.702508 -4.347823
-0.227483 2.196143 -3.341094 0.084106
0.115637 2.184318 -2.849149 0.255857
1.641724 -0.350929 1.102241 2.710746
-1.693201 0.490902 -1.332806 -2.293160
1.402426 -2.130326 3.135984 1.584072
1.937762 -1.589377 3.827435 4.572953
1.888651 -1.645744 3.389514 4.086195
1.974011 -1.799811 4.834709 8.034843
1.707014 -0.527557 3.807425 6.081362
1.733070 -1.225794 1.066803 1.939142
2.040109 -1.458968 1.433498 2.343737
-0.535402 2.451511 -2.859368 -0.151470
2.857320 -1.482108 2.229393 2.899953
0.838160 -1.133082 1.016885 0.643415
-0.733402 1.456096 -1.460253 -0.773380
-0.181431 1.831851 -1.961690 -0.209666
0.506790 -2.293019 3.085845 1.185763
-0.555870 1.037790 -1.236329 -0.848365
-0.347572 1.488004 -1.354824 -1.250301
2.770817 -1.059350 1.318552 2.959535
-1.186919 -0.438706 0.230066 -1.649785
-4.181325 -3.951932 5.020240 -1.978208
-3.444695 0.668481 -0.589829 -4.144914
1.469282 -3.020486 4.284370 1.817120
3.004832 -2.844139 4.068567 2.867054
0.740239 -4.086267 4.845509 0.960951
4.187833 2.341757 -2.986113 6.111134
-5.110994 0.841202 2.425952 -5.521038
3.714777 -1.353340 1.937605 3.854605
2.260066 -1.540071 1.532687 2.555396
-1.237971 2.169368 -2.418631 -1.255980
2.655678 -2.981851 3.272171 3.961416
3.263270 -3.575002 4.712718 6.546360
3.815862 0.906773 -1.839769 4.765733
4.583640 -0.330730 -0.321893 4.983542
2.746783 -3.460588 3.917064 3.341281
4.779725 1.863186 -2.825819 6.841124
-5.348084 -2.437054 2.516334 -13.940388
-5.887975 -0.918590 3.561888 -5.403732
6.430239 -0.016224 3.117207 7.745463
3.378088 -1.975234 2.275651 4.243347
4.623841 -4.519181 7.231486 10.382882
5.326612 -5.866559 9.197843 15.093137
6.166360 -7.881213 5.680945 10.918801
-9.537206 -5.698050 5.631370 -12.657087
9.170014 -3.824568 6.066850 14.132655
9.262171 -8.863150 8.568733 19.635876
9.534951 7.145066 -11.957849 8.546220
9.377887 -6.168097 12.881736 24.975700
16.690516 -18.327251 16.846756 33.911739
22.196259 -7.840035 13.021841 32.905453
0.779599 34.774071 -35.268139 4.141693
23.222616 -25.833147 24.118874 48.634380
40.764469 -17.677372 22.289206 60.369335
48.795021 -35.053406 36.127274 81.208252
65.573853 -29.089388 30.814152 100.321091
45.105591 -77.546768 65.891937 45.976486
114.840477 -16.344627 29.067863 172.610901
0.515397 -1.372221 1.812044 -0.192730
-0.474608 -1.414141 1.790828 -0.389803
1.494473 -0.069427 -0.142330 1.646128
1.523777 -0.074255 -0.143265 1.679038
-1.420083 -0.110680 0.501955 -2.367777
-1.033537 0.294213 -0.394260 -1.252904
0.109895 -1.403832 1.995203 0.113763
1.124246 -0.255078 0.725446 1.868098
-1.101892 0.330190 -0.871457 -1.452461
-0.434769 -1.150919 1.154678 -0.328853
1.547831 -0.156575 0.794519 1.250714
0.349499 -1.106589 1.571246 0.459362
1.016996 0.741915 -0.956372 1.065681
0.981141 -0.594624 0.873490 1.195912
-1.087836 -0.742515 1.106239 -1.100465
-1.083728 -0.738224 0.904041 -0.973852
-0.160532 -1.705663 2.095731 -0.208219
-0.454319 -1.048034 1.223128 -0.488517
0.021926 -1.466363 1.373170 0.049202
0.063653 -1.659854 1.577216 0.101393
-0.182258 -1.265935 1.877861 -0.095490
-0.732810 0.875873 -1.092059 -1.018047
-0.817568 1.071532 -1.080573 -0.845230
1.532407 1.339854 -1.209428 1.527983
-1.380607 -0.073934 -0.723191 -1.487469
0.510493 -1.167428 1.599231 1.118616
-1.007261 0.423161 -0.649957 -1.144760
0.311651 -1.508910 1.766296 0.887497
0.150101 -1.157429 1.335170 0.600347
-1.072714 0.369185 -0.818661 -1.338404
-1.217280 -0.261891 0.654777 -1.138024
0.619235 1.254572 -1.207364 0.235707
-1.419725 0.545892 -1.242285 -1.040531
-1.042131 -0.810044 1.409182 -1.203870
-1.112526 0.283413 -0.050466 -1.460653
0.952020 -0.949227 0.577856 1.145773
-0.164967 1.210755 -1.784029 0.383625
-0.899624 -0.673680 0.734211 -0.815456
-0.795488 -0.885980 0.873293 -0.653173
0.790490 -0.748772 0.803514 0.783043
0.635895 -0.891617 1.131123 0.734638
0.081035 1.227487 -1.258234 -0.262460
-0.338178 -1.057354 1.505522 -0.613421
0.031008 1.132220 -1.531186 -0.367254
1.330572 0.089846 0.356943 1.287552
-1.155438 0.021489 -0.072763 -1.148419
-0.721035 0.866184 -0.905782 -0.754356
0.198921 -1.093241 1.053881 0.207625
0.219502 1.164824 -1.017641 0.254484
1.060596 0.258671 -0.255712 1.118220
0.137747 -1.252293 1.310848 -0.038833
0.195603 1.168154 -1.066164 0.153353
-1.080854 0.029215 -0.081992 -1.177815
1.124709 0.146110 -0.095198 1.172274
-0.701874 -0.862527 1.006894 -0.682148
-0.957340 0.586984 -0.895853 -1.263925
1.292160 0.204336 0.222205 1.378515
-1.066168 0.037231 -0.071846 -1.134203
-0.279898 1.078630 -1.291828 -0.117271
1.046293 -0.280851 0.484018 1.275609
0.431933 1.287886 -1.068848 0.217725
1.061635 0.139501 -0.108503 1.147292
-1.011889 0.346089 -0.339001 -1.102706
-1.050407 0.133474 -0.120296 -1.116049
1.055884 -0.063208 0.054173 1.122223
-0.435161 -1.104076 1.111044 -0.243079
-0.201271 1.100667 -1.157641 -0.217187
1.090295 0.129631 -0.103148 1.163381
-1.025113 0.393636 -0.385389 -1.102411
0.587791 0.957457 -0.912495 0.727904
0.390917 1.182247 -1.156345 0.980251
1.264067 0.054015 -0.442959 1.280987
-0.280171 -1.155175 1.197297 -0.048589
-0.477369 0.918187 -1.123723 -0.519581
-1.116292 0.315564 -0.494498 -1.006703
-1.125433 0.087290 0.090296 -1.273653
-0.165027 -1.221426 1.116923 -0.371389
0.703463 0.846207 -1.050080 0.636003
-2.181064 -0.540211 3.008118 -1.216011
1.070324 0.002880 0.012523 1.083324
-1.037881 -0.831097 0.734547 -0.807069
-2.114961 -0.429929 2.362794 -1.150663
0.337269 -1.027788 1.276565 0.322186
0.782141 0.895896 -1.063778 0.597932
1.060922 -0.106861 0.113598 1.070445
-1.066521 0.024034 -0.031485 -1.075497
0.350478 1.130264 -1.066684 0.585956
-0.390516 1.038460 -1.241834 -0.486460
-1.142961 0.260375 -0.100410 -1.201713
0.793773 0.774154 -0.828472 0.955298
-1.023564 -0.770801 0.690809 -0.824456
-0.609072 0.881932 -1.074212 -0.704313
-0.536379 0.913153 -1.112130 -0.647891
-0.890720 -0.899320 0.855074 -0.666960
1.228125 0.299834 -0.127454 1.078754
-1.055842 -0.217399 0.342049 -1.194332
-0.061086 -1.116072 1.202661 -0.037455
0.748952 0.817637 -1.011671 0.677561
0.318457 1.164635 -1.111259 0.226286
-1.103240 0.163104 -0.205931 -1.049238
0.265637 1.055855 -1.103797 0.206899
0.050854 1.126174 -1.098732 -0.037400
-0.044003 -1.125919 1.099028 0.044420
-1.095250 0.162597 -0.222316 -1.075404
0.578611 0.915666 -1.203357 0.570025
-0.516776 -0.969563 1.147581 -0.498291
0.180675 -1.105029 1.077824 0.242135
0.594947 0.917516 -1.066910 0.566616
0.208401 -1.069702 1.203673 0.136475
0.152440 1.095829 -1.098308 0.093458
0.147896 -1.067688 1.154629 0.091689
0.232212 -1.064328 1.110304 0.157944
0.217056 -1.020427 1.048053 0.210064
0.295781 -1.090994 1.044400 0.298649
0.245152 -1.043179 1.023031 0.234739
0.108281 -1.158843 1.227527 -0.039760
0.125743 -1.076612 1.035963 0.081322
0.276026 1.078148 -1.099384 0.269106
0.004871 -1.102205 1.204539 -0.170794
-0.045977 -1.074538 1.196893 -0.188740
0.477996 1.018159 -0.961861 0.453541
0.075808 -1.107526 1.071406 0.125434
1.175976 0.377981 -0.560419 0.998978
-1.046528 0.160397 -0.101811 -1.304030
1.112664 0.478182 -0.653647 0.965464
0.320768 1.024172 -1.113189 0.311559
0.068974 -1.079493 1.454728 0.042725
-1.574294 0.378417 -0.345682 -1.463547
1.608972 -0.145056 0.095417 1.504702
0.513964 0.954126 -1.052299 0.460640
0.102635 -1.141707 1.074942 0.083327
0.284007 1.097441 -1.041813 0.325671
0.635895 0.931528 -0.884836 0.605399
-0.071015 -1.110782 1.087315 -0.020424
0.043390 -1.052840 1.395435 0.062850
-0.176253 1.316208 -1.131758 -0.007403
-0.581465 -0.879326 1.195154 -0.591315
-0.318240 1.018514 -1.106884 -0.366282
-0.242602 -1.005493 1.117313 -0.279765
-1.139033 -0.030620 0.099236 -1.043238
1.139007 0.030893 -0.099535 1.043230
-0.410887 -1.136991 0.958547 -0.501025
-0.951660 0.519656 -0.426596 -1.128597
-0.122806 -1.053345 1.064002 -0.148603
-0.105892 -1.117031 1.044319 -0.117281
0.119054 1.205169 -1.086798 0.143521
-0.094010 -1.087718 1.054126 -0.085549
-0.110576 -1.053457 1.067004 -0.101518
1.035997 0.212057 -0.267860 1.098264
-0.245145 -1.025654 1.049104 -0.280502
0.364257 0.986555 -1.013919 0.396680
-0.196343 1.035287 -1.128965 -0.247173
0.332002 1.035923 -1.096762 0.244492
-0.312917 -1.144127 1.127900 -0.200754
-0.284371 1.026135 -1.105025 -0.327689
0.016747 -1.103824 1.345059 0.101307
-0.080319 -1.105772 1.161062 0.030622
0.733989 0.867636 -1.306094 0.669522
-0.114623 1.039992 -1.165630 -0.120950
-1.011158 0.512254 -0.591093 -0.913131
-0.181758 -1.092854 1.204092 -0.142828
0.071707 1.101308 -1.215620 0.043035
1.042200 -0.074519 0.107221 1.086987
-1.046587 0.013142 -0.048315 -1.089460
0.619953 0.948789 -0.932190 0.590924
-0.568850 0.945331 -0.964225 -0.596440
0.700025 0.886842 -1.326079 0.624981
-0.544748 0.917524 -0.947868 -0.512191
-0.703370 0.799240 -0.810944 -0.747234
0.748460 0.812240 -0.769524 0.733082
-0.132518 -1.055086 1.084743 -0.103190
1.376511 -0.466715 -0.085693 1.265827
0.006619 -1.164543 1.120134 0.075481
0.974678 0.633815 -0.552040 0.979865
-0.131157 -1.052290 1.277185 -0.057122
0.124870 -1.136714 1.600712 0.118578
0.171700 1.139130 -1.596368 0.092536
-0.688131 0.813650 -0.801134 -0.790020
-1.247710 0.094809 -0.618665 -1.391814
-1.064083 -0.167499 0.000372 -1.309899
-0.130437 -1.041193 1.384940 -0.074068
-0.031348 -1.139393 1.139902 0.100402
-0.456067 0.988708 -1.045162 -0.575111
1.112048 -0.371172 0.517563 1.116997
-1.203725 -0.031693 -0.273804 -1.483430
0.976411 -0.956459 1.037751 1.398619
0.494304 -1.426229 1.336402 0.914778
-0.987678 0.414202 -0.447745 -1.175944
1.083977 0.144050 -0.031268 1.238409
0.829719 -0.748843 0.885726 0.868790
0.299993 -1.089013 1.113044 0.172987
-0.576564 0.893072 -1.180479 -0.636081
1.077564 0.333292 -0.155265 1.391427
1.182680 -0.287125 0.150298 1.084451
-0.980771 0.495217 -0.555022 -0.953053
-0.982966 0.452645 -0.479583 -1.137708
-1.009051 0.350022 -0.471722 -1.194471
1.162868 -0.134331 -0.030108 1.108559
-0.784758 -0.929825 1.367957 -0.531066
1.131543 -0.068971 -0.024454 1.049079
0.215053 -1.047212 1.136991 0.264095
-1.071591 0.346753 -0.436679 -1.022821
-0.646801 1.012307 -0.847028 -0.770643
-0.752302 -0.899838 0.754885 -0.899415
0.152152 1.248498 -1.171753 -0.048446
-1.151686 0.136156 -0.345368 -1.075437
-1.364379 0.378829 -0.788895 -1.311085
0.420812 -1.053704 1.179053 0.522932
0.517281 1.120934 -1.140031 0.356731
0.328761 1.221782 -1.101022 0.169100
0.333087 -1.074297 1.113307 0.471651
0.898921 -0.844643 1.184616 0.723452
0.781730 -0.757007 0.757007 0.781730
0.788021 -0.764301 0.764301 0.788021
0.771354 -0.748536 0.748536 0.771354
0.821051 -0.811346 0.980050 0.707641
-1.050612 -0.630977 0.728586 -0.872300
0.187374 -1.038083 1.649389 0.536886
-0.400435 0.959383 -1.610976 -0.667418
-0.425735 0.982080 -1.399533 -0.514814
1.136916 0.287496 -0.013731 1.436450
-1.128978 -0.097501 -0.134815 -1.461689
0.619994 -0.913014 0.913014 0.619994
0.069563 1.208425 -1.162909 -0.072931
0.858388 -0.616428 1.423212 1.447992
0.214424 -1.049830 1.461653 0.494475
-0.771219 0.888048 -1.084224 -0.646346
1.163782 0.673886 -0.583862 0.974130
-0.316408 1.023468 -1.208807 -0.379383
-0.873920 0.611959 -1.013529 -1.545908
0.916036 -0.545977 0.975630 1.570424
-1.275582 0.793689 -1.136490 -1.867166
1.016192 -0.613230 0.753547 0.972889
-0.888546 0.854594 -0.863009 -0.690486
-0.375810 -1.149082 1.316835 -0.018113
-0.192461 -1.145857 1.268852 -0.006048
-1.197362 -0.511637 0.564002 -1.164165
1.036444 -0.478565 0.607298 0.992149
0.837016 -1.082072 0.953896 0.646125
-0.727470 0.831508 -1.159580 -1.298135
0.665395 0.990646 -0.847689 0.640139
0.750398 0.926085 -0.763836 0.754147
0.588083 -0.964957 1.090817 0.471417
-1.167635 -0.499167 0.671424 -1.005107
0.615863 -1.027435 1.197871 0.451426
-1.228427 -0.565811 0.049489 -1.387824
-1.401559 -1.154419 0.253853 -1.419709
-1.232498 0.039395 -0.713974 -1.829401
-0.348721 1.544901 -1.232791 -1.517992
-1.253914 0.161063 -0.793592 -1.428434
-0.630129 -0.846649 1.070921 -0.753956
0.950647 -0.688079 0.818494 0.819406
1.093561 -0.639425 0.896756 1.089370
-0.922142 -1.660762 1.995069 0.259943
-0.363317 1.225031 -2.167636 -1.151086
1.632105 -0.006337 -0.117184 2.351232
-1.136522 -1.565532 1.177207 -1.754264
1.336231 -0.137482 0.029519 1.100957
1.239295 -0.054315 -0.049603 1.102845
-1.602458 -0.072784 -0.412696 -1.706475
-1.342005 -1.358515 0.968097 -1.035274
-1.352229 -0.105135 -0.297221 -1.439303
0.333788 -1.010054 1.710535 0.826923
-0.591406 -1.087876 0.869311 -0.781043
-1.484764 -0.063730 0.585037 -1.146966
0.201176 -1.805224 1.428009 -0.162755
1.647383 0.079970 -0.766371 1.509355
1.056567 0.233553 -0.524238 1.424081
-1.218186 -1.085314 1.028567 -1.325847
1.349269 -0.571931 1.018093 1.275128
-1.096280 -0.699280 1.306913 -1.016840
-1.093439 -0.643369 0.458401 -1.535194
1.480256 1.542299 -0.313149 1.812406
1.516044 0.368134 -1.164722 1.533468
0.351672 -1.360637 1.934204 -0.189588
0.383025 1.170811 -1.499700 0.613827
0.884347 0.792438 -1.422140 1.058940
-0.537412 -1.379067 1.952176 -0.909489
-1.715004 -0.676700 0.383856 -1.230908
0.016748 -1.462475 1.766497 -0.341341
0.224190 -1.376514 1.301838 0.208559
-1.053281 0.069761 -0.095301 -1.143775
-0.738635 -1.094335 1.370032 -0.743422
0.482462 0.997554 -1.634522 0.699158
-1.014205 -0.843494 1.164243 -0.933584
0.091241 1.532904 -1.827611 0.245148
-0.648005 -0.867426 1.430651 -0.771102
0.162473 -1.077559 1.193061 0.157257
-0.871127 0.744193 -0.831222 -0.795010
1.208904 0.818790 -0.888909 1.101335
-0.756460 -1.188835 1.295908 -0.685584
0.072083 -1.461373 1.518514 0.000575
-0.761436 1.297871 -1.315787 -0.671672
0.990368 0.931422 -0.903655 0.872002
1.054685 1.106493 -1.172138 1.214527
0.012458 -1.281325 1.347447 -0.189882
1.094186 1.026941 -1.143780 1.272658
0.072563 -1.084613 1.290321 -0.080904
1.092010 -0.907916 0.630476 1.136902
-2.902736 -0.149266 2.503392 -1.636847
0.586420 1.230302 -1.182996 0.622104
-0.653414 -1.133204 1.121260 -0.409234
0.973762 0.929384 -0.936086 1.106598
-0.939348 -0.920734 0.873472 -0.718665
-0.570768 0.950540 -1.148717 -0.678752
1.251604 0.432815 -0.280737 1.084851
2.163988 -1.419560 3.787325 0.344134
-0.884382 0.804240 -0.860638 -0.924289
-0.026489 -1.180176 1.173101 0.041038
-0.160708 -1.296824 1.553884 -0.072311
-1.556336 0.448404 -0.653629 -2.594941
-0.549601 -1.098394 1.291888 -0.515764
1.103119 0.273521 -0.434063 1.038067
-0.016388 -1.064289 1.185332 -0.140299
0.061388 -1.184428 1.246481 -0.113735
-0.018433 -1.153610 1.123427 -0.178221
0.138822 1.200550 -1.102891 0.104663
-0.079895 -1.347029 1.126140 -0.206230
-0.035268 -1.078017 1.428924 0.045243
1.218459 0.295001 -0.373313 1.159603
-0.269522 -1.119783 1.020441 -0.265443
-0.083079 -1.153704 1.297591 -0.072940
1.250886 0.316388 -0.354864 1.111868
-0.039249 1.141052 -1.458782 -0.136062
-0.243901 -1.036554 1.043563 -0.284352
0.357452 0.998891 -1.010316 0.396883
-0.036164 -1.395710 1.747181 0.000087
-0.170131 1.033894 -1.119293 -0.167031
-1.031972 1.171020 -1.148591 -0.683324
-1.013409 0.550084 -0.544210 -0.964828
-0.300957 1.078960 -1.110219 -0.263308
-0.059315 -1.392386 1.516584 0.001905
-0.232401 -1.049859 1.170336 -0.220871
0.090631 1.068749 -1.189740 0.093607
-1.067928 0.555033 -0.718112 -0.935375
0.161575 1.184101 -1.222324 0.527041
-1.310515 0.917921 -1.144000 -1.008258
0.205268 -1.357049 1.727440 0.132598
-0.090135 -1.067311 1.467638 -0.009588
-0.008137 -1.186431 1.134335 0.069851
-0.520211 1.017910 -1.008049 -0.613479
-0.171262 -1.196921 1.507785 -0.094654
-0.102663 -1.118349 1.516889 -0.060345
1.253879 -0.384995 0.582206 1.263895
-0.938905 -1.132022 0.966908 -0.930062
0.556301 -1.279778 1.227592 0.713201
-1.142879 0.670939 -0.714340 -1.302432
-1.268555 0.008981 -0.215923 -1.474261
0.722508 1.337816 -1.064817 0.619496
0.981224 -0.359514 0.430804 1.119717
-0.560237 -1.060425 0.913525 -0.508443
0.955532 -0.704062 0.910560 1.031679
0.835370 1.699689 -1.282743 0.785777
0.902255 -0.660227 0.785287 0.910152
0.113328 -1.384286 1.286385 0.454856
-0.811355 0.758851 -0.970503 -0.761726
1.345847 -0.012965 0.102695 1.857826
-0.782279 -1.472871 1.241077 -0.724374
1.399986 -0.323173 0.438489 1.609231
-0.804570 -1.270038 1.042616 -0.865233
-0.726128 1.229688 -1.098690 -0.921678
-0.540730 1.479327 -1.170342 -0.695991
0.939306 1.150591 -0.919578 1.159711
-0.830373 -1.120820 0.908530 -0.970860
-1.023249 -1.385893 1.125459 -1.121918
-0.175095 1.420426 -1.539251 -0.387859
0.437719 -1.256159 1.560746 0.505444
-0.716721 1.282864 -1.831313 -0.833101
-0.669626 1.242154 -1.887701 -0.798555
0.520217 -1.062458 1.675719 0.679588
1.543231 0.872499 -0.834925 0.910715
-0.638089 1.287196 -1.884801 -0.757539
0.672665 -1.273038 1.872739 0.781098
1.688856 0.981411 -0.991748 1.080995
0.571598 -1.279668 1.873253 0.702971
-0.513612 1.067389 -1.689216 -0.658437
-1.402651 0.810201 -1.138468 -1.979240
1.628021 1.444526 -0.782999 1.577074
1.461159 -0.703896 1.062335 2.019492
-0.194493 -1.133037 1.213179 -0.051732
1.178847 1.252264 -1.148542 1.134601
-0.190694 1.368126 -1.588125 0.006753
0.975847 1.406914 -1.016296 1.120929
-1.259400 -0.951367 0.631701 -1.526693
-0.862517 0.817632 -1.223934 -0.832430
-1.430871 -0.667839 -0.119062 -1.744624
1.056742 -1.733207 1.761986 1.472117
-1.909209 -1.026436 0.895770 -2.653913
1.674660 1.568048 -1.281794 2.374457
-0.010759 -1.745162 2.265540 0.221476
-1.909796 0.744581 -1.218798 -1.593813
1.216038 -1.456360 2.291364 1.988744
0.141077 -1.647708 1.642024 0.583292
-1.114940 -1.690069 1.395256 -0.772003
-1.781270 -0.581961 0.130031 -1.764552
-1.359628 -1.745122 1.352031 -1.162714
-0.087726 -1.860501 3.699280 -2.682666
-0.828580 2.465394 -3.606358 2.140092
0.496388 2.357416 -2.350702 -0.203941
-0.856318 0.763271 -0.855413 -0.879132
0.248875 -2.067734 2.819038 -0.463106
0.901778 -0.744988 0.881831 0.968429
-0.004397 -1.306163 1.117467 0.082544
1.598566 0.839441 -0.971730 1.603076
0.081032 1.167103 -1.254890 0.212802
-0.930787 0.893871 -0.845548 -0.780006
-1.706997 0.922885 -0.630770 -1.901450
0.498065 1.598389 -1.582425 0.512361
-0.492232 1.764969 -1.793916 -0.442186
-0.217335 -1.801863 1.847483 -0.252851
1.742938 -2.645201 3.703330 -0.825543
-0.187878 -1.641496 1.616619 -0.197117
1.202609 1.244460 -1.366880 1.405265
-3.795805 -0.145106 2.703655 -2.252532
1.255623 -1.266351 1.038033 1.198883
-0.263706 -1.669458 1.662330 -0.278367
1.382285 -0.950149 0.635662 1.483250
2.612007 -1.510616 3.984495 0.639313
-0.141642 -1.814684 2.398677 -0.179849
-0.041305 1.671301 -1.665736 -0.067872
-0.591054 -2.104030 1.962564 -0.542329
-0.273784 -1.989612 2.323498 -0.106451
-1.970374 0.965042 -1.261438 -1.743153
2.075279 -0.539561 0.360200 1.958100
-2.005784 0.822330 -0.562032 -2.413204
0.137421 -1.655683 2.141405 0.094848
2.109889 0.290974 -0.390981 1.632671
-0.457208 1.101354 -1.087678 -0.584181
1.667379 -0.435046 0.456615 2.138756
-0.699648 -1.733884 1.448619 -0.623366
-1.121084 -0.516816 0.692277 -1.189490
1.553931 -1.324215 1.399169 1.683228
0.777286 -1.136622 0.993921 0.555408
0.977957 2.055957 -1.770772 0.804626
0.806202 1.349119 -1.383647 0.656286
1.021110 1.869220 -1.977180 0.757759
-1.371930 -1.510738 1.471803 -1.222461
-0.324871 -2.953461 2.825078 -0.146127
2.833835 -0.053956 0.236617 2.956582
1.602953 -2.351464 2.458289 1.500163
-0.292306 3.029363 -3.146063 0.164850
3.158854 -0.510094 0.069277 2.990655
1.431063 -2.292440 2.492980 1.285802
-2.014850 2.292906 -2.072963 -4.025689
0.882613 -1.332797 1.779512 1.031207
0.081626 -1.632152 2.055054 0.223499
0.621560 1.610977 -1.960504 0.344423
-1.246396 -2.109404 2.761072 -1.571572
0.764270 2.343672 -2.931367 1.194415
-2.047580 -1.922214 2.341024 -2.134804
-0.836131 1.212723 -1.274627 -0.925860
0.968595 1.244402 -1.177120 0.882824
-0.165647 -1.524684 1.515371 -0.057034
-4.052361 0.319985 2.538341 -3.277885
-1.377900 -0.113154 0.003674 -1.323789
0.913814 1.063713 -1.031293 0.796075
1.414553 1.630150 -1.463093 1.614141
-1.055037 2.880410 -3.467185 -1.519740
-1.099793 -0.520026 0.725964 -1.194751
1.044168 1.291918 -1.256953 1.024344
-1.396888 -0.751151 -0.071114 -1.792534
-0.151881 3.108148 -3.064790 -0.469561
-1.539301 -2.863688 2.654535 -1.296288
-0.121454 1.682778 -1.202895 -0.287248
-0.016830 -4.305223 6.533453 0.998060
-0.353473 -4.180859 3.476906 -0.384176
-4.628891 -1.284917 2.242362 -6.417069
-1.389629 -4.007888 3.952570 -0.791417
2.170521 -5.473033 6.530248 -0.300068
6.564793 9.571218 -5.215423 9.472356
0.912201 -13.875141 11.038048 -0.387418
-11.272014 -15.282445 5.670335 -15.184529
-4.302685 11.100410 -14.676250 -0.933142
-33.710258 -7.049448 10.395557 -34.302990
-60.837921 -53.800030 51.720482 -72.338753
0.647175 1.369330 -1.735938 0.526001
-1.576057 0.836838 -1.228397 -1.132867
-1.016764 0.595198 -0.698925 -1.038508
0.643118 -1.112544 1.256247 0.505577
1.993762 -0.616800 0.665413 1.603808
1.304460 -0.067527 -0.028841 1.154324
-1.347985 0.255302 -0.262703 -1.444805
1.171158 0.788143 -0.717261 1.237526
-1.523520 0.401795 -0.412973 -1.613678
1.341663 0.905149 -0.831626 1.395028
-1.759069 0.785372 -0.846561 -1.874335
0.211726 -2.006132 1.940660 0.324615
