1.175944 0.061054 -0.545620 1.376152
-0.969947 0.613989 -0.617514 -0.876183
-0.317359 -1.098430 1.193152 -0.670741
1.037034 0.659050 -1.076138 1.271775
-0.403914 -1.046552 1.479521 -0.712544
-1.197354 0.449555 -0.188564 -1.281699
1.061831 -0.221924 0.334719 1.200341
0.027920 -1.199061 1.087498 0.055294
-0.546385 -0.982166 0.939701 -0.471967
-0.947236 0.706730 -0.638339 -1.467282
1.223183 -0.982755 -0.015286 2.355317
0.897220 -0.572994 0.697734 1.105318
1.084464 -0.438868 0.360242 1.007912
0.878454 -0.649680 1.075361 1.307650
-0.043781 -1.063138 1.943008 -0.138793
-0.094305 1.150134 -1.172874 -0.335030
-0.635989 -0.849314 1.212780 -0.883251
-0.769933 -0.974790 1.344606 -0.971717
-1.200839 -0.518659 0.058246 -1.358380
-0.784678 -0.731771 0.842821 -0.857332
-1.034079 -0.109624 0.037093 -1.301969
-1.149383 -0.171903 -0.021966 -1.573400
1.025450 -0.395999 0.416437 1.215644
1.108698 0.037408 0.145909 1.871802
1.079197 -0.110344 0.184726 1.088003
-0.272179 -1.078370 1.232246 -0.669742
-0.208420 1.013330 -1.300024 -0.253170
1.146025 -0.171756 -0.151777 1.549536
0.070310 -1.367069 1.473945 0.738106
0.266545 -1.222611 1.647696 1.234480
0.719031 1.013859 -1.136707 0.395878
-0.353177 -1.027301 1.895011 -0.500551
-1.082354 0.101596 -0.194314 -1.655551
-0.897208 -0.674305 0.859444 -0.851492
0.921354 -0.571145 0.698484 0.881190
-0.465236 -1.013210 1.817228 -0.663567
-1.092348 0.066072 -0.278877 -1.361401
-0.364070 -1.054248 1.583454 -0.631889
-0.965191 0.508413 -0.823450 -1.172931
-1.100288 -0.182840 0.186267 -1.367325
-0.492025 -1.221542 2.024766 0.066414
0.948602 -0.497686 0.574718 0.956256
1.056068 -0.313069 0.379269 1.598230
-0.921005 0.669486 -0.728882 -1.402165
-1.068574 -0.164248 0.178877 -1.606331
-1.354556 -0.036362 -0.086268 -1.977405
-0.527762 -1.064786 0.937531 -0.525258
0.436092 0.960425 -1.264020 0.456153
-1.040993 0.245377 -0.374612 -1.685744
0.385408 -1.133185 1.732794 0.232217
-1.035060 -0.285051 0.306109 -1.472763
0.752210 -0.733782 0.874170 0.843042
0.251858 1.174650 -1.205231 0.538100
0.925651 0.528896 -1.049549 1.395521
0.343176 0.999903 -2.078268 0.673144
0.379130 -0.990143 1.164235 0.434076
0.606741 -0.886984 2.390100 1.206855
-1.211999 -0.195087 -0.039598 -1.157666
-0.983174 -0.475887 0.700405 -1.118833
-0.848618 0.648611 -0.875719 -1.302308
0.128548 1.077322 -3.190375 0.429772
-0.023960 -1.124180 1.746565 -0.208779
0.788516 -0.815803 1.994278 0.820393
0.156126 -1.224714 2.455936 -0.171286
0.272874 -1.096676 2.559613 -0.131335
0.314229 1.022026 -3.149495 0.414112
1.564544 1.274276 -3.682132 0.677156
0.500689 -1.091453 1.839471 0.145004
1.015760 1.003930 -3.194484 0.430985
0.905960 -0.966765 3.314290 0.672117
0.162520 -1.123498 1.723864 0.104551
0.027815 -1.091500 1.683899 0.002469
0.275473 1.091682 -2.743303 0.401332
0.899336 -0.914802 1.506336 0.600325
0.242855 1.075724 -2.480439 0.355563
-0.726701 0.877975 -1.763121 -0.793219
-0.919401 -0.784763 0.867802 -0.784463
0.946224 0.502081 -1.100481 1.754369
-0.473477 1.476057 -1.344742 -0.003767
-0.317869 -1.018322 1.506509 -0.497583
0.709773 -0.809264 1.260090 1.828417
1.926903 0.082374 -1.448338 2.665497
0.075913 -1.315924 1.867373 -0.082488
-0.930506 -0.925819 0.924155 -1.223025
0.215283 1.077349 -1.767659 0.862967
-1.285863 -0.691212 1.182344 -1.710080
1.330803 -1.625112 1.788074 0.498986
0.663281 1.513366 -1.928995 0.836034
0.130565 -1.046816 1.239985 0.266111
-1.323328 0.469758 -0.348879 -1.927390
-1.310473 -0.933238 0.938948 -1.263681
1.041499 1.036340 -1.448183 1.306413
-0.058138 -1.859767 1.673172 -0.516717
-0.786573 -1.223518 1.583940 -1.003263
-1.075238 -1.263237 1.240619 -0.931633
0.566211 1.231876 -1.347463 0.697382
1.684745 0.083490 -0.629361 2.285172
1.030042 -0.591414 0.650152 1.151929
0.744078 1.131321 -1.436023 0.919953
0.501122 1.560541 -1.969252 0.624874
0.559629 0.952927 -2.028152 0.873642
0.159453 -1.558516 2.185384 -0.094526
0.724886 1.155448 -1.776440 0.871393
1.287169 0.177273 -0.601573 1.145625
1.470122 0.184454 -0.845230 1.466816
0.057840 -1.104958 1.368196 -0.082737
1.183337 0.529457 -0.957960 1.315013
1.763308 0.036743 -0.533100 1.873432
0.583744 -1.365818 1.544068 0.145132
1.017637 0.888046 -1.579959 1.321761
0.126458 -1.524000 2.208344 -0.108633
1.134656 0.889268 -1.442222 1.488174
1.157356 -0.357792 0.135180 1.163697
0.984028 0.931379 -1.350597 1.238410
0.027328 -1.553567 2.192637 -0.194506
0.367026 1.543748 -1.587573 0.152478
0.069554 -1.082038 1.465518 -0.070793
0.973480 0.480070 -0.609862 1.121166
-0.590939 -0.930123 1.235838 -0.789328
0.091671 -1.457776 2.236399 -0.117355
-0.840030 -1.131129 1.312200 -0.867803
-0.190265 1.451764 -2.026276 0.012419
-1.253596 0.770393 -0.659916 -0.959099
-0.737936 -1.227890 1.599720 -0.824161
0.061438 -1.218266 1.688662 -0.102399
-1.131933 0.877516 -0.838045 -0.812560
-0.654719 -1.095681 1.410747 -0.828137
-1.272824 0.390416 -0.104456 -1.348951
-1.308477 0.844601 -0.809344 -0.952199
-0.882793 -0.770645 1.124672 -1.009360
0.125955 -1.552949 2.437084 -0.137056
-1.133888 0.301585 -0.112019 -1.172421
0.391430 1.263315 -1.663105 0.444279
-1.223263 0.550301 -0.270269 -1.325553
0.142288 -1.645474 2.422088 -0.109678
0.102099 -1.684907 1.980571 -0.028636
-1.462429 0.556990 -0.781107 -2.019275
-1.132210 1.068912 -1.151977 -1.105795
-0.039661 -1.838564 1.620146 0.225132
0.640313 -1.442806 1.743918 0.384634
-0.088717 -1.354749 1.695894 -0.104036
0.818939 -1.265844 1.417016 0.663174
-0.191350 -1.048138 1.362165 -0.188274
1.799386 1.228809 -1.284892 1.091006
0.927929 -1.567884 1.634840 1.721198
0.558027 1.489225 -1.252040 1.094461
-0.689006 -1.170841 1.004819 -1.943024
1.096398 0.065986 0.384054 1.993746
1.053687 -1.052301 0.995577 0.987116
1.367167 -0.208300 0.405598 2.103388
1.272487 -0.649874 0.524651 1.255592
1.328230 0.683255 -0.743510 2.808066
1.201332 0.272648 0.242352 1.670483
0.928977 -0.692497 0.978046 1.231431
0.098194 -1.161750 1.461567 0.138552
-0.978596 -0.572444 0.399175 -1.439489
0.509564 -1.104952 1.233518 0.374545
-0.229624 1.773303 -1.353882 -0.564622
-0.714558 -0.847561 1.034459 -0.810421
-1.562437 -0.358578 0.043685 -2.264534
0.184425 -1.223649 1.566500 -0.303196
0.362372 -1.165948 1.555803 0.883418
1.324043 -0.271650 0.004327 1.977952
1.083761 0.581918 -0.206429 1.602380
-0.180325 1.133445 -1.413456 -0.229986
-1.518942 0.211553 -0.742044 -1.437710
-1.128855 -0.066311 0.033455 -1.164142
-0.202024 -1.121171 1.855402 -0.250210
0.747184 1.105789 -1.345883 0.475940
1.644706 -0.576362 -0.303384 2.043120
-0.813703 -0.927422 1.405750 -0.990898
0.852811 -0.910839 1.028154 0.848188
1.495141 -0.795731 -0.126383 1.620708
-1.195749 0.775740 -1.381774 -1.166824
-1.066373 -0.202015 0.216484 -1.309449
-1.402485 -0.121297 -0.118194 -1.870424
-0.719672 0.952322 -2.039114 -1.513690
-1.048632 -0.847775 1.736828 -1.329882
1.051676 -0.492822 0.463310 1.249831
1.290680 -0.332010 0.308183 1.755767
-0.593580 0.898445 -2.192354 -1.461615
0.990389 -0.521780 0.587324 1.146898
-1.271441 -0.052346 0.331720 -2.168435
-1.437860 -0.333239 0.612990 -2.171030
-0.870833 1.139328 -2.441602 -1.646381
-1.183982 -0.734414 0.912893 -2.029431
-0.794897 -0.926926 0.828979 -1.438182
-0.867785 -1.663472 1.211677 -1.791718
1.016345 -0.937340 0.342895 1.782963
1.245566 -0.362424 0.101668 1.134974
1.464227 -1.257038 0.376455 2.435386
1.687086 -1.346639 0.481308 2.091083
0.284365 1.137844 -2.068706 0.555026
0.450403 -1.223506 1.292337 0.364925
-0.736369 -0.830764 1.236284 -0.729095
-0.934776 0.705965 -0.780051 -1.141870
0.700390 -0.974826 1.199378 0.800381
0.266428 1.023392 -1.769540 0.309432
0.205138 -1.174473 1.416853 0.245781
0.041473 -1.596146 2.499373 -0.062135
0.724107 -1.639987 1.754637 0.036791
2.820297 1.420106 -3.785285 0.940695
-0.082584 -1.868955 1.680782 -0.978018
0.195950 -1.459104 2.315265 0.004839
0.178411 -1.098501 1.483713 0.096336
-1.296936 -0.309126 1.061048 -1.467212
-0.236245 -1.332454 1.367820 -0.741997
-0.421320 1.079431 -1.620872 -0.059274
-0.784911 -0.795733 2.007133 -1.555515
-1.251955 -0.906078 2.134747 -1.754469
-0.548231 1.274287 -1.607935 -0.225618
0.664383 -1.294911 4.062422 0.641728
-0.553631 -1.202251 1.941170 -0.819021
1.403117 0.121153 -0.393085 3.122536
1.899153 0.303852 -1.711534 2.556635
1.177503 -2.240110 2.753904 -0.099421
2.028586 0.969747 -1.801491 2.580804
0.248478 -2.562167 3.431000 -0.420209
2.086968 0.591805 -1.775779 2.208730
1.860500 0.998755 -1.938038 2.476498
1.165359 1.358232 -2.356498 1.673802
1.863857 1.346499 -2.167569 2.096594
1.381724 1.098253 -2.113381 2.316279
-1.703296 -1.078843 1.494502 -2.040840
1.287030 1.330646 -1.941414 1.563898
1.009279 1.885739 -2.802207 1.784708
-0.055602 2.073434 -1.817953 0.513854
1.571669 0.879184 -1.552964 1.894813
-2.081196 -0.693109 2.475819 -3.188598
1.720502 1.065446 -1.610446 1.706453
1.079404 1.827327 -2.921970 1.546721
1.385948 2.161999 -1.809819 1.610421
0.274521 -2.234600 3.305313 -0.122543
1.440462 -1.616822 1.502194 1.111888
2.262372 -0.018997 -0.398374 2.227135
1.910704 -0.864235 0.611209 2.107910
-1.969385 -0.410064 0.704487 -2.024298
1.085003 2.220980 -1.842477 1.653996
-0.200613 2.048296 -3.356251 0.078542
-1.176058 2.147277 -2.616371 -0.404403
-2.020791 0.179238 0.250965 -2.369605
-2.112621 -0.256737 0.975089 -2.906612
2.154555 -0.121384 -0.158302 4.388273
-1.802318 -0.369513 1.080098 -2.327311
-0.107818 1.879725 -2.342067 0.086941
-0.413247 2.257890 -3.579935 0.261280
-0.733207 2.287653 -3.430828 -0.084583
0.069891 -2.305944 2.963540 -0.410988
-0.271235 2.067373 -2.152537 -0.032985
-0.424042 2.327276 -3.358764 0.232161
-0.263022 2.172248 -3.038465 0.128902
1.819831 -0.378332 0.751383 2.323001
2.150775 -0.530370 1.176461 3.348659
0.257272 -1.974995 1.808334 0.343815
-0.035094 2.140220 -2.831215 0.206984
-0.010388 2.061076 -2.404057 0.125719
-1.879208 0.647714 -1.170798 -2.592335
-0.082792 2.613188 -1.991351 -0.126071
-1.936488 0.767054 -1.525408 -2.929081
-0.329894 2.199579 -2.422908 -0.050964
-0.842912 -2.105687 2.068522 -0.683692
-0.603245 2.130488 -1.994649 -0.389573
-1.753803 1.289487 -1.686189 -2.249621
-2.028225 1.047179 -2.244370 -2.046374
1.160522 -1.637561 2.505680 1.140449
-1.632626 0.952197 -1.697172 -1.693722
-1.388444 1.566856 -2.223759 -1.368374
0.819884 -1.842525 2.475528 0.800457
0.959408 -1.504109 2.457634 1.042683
-1.718481 0.858774 -1.314382 -1.693855
-1.060098 1.554173 -2.381333 -1.087392
-1.375359 1.717690 -2.306302 -1.768781
-1.006088 -1.874474 1.756040 -0.959047
-0.343763 2.215588 -2.555852 -0.279768
1.286795 -1.526636 1.393886 1.403721
-0.523633 1.762476 -1.833408 -0.656593
-1.732886 -1.295885 1.440022 -3.307869
-1.638591 -1.418780 1.389970 -3.419555
1.028743 2.114644 -1.723168 0.948808
1.562230 -1.541710 1.747685 2.778250
1.574112 1.505916 -1.507871 2.836295
1.825548 -1.057085 1.253636 2.903260
1.960188 -0.930715 1.151822 2.733685
-2.215526 -0.302788 -0.153554 -2.927921
0.670134 -1.262999 1.210634 0.839698
0.433808 -1.858064 2.036415 0.900203
0.852309 1.390179 -1.580662 0.574861
-1.602152 -1.393838 1.653282 -1.719133
2.761833 0.766439 -0.400333 2.263268
1.280575 -0.461391 0.565855 1.034499
2.466204 -0.316904 -0.512733 1.990244
-1.483798 1.474531 -1.578989 -1.429755
-1.782471 -0.120676 0.149981 -2.273528
-0.686634 1.024963 -2.237823 -1.577534
-1.224694 -0.181611 0.209813 -1.798009
-0.822048 -1.600436 1.345757 -1.074576
2.341112 -0.028512 -0.759824 3.407706
-2.334717 0.199514 0.231180 -2.169209
1.252250 -1.424124 1.431266 1.113679
2.043064 1.382935 -1.475838 1.428601
2.011775 -1.916713 0.825265 2.928996
1.903261 -2.261737 1.262937 1.617739
1.917197 -1.832921 0.879228 2.117939
-0.102946 2.005816 -2.717448 0.695981
-2.000355 -0.366696 1.099468 -1.748672
-0.169025 1.643519 -2.676461 0.514187
3.159479 1.482468 -3.469371 0.749749
2.884434 -0.695242 -0.455348 2.888983
3.326436 1.806320 -3.590851 1.673322
-1.475677 -1.605890 1.995765 -1.180473
-1.581750 -1.143961 2.485795 -2.105583
-2.503980 -0.419881 1.718745 -2.363742
0.849294 -1.438738 1.667125 2.265466
-3.158069 0.339336 -1.235357 -4.013120
0.482346 -2.782209 4.278811 -0.320152
0.724956 -1.755727 1.992049 -0.073446
2.081942 1.406750 -2.138268 2.356430
0.503599 -3.242840 4.286169 -0.541578
-2.960437 -0.930655 2.561788 -3.722500
0.226564 2.874869 -2.904374 0.376205
-1.415986 -1.128178 1.045448 -1.334854
-2.528734 -0.780785 1.194397 -3.113893
-2.740286 -0.740129 1.055476 -2.992414
2.124926 1.032565 -1.558235 2.288113
1.643377 -1.734495 1.846505 0.741100
1.964912 2.433115 -2.268731 1.735362
1.403529 -2.247195 2.577221 1.212621
2.790299 1.111223 -1.691014 2.517865
1.178833 1.074228 -0.996556 1.512972
0.606231 -2.374325 3.010377 0.075972
-0.237019 -1.668749 1.492307 -0.345413
2.482904 1.529568 -1.823142 2.625628
0.414356 -2.505535 2.857051 -0.163000
0.599684 1.561882 -1.409337 0.795795
-0.155721 2.286874 -3.765624 0.209340
2.536360 0.170389 -0.527931 3.530332
-0.167809 -1.630139 1.525459 -0.605422
-2.686001 -0.064675 0.731666 -3.205202
-0.392364 2.334679 -4.101645 0.055205
-1.174661 2.724655 -3.772862 -0.259311
-0.041664 -2.870751 3.557775 -0.865708
-0.701204 3.029181 -4.779588 0.263463
-2.394272 0.352352 -0.237171 -2.301956
-0.591135 2.599886 -3.865911 0.255413
-2.357017 0.827293 -1.423462 -9.902625
-2.457505 0.851755 -1.533084 -9.969963
-0.463417 -2.958251 3.768335 0.069938
-0.138184 2.668018 -4.232217 0.357070
-2.539176 0.417900 -1.900187 -11.488066
-2.632953 0.643090 -1.200934 -6.675507
-2.795489 0.545912 -1.247519 -6.082692
-0.029208 2.498387 -3.789165 0.367665
-2.951764 0.532474 -1.329676 -5.218320
0.226830 2.509430 -3.616578 0.484964
0.028160 2.458117 -3.680150 0.355371
-2.977722 0.553593 -1.465731 -4.050925
-0.007149 2.434819 -3.829737 0.287584
0.093858 -2.384256 3.330729 -0.012996
2.696512 -0.274896 0.451723 2.978842
2.449020 -0.560136 1.176323 3.843403
0.008262 2.746540 -2.935574 0.209429
-0.104074 2.735325 -2.692940 -0.093078
-0.365299 2.653999 -2.959594 -0.978855
-2.079348 2.045937 -2.550678 -2.984034
2.749106 -1.522925 2.581683 3.112026
1.953605 -1.877459 2.343987 1.785616
-1.973114 2.113531 -2.917166 -2.719077
2.023264 -1.686092 1.898365 1.807978
2.520942 -0.899913 1.678879 2.284210
2.367265 -1.016145 6.081401 10.600621
2.130363 -1.819210 2.126302 1.968833
-1.518759 -2.559809 2.338049 -1.753784
1.862466 1.811471 -1.984486 2.035815
0.938288 -2.941265 3.733187 1.189615
-0.102532 2.517034 -3.152652 -0.034964
-1.674489 -2.028176 2.202854 -1.623802
-1.003932 -1.529512 1.044221 -2.839712
1.859930 -1.422549 1.774706 2.151408
-1.756430 1.917764 -2.299129 -1.856772
3.200936 0.280901 0.711095 2.837759
-3.492186 0.965045 -2.646536 -2.442354
-2.724929 -0.997967 1.495102 -2.937308
-1.357087 2.072191 -3.033116 -2.441616
2.682760 0.094428 -0.720431 3.311499
-2.273219 -3.255772 3.561061 -0.744534
3.094776 0.314687 -0.596921 3.140529
-1.263214 -2.837413 2.363121 -2.438967
-0.937497 -3.137699 2.516646 -1.355157
2.061728 1.100290 -3.047768 0.463040
1.887614 -2.628066 3.109317 1.233126
2.991247 1.404784 -3.043296 2.183620
3.916894 -1.075029 -0.389105 3.698640
1.082682 -2.273754 4.785999 0.712110
0.971060 -2.590697 5.195422 0.746460
0.760608 -2.969499 5.609320 0.798129
2.434149 1.478994 -0.513980 4.160406
-0.020567 -4.113081 4.244549 -0.230092
-3.633901 -1.529028 3.850845 -4.213639
2.107538 4.489257 -5.383088 6.262503
2.773322 3.687221 -4.010153 1.915799
-4.065738 -0.501862 1.532104 -4.050651
-2.254668 -3.684399 4.284760 -3.526845
3.707249 0.577193 -1.371241 4.453661
-4.236185 0.119629 1.109939 -4.893481
-4.421335 0.260025 1.168811 -5.783969
-3.942411 -0.067446 1.449810 -5.413486
-3.743777 -0.551933 1.822937 -4.991340
3.381781 1.346002 -1.037863 5.657948
-4.088877 0.679487 -0.847382 -7.681564
0.091293 3.100219 -4.494964 0.483163
3.549941 -0.646710 1.796243 4.960101
3.486221 -0.659859 1.790930 5.667507
-3.857952 1.226795 -4.172741 -12.625197
-3.311555 1.135633 -2.487587 -6.500078
-3.372713 1.247798 -3.087577 -6.348589
-3.597783 2.337374 -6.087350 -7.238346
-2.863863 3.268672 -4.062409 -3.152747
-2.607152 2.905254 -3.511371 -2.374630
-2.122763 2.777620 -2.991674 -2.286142
4.350070 -1.698550 1.793472 4.035278
3.493460 -3.506214 1.508990 4.600202
-1.176497 4.033113 -5.219373 -2.780159
-3.422995 -2.115791 1.975055 -3.824427
-2.776896 0.379994 -0.197796 -2.820393
3.882547 0.320218 -0.857017 4.358127
3.688012 -3.752316 5.762872 3.655087
4.178546 -0.067112 -0.035317 4.987211
3.523106 -2.955697 4.040452 2.644398
2.883119 -3.336434 3.775345 1.795375
2.111715 -3.880533 5.480000 1.248632
1.126527 -3.983310 5.776121 1.057539
0.861983 -3.400954 5.828659 0.913536
3.689165 -0.050831 0.166813 4.454753
2.997907 0.030890 -0.590638 4.120344
-4.535963 -0.620335 2.077101 -12.584613
1.877843 -6.134560 8.257249 -1.771505
-1.690784 -5.259759 5.376668 -1.053743
7.700713 1.210296 3.430608 8.595977
1.312090 5.389331 -6.004309 0.643276
-1.965537 3.441114 -2.393110 -2.243691
-4.327151 -1.493094 0.898757 -5.599745
-3.064061 -1.407396 0.987867 -4.615741
4.329512 -4.132610 4.165690 5.233181
6.165065 0.221804 -1.191550 6.557525
-3.053855 4.057212 -3.652584 -3.364340
1.802831 -5.376637 7.242130 2.585477
-4.878734 1.047539 -0.728809 -6.668744
-4.547709 -1.456946 1.301272 -6.919939
2.777410 -5.417572 7.189816 3.024068
-1.608906 -4.230110 3.751943 -2.604824
4.284150 -4.289721 6.470783 3.942258
4.856558 -3.910915 6.567241 4.445266
6.816687 0.100629 -1.037783 7.226572
-7.280156 -5.811114 6.189148 -23.237383
-8.844429 1.206949 3.416026 -11.693859
1.841858 -11.901862 11.662688 -1.824158
6.821864 0.355277 -1.352843 7.215385
-7.681338 -0.960311 0.823411 -9.999452
1.899982 -7.175908 9.755341 3.285493
1.891925 -8.056120 11.836317 4.230771
0.387734 -6.753746 8.317908 0.450615
6.554680 -5.703464 8.701229 5.916175
2.914758 -7.263256 9.787921 2.447981
7.503213 4.266230 -4.611147 11.020490
4.821178 -4.826869 6.621668 3.626421
-1.080105 -20.249323 11.724422 -0.866678
-9.628809 7.614850 -6.012188 -15.013963
8.080182 1.205594 4.316063 7.881686
6.004079 -4.972861 6.789011 9.408783
7.275361 -9.645503 13.062657 21.585938
5.734686 -2.309500 2.572798 5.810775
1.839044 -7.823326 10.135965 3.323413
-18.055222 -5.160382 16.298157 -42.668816
-4.798666 -27.473566 17.165670 -2.435115
13.076723 -11.136667 16.132837 27.349596
14.207373 -11.850540 18.958593 38.117165
9.088752 -14.881177 12.100775 19.913296
0.674746 -14.240225 16.695387 3.435639
-15.993989 -9.371208 12.389428 -31.010820
-11.135543 -0.146336 6.039603 -12.867614
10.598335 5.469510 -7.515233 18.562845
-16.739946 -18.694330 13.340384 -26.417191
-10.515222 7.321302 -10.634638 -23.507507
27.269403 -30.528004 21.420162 48.056519
47.610687 -14.269034 22.683844 49.522606
-59.804569 -16.752300 20.662342 -61.922958
44.580414 -52.411598 37.986298 75.051018
60.418991 -28.678715 39.398663 79.994736
56.800945 -51.676903 43.401764 89.561447
68.941681 -65.206390 72.102219 125.315407
120.568947 -126.154114 117.709442 273.820923
1.056364 0.694118 -1.122390 1.295059
1.092346 -0.449586 0.374703 1.020033
-0.046911 -1.082486 1.967053 -0.141686
0.747763 1.070653 -1.207502 0.423719
0.849371 1.285229 -1.455809 0.534116
1.664086 1.256953 -3.621314 0.667878
0.480258 -1.594898 1.644272 0.526342
0.709177 1.044503 -2.204512 1.013946
1.430486 0.201991 -0.668584 1.306708
0.114958 -1.418805 1.961007 -0.096772
1.356469 -0.593101 0.324809 1.299112
0.095593 -1.392261 2.057212 -0.100400
-0.339133 -1.339242 1.396777 -0.576919
-0.602974 -1.078775 1.404883 -0.830574
1.209877 -0.022457 0.392117 2.177535
2.107315 -0.966233 -0.233275 2.476935
-1.772715 -0.375212 1.006407 -1.483803
1.083998 2.339985 -3.497252 0.830476
-0.089147 -1.061956 1.146374 -0.130107
0.501397 0.941213 -1.034757 0.508721
-1.032518 -0.370584 0.676932 -1.232522
-0.444063 -1.159540 1.426997 -0.840967
-1.299850 1.068411 -0.737497 -0.954073
-1.054013 0.182517 -0.265766 -1.074286
1.081877 -0.239051 0.462676 1.173843
1.009020 -0.371799 0.653671 1.405692
0.307374 1.451607 -1.162294 -0.083903
1.000859 -0.270423 0.262634 1.278285
0.431835 -0.973077 1.006135 0.499047
1.472944 0.586580 0.088842 1.438612
-1.203972 0.290659 -0.599634 -1.048879
1.141815 -0.520086 0.489780 0.953539
-0.127374 1.086112 -1.235881 -0.009324
0.473992 0.986857 -1.054564 0.358908
-1.504836 0.555262 -1.441262 -1.090073
0.955420 -0.487688 0.494642 1.082509
1.756741 0.146929 -0.254906 1.147364
-1.131693 -0.212842 0.823196 -1.477128
1.047613 -1.396622 0.927841 0.525981
-0.489284 -1.146780 1.109554 -0.251286
0.471435 -0.969663 1.117255 0.661817
2.158560 1.110587 -2.673182 0.391118
2.403399 0.052397 -0.659719 1.131752
-0.693561 0.909664 -1.057048 -0.635411
-1.416640 0.327057 0.160133 -1.439373
1.429936 -2.666160 1.940598 0.057006
1.514767 0.658053 -1.094681 1.142552
-1.588852 0.806069 -0.984070 -1.043414
-1.352745 -1.076675 1.526776 -1.352775
0.968864 1.268949 -1.365352 1.454475
-1.458586 -0.349631 0.698814 -1.415612
0.060973 -1.437877 1.616198 -0.242303
0.207022 -1.680261 2.021440 -0.049797
1.862548 -0.023611 -0.460559 1.447007
0.423468 1.639046 -1.792798 0.908090
0.853532 0.957914 -1.412935 0.984338
1.699286 -1.185081 0.692731 1.265322
0.339567 1.081157 -1.114648 0.559737
1.134973 -1.395055 1.226483 0.674498
-0.270919 1.565561 -2.176007 0.020587
-1.347029 0.700985 -0.916847 -1.383845
-0.382070 -1.073722 1.083336 -0.578449
-0.941772 0.844431 -0.657769 -0.880010
-1.344191 0.532310 -0.263921 -1.097640
1.200956 0.294908 -0.658945 1.183722
-1.001378 1.166053 -1.193634 -0.820278
0.184473 -1.451723 2.026811 -0.016568
-0.754644 -0.896819 1.198959 -0.842076
-1.023098 1.324652 -1.434198 -0.657459
-0.705268 -0.906195 1.219094 -0.780447
-0.918948 1.254393 -1.254751 -0.559309
-0.641586 -1.049199 1.398398 -0.720565
-1.317464 0.770765 -0.555427 -1.009269
0.105864 1.625664 -2.423953 0.277184
-0.521180 1.652417 -1.913493 -0.330529
1.552348 -0.386946 0.446284 1.488499
-1.617966 -0.164555 -0.092913 -1.844972
-1.028118 0.737325 -0.913828 -0.768370
-1.825008 -1.232437 0.450667 -1.975318
-1.104874 1.385910 -0.811328 -1.222656
0.017653 -1.848655 1.161583 0.749570
-0.440906 -1.345522 1.380953 -0.520869
-0.393191 2.889840 -1.470511 0.029952
-0.390532 1.444480 -0.982077 -0.559730
-1.330369 -0.708759 0.340354 -1.720774
1.259744 -0.494839 0.546596 1.794028
1.417281 -0.691153 0.659115 2.186093
-1.562620 -0.305467 -0.331746 -1.430577
0.393289 -1.475496 1.030764 0.853909
0.839457 -0.982894 1.467354 1.070366
-0.339773 1.102027 -1.077027 -0.381000
-0.047549 -1.517695 1.499720 -0.978000
-0.726063 -1.248713 0.789536 -1.580594
-0.639795 -1.100350 1.209818 -0.647587
0.891808 1.043623 -0.828833 0.844456
-1.189763 0.471603 -0.716601 -1.169823
0.014756 -1.059286 1.789423 -0.144885
-1.768431 -0.010015 0.273690 -1.069102
1.835176 -0.181051 -0.484985 1.630377
1.679400 -0.761511 -0.107064 1.967133
1.488278 -0.135017 0.135134 1.094420
-1.363516 0.225935 0.259941 -1.508293
1.297074 -0.983880 0.494311 1.165322
-1.579392 -1.465378 2.525178 -2.143330
-2.097448 1.022674 -0.892754 -2.494360
-0.083642 2.223829 -3.315639 0.251077
1.687418 0.876957 -1.218251 1.755379
0.358547 -2.226457 2.269025 -0.058141
0.010039 2.188305 -2.297157 0.414503
1.438374 1.453326 -1.398373 1.754432
1.830345 -1.678496 1.105347 2.202522
0.019104 -2.041068 3.362187 -0.189022
-0.576411 -1.978202 2.810029 -0.927930
2.033908 -0.582591 0.098985 2.303854
0.585158 -2.344640 2.018056 -0.235750
1.099139 1.637769 -1.458819 1.156082
-1.825460 -0.131187 0.062915 -2.000401
-1.197256 1.777481 -1.885700 -1.319816
2.179297 -0.326675 0.489846 2.189666
-1.156289 -2.297762 2.795333 -0.067245
-0.870057 1.755903 -2.620734 -0.948174
2.576232 0.798131 -0.568734 1.646973
0.222461 -1.824441 2.597127 0.518932
2.587519 -0.020513 0.717903 2.465487
1.254057 -1.806999 2.374444 1.677438
1.969811 -0.385660 0.464474 2.069949
-2.419722 0.789276 -0.891906 -2.089053
-1.717684 -0.876506 0.805184 -1.879571
-1.628223 -1.101520 0.992202 -1.524497
1.384305 -1.182458 1.311212 1.462610
1.937729 -0.339121 0.522327 2.292805
-2.271944 -0.475790 -0.085445 -2.848313
2.081911 0.465648 0.028688 2.011452
-1.752829 1.626002 -1.492589 -1.501439
2.245136 0.228289 -0.509503 2.201382
0.335886 -2.280508 2.770409 0.713507
-0.019181 1.132667 -1.399891 -0.011613
-1.660419 -0.945240 1.894219 -1.779894
2.096916 0.548337 -0.545716 1.979335
-1.399416 -1.588630 1.654237 -1.301805
0.632517 1.948638 -2.259263 0.973694
-1.484567 1.422670 -2.036730 -1.389035
-0.956989 -2.795301 1.952555 -2.106917
-0.072345 1.724730 -2.281450 0.466507
1.054628 -1.460179 4.572374 0.792284
-2.815994 0.888131 -0.746257 -2.760005
1.355971 -2.527336 2.677566 1.595024
2.359853 1.509980 -1.744437 2.059198
1.709831 -2.510299 2.778808 1.128211
1.141071 -1.360820 1.039581 1.261436
2.444668 1.103796 -1.858355 2.103527
0.309050 2.291023 -3.055221 0.628015
0.434410 1.607586 -1.447220 0.565421
1.686039 1.689556 -2.343438 1.857331
-0.339746 -1.678422 1.493461 -0.505635
0.233184 -2.290698 3.761622 -0.162231
0.156593 2.312495 -2.400888 0.274811
2.658463 -0.461300 0.441970 2.697752
2.629021 -1.104554 0.928089 2.899714
-2.676543 -1.291995 1.669084 -2.160424
-1.308316 2.209522 -0.621762 -2.349762
-1.307455 -2.417643 2.213477 -0.898444
-1.821541 -2.255728 2.247894 -1.427275
-1.028027 -2.851624 3.113649 -0.004652
-1.118423 -2.625839 4.236584 0.037025
3.067557 -0.038837 -0.500666 3.101968
-1.838902 2.342007 -3.803567 -2.381047
1.460358 -0.982179 3.377419 0.678504
3.682993 1.714037 -3.242461 1.655034
4.192498 1.838686 -3.218435 1.971839
0.461653 -4.164429 5.274573 -1.658375
-4.593167 -0.591714 3.510294 -7.682593
4.579581 0.262215 -1.571666 5.093592
0.431224 4.758234 -4.822525 1.836476
-1.513895 -4.134904 4.455084 -1.439134
-0.691486 4.335272 -4.654192 -0.611519
1.539037 4.569818 -3.480327 3.545724
-1.976430 -4.072608 3.251929 -4.107220
1.704287 -2.355199 2.201291 1.597514
4.372148 2.545917 -3.920978 3.183697
-3.651609 -0.813005 0.550928 -4.380231
-1.180432 -4.266999 3.499192 -1.280673
-7.590037 0.289303 3.754968 -6.378664
5.165589 -1.608895 2.254773 5.117314
-2.056770 4.971188 -3.911738 -2.978886
2.156435 -3.634046 2.390426 3.174829
-5.968505 -1.407043 0.688906 -6.518043
0.287796 -6.520707 6.272558 -0.728499
4.586694 1.236731 -1.156376 6.962668
3.046721 -3.813415 2.717196 3.183836
1.665839 6.708585 -6.690979 2.688558
1.726773 -11.270849 9.322629 -3.342309
-10.822016 -1.234330 4.721728 -11.977407
0.633487 -7.213061 6.925800 -0.399701
5.897955 -6.572283 4.989498 7.597127
10.977084 -6.393996 4.258208 19.232862
-11.315289 -6.551671 3.254685 -19.179724
10.744512 6.823400 -3.662766 15.389810
-2.341825 -7.393068 8.856275 2.986132
-1.088628 -6.199608 6.190380 -0.814712
-13.728252 13.402433 -11.367607 -24.106045
16.985964 13.029472 -5.400408 24.309658
15.609747 -8.664515 8.603674 26.184973
14.841187 11.519633 -2.961978 22.029226
1.736301 -12.096627 12.548401 -4.389592
-26.537424 -40.809772 22.320591 -39.698242
-10.403488 63.849152 -62.412228 -6.195014
-46.738811 -61.920475 35.296680 -67.420219
-59.711788 -67.496826 39.300926 -78.332199
162.226456 20.462585 45.551754 300.789032
-0.433067 -1.205617 1.479229 -0.839920
-1.345387 1.087647 -0.752064 -0.987929
-1.283069 0.302207 -0.609050 -1.111084
0.516639 1.200236 -1.295605 0.773883
1.110835 0.723214 -0.912164 1.266241
-1.147427 1.061101 -0.865685 -1.000234
-1.451501 0.734800 -0.480018 -1.146158
1.316045 0.380428 -0.778010 1.307243
0.039483 -2.057203 1.271219 0.714198
-1.143349 -1.494644 0.557054 -1.583730
-0.040817 1.483441 -2.038064 0.376640
2.815984 -1.662913 2.340099 1.843893
