713
607.159912 336.037079
612.958557 309.266357
617.886902 353.021759
641.420166 272.495178
646.847778 281.309174
658.783508 252.682266
667.105835 334.017548
677.445923 399.050873
688.200500 347.031067
1013.328430 684.176758
1041.687622 724.043762
1058.182007 645.321472
1059.038574 642.785706
1061.280762 650.289734
1067.521362 657.794312
1068.879028 642.664429
1072.900146 649.172546
1074.772827 648.189697
1075.599731 638.677734
1078.703247 646.614807
1081.094238 627.370544
1080.877075 630.794739
1083.124512 628.803406
1086.630493 666.628357
1087.116211 630.240417
1087.668945 653.142029
1087.797485 624.087891
1089.227295 658.697021
1089.197510 745.708618
1091.030273 689.255859
1093.565552 649.777222
1098.271240 670.704956
1098.813110 629.893127
1099.753662 617.896545
1099.421997 648.667786
1100.675659 668.847412
1101.120361 638.269165
1100.822510 665.871582
1101.751953 653.357727
1102.249634 646.392700
1102.312988 748.174438
1102.827148 617.565857
1103.724731 631.173706
1104.193359 652.291016
1105.366333 643.419739
1105.389038 654.084961
1106.147095 633.616272
1106.688965 609.902039
1106.647705 657.328735
1106.910522 726.741760
1109.638428 660.889648
1112.062256 664.307068
1112.254272 661.782043
1118.588989 652.825378
1121.113281 661.151611
1126.759521 671.611816
1126.755127 678.617493
1128.578247 627.845032
1130.127441 646.193604
1130.282959 617.589233
1130.785889 657.832581
1132.190308 636.702942
1132.603882 680.878113
1136.622314 636.610291
1138.641724 639.223511
1138.983276 655.778442
1139.358276 657.240479
1140.243286 680.679077
1141.567505 657.072083
1141.640381 660.868164
1143.800781 623.801331
1145.241455 626.372986
1145.078247 654.667358
1147.854370 620.343933
1148.169922 654.778870
1151.119507 614.773254
1154.396240 781.748047
1158.399902 645.672424
1160.131836 648.799805
1178.893188 697.850159
1192.858643 721.520081
476.274231 543.650757
489.862457 548.351074
499.088135 563.398254
519.995728 512.510986
521.208069 527.532349
571.502075 435.657532
572.562012 447.412933
573.995361 389.488281
576.941772 385.011841
595.543030 430.458954
595.766479 383.850311
599.612427 393.858154
600.194031 420.800385
602.308777 427.938049
606.079041 376.646118
607.194214 336.237701
609.573853 426.949860
612.152222 358.532166
612.972473 309.193542
616.997192 298.346741
619.795654 308.543243
624.002686 294.308594
624.494751 287.923981
626.321106 273.433990
626.514832 308.304108
629.275513 245.712631
630.655579 106.663933
631.279297 282.828583
632.487305 268.758759
633.277283 308.239044
634.229858 254.816391
635.241089 241.007187
636.310974 228.547546
636.847595 297.055450
639.308472 106.757744
640.019836 307.704193
640.998474 258.873993
642.032776 287.003632
646.731323 307.426453
648.643860 254.667358
648.816223 296.189606
651.041138 244.761292
650.934692 268.165314
653.593140 307.019531
654.080566 258.062775
653.928101 282.537018
656.151184 239.566788
656.567200 271.823425
659.538696 285.971436
660.374146 306.746918
661.568176 266.242767
662.038452 292.061798
664.582153 280.566589
667.145386 306.053070
673.878235 305.435883
681.764832 331.719940
685.678955 372.942413
686.688477 386.343536
691.769775 423.282349
698.389954 378.293518
698.568848 425.320374
733.488281 427.502289
782.687073 500.663605
807.805176 504.390350
811.818115 478.684021
813.519592 496.484833
1035.181396 691.994568
1037.093140 592.615295
1055.385498 785.992920
1057.741089 640.016113
1059.131348 688.277710
1059.059814 791.407715
1060.633301 658.086182
1067.218384 652.816711
1067.296753 633.446289
1068.691284 650.419861
1069.547119 637.317871
1070.901978 647.632813
1074.468872 631.860291
1076.096680 650.593994
1086.379028 639.249634
1087.739502 661.359863
1088.067017 742.873413
1091.933594 623.092346
1092.260010 646.735352
1095.172607 626.376587
1094.879272 669.864319
1095.518066 650.768799
1095.342529 783.753174
1096.302246 738.597168
1097.687622 643.882813
1098.665405 781.294128
1101.430420 743.987244
1101.959473 643.572693
1102.327759 635.132019
1102.436279 685.774414
1102.841309 733.058044
1103.896973 620.753357
1104.543945 625.578491
1106.576660 687.277954
1107.065063 622.583862
1108.220947 650.079285
1109.085327 641.511230
1110.144531 692.128357
1111.984497 639.062134
1113.890747 631.035034
1115.559814 627.585876
1116.226440 630.078186
1117.440674 707.049316
1117.903320 635.779114
1119.139038 643.383606
1123.281738 662.596802
1125.733398 645.700439
1125.998901 651.490295
1127.340942 618.264954
1136.289429 618.575073
1136.540161 633.363953
1137.426758 615.186768
1140.372070 630.313538
1143.766724 682.319519
1144.981323 657.900940
1145.228394 697.744202
1145.468506 629.838196
1148.149536 627.111389
1147.893921 677.578308
1148.488770 698.692444
1156.257935 677.933960
1158.705811 685.559998
1159.678101 681.955872
1160.847900 652.044800
1161.027344 660.811584
1175.867188 697.166565
1184.572510 739.817932
491.221222 527.990723
494.669128 535.828735
498.119873 519.334229
511.021210 534.586548
515.118835 504.881622
518.219238 489.201172
520.236267 512.662842
527.661194 485.150787
536.635254 462.938629
538.059509 498.065765
545.629272 459.900604
546.296997 474.021362
551.812012 378.327698
553.210815 440.174164
556.219482 470.792145
561.713257 436.304932
562.713623 449.965363
578.437683 385.020447
587.828796 405.332764
593.533264 251.555283
597.376099 204.858200
601.286072 352.469147
602.088806 281.605225
605.494324 143.426743
605.565369 403.415894
607.783752 391.647064
611.088867 160.385406
618.491272 353.051819
620.113159 185.667450
622.309753 336.400085
623.790283 402.488770
633.475220 390.842407
632.706299 404.033691
640.349976 334.996490
641.931396 404.614349
651.299011 390.007019
651.028625 403.523712
667.101990 333.921570
672.567749 350.058685
678.388672 389.158386
677.772522 400.474823
686.644653 401.180664
688.557495 347.413116
695.808960 401.227173
696.711914 364.474091
704.441284 398.836639
704.936584 386.301117
713.454590 397.557495
722.708313 385.365021
733.303040 427.479828
733.206726 441.742493
742.671387 430.038422
751.783081 448.825409
751.847412 463.685974
759.276489 471.287140
761.096802 451.036652
763.776489 463.238739
771.435913 471.317719
779.853394 544.920349
781.857605 444.080109
783.465149 566.455505
795.573975 502.336212
809.865784 500.179993
814.339233 496.474823
819.730957 548.443115
1055.940918 635.900574
1058.533325 687.187317
1060.406250 632.431335
1070.070190 636.605347
1075.168823 633.083069
1084.138062 628.502869
1089.712769 744.835388
1094.730957 650.167542
1098.007324 739.090881
1098.993652 747.263611
1099.661011 614.853638
1101.946289 733.185852
1101.500244 742.706360
1103.120239 647.210999
1103.483032 686.135437
1105.205566 644.108093
1106.925659 633.541138
1108.588745 730.341919
1113.014404 659.723083
1113.610840 664.978088
1113.805908 699.096252
1116.825806 635.576660
1118.006592 648.784424
1120.195313 643.460388
1121.390869 655.338379
1125.115479 651.332458
1125.259033 654.668945
1143.390259 661.748169
1147.347900 689.048584
1148.437622 658.431396
1152.940063 782.190247
1158.629883 681.387756
1175.845581 673.744385
1192.465332 720.290222
459.480682 572.406372
499.589081 538.835022
501.410217 534.351318
508.091766 514.750732
508.587799 533.512756
528.135986 502.571899
533.140869 418.517212
534.134277 500.405426
558.335144 335.230713
565.953369 303.326447
569.716858 406.602936
572.330994 435.319611
572.639221 386.917755
572.578064 394.316711
573.663879 400.997650
574.463623 406.249817
578.979736 406.148376
583.468872 405.946045
591.189331 312.941406
590.657349 392.861603
592.369751 405.346985
596.846069 405.265289
603.933716 345.433014
603.644043 392.438507
613.548706 370.756592
614.798950 404.340393
617.134216 391.938477
632.842468 332.324280
638.489929 387.020813
643.995056 80.548546
644.416260 390.399323
652.998413 209.370514
654.573608 221.236618
655.636597 331.195587
656.247681 385.759125
656.539917 233.418610
658.803894 246.172623
661.589905 259.833496
662.007019 389.627716
664.553528 273.809235
668.480774 389.279083
668.348938 395.714691
668.492126 287.805237
668.562805 402.080139
669.787292 488.416290
671.161438 378.100555
678.299744 366.506958
682.690308 394.624817
701.066772 393.014709
723.303406 398.685120
727.114441 391.375732
747.008301 484.191223
759.163818 486.246582
768.860901 435.514709
769.659363 491.263641
773.443726 506.451447
780.237183 403.402527
783.572205 515.611206
785.479553 536.780334
788.841492 497.314209
796.013916 518.679993
797.234009 452.491760
801.797729 542.549194
819.950317 482.709686
823.152039 557.437927
831.858887 552.037598
1061.006714 791.423218
1079.078125 794.976135
1092.041138 736.280518
1093.159912 686.002441
1097.127563 780.803589
1098.674438 682.479675
1100.294678 740.273743
1110.141113 643.499939
1127.097412 620.431396
1141.457275 659.627563
1142.151001 684.777893
1147.165649 652.989685
1150.832764 696.828674
1154.485474 659.285889
1158.608521 659.517761
1164.460327 665.010254
1187.252319 730.846436
489.151581 556.876221
518.783936 536.364624
524.149658 434.290588
571.431580 384.160065
577.422546 291.371277
577.633301 321.751495
597.986938 361.856171
609.537659 370.242767
613.408142 381.321991
618.548645 362.252075
623.686951 344.652374
629.344421 113.037422
643.583374 112.186966
665.438965 389.457336
666.715820 342.316498
672.308533 358.883240
681.449585 302.660431
687.467041 339.005157
695.639404 355.756866
718.880615 395.571381
782.233704 473.712585
790.341553 466.169281
803.856812 468.135620
835.695923 513.636292
1044.491821 711.001160
1052.521240 789.387939
1062.694458 740.139099
1093.224976 648.458862
1103.090820 739.916565
1109.328369 672.169861
1134.727295 769.131165
1139.583984 686.173645
1150.921875 684.604858
1156.322632 658.128540
1164.759399 667.500244
1173.135254 661.048950
1186.610474 705.345825
605.258301 344.853607
608.473328 144.786575
614.150024 70.059975
652.969299 334.191559
668.562317 76.945862
691.451050 393.678772
808.953918 476.950958
812.500610 485.989655
821.854858 484.541229
820.194519 497.950867
829.158386 550.873840
1065.950684 687.115967
1079.590698 663.588074
1088.959106 709.292664
1092.356689 741.719543
1096.243774 662.075500
1111.724976 642.805298
1122.776855 665.925049
1139.710938 673.268494
567.414795 381.370514
595.683167 249.610519
603.168945 83.318321
614.273682 73.503151
825.869080 552.515015
1062.110352 735.393005
1070.372925 647.413574
1108.955322 677.581238
1112.786377 645.962646
1137.237793 670.310547
1140.192993 647.821167
1152.172974 733.406006
1159.991089 655.573669
637.275940 118.394112
648.287109 341.744873
672.272522 65.950211
808.752686 484.539642
831.240967 492.388031
831.749084 515.377869
1075.949829 666.892029
506.268127 451.397491
646.542480 360.145477
799.389221 495.989105
816.966553 472.886139
848.998596 537.568665
1114.289673 688.534119
455.620972 539.828247
597.690857 64.025284
611.048584 359.093079
619.090515 85.698158
675.580566 349.149353
637.915710 96.752426
802.328491 582.125366
505.031342 578.369202
636.687866 151.376740
772.376160 561.282410
633.523682 182.218079
1100.661377 718.428833
633.443542 477.769318
641.420166 272.495178
1059.038574 642.785706
1067.521362 657.794312
1093.565552 649.777222
1093.565552 649.777222
1141.567505 657.072083
573.995361 389.488281
616.997192 298.346741
624.494751 287.923981
626.514832 308.304108
635.241089 241.007187
640.019836 307.704193
640.998474 258.873993
642.032776 287.003632
1035.181396 691.994568
1098.665405 781.294128
1125.998901 651.490295
1122.892334 662.876404
612.958557 309.266357
612.958557 309.266357
617.886902 353.021759
641.420166 272.495178
641.420166 272.495178
688.200500 347.031067
1068.879028 642.664429
1075.599731 638.677734
1075.599731 638.677734
1081.094238 627.370544
1087.116211 630.240417
1089.197510 745.708618
1093.565552 649.777222
1099.753662 617.896545
1099.753662 617.896545
1099.421997 648.667786
1102.312988 748.174438
1106.147095 633.616272
1106.910522 726.741760
1118.588989 652.825378
1118.588989 652.825378
1128.578247 627.845032
1128.578247 627.845032
1141.640381 660.868164
1148.169922 654.778870
1154.396240 781.748047
1160.131836 648.799805
476.274231 543.650757
489.862457 548.351074
489.862457 548.351074
572.562012 447.412933
599.612427 393.858154
612.152222 358.532166
612.152222 358.532166
612.972473 309.193542
624.002686 294.308594
630.655579 106.663933
631.279297 282.828583
634.229858 254.816391
635.241089 241.007187
636.310974 228.547546
636.847595 297.055450
639.308472 106.757744
640.998474 258.873993
640.998474 258.873993
642.032776 287.003632
642.032776 287.003632
648.643860 254.667358
648.816223 296.189606
651.041138 244.761292
650.934692 268.165314
654.080566 258.062775
653.928101 282.537018
656.567200 271.823425
659.538696 285.971436
667.145386 306.053070
673.878235 305.435883
685.678955 372.942413
686.688477 386.343536
733.488281 427.502289
807.805176 504.390350
811.818115 478.684021
1035.181396 691.994568
1037.093140 592.615295
1059.131348 688.277710
1067.296753 633.446289
1069.547119 637.317871
1069.547119 637.317871
1074.468872 631.860291
1086.379028 639.249634
1088.067017 742.873413
1092.260010 646.735352
1095.172607 626.376587
1098.665405 781.294128
1116.226440 630.078186
1125.733398 645.700439
1127.340942 618.264954
1136.289429 618.575073
1136.540161 633.363953
1136.540161 633.363953
1143.766724 682.319519
1145.228394 697.744202
1148.149536 627.111389
1148.488770 698.692444
1148.488770 698.692444
546.296997 474.021362
578.437683 385.020447
587.828796 405.332764
593.533264 251.555283
597.376099 204.858200
597.376099 204.858200
601.286072 352.469147
605.494324 143.426743
605.565369 403.415894
607.783752 391.647064
611.088867 160.385406
622.309753 336.400085
678.388672 389.158386
678.388672 389.158386
704.936584 386.301117
704.936584 386.301117
733.303040 427.479828
733.206726 441.742493
759.276489 471.287140
763.776489 463.238739
771.435913 471.317719
771.435913 471.317719
779.853394 544.920349
781.857605 444.080109
783.465149 566.455505
795.573975 502.336212
795.573975 502.336212
819.730957 548.443115
1070.070190 636.605347
1089.712769 744.835388
1098.007324 739.090881
1098.007324 739.090881
1098.993652 747.263611
1099.661011 614.853638
1101.946289 733.185852
1101.500244 742.706360
1101.500244 742.706360
1113.014404 659.723083
1113.805908 699.096252
1116.825806 635.576660
1125.115479 651.332458
1143.390259 661.748169
533.140869 418.517212
572.639221 386.917755
572.578064 394.316711
573.663879 400.997650
574.463623 406.249817
578.979736 406.148376
578.979736 406.148376
583.468872 405.946045
590.657349 392.861603
592.369751 405.346985
596.846069 405.265289
643.995056 80.548546
701.066772 393.014709
785.479553 536.780334
797.234009 452.491760
819.950317 482.709686
823.152039 557.437927
831.858887 552.037598
1061.006714 791.423218
1079.078125 794.976135
1092.041138 736.280518
1098.674438 682.479675
1141.457275 659.627563
1154.485474 659.285889
1158.608521 659.517761
518.783936 536.364624
524.149658 434.290588
577.633301 321.751495
577.633301 321.751495
835.695923 513.636292
835.695923 513.636292
1044.491821 711.001160
1044.491821 711.001160
1093.224976 648.458862
1156.322632 658.128540
1186.610474 705.345825
1186.610474 705.345825
614.150024 70.059975
652.969299 334.191559
812.500610 485.989655
821.854858 484.541229
820.194519 497.950867
829.158386 550.873840
1092.356689 741.719543
1111.724976 642.805298
567.414795 381.370514
603.168945 83.318321
614.273682 73.503151
825.869080 552.515015
1062.110352 735.393005
637.275940 118.394112
637.275940 118.394112
648.287109 341.744873
672.272522 65.950211
831.749084 515.377869
646.542480 360.145477
646.542480 360.145477
646.542480 360.145477
848.998596 537.568665
597.690857 64.025284
637.915710 96.752426
505.031342 578.369202
636.687866 151.376740
633.523682 182.218079
633.443542 477.769318
641.420166 272.495178
641.420166 272.495178
1093.565552 649.777222
635.241089 241.007187
640.998474 258.873993
640.998474 258.873993
642.032776 287.003632
642.032776 287.003632
1035.181396 691.994568
1035.181396 691.994568
1125.998901 651.490295
1122.892334 662.876404
