-0.376512 -1.01563 1.69298 -0.368236
2.22635 1.41316 -1.24598 1.50437
-3.35587 -0.902403 -0.762191 -3.45932
1.08323 0.763002 -0.816967 0.895986
1.0559 0.081963 -0.038414 1.23814
-0.924648 -0.667499 3.76021 -2.79522
-1.55256 -0.523777 0.174217 -2.30281
1.03548 1.04657 -1.20827 0.990902
-0.282647 -1.03669 1.34655 -0.517952
-1.12176 0.352109 -0.790253 -1.42797
8.67433 -0.012115 0.476714 8.85451
0.732061 1.33096 -1.43568 0.491617
-0.899191 -1.42249 1.36748 -0.64024
-1.80149 0.208039 0.096908 -1.28526
0.082811 1.15265 -1.12246 -0.067464
-1.15815 0.721368 -0.77145 -1.32932
2.61145 0.144261 -0.27724 1.54747
-1.22808 0.336997 -0.124679 -1.07424
0.183352 -1.11559 1.74235 -0.088396
-2.05978 -1.09628 1.42345 -1.83871
1.37407 1.32587 -1.90961 1.54978
2.4229 0.669783 -0.891853 1.29011
-1.52718 -0.027728 -2.09672 -2.39214
1.74002 -1.6527 2.9609 1.4432
-1.26225 -0.238516 0.165236 -1.43639
-0.06673 -1.15863 1.5585 -0.024968
0.761145 0.869886 -1.12955 0.740482
-1.4119 -0.42162 0.459412 -1.28733
0.056498 -1.19687 1.83016 -0.025129
4.82878 0.088077 -1.21145 9.52865
0.440014 -1.39396 3.02789 0.24277
-1.07743 -0.160298 0.195205 -1.26959
-2.40076 -0.062369 0.132885 -1.42911
4.27891 0.082202 -0.778582 7.46669
-1.27413 -0.410702 0.42277 -1.42167
-0.381736 1.67585 -1.48349 -0.152877
0.497009 1.18022 -1.27751 0.508532
0.072915 -3.02019 3.92143 -0.393287
-0.42521 -1.10028 1.43213 -0.430118
0.874861 -0.760082 0.957486 0.714658
-0.915694 0.537468 -0.689048 -1.11989
-0.035047 -1.07076 2.14062 -0.093802
0.410216 1.47365 -2.85818 0.102967
0.487699 -1.56991 1.09227 1.06249
-2.02104 -0.529962 0.430896 -2.387
1.36131 1.23295 -1.46087 1.21783
-31.2775 -11.6456 37.3638 -32.1401
-2.76328 -0.070855 -0.306062 -1.95831
-0.794595 0.70996 -1.14285 -1.74324
-0.293627 -1.05165 1.77157 -0.159733
-2.9328 -0.267909 -0.137397 -4.08119
0.335292 1.49308 -3.27332 0.040544
-0.263083 1.65613 -3.50436 -0.027543
-0.591352 -1.13883 4.78058 -3.57669
2.51512 0.216027 -0.958931 1.77491
-0.889149 5.94684 -7.02584 -0.393683
-0.137114 1.11086 -1.17139 -0.003066
0.447705 -1.5059 2.20041 0.061609
-1.64933 -1.22767 1.7693 -1.67356
0.927405 -0.979097 1.99184 0.670064
1.57334 0.176793 -0.301213 1.27849
1.94199 0.289065 -0.021441 2.02853
-1.25026 -0.022598 -0.049815 -1.22653
-0.131802 1.40045 -1.26721 -0.679598
-1.19403 -1.43318 0.959899 -1.31633
2.71577 -0.318475 -0.153061 1.42363
-2.19745 -0.08443 0.231447 -1.38807
-1.3381 -0.070077 0.107599 -1.31505
0.614839 0.910366 -4.24249 3.24122
0.406293 1.69133 -1.75771 -0.233545
0.716735 0.896231 -0.923369 0.595528
-0.666773 0.865985 -0.990498 -0.570933
0.455588 -0.942439 1.05756 0.414393
0.906216 0.658223 -1.07476 0.942077
-0.631553 -1.13141 1.89288 -0.542635
-0.075715 -1.55918 2.49716 0.119604
0.99946 -0.730569 0.727992 0.821749
-0.322557 -1.35846 2.6423 -0.395074
2.21476 0.039473 0.325373 1.60551
0.261031 -1.08558 1.65739 0.125467
0.79577 0.834319 -1.18513 0.701932
-0.739258 -1.01309 1.01309 -0.739258
-1.35412 -0.227425 0.213254 -1.23221
1.05679 -0.545635 0.224306 1.44734
0.781777 0.864722 -1.34378 0.770166
-0.890695 2.71692 -2.85077 -1.23693
1.14286 0.132844 -0.290798 1.11923
-1.16815 1.29198 -1.62197 -0.447282
0.547369 3.46428 -3.37304 -1.59198
3.06758 0.143742 1.99403 2.20458
-1.59178 0.244587 0.041695 -1.32274
-2.86493 -1.7919 1.22084 -3.78211
0.759747 1.10731 -1.15162 0.492409
-0.750437 -1.02207 1.688 -0.459128
0.644354 1.28651 -2.22879 0.370643
0.17755 1.09997 -1.86654 0.075514
0.661745 0.878079 -0.878079 0.661745
0.576662 -1.12033 1.09889 1.45105
-0.656024 -0.853728 0.853728 -0.656024
1.29173 -0.058453 -0.180554 1.44674
-0.607495 -0.932216 1.23519 -0.645729
3.88082 2.20457 -0.069416 3.86672
-1.80974 3.74663 -3.8141 -1.9846
1.30726 -0.023518 -0.07276 1.06705
1.71449 -0.143967 -0.317932 1.76753
0.459257 -1.0193 1.08365 0.337039
-0.128387 -1.76489 2.00416 -0.014072
2.56964 0.5386 -2.21548 1.48567
-0.210254 1.20504 -1.86333 -0.187092
-0.076302 1.04501 -1.38651 0.013483
-3.20955 -0.122829 0.104278 -1.84245
-0.95544 1.12195 -1.4939 -0.291518
-1.37092 -0.528928 0.965102 -0.952308
3.28543 0.193879 -0.181681 1.481
0.392004 -0.970432 1.06726 0.474292
-0.910657 -0.638827 2.36939 -1.77866
-0.448765 0.959277 -1.55891 -1.15078
-0.846439 1.02714 -3.05912 -1.79131
-1.4899 0.323811 -0.919373 -1.48649
-1.06476 -0.254303 0.254303 -1.06476
-2.23186 -0.110646 0.160074 -1.29786
0.746876 0.81743 -1.14303 0.73303
0.579056 1.17392 -2.13345 0.307276
0.748841 -0.812888 0.754707 0.768022
-1.21713 -0.373509 0.74751 -1.05974
-7.00444 -0.352224 1.03363 -9.2579
2.45242 2.07406 -2.64783 1.89537
-1.00437 -0.798662 4.91373 -3.66057
0.77089 0.956418 -0.839907 0.644614
0.922715 -0.523358 0.665453 1.02164
0.799475 0.831078 -1.1977 0.799528
-1.63222 -0.208728 0.000593 -1.0892
0.182686 1.33665 -1.43915 -0.553599
-0.023839 -1.34171 1.51838 -0.089606
-1.16224 -0.330089 0.057439 -1.34413
3.63738 8.07593 -9.56182 4.16766
-1.11645 -0.038802 0.036427 -1.09759
-1.12812 -0.242423 0.363091 -1.63143
1.86004 -1.6012 1.54628 1.32066
-0.503108 -1.05073 3.85863 -2.88761
-0.778837 -2.67101 4.38781 -0.237545
4.08042 -0.091159 0.159645 2.01091
2.01983 0.076029 -0.350938 1.33981
-1.23999 -0.057708 0.109606 -1.26916
0.553435 -1.02295 1.19852 0.321925
2.13727 0.209727 -0.694244 4.68368
0.103437 -1.19885 1.9635 0.148015
0.126854 1.16984 -1.89301 0.151076
1.81973 2.92999 -1.70178 0.816331
-1.05388 -0.035209 0.095699 -1.89011
0.941502 -0.685508 0.99693 1.43754
2.82305 0.128744 -0.804467 4.1408
-0.765398 -1.19026 1.71093 -0.782746
-1.0434 -0.265842 0.276816 -1.07538
1.71514 0.037938 -0.156229 2.04564
-2.25016 -0.289311 0.327979 -1.78281
3.31553 -4.05858 5.61682 7.23892
0.170938 -1.15139 1.87583 -0.033331
3.74912 -8.71632 10.8127 2.35012
-3.4586 -0.169541 2.40494 -12.5745
-0.338686 1.56255 -1.82738 -1.99772
-0.612105 -0.895673 2.56297 -2.01617
-1.31379 -0.880445 1.81933 -0.787186
-0.275767 -1.16534 1.41342 0.077986
1.76163 0.994003 -1.70068 1.06861
-1.08369 0.475978 -0.163039 -1.24543
-2.46029 -0.048938 0.997783 -5.67695
-0.436513 1.61367 -1.46688 -0.083096
4.00903 0.670915 -0.670915 4.00903
-2.94757 -0.051786 0.127597 -1.83265
1.23164 -0.185887 -0.115479 1.37333
0.073115 1.19742 -2.24272 0.075967
2.62651 -0.357732 0.279211 2.29311
-1.83729 -1.05185 1.49732 -1.73702
0.307995 1.02507 -1.18136 0.2845
-1.81783 -0.172021 -0.734274 -2.53909
0.349664 1.04779 -1.30466 0.473381
-0.564607 -0.94654 1.17382 -0.507619
-1.66125 -0.919998 0.404812 -1.95677
1.52909 0.048672 -0.27855 1.12423
1.58499 0.037963 -0.273134 1.11291
0.209495 -1.11017 2.0937 -0.036886
-0.829166 -1.00536 1.8747 -1.59844
0.467343 0.962271 -0.954959 0.445827
-0.942876 2.12626 -2.19225 -0.254891
1.54287 1.62733 -1.66677 0.98127
1.58863 -0.191607 -0.367235 1.40287
0.884727 -0.668335 0.832159 0.812794
-0.33094 -1.08443 1.15575 -0.371891
-0.665284 -0.835075 0.835075 -0.665284
2.10391 0.214703 -0.494932 2.04291
-1.52337 -0.419118 0.011658 -1.38655
4.44337 -0.039446 7.41476 5.83565
0.129162 -2.2221 2.23942 -0.475091
1.38858 0.067797 -0.192389 1.39513
-0.210659 1.09862 -1.33702 -0.102969
1.45458 1.20512 -1.48204 1.26768
0.199062 1.11779 -1.66759 0.089449
-67.6424 -19.3914 41.9176 -85.2029
-11.0896 -0.29384 5.69758 -21.5832
0.178826 1.87889 -2.38018 0.089944
-1.44431 0.556701 -0.556701 -1.44431
0.445811 1.01869 -1.31724 0.656744
-12.8041 -0.253999 0.568448 -11.9063
-1.03923 0.730803 -0.584851 -1.16126
-0.074304 1.31036 -1.28147 -0.135282
-1.25658 0.604211 -0.7679 -1.27362
0.719251 1.25521 -1.44015 0.742831
0.434653 0.980132 -2.21259 0.960023
1.38979 0.091967 -0.858864 1.52189
0.134655 -1.17399 1.80597 0.145598
0.391982 -1.40178 1.70301 0.718432
-0.593342 -1.12936 1.36028 -0.561705
1.24533 -0.060881 0.377674 1.14592
-0.979641 -0.579081 3.10093 -2.32512
0.863899 -0.997845 1.04804 0.828771
0.782837 -1.04323 1.85932 0.390263
-1.81662 -0.100659 0.021861 -1.2106
0.694971 0.972201 -1.54518 0.412321
0.108209 1.35149 -1.76526 0.002305
2.44818 -1.87489 3.02268 1.68428
0.723921 1.06148 -1.65935 0.519236
-0.633189 -4.96056 8.46359 -0.583802
-0.887232 -1.03233 1.87419 -0.735457
-0.770157 -1.15056 1.63416 -0.88322
1.16768 1.42539 -1.93883 1.00377
-0.963047 0.904951 -1.65705 -2.22725
0.093216 1.07925 -1.6045 0.296042
-1.00417 0.572791 -0.696648 -0.953168
0.188166 -1.12444 1.08856 0.140489
0.804353 1.32206 -5.01463 2.55518
0.560931 0.97276 -0.941444 0.911801
-0.232893 1.04623 -1.66425 -0.240758
1.38673 -0.00173 -0.271021 1.32463
-1.62657 0.055793 -0.090741 -1.10449
1.00101 0.796046 -1.99067 1.50081
-0.341248 -1.24855 1.76201 -0.515477
2.09029 0.154432 -0.114541 1.50903
1.17228 -0.772022 1.24048 0.735856
-0.84397 0.729616 -0.888311 -0.779322
0.921298 0.711184 -1.0819 0.909181
0.213513 -1.56885 1.58581 -0.167948
2.48433 -1.922 3.26109 1.90307
-0.181867 2.06569 -2.30225 0.1221
1.34138 0.767807 -0.539831 1.31716
0.705335 -0.998496 1.06192 0.490679
-2.82048 0.106175 0.43464 -1.95482
0.10593 1.42321 -2.26301 -1.26328
-2.00667 -0.093605 0.002329 -1.15309
-1.7998 -0.311758 -0.560536 -1.39443
0.153595 1.05979 -1.21858 0.161723
0.046398 1.09841 -1.33955 -0.093743
6.52737 8.8952 -9.91677 6.12133
-0.347377 2.74198 -3.97946 -0.021919
-1.00773 1.08592 -1.4705 -0.458889
0.228457 4.93955 -8.90938 0.232352
-0.611919 -0.991338 1.7137 -1.05192
-2.46401 -0.267736 0.23349 -1.54109
-0.715145 -1.05158 4.73717 -3.53855
1.03077 0.971557 -0.996567 1.04363
0.354849 -1.15354 1.77775 0.162043
2.21808 -17.8086 33.2902 -1.04874
2.49734 0.952858 0.051041 2.71522
2.49536 0.117761 -0.113486 2.22232
-0.024783 1.06547 -1.30905 0.062623
-1.09011 -4.61795 8.94541 -0.287902
0.034226 -1.04645 1.83246 0.040193
0.641397 -1.11136 1.38431 0.209592
3.92874 8.05938 -15.2493 -0.416685
-2.09719 -0.079792 0.163888 -2.0662
0.336969 -1.18132 1.20311 0.842372
2.27377 -0.139308 0.481972 1.71529
-0.048249 1.58953 -1.30848 0.114081
0.063507 1.62044 -1.7854 -0.034855
0.189417 -1.03501 1.92689 0.061026
-0.543019 -1.03502 1.37685 -0.703825
1.27571 -1.00413 0.978287 0.811063
0.172138 -5.62793 8.36383 -0.588639
0.078021 1.15788 -1.40864 0.33574
-0.651313 -0.921556 2.30436 -1.84517
-1.07163 0.205093 -0.344077 -1.13626
1.8492 0.372065 -0.884966 1.12898
0.11077 -1.09166 1.5361 0.232445
6.2477 -2.69413 2.72231 8.68232
-0.181778 1.20347 -1.64811 -0.324332
0.22913 -1.10407 1.66372 0.196139
0.131679 3.19168 -4.70458 -2.56431
-0.893758 -1.1493 1.59409 -0.717019
0.164012 -1.05828 1.71217 0.151601
-0.723204 -0.74498 1.08506 -0.876703
1.29893 -0.466865 0.308623 1.72885
-1.13065 -0.227288 0.291102 -1.23568
-0.715313 0.848346 -1.15703 -0.924677
1.12566 -0.791083 1.15001 0.821023
-0.659456 1.51066 -3.99296 -0.382713
-3.12748 -0.126042 0.102322 -1.64283
-17.0318 85.9126 -88.7455 -11.811
-0.20454 1.0901 -1.95323 -0.041082
0.836791 0.708435 -0.924175 0.771935
1.09108 0.172174 -0.247823 1.05699
0.687826 0.776438 -1.04668 0.8023
0.107933 -1.05217 1.50651 0.11799
-0.575388 4.36881 -5.19436 0.21229
0.019393 -1.37493 1.6243 -0.504032
-2.47927 -0.452079 0.425724 -2.44448
-0.377768 -1.00279 1.04521 -0.416233
0.741005 0.820666 -0.996101 0.645914
1.83154 1.15615 -1.68056 1.35507
-0.050306 1.03634 -1.2174 -0.071107
1.46563 -2.56688 3.53201 0.856798
-2.68587 -0.213811 0.834668 -4.82833
-0.01573 -1.05835 1.69028 -0.03098
1.23247 0.8492 -1.14808 1.5796
-0.997738 -0.511075 0.424704 -2.21915
1.95994 0.157442 -0.242704 1.04039
-1.23624 -0.273012 -0.56333 -2.34085
-0.738785 -1.33488 6.03343 -2.84746
3.44059 0.542159 -1.36115 8.63374
-0.153292 1.0819 -1.14873 -0.063477
-0.435176 1.85031 -3.26576 0.94098
4.28319 -0.150274 -0.253457 3.62847
2.24604 0.162558 0.149132 1.7472
1.1525 -0.108092 0.248886 1.54405
-1.00547 0.289552 -0.329009 -1.03269
3.13124 0.020446 -2.07208 10.7647
1.42532 -0.231953 -0.284551 1.6053
-0.214969 1.70943 -1.86444 -0.188639
-0.081211 1.21973 -1.14573 -0.102558
-0.302969 1.01553 -1.28634 -0.299749
-0.069787 1.33809 -1.81532 0.630928
0.664525 -0.903557 1.31428 0.725411
2.43999 -0.659618 1.12689 2.04325
-1.2071 -0.232731 0.431065 -1.12007
0.989829 -0.904385 1.45032 0.797387
1.47548 0.054299 -0.346753 1.42365
-1.2811 -0.141608 0.080492 -1.30969
0.026964 -1.37178 1.3907 -0.104001
-1.17909 0.716406 -0.807907 -1.98059
0.344684 -1.12243 1.61854 0.101415
-0.068866 1.10528 -1.19615 -0.106755
1.16046 -2.54411 4.80292 0.448874
-1.59211 -2.16896 3.29415 0.420053
-0.594791 -0.90927 1.34018 -0.640922
-0.733792 -1.02024 1.52787 -0.79499
0.177263 -1.09403 1.65998 0.126796
-0.586973 -0.898647 1.50061 -0.842537
-0.898752 -0.754745 1.63488 -0.906762
2.10841 0.175427 -0.215581 1.50075
-1.06961 -0.248961 0.248961 -1.06961
0.855688 -1.00353 1.89948 0.537398
-0.76017 -0.810828 0.956241 -0.968805
-0.232355 -1.24713 1.69003 -0.10068
-1.43382 0.021102 -0.125119 -1.42312
1.83243 0.185212 -0.219158 1.46302
1.03458 0.765159 -1.2305 1.03954
0.141863 1.53204 -1.61488 0.475951
-0.614359 -0.839688 0.839688 -0.614359
2.60464 0.670577 -0.516735 2.12661
-1.13768 -0.372846 0.459304 -1.05493
-1.06347 -0.233839 0.233839 -1.06347
3.24442 5.19779 -6.015 2.62838
-1.26953 0.314343 -1.6882 -2.29736
0.66619 0.920451 -0.965007 0.549066
1.10412 1.03158 -1.37367 0.675188
2.63324 0.088588 -0.168973 1.32304
-2.09618 -0.422226 1.05551 -2.07539
-1.25252 -0.044962 -0.034293 -1.14898
-1.02527 -0.140703 0.097941 -1.71127
-1.67914 -0.081774 0.35713 -1.98079
-3.32332 -0.174912 0.230906 -1.95385
-0.63404 -0.836138 0.836138 -0.63404
0.213851 1.30698 -1.1952 0.078183
1.70231 0.023497 -0.121957 1.41014
0.1593 -1.32013 1.35076 -0.284163
-1.65655 -0.482318 0.382743 -1.44967
-1.13176 0.004809 -0.086045 -1.12483
-1.07129 1.02354 -1.47297 -0.80505
0.435875 1.14353 -1.67901 0.545798
1.07189 0.57709 -2.05575 1.64604
0.85845 1.04234 -1.79775 0.694527
-0.877433 0.65184 -1.09032 -1.05365
0.292786 -1.34337 1.61827 0.180495
-0.647162 -1.05844 4.87027 -3.66886
1.84841 0.186981 -0.329761 1.05448
0.12953 -2.00516 2.42085 -0.122998
-2.50833 -0.253305 0.385099 -1.55791
0.424196 1.75339 -1.88493 -1.14116
-1.16461 -0.659925 0.709946 -1.10168
-0.890352 0.671905 -0.826187 -0.837185
-2.00727 -0.021049 0.058721 -1.83893
-0.201569 -1.65497 3.39634 -0.038029
0.862738 -1.20215 1.2803 0.527004
0.026842 -1.1685 1.53588 0.052183
-0.842822 -2.84619 2.87464 1.8034
2.17448 0.285249 -0.045723 2.10951
-0.956534 0.538609 -0.680118 -1.106
5.41501 -2.03175 -1.40266 25.9003
-1.25821 0.860239 -1.50825 -0.958896
0.150071 1.23788 -1.34716 -0.324182
-0.219029 1.12948 -1.383 -0.070318
-1.84857 -0.353011 0.836764 -2.40351
1.77969 0.081111 0.013743 1.40244
-0.289401 -1.48319 2.56596 -0.159865
-0.507116 2.9714 -3.04021 -0.413496
0.248709 -1.07967 1.70571 0.111351
2.05772 -1.09831 1.48077 1.46386
0.65178 -0.917919 1.03284 0.545716
-1.68778 -0.180473 0.287756 -1.40991
-0.194072 1.50341 -1.66888 -0.114941
-1.46876 -0.022086 -0.50303 -1.44758
3.36411 7.78593 -8.38046 6.05079
1.24993 -0.087155 0.863128 1.79325
1.09736 -0.105289 0.046659 1.27722
-5.27938 -0.641083 1.18624 -2.49686
0.310114 1.38856 -1.43949 0.681526
-1.06675 2.4875 -3.2014 -0.416046
-0.856615 -1.59822 7.14415 -5.3881
1.50275 0.38942 -0.23144 1.4679
3.52961 -8.69506 6.8781 1.7316
-0.493659 -0.993631 4.12921 -3.10083
-0.047857 1.06111 -2.12788 -0.000402
1.27302 0.589491 -0.05124 1.4407
-0.007401 -1.10955 1.0788 -0.054798
0.061741 -1.06646 1.57102 0.077871
-0.116253 1.76116 -1.80842 0.022873
1.15799 0.959651 -0.915037 0.825588
-1.8767 -0.05394 0.084625 -1.80279
-1.73746 -0.168905 0.541703 -1.25805
0.4694 2.23556 -1.73553 -0.864732
-0.741008 2.57331 -3.87261 -2.15065
1.63943 0.211142 0.380775 1.5935
-2.19473 -0.281186 0.391617 -1.39861
-1.2865 0.326877 -3.74797 -3.64163
-1.47041 -0.439236 0.060778 -1.5352
1.60339 -0.926378 0.614926 1.82906
0.815035 -8.75838 8.64911 1.30122
0.691714 1.28191 -2.20409 0.316015
-0.341368 1.03991 -1.42642 -0.258621
-1.24717 0.683013 -0.762412 -1.09152
-1.16748 1.87962 -1.80392 -0.465647
-2.08303 0.411906 -2.28404 -1.12859
1.85065 0.128882 -0.452997 1.37627
-1.28719 -0.396488 0.204023 -1.53267
-1.14133 -0.23419 0.286943 -1.03489
0.018683 -2.11289 2.17488 0.258998
-1.05692 -0.284572 0.358148 -1.06061
0.805308 0.850847 -1.27163 0.837687
-0.546372 -0.908625 2.63867 -1.97796
0.678627 -0.93996 1.68033 0.593077
-0.796846 0.741466 -0.954221 -1.31144
-0.052444 1.07918 -1.0901 -0.040319
-0.584732 -1.02174 1.68144 -0.504626
1.58753 -0.168285 1.41242 2.26104
-1.20694 -1.43338 1.54208 -1.07592
-1.49355 -0.345164 -0.084722 -1.74024
0.165772 1.13335 -1.96833 0.338808
0.372203 1.60204 -1.68371 0.685873
3.49763 -4.92327 5.87138 3.11237
-2.08766 -0.193194 0.187548 -1.57929
1.06741 0.02755 -0.059217 1.18581
2.9521 0.08984 -0.068474 1.56666
2.88591 -0.128457 1.27006 1.89602
1.18863 -0.238316 0.007525 1.40359
3.12133 0.100867 -0.05823 3.08391
1.66556 0.046284 -0.222922 1.1248
-1.26127 1.22082 -1.64906 -0.755042
-1.39885 0.037591 0.497739 -2.21717
0.182397 -1.07564 1.60737 0.08236
2.23225 -0.153487 -0.127046 2.78082
-0.148984 -1.10823 1.73011 0.027453
3.01699 -4.85574 6.12954 3.04563
-1.65366 -0.216429 0.094581 -1.36982
7.79039 -0.467768 -0.726561 8.81727
-0.916531 0.636104 -0.796996 -0.838258
-0.95224 2.73491 -2.38121 -1.47048
1.55614 0.281018 -0.545345 1.00879
0.652136 4.20873 -3.82626 -1.44853
-0.073274 -1.2333 1.54528 -0.21049
-1.15032 -0.056279 0.070154 -1.09483
0.89831 -1.4499 1.46074 0.813321
-1.28912 -0.256212 -0.256276 -1.45388
0.761271 0.790472 -0.844329 0.711239
-0.699353 -0.886218 1.18874 -0.559584
0.716691 0.780384 -3.64103 2.72792
-4.27523 -9.25251 30.7892 -0.133896
-0.359444 -1.54723 2.93663 -0.010269
-1.14031 -1.14085 1.29935 -0.956074
-0.821187 -0.777057 0.894066 -0.720252
2.25515 -0.089239 -0.259558 1.42831
1.06691 1.35513 -2.65499 -0.390596
-0.484095 -1.01351 4.38369 -3.28909
-0.123534 1.0814 -1.17086 -0.114691
1.39923 0.094845 -0.372777 1.40566
0.662342 -1.0162 1.33314 1.75855
0.33832 -1.46205 1.66619 0.44339
1.1755 0.172158 -0.209488 1.02287
0.52422 0.90802 -1.67307 0.887436
1.61646 -0.567134 0.822418 1.10307
-2.64448 -0.069134 0.16572 -1.58644
-2.24034 -0.408133 0.607026 -2.49727
0.358218 1.43983 -1.23942 -0.054831
-1.4429 -0.215701 0.055583 -1.13015
3.88034 -0.195845 -2.1444 11.6693
1.12902 -0.816413 1.2929 1.23863
2.6215 -1.19152 1.27766 1.78893
-0.082727 1.10513 -1.26984 -0.069997
-2.22284 -0.147056 0.400435 -1.11895
-1.28719 -0.396488 0.204023 -1.53267
-1.08116 -2.1786 3.58245 -1.18734
-1.52865 5.92542 -7.95802 -0.309871
-0.614268 -0.914069 1.06358 -0.560161
2.53933 0.35507 -0.410866 1.88808
-0.708047 0.839869 -1.15679 -0.868377
1.79247 0.075993 0.128499 1.17583
-0.869897 -1.27958 2.52277 -0.176765
0.809665 0.829331 -0.905359 0.6477
-1.0543 0.653109 -0.919562 -1.26102
1.98799 0.270317 -0.342935 1.70953
2.01914 0.10148 -0.34164 1.91533
-2.85976 -1.52333 3.17753 -1.18441
1.85731 -0.018755 -0.573272 2.68696
-0.850663 -0.758626 1.14784 -0.943677
-0.951106 -0.426283 0.481361 -1.07749
1.24391 0.082852 0.050263 1.1061
-0.048786 -1.57092 1.21636 0.004876
-0.330495 -0.980366 1.83684 -0.560217
2.55341 0.099165 -0.267318 3.36989
-1.08628 -1.02671 1.26769 -1.02945
0.182744 -1.74633 2.03799 0.344752
-1.71282 0.246532 -0.641605 -1.36035
-0.700696 1.2052 -0.997211 -1.78833
2.21517 -1.86498 3.61842 2.15078
-1.28516 0.080852 0.168945 -1.48028
0.569647 1.41878 -2.25582 0.33427
1.23566 -0.549645 0.579654 0.910598
-0.215074 1.28861 -1.52819 -0.066136
-1.33338 -0.212427 0.305574 -1.01592
-0.166599 5.20029 -6.76643 -0.732624
0.851823 -0.689009 0.925541 0.817923
-2.548 -0.328452 0.227151 -1.95555
-2.15372 0.816195 -0.304299 -2.52356
3.1319 0.165654 -0.162838 1.67909
-0.750898 -1.01592 1.01592 -0.750898
1.05281 -0.518463 0.555312 0.923715
2.09216 4.2558 -3.88935 2.12897
0.76566 0.739818 -1.00744 0.787467
-2.31461 -0.197131 0.183083 -1.38127
-1.25153 -0.176426 0.359902 -1.93247
0.663242 -1.14988 1.74229 0.176151
-0.98415 -0.746306 4.17333 -3.10736
-0.650069 -0.842375 0.842375 -0.650069
0.776635 10.649 -26.1436 -1.69814
1.94628 0.63609 -1.28498 1.7947
2.3341 0.283671 -0.396972 2.07656
-2.03399 -0.206164 0.49521 -2.41753
-0.507114 -0.954631 1.48165 -0.483705
-1.28876 -0.1265 0.027818 -1.28201
1.77231 -1.90482 2.47906 1.41244
-0.677712 -0.879159 0.879159 -0.677712
-2.03432 -0.220148 0.491891 -1.46364
1.36642 1.69004 -2.23319 1.10266
-1.00366 -1.16286 2.00518 -0.565773
3.07175 -8.15585 10.3898 1.73544
-0.959867 -1.38348 1.34446 -0.71501
3.43605 4.81581 -5.13034 5.64114
-1.38233 0.454821 -1.09185 -1.80626
1.37705 -5.50641 5.90335 2.48167
-2.70788 -0.239913 0.306123 -1.79972
-0.077121 -1.20032 1.84052 -0.894852
0.617276 -1.12553 1.82995 0.368277
-1.10442 -0.273951 0.075197 -1.22571
0.429038 1.02792 -3.54661 2.80144
0.185634 1.01288 -1.13501 0.206649
0.215779 -1.05362 1.33174 0.438709
1.3955 0.080288 -0.201422 1.54684
-0.129049 -1.26483 1.53965 0.450748
-0.282647 -1.12866 3.86672 -2.88506
-1.29081 0.540601 -0.152243 -1.15628
-0.652983 -1.09102 5.03073 -3.77601
-1.36467 -0.952806 1.03845 -1.3623
0.128542 -2.56456 2.50454 1.30173
-0.767998 1.06361 -1.06098 -0.57765
1.0468 -0.363155 0.342075 1.71223
2.27595 0.05005 -0.312746 2.51265
-1.27449 0.204404 0.245758 -1.27077
0.680604 0.81766 -0.948307 0.79385
1.07125 -0.443269 1.01848 1.43899
1.0501 1.59665 -3.54975 1.91911
0.088681 -1.35167 1.33294 0.178274
0.342445 -1.20063 1.2312 0.176001
1.11952 -0.094211 0.025657 1.15502
-0.49867 1.08413 -2.15604 -0.28019
0.469487 1.53335 -2.68869 0.022799
1.18498 -0.143064 1.00518 1.83217
-0.365999 -1.21975 1.81188 -0.039469
-0.003618 1.45668 -1.86708 0.086278
-0.141664 1.1893 -1.22408 0.149701
-1.50361 -0.387837 0.344986 -1.72467
-0.479545 -1.01078 2.06185 -0.268938
-1.27467 -0.759141 1.6518 -1.00992
2.14095 -1.72064 3.47731 1.04474
0.445927 1.13909 -1.18956 0.78833
-0.537274 1.03458 -1.58854 -0.285376
4.80132 3.97717 -4.45804 3.7988
0.463172 0.998272 -1.7409 0.809207
0.986126 0.611963 -1.21369 1.0502
-0.336975 2.27068 -2.21689 0.105476
-2.24032 1.03451 -2.83754 -3.95641
1.17907 0.681004 -0.74463 1.10863
-0.826719 -1.31674 2.19567 -1.01195
-1.19687 0.204562 0.258442 -1.73535
-0.548685 1.1721 -1.27635 -0.417687
-2.3036 -0.090291 0.031651 -2.00732
-15.9341 -18.5351 59.6956 -42.6585
-2.48549 -1.15893 1.81754 -2.73838
-0.752954 0.934569 -1.29892 -0.469149
0.962048 0.865186 -1.32065 0.646146
-1.81921 -0.953366 -0.052852 -1.37504
1.42204 -1.44907 1.88995 1.26476
3.06465 2.86344 -6.0044 4.6595
-9.92419 -0.055647 3.02139 -10.6202
0.53968 -1.5655 1.62591 0.503413
-1.78393 -0.307424 0.330915 -1.57942
1.13207 -0.255288 0.008239 1.29572
0.365969 1.04935 -1.07619 0.340796
1.00783 0.852378 -0.677149 0.993865
0.480255 -1.03354 1.61294 1.57059
-1.05856 -0.211048 0.132818 -1.15406
0.428805 1.01958 -1.29756 0.44429
-0.083309 -1.1012 1.78951 -0.055018
0.12397 1.03686 -1.64427 0.146798
-0.629241 -0.865571 0.865571 -0.629241
-0.680794 -0.884579 0.884579 -0.680794
1.51892 0.026693 -0.076681 1.06552
5.81932 0.535474 -1.19443 2.75237
0.523091 2.08419 -2.72554 -1.45397
1.47544 -0.132155 -0.022347 1.0754
1.76864 0.391551 -0.891344 1.2084
0.807263 -0.744969 1.01247 1.12785
-0.640495 -0.890655 1.63244 -0.685529
-1.14367 -0.008483 0.072432 -1.23689
-0.477781 3.04466 -3.8929 0.079063
-1.73558 -2.47658 1.39232 -0.873331
0.823566 0.722888 -1.81187 1.39587
1.35651 0.179981 -0.231944 1.84618
0.050278 -1.74744 2.66799 -0.166937
1.22639 0.839826 -1.14712 1.57553
1.29629 -0.514135 1.22663 1.85888
1.23264 0.354068 -0.586042 1.00296
-1.2495 -0.482277 0.250389 -1.99248
-0.377781 -1.09345 1.39046 -0.090951
-2.30739 0.013527 0.27867 -1.83875
2.64067 0.341932 -0.507932 1.66258
-1.12072 2.37878 -4.1683 -2.39007
-0.09189 2.15375 -2.09029 0.126367
-2.04682 -0.215931 -0.556148 -4.00072
0.078242 2.53987 -3.56547 -0.307787
0.509639 -1.05288 1.42609 0.269153
5.37964 -0.874125 -0.182246 5.88299
0.206454 1.17993 -1.05179 0.280269
-0.832108 0.747586 -1.06823 -0.769185
0.414058 -1.38032 1.20162 0.043906
-0.19369 -1.05323 1.05323 -0.19369
-1.24809 -0.87015 1.36699 -0.724551
44.8286 0.423557 -3.99697 46.3067
1.03623 -1.2906 2.03194 0.655595
-0.080628 1.13532 -3.18485 -0.449021
5.13872 -0.12807 -0.58075 7.41937
-2.06515 0.001243 0.344097 -2.20642
-1.33205 -0.11178 0.005307 -1.27743
2.32547 0.112397 -0.353145 1.67122
-2.06652 -0.163067 0.371855 -2.08133
1.83054 -0.510872 0.551516 0.977033
-0.105633 1.29252 -1.499 -0.095271
0.846163 0.713408 -1.34015 0.990257
-0.691289 -0.815354 4.10084 -3.05758
-0.079554 1.07855 -1.71728 -0.084541
0.814356 0.71699 -3.1998 2.49669
0.187827 -1.058 1.25638 0.300524
2.24657 0.234497 -0.379904 1.62283
0.138454 1.14287 -1.16792 0.197954
-1.21324 0.031328 0.14984 -1.2334
0.941465 -0.915393 1.53653 0.590701
1.4403 -0.179522 -0.225136 1.15967
1.31904 0.803706 -1.33253 0.75478
-0.179673 -1.24515 1.64834 0.055846
-0.975635 0.434458 -0.416183 -1.49632
1.51267 1.69962 -2.19081 1.2498
-1.91291 -0.122343 -0.07529 -1.06817
-3.61098 -0.340911 0.729984 -3.98434
-0.251763 -5.42737 15.2579 0.492831
-1.12093 -4.3415 8.64697 -0.324036
-1.70912 -1.10345 1.48748 -1.04938
1.46499 -1.70447 2.1698 1.08023
0.596347 0.925689 -0.92164 0.545317
-1.34035 -0.152345 0.17814 -1.10621
-0.622825 -0.855665 0.855665 -0.622825
-1.97146 -0.20262 0.158283 -1.40752
2.70433 0.321526 -0.49978 1.97629
0.836267 -0.698119 0.861001 0.777143
0.099221 1.53406 -1.65165 0.183785
-1.31644 -0.106995 0.055056 -1.20632
0.633209 1.55908 -1.37162 0.62644
0.962021 -0.580432 1.39641 1.32829
0.705476 0.868757 -1.2921 0.870962
-3.3351 -0.502185 -0.270024 -2.67013
0.825538 -0.724183 0.794676 0.765051
1.15572 -1.53797 2.91541 0.693849
14.9334 -0.186917 -2.10565 12.9338
1.20937 -0.069038 0.29918 1.11335
0.934382 -1.09552 1.6721 0.368969
2.14298 0.235311 -0.342127 1.93661
1.79344 -0.016776 -0.239492 1.59141
1.15082 0.130187 -0.303046 1.28184
-2.00362 4.06265 -6.48554 -3.54947
-0.175785 -1.21121 4.0593 -3.0254
0.501454 1.09412 -1.81101 0.848818
-0.025806 2.16239 -2.62947 -0.138742
2.70028 0.116041 -0.021888 1.32125
-0.739385 -0.980088 0.980088 -0.739385
2.31323 -0.341786 0.932381 1.79907
-1.17074 -0.021643 0.111028 -1.12229
0.475889 1.19816 -1.15179 0.152011
0.304735 -1.07718 1.53068 0.083012
-0.137846 1.07593 -2.17517 -0.073016
-0.511279 1.05472 -2.0772 -0.289205
1.97186 0.776219 -0.645441 1.66478
1.54543 -5.57722 6.36587 3.19438
-0.3843 -1.0239 1.36274 -0.492089
-0.6444 0.878437 -1.48904 -1.52715
1.70297 0.439826 -2.79721 2.42055
1.36555 0.208742 -0.647943 1.14971
1.29927 -0.52882 0.693225 1.30673
-0.529966 -1.0108 2.07899 -0.240015
0.828198 0.734388 -0.791903 0.755259
0.995748 0.739568 -1.12366 0.739297
1.37202 0.132859 -0.226996 1.34977
-0.720483 -1.02695 1.74262 -0.629651
1.15121 -0.447442 0.686477 1.00751
2.85825 -3.44319 5.12047 3.17425
-1.84088 -0.716638 0.668055 -1.58369
-0.106776 1.06105 -1.13012 -0.115643
0.365816 1.13999 -2.50771 0.081898
1.14423 1.42046 -1.46032 0.681969
-0.702482 -0.850059 2.1488 -1.06195
-0.890654 0.566401 -1.04011 -1.44558
0.817114 0.958976 -1.00623 1.13054
-0.03674 -2.13218 2.18425 -0.39885
3.91477 -29.8176 25.0346 0.327421
-0.45595 1.74973 -1.83892 -0.46634
-0.154189 1.12096 -1.29354 -0.091752
-0.792746 -1.08465 1.08465 -0.792746
-0.46397 -0.928089 0.928089 -0.46397
-1.36432 -0.224995 0.475205 -1.28325
-0.597184 -1.03065 1.03362 -0.421344
-0.91366 -0.840083 0.847586 -0.691087
-1.82729 1.44799 -2.66372 -1.47177
0.175624 1.2391 -1.26702 -0.037145
-0.824509 0.671653 -1.08915 -1.70983
0.505501 0.971479 -1.34717 1.08949
0.126038 1.36121 -1.61065 -0.087871
0.8408 -1.09692 2.41837 1.26023
-1.21457 -0.801091 0.416138 -1.13394
-1.08174 0.028368 0.112993 -1.25337
-2.06992 -0.331149 0.713489 -2.0685
0.819737 0.847861 -0.916262 0.664126
2.26433 -3.4095 4.48489 2.0235
1.20688 -0.987554 1.6275 0.924766
-0.079002 1.3024 -1.71049 -0.551483
-0.397527 2.05669 -2.01141 -0.322713
1.41048 -0.120337 0.06697 1.18585
-0.239344 1.27636 -1.76848 -0.263865
0.417825 1.01829 -1.23077 0.769634
-0.584588 0.947143 -1.2699 -0.478407
1.04624 -0.348894 0.672092 1.16823
-9.02376 2.34735 0.348085 -9.5772
0.678627 -0.93996 1.68033 0.593077
0.309266 -1.19912 1.24607 0.699761
2.41498 0.092721 -0.903747 1.9839
-0.887843 0.613168 -2.97212 -2.85222
-0.905462 -1.68909 2.70632 -0.989728
0.851191 -0.708834 1.08792 1.55253
1.6354 -0.227669 0.04048 1.87908
0.19108 1.0963 -1.69516 0.132281
-0.029447 1.21051 -2.58728 -1.39429
-0.234022 1.09901 -1.28932 -0.090176
-0.109181 2.64854 -2.49547 -1.12498
-2.15044 -0.154637 0.136097 -1.39158
-0.083886 1.1587 -1.11667 -0.019129
-1.79048 -0.255331 0.368538 -1.20493
-1.52496 -0.359299 0.516728 -1.53224
-0.008828 -1.03553 2.24888 -0.128862
-1.14875 0.09026 0.072517 -1.49629
1.71576 -0.352205 1.41667 2.60233
-0.673805 0.875774 -1.4002 -1.61566
-5.18189 -3.09801 2.74532 -3.51194
-1.17204 1.34891 -2.0615 -0.781447
-2.06611 -0.042971 0.428414 -1.29757
1.55541 -1.20958 1.20199 1.01496
-0.641626 -0.829957 0.829957 -0.641626
1.99745 0.088962 -0.792044 1.93439
-0.882392 -0.989218 1.03252 -0.839049
-0.848188 5.33688 -4.99331 -0.089642
1.20863 0.16266 -0.403565 1.50175
5.33317 0.079313 -0.214702 1.80441
1.29442 -0.122765 -0.232347 1.22333
-0.090684 1.21739 -1.61912 -0.014167
-0.019144 1.05728 -1.51025 -0.055905
0.176823 1.2043 -2.83386 0.004229
0.529428 1.41637 -1.65567 0.784214
0.635434 0.875208 -2.55084 2.05049
0.898318 -0.635556 0.856057 0.876015
-0.3133 -1.51979 2.75125 0.045639
-0.017514 -1.13784 1.94255 0.037052
0.114726 1.4612 -1.63729 -0.049936
0.459523 3.10494 -4.0105 0.132464
0.233269 -1.22665 1.77593 -0.140726
-0.008921 1.06346 -1.37215 -0.076408
-2.67966 0.051825 -0.584446 -1.90008
2.23621 0.07924 -0.410587 2.05794
-0.188074 1.06769 -1.26261 -0.092907
-1.5796 0.021082 -0.375847 -2.12229
0.838481 -1.47009 2.54456 0.565723
-1.33403 -0.166205 -0.56999 -1.43718
0.517557 1.5008 -1.46039 0.017475
1.22088 0.233832 -0.497139 1.15995
-0.067575 -1.53691 3.00816 0.063355
-0.148453 -1.12956 1.64879 0.084729
2.17816 -0.149961 -0.221951 2.08946
0.900474 -0.603717 0.863094 0.899777
1.43259 -0.643718 0.876185 0.947161
-0.995951 1.99247 -3.09967 0.660168
1.03585 -0.376449 0.805606 1.33497
0.806361 0.729136 -0.841388 0.827787
2.32828 0.110592 -0.247695 1.69346
-2.24252 -0.073447 -0.038722 -1.17665
1.32676 0.210525 0.070658 1.42687
0.15927 -1.29597 1.32469 -0.277544
-0.023961 1.33091 -1.63035 0.483138
1.95863 -9.32605 10.5892 0.157461
1.31212 -0.227897 0.670853 1.15723
-0.644825 -0.884091 0.884091 -0.644825
1.36738 -0.699346 1.11422 0.761826
1.24705 0.1115 -0.189436 1.0376
-1.15876 0.098009 -0.148544 -1.06204
-0.211279 1.10957 -1.20856 -0.144033
0.608985 5.01216 -8.00936 0.441178
-2.65262 7.46443 -14.4229 -7.30242
-1.3661 -0.511061 0.692997 -1.60333
-0.088819 -1.10145 2.24648 -0.113006
2.29013 -0.313728 -0.518295 2.0323
1.32113 -0.020488 -0.260734 1.5048
1.72343 0.157328 -0.281319 1.31074
-0.686526 1.08257 -1.69085 -0.222992
1.74382 -0.383576 0.113038 1.99097
-0.283714 -1.21902 1.95899 -0.172781
0.066489 1.57546 -2.66496 0.047764
-1.18633 0.034324 0.171398 -1.17269
1.30346 0.332949 -0.733486 1.03251
0.882035 -2.10279 2.17488 0.252523
-1.70606 0.026458 0.253521 -1.34791
-2.25998 -0.076907 0.382846 -1.34021
-0.727376 -0.851857 2.30202 -1.00289
-14.0167 -0.089905 -0.359401 -9.85163
-1.15626 -0.259072 0.226357 -1.10664
-1.13724 -0.278359 0.329197 -1.38164
1.18696 0.087356 -0.098221 1.12073
-2.10854 0.391699 -1.06482 -2.43825
-1.79405 -0.117496 0.251312 -1.6608
-0.551072 -0.94033 1.09657 -0.843164
3.57819 -0.418307 -1.31921 1.99768
1.16259 -0.314376 0.70619 1.21989
-1.36982 -1.25172 1.72986 -1.4565
-1.57937 -0.208663 -0.422755 -1.31442
3.06606 0.170341 0.143576 3.75777
-1.02639 0.733576 -1.30893 -1.98027
-0.596815 -1.04361 1.66398 -0.396178
0.085266 -1.17943 1.23834 -0.075291
0.210808 -1.05729 2.04369 0.152936
-1.15545 -0.117752 0.223921 -1.0671
0.324127 -1.17777 1.28402 0.064943
-2.92286 1.33474 -0.593129 -2.91833
3.39524 -0.28627 -1.62252 14.2075
-0.900896 0.644168 -0.838539 -0.865447
-0.051392 -1.21395 1.62084 -0.09245
0.685868 2.4946 -3.5719 0.179591
-2.38168 0.328613 0.090518 -1.69829
-0.742839 -0.77307 4.03996 -3.01192
-0.146165 1.09994 -1.06955 -0.131335
1.12455 -0.429882 0.625652 1.02317
-0.12115 1.21199 -1.24538 -0.189651
-0.07873 1.12848 -2.25724 0.014327
0.975375 1.74532 -1.47514 0.686498
-1.88665 -1.79583 2.14956 -1.44138
-0.413501 1.01768 -1.03966 -0.333493
-0.099819 -3.58599 2.02614 0.257858
-1.23242 1.86464 -2.54244 -0.955647
0.056105 1.53881 -1.74663 -0.336469
0.951877 1.74817 -1.76847 0.886836
-1.27709 -0.163965 0.154894 -1.17471
-0.011843 1.11651 -1.60607 -0.306085
-0.429792 0.990108 -1.16838 -0.500005
0.839685 -1.58845 1.92216 1.01951
-0.960507 0.526316 -1.04188 -1.5062
0.14771 1.31449 -1.42206 0.285868
-2.58463 -0.21109 0.301351 -1.88844
0.861845 0.6777 -2.71048 2.04352
1.70677 0.028338 -1.04567 1.52046
0.960663 -4.38807 7.18898 0.776122
-1.44243 0.865097 -1.15284 -1.05324
0.373769 -2.22539 4.9475 0.168758
-0.952425 0.496705 -0.485067 -1.02897
0.093227 -2.0354 2.33889 0.259558
-1.04885 0.409413 -0.816055 -1.45752
0.131686 1.49443 -1.59658 0.186863
1.17906 1.49731 -4.89162 2.59513
-4.17498 -1.09462 0.74829 -4.63714
0.752507 -1.02099 1.02099 0.752507
-1.16035 -0.098819 0.424223 -1.53743
-0.869768 -0.999085 1.02354 -0.706575
-1.94398 -0.132581 0.35648 -1.27299
1.54123 -0.634532 0.787108 1.34335
0.958759 -1.3184 2.20502 0.555031
3.15883 1.61432 -0.195804 1.97577
1.38594 -0.358076 -0.115067 1.34883
-2.5134 -0.14356 0.211131 -1.7701
1.24162 1.45353 -2.07936 1.18959
1.4452 0.14516 -0.264897 1.52002
-1.20201 0.706407 -0.50662 -1.78181
0.470604 -0.967828 1.11641 0.659744
1.28048 0.518427 -1.10138 0.953076
-7.51691 0.526282 0.305962 -7.26275
2.79788 -2.26871 2.63626 2.30363
3.06801 24.2128 -21.957 2.74293
0.610604 1.05203 -2.2208 0.986951
1.79705 0.068113 -0.054597 1.21371
-1.05489 -0.190668 0.171449 -1.07159
3.27177 0.191254 -0.08166 1.92052
1.17706 -0.521189 1.28398 1.3122
0.487858 -1.06513 2.41662 0.299654
0.655994 0.84574 -0.84574 0.655994
0.046779 -1.08835 1.71393 -0.272273
-0.531171 -0.995518 1.29315 -0.367282
1.20643 0.003218 -0.178962 1.14743
-0.304264 -1.14548 4.08329 -3.0585
-1.01643 0.519031 -0.585257 -0.970084
1.96766 0.25507 -0.367267 1.47284
1.853 -0.009202 -0.367858 1.10614
1.14402 -0.500763 1.11957 1.5861
-0.22701 -1.09772 1.54497 -0.03363
0.318083 -1.1368 1.02337 0.384646
0.558032 -1.07359 1.05881 0.76479
0.362233 -9.83396 14.0167 0.59665
-0.19113 -1.58479 1.43851 -0.366188
0.750106 2.47263 -2.1198 1.00974
-0.802005 -1.54807 1.7116 0.30097
0.798303 -1.00451 1.32087 0.5772
-2.74223 -0.297433 0.458535 -1.6232
2.67524 0.048039 -0.016804 1.3494
0.370361 -1.15646 1.33229 0.748011
0.668658 0.840914 -0.840914 0.668658
1.55551 -0.285083 0.981121 1.60931
1.58079 -0.208912 -0.154364 1.46559
-0.017018 -2.11999 2.0471 -0.085473
0.240424 -4.94417 4.86321 1.69799
-10.3858 -0.731395 1.70956 -7.542
1.38762 0.184461 -0.514949 1.05205
1.35173 -0.15377 -0.144767 1.14673
-2.10397 -0.075987 0.653435 -3.82858
2.17103 0.087798 -0.425065 1.70457
-0.943983 1.22563 -1.84884 -0.346978
-1.4309 0.344424 0.255831 -1.31549
-0.233051 -1.4868 2.53863 0.051707
-0.514009 1.10229 -1.14068 -0.332294
-0.307388 -1.03381 1.17232 -0.222749
0.602933 0.899122 -1.20309 0.929529
-0.481362 1.31656 -1.49786 -1.65505
-0.724533 1.37987 -2.516 -0.966889
-2.18124 -0.057892 0.014356 -1.24222
-1.96454 0.55312 -1.05611 -1.33944
0.730421 -1.18619 1.35945 0.507805
-0.053429 -1.92975 2.80955 0.116349
1.43696 0.000604 -0.234246 1.39407
-0.829348 -1.7496 2.53939 -0.99585
-0.841191 -0.918951 1.00246 -0.622059
-1.47805 -0.228683 0.370287 -1.36579
0.048398 -2.87983 3.06903 1.47154
1.26864 0.972155 -0.690347 1.24158
0.513841 -0.963964 1.01206 0.579678
-2.6673 -0.221511 0.349749 -1.52356
-0.088517 1.0843 -1.20811 -0.136872
-0.941069 0.66234 -0.924825 -0.870246
0.127307 1.53786 -3.00623 -0.032817
-0.703371 1.2203 -1.86738 -0.292242
-2.56877 0.42013 -0.906568 -2.16258
0.073724 -1.12084 1.62116 0.139488
-1.29248 0.026594 0.054346 -1.15475
2.50931 0.328766 0.039388 2.97358
0.817595 0.728506 -0.921246 1.00773
-1.81548 -0.228803 0.327157 -1.67699
-0.58051 -0.908809 1.32748 -0.610365
2.06731 0.105513 0.22849 1.6325
-0.745911 0.7808 -0.903231 -0.730548
-0.117637 -1.25937 1.93521 -0.015403
-0.48829 -0.955291 3.30425 -2.49775
-1.02107 1.0598 -1.42566 -0.374215
0.188539 1.06026 -1.09528 0.23385
-0.893549 -0.674855 1.16908 -0.955688
-1.71181 -0.048329 -0.232092 -1.12615
0.403818 -1.17405 2.2227 0.106976
1.7348 0.273481 -0.52609 1.13231
-0.826017 -3.19187 3.18031 1.29817
-2.84206 -0.27207 0.414899 -1.71969
0.516022 1.0411 -1.01008 0.445177
1.51961 1.7354 -2.82928 1.45487
0.649881 1.0155 -1.25617 0.543851
-1.96879 1.31225 -2.35481 -2.95581
-0.04424 1.86109 -3.22378 -0.200566
0.39607 -1.39348 1.01076 0.732562
0.65695 1.61121 -3.03745 0.353181
0.402659 -1.40331 1.39092 0.124929
1.86304 0.299505 -0.229994 1.43687
-0.628148 -1.08988 2.12297 -0.667647
-0.890938 -0.800152 4.70047 -3.49611
-0.548394 1.11645 -2.16916 -0.810805
-2.29318 0.789901 -0.128875 -2.47686
0.546915 1.0667 -0.972448 0.485361
0.637082 0.932088 -1.36627 0.679765
-3.32901 -0.5344 1.40878 -2.22625
1.26857 0.559141 -1.14431 0.908849
0.036744 -1.07047 1.11827 -0.031082
-0.097127 1.0365 -1.36449 -0.05385
-0.136273 1.17671 -1.3577 -0.148677
1.16812 0.386639 -0.637134 1.02612
0.075174 -1.05713 1.27785 0.090783
1.31346 -0.57013 1.37306 2.09751
-3.73419 -2.89063 3.24507 -5.85278
5.43844 2.56596 1.13538 5.91925
0.770846 1.35626 -1.19004 0.777232
1.25588 -0.127846 -0.014208 1.36595
0.273695 1.04977 -1.83294 0.911397
1.40594 -0.0502 -0.121278 1.39997
-1.51268 0.609249 -1.21953 -2.104
-1.65693 -0.355348 0.180576 -1.58896
0.642537 -0.928637 1.51422 0.515302
5.24883 -2.22547 1.88434 5.4122
-0.229772 -1.05579 1.62656 -0.15146
-1.09168 0.625717 -1.30765 -2.02457
-1.52583 -2.40689 1.5814 0.08494
-3.05531 -1.55226 0.598856 -6.08901
-0.178448 1.07617 -1.19247 -0.084739
-0.789395 0.759358 -0.967604 -1.42917
-1.93829 -0.267327 0.145406 -1.53744
1.07303 1.53917 -1.02866 0.949434
0.8349 -1.24252 1.16638 0.746992
2.12888 0.101089 -0.014236 1.30806
0.558502 1.06051 -1.43509 0.934521
2.24952 0.323621 -0.270835 1.48797
1.55782 0.99439 -1.85046 0.536786
-0.862255 -0.774599 0.950432 -0.718248
1.14782 -1.44491 1.40229 1.0072
5.89716 -0.855994 -0.340281 7.29771
1.90771 2.09438 -2.66344 1.53474
2.88108 -0.325935 0.623247 2.90356
0.376828 1.00516 -1.56665 0.712103
0.792556 -1.04803 1.32195 0.372861
3.40851 -0.378366 -2.43044 13.1559
1.33497 0.322887 -0.070836 1.41685
-0.881903 5.14023 -6.3613 0.000145
-1.38811 0.453954 -0.539421 -1.11905
-0.128851 1.55933 -3.05262 -0.280805
-0.057451 1.3057 -1.44137 -0.410842
0.073329 1.02931 -1.68417 0.039385
-0.23305 -1.38068 1.81414 0.070982
-0.816811 -0.998854 1.38652 -0.54971
-4.31011 -0.634968 0.969375 -5.27915
-0.03732 -1.05439 1.43105 0.105937
-2.25342 -0.51088 0.510181 -1.50035
-0.504846 1.06657 -0.938851 -0.452926
0.133486 -1.03067 1.14232 0.079713
1.54138 -0.050712 -0.075942 1.28931
2.45972 -0.069569 0.24963 1.49432
1.19547 -1.3905 1.95174 0.812166
0.938828 0.619174 -2.72112 2.06612
0.187709 1.39624 -2.21872 0.099516
-0.723626 -0.84447 2.13561 -1.08128
0.600983 1.12436 -1.43888 0.167837
-0.888733 -0.778957 0.843526 -0.730005
-1.63578 0.694123 -0.820993 -1.2213
-0.453124 1.80389 -1.67101 -1.98192
-4.17608 -1.78704 1.79142 -3.91872
-1.50617 -0.057254 0.085051 -1.05767
1.10262 -6.1516 6.55793 -0.626984
1.05297 -0.040391 -0.031783 1.83131
-0.470115 -1.0141 2.31885 -1.14264
-1.26793 0.130693 -0.460934 -1.1338
0.15343 1.19715 -1.86479 -0.085172
2.06152 0.106967 -0.223531 1.71432
0.910103 -1.32999 1.88561 0.706575
-0.678811 -1.08635 4.80082 -3.59254
1.22158 0.45143 -0.877545 1.04243
1.19969 0.857632 -1.29364 0.807586
1.32508 0.018754 -0.370474 1.15873
1.2767 -0.052836 0.02899 1.28837
0.026911 -1.21928 1.24344 0.120262
-0.906835 -0.930049 1.05384 -0.584596
0.430587 6.63909 -8.87977 0.777108
0.010192 -1.09648 1.14462 0.103084
-0.61092 1.01125 -1.83815 -0.346993
1.76769 0.123184 -0.150918 1.3869
1.81721 -0.027087 -0.359296 1.78967
1.74641 0.268093 -0.291835 1.63147
2.88661 0.170493 -0.337629 1.66308
0.742819 -0.836068 0.993729 0.63348
-2.55361 0.002961 -1.1887 -1.81168
-0.94822 0.586601 -0.846529 -0.959954
-0.645261 -0.983111 1.62335 -0.423477
0.10101 -1.12243 1.17164 0.012044
-0.644105 -0.823917 3.91122 -2.91653
-1.5499 -0.114069 0.067609 -1.42293
4.43413 0.752247 0.063394 3.2798
1.14315 0.495721 -0.796874 1.07562
-0.990689 0.629855 -1.19576 -1.76883
2.73171 -0.014112 0.488174 1.58062
-0.302416 1.37868 -1.79437 0.434202
3.07262 2.79607 -2.01264 1.41633
-2.34964 -0.152993 0.726448 -4.3148
0.975417 0.878272 -0.977896 0.693259
-1.33875 -1.05015 1.60878 -1.04303
-0.437182 -1.03346 1.30565 -0.445319
0.775493 0.718228 -0.821357 0.830425
-0.307423 1.01842 -1.15077 -0.265913
0.795864 -1.24876 1.55327 0.615521
-0.424052 1.15816 -1.76657 -0.366536
-0.632416 -1.00144 1.48158 -0.701054
0.116583 1.51013 -1.60559 -0.04296
-1.14237 0.594492 -1.05629 -1.61719
-1.06866 -0.152165 0.395157 -1.35101
1.18924 -0.667702 0.080643 1.9954
0.999005 -0.4966 0.768117 1.04204
0.422137 -1.26441 2.08665 0.350004
-0.435176 1.85031 -3.26576 0.94098
12.0676 -2.82395 -0.774708 30.5399
4.74175 0.271116 -0.831476 3.66885
1.98002 -0.238342 0.299148 1.52553
0.112602 1.65313 -1.71115 0.175644
0.071765 1.09182 -1.85474 -0.026532
-1.46296 -0.126619 0.355367 -1.50038
-0.090363 1.08703 -1.21403 0.015813
-0.146771 -1.19013 1.38335 -0.17503
-0.642534 -0.833175 0.833175 -0.642534
0.881766 -0.762353 0.752039 0.77029
-1.42954 -0.12637 -1.29974 -2.08822
-1.91021 0.008565 0.06979 -1.75919
-0.499104 -0.935977 4.07569 -3.05351
4.11221 0.848072 -0.848072 4.11221
1.21677 0.683603 -1.30281 0.960462
0.196104 -1.50653 1.24879 0.345591
-1.36943 0.040479 0.702991 -1.40594
0.417441 -1.08469 1.12095 0.808756
1.41961 0.142944 -0.566599 1.13096
-2.27744 -0.225942 0.370817 -1.41743
0.243107 1.296 -1.96803 0.121329
-1.7385 -0.160548 0.353534 -2.02994
-1.56745 0.607508 -1.57921 -2.55482
-0.669436 -0.84997 0.84997 -0.669436
-0.149787 2.55549 -3.08941 -0.147031
-0.321882 -1.10167 2.20334 -0.033252
-1.18716 -1.81168 2.55433 -0.001869
1.28066 0.273591 -0.577565 1.02302
-1.72632 -0.358511 0.535726 -1.61394
1.0416 -0.4751 0.539186 0.992339
-1.07871 0.063429 -0.015795 -1.10909
-0.827625 6.9079 -6.90776 -0.159192
-5.33594 -0.527945 0.661724 -3.98643
-1.06821 -0.032282 0.029319 -1.1923
1.88714 -1.08198 1.91717 1.09527
3.00205 -0.013599 -0.024063 1.46399
-1.29325 0.239105 -0.388924 -1.03705
2.72722 -1.07702 0.951744 2.81142
-0.071784 1.22374 -1.36102 -0.007736
2.23199 -0.262422 0.140107 1.46531
-1.21072 -1.35941 1.71802 -0.803497
5.33167 3.12343 -0.428717 4.47112
-1.22401 -0.369832 0.444539 -1.09225
-1.31527 0.213586 0.224111 -1.30803
3.43621 1.75811 0.254732 2.42342
-1.56013 -0.280038 0.363863 -1.4798
0.970876 0.755191 -0.569613 1.00122
-0.085986 -1.88097 2.38533 -0.016695
-0.169836 -1.03168 1.48599 -0.335504
-1.59165 -0.035847 -0.807244 -1.92834
-2.90464 -1.53814 0.992178 -3.43278
3.79408 1.43048 -2.20862 2.0767
-1.06921 1.67853 -2.28918 -1.10505
0.501343 0.946337 -1.40679 0.574797
1.38957 0.188202 -0.316378 1.3346
0.132095 -2.08348 2.21793 -0.125953
0.309451 -1.45487 1.59743 -0.108335
0.923282 0.917548 -1.66346 1.03065
-1.14995 0.056384 -0.017745 -1.03221
0.340974 -1.18037 1.54351 0.565679
2.15275 0.033383 -0.484615 2.10984
-0.146595 1.11887 -1.49318 -0.086731
0.143829 1.11785 -1.59159 0.001692
0.158678 -1.34782 1.51292 0.049427
1.13454 0.363608 -0.556653 1.11529
-0.541575 -0.906229 2.11712 -0.981302
-2.2637 0.240762 0.298201 -1.56661
-14.828 0.33312 1.5998 -12.5174
-1.00972 0.878276 -0.642445 -0.942143
0.82596 -0.870759 0.927671 0.673867
-0.123305 1.07539 -1.44096 -0.149953
-0.423655 1.06362 -1.80685 -0.10483
-0.826208 0.700896 -0.737637 -1.20323
1.10431 -1.19338 1.98947 0.562049
0.045359 -1.09579 1.15156 0.032682
0.101595 1.28098 -1.94636 0.04452
1.81925 1.05922 -0.034601 1.86153
-0.761378 -0.981267 1.2358 -0.456763
0.862611 0.917061 -0.684835 0.808611
2.3849 -0.27902 0.118189 2.38623
1.32366 1.33776 -2.28714 1.69562
-0.467349 -1.22026 1.23661 -0.334523
-0.781513 -1.03998 1.0357 -0.747538
2.5194 -0.358702 -0.005744 3.10761
6.6306 -0.605616 -0.37321 9.84468
1.28208 0.033785 -0.226006 1.1466
-1.60942 0.668695 -1.12901 -0.988369
1.82424 1.03824 -0.633533 0.882587
0.388004 -1.60985 1.79633 0.283193
0.931956 0.967245 -1.53235 0.834671
1.59288 0.437412 -0.170419 1.1678
-4.91241 -11.7678 33.6546 -0.538536
-3.13738 1.20552 -2.90375 -1.50668
1.82461 0.440478 -0.669342 1.26789
-0.368862 2.25852 -2.31753 0.121986
2.39568 -0.241004 -2.35632 2.8917
-0.574455 1.10012 -1.7997 -0.115585
0.377974 4.42376 -11.0386 0.115332
1.43865 0.449999 -0.745673 0.994992
1.12974 0.664293 -0.852172 1.51126
0.263987 1.06792 -1.76569 0.132195
-0.225104 1.08619 -1.10852 -0.158651
0.003375 1.10434 -2.07997 0.024513
0.946264 -0.622024 0.612713 1.078
-0.227767 -1.75244 2.81321 0.056012
1.16886 0.03917 -0.1293 1.12181
-1.17259 -0.186154 0.305129 -1.1269
-1.04342 -0.202952 0.160769 -1.04684
2.99135 0.162509 -2.42306 12.509
-0.656077 -0.840595 0.840595 -0.656077
-0.605591 -0.86938 2.38953 -1.80114
2.87255 -0.241968 -0.314473 2.84147
0.920005 -1.03573 2.04797 0.497186
0.032532 1.49541 -1.5762 -0.094573
-1.92301 1.36185 -1.67464 -0.801154
0.695417 0.865199 -0.865199 0.695417
-2.04163 -0.227862 0.359241 -1.34534
0.873625 0.752413 -0.8018 1.14355
0.687094 0.850879 -1.11016 0.747943
-0.68327 -0.828115 3.78452 -2.8172
1.88121 -2.1784 2.96979 1.75017
6.02441 -4.17982 8.40714 7.02524
-1.87515 -0.037187 -0.041134 -1.05832
0.699841 0.833974 -0.793367 0.674368
-1.91266 -0.179211 0.306203 -1.054
-1.80109 8.88904 -6.70918 -0.585086
1.40527 -0.018202 -0.184866 1.28094
1.46028 -0.240574 -0.250832 1.6227
0.009394 -1.09917 1.59671 -0.01776
-1.13687 1.00585 -1.76199 -0.524104
0.882547 0.797056 -1.3391 0.766607
3.40366 -0.600407 1.2822 2.42792
-4.02709 1.17237 -1.87873 -3.59793
4.32807 -25.3418 26.8995 -4.37979
0.203269 -1.35651 1.5928 0.133463
-1.15549 -0.126326 0.071283 -1.09593
-0.327418 1.08066 -1.56281 -0.201653
0.459321 -0.960243 1.77052 0.947036
-1.58896 -0.122498 -0.028393 -1.84942
-2.09055 -0.366271 0.794349 -1.44286
-1.48306 0.785643 -1.6888 -2.62796
0.972337 0.656857 -0.770608 0.817829
0.941337 0.98087 -1.20487 0.78771
-0.60956 -0.945652 3.92899 -2.98201
0.060693 -1.25814 1.34408 0.120612
-0.307128 1.11832 -1.54369 -0.171356
0.044276 -1.35584 1.5629 0.025273
1.51406 -2.5934 1.29241 4.00991
1.26082 -0.436357 0.749842 1.25897
0.049416 -1.78068 1.86946 -0.288971
-0.620388 -0.855267 0.855267 -0.620388
0.689292 1.20546 -1.47915 0.249169
-0.469946 -0.973952 1.42741 -0.529656
0.959004 0.581534 -0.747987 1.39534
-0.882413 2.17994 -2.00986 -0.612297
3.27138 8.44793 -10.9667 3.18271
-16.5062 -12.5623 41.0053 -30.2127
1.06202 1.30767 -1.65879 0.50149
-1.05528 -1.1903 1.16425 -0.71986
0.416143 1.00958 -1.1703 0.439387
-0.84861 0.693339 -1.05331 -0.917258
-0.643615 -0.849199 0.849199 -0.643615
-2.33421 -0.336079 0.145968 -2.42319
1.42702 -0.765256 1.38104 0.988419
1.11191 0.158169 0.069765 1.59057
-0.204396 1.05533 -1.64542 -0.129833
0.223101 -9.57663 11.8209 -1.20599
-2.83144 0.049066 1.6128 -10.0218
-1.50243 -0.578889 0.694671 -1.80253
0.632187 -0.881893 0.894473 0.855416
-1.5405 -0.518429 -0.534627 -1.70991
-4.70896 -0.38472 0.371605 -3.35388
-1.28631 -0.823342 1.2316 -0.855435
0.384548 4.46201 -7.98219 0.280234
0.45822 -0.992326 1.85875 0.413805
-2.50704 -1.10195 -0.063219 -2.65653
-0.183736 -1.06819 1.57393 -0.027115
-0.480848 -0.962482 1.19268 -0.523902
0.06768 1.1695 -1.53462 0.01979
-1.10116 0.455978 -0.787206 -1.49685
0.734934 -0.762382 1.0166 0.76183
-3.39056 -0.335839 0.850401 -2.7962
1.35895 0.126268 0.792826 2.11106
2.39048 0.170467 -0.284439 1.69073
0.518079 0.936896 -2.20055 0.986185
2.28262 0.124067 -0.451592 2.05361
2.02937 -0.51746 -0.269523 2.26018
-1.80609 -0.703118 1.80012 -1.41496
-0.614235 -0.875638 1.34662 -0.611635
-1.01619 -0.313696 0.364723 -1.12078
2.50608 -0.005564 -0.281387 1.63345
1.35792 0.076185 -0.123977 1.2236
-1.61504 0.2445 -0.153907 -1.37274
-0.204818 1.68534 -1.80638 0.059481
-2.03016 -0.242358 0.19632 -1.62589
0.918794 0.978569 -0.714434 0.8314
-0.450044 -0.985022 1.40077 -0.649195
-0.779316 1.30507 -2.15564 -0.314421
1.32197 -0.052324 -0.042039 1.31604
0.978998 0.753816 -0.887703 0.743583
2.13677 0.006057 -0.113633 1.26618
-0.125582 1.76248 -1.53756 -0.136258
1.91043 0.371146 -0.282619 1.4033
0.677981 0.895534 -0.895534 0.677981
-0.311645 -1.07467 1.5621 -0.497327
-1.1587 -0.152187 0.356968 -1.16569
1.29334 -0.725386 1.3059 0.786656
0.136794 -2.33496 2.19188 -0.491624
2.17258 0.879765 -0.477383 1.22954
0.235139 1.06384 -1.15772 0.298136
0.259597 -1.05107 1.32559 0.532127
0.432455 -1.30097 1.12184 0.247653
0.72807 -1.03184 1.67124 0.285849
23.6137 -30.5692 31.7546 27.9231
-2.49317 -0.49171 0.2953 -2.13732
0.704376 -9.87177 20.344 0.571661
-4.03511 0.922893 -1.89137 -2.51773
0.820942 -0.861395 1.10827 0.597089
13.4935 -9.59189 9.28333 11.6898
0.112348 -1.14587 1.21444 -0.059886
-2.13452 -1.22507 1.31117 -2.15267
0.053708 1.06818 -2.05384 -0.015726
-1.28221 0.749814 -0.583137 -1.23632
1.41737 -0.878938 1.48855 0.861982
0.84933 0.67696 -1.24503 0.952266
-0.287904 1.32439 -1.92638 -0.385764
-2.82819 -8.63523 6.20049 -2.84142
-10.1868 0.187433 0.942752 -9.08598
-1.11617 -0.08798 0.106501 -1.46135
1.00252 2.04456 -1.6866 0.505589
0.16646 1.09341 -1.16101 0.122149
-6.54855 -1.62728 -0.170394 -6.21783
-1.27271 0.68575 -1.36048 -2.09063
-1.10849 -0.847887 1.30376 -0.764455
-0.662654 -0.873358 0.873358 -0.662654
0.875723 -0.616524 0.616524 0.875723
83.2449 -21.3912 9.92784 83.8947
1.35773 0.066132 -0.156667 1.66184
0.981299 -0.549481 0.795902 0.960381
-0.658647 -0.806441 3.95058 -2.95501
0.871525 -1.13165 1.85557 0.363863
1.31631 1.70217 -1.70217 1.31631
-4.47813 -0.349326 1.71553 -7.37343
4.03015 0.138371 0.088396 1.6582
1.78066 0.009309 -0.163612 1.47676
0.346051 2.68089 -3.32807 -0.441129
1.73814 -0.417943 0.164569 1.87298
-0.511063 -0.971278 0.971278 -0.511063
0.110317 1.22985 -1.82468 0.067174
3.27025 0.146113 -0.374431 2.20803
0.222825 -2.44878 2.37366 1.10133
0.106115 1.41491 -3.05786 0.009295
-0.024097 1.11699 -1.55406 0.136297
1.09851 -1.22575 1.93997 0.729861
-2.11457 -1.73591 2.1944 -1.61553
-1.52783 -0.446306 0.423908 -1.73012
-1.25681 -0.22729 0.448387 -1.05872
-0.766135 0.703871 -0.835159 -1.07579
0.372265 1.02966 -1.14877 0.257282
-2.85518 -0.610781 0.701432 -3.41069
-1.25985 0.210647 0.313796 -1.64591
-1.26939 -0.04293 0.103456 -1.19087
-2.43315 -0.106341 0.336047 -3.97837
0.543312 1.3163 -2.64515 0.162841
-0.399793 -11.6719 15.7364 0.285497
1.03403 -0.500711 1.18478 1.39738
2.55267 0.085454 0.359284 1.32414
4.95024 0.151531 -0.335469 2.22663
1.49851 -1.78872 2.73537 0.943479
-1.82372 -0.081437 0.261223 -1.3081
-1.32551 -0.587425 0.050154 -1.3726
0.394982 2.25453 -2.41662 -0.049801
-3.47922 -1.23675 2.22491 -14.095
-2.38646 -0.198991 0.348125 -1.58321
-0.346034 1.73777 -1.95863 -0.333347
-0.237893 1.17927 -1.33966 -0.140369
-0.219591 -1.66485 2.72752 0.075087
2.7391 0.583949 -0.458224 2.31967
-0.483344 -1.05279 2.08679 -0.271321
-0.786652 -2.13291 3.40652 0.103941
-1.48727 2.05115 -2.62634 -1.17923
-0.742245 6.53238 -7.63026 -0.160599
1.99097 2.22605 -3.53335 1.8072
-0.705837 -0.927438 0.927438 -0.705837
-0.239934 1.03798 -1.5023 -0.131007
0.449795 -1.40308 3.50933 0.32639
-0.996885 0.858444 -1.28221 -0.632565
-11.4317 -1.25872 1.59997 -11.0409
-1.03834 -0.297988 0.325469 -1.30494
-2.02842 -0.418388 0.268875 -1.73017
-1.02822 0.272165 -0.726882 -1.51214
-0.108275 1.10408 -1.22023 -0.006297
-1.22743 -0.747179 1.0588 -1.5724
-1.17871 -0.096142 0.111643 -1.48099
0.902135 0.69416 -0.969496 0.953674
3.05221 -3.17363 13.9723 10.8817
0.606761 -0.861184 1.02291 0.837533
1.28806 0.629223 -1.49666 1.01996
-1.37137 -2.1804 3.82569 -1.6502
-1.18397 0.055542 0.278186 -1.51065
12.9892 -2.00926 1.15 11.928
-0.461446 -0.948021 1.16075 -0.504976
-1.05066 -0.240225 0.240225 -1.05066
-7.71715 -0.965438 1.22846 -8.23824
-0.21663 2.05713 -2.26325 0.098147
-0.332432 -1.19339 1.59628 -0.761957
1.10907 -0.182374 1.13806 2.17863
1.13558 0.533491 -0.112122 1.4002
1.02299 -0.452915 0.726123 1.05692
-2.91646 -0.167997 0.301435 -1.84639
-1.02138 0.313295 -0.313295 -1.02138
-0.745227 -1.0214 1.0214 -0.745227
-0.991318 0.555926 -0.758251 -1.19033
1.54036 -0.131762 -0.012742 1.07751
-1.30685 -0.239825 0.149388 -1.08772
1.96674 1.12626 -1.59964 1.44247
-0.161652 1.61385 -1.3091 -0.038672
1.66357 -17.3649 35.2553 -1.60301
0.122097 1.12879 -2.10355 -0.011577
-1.27831 0.128356 -0.300753 -1.08966
-11.2661 -0.206105 0.796094 -9.70882
1.47469 0.180697 -0.269724 1.29653
-2.60398 -0.71783 1.25287 -2.75993
1.11564 -0.757043 0.774211 1.25389
-0.086939 1.368 -1.34773 -0.181521
-3.48656 -2.22988 4.57104 -4.5805
-0.547821 1.05026 -1.52739 -0.211858
2.57779 -0.76403 0.685048 0.975119
0.624586 -1.45382 1.6112 0.720706
0.309844 -1.07021 1.46852 0.351708
0.523783 -0.975582 1.06843 0.987672
-0.697372 6.4062 -6.37795 -0.077718
-3.14491 -0.074159 2.57378 -2.90371
-1.30424 -0.522239 0.910895 -0.937277
-2.66275 -0.133003 0.267721 -1.53853
-0.606859 -0.900087 1.31173 -0.589856
1.51929 0.510927 -0.32488 1.57743
1.73661 -7.99625 10.8195 0.464887
0.268423 1.13068 -1.7129 -0.005553
1.44551 0.254805 -0.371138 1.24719
-0.994589 -1.26499 1.64634 -0.614519
1.23174 0.177414 0.762887 2.11605
-0.454061 1.26223 -1.74007 0.204541
0.108744 1.94339 -2.1674 0.170541
1.24416 -0.278169 0.176079 1.60448
-0.786372 2.25325 -1.91099 -0.949465
0.719164 0.767996 -0.853154 0.918892
1.83179 0.137379 0.760448 2.10466
1.66618 0.482473 -0.890396 1.23245
-0.867442 0.658946 -1.21113 -1.76016
-0.096999 -1.096 1.69708 -0.331319
-0.951344 -0.802723 0.945522 -0.710635
-1.01747 -0.281923 0.227594 -1.29155
-71.1857 -9.34174 12.1436 -77.5955
-1.04143 -0.198181 0.213955 -1.10062
0.062366 -1.14358 1.13242 -0.094301
-1.07852 0.27666 -0.888198 -1.6647
2.38518 -0.013193 -0.21402 1.69073
-2.61175 -0.272927 0.223303 -2.32977
2.16727 5.6771 -15.6798 0.528959
-0.331005 -0.998305 1.16181 -0.4572
0.137112 -2.08646 2.09523 -0.072017
0.56891 1.52437 -2.51593 0.307045
3.10671 1.88418 -2.04185 8.99135
-0.528758 -0.9654 1.29841 -0.436034
-0.799704 0.723801 -1.02466 -0.911698
-0.94902 0.50978 -0.760974 -1.06474
-0.661131 -0.878244 0.878244 -0.661131
0.190582 -1.18312 1.50241 0.649765
-1.07308 -0.978668 0.254885 -2.0151
-1.20168 -1.91566 2.55712 -0.848755
2.01363 0.250531 -0.362086 1.72778
-0.198537 1.25111 -1.53422 -0.008796
-1.45117 -0.137486 0.434756 -1.62023
-2.45849 0.060192 -2.22497 -3.64997
-0.495472 -1.0013 1.36114 -0.354399
0.034716 1.46647 -1.69084 0.936746
1.17972 -1.86547 2.72415 1.3056
1.54913 0.617598 -0.754102 1.44136
0.193484 -1.27792 1.26228 0.17203
0.854046 1.34942 -1.38697 0.561021
-3.07914 -0.285678 0.628645 -2.83481
-1.2755 -0.764036 1.04655 -0.771419
-0.63762 -0.975699 0.947716 -0.522794
1.54371 0.335296 -0.549867 1.06042
-1.16124 -0.127153 0.209974 -1.23939
-0.098256 1.13448 -1.06944 -0.032724
-0.173869 -2.2809 1.43306 -0.616339
-0.85213 0.684373 -0.870556 -0.813757
0.190044 -1.19785 1.20449 -0.030185
-0.711649 -0.966927 1.48479 -0.455349
0.205391 -1.4407 1.49913 -0.100311
-1.48578 -0.435846 0.996134 -1.04098
-1.22366 0.388475 -0.960645 -1.84039
-0.756982 -0.984766 3.0287 -1.46282
-7.42853 0.696612 1.51738 -10.3977
2.15603 0.331179 -0.822004 2.22068
0.967955 -0.921224 1.25583 1.65648
-1.28561 1.86625 -2.51513 -0.957995
-0.920731 -0.607813 1.04194 -0.966706
-1.31535 0.021011 0.198626 -1.29996
1.10188 -2.12288 3.50394 2.30594
-0.140564 1.05484 -1.502 -0.096238
-2.15253 -0.557184 0.659182 -1.81926
0.096602 -1.12856 2.25655 -0.005391
0.279316 -1.19278 2.13321 0.488771
1.06567 -0.341504 0.808049 1.35644
-2.77659 -0.605503 -0.781442 -3.69965
0.07104 1.10601 -1.57253 -0.058026
1.27103 0.021719 -0.080837 1.19144
1.27085 -0.057033 -0.062263 1.44288
1.72766 0.732242 -0.979209 1.01312
-2.23121 -0.142545 0.12306 -1.23389
-3.58841 -1.91269 -0.090814 -2.36033
-0.033978 -1.39697 2.65529 -0.183212
3.66791 -0.349274 -0.447943 4.12514
1.85622 -0.406883 0.520613 1.53839
1.3266 0.299641 -0.975976 1.17833
-1.95121 -0.376739 0.572316 -1.86705
0.889106 0.76834 -0.613534 0.949985
-1.0024 0.528451 -0.871429 -1.02907
1.78629 -0.554429 0.120943 1.14176
-1.23952 -0.423983 0.276529 -1.06112
0.146459 -1.17258 1.96986 -0.155988
1.62916 0.117481 -0.397682 1.91454
0.552962 -0.917723 1.49181 0.95775
-0.702511 -0.914664 0.914664 -0.702511
-3.74334 -0.396915 0.537332 -3.28711
-0.658156 -0.981163 1.09033 -0.467596
1.24441 0.156142 -0.123104 1.39275
0.60744 -1.27263 1.01839 0.504208
-1.74058 -0.454703 0.402582 -1.55572
0.90104 -0.727947 1.04509 0.991248
1.48557 -0.011275 0.349091 1.44598
-0.519474 0.903075 -1.06006 -0.582989
2.37721 0.10232 -0.039499 1.27583
0.713003 1.28401 -1.25024 0.61404
3.49114 0.429258 -0.162086 3.67287
-0.344222 1.43403 -1.60055 -0.295504
0.117406 1.08606 -1.67371 0.121247
-0.348669 -1.47627 1.40872 -0.851391
-9.42694 -0.441618 2.18127 -15.0779
0.486702 -1.38959 2.16263 0.065478
0.22383 -2.21293 2.66715 0.079833
-1.03125 0.637894 -0.763754 -0.842007
0.359561 1.50453 -2.46921 -0.403023
-0.249526 1.05401 -1.14109 -0.144872
4.23697 7.14941 -8.56727 5.9059
9.03082 -0.71807 -1.72134 16.8286
6.37927 -0.701667 -0.636356 8.32312
-0.156816 1.05956 -1.14627 -0.127014
1.2124 0.144003 -0.342559 1.37479
-1.17435 0.015282 0.076197 -1.82761
-0.607392 -1.02161 3.83966 -2.88055
0.234685 -1.03213 1.62555 0.297649
0.401068 -0.966559 1.04524 0.52109
-0.060937 1.09593 -1.34513 0.04073
-1.12886 -0.182238 -0.032397 -1.2468
-0.170258 2.07465 -2.27319 -0.062585
0.631557 -1.28371 1.51493 0.69979
-1.07378 0.23569 -0.337705 -1.23175
-1.15069 -0.769912 0.856393 -1.22845
1.64325 0.952575 -0.925643 1.21602
-1.2293 0.221983 -0.432453 -1.12491
-2.94237 -0.037947 0.228346 -1.9135
-1.19925 1.16138 -1.65298 -0.623816
2.77475 1.09793 -1.67154 8.06881
0.485878 -1.08835 1.90874 0.135329
0.597674 1.16644 -0.977787 0.427136
-0.234703 1.43274 -1.61681 0.521405
-0.528157 1.19356 -2.11638 -0.349101
-0.505661 -0.899937 1.97757 -0.914401
1.16747 -0.28132 0.167225 1.07465
-1.01041 0.41755 -0.720455 -1.12007
-2.08806 -1.79173 2.06887 -3.18899
1.21128 -0.193415 -0.070371 1.43769
0.64332 -1.08368 1.4275 0.898549
-0.821079 -3.03022 4.2584 -0.917224
-1.29459 -0.007376 0.221921 -1.09433
0.089933 -1.11915 1.76249 -0.339728
-2.56654 -0.201798 -1.28779 -3.02024
0.260002 -2.41376 2.07718 0.652982
-0.891771 0.642211 -0.862875 -0.871148
-1.69537 -0.047951 0.15213 -1.81465
0.407735 -1.10066 1.75021 0.420572
1.04862 -1.23757 2.61806 0.828326
5.42325 0.288548 -0.961193 8.08976
-0.086659 1.05473 -1.49112 -0.039232
-1.76473 -0.282749 0.699505 -1.45169
-1.24885 -0.129725 0.138967 -1.62324
2.88878 0.004956 -0.073633 1.52944
0.224259 -9.95718 11.266 -1.67866
-0.43683 1.02126 -1.60647 -0.342926
1.39075 -0.475917 0.697882 0.994156
1.89174 -0.423676 -0.610335 2.02326
0.584817 1.29677 -2.16242 0.564578
2.18556 0.797943 -0.733268 0.948757
-1.08152 -1.9393 2.60941 -0.799862
0.671763 -1.16016 2.13124 0.443666
-0.211286 -1.05337 1.50274 -0.012112
-0.235461 -1.07621 2.03653 -0.140526
-1.34625 -0.306611 0.40262 -1.70412
-1.72721 -0.188197 0.459993 -2.28214
-1.06821 -0.498121 0.602933 -0.970158
2.23445 0.238546 0.040518 2.20908
-1.16782 -0.155361 0.310531 -1.1001
-0.783096 -1.00239 1.00239 -0.783096
0.982118 -0.433928 0.665158 1.15836
2.81083 -0.28597 0.592892 2.79414
-0.596001 -0.915058 1.70446 -0.782045
-1.19646 -0.857257 1.13985 -1.03394
1.06404 0.052356 -0.03276 1.15262
0.090214 -1.1991 1.7881 -0.416143
2.04697 -0.038063 -0.028746 2.12137
0.477266 1.39985 -2.17771 0.274918
-2.20298 1.35035 -0.907806 -2.70863
1.0894 -0.261552 0.416967 1.0716
-0.931531 -0.625239 1.06351 -0.98084
0.451649 1.51069 -1.47957 -0.11445
-0.479356 -0.981378 1.20662 -0.524242
-1.45043 0.416902 0.048392 -1.6524
-1.39593 -0.006234 0.264968 -1.39474
0.939695 -1.81767 2.80941 0.684145
-1.22905 -0.009402 0.173767 -1.18179
-0.679742 1.4584 -2.63378 0.03473
0.153739 -1.0205 1.57038 0.131945
-1.51729 0.618946 -0.932337 -1.0132
-0.448128 0.955362 -1.26257 -0.525326
0.978863 -0.726369 1.0017 1.4046
-1.13334 0.323513 -0.878933 -1.74961
-1.23284 -1.12475 3.91777 0.095254
4.24706 0.089112 -0.255464 1.51854
2.88682 0.076046 0.061471 1.47529
-1.10095 0.610408 -0.913293 -1.40427
0.043341 1.25904 -1.9383 -0.032902
2.11312 1.4559 -2.20422 1.41292
-2.29065 0.084677 0.259519 -1.93852
0.56254 1.63716 -3.2878 0.366491
0.811569 -1.06739 1.13403 0.743975
0.841059 -0.723069 0.889743 0.802215
-0.116165 -1.07582 2.09677 -0.084007
-1.62951 -0.236378 0.507519 -1.5025
-1.46135 0.315409 -0.638539 -1.44455
-1.38874 -0.207121 0.258427 -1.26093
-0.906386 -1.82693 2.37416 -1.01757
3.6375 -9.77007 8.26546 1.33362
-35.5969 -4.04265 15.8629 -22.6674
-1.46999 0.473764 -0.35734 -1.98767
-0.71 0.929358 -0.813371 -0.700599
0.566579 0.904716 -1.29297 0.593882
-0.120252 -1.72738 1.86981 -0.216328
-0.76545 -0.843433 0.837637 -0.683991
-0.045047 -1.63963 1.36539 0.38249
-2.04762 -0.130112 0.874633 -3.83479
-1.11516 0.288075 0.044054 -1.60119
1.44507 0.544389 0.46563 1.66833
0.116358 -1.40333 1.29564 0.398798
-0.648409 1.04561 -1.60858 -0.271646
1.14747 -1.10046 0.793343 1.14309
0.754363 -1.01007 2.04482 0.37777
-3.33914 -7.80394 6.80703 -6.90617
1.81338 3.99019 -4.22997 1.98958
-1.7147 -0.857841 1.1924 -1.36685
-0.034524 1.04241 -1.3722 0.006092
0.404698 1.01039 -1.30816 0.488445
1.07102 0.01253 -0.079209 1.13488
-1.49294 -0.162504 0.396492 -1.26359
-2.57577 -0.281247 0.176835 -1.42614
-0.368068 -1.21389 1.5674 0.19198
2.05191 0.23341 -0.395896 1.84541
0.691669 0.938496 -1.25625 0.724829
0.42366 1.44259 -2.36752 0.226892
0.995992 -0.592762 1.10805 1.64445
1.76451 0.262901 0.375687 1.68701
1.11228 -0.337002 0.500839 1.04633
-0.287776 1.20932 -1.593 -0.461447
-0.032225 1.16433 -1.79678 -0.180784
0.310869 -3.13945 2.71385 0.894914
-0.867696 -2.73268 2.21909 -1.301
0.112285 1.06061 -1.51671 0.105657
10.4799 0.616579 -2.47777 9.30698
2.53351 -0.132959 0.397797 3.10232
1.10773 0.017001 -0.108957 1.20792
0.312789 1.34505 -2.65694 0.118511
-0.630766 -0.865602 0.865602 -0.630766
-1.18139 -1.58444 0.804544 -1.38763
-1.35894 0.278355 -1.3974 -2.86517
-1.54162 0.338691 -0.969543 -1.83246
0.605 0.946451 -1.20789 0.483316
-0.061925 -1.05836 2.02059 -0.259496
1.40606 1.2219 -1.3367 1.14134
1.51228 0.155046 -0.134841 1.15957
0.870049 0.663569 -0.970051 0.84258
1.21484 -0.329603 0.188534 1.63946
-1.03042 -0.283887 0.318957 -1.21183
2.50925 -0.137182 -0.63179 1.99636
1.39096 0.318691 -0.776212 1.14047
1.33628 0.504364 -0.026149 1.40443
-6.44319 0.111984 1.64547 -6.18245
0.07683 1.08387 -2.04866 0.056648
0.452618 0.962364 -1.37635 0.521858
2.6203 0.212571 -0.384184 1.76552
2.09507 0.642504 -0.770004 1.32061
-0.624873 0.847401 -1.92142 -1.6851
1.49457 0.075561 -0.131687 1.11968
2.06672 0.040728 -0.019095 1.98319
-2.86935 -0.13377 -0.273936 -3.12996
0.632845 1.30138 -2.48263 0.272935
-0.409577 1.35688 -1.87088 0.495051
0.945235 1.79714 -2.30801 0.351789
0.158852 1.28147 -1.58438 0.40902
-1.29381 0.336172 -0.174924 -1.08185
1.86726 0.005343 -0.256246 1.24388
-2.176 0.011926 0.486613 -2.4531
-1.90802 -0.24289 0.519904 -1.36649
-2.23266 0.079679 0.239685 -1.50506
-0.021142 1.37733 -1.56497 0.890599
-0.931489 0.545156 -0.7233 -1.06644
-1.49851 0.33387 -0.678355 -1.00818
2.19982 -0.102265 -1.71845 8.34312
-0.014365 1.11757 -1.14471 -0.167803
5.61662 -2.24076 2.19208 7.63761
-0.532494 -0.910323 1.29228 -0.621298
-0.909062 -1.30585 1.65591 0.01243
0.269352 1.24689 -1.34655 0.235722
0.483174 1.13607 -1.94214 0.489643
0.223864 1.36239 -2.15429 0.169383
0.006923 1.44487 -1.907 0.055535
1.04689 -0.479163 0.240763 1.30931
1.95079 0.056735 -0.611185 1.35433
6.41332 10.5556 -11.9849 4.41393
3.06048 0.203613 -0.242216 1.76503
-1.02325 -0.211634 0.372852 -1.32493
0.339202 -0.988673 1.2007 0.546409
0.686857 0.882624 -0.882624 0.686857
2.98106 -1.10789 1.45202 2.40001
2.35962 0.183756 -0.504747 1.78392
4.56825 -0.070848 -0.543102 3.95353
-1.53557 3.07019 -2.6577 -2.17342
-0.908614 -0.765219 0.856616 -0.727527
0.235499 -1.04662 1.49007 0.162915
1.07788 -0.646952 1.31905 2.01788
-0.629869 -0.946048 0.989399 -0.561648
-0.115903 1.07581 -1.33516 0.094048
-0.21292 1.19704 -1.30561 -0.605637
0.094084 -1.65251 1.70655 -0.217968
-3.50093 -0.047549 0.3054 -1.65567
-1.2384 0.529297 -1.00254 -1.74899
15.3965 -17.6502 22.9722 17.6222
0.749552 -0.942778 2.18003 0.804999
2.15322 -0.711055 0.602985 2.27335
0.649 0.857619 -1.09745 0.900475
-1.32864 -0.151704 0.334215 -1.45027
-1.72961 -0.74055 0.088592 -2.27623
1.35388 0.21107 -0.394854 1.42976
-0.518147 -0.961188 1.85721 -0.627302
-0.054094 -1.35093 1.76775 0.039088
-1.31482 0.299537 -0.594555 -1.24353
0.62282 -0.972358 0.942397 0.50988
-0.258392 -1.0609 1.9197 -0.132363
-2.52374 -0.125888 0.327428 -1.31387
-3.19358 -0.189712 0.739271 -5.23588
-1.4643 0.654844 -0.194147 -1.67346
-0.445155 -1.40343 1.9442 -0.470579
-1.6906 -1.32099 1.28619 -1.32026
-14.9277 0.409189 1.7421 -12.2999
0.54171 -1.04527 1.99659 0.238186
1.04826 -0.439978 1.03153 1.40525
0.360434 1.03572 -1.43336 0.474081
2.56959 0.053027 -0.151793 2.18795
-3.58407 -4.77259 4.63979 -6.24682
-3.40827 -1.53866 1.13376 -4.47334
0.366841 1.44574 -1.48129 0.028576
1.24437 0.475511 -1.20111 1.09796
0.048768 -1.2368 1.14492 -0.017095
4.33455 0.28023 -0.113563 3.8872
-1.74558 -0.364335 0.062737 -1.2403
0.672514 1.48844 -2.7389 0.047515
-4.51937 -1.13849 1.03855 -5.81526
-0.5872 -0.962509 1.1627 -0.546022
1.18185 1.16199 -2.84083 1.88323
2.96295 1.44241 -0.26263 2.19065
1.01429 -0.410842 0.67152 1.10669
0.172496 -1.06932 1.72368 0.442116
-0.541549 -0.982647 4.31912 -3.25516
0.068629 1.25223 -1.12354 -0.068489
4.75184 2.39967 -0.225558 5.17274
1.98507 0.211053 -0.376802 1.83327
-3.9843 -0.804843 0.804843 -3.9843
-0.013578 1.1371 -1.94258 -0.055259
-0.222555 -1.0702 1.37211 -0.107623
-0.514335 0.983281 -1.28187 -0.533974
0.799625 -0.729911 1.08974 1.55625
-0.134392 1.28063 -1.51001 -0.087659
0.80938 0.707205 -2.55245 1.93745
2.3632 0.136709 -0.237278 1.43902
-1.76272 -0.167382 0.267665 -1.84707
0.048728 -1.62942 1.81961 -0.061229
0.305874 -1.14122 1.65933 0.021707
1.06979 0.049804 -0.178427 1.2967
0.102888 -1.08898 2.57301 0.089115
-1.36135 0.499737 -1.11169 -1.99671
-0.023816 1.1208 -1.17575 0.061725
-2.96701 -0.141864 0.205172 -1.68716
-2.26611 -4.47623 4.72663 -0.328389
-2.07828 1.97385 -2.42339 -1.76088
8.93948 -0.510616 -0.812145 8.30578
-0.085157 1.14203 -1.66435 -0.060963
-3.22998 -0.36944 -0.039987 -2.03133
2.03256 0.1333 -0.068333 1.33902
3.89603 -7.9445 8.45354 3.70838
0.253068 -1.07602 1.52254 0.160519
-1.10814 -0.736336 2.16125 -1.50851
-1.16385 5.3583 -15.2156 -0.993867
1.62671 -0.339218 0.971406 1.82443
1.93586 -1.95834 2.61237 1.79007
0.231271 1.32788 -1.582 -0.550571
1.09779 1.53216 -1.82479 0.902847
1.50005 0.15703 1.13875 2.2045
0.185112 1.94153 -2.95661 0.049182
0.239429 1.17101 -2.11697 0.96681
-1.71065 -2.1408 2.64122 -1.30542
-1.20257 -0.84426 0.338893 -1.17997
-0.634871 -0.825613 0.825613 -0.634871
1.15246 -0.058418 -0.112169 1.21996
-3.31416 -0.656171 1.46309 -3.10453
1.08694 2.4372 -1.89326 0.34007
6.68354 -10.8411 11.1969 5.36533
1.5168 -2.04538 1.34704 2.95674
-2.50854 -0.181504 0.183422 -2.24545
2.36269 -0.900789 0.832468 2.30724
1.34156 0.603146 -1.13378 0.887901
-1.06914 -0.510543 0.911886 -1.01759
-0.07922 1.15263 -2.66608 0.453921
0.309683 1.18664 -1.9061 0.156719
0.436904 -1.45654 1.51029 0.179375
-2.08262 -0.712347 0.528458 -1.63031
1.2568 0.037207 -0.330669 1.1631
-1.98978 -0.160165 0.308383 -2.0045
-0.086983 1.09903 -1.23251 -0.216331
0.077897 -1.35028 1.39254 0.699171
3.72361 -0.483716 -1.78603 14.1409
1.3926 -0.071571 -0.045456 1.94353
-0.8798 1.11402 -2.51933 -0.653859
-0.927827 -0.661056 0.958409 -0.875174
0.704737 1.19368 -1.49692 0.081493
0.437278 -1.3897 1.46481 0.850882
-2.13434 -0.040387 -0.006806 -1.99632
-1.22206 0.432493 -0.158152 -1.11795
0.962343 0.691536 -1.23143 0.896385
-0.963967 -1.06809 1.80036 -0.77275
-0.017705 1.04253 -1.58157 0.01265
-0.487793 -0.949193 1.45556 -0.75072
-0.18639 1.26002 -1.31716 -0.128459
-1.26127 -0.004285 -0.08458 -1.54565
-5.15606 0.223395 -0.631266 -3.97838
0.184208 -1.03535 1.19345 0.23333
-1.03806 -0.222003 0.070764 -1.43806
-0.251273 2.02697 -2.28756 -0.270185
-3.30311 -0.629552 1.13904 -2.33201
0.884639 3.45442 -2.70941 -1.26248
-2.40475 -0.074389 0.339253 -1.54201
-2.14122 0.100231 0.340335 -1.38239
0.197862 1.26904 -1.60566 0.685287
-1.12065 1.27912 -2.00118 -0.891841
0.52799 1.52057 -1.66922 -0.048733
1.21875 0.783117 -0.007744 2.00932
0.044488 -1.36864 1.25517 -0.09487
1.26554 -0.758783 0.713912 0.893454
1.05961 3.27261 -3.65061 -1.96301
1.98207 0.263887 -0.454055 1.88631
0.643007 0.84982 -3.31755 2.62169
-1.53379 0.61681 -5.07286 -4.90198
-1.24691 0.006843 0.27508 -1.52975
2.1755 0.270559 -0.482718 2.43899
2.01394 -0.206 -0.347187 2.30437
5.44443 1.00443 -1.29023 6.37728
-1.15697 -0.189748 0.441679 -1.15551
2.942 0.003223 -0.198621 1.35488
1.85494 0.259151 -0.615244 1.36945
1.21309 -0.260126 0.177686 1.05919
-1.4939 -0.192363 0.257745 -1.26913
1.10351 2.14353 -1.59929 0.450891
1.26166 0.176781 -0.685284 1.26222
1.16612 -0.194393 0.157357 1.52636
-1.44965 -0.115949 0.332205 -1.70175
-0.004251 -1.11571 1.36083 -0.233238
0.69742 -0.88154 1.17991 0.645853
1.1801 -1.1639 0.538457 2.85012
0.138603 -2.53027 2.0808 0.233001
0.094944 -1.381 1.63514 -0.06935
1.46839 -1.7993 2.3708 1.38929
0.815754 0.691927 -2.32511 1.74005
-1.20607 0.095362 0.088262 -1.52903
0.607268 -1.52572 1.6891 0.659722
0.057861 -1.29873 1.70923 0.182154
1.82297 0.152105 -0.298639 1.3016
0.524646 0.958296 -1.35279 0.867241
1.5622 -0.157732 -0.420505 1.43359
0.99783 0.926154 -0.800319 0.824003
-1.01926 -0.542744 0.843933 -0.962358
2.85562 0.0139 0.027769 2.64939
-2.03237 -0.261993 -1.3931 -2.14862
-2.50278 -0.012703 0.309395 -1.63341
1.55175 -0.352156 0.539033 1.00678
-0.839964 -4.36716 6.74167 -0.507974
-2.15898 -0.342571 0.033571 -2.13686
-0.027073 1.09617 -1.15214 -0.015284
0.2859 -1.0501 1.90655 0.195353
-1.47595 -0.110757 0.070897 -1.28949
1.38123 -0.58927 0.917277 0.88506
0.349363 1.17154 -2.20547 0.152022
1.2797 -0.006664 -0.124241 1.18693
0.882377 -0.670978 0.836531 0.839393
0.461681 -4.28573 4.85938 0.577602
0.057847 1.13717 -2.01228 -0.381116
-1.17195 0.696751 -0.638261 -1.5496
-2.21151 1.02371 -1.46982 -1.98096
0.909667 1.00199 -1.8763 1.23262
1.04788 0.364941 -0.345167 1.49336
0.847195 1.79351 -1.60132 0.583179
2.09771 -1.48277 2.21889 1.38471
1.19488 -0.233552 0.232791 1.55347
1.54538 0.154865 -0.308204 1.7302
0.376775 -1.12631 1.31054 0.140009
-0.287063 -1.09067 2.06006 -0.174923
-1.04852 -0.172604 0.193651 -1.31317
-0.209048 -8.19394 8.97386 -1.45122
1.12931 -0.390722 0.758321 1.1925
1.38491 0.799602 -1.06726 1.72281
-0.927978 0.711984 -1.00692 -0.808028
-1.18216 -0.570231 1.08885 -0.962945
-1.46448 -0.994697 1.70046 -1.06655
0.372516 1.00389 -1.27265 0.360515
-0.174992 2.53139 -2.69601 0.081433
2.02635 -0.080641 0.13457 2.2385
1.80629 -0.061444 -0.255966 1.27741
0.59266 -0.873194 1.48491 1.14189
-0.202778 -1.43169 2.15003 0.070878
3.33693 0.030572 -1.00167 2.73735
-0.475476 -0.946615 1.82221 -0.934146
-0.974694 1.11632 -1.61424 -0.45268
2.02495 0.187101 -0.77473 1.37333
2.591 7.21462 -15.2719 1.12953
1.11362 0.09028 -0.044537 1.33981
-1.21189 -0.239936 0.481489 -1.20468
2.65723 -1.88739 2.44223 2.08133
-1.2103 0.315077 -0.808656 -1.73623
0.850783 -0.748371 1.23002 0.989478
-2.7505 -0.234414 0.377175 -1.67012
1.00112 -0.4661 1.00292 1.52591
-1.37748 5.87639 -7.55619 -2.86892
0.910103 -1.32999 1.88561 0.706575
-1.81355 0.388084 -1.3474 -2.39743
1.41718 0.55309 -1.21123 1.0234
0.096344 -2.33409 2.12024 0.252522
0.421348 1.53073 -2.5921 0.268993
0.759518 1.31298 -1.64631 0.58708
3.17503 -10.0862 11.5109 3.4296
-1.04062 -0.510375 0.418423 -1.02108
-0.84299 2.79693 -3.39241 -0.329728
-1.96432 -0.151016 0.233915 -1.35537
-0.880432 -0.666671 3.20534 -2.40115
0.493128 1.02981 -1.11762 0.731795
-0.663376 -0.862153 0.862153 -0.663376
2.06703 -0.405909 2.09696 2.84924
3.3069 0.925615 -1.76949 11.8119
0.771034 0.954481 -1.14804 0.495586
-0.72165 -1.43453 1.61043 -0.861564
-3.10767 -0.045123 0.272093 -1.72129
-0.195661 1.42982 -2.35373 -0.101916
3.38054 -3.76888 5.89362 3.99357
-1.15434 -0.160331 0.556634 -1.42802
-0.007076 -1.06558 2.50412 0.031637
-8.427 0.443482 0.268806 -6.07824
1.06712 0.870109 -0.998976 0.949124
-0.163393 1.13163 -1.43857 -0.062468
-0.782981 -0.863132 1.58766 -0.679541
-1.65182 -0.364441 -1.11473 -2.13548
0.553334 1.64528 -2.17262 0.515349
1.37626 0.186798 -0.239754 1.2624
-3.03898 -0.65616 0.93633 -1.89968
-1.96382 -0.057571 0.021169 -2.0819
-0.074432 1.34352 -1.31224 -0.611843
0.64597 1.08171 -1.08607 0.474954
0.807235 1.0062 -1.0062 0.807235
-0.36505 -11.4705 12.8306 -2.3025
-1.51914 -0.274119 -0.292086 -1.49002
-6.0399 -1.6653 0.515128 -5.80569
-1.41635 -0.268288 0.409355 -1.58442
-1.37858 -1.64946 0.725475 -1.14063
2.58995 -3.41636 5.20083 3.02097
2.54276 0.994138 -0.299705 1.34279
1.33963 -0.657453 0.335247 1.9287
-1.87723 -0.385262 0.438864 -1.54394
4.10691 0.877545 -0.877545 4.10691
0.424725 0.998593 -1.20309 0.725445
-0.145134 -1.14223 1.11615 0.005142
1.18955 1.05252 -1.11181 0.936069
5.48426 2.90262 -4.49014 21.0844
-0.143439 -1.37683 1.94248 0.084602
0.68554 0.85332 -1.69591 0.926705
-4.45911 -0.032305 2.25436 -9.91366
-1.77245 0.594517 -0.94662 -0.924674
0.63686 0.86975 -1.32216 0.862695
-1.25631 0.36158 -0.377929 -0.989678
1.41651 0.513291 -1.07803 0.96249
0.483999 0.945321 -2.46556 1.22674
1.04399 0.010115 -0.079257 1.13499
-3.1195 -1.78843 -0.281894 -2.62852
0.390748 -1.72073 1.97332 0.44689
-0.532141 1.13707 -1.89284 -0.407696
0.538095 1.40617 -2.21653 0.34373
1.18607 -0.486463 0.538386 0.957586
-1.29803 0.121565 0.161121 -1.12199
-14.8263 -1.25739 2.00151 -10.6034
-1.49904 -0.750796 0.862642 -1.27063
-4.81682 -0.934856 1.06131 -4.37883
0.191389 -1.32358 1.29918 0.144789
-0.524782 -0.93185 3.26994 -2.46866
5.62161 0.487035 -1.04824 6.7569
-0.939491 0.951447 -1.41094 -1.54288
-1.10204 0.324797 -0.670807 -1.40379
-1.46372 0.56225 -1.1947 -2.11656
0.594173 -0.892796 1.26594 1.02325
-2.19015 -0.100163 -0.175324 -1.18219
0.880629 0.597857 -0.597857 0.880629
-0.148 -8.38671 10.0495 -0.841766
0.101518 -1.26435 2.02584 -0.012974
-0.434296 -5.72777 13.5111 0.379543
0.180129 -1.1468 1.40654 -0.163901
0.572783 1.19783 -2.16573 0.23103
2.27537 -0.538249 0.488641 2.69292
1.57174 0.192198 -0.349496 1.56203
0.068195 -1.30603 1.27595 0.017354
0.308229 -1.02137 1.64506 0.239011
-0.891945 0.62554 -0.586686 -1.11546
-2.19196 0.123123 0.476451 -2.26898
0.974858 0.66863 -0.595294 0.882177
-0.055342 1.10643 -2.24755 0.042181
0.647897 -0.874373 1.81919 1.04517
-0.801768 -0.685944 0.828879 -0.983096
2.19985 0.087928 -0.362441 1.562
-0.992767 0.742876 -0.872949 -1.02425
0.8933 -0.618315 1.07146 1.15028
-1.09595 2.89184 -3.49413 1.17668
1.45465 -0.341193 -0.577546 1.60431
0.44822 -1.62719 3.45758 0.241697
1.45404 -0.205931 0.977751 1.90473
-0.366637 1.6716 -1.80792 -0.26529
1.05791 0.098918 -0.317824 1.29956
2.59059 -0.187253 -0.084482 2.52862
-0.50313 -0.946607 0.946607 -0.50313
-1.39693 -2.10007 1.29577 -0.56767
-1.81099 -0.291611 0.322155 -1.13427
0.819523 -0.73033 0.80086 0.775857
2.36694 -0.090782 -0.278268 1.50935
-0.947775 -0.879668 5.04297 -3.76528
0.011088 -1.1861 2.00293 0.11035
0.351226 1.14705 -1.67 0.504895
-0.017641 -9.90017 12.5998 -0.101307
-0.293421 -1.08867 2.19953 -0.094538
-1.05581 -0.024036 0.111387 -1.54567
1.35524 -0.184299 0.024857 1.59054
-2.58906 -0.204199 0.187704 -1.93956
-1.82355 -0.005891 -1.45596 -2.20976
2.26774 2.08122 -2.3301 1.6456
5.44295 0.148457 -0.740543 7.11954
-0.829586 0.689197 -0.953461 -0.971554
-0.225249 -1.02832 1.60695 -0.300812
-1.38299 -0.466824 0.581687 -1.69202
0.755123 -1.09211 1.21916 0.461993
-0.050774 1.18852 -1.88833 0.651853
-0.12421 1.54018 -1.54305 -0.088317
29.0987 1.90276 -33.2739 32.6649
1.62039 0.149976 -0.0889 1.11949
3.33215 -3.90999 2.72528 4.07294
0.740453 0.973857 -1.09677 0.634938
-0.245196 -1.15574 1.60499 -0.567185
2.28662 0.273585 -0.178673 1.53515
-0.700247 -0.890465 1.10429 -0.650551
1.7733 -0.13402 1.205 1.88114
-0.117171 -1.15724 2.00042 -0.052457
1.43029 -0.815749 0.15705 1.2105
2.28635 -0.039651 -0.021868 1.75886
-0.281081 1.17932 -1.01516 -0.427083
-1.97598 -0.199059 0.473459 -2.03743
-1.02303 -0.339981 0.216218 -1.23269
-0.781115 -0.752514 0.971687 -0.729032
0.491532 1.21095 -1.26614 0.464936
2.21343 -0.000929 -0.250395 3.003
-0.090511 -1.08921 2.16459 -0.179521
-1.51324 -0.445147 -0.060517 -1.27429
-0.115953 1.24945 -2.27931 -1.28876
-1.45633 0.635428 0.226693 -1.56919
1.6752 0.029047 -0.074384 1.28522
-0.199996 -1.10549 1.6616 -0.396502
-0.2577 1.16077 -1.50657 -0.533922
1.10762 0.50438 -1.21372 1.1226
-3.39351 -0.41634 1.21669 -3.44649
-0.999329 -0.526022 0.516421 -1.26488
-0.954569 -1.11493 0.969084 -0.586425
0.025298 -1.0923 1.0923 0.025298
1.01079 0.760396 -0.965759 0.740101
-0.166824 1.40683 -2.93416 0.193029
-0.151484 1.66232 -1.56264 -0.10507
-0.591512 0.933779 -0.977122 -0.717944
0.682108 -0.794263 1.2243 0.933349
1.053 -0.579594 0.727835 0.888728
-2.661 0.686987 -0.4055 -1.65077
-0.704373 -0.784202 3.91928 -2.91977
-1.51668 -0.079991 0.155384 -1.41057
1.70591 0.07493 -0.006565 1.24894
2.97108 0.034593 -0.281083 1.78435
1.64189 0.280664 -0.478177 1.03295
0.789219 1.27364 -1.02659 0.45262
0.068825 -1.06205 1.3184 0.049609
0.935004 0.94538 -0.650037 0.846687
-2.93243 -6.54462 6.71848 -6.13059
-0.576466 1.42962 -2.30238 -0.34665
-1.09772 -1.05026 1.97228 -0.723742
1.33424 0.740131 -0.889891 1.16387
1.21855 0.124062 0.132869 1.24623
0.021946 -2.90455 2.94764 0.316977
-0.165529 -1.55424 2.02294 0.804443
1.83701 0.335417 -0.2056 1.17339
2.41916 -0.689205 0.645408 2.02674
-1.27091 -0.077303 -0.775076 -2.02958
0.392215 -0.984973 1.10074 0.378784
0.416044 1.25491 -1.45457 -0.12026
-1.09599 -0.676473 0.968448 -0.843441
2.16168 -0.647465 -0.087347 4.89163
1.7162 -0.044412 -0.088634 2.05559
-0.542187 1.39888 -2.30307 0.614145
1.09189 -0.765988 0.808937 1.01701
0.68787 1.08831 -1.28077 0.645465
-1.27079 -0.327075 0.393349 -1.2236
-0.443263 2.73463 -2.32159 -0.4112
1.29275 0.005165 -0.366686 1.57834
6.07098 0.157227 -0.124087 5.87191
-0.453252 -1.05415 1.67039 -0.728238
0.19304 1.08525 -1.65665 0.139947
-2.13685 -0.16339 0.286546 -1.37218
-0.14912 1.08609 -2.13683 -0.048965
-1.604 -0.075099 -2.06971 -2.28877
-0.230127 1.51125 -1.63984 -0.208748
-0.592767 -0.897817 1.34251 -0.833446
1.41573 0.007816 -0.279174 1.33653
-0.000725 -1.09483 1.79908 -0.056205
-0.839571 0.678165 -1.14448 -1.0953
0.706697 -0.838961 1.00602 0.675333
-0.721378 1.09187 -1.53934 -0.33361
-0.088007 -1.74832 1.98581 -1.10293
-1.30763 -0.225408 0.117024 -1.0735
2.7948 0.446195 -0.480882 1.73935
0.294051 1.57226 -2.66296 0.095927
-0.745526 -0.904796 1.16294 -0.538901
0.805095 2.19268 -1.95099 0.919609
-1.56243 -0.037531 0.058405 -1.35556
0.367881 1.13776 -2.21479 0.15948
-0.020096 -3.34839 1.42608 1.78648
0.152909 1.8056 -5.3353 0.045079
2.15412 0.169452 -0.296001 1.58216
-2.24008 0.358627 -0.195582 -2.64667
-1.12018 0.476336 -0.805775 -1.13384
1.98114 -0.14633 0.18897 1.51768
0.868015 -4.66391 4.96834 2.39775
-0.079097 1.04925 -1.82191 0.019829
0.515591 -1.76547 1.27597 0.569132
-1.70425 0.185676 -0.616092 -1.09581
0.073416 1.04536 -1.71698 0.029835
0.73412 0.81877 -1.24205 0.787937
0.066464 1.06359 -1.87193 0.099007
-2.05172 -0.559185 0.308964 -1.88043
2.40811 0.193687 -0.345694 1.60967
0.270137 1.03352 -1.56774 0.288202
0.155384 -1.39823 1.17798 -0.063627
-0.061413 -1.17719 1.17719 -0.061413
-0.636294 -0.832105 0.832105 -0.636294
-0.061563 2.01397 -2.77882 0.466521
-0.249913 1.07187 -1.5193 -0.131825
2.00807 0.063657 -0.371708 1.31678
1.27416 -0.125475 -0.428196 1.48897
0.866051 -0.688017 0.736466 0.810765
-1.17913 1.29818 -5.20711 -5.30834
-0.887343 -1.02333 1.87668 -0.75853
1.09284 0.060853 -0.322306 1.35819
-1.57502 0.017393 0.408469 -1.45879
-9.66127 -1.86404 1.8287 -8.68302
-0.070549 1.05584 -1.79115 -0.129148
0.68366 0.847383 -1.37024 0.782693
-2.0658 -0.974209 1.7242 -2.02864
8.2151 7.15222 -6.28377 3.95861
-1.16909 0.207363 -0.228062 -1.03194
-1.35294 -0.698745 1.47136 -1.17517
-1.52204 -0.269249 -0.142423 -1.6071
0.761506 -1.17098 1.79409 0.521265
0.160403 1.34999 -2.32583 0.102837
1.21396 2.20481 -4.26211 3.12143
0.95049 -1.3386 2.02486 0.525882
1.12566 0.950831 -1.53183 1.12737
0.976402 -0.626055 0.850198 0.830538
0.948656 0.909378 -1.42157 0.656066
0.579996 3.00238 -4.28286 2.05427
-1.0289 -0.480357 0.531915 -1.01663
-1.90061 -0.133171 -0.001723 -1.1814
-0.251339 1.98955 -2.29007 -0.281437
1.79727 -11.3074 11.9653 0.074889
-0.106018 -1.39165 2.76596 0.011832
-2.37475 -0.261694 0.381059 -1.43668
-1.7928 0.980908 -1.20442 -2.13124
-0.238552 1.05506 -1.65544 -0.245727
-0.748301 -0.771748 4.11393 -3.06314
0.055132 -1.1682 1.66401 0.080669
0.833548 -1.08316 2.07155 0.471566
0.861329 -1.01928 1.51119 0.879652
0.968398 0.55372 -0.703193 1.16293
0.627351 0.893545 -3.22326 2.55268
0.800357 -0.655561 1.10705 1.51247
2.14585 0.599368 -0.692861 1.36998
8.14336 -12.6785 13.0116 6.02638
7.97899 1.51486 -1.51486 7.97899
-1.39435 -0.654631 0.032307 -1.37242
0.962279 -0.679762 1.88006 1.27879
0.173639 1.29453 -1.88117 0.275501
-0.173386 1.48585 -2.65179 -0.058771
-2.36136 -0.238821 -0.006871 -2.06171
-1.32269 -0.998073 1.84487 -1.02561
-1.07052 -0.085258 0.049481 -1.19708
-0.152643 -1.06005 1.94969 -0.209702
0.176081 -1.33722 1.4253 -0.080997
1.0937 0.142931 -0.197489 1.07629
-0.05189 1.15004 -1.09577 -0.004995
0.141341 -1.3978 1.32936 0.39737
1.00489 -1.44104 1.27206 0.705021
-1.39872 0.593819 -0.483521 -1.84822
0.584841 -5.45147 6.94934 -0.478673
-0.644239 -1.2315 0.942608 -0.474138
-1.18383 -1.03247 1.5841 -0.927514
2.20674 3.03548 -4.28746 2.52083
-0.943257 0.560565 -1.03655 -1.08984
2.89869 -8.61488 7.02297 1.61422
-1.2445 0.607138 -0.970033 -0.830791
3.92978 -0.112482 -0.263683 3.4747
2.17992 -0.398921 -0.355173 2.43588
-0.614797 1.42305 -2.83385 -0.387763
1.91579 -0.238043 0.394831 2.35757
1.25273 -0.735012 0.876641 1.02096
-1.95501 -0.35102 0.365954 -1.73428
-0.121168 -5.12125 7.53451 1.07078
-5.98626 -3.88612 3.21364 -3.87958
0.825443 0.867046 -1.23669 0.729668
-0.613713 -0.838851 0.838851 -0.613713
-2.01115 -0.609122 0.879485 -2.18084
-6.23308 1.12847 3.37449 -21.2533
-1.04732 -0.239744 0.376475 -1.1746
-16.0051 -4.07661 3.19831 -18.7118
-0.546539 1.00899 -1.66822 -0.276497
2.23418 0.214117 -0.360785 1.81333
-2.85736 -0.118896 0.409846 -1.98014
-0.336694 1.03049 -1.1717 -0.32626
1.47096 -5.39066 5.71169 2.16603
0.073758 1.13958 -1.94841 0.306912
-2.2099 -0.025326 0.366627 -1.41411
-1.28489 -0.209023 0.456672 -1.11557
1.21966 2.39835 -1.7177 0.491317
1.24699 1.38725 -2.32946 0.661503
-1.13739 0.23487 -0.072449 -1.28947
-0.348817 -1.19471 1.77005 -0.517537
-1.08329 1.21528 -1.78317 -0.345437
-1.29823 -0.236655 0.073311 -1.30438
-1.28552 0.326605 -0.716258 -1.39404
-1.39246 -0.001944 -0.36721 -1.16794
0.654099 -1.22827 2.3952 0.434516
0.152836 1.20866 -1.77814 0.287392
-0.815622 -0.801686 1.15113 -0.900392
-3.20334 -1.93579 9.16472 -8.83233
0.29969 -1.10001 1.61108 0.163972
-0.53646 -1.46283 1.50183 -0.215253
1.06159 0.076459 0.054896 1.39879
-0.835795 -0.993923 1.92315 -0.546376
0.695404 -1.4871 2.48394 0.454463
-0.730397 -1.53373 1.27762 -0.444327
-0.060232 -1.05916 1.3079 -0.131644
-0.362623 -1.19427 1.42857 -1.19994
-0.172737 1.07601 -2.01257 -0.00569
-0.318717 1.04161 -1.375 -0.278089
2.60997 -0.792848 0.691568 3.61447
-0.922156 1.01332 -1.41502 -0.387683
1.23968 -0.676528 1.18948 1.90846
-1.73544 -0.092128 0.199696 -1.06647
0.89713 -0.787295 2.40525 1.35566
-2.72263 -0.269274 -0.221177 -3.25339
-1.1272 0.549001 -0.864844 -0.91852
8.75896 -0.016488 -2.07915 11.9905
2.80583 0.258461 -0.154082 1.9159
-1.20433 4.27277 -8.63575 -0.834947
-0.500303 -1.55773 2.91136 -0.054689
2.2535 0.133334 -0.19554 2.00923
0.206732 -5.89633 8.10087 -0.663256
0.852126 0.676376 -2.35127 1.77256
-1.39234 0.184739 -0.489513 -1.25236
1.84851 1.64236 -1.0861 0.926989
2.05559 0.107991 1.2738 2.65672
8.873 0.471717 -1.49365 10.0268
0.402518 2.22448 -4.94524 0.180425
1.0999 0.062819 -0.202333 1.58438
3.48181 -0.039497 -0.436545 2.90442
-1.39449 -0.391733 0.401275 -1.49598
0.751589 -1.08952 1.01626 0.837027
-0.033194 -2.94901 3.55618 0.956597
-1.34698 0.610631 -0.857457 -0.914125
0.134923 1.98989 -1.99331 0.16694
-2.23248 -0.159974 0.438951 -2.02691
-0.192102 1.23561 -1.35729 -0.208173
-3.19227 -0.301124 0.680618 -3.14873
-2.09258 -0.389501 0.37543 -2.16645
0.389399 1.09204 -1.28595 0.641022
-0.743154 3.51201 -3.77782 -0.578907
2.62293 1.14212 1.4471 3.16996
-1.55744 -0.34888 0.262561 -2.33877
-0.635681 -0.844865 0.844865 -0.635681
2.07174 0.292103 -0.318429 1.56402
-1.4702 -0.274361 0.779752 -1.30776
1.32078 0.014564 -0.07805 1.27096
2.40311 -5.09134 5.2226 -0.177678
0.89245 1.04925 -1.57864 0.85178
0.197712 1.34239 -1.29272 0.535503
0.445068 1.04208 -1.33611 0.426324
-0.062573 1.38528 -1.96732 -0.023466
4.09483 -0.341887 -1.4126 8.1743
5.52453 -0.699207 -1.39963 25.2169
0.346932 -1.3593 2.13793 0.192558
-0.654088 -0.839806 0.839806 -0.654088
1.30649 -0.940819 1.41164 1.04532
2.38863 0.195344 -0.035702 2.06138
0.107039 1.02675 -1.76061 0.123441
0.17398 2.05472 -2.42345 0.100684
0.446005 0.968685 -1.40041 0.724021
-15.4345 -3.46734 1.45203 -15.0496
0.806424 0.719466 -0.857256 0.796825
1.03846 0.145629 -0.350098 1.32531
-4.39047 0.821996 -0.523788 -4.66947
-2.80566 -0.215089 0.863178 -4.13721
-0.572626 -0.889683 3.15667 -2.38014
-3.81263 0.928801 -2.08139 -2.24799
-0.040157 2.86819 -3.63159 -0.435616
-4.10547 -0.998912 1.71077 -6.17517
-1.36037 1.08801 -1.56497 -0.650253
0.907494 0.650535 -1.98642 1.52549
0.159002 -1.0993 2.00309 -0.00182
3.5375 0.120392 0.061598 1.43551
1.03907 -2.09998 2.59691 0.885968
0.093762 -1.2707 1.31975 0.029688
-3.65819 -0.049004 0.280491 -1.8667
2.98493 0.26905 0.101969 2.97309
-0.124954 -1.25359 1.63019 0.446936
1.62677 0.703512 -1.01876 0.809616
0.8506 0.725766 -1.02543 0.793031
0.135938 -1.60432 2.18797 -0.006189
-0.95072 -1.15896 1.58296 -0.717305
-2.24803 0.564218 -0.5298 -1.95686
-2.62762 -0.172783 0.374965 -1.86171
0.420224 1.08163 -1.21677 0.66787
-0.03498 -1.11583 2.05374 0.00825
1.76907 0.068452 0.074745 1.44587
1.52605 1.36794 -1.92864 1.49657
-0.103786 -1.1313 1.95475 -0.35994
2.12882 -0.367308 -0.168417 3.21947
2.84061 -1.63693 3.67055 3.61319
1.17461 -0.695277 0.576505 0.902232
-0.766446 -2.00422 2.25066 0.687744
-2.77173 0.097695 0.118299 -1.82077
0.462741 1.30609 -2.59776 0.228916
-3.10423 -0.017412 0.691693 -5.47635
-0.967929 0.948719 -0.846362 -2.08384
-1.11992 -0.180681 0.245855 -1.03504
-0.391757 -1.05453 1.36556 -0.28221
0.073474 -1.36205 1.32442 0.61149
1.27014 0.979009 -1.61601 0.746382
3.48301 -8.2258 9.19526 3.34747
0.950256 -0.767493 1.10262 1.58894
0.148713 -1.46451 2.00626 0.000961
0.855699 -1.11459 2.03831 0.479788
0.659226 -1.05771 1.35995 0.461379
3.61103 2.30202 0.176376 3.37995
0.092649 1.09617 -1.30994 -0.047391
1.67195 -0.023269 -0.564856 1.16935
1.40684 -0.729217 1.05168 0.787653
-9.01127 -0.234149 -0.075459 -4.62098
2.04943 -1.664 3.24193 1.07849
-0.907484 -0.587963 0.871887 -1.0825
5.13348 -0.744595 -0.227025 6.16417
1.74406 0.070934 -0.236535 1.54526
0.124963 -1.07966 1.66476 0.06796
-0.366552 12.2106 -15.0245 1.53482
0.659727 1.62431 -3.05882 0.276415
2.84792 0.01519 -0.156428 1.31343
0.397566 -1.5147 4.23611 0.139922
0.559017 4.7891 -9.49642 0.241327
0.27868 -1.07294 1.52641 -0.000821
1.27041 0.262172 -0.435585 1.23884
-0.896404 -0.788195 0.937292 -0.687335
0.161203 1.60919 -1.50975 0.648097
-1.35315 -1.24726 1.50269 -1.21542
-15.9295 0.109149 -1.1069 -7.40651
0.426505 1.04352 -1.68907 0.260714
-0.98066 0.595489 -0.830685 -0.860064
0.624371 0.890909 -1.19919 0.656209
-2.02942 -0.903666 -0.033826 -1.49873
-0.040426 1.08939 -1.75367 -0.008383
0.572468 -2.97064 3.02545 -0.130889
0.781863 0.869489 -1.30395 0.761575
-0.215331 1.04335 -2.1059 -0.07354
-0.024978 1.09793 -1.11676 -0.027546
3.51825 -0.054241 0.020727 1.70932
3.66294 -10.0417 12.5343 5.16903
1.67604 -0.638563 1.74411 0.932302
-0.761916 -1.33545 1.87585 -0.933733
1.75782 0.114339 -0.445479 1.48109
-2.03388 -0.180084 0.503214 -2.08317
-0.095138 -1.06903 1.79907 0.081161
-2.6595 -0.272528 0.397728 -1.67536
0.03818 1.52388 -1.69976 -0.109396
-3.10597 0.447824 2.27427 -12.502
1.42365 0.432129 -0.997877 0.996068
-3.16658 0.344555 -1.48188 -2.10746
-0.900174 -0.767107 0.92285 -0.734586
1.24892 -1.61395 3.28919 0.565581
1.05974 0.026394 0.012582 1.23894
-0.998561 0.468994 -0.428907 -1.86667
1.08035 0.093109 -0.172112 1.10512
0.164876 -1.11284 1.34753 0.143074
-0.58484 -0.950171 1.27055 -0.403578
1.23857 -0.497764 0.302013 1.35014
0.999533 -0.365286 0.427232 1.31819
0.146935 -1.09708 1.67937 0.163617
0.654609 -0.975313 1.46212 0.777076
0.516789 1.27986 -1.93586 0.146749
-0.199627 1.07375 -1.17895 -0.076102
5.92865 1.05778 -1.05778 5.92865
-1.80259 1.36088 -0.444776 -1.0387
-0.443517 -1.15003 2.40132 0.08919
1.15836 -0.192218 0.159411 1.51478
-0.622398 -1.14689 1.29267 -0.458439
3.57612 6.43572 -6.85402 6.09787
-4.05548 -0.531576 2.94007 -15.2799
-5.92175 -2.52635 3.65543 -6.16957
2.23334 -0.243927 0.196575 1.70676
-0.626318 -0.837518 0.837518 -0.626318
-0.022558 -1.25432 2.01022 -0.042998
-0.310506 1.39971 -1.20566 -0.079048
-2.18608 -0.348429 0.949151 -1.47139
1.08476 1.91841 -3.09516 -0.401775
-0.118084 -1.08211 1.96035 -0.13799
0.593392 1.15813 -2.16293 0.220514
0.139404 -1.19038 1.84982 -0.129691
-2.10963 -0.083242 0.336075 -1.40071
