-0.195244 1.19896 -1.20356 -0.335541
-1.04029 -0.247392 0.247392 -1.04029
0.395802 -1.99488 1.72244 -0.72253
2.44373 0.117647 -0.875977 3.73547
17.6749 -4.12527 2.36521 18.818
0.703051 -2.41534 1.24226 0.359246
1.24081 0.179925 -0.68442 2.22823
0.317459 -1.89561 1.28192 0.43677
-5.14555 -7.1781 7.18793 -15.5594
-6.06199 0.396479 1.55118 -7.45796
-1.79429 -0.37106 0.969168 -4.88063
-0.741824 -0.934229 1.20653 -1.95003
2.36512 0.246285 -0.136306 1.31998
0.750554 2.24553 -2.04514 0.604314
-4.66712 -3.25755 4.76105 -4.1362
-6.8678 40.5426 -27.4958 3.95612
0.744539 -2.86355 1.78734 0.40026
-1.58321 0.326363 0.234356 -1.82401
1.20781 0.257175 -0.453106 1.05684
1.01141 0.48871 -0.701457 1.69115
5.25081 0.011824 -1.31687 7.21703
0.243511 -1.2728 1.03043 0.242769
2.14292 -6.94839 4.98264 0.975129
-1.53923 -1.11318 1.22734 -2.2702
-6.51472 5.17196 -6.51331 -6.16197
-1.89869 -1.5695 0.257033 -1.33461
0.122203 -1.0607 1.43349 0.312631
0.570336 -2.21268 2.13219 0.137039
0.186177 1.90135 -2.06241 0.138324
-8.01799 1.24471 -4.09915 -7.17819
-0.991889 -0.569006 0.593595 -1.52329
-0.438169 1.15139 -1.0677 -0.303839
0.786451 0.697991 -0.697991 0.786451
-1.15749 -0.640017 0.547799 -1.24957
0.326013 3.29789 -12.8525 -1.79784
0.327741 -1.13589 1.7245 0.062056
-0.414508 1.86189 -1.06638 -0.261187
5.24985 -3.43187 2.72863 5.37049
-0.371347 1.16956 -1.4741 -0.296152
1.42257 -0.242536 -0.289701 2.38853
3.02265 2.88433 -2.85701 3.11177
-2.87228 1.74721 0.616849 -1.78035
1.00856 1.3955 -0.507153 1.35234
-0.088563 -1.94943 2.04542 -0.168077
0.52496 -1.946 2.28779 0.489403
2.26279 1.06843 -2.24646 1.68051
1.59148 0.274124 -0.437071 1.41163
0.241324 -1.48009 1.35737 0.309726
1.2917 -1.46912 1.61856 1.21489
0.322276 -1.06511 1.34577 0.305183
1.01723 0.827389 -0.563703 2.09973
0.666855 1.09043 -0.856394 1.12063
-0.545976 -1.22265 1.99276 -0.037346
-1.13803 -0.033613 -0.666235 -1.85792
-0.109742 1.34796 -1.66078 -0.580538
-0.681444 2.80079 -1.63421 -0.757607
0.580377 1.34001 -0.986913 1.74834
-1.97448 -0.715392 1.05227 -4.03856
-0.438161 1.27825 -1.44966 -0.200622
0.725025 -1.23255 1.41431 0.246244
-0.59128 -3.42404 3.94943 0.088828
-0.590581 2.10114 -1.75321 -0.294905
0.219802 -1.11352 1.15579 0.14907
1.13319 0.13899 -0.280934 1.51738
0.492946 4.68997 -4.92017 0.360165
1.30651 -8.38541 8.05699 1.10295
-0.450793 1.21552 -1.72052 -0.353276
0.257898 -1.28203 1.09863 0.232799
1.26357 0.269342 -0.211448 1.32104
2.18333 -1.38222 1.43301 3.86186
-0.383302 1.71574 -1.46712 -0.093002
-0.531262 1.30529 -1.87976 -0.51638
-1.2654 -0.323843 0.344293 -1.337
-3.53713 -1.51202 2.32043 -6.53486
-0.607138 1.27741 -0.879623 -1.09737
-0.238688 -1.19381 1.1822 -0.260901
0.707484 1.91525 -1.60337 -0.358585
-0.829104 -0.707851 0.763698 -0.905959
0.075791 2.31839 -2.00583 0.280845
1.0363 -3.53225 2.25407 1.19586
-1.23685 -0.438428 0.412104 -1.27269
-1.07957 -0.870175 0.931813 -0.713567
4.6038 -1.85468 -3.07521 9.99299
-0.802757 0.923462 -1.14625 -2.91293
0.87458 -1.89062 2.02929 0.307016
-0.374437 1.09173 -1.17987 -0.249057
8.44424 -0.810553 1.43645 8.73785
0.283194 -1.18378 1.05253 0.526437
-0.37539 -1.15468 2.57056 0.14893
-1.17696 -0.830927 1.64494 -1.1591
0.598741 0.988635 -1.43276 1.22383
3.85818 -4.07011 5.32342 3.87469
-0.736973 1.01076 -5.35687 -1.24799
-0.023002 -1.36229 1.4297 0.204112
-1.06389 -0.092546 0.118372 -1.25926
1.17151 -2.87392 6.54778 1.47435
-0.962251 -0.780362 1.71917 -0.869211
-0.232529 2.68245 -5.12169 -0.666748
4.4704 2.94334 -4.16067 5.36944
2.92065 1.14218 -2.468 3.76972
0.470483 1.01146 -1.3184 0.41261
0.096276 1.41788 -1.12815 0.457722
-1.21744 -0.148257 0.164791 -1.49133
-1.10272 -0.174868 0.193647 -1.07853
-0.923655 -0.504522 0.98168 -2.17214
-2.84236 0.028747 -0.186516 -2.77417
-0.054983 -9.93378 10.2882 -3.81457
14.5213 2.85857 0.515169 13.2536
-0.245586 1.13621 -1.74272 -0.218432
0.761686 0.806927 -1.11493 1.13942
0.814317 -0.676656 1.45798 2.16122
-0.376125 2.45677 -1.65503 1.69111
0.185445 -3.12418 11.7421 1.91621
0.190332 -1.1005 1.19752 0.077171
0.081197 -1.10628 2.36458 -0.121625
-2.36756 8.32178 -7.81067 -0.906807
-0.73886 -12.1598 13.7635 -4.32138
-0.728667 2.32621 -1.7507 -0.329628
1.07378 1.18324 -0.730574 1.4724
-0.324464 -1.4274 3.60368 0.357341
1.19501 -0.40263 -0.106684 1.91886
-1.02209 -0.339861 0.398458 -1.65682
-1.39736 0.645975 0.189562 -2.27522
6.08891 -3.18443 5.02724 4.9422
3.17267 0.7212 0.825594 2.74452
0.340288 -2.06645 3.08115 0.29613
1.09156 -0.449664 0.10919 1.63045
-1.09858 0.080429 0.502928 -2.61144
-1.06234 -0.088655 0.034374 -1.16977
1.21414 0.257178 -0.840631 1.33542
1.03867 0.380367 -0.47105 1.83528
0.576626 -2.11296 1.68836 0.260533
-0.434432 1.19835 -1.21091 -0.181296
1.30706 -0.601862 1.29956 1.75266
-1.06305 -0.303688 0.482526 -1.81694
-1.12364 -0.186736 0.145674 -1.07972
1.11212 1.18897 -3.81235 -0.035513
2.1009 0.079856 0.532112 2.54215
1.32838 -0.077301 -0.014141 1.87605
-0.611754 2.09505 -1.50693 -0.11115
-10.7571 6.97727 -4.04462 -10.0705
-0.688097 0.917181 -1.66651 -0.544803
0.61877 -0.996799 1.34217 0.807491
0.370949 -1.0844 2.24902 0.564908
-0.047383 -1.23067 3.13467 -0.776686
-2.11783 -0.080909 0.305912 -2.00066
-0.303713 1.36242 -1.39804 -0.284561
1.18905 0.221075 -0.344161 1.09774
-2.67124 -2.03059 0.270878 -3.1866
0.337751 -1.15725 0.982247 0.458103
1.14789 0.753033 -0.510334 1.72625
-0.255399 -1.21794 2.57576 -1.97976
0.247294 -1.47863 4.10678 0.629868
0.110628 -1.38646 5.58171 0.910507
0.395482 -1.46312 1.08406 0.98477
0.809085 -1.55289 0.996473 2.05976
0.106689 -1.43083 2.20997 0.004089
1.1484 -0.272778 0.011288 1.25523
0.599146 -2.21149 2.40231 0.1
-0.591219 2.15027 -1.41484 -0.306096
0.259798 -1.09939 2.71933 0.063627
-1.04561 -0.259767 0.398705 -1.8622
-0.122427 -1.64519 1.07713 -0.370529
0.187892 -1.48466 2.91653 0.48915
1.23969 -0.156096 -0.169819 1.88134
0.615235 -3.92606 2.58305 -0.183865
0.592697 -2.32945 1.73116 0.336455
-1.27677 0.948509 -0.526711 -1.96046
-1.05132 -0.154641 0.345967 -1.86063
1.39101 0.301081 0.327976 1.54494
-4.2363 -3.48585 6.07409 -3.72877
-0.147141 1.73833 -1.38628 0.173399
0.518805 1.04057 -1.04057 0.518805
1.16605 -0.57651 0.127405 1.46046
-0.195253 2.45542 -1.87046 -0.040821
-0.145495 -1.15349 4.81741 0.764316
5.22868 5.32891 -8.11788 7.8737
1.10317 0.060722 -0.339754 1.8424
-0.927221 0.795947 -1.44624 -0.916445
-1.09493 0.166586 -0.285293 -2.70421
0.267462 -3.31066 1.95247 1.26405
1.30667 -0.51541 0.307993 1.81412
8.69852 3.40888 -4.34306 8.13736
0.406439 -1.68632 1.02724 0.251201
0.354464 -1.47757 1.21401 0.068093
0.717233 -2.25713 1.71881 0.275707
0.304812 -1.0928 1.50511 0.386931
0.447877 1.08699 -1.40863 0.494875
1.23555 0.310352 -0.707972 2.40134
0.585832 -1.16511 1.01495 0.755098
-0.952138 2.89586 -1.7805 -0.422536
0.042614 -1.49787 1.77097 -0.280213
0.405992 1.18376 -1.13545 0.125119
0.946991 1.35035 -0.966436 1.72229
0.04067 -1.07944 1.20474 0.059824
-1.76938 0.341886 0.436058 -1.31444
0.249801 -1.87558 1.78652 0.327242
-7.39011 15.4857 -19.5105 -4.37209
0.237281 -2.03822 1.43407 0.496038
-1.52454 -0.319835 0.428986 -1.54394
0.720719 -2.49359 2.24577 0.026446
-0.16939 1.04175 -3.25347 -0.49856
1.35914 -0.131176 -0.755229 3.01243
-0.771038 1.23058 -0.844855 -0.95094
-1.56937 7.16946 -6.60478 0.65346
-1.32046 -0.356178 0.664683 -3.19345
1.46539 -0.069177 -0.442132 1.89315
-1.3874 0.086701 -0.165889 -1.08794
0.742807 -1.37476 1.65129 0.413585
0.218947 -1.06478 2.43321 0.275669
2.32451 0.77167 -1.62514 2.68189
0.547888 2.24563 -1.66941 1.00603
-1.13488 -0.522161 0.118805 -1.55082
-2.49801 -0.270449 1.0223 -2.23041
0.934033 -2.08979 1.43774 0.52514
0.913453 0.718611 -0.841823 1.2215
0.082832 -2.15015 2.41954 0.429894
-1.15638 -1.52443 0.138844 -2.54693
-0.472893 1.01574 -1.88536 -0.334465
1.25653 0.003829 -0.551017 1.91566
16.0051 1.17504 -2.67533 16.0838
0.742969 -2.26842 1.63689 0.342161
5.70993 -1.44523 1.92668 6.47699
-0.866839 -0.907987 0.80207 -1.72948
-1.10082 0.871997 -0.689159 -1.67561
1.53067 -0.108187 1.40541 2.90727
-0.98614 -0.407558 0.562933 -1.65223
-0.671611 -1.94508 1.80215 -0.985341
-1.10898 -0.028318 0.320304 -1.84319
-0.276225 2.08077 -1.36674 -0.495374
-0.287387 1.27023 -1.00858 -0.307898
1.28462 -0.30616 0.107669 1.51679
-1.09042 -0.436725 0.47631 -1.00849
1.05068 1.3424 -0.966973 1.60034
0.095978 1.69319 -1.11421 0.644351
-1.04986 -0.617261 0.383477 -1.53435
-1.06292 0.476608 -0.283233 -1.45979
-39.9331 81.4025 -107.061 -37.4123
-0.377916 1.65842 -1.35358 -0.282831
1.94005 -0.121266 -0.680228 1.61682
-2.33165 10.472 -9.33754 -1.02772
7.21605 -3.46467 5.29634 6.43723
0.057349 -1.33353 1.48879 0.003054
-0.304035 1.58909 -1.04708 -0.206534
1.32506 -0.271018 0.268759 1.71039
7.64289 -62.3013 73.13 1.23712
-1.82795 -1.91359 2.43067 -0.780241
-1.1784 0.279567 -0.189978 -2.17213
-2.19508 0.684837 1.77835 -8.36225
-1.11622 -0.202983 0.585871 -2.36682
0.34031 -1.56817 1.06129 0.215303
-1.04124 -0.25459 0.245514 -1.85103
-0.456894 1.84028 -1.04498 -0.355396
-0.491454 1.66759 -1.18939 0.073935
2.4201 0.413635 -0.064547 2.15333
-1.05952 2.04671 -2.06992 -0.952366
1.20461 -11.3355 11.921 2.32216
-0.50959 0.926419 -1.30494 -0.595892
-1.14193 -0.805724 0.921647 -1.09898
0.202693 -1.21549 1.61946 0.249599
0.133559 -1.0296 1.82774 0.292543
-1.03145 2.70562 -2.90989 -0.452836
-0.061893 2.18454 -4.20745 -0.523754
0.034312 -1.12446 1.73061 -0.177202
-0.97164 -0.573505 0.924662 -1.30898
0.826039 -1.96059 2.17642 0.640192
0.135381 -2.61251 2.00869 1.08337
-1.10166 -0.950765 0.94551 -2.20453
1.41699 -4.78645 7.02257 1.28419
-0.334748 2.15798 -1.29418 -0.606657
-1.1473 -0.196451 0.218235 -1.68148
0.461223 -1.31908 1.20907 0.281307
-8.42231 -4.89573 4.60195 -11.0093
0.909681 0.862272 -0.530511 1.11794
-0.287129 -1.07581 1.68974 -0.126621
0.512619 -1.83786 2.39928 -0.174389
-17.0962 -4.28513 5.77554 -14.7335
0.928785 0.98392 -1.54535 0.412229
0.059915 1.27971 -2.61374 -0.195644
1.43492 -0.450533 -0.329252 2.32011
-0.264198 1.54218 -1.68423 -0.280483
1.09327 0.258703 -0.200639 1.10107
-0.313032 2.05422 -1.63634 -0.342477
-0.813197 1.08792 -1.15386 -0.735004
-0.178683 1.78414 -1.59736 0.487654
-1.60669 -0.257769 0.681962 -3.37879
-0.370641 1.1975 -1.24451 -0.289352
2.91936 -8.81008 9.42403 1.7747
-0.635067 -1.0517 2.75735 -0.124555
0.682314 -1.17716 0.791031 1.15822
1.27234 0.167513 -0.167701 1.36809
-1.52777 -0.423721 0.864437 -1.05572
-2.31268 -0.437651 0.962072 -4.85693
-1.09316 -0.335316 0.507759 -1.11989
-0.271359 1.19163 -1.02174 -0.170661
-1.07666 0.027268 0.189541 -1.80523
-1.38306 -0.197524 0.441908 -1.62962
-0.110659 -1.39199 4.06628 0.617382
-1.28125 -0.501108 0.665955 -1.43888
0.123048 -1.31431 1.52308 0.269703
1.5216 -9.22274 9.5354 -2.30943
-7.50027 -1.41399 4.65232 -15.1788
1.28694 0.361937 -0.514573 1.32281
0.555016 -2.32491 1.36213 0.053106
0.097988 -1.05568 1.89111 0.293082
0.812344 -3.8341 1.27638 0.865408
0.954758 0.461577 -0.550871 1.28306
1.10049 0.238388 -0.38133 1.4005
1.74296 -1.22481 0.341659 2.23744
0.475089 -1.17428 0.954775 0.544639
1.6216 0.026698 -0.439575 1.66608
-1.65446 -1.15916 2.22104 -0.341757
-0.482744 1.81579 -1.33164 0.097339
-2.14258 -0.515525 0.503709 -1.63234
-14.1138 -0.586047 2.1772 -12.4349
-0.914821 -1.15426 1.22171 -2.07058
-2.20588 -1.22788 1.55787 -3.9567
-1.09416 1.29399 -0.722511 -1.532
-0.492437 1.77474 -1.66071 -0.323033
-1.51028 0.315128 -0.374335 -1.67418
-0.238011 -2.41248 1.77434 -1.11312
2.55838 0.622938 0.664538 3.3557
1.01956 -0.331622 0.441299 1.14504
3.14471 3.64489 -6.94798 1.49629
-9.16001 -1.72818 2.95304 -10.3794
1.19531 0.412504 -0.497698 1.94634
-0.412081 1.25055 -1.2586 -0.124429
1.06139 0.077477 -0.352303 1.80999
-3.80296 9.32263 -21.4891 -3.94958
-0.456133 1.34042 -1.13784 -0.187189
-2.20056 1.4184 1.84005 -8.08167
-1.55782 -1.48025 -0.291046 -2.43531
-0.680397 1.04613 -0.900418 -1.20426
2.71462 0.767167 -0.60066 3.09929
-1.08963 0.035805 0.066638 -1.40016
0.3607 -1.04254 1.0446 0.410916
1.40967 -0.339749 -0.409476 1.50405
0.320766 -0.990767 1.23238 0.33438
-0.753918 1.57993 -2.0629 -0.614566
0.110466 -1.97563 1.33961 -0.234514
1.57345 0.062113 -0.33692 2.1504
0.50463 -1.78505 2.14978 0.245755
0.490238 -1.10026 1.15678 0.606243
-0.712945 -0.817525 1.01059 -0.643236
1.43101 0.868784 -1.11976 3.75842
-1.09731 -0.582823 0.742019 -1.27851
1.55257 0.732208 -1.12027 3.88355
-1.3821 6.76906 -4.64412 -0.058748
0.022018 -2.19424 7.92188 1.00972
-1.17391 -0.93922 1.88099 -1.01089
1.09385 0.296174 -0.182206 1.18357
-0.355322 1.32477 -1.51269 -0.292669
1.40541 0.062328 -0.4268 2.48939
-0.210386 -2.45727 2.77019 -0.252722
-0.437001 1.49409 -1.35286 -0.24112
1.08413 0.029156 -0.200014 1.45206
-1.16981 -0.206984 0.426364 -1.71275
1.11226 0.932974 -1.08501 1.53483
1.0417 0.188057 -0.367797 1.69453
0.506194 -2.09211 4.31201 0.120463
-1.47642 -0.314773 0.196488 -1.46219
-0.672503 3.46433 -13.6509 -2.03177
-0.0519 -1.45718 1.42821 0.595067
-0.567836 1.50995 -2.13122 -0.788498
0.019461 1.67784 -1.81857 -0.12476
-0.537934 1.31091 -1.91196 -0.340223
-0.411504 1.3334 -1.80046 -0.429978
0.498555 -1.1654 1.44563 0.566448
1.28048 0.122969 -0.398143 1.184
0.345307 -1.34195 1.70125 0.346794
-1.25141 -0.195083 0.408337 -2.56396
0.814293 0.968183 -0.739558 1.19195
1.60905 0.081812 -0.112534 1.04455
20.1526 1.10648 -1.30588 19.3105
1.12373 0.118914 -0.189668 1.10615
-1.0586 0.303123 -0.182446 -1.41781
-0.930709 0.740651 -0.516446 -1.45523
1.03884 0.223967 -0.539123 2.29085
-1.09457 -2.74601 3.8541 0.065858
0.638112 -1.95377 1.84948 0.2879
0.680598 1.11286 -1.42789 1.09533
-0.837845 -1.41628 1.79604 -2.2804
-0.207627 -1.56094 1.46804 -0.412038
-0.512256 1.36862 -1.79312 -0.540511
-1.30977 4.80669 -7.11213 -1.35311
0.30128 -1.24133 1.24674 0.154075
-1.94166 5.19584 -5.27389 -2.09608
1.61632 1.21192 -1.74694 2.11182
-0.862916 -1.42049 1.0469 -1.83588
0.172971 -1.18824 2.15144 0.469104
0.471551 -7.17021 7.01875 -2.18149
0.819021 -2.8369 1.90243 0.529984
1.35793 -2.22857 1.76767 0.229885
-0.048673 1.35057 -1.3344 -0.282478
0.062967 1.13201 -2.49538 -0.166216
1.09839 0.618383 -0.643361 2.02304
1.90544 0.210857 -0.783802 2.33179
-1.4381 -0.55463 0.538646 -1.01799
-1.02398 -0.452244 0.215716 -1.84158
-0.304339 1.21851 -2.18285 -0.653039
0.294551 -1.99349 1.27768 0.217762
-0.77353 1.2664 -1.18614 -0.501037
2.04516 -0.027774 -2.07633 5.91682
0.516355 -2.77703 1.63484 0.294234
0.093459 -2.18152 2.41795 0.180514
-0.017955 -1.15065 1.11003 -0.180549
-1.25401 -0.094275 -0.088467 -1.12181
0.317838 1.22961 -1.12578 0.791826
-1.45008 2.23733 -3.51442 -0.627018
-1.15243 -0.290657 0.507128 -2.06995
0.850544 -3.99804 3.30363 1.21568
-1.22002 -0.279517 0.252575 -1.69225
-0.422948 1.24308 -2.44032 -0.584194
-1.81543 -1.26917 0.232219 -1.30531
0.72764 1.53622 -1.57034 -0.195235
7.27594 -65.8591 80.4429 3.63958
0.208921 1.15116 -1.22574 0.001516
1.08891 1.50305 -0.962876 1.4633
-0.206441 1.16581 -1.04605 -0.119323
0.177272 -1.31068 1.53617 0.192384
-0.560825 -1.01263 1.68811 -0.607943
-0.8069 0.705659 -0.904526 -0.818893
0.262403 -2.2521 1.62994 0.323552
0.594952 -1.34592 1.39676 0.630408
-1.27223 -0.740503 0.852268 -1.52239
-2.18266 -0.367663 0.347686 -1.97642
-0.417523 -1.0771 1.06987 -0.6999
1.17255 1.04172 -0.2132 2.33656
-0.323066 1.06472 -1.06355 -0.381639
-1.00701 -0.323828 0.44866 -1.47138
-0.51465 1.34235 -1.5268 -0.369782
-1.31602 -1.43286 1.15432 -1.19749
4.1863 -0.679505 1.46972 4.65906
1.05876 0.131312 -0.147248 1.32066
-3.35071 2.50319 -2.83387 -4.14441
0.117916 -1.12243 1.0695 0.137669
-2.29356 -0.649975 1.21603 -3.68036
0.148638 -1.10755 1.81447 0.168944
-3.45346 0.416655 -0.164433 -5.23249
0.015152 -1.43815 1.89869 0.26317
-0.725138 3.98093 -14.1222 -2.41279
-0.041751 1.70207 -3.30356 -0.616515
0.888945 -3.43112 4.09815 0.998256
0.634649 0.949057 -2.57907 1.20719
-1.21566 0.176832 -0.420488 -1.2489
-0.808868 2.09593 -2.08253 -0.702347
1.32996 0.098149 -0.442115 1.71188
1.06963 0.432128 -0.372518 1.51423
-0.095114 3.13882 -11.7431 -1.89212
0.411095 -1.36509 1.40383 0.075688
-0.849346 3.13114 -2.73114 -0.465033
4.04921 -2.9464 6.8509 3.15573
0.361575 -1.22288 1.02458 0.290961
-1.31095 -0.010116 0.250427 -1.76347
-0.384594 1.42809 -1.77638 -0.352799
0.561242 2.4897 -3.53762 -0.039884
0.503969 -1.02507 1.68916 0.295641
0.859342 0.645775 -0.70118 1.0964
1.67052 -0.864401 0.057721 2.22361
-0.984203 -0.503482 0.674309 -1.42434
1.38185 3.89919 -17.2307 -2.54341
-1.08188 -0.075506 0.19261 -1.39972
0.465977 1.05034 -1.45238 0.569639
-0.032858 1.30214 -1.74334 0.091872
-1.00096 -0.50081 0.608422 -1.74168
-0.786727 3.95369 -3.47468 1.1286
-0.351759 -1.03997 1.75479 -0.386142
1.5067 -0.610777 -0.054223 2.14889
0.525482 -1.6089 0.984001 0.400492
1.70344 -3.10712 1.82198 2.10781
-1.03708 0.380457 -0.353184 -1.01137
-1.07549 -0.324124 0.187051 -1.41212
1.65863 -0.406328 -0.194474 1.79887
1.48466 0.052406 -0.268351 1.58
1.2731 -0.131808 -0.214529 1.7467
1.27097 -0.183176 -0.151114 1.764
-0.018671 1.06434 -1.28276 0.0358
-1.19346 0.151715 -0.87725 -4.54134
-0.675106 2.50618 -1.84928 -0.334756
1.1523 0.235628 -0.394895 1.1063
0.201854 -1.86959 2.03635 0.205654
1.08396 0.121633 -0.282108 1.17856
0.330769 1.09019 -3.2281 1.66264
-1.31838 -0.251719 0.219389 -1.30575
-0.140496 -1.46441 1.40689 0.010864
-0.80454 2.60753 -1.74056 -0.406785
1.12504 0.775816 -1.02453 3.645
-15.258 0.84595 0.89354 -13.7312
2.34753 -1.41609 2.7204 1.98894
0.05421 1.08944 -1.34772 0.078504
1.44511 0.142456 -0.705197 1.66645
-0.665085 1.07393 -1.14952 -1.10798
1.826 0.593875 -0.58033 2.32874
1.02448 0.521482 -0.594405 2.30378
-0.639996 -1.22646 1.00067 -0.642796
-1.02654 -0.147197 0.344404 -1.52582
-1.04713 -0.130718 0.372772 -1.6769
1.59268 1.14216 -1.0452 1.59393
1.09038 0.181064 -0.34366 1.1352
0.653083 -0.936515 1.14383 0.828735
3.05147 0.748741 -1.53233 2.47944
1.06998 -0.205284 -0.089895 1.97423
-1.32388 -0.51661 0.531703 -1.9539
1.13014 0.261769 -0.398094 1.04904
-2.15521 -0.198634 0.315875 -2.62172
0.659135 -1.46234 0.964091 0.852943
0.754417 0.935838 -0.975863 1.44176
1.28455 -0.211022 -0.62771 2.22945
1.78542 -17.3877 17.3877 1.78542
1.03222 0.453258 -0.516573 1.89629
1.1928 1.3523 -1.39451 1.85086
-0.098387 -1.125 1.67546 0.016972
0.243087 1.07286 -1.81801 0.537451
-1.24556 -0.817818 0.790722 -1.93546
0.412635 -1.48995 2.36735 0.056201
-0.876102 0.749264 -1.39274 -0.882475
-1.79242 -0.443488 0.78422 -1.92443
-1.97281 -0.95696 1.56862 -0.945414
0.094596 1.32354 -1.10518 -0.181776
-1.0107 0.478213 -0.338958 -1.5182
1.16056 0.159882 -0.126199 1.05171
1.13907 -5.23032 3.7011 0.662797
-2.42628 0.516174 0.945434 -4.83094
0.660555 -2.11077 1.62395 0.437557
0.686898 -1.10968 2.87732 0.076968
-0.9037 2.88113 -1.83286 -0.43385
0.174679 -1.09378 1.30006 0.035274
-1.10427 -0.807355 1.88328 -1.01593
-0.136481 -1.84568 1.66267 -0.058232
0.035751 -1.42032 1.44874 0.237281
-0.423003 0.99027 -1.03757 -0.399677
0.446631 -2.63233 2.24213 -0.323095
-0.944115 0.725342 -0.700859 -0.868226
-0.407639 1.78797 -1.48186 0.631687
-0.991925 0.574892 -0.95107 -1.26921
3.5412 0.793129 -0.53815 2.36033
-1.05297 2.08687 -2.55947 -0.156661
-0.004265 -1.45602 1.64336 -1.17181
-1.74554 -0.513765 0.382049 -1.74642
-0.437115 1.96576 -1.33533 -0.492625
1.01351 0.394107 -0.776658 3.14709
-0.418114 1.85934 -1.46191 -0.361422
0.479816 -2.23939 1.57249 0.103219
1.6308 0.068242 -0.471202 1.64975
-0.866043 1.85491 -2.22368 -0.905867
-0.453204 1.53857 -1.165 -0.16812
-1.13498 -0.219054 1.3579 -5.46867
0.740469 0.846535 -1.03437 0.686798
7.33728 1.9307 -4.90534 15.1217
-1.08799 0.01473 0.319955 -1.46555
-0.631083 2.87504 -3.06037 -0.522684
0.327771 -1.70412 1.75535 0.168345
-0.064402 1.19301 -1.51403 -0.088166
0.241501 -1.77447 1.12199 0.315354
-1.10856 1.08373 -0.717765 -1.61544
0.867168 -0.664789 0.817745 0.958359
-1.18486 -0.046781 1.17101 -4.59381
-1.13469 -0.858761 0.934346 -1.93158
1.3999 -0.426949 -0.068478 2.13399
-1.03314 -0.93605 1.5023 -0.738078
0.353458 -4.23059 5.35063 0.832929
-0.19604 1.03032 -1.36984 -0.244864
1.01023 0.371313 -0.484466 1.7753
-2.73196 0.176218 0.154048 -3.17149
-1.06122 0.103408 -0.450977 -1.75571
1.33788 -1.50849 1.71446 1.15087
1.0672 0.073991 -0.254926 1.27151
-2.22119 -1.27636 1.10386 -3.3056
-1.25593 1.73609 -1.45257 -0.76404
-0.182214 2.24956 -4.03678 -0.761406
-1.18106 -0.596346 0.355795 -1.77817
-8.74913 -2.43403 4.62042 -14.6421
0.307691 -1.10713 2.60026 0.441059
-0.962981 -0.398277 0.50485 -1.28753
2.48796 -0.552665 0.360393 2.59174
0.427648 -1.04956 1.04768 0.485759
0.822175 -0.972212 5.24926 0.770759
-1.75803 -0.261635 0.722636 -1.28981
-0.348212 2.12525 -2.18739 -0.543203
1.00206 -2.08091 2.52485 1.79652
1.08614 0.178142 -0.284098 1.0795
-1.46741 0.125843 0.504266 -2.37018
-0.729539 1.42066 -1.2277 -0.358606
-0.349136 2.18879 -2.11432 -0.183437
-0.101378 1.41894 -1.18289 0.236602
-0.094339 -1.98362 1.60038 -0.317424
-1.36245 -0.250474 1.10928 -4.33418
-0.103539 -1.33529 1.39156 0.178363
1.11619 0.147753 -0.230723 1.23218
1.35501 0.031752 0.011545 2.08553
-0.749661 1.93318 -2.02016 -0.641402
1.33715 -3.356 3.44983 0.713709
-0.481023 1.19322 -1.01889 -0.876196
-0.042713 1.07505 -2.14559 -0.371692
0.248303 -1.80082 1.70085 0.25115
0.785637 -2.90285 1.88648 0.250248
1.06286 1.03853 -1.08814 0.578878
0.373668 -1.52345 1.43925 0.084803
-1.19424 -0.20373 0.399398 -2.50786
0.397243 -1.18577 1.43256 -0.044275
0.356372 -1.26714 1.06126 0.607322
1.05737 0.156384 -0.206484 1.36613
-1.07113 0.031733 -0.005373 -1.60673
0.075415 1.35934 -4.92115 -0.593642
0.529596 -1.75972 1.34468 0.15932
1.4328 -12.8481 9.9002 0.652185
-0.280439 1.20401 -1.23754 0.024985
-0.768848 -1.01843 1.27482 -2.7842
0.386003 -1.29321 2.63897 0.233817
-1.2568 1.81964 -2.26959 -1.23469
-0.665282 2.51526 -2.22144 -0.826508
-1.36556 0.211499 0.175386 -1.96274
1.3123 0.829022 0.308702 2.30484
1.09346 0.292488 -0.604088 1.48355
-0.408626 0.981861 -2.14859 -0.983994
-0.45222 1.46672 -1.36009 -0.298815
-0.32371 1.43583 -1.29908 0.092702
-1.11323 0.252417 -0.342414 -1.02693
-0.386329 1.29762 -1.52465 -0.209312
2.99279 0.672783 -0.972578 3.06327
-1.02822 0.232136 -0.402858 -1.36795
0.255905 -2.57611 1.77831 0.292462
0.382663 1.19084 -1.06507 0.392196
1.14076 0.176274 -0.414867 1.76018
-1.05356 0.440211 -0.660386 -1.06367
-0.139497 1.43112 -1.05917 -0.30596
0.955475 0.921521 -0.617553 1.56911
0.384024 1.3334 -1.04356 0.661146
-0.247138 -1.68805 2.1824 -0.156033
-1.19287 -0.020302 0.039064 -1.21856
1.25202 -0.089266 0.051232 1.72773
1.01852 -4.54323 4.19406 0.863594
-0.292794 1.25434 -1.2066 -0.569276
0.734124 -2.42382 1.87295 0.230133
-6.16678 -0.584933 1.16877 -8.28335
-0.156191 4.02053 -1.64647 1.13348
0.845497 -0.657666 0.787685 0.88586
0.066904 -1.70837 1.75714 0.252246
0.592111 0.954394 -1.13264 1.20927
1.07763 0.384023 -0.842365 1.42106
0.289686 -4.43274 8.0004 0.741774
-1.45137 -0.070621 -0.130701 -1.43109
-0.727003 -0.952302 0.932272 -1.29946
-0.156492 1.03626 -1.49813 -0.200719
-1.20349 -0.267426 0.238464 -1.26044
-1.07142 0.378296 -0.228129 -1.26609
-0.14901 1.285 -1.15192 -0.096619
-1.23321 -0.942037 0.492876 -1.22209
-3.61759 -0.449101 1.16916 -2.27972
-0.376258 2.29367 -1.34868 -0.011627
5.31132 -0.055911 -3.59299 10.4379
-0.725525 2.58543 -1.71133 -0.405111
-0.404816 2.16113 -2.54429 -0.596228
0.387102 -1.72486 1.70362 0.225468
-1.00193 -0.466881 0.257511 -1.60547
0.641955 -1.79209 1.07404 0.593503
-0.38886 -1.04446 1.10966 -0.434776
-0.221047 2.02652 -7.81746 -1.40147
-1.1909 -0.093008 0.281004 -1.12452
0.881472 0.876904 -0.70966 2.96424
4.72131 1.00727 -0.94714 5.65813
0.784802 1.0502 -0.751727 1.0864
1.70537 0.679211 -0.771356 2.45968
0.197008 -2.75289 2.84166 0.344186
-0.790221 1.21205 -1.26959 -2.38775
-0.282019 1.3683 -1.09842 -0.217188
-1.04936 0.326465 -0.326465 -1.04936
-0.098435 -6.04465 9.40606 0.584866
-0.322426 1.5603 -1.03881 -0.251076
-9.04906 -3.69926 5.6732 -17.9064
0.644535 -4.326 5.5881 0.693539
-1.06663 -0.578576 0.623338 -0.894641
1.3198 -0.558355 -0.914304 3.63761
1.64513 -4.68823 6.7238 1.00183
-0.206245 1.61476 -1.09851 -0.357473
0.806717 -2.316 2.16148 0.141526
-1.11206 -0.241134 0.213019 -1.04856
1.30208 3.73525 -2.76618 0.479554
1.17862 0.170484 -0.40137 1.71677
1.18232 -0.058701 -0.062756 1.84361
-1.6423 -0.65325 0.121085 -1.40189
-0.66372 -0.806274 0.854256 -0.668275
1.06005 0.410715 -0.476051 1.91868
-1.49356 -0.255957 0.409813 -1.79258
1.07784 0.205632 -0.272282 1.11947
-2.24113 0.641175 -0.471815 -3.19629
-1.05082 -0.24647 0.498195 -1.7055
1.28586 1.41909 -1.75475 2.28305
1.96012 -7.72176 10.8155 1.87533
5.32385 -0.554907 1.5982 3.59725
1.3396 0.323907 0.21294 1.43803
-1.14674 -0.677221 0.589758 -1.07429
1.61506 -0.138867 -0.30745 2.23746
0.719434 2.47226 -2.57532 -0.228099
0.105441 -1.21338 1.99246 0.487817
0.031962 1.41624 -1.37862 -0.033361
-1.19421 -0.177148 0.454331 -2.08882
-0.29688 1.7704 -2.23444 -0.440091
0.523391 -1.00371 5.21059 0.779281
-0.303839 1.49428 -1.21203 -0.27383
6.90785 -3.10746 4.7894 6.84679
1.77759 0.56163 -1.73207 1.49194
-0.439691 2.13066 -1.55019 -0.547219
-9.11857 6.8065 -7.00494 -9.53267
-0.442737 4.01251 -2.03365 -1.0691
0.411222 -2.8567 2.21302 0.0066
0.433475 -1.17044 1.59883 0.925165
-0.979996 -0.422983 0.457875 -1.46423
1.30035 0.139952 -0.169902 1.36852
0.182924 -1.33019 1.18892 0.20705
0.712606 -2.97385 8.98331 1.1763
-0.984055 -0.394421 0.424849 -1.55121
-0.273713 1.17287 -1.14798 -0.295067
1.16751 -0.136785 0.218735 1.37793
1.14902 0.579793 -0.106439 1.66563
-1.02132 0.261278 -0.148907 -1.36956
0.124695 1.43593 -2.57519 -0.422322
0.856389 0.921429 -0.758862 1.72047
0.081227 1.15255 -2.04328 -0.556018
0.296956 -1.37433 1.50998 0.265632
-0.421604 2.46692 -5.44872 -0.949771
0.799611 -1.89336 2.26274 0.73273
1.91776 0.345817 -0.511924 2.0068
1.73481 1.08915 -0.510359 1.42992
-1.37099 -0.582718 0.570685 -1.97927
-0.553874 1.2912 -1.2145 -0.233671
0.624158 -1.51179 0.939085 1.01655
-1.31596 -0.292783 0.924581 -4.26822
4.07024 -0.629666 -0.873417 6.67912
-0.543236 1.23547 -1.94131 -0.710135
0.776336 -1.16446 0.806565 0.883088
0.349158 -1.12059 1.17308 0.59741
2.44638 0.342199 -0.611807 1.75316
0.742674 1.25322 -1.16326 1.46706
-2.7421 -0.966345 2.34834 -8.37021
1.39608 -3.10097 2.05015 1.71467
1.37334 0.076678 -0.547147 3.21234
1.01205 0.472162 -0.533607 1.81986
1.44902 -0.202666 -0.171513 1.43044
-0.254034 -2.22219 2.0157 -0.876969
2.01732 -1.70833 0.99847 2.28963
3.40443 0.313293 1.02285 2.22412
4.93331 2.78619 -4.88273 4.10988
1.12347 -8.68327 10.2497 -3.13729
1.44748 -3.99545 4.13701 1.49845
0.131341 -1.45079 1.34754 0.06287
-0.247819 1.37992 -1.62046 -0.296462
-0.777731 -1.06751 0.731643 -1.14841
-5.90546 2.73841 -1.41907 -7.70704
-1.11582 -0.246084 0.218139 -1.12986
-1.24967 -2.43386 2.39604 -1.50397
-0.202609 1.90283 -2.03215 -0.351919
1.77957 0.76888 -0.935002 2.2675
-0.561331 -1.02445 0.890965 -0.769935
1.97611 -13.0039 11.1694 2.28395
0.999537 -8.74854 35.9563 4.21236
0.416515 -1.79191 1.55553 1.95476
-1.06162 0.324466 -0.437518 -1.19476
0.185298 -1.05371 1.26983 0.216805
-1.06292 0.476608 -0.283233 -1.45979
-0.234129 1.28174 -1.4009 -0.293053
-1.0831 -0.039871 0.18085 -1.30367
-1.30859 0.786958 -0.501156 -1.60169
1.06817 -0.064405 0.078988 1.15346
1.05566 -5.71842 5.71842 1.05566
-2.82007 3.3223 -3.9544 -2.43232
0.274226 -1.15591 1.05596 0.194044
1.21256 -0.486996 0.099705 1.71443
-0.278071 1.44793 -1.04179 -0.212315
-1.14623 0.110505 0.267189 -1.65875
8.06074 1.51906 -1.91156 7.97898
-0.376783 1.05226 -1.18522 -0.260339
-0.988903 0.822351 -1.27427 -0.649248
5.80219 1.48977 -1.70384 7.58796
1.67861 -0.268302 -0.180126 1.87754
0.773406 1.16441 -0.775779 1.45976
-0.373005 -1.18276 1.02303 -0.621875
1.46537 0.427186 -0.783254 3.26041
1.05445 0.188577 -0.161181 1.34573
-3.90613 2.95799 -1.79274 -4.31962
0.16028 -1.23444 1.1016 -0.016119
-1.06306 -0.117666 0.261681 -1.7369
-1.37511 -0.148793 0.524332 -1.63568
1.09937 0.193462 -0.221403 1.11054
1.8567 1.13588 -3.25843 0.182082
0.307068 -1.5511 1.41488 0.249669
0.450815 -1.36307 0.996255 0.390061
-7.07896 2.02331 4.14088 -13.5821
-0.415682 -1.03678 3.092 -0.742288
0.586367 -1.25533 0.870448 0.974666
1.38948 -0.354236 -0.10255 2.09391
-1.21391 -0.264709 -0.008015 -1.26072
0.267779 -1.02509 1.82688 0.426002
-3.05512 -0.450168 0.754264 -3.1038
-1.19836 -0.356951 0.229843 -2.55652
1.97804 0.108242 0.01921 1.21138
0.025474 -1.4155 1.2097 0.251547
1.27722 0.367341 -1.04384 1.29501
-1.58349 0.1271 0.664935 -3.60021
0.116344 1.29004 -1.25711 -0.305434
-0.360267 1.1408 -1.1408 -0.360267
0.738286 -3.40011 1.64871 0.063281
-0.740208 -1.28082 0.835948 -1.30817
-0.631714 1.29656 -1.45156 -0.316628
0.633992 1.88844 -1.68766 0.621321
-0.676985 -9.93375 21.8125 1.95733
-1.36057 -0.48886 0.518769 -1.15052
0.450179 -1.36169 2.27211 -0.096069
-2.01439 -1.4256 0.38929 -1.72252
6.80225 -5.15557 7.65911 5.23708
-0.729812 0.951067 -1.06153 -0.580098
0.897608 0.660085 -0.867962 1.30852
-0.463309 1.65777 -1.352 -0.230355
0.62271 -2.91272 2.01778 1.03933
-0.497992 1.21577 -1.02112 -0.656423
-0.286074 2.20707 -1.69775 -0.291236
0.55252 -3.58419 2.86966 0.088184
-0.236874 1.31811 -1.09211 -0.192388
-0.780213 1.20971 -1.41092 -0.158169
0.240108 -1.86645 1.51169 -0.324302
-1.07174 -0.02994 -0.066084 -1.33942
-0.683066 1.46841 -1.14314 -0.241682
-1.08783 -0.180628 0.761972 -3.48791
-0.739563 1.27965 -0.794452 -0.898528
2.19519 0.964053 -0.935907 1.82535
0.433053 -0.978328 1.04619 0.447776
-0.181539 1.18707 -1.13505 -0.075521
0.726864 -0.82047 1.47277 1.31117
0.92213 0.639287 -0.610232 1.58109
-1.99569 -0.326273 0.61271 -3.64031
3.10649 1.34913 -1.47493 4.05886
1.04812 -4.10502 5.99338 0.68274
-0.931454 0.518356 -0.605516 -1.0735
-8.27476 -3.69968 3.41334 -6.3051
-0.347893 1.26946 -1.09549 -0.233345
2.11978 -0.333448 0.502445 2.3014
1.20707 -0.405356 0.264986 1.1345
0.171164 -5.46161 7.28542 0.542136
-0.28817 4.76566 -1.78852 1.25422
-0.944362 -0.863371 0.80432 -1.54783
-0.570681 -1.08243 1.20445 -0.291489
-0.078242 1.44484 -1.63923 -0.308048
1.33068 -0.462555 0.47114 1.22875
0.171557 2.09107 -2.01636 0.103603
1.21102 0.125244 1.01956 2.63582
-0.670793 1.30361 -0.83495 -1.03015
-4.79231 -2.47826 2.13222 -6.06044
-0.553769 1.98865 -1.99881 -0.31346
-0.456702 1.62284 -1.22101 -0.275798
0.338256 -1.997 1.56739 0.504974
0.70756 0.952768 -0.83196 0.901304
-1.26592 0.247328 0.128292 -2.06679
0.528755 -1.03132 0.969651 0.635525
-0.683243 3.10936 -1.58656 -0.273388
0.572873 -2.12274 2.504 0.134105
0.374006 -1.3062 1.16761 0.16324
-1.0554 -0.301862 0.35125 -1.31069
-0.198206 1.14409 -1.09134 -0.24556
2.23634 -1.05012 0.900568 2.27125
-1.08429 -0.077812 0.310024 -1.89927
0.48679 -2.24162 1.30453 0.278347
0.310994 -1.94799 1.28877 0.195585
0.973066 0.546526 -0.572131 1.67224
1.02232 0.508688 -0.555928 1.14364
0.288945 1.11735 -1.29506 0.417667
-0.983423 1.27125 -3.21617 -2.41703
4.23755 0.647678 -0.818946 4.579
1.07884 -0.077116 -0.188605 1.70289
1.93559 -0.085239 -0.359275 2.527
1.47478 0.254022 -0.336937 1.20869
1.74298 -0.860398 3.11502 0.851766
-0.148073 -1.47613 1.38142 -0.674613
-0.396694 1.17776 -1.06138 -0.24292
-1.49279 -1.07357 0.926653 -2.21413
-5.39978 2.57883 2.08937 -9.97653
-0.474168 1.60766 -1.34095 -0.345252
0.175694 -1.09731 1.04144 0.181581
-0.571331 2.10706 -1.48853 -0.320232
-1.18026 6.98766 -5.95294 0.216233
1.04159 0.662652 -0.935138 0.883243
-0.459419 -1.00822 1.21521 -0.744072
-0.991477 -0.56236 0.470827 -1.05182
0.025129 -2.44193 1.77596 -0.737069
-0.408724 -1.11965 3.3719 -0.832557
2.31392 -5.38329 6.77025 2.695
-0.657212 2.24696 -1.51304 -0.221381
-2.15577 -2.15725 1.37523 -2.85604
-2.20906 0.849874 -0.339554 -2.53447
0.293484 1.06055 -2.96308 0.48169
-0.3159 1.0716 -1.15887 -0.182207
0.035596 -1.88468 9.14079 1.42174
0.224712 -1.76444 1.08022 0.255237
-4.38447 -0.959778 2.57366 -8.66684
-0.391614 1.96634 -1.71092 -0.319381
-1.0903 0.202452 -0.246018 -1.66777
0.453876 -1.74496 2.09124 0.403285
1.18776 4.80495 -4.77675 1.71739
3.53589 0.725497 -1.50922 4.4731
-0.06304 2.02338 -1.63158 0.656451
1.0552 0.351474 -0.486634 1.93509
-1.13964 -0.284615 0.414134 -1.06585
4.88395 -33.1117 31.0303 5.51885
-0.723781 2.00222 -1.59379 -0.568634
0.989605 -0.8049 3.66213 1.48064
-1.05718 0.107647 -0.199004 -1.64329
-0.185188 -1.11657 5.15857 0.829117
-2.23054 0.305254 0.434074 -2.3451
0.411894 -2.42088 4.58307 0.226152
0.053151 4.15745 -10.0753 -1.638
-4.77371 2.65057 -2.13545 -4.36789
-1.23215 -0.110364 0.47678 -1.42733
-0.748796 1.53571 -0.844688 -0.858301
0.963192 -0.669027 1.11094 0.99662
-1.09548 -0.017738 0.205081 -1.58279
-0.058081 -1.07401 3.25736 0.42464
2.46997 0.379128 -0.666862 1.94497
-0.020902 -1.14675 1.19621 0.212242
-0.600504 -1.36464 1.12411 -1.17339
-0.019385 1.34717 -1.18044 0.349112
-0.503238 4.68133 -7.46123 -0.876268
-1.49283 4.74996 -2.30538 -1.32821
-0.302508 1.03702 -2.92063 -0.504171
1.01052 1.70386 -1.41434 1.59728
-0.365454 1.88862 -1.07509 -0.194615
-1.98214 -0.441099 0.417663 -2.03562
-0.378593 1.00307 -1.37554 -0.579315
-0.939497 -0.533709 0.499399 -1.34962
-0.580212 1.43009 -1.50902 -0.289829
1.03502 -3.48366 3.69934 0.372918
2.05306 0.292714 -0.293163 1.9771
0.401402 -1.53971 1.24785 0.079067
-1.37867 -0.311834 0.243398 -1.56642
-0.424721 -1.05588 2.17015 -0.036865
-2.11996 -11.5263 11.7364 0.249349
0.260416 -1.20744 1.05096 0.154594
-0.04924 2.32897 -11.2465 -1.8073
-1.31159 0.359775 -0.018129 -1.64689
-2.1917 -0.515713 0.319937 -2.13208
-1.27036 -0.308396 0.214601 -2.22764
-1.00117 -0.658506 0.484093 -1.08051
-1.09369 -0.071872 0.085234 -1.13624
-1.16083 0.1874 0.194885 -1.91847
-1.04289 0.323783 -0.272739 -1.46103
-4.96409 -0.108984 0.019287 -3.91854
0.862567 -1.46647 2.80419 0.940578
-0.675369 1.01608 -2.87105 -0.621701
-0.696637 2.36706 -1.35801 -0.129062
1.33668 -0.118648 0.512627 1.18545
1.57206 -1.27812 0.960826 1.599
-0.782104 1.78907 -1.81544 -0.414912
1.40195 -0.828495 1.32975 0.731252
1.18505 0.547676 -0.029385 1.431
0.756674 -8.98755 8.98755 0.756674
-0.033168 1.31983 -1.58675 -0.256741
28.4774 0.309809 -3.05606 33.3785
1.07195 0.763328 -0.226233 2.47243
1.51468 0.257312 -0.334902 1.55538
0.288716 -1.03851 3.84159 0.561466
2.31664 -1.64748 1.39136 2.33911
0.502887 1.32145 -2.09569 0.445255
-2.96491 -0.61595 1.1974 -1.90644
0.082537 1.49124 -1.39504 0.179276
-0.189974 3.41074 -3.69502 0.372762
1.71682 0.845445 -1.0272 3.16591
0.676084 13.572 -15.2692 2.24981
0.074853 -1.41868 1.79901 0.10639
-0.651301 1.20396 -0.824964 -1.01425
-1.68151 -0.381261 0.280346 -1.57384
1.15796 -0.312616 -0.355159 3.09824
-1.48472 1.03003 -1.61733 -1.87113
-0.512946 -4.66339 5.56004 -3.05294
0.476125 1.93087 -1.2611 1.10095
-0.241764 -1.22325 5.5927 0.882623
-1.06762 0.701136 -0.39306 -1.6792
-0.579618 -0.958284 1.34776 -1.02888
-0.215844 -1.49963 1.39519 -0.579426
-2.41735 -0.193502 0.107857 -2.18041
1.41481 0.124463 0.362273 1.52678
0.910127 -2.28464 3.14141 0.93114
0.424602 1.48444 -1.76103 -0.634272
2.74088 1.0969 -1.98937 2.60268
1.64638 2.91254 -2.15633 2.26102
0.310696 -3.47901 1.92332 1.33676
-1.11899 0.54272 -1.62473 -1.2913
-1.19942 -0.718331 0.571129 -1.7348
-0.592347 1.15204 -0.916989 -0.75262
0.37344 -2.04006 1.52155 0.268334
-0.360554 1.38566 -1.74189 -2.28643
1.50552 1.18953 -1.75042 2.00874
-0.262937 -1.41088 1.52796 -0.290143
-0.316417 -1.52725 2.41398 0.081375
0.481356 3.09899 -13.6879 -2.30516
-1.09045 -0.034775 0.178347 -1.31507
4.25248 -0.947036 1.67459 3.89823
-0.528867 1.3156 -1.299 -0.135021
1.49436 -1.98084 2.64313 1.33271
-2.87708 -0.236012 0.687363 -3.02973
0.281541 1.30093 -1.30606 0.24257
1.51384 0.313302 -0.452816 1.03645
-0.550925 1.70013 -1.532 -0.304772
-1.24874 -0.230548 0.236089 -1.29317
-12.0798 -1.50002 3.92267 -12.4707
-0.372315 1.2548 -1.84599 -0.066573
0.364209 -2.12398 1.61203 0.26502
-0.262085 3.34292 -3.49248 -1.24267
-1.02473 -0.263678 0.440811 -1.63689
-1.30263 0.12987 0.091193 -1.97208
-0.309262 1.07308 -1.26925 -0.708941
1.71119 -0.743294 -1.42931 4.60908
0.104009 -1.18161 1.43141 0.248844
1.62129 0.423904 -0.423904 1.62129
-0.664379 2.04891 -1.78147 -0.22145
-0.651651 -1.82522 3.85857 -0.079813
-1.12578 -0.786805 0.639198 -2.01653
-0.368893 1.10114 -1.31856 -0.30383
0.520777 0.933997 -0.963875 0.543395
1.0866 1.01067 -0.849294 1.1326
-0.373808 1.21085 -1.17101 -0.119105
-9.45085 0.926956 4.97263 -13.5176
-2.25458 -0.539736 -0.120177 -3.17919
0.141578 -3.45594 3.83414 0.657688
1.684 2.53863 -4.33918 3.70179
-0.675323 2.90877 -1.56562 -0.375052
0.22412 -1.23243 1.25402 0.115097
0.276931 -1.24719 2.27399 0.169571
-1.22045 -0.306172 0.593693 -1.34956
0.228933 2.94364 -6.36734 -0.937001
-2.08255 7.83165 -8.90571 -1.27841
1.27988 0.155464 -0.274139 1.35201
0.857002 1.3162 -1.07424 0.457184
1.3297 1.37003 -3.16941 -0.224322
-1.21726 3.55789 -3.25436 -0.647294
-0.161209 -1.7025 1.35054 -0.440697
-3.02055 73.191 -100.021 -2.56878
-0.740048 1.41066 -1.72221 -0.246611
0.329869 1.11139 -1.1517 0.136718
-1.17195 0.287326 0.100475 -1.57837
2.46568 2.27922 -0.580011 2.69925
2.59913 0.090491 1.04474 3.46178
-1.10643 0.055285 0.243605 -1.60607
0.646231 1.31687 -0.854102 1.01314
-0.216616 1.06732 -1.21549 -0.379909
-2.72372 -0.493823 1.00992 -5.27653
-2.74372 5.8117 -7.11231 -1.30839
-0.419646 1.38953 -1.3227 -0.230453
0.662008 -1.15529 0.939574 0.736237
-1.25537 0.065413 0.421888 -1.47918
-0.388494 2.42899 -1.69579 -0.288919
-1.72029 0.074063 0.191772 -1.13593
-0.80781 -1.53967 1.59249 -1.88325
1.01476 0.322476 -0.370068 1.08247
-1.47596 -3.58462 3.61671 -1.43952
-0.196259 1.06563 -1.10673 -0.17298
0.330396 -1.7554 1.39978 0.333593
1.18986 -1.82887 0.711581 1.90954
-0.530408 1.50206 -1.117 -0.514525
-0.514923 -0.986254 1.17065 -0.973233
1.01887 -0.49267 0.571541 1.02496
-0.506034 1.3722 -1.03223 -0.398626
1.69054 0.569655 -2.17849 1.63021
-0.309132 1.35455 -1.03227 -0.209287
-1.19916 -0.25541 0.536206 -2.11433
2.281 -0.041091 -0.632868 2.52294
1.21634 1.79538 -1.87396 1.2895
0.565659 -2.23793 2.00768 0.50936
9.84995 -0.213033 -2.75694 19.8037
-1.23259 -2.40345 7.33405 -0.4435
-0.980732 1.97771 -2.62462 -0.917699
-0.579471 2.00365 -2.65604 -0.610083
0.19081 1.64482 -1.2683 1.11098
1.86974 -13.5297 13.9304 -0.411094
1.68555 0.276801 -0.301878 1.46576
-1.16859 3.33717 -3.31448 -1.17116
-0.198928 1.17879 -1.5746 -0.215007
1.61542 0.316763 -0.504912 1.32813
0.859159 1.58486 -2.03953 0.510475
-0.399224 2.06349 -1.0944 -0.19609
0.111237 1.08016 -1.20701 -0.042386
1.23629 0.273854 -0.256926 1.27889
0.117339 -1.6756 2.07252 0.107165
-3.50728 -10.1398 12.3442 -4.29116
0.574277 -2.05778 3.34177 0.817967
0.846638 -2.77019 4.33979 0.299987
-0.330842 -1.15562 1.4385 -0.183944
0.209992 -1.0688 1.43173 0.14129
-1.04201 -0.420983 1.29697 -5.3046
-0.523146 -1.45718 0.97439 -0.704826
-1.00475 0.811969 -0.418521 -1.33308
-0.131127 1.78594 -1.46657 -0.255788
0.95288 0.48096 -0.708908 1.15388
0.093811 -1.09874 4.48007 0.73024
1.39892 0.284658 -0.610404 2.13185
1.24164 -0.354156 -0.17411 1.87874
-5.74492 -1.0949 4.74467 -15.544
-2.00226 -0.363343 0.934796 -1.8806
0.313756 -1.50278 1.56277 0.23229
-1.48372 -0.287521 1.12003 -4.44169
-0.518828 2.48013 -2.43 -0.342909
-1.14454 -0.154908 0.342814 -1.49521
-0.710652 -1.07306 1.03568 -0.437749
0.599803 -1.30476 1.80363 0.172155
-1.2683 0.0536 0.424307 -1.36778
0.396831 -1.25184 1.52267 0.483569
1.40482 0.047403 -0.320198 1.47492
-1.13764 -0.720959 0.610602 -1.19578
-0.088884 -1.03949 1.05949 -0.1014
1.5136 1.2171 -0.765016 2.7575
0.179463 -1.87808 1.81073 0.251853
1.50038 0.342434 -0.860196 2.62706
-0.496476 1.27121 -1.31338 -0.292148
1.79424 -7.16618 10.6481 0.960172
1.67113 -2.51177 7.60262 0.157627
-2.40587 -0.188128 0.383809 -2.03563
-1.07677 -0.055862 0.277548 -1.59015
1.22959 0.256525 -0.213688 1.30627
1.11789 0.937813 -0.803466 5.71045
-0.423665 -2.63872 3.61009 0.786189
0.54437 -1.23514 1.17078 0.651213
-0.158569 1.06238 -1.11118 -0.233901
3.64708 0.642135 -1.28637 4.05456
0.257054 -1.17937 1.04622 0.308648
0.742215 0.939025 -1.20921 1.28718
-0.569605 1.15362 -0.931853 -0.623919
-0.54156 -1.61254 2.53328 0.475352
0.258285 -1.97425 1.91909 0.114013
5.39915 -2.48694 0.517645 6.56096
0.311717 -2.83229 1.74337 -0.172893
1.22633 -2.42947 2.51293 0.635818
0.324519 -2.40765 1.69417 0.348147
1.23299 -0.242167 -0.368676 1.65157
-0.368451 1.11283 -1.02586 -0.473586
-1.05422 -0.188378 0.133632 -1.63574
0.983511 0.429671 -0.562664 1.12317
-0.43681 2.468 -1.65906 -0.218418
-0.168008 1.34103 -1.19692 0.201825
0.32945 -2.10408 1.48406 -0.36572
-0.816867 2.07712 -1.52655 -0.674552
1.1893 0.168079 -0.409571 1.64044
-0.454893 -2.03629 2.41441 -0.468279
-1.05222 -0.310904 0.320627 -1.05035
-0.292062 1.28975 -1.59263 -0.311836
0.221326 2.40277 -3.58643 -0.433467
-0.270065 1.46927 -1.08684 -0.055785
1.34703 0.68588 -0.759448 1.13334
-0.865413 -0.953822 0.744399 -1.853
-2.72031 -0.06113 0.711409 -2.50618
0.821588 -1.19279 0.684302 1.1201
0.772911 -1.77558 1.8347 1.38924
0.036535 -1.42243 1.11326 -0.080555
0.493942 -1.33209 2.23934 -0.508536
-1.37984 0.108583 0.198632 -1.74358
1.01421 -0.526987 0.579099 2.24053
-1.0523 -0.493906 0.480879 -1.53328
1.36389 -1.27675 0.923633 0.892624
-1.26616 -0.880775 0.995506 -1.26724
0.359162 -1.73033 1.29875 -0.128938
-1.64032 -0.928853 2.34071 -7.83988
-1.12217 -0.101016 0.301789 -1.95955
-0.30286 1.24756 -1.32896 -0.239889
-0.397879 1.31137 -1.58475 -0.557311
0.903008 1.7669 -1.30822 4.57958
-1.12296 -0.206921 0.113193 -1.33678
2.35341 0.107644 -0.01994 1.60347
0.496193 -1.56203 1.89047 0.435032
-7.61166 1.19375 -0.419165 -5.83633
-0.14546 1.30867 -1.24518 0.267171
1.42164 -0.443738 -0.0484 2.06781
0.059516 -1.20155 1.05548 -0.073404
5.82733 -2.11258 2.81719 5.68253
-1.22067 -0.603736 0.707022 -1.91468
1.12246 0.806048 -0.609874 1.72406
-1.15158 0.066507 0.260151 -1.39008
0.566876 -1.826 1.36059 0.404983
-0.458882 1.10215 -1.11398 -0.244903
-0.943479 1.80854 -2.04479 -0.072909
1.26915 0.36465 -1.0263 1.53595
6.29052 -27.4135 22.6797 -1.88266
0.330659 -0.999887 1.31706 0.516684
-1.05416 -1.55958 2.3404 -1.3485
-1.69415 2.52019 -3.31005 -0.757043
0.311204 -1.53735 1.25678 0.132648
-0.0412 1.37931 -1.34673 -0.295744
-1.03746 -0.38659 0.420621 -1.40938
1.09362 -0.002551 -0.157709 1.74605
0.424187 -0.942223 0.942223 0.424187
-1.09494 -1.30971 2.31363 -1.61954
-0.987758 -0.506087 0.847588 -1.10697
-0.849528 0.966071 -2.30432 -1.09983
-1.05104 -0.276108 1.52 -4.78677
0.542392 -2.0777 2.59384 0.111985
1.06724 0.026544 -0.079235 1.68696
-12.4268 -1.34057 0.711854 -12.5381
-1.0446 -0.484802 0.837323 -1.0073
0.580308 -2.41491 1.31993 0.331872
1.2316 0.236867 -0.427339 1.62897
-8.25982 -0.261352 0.63639 -8.11809
-1.04378 -0.389251 0.481299 -1.23063
-0.791144 -1.40933 1.14685 -1.58862
0.82295 -1.96369 1.12425 0.808616
-0.582837 1.16228 -2.04957 -0.323002
-0.660613 1.17683 -1.28985 -0.82987
1.08032 -0.85385 0.595313 1.66986
0.530521 -1.27353 1.19788 0.685583
-1.30035 -0.009069 0.444656 -2.048
0.786366 -0.70703 0.69374 0.92011
2.62003 2.32824 -0.816172 3.46578
0.907966 1.2147 -1.16241 1.36511
0.652031 1.42977 -0.851061 0.978121
0.787557 -2.03184 2.41911 1.3249
-1.86277 -3.56495 5.23715 -0.734331
-0.828744 -1.83056 1.5654 -1.99799
-0.520283 2.28033 -4.47428 -0.669753
-0.121777 2.07431 -1.41181 -0.078594
-0.578555 1.50432 -1.30653 -0.479716
0.565716 -1.00612 1.26771 0.468867
-1.1619 -0.873208 0.118129 -2.1296
-2.27257 -1.23379 1.14633 -4.18672
-0.453195 1.46624 -0.982168 -0.415993
19.3696 -4.10941 -7.10814 38.2097
-0.307753 1.34043 -1.04283 -0.140045
12.7983 3.61251 -3.40692 14.3059
-0.240956 1.18796 -1.87295 -0.306983
1.50417 -3.93894 3.5155 -0.012218
1.27438 -0.042318 -0.172234 1.45187
-1.05063 2.51837 -2.64764 -1.16391
0.210244 -2.01368 1.28124 0.196154
-0.271808 2.19345 -1.75765 -0.301214
-0.56217 -1.2375 1.02564 -1.23083
-0.880501 2.17201 -1.50048 -0.777787
-1.18267 0.690392 -0.178115 -1.93691
-3.19613 -3.13391 3.65716 -2.67067
0.90177 0.862345 -2.20531 0.937908
1.13063 0.152341 -0.194399 1.11955
-16.1231 -3.02472 10.0473 -33.4385
0.56681 -1.0101 1.08785 1.29294
1.17191 0.285634 -0.052436 1.17761
-0.145736 1.1634 -5.09157 -0.600121
1.9508 0.335863 0.499461 1.31108
1.03629 -0.764258 0.699194 1.17165
0.439413 1.67825 -1.35304 0.626039
-1.11301 -0.059395 0.059395 -1.11301
0.014201 1.10857 -1.33314 -0.164172
0.674965 -0.8834 1.49248 0.720649
2.90113 0.382159 1.37137 2.14111
0.117298 -1.2015 2.19476 -0.060037
-2.02324 1.06856 -3.84128 -3.24267
-0.317506 1.95128 -1.25224 -0.245665
-0.724039 -0.949804 0.89552 -1.25646
0.391932 -1.91681 1.90324 0.33309
-0.628112 1.65055 -1.74687 -0.471188
1.80108 0.302821 1.04264 2.1422
1.3071 -2.41017 1.81223 0.720122
-1.08885 0.877972 -2.5465 -0.830433
-2.12823 -3.95685 7.7459 0.118803
-1.10513 -0.492761 0.433415 -1.1796
-0.044915 -1.81425 2.14476 0.026813
8.20361 -2.95574 2.76717 8.79794
-0.558232 13.3799 -15.3856 1.12799
-1.85067 0.214014 -1.13656 -5.6428
-0.097277 -1.93635 2.11631 0.361746
-1.71803 -0.311007 0.857726 -1.8711
0.270834 -2.31746 6.92928 0.967913
-0.186988 -1.55749 4.57688 0.583245
1.12959 0.029525 -0.203047 1.51483
-1.33526 -0.242612 0.009384 -1.3583
0.221742 -1.46366 6.19803 1.00685
1.13522 0.23161 -0.306335 1.10738
1.12488 -2.00792 3.88117 1.26828
-2.69709 4.2798 -5.45975 -3.18187
-0.3218 1.2805 -1.29052 -0.10894
-1.47728 -0.602089 0.541884 -1.19935
-0.269677 2.5974 -1.74212 -0.407345
-1.05514 0.506848 -0.322896 -1.39683
7.79795 0.220271 1.92882 3.9525
2.95998 -0.350587 -2.70029 7.99844
0.633593 2.27117 -1.57492 2.31848
-1.7967 0.380328 -1.64524 -2.70682
0.965251 0.827003 -0.475793 1.35794
-0.805319 3.90443 -3.9042 2.79948
2.26216 0.33411 -0.465948 2.56982
1.44248 -0.607823 0.006348 2.18217
6.41135 -0.608752 -3.11788 10.621
-1.09413 0.20588 0.161029 -1.93529
-0.727171 2.51899 -3.27614 -0.612892
0.400273 -3.38245 3.12545 1.0091
-0.65652 1.30975 -1.52709 0.068264
0.522113 -3.24018 1.97193 0.24469
0.469115 -2.16307 4.93021 0.757561
0.415241 -1.28292 1.35864 0.109049
0.623862 1.45774 -3.52311 -0.108305
1.56353 -1.68421 1.6745 2.9346
0.327385 -1.82419 1.65934 -0.763499
-0.424173 1.18125 -1.08102 -0.671398
0.634233 -1.22031 0.906972 0.887071
-2.61884 -0.464124 0.622298 -2.34007
2.03934 0.320015 -0.800248 2.25094
0.521684 2.50895 -4.10539 -0.566929
0.968804 -2.27444 1.67627 -0.658042
-0.700006 1.17818 -1.31066 -0.23902
0.885191 -1.24511 0.758928 1.07088
-0.061866 3.59908 -5.55822 -0.542901
0.22154 -2.33143 1.82456 0.152653
-14.2767 62.9818 -45.8926 -16.3631
0.044094 -1.40904 1.39667 0.29207
1.19877 0.114692 -0.132318 1.21659
1.17053 0.310346 -0.410351 1.02381
-0.542229 2.2066 -1.81891 -0.291663
0.256128 -1.06055 1.34264 0.225583
-0.045778 1.08327 -2.67044 -0.361462
-0.102347 1.22875 -1.58602 0.264566
0.676027 1.01083 -0.909125 1.24929
0.1908 -1.10221 1.46671 0.199105
0.297363 -1.32731 1.58911 0.078255
0.961791 1.32676 -0.855023 1.36428
0.146375 -1.1536 1.06048 0.172226
-0.167847 1.16587 -1.67039 0.355519
0.366101 -1.3063 1.05034 0.320318
-0.483651 1.19191 -1.07427 -0.243583
0.282925 -2.08539 2.75356 0.618635
-1.28301 6.36465 -5.89109 -0.001021
-0.02646 -1.22977 1.63434 -0.350175
1.41875 0.525447 -0.703552 1.31167
-0.347869 2.74717 -4.52495 -0.59141
-0.503501 1.07467 -1.20672 -0.337541
1.01395 0.330287 -0.399464 1.39904
-0.46435 1.0336 -1.02215 -0.358806
1.12534 0.177876 -0.08897 1.22292
3.13774 -0.091196 0.928998 2.36557
-0.587001 2.17362 -1.47047 -0.208389
31.3836 1.73973 -1.34423 33.5234
0.138516 1.59557 -1.11081 0.348452
-0.171008 1.3216 -2.51461 -0.250897
0.321773 -1.16418 1.20931 0.134103
0.998109 0.785462 -0.696481 1.82178
-0.867148 -1.03423 0.807492 -1.62462
1.04805 0.189483 -0.405358 1.62086
-3.19343 0.708819 1.48312 -3.05563
-1.2991 -0.601586 0.462973 -1.39367
6.90875 -2.894 4.86303 6.94101
0.336687 -2.04402 1.32086 -0.049696
1.29375 1.89247 -2.56017 7.98397
0.128859 1.58066 -1.13394 -0.034091
-1.55777 5.58407 -11.2304 -2.04781
-1.0621 -0.610695 0.526437 -1.66259
1.18893 1.74834 -1.39016 1.64416
-1.19611 0.09967 -0.387396 -1.15371
-4.72107 0.362244 1.09067 -6.75962
1.52832 2.93951 -3.52429 1.90637
-9.896 -0.689454 1.46151 -12.8462
1.15426 -0.672388 0.175709 1.47101
-3.8274 2.47865 1.11461 -4.11558
0.318369 -1.4207 1.04226 0.21908
-0.846254 0.653626 -0.716624 -0.974847
0.111725 -1.20679 2.40862 0.25655
-1.3358 -0.818726 0.920654 -1.64648
1.86324 -2.52084 5.60064 0.509661
-1.765 -5.58454 6.20852 -1.99436
-0.409719 -1.14721 1.02564 -0.389132
0.484575 -2.097 2.15327 0.143171
-0.774826 1.50427 -1.16991 -0.837286
2.03532 2.50362 -4.29055 1.24842
0.257193 1.66348 -1.20257 1.32729
0.159611 -1.36777 1.22283 -0.000651
-1.69207 0.598954 -0.002127 -1.4633
1.44182 0.239959 -0.362121 1.42574
1.30201 0.276939 -1.03334 1.28196
0.131855 1.30869 -4.43024 -0.914107
0.196059 -1.11748 3.23829 0.837707
1.21283 0.78836 -0.829401 0.899852
1.48223 -0.197936 -0.003643 2.10543
0.31938 -2.24429 1.75345 0.289844
-0.600942 2.09922 -1.54451 -0.321772
1.49402 0.49229 -0.362177 1.22664
0.349879 -1.65462 1.22638 0.107048
-49.7038 -8.30585 12.896 -55.1656
-1.93702 -0.434904 0.358846 -1.36882
0.344092 -1.47418 4.47832 0.784523
-1.36029 -0.511595 0.571306 -1.58105
0.632413 -1.28642 1.31306 0.090189
-1.03547 0.275252 -0.273915 -1.12198
6.31251 4.78194 -9.24032 11.7657
-0.686452 1.08056 -1.56116 -2.07987
-0.429611 -1.19977 1.40618 -0.037445
-0.496453 1.25387 -1.88957 0.254111
-1.10754 -0.06216 0.246162 -1.24325
-0.035566 -6.32752 21.532 2.82434
-0.59527 -1.58617 1.21395 -0.694948
-1.68347 -0.157334 0.438924 -2.3017
-0.919542 -1.08492 1.1039 -2.84218
0.637096 -3.65306 3.16079 1.02641
-0.43683 1.47249 -1.34688 -0.342025
-1.7391 -1.70759 2.10732 -0.982037
-1.13531 -0.201528 0.065098 -1.19005
-5.44765 -1.34153 2.7602 -5.97448
-0.045745 -1.72231 1.24638 -0.020681
0.463417 -7.69472 10.6625 0.929233
0.607593 -0.91953 1.23889 0.761069
1.21083 -0.210817 -0.089326 1.34313
-0.955269 0.967377 -1.77067 -1.41794
-0.285967 1.41731 -2.2476 -0.450588
3.39643 -0.792942 -1.07545 4.03443
0.312568 -1.37984 1.29993 0.204081
-1.00464 0.44165 -0.751684 -1.08443
1.98777 0.086009 1.49884 1.9363
0.847192 1.15831 -0.707166 1.24593
-0.22227 -2.06161 2.56898 -0.542411
1.33892 -0.288572 0.597996 2.74774
0.635248 -0.972135 0.915682 0.728397
0.335746 -1.77281 1.07843 0.654235
1.34899 0.038275 -0.274665 1.90425
-9.95295 5.5907 -6.28866 -9.88324
1.41731 2.04495 -0.477018 1.72875
0.029729 -1.63837 1.33398 -0.220171
-8.73772 -2.06061 5.43163 -10.4396
-2.65374 -0.098262 0.693001 -2.1487
0.841816 1.51386 -1.04326 1.15198
1.1913 -0.051588 -0.301325 1.68435
-0.480666 1.60918 -1.56036 -0.249207
0.45338 -1.23712 0.965548 0.562195
-1.02235 -0.208 0.318105 -1.38573
-0.266172 -2.10457 3.54478 0.784628
-1.2165 -0.163724 0.242169 -1.05721
1.0516 0.187181 -0.273796 1.37383
-0.037383 -1.3765 1.75778 -0.064107
-0.999943 -0.684078 1.00321 -1.68482
-1.97198 1.87595 -2.33452 -0.064603
-0.93884 -0.526763 0.619139 -1.26408
-0.82461 -0.728752 0.984834 -1.56492
-0.287345 1.03615 -1.90544 -0.22068
-0.548654 2.94374 -1.66497 -0.152933
-1.01209 -1.52189 1.46952 -1.26896
-0.282165 1.05123 -1.20785 -0.198508
-0.313587 1.03334 -1.10175 -0.37585
0.83183 0.998628 -1.49345 2.63164
-0.124474 1.39561 -1.59402 -0.136331
-0.451359 -1.05036 2.31509 -0.060841
-1.01507 1.82594 -1.71063 -2.37818
-0.177378 1.48083 -1.18873 0.283235
11.8502 1.27095 -3.27089 12.2081
-1.11224 -0.009799 0.268148 -1.88009
-3.8936 -0.079305 0.440093 -2.55879
-1.07643 1.25931 -0.567988 -1.53296
-1.01433 -0.362898 0.614731 -2.30407
0.134513 1.4183 -2.59697 -0.136122
-0.24862 1.25814 -1.20143 -0.278062
0.734928 -1.7926 0.924449 0.775972
11.9615 1.83833 -0.696915 11.424
1.22298 -0.459851 -0.211362 1.71607
0.030996 -1.83065 1.17893 -0.111737
1.05501 0.259505 -0.437985 1.62499
12.3443 -0.121149 -2.73089 11.4781
-0.490317 1.59604 -2.1136 0.117413
-4.34136 -0.468296 3.56181 -8.21047
-1.07126 -0.512228 1.06433 -1.21768
1.88002 -0.107826 -1.65171 2.78474
1.15459 0.489332 -0.477757 1.4382
-0.441669 2.65035 -1.92958 -0.28582
-0.604372 2.45612 -2.00656 0.154006
0.877052 0.62986 -0.749029 1.34697
1.43656 0.447298 -0.90936 2.95402
-2.39758 -1.52765 1.24608 -5.56374
1.56647 -0.362623 -0.126038 2.12245
-0.438521 -1.80599 1.15361 -0.840379
0.399624 -1.74278 1.08301 0.280298
1.37783 0.162507 -0.381392 1.49092
0.692541 -2.53275 1.57214 0.258401
0.868231 -0.678213 2.02879 1.85962
0.868826 0.649335 -0.798878 1.25846
0.133416 -1.10694 1.39432 0.236932
-0.338527 0.993642 -1.25767 -0.313179
1.27402 0.320798 -0.210124 1.3504
0.367179 1.50649 -1.22781 0.908966
-0.428651 1.89764 -1.25703 -0.080532
-0.524328 -1.71786 1.56502 -1.61072
0.829439 -2.36245 1.34901 0.594355
1.14808 0.365857 -0.560763 2.06414
0.152838 -1.1081 1.30313 0.495856
2.73113 3.37109 -5.94542 5.23757
-1.6555 -0.207125 0.793343 -1.71614
-0.14891 -1.06882 2.23155 -0.609194
-0.63643 -1.66436 2.23548 -1.60505
-1.17625 -0.929239 0.983746 -1.96313
-1.12392 -0.592587 0.951213 -1.3632
1.44971 0.11685 -0.164142 2.4627
0.768334 0.756559 -0.774537 0.895202
0.203419 -1.77287 1.77046 0.190191
0.359196 -1.05887 1.40347 0.227647
0.255859 -1.48552 1.24297 0.53061
-2.89815 16.3639 -31.243 -6.70428
1.72031 0.3069 -0.28152 1.77719
-0.546875 1.27665 -1.32146 -0.29588
-1.85994 0.774556 -0.565325 -2.58032
-1.09629 -0.35563 0.521995 -1.81622
0.783112 -0.946431 1.46579 1.27688
0.156332 -1.10097 1.44721 0.254911
3.28809 0.946475 0.691237 2.84055
-1.05704 0.34412 -0.25234 -1.47131
-0.781498 2.24513 -2.04525 -0.968595
4.77306 1.44088 -3.68807 0.9945
-2.81077 -0.618785 0.347883 -2.81611
-0.280469 2.69391 -5.23972 -0.752742
0.212398 -1.12777 1.29563 0.240469
-1.42685 -0.254683 0.313324 -1.84357
-0.37349 -1.88623 2.3267 -0.051637
0.585359 -2.07189 1.74141 0.092267
-1.12652 -0.672694 0.850944 -1.46017
-1.33136 -0.689084 0.548014 -2.62314
-0.538031 -0.932631 1.40033 -0.532614
0.990378 0.611531 -0.613393 1.98053
1.45783 -0.1582 0.206751 1.79721
1.10886 1.29568 -1.39 1.23037
-0.316741 1.27938 -1.0393 -0.232184
-1.23788 -0.167975 -0.247996 -1.31502
3.19166 0.379698 -0.956824 2.6346
-1.43698 1.0875 -0.328695 -2.01497
-16.0515 -2.4584 6.1327 -14.7558
-0.978528 -0.861922 0.940108 -0.998412
1.12395 -0.132603 -0.572722 2.27241
-1.2864 1.35241 -5.83781 -1.27446
0.508321 -1.7693 1.05793 0.44324
1.58814 0.13173 -0.36138 1.62274
1.8377 0.058401 -1.751 5.6834
47.0563 10.2075 -9.7804 64.2671
-0.234306 1.07233 -1.07156 -0.165741
0.334524 1.75268 -1.37845 0.868959
-1.04961 -0.088762 0.22546 -1.63211
-0.06095 1.43139 -1.89777 -0.297786
-2.59779 0.223143 0.617534 -4.09618
-0.702975 -4.03391 5.56996 0.22805
4.58468 -0.29548 -3.06689 9.82682
-0.136444 -1.29394 1.08304 -0.326824
1.10777 1.01491 -0.60484 1.2581
1.07093 -0.363241 0.113611 1.65151
-0.999894 -1.16329 1.15286 -1.95412
0.653278 -2.26659 1.90485 0.25914
1.06096 -0.787412 1.36305 1.05085
-1.34644 -0.201819 -0.049941 -1.39615
-0.709073 -2.67786 4.42847 0.770009
1.1051 0.228559 -0.33105 1.60363
-0.392483 -1.4158 1.13105 -0.670975
-0.778619 -1.17923 0.696446 -1.15612
-0.177242 1.22921 -1.22438 -0.082633
1.1135 -0.061072 -0.287695 1.81035
-4.26915 -1.55816 2.25896 -6.8843
1.43843 -3.99523 3.90254 1.4285
1.26435 -1.40151 2.32531 1.43639
1.53333 -4.14068 4.48194 0.911968
1.09764 -0.219095 -0.056427 1.84906
-9.43123 -4.54418 5.22696 -9.33178
-0.073022 -1.09737 1.61207 -0.265639
-0.66755 1.76613 -1.47863 -0.511827
-1.40583 0.053759 0.213807 -1.69305
0.366701 -1.43503 2.02773 -0.137009
-0.747986 -1.52638 1.40023 -1.9959
-0.858192 1.15338 -1.94414 -0.20981
-0.337684 2.22731 -1.58606 0.020514
0.975836 0.410222 -0.356875 1.52473
1.17347 -0.228941 0.17085 1.47557
0.112301 -1.58365 2.67001 -0.061621
-7.41636 11.3941 -28.2523 -5.61138
-1.0178 -0.688845 0.785996 -1.27876
-0.107339 -1.18314 1.39867 -0.118666
-3.83936 -0.466022 1.09952 -3.86577
0.999307 0.408335 -0.44328 1.75865
4.98493 1.78278 -3.3383 9.21807
-0.019856 -1.3502 1.3195 -0.55015
-0.573288 2.23341 -2.2062 -0.096254
-2.95297 3.64424 -6.223 -2.63372
-1.2923 -0.196603 0.519434 -1.43839
-0.622386 1.79315 -2.48475 -1.06423
-0.108408 -1.12258 1.56498 0.026033
0.759152 -2.4661 2.32543 0.280864
0.52555 1.11451 -3.5242 1.85488
0.637977 1.87304 -1.79501 0.580408
-0.396301 1.2105 -1.37195 -0.335166
0.250685 -1.58119 1.21086 0.144032
-0.322555 2.28691 -1.43837 0.113153
-2.18449 -0.521956 1.19793 -4.80197
0.083971 -1.09938 1.16304 -0.091212
0.728722 -2.45703 1.70025 0.496008
0.925475 -2.64951 1.59272 1.09484
-0.257527 1.05635 -1.06442 -0.167294
-0.006639 -1.88375 3.83437 0.409295
-0.970352 -0.442897 0.483077 -1.86931
-1.98812 -0.408556 2.55742 -8.60724
0.229084 -1.12925 1.05205 0.197307
-1.31279 -0.335088 0.824214 -1.64174
-0.760364 -0.884495 0.893173 -1.29729
-0.410108 1.00452 -1.01207 -0.376338
-0.224471 -1.28587 5.88276 0.923532
1.06545 -0.483652 0.164133 1.59774
15.417 -2.08146 -1.84127 15.8746
0.083213 -1.05585 1.20457 0.111953
0.159567 2.35162 -3.00178 -2.21688
-1.12542 0.242461 0.141377 -1.96945
0.611195 0.88056 -1.00229 0.779246
1.36961 -0.247675 -0.233252 1.60397
0.46033 0.990665 -1.60671 1.04134
-0.829287 1.42695 -1.21373 -0.779425
-1.14667 0.347575 -1.35339 -1.88737
-1.9985 -3.70907 5.54531 -1.84743
0.373461 -4.20957 7.3522 0.363652
2.01584 0.23025 -0.3139 1.0703
0.085996 -1.03173 2.55431 0.396666
-2.36582 -0.221179 0.730043 -2.20267
1.03901 0.401721 -0.401721 1.03901
-2.15877 -15.1414 17.9158 -2.48502
0.106454 -1.22729 1.04739 0.135355
-1.16436 -0.357836 0.501469 -1.46657
-1.27005 -0.46575 1.49892 -5.31479
0.261194 -1.0301 1.20749 0.272067
-1.10501 -0.158728 0.16374 -1.108
1.21193 0.177469 -0.389021 1.24306
1.20057 0.490104 -0.238034 1.17151
1.16434 0.187865 -0.470774 1.15856
0.032365 -1.10765 1.08624 -0.032213
-1.13673 -0.082525 0.368509 -1.36191
1.16643 0.18965 -0.316481 1.25564
-1.1322 0.199331 -0.372084 -2.55048
-1.03059 5.80115 -15.2207 -2.62661
0.988591 0.651091 -1.91636 1.77218
0.533689 -1.08386 1.08409 0.547136
-0.540453 -1.23121 1.77209 -0.416406
0.776447 -4.25348 3.35005 0.449887
-0.692412 -1.17512 1.81992 -0.680572
0.289893 1.23352 -1.42697 0.202751
-10.3099 0.473358 0.424768 -12.3912
-1.0643 -0.839637 1.62212 -1.00655
1.61718 -3.55362 11.3708 1.97232
-1.00394 0.309416 -0.336043 -1.12296
-1.43444 5.24368 -7.83726 -1.43014
0.221124 -1.1342 1.35091 0.203351
-0.391671 2.18104 -2.01031 -0.392018
-2.72095 0.812387 0.373788 -4.86481
4.69985 5.00065 -7.10782 3.92516
-0.705837 1.29497 -0.861808 -1.00135
-0.864769 -0.962482 1.5779 -0.807267
-0.904035 -0.828011 1.46094 -0.812775
1.60456 -0.374264 0.135592 1.09358
-1.10739 7.43228 -5.9737 -0.7413
1.72579 -0.799493 -0.032707 1.52041
0.640517 -1.22306 1.40911 1.1049
-0.91918 -2.05922 3.07446 0.700014
2.16475 -0.120845 -0.080794 2.43296
5.14435 -1.00293 -0.532284 7.51324
3.01963 -0.622372 -0.599942 2.27407
1.91607 -0.213285 1.43695 2.28778
0.497605 -1.13938 1.44628 0.671044
-1.20963 -0.181425 0.353435 -1.68254
-0.268761 1.38898 -1.26437 -0.110606
2.21714 -0.37952 -1.41027 1.74963
-5.17591 0.573747 2.09457 -5.54423
-0.115085 1.12465 -1.09401 -0.106759
1.27903 0.164842 -0.325372 1.60385
-0.806507 1.69232 -7.5 -1.22905
2.33345 0.258757 -0.254149 1.98984
-0.682244 0.948851 -0.802189 -1.04546
-4.87056 -2.15743 3.09228 -8.53822
-0.781827 -0.966978 1.76705 -0.534871
1.25611 -0.180217 0.445595 1.10641
-1.78734 4.90722 -10.5848 -1.84293
0.408737 -1.15943 2.9075 1.34339
-1.48502 -0.374184 0.448475 -1.53147
-1.24103 0.082912 0.654256 -3.96138
-2.21324 0.811981 -0.321927 -2.48667
-0.222209 -1.36459 1.9465 0.251055
0.27041 -1.09523 1.358 0.148318
-3.68795 -1.44113 1.30304 -6.98414
1.2556 -0.053323 -0.443645 1.48721
-2.82274 -0.292435 0.813419 -2.24758
2.29117 1.18986 0.512425 2.73348
0.795115 1.69033 -2.65359 -0.178957
-0.402731 1.70257 -1.75448 -0.612439
-1.07015 -0.587119 0.566952 -1.5614
1.36491 0.080261 -0.12727 1.41901
0.979549 1.60482 -1.14479 1.56845
1.18854 0.359522 -0.744627 1.27271
0.189179 -3.40679 10.0382 1.69824
-0.453996 -2.20746 2.43532 -0.585505
-4.51336 17.7864 -17.7484 -0.985207
-1.09108 -0.626196 1.19369 -1.2201
0.441633 -1.11555 1.00231 0.52187
1.14767 -3.39378 3.23333 -0.298188
-0.287162 1.0952 -1.37739 -0.124621
3.66255 2.31961 -2.86705 3.331
-2.70179 0.45235 0.039259 -4.66429
-0.266783 1.1845 -2.06035 -0.617266
-1.13952 -0.34195 0.764186 -1.88489
0.073635 1.1565 -3.59427 -0.347272
-0.280184 1.23885 -1.30129 -0.26701
-1.38458 0.391109 -0.049862 -2.16321
0.351495 -1.47654 1.07214 0.288986
-1.20749 1.03017 -3.60585 -0.999479
-9.3023 5.28113 -7.46354 -10.2483
0.564414 -1.02807 4.05738 0.635753
1.26879 -3.82119 3.82715 0.655968
0.160632 -1.31247 1.13043 0.06603
2.24056 -5.43455 7.36146 0.652011
-1.16576 -0.802647 0.913296 -1.92925
-0.045056 1.16094 -1.52112 -0.221892
-1.10887 -0.499214 0.727446 -1.85309
0.51944 1.48348 -3.95085 -0.028545
-1.37762 -0.262693 0.567804 -2.85935
-0.609239 2.84627 -1.71787 -0.299887
-1.42258 -0.436748 0.106619 -2.18564
0.094939 -1.87891 1.25262 0.129178
-1.22406 -0.2616 0.829768 -4.30904
-0.604369 1.24632 -0.935922 -1.00403
-10.9692 -3.30567 6.28626 -10.9924
-0.373627 1.74937 -1.25621 -0.448189
0.191146 -1.07149 2.46887 0.361096
-0.216417 1.2363 -1.04894 -0.176413
-1.57951 1.67038 -0.077233 -1.71429
-1.04709 0.187497 -0.121475 -1.36071
-0.708761 1.23777 -1.13024 -0.461414
0.105268 -1.11133 1.07325 0.112369
-3.6877 1.52395 -1.07576 -3.15476
1.0899 0.387521 -0.396854 1.61027
-0.292443 1.06867 -1.16197 -0.164157
0.94503 1.98498 -1.31438 4.33721
-19.9324 -8.04395 10.7008 -34.5222
35.5435 5.54704 -5.37311 47.2457
-1.39236 0.247196 -0.492699 -1.2956
-0.670307 -1.33608 0.842949 -1.06606
0.723677 1.26181 -0.787885 1.07843
-0.200882 1.3384 -1.32222 0.287
1.03638 0.434235 -0.564468 1.97395
0.780207 -3.11857 2.68428 1.45082
-0.5384 -1.58084 1.19884 -0.647413
-1.04643 -0.15613 1.11931 -4.75265
1.53007 -0.407086 -0.10093 2.13346
0.014888 1.07563 -1.13218 -0.025418
3.70045 -11.0868 12.2882 0.633227
0.41352 -2.12106 1.28985 0.224
1.52924 0.240231 0.027831 1.3003
-1.09952 0.388215 0.074251 -2.40394
0.859964 0.707311 -0.646119 1.38412
0.537332 -2.68347 1.57059 0.15667
-1.34737 0.172239 0.140253 -1.7006
-0.327033 -1.20588 1.79316 0.174903
0.240983 -1.4169 1.21636 0.325275
-8.23036 -3.49074 4.55465 -4.96937
1.4353 0.561792 -0.732036 1.27398
-1.02202 -0.177358 0.19613 -1.30672
-0.139039 2.29183 -1.89348 -0.190148
-0.373639 1.12631 -1.6519 -0.57562
0.641508 -2.42928 1.74718 0.3255
-0.427731 2.22559 -2.00464 -0.301564
1.18563 0.317244 -0.69104 2.11432
1.15093 -0.629104 0.412741 1.58859
2.95931 4.22306 -6.37732 2.85368
1.40765 -0.500355 1.19733 0.981462
0.349928 -1.07147 1.12589 0.626528
-0.960522 -0.535854 0.902261 -1.73603
1.50085 0.244657 -1.43287 3.99673
1.26561 0.015972 0.046612 1.08669
0.934919 0.995674 -1.05569 2.14536
1.2891 0.637831 -0.940988 3.48316
-1.08778 -0.210972 0.464914 -1.55828
1.51488 -0.25569 -0.192089 2.0267
-0.369069 2.418 -3.47733 -0.840421
-4.29545 -0.368903 1.06517 -3.99755
-0.940109 -1.36334 0.954377 -1.7925
-0.1174 -1.2871 1.36658 0.253011
1.36156 0.134372 -0.471663 1.30696
0.614609 -2.67023 2.57084 2.12571
0.3288 -1.32559 1.1709 0.499545
1.36306 0.17964 -0.405154 1.68435
0.350964 -2.90657 2.90549 0.343309
-1.64207 -0.036762 -0.875593 -1.37378
-0.423918 1.57438 -1.1353 -0.602556
-1.28805 0.023345 0.69762 -1.64164
0.340014 -1.78001 1.25811 0.436003
-1.32225 -1.70196 1.28254 -2.30692
-1.2992 -0.199194 0.27223 -1.24457
0.392138 -2.04755 2.01958 0.093798
-0.469451 1.37509 -1.20318 -0.270869
0.600225 1.00603 -1.49139 0.957724
-0.967591 2.01354 -2.26286 -1.59008
-2.08411 1.68476 -0.637607 -2.89382
0.875831 -5.75275 3.03613 0.511024
-0.017713 -1.03553 1.5744 -0.075604
-0.561179 -1.09662 0.95882 -0.467455
-1.04456 0.350779 -0.222902 -1.20616
15.163 0.082388 -1.92092 13.757
-1.46324 -1.19304 1.32246 -3.52552
0.961119 0.651111 -0.530456 1.60589
-0.0054 -1.3711 4.94987 0.766712
1.2997 0.032047 -0.300945 1.32059
0.166932 -1.32151 2.51433 0.400916
-1.05633 -0.15737 0.05589 -1.52434
-0.692665 -0.97245 0.77492 -0.886823
-1.2414 -0.042563 0.906085 -1.8958
-0.349886 2.93655 -3.37231 -0.108653
0.572157 1.43625 -2.85937 -0.61349
-0.321591 1.29666 -1.02142 -0.185502
-0.318943 2.40352 -5.69554 -0.928596
0.603086 2.98474 -4.57291 -0.229842
-1.24572 0.276473 -1.31518 -1.59041
-5.66986 -1.30124 3.82387 -10.3089
1.36793 0.151702 -0.226725 1.3533
0.191635 1.17563 -1.29457 -0.037836
-1.07826 0.286462 -0.017021 -2.3277
-1.01046 -0.202471 0.425019 -2.52379
1.34283 0.14182 -0.157041 2.36181
1.3233 0.188083 -0.574752 1.11661
0.181377 -1.35995 1.15658 0.020434
0.125211 -1.72739 1.52105 0.048612
10.1904 0.421399 -4.8532 13.1432
-0.455418 1.667 -1.18633 0.105616
1.28937 0.504995 -0.507031 2.13949
1.31956 -0.353747 0.115933 1.35983
0.642136 1.80559 -1.334 1.10153
0.992841 -0.418988 0.290583 1.61863
0.259786 1.04824 -2.87909 1.45606
-1.13619 -0.41434 1.2954 -5.5482
0.276851 -1.74994 1.12358 0.145374
-1.05632 1.62407 -1.03734 -1.35495
1.13275 0.02164 -0.318651 1.67056
-1.07086 -0.185477 0.849862 -4.16955
0.763647 1.49617 -1.47822 -0.076014
-0.749911 -0.850681 1.00218 -0.64771
-1.09258 0.21699 0.167155 -1.62267
1.53593 -0.372271 -0.209011 1.63371
1.04966 0.151489 -0.292451 1.59632
-0.19865 1.05396 -1.43111 -0.357851
-4.31967 -2.65588 3.34643 -3.04342
0.427543 -1.85658 2.2765 -0.671295
-1.35898 -0.229695 0.354581 -1.08962
0.531501 -2.29857 1.65499 0.413523
0.300601 -2.06005 1.39593 0.34544
1.43042 -0.049255 -0.018369 1.46024
1.47229 -2.89668 9.03414 1.67769
0.344334 1.92821 -3.28323 -0.014579
1.34066 -2.94609 9.23793 0.049771
3.5431 -5.4873 5.97628 2.52799
1.9139 0.220498 -0.333288 1.90789
2.28506 -0.909578 0.071587 2.49123
0.091693 -1.41399 1.45757 0.589238
1.74167 -1.35861 0.322303 2.34459
0.216956 -1.2431 2.04683 1.68475
3.31952 0.033901 1.59632 3.96325
0.670175 -0.963989 0.877643 1.01393
-0.204643 1.57815 -1.50419 0.365231
1.19757 -4.90883 4.37396 0.435901
0.053164 -1.70733 1.10474 0.046
0.456504 -1.98015 1.61403 0.284306
-0.574101 -1.44362 2.67164 0.097366
-0.040953 -1.07588 1.21144 0.105044
0.917407 -1.58411 0.97608 2.29808
2.98321 0.085635 -0.739447 3.24644
-2.43393 -1.5195 3.56031 -2.9209
-1.37098 0.41873 -0.513291 -1.11918
-0.201906 1.70863 -1.23822 -0.067443
44.4394 6.7327 -12.9831 42.1158
0.546765 -2.30741 1.77339 0.312205
1.03436 0.314557 -0.618821 1.40175
-0.275296 2.12702 -1.2914 0.092393
0.238627 -1.05313 1.44886 0.354142
0.984968 -0.598097 1.53872 1.14248
1.0358 0.694772 -0.473243 1.50935
-0.913387 -0.769297 0.583563 -1.16269
-1.12275 0.963753 -0.453039 -1.66667
1.08812 -0.13253 0.119863 1.43233
0.112821 1.09178 -1.22049 0.088892
0.104699 1.53952 -1.39023 -0.293344
0.514697 -0.910861 1.47272 0.864194
-1.09701 -0.506387 0.559949 -1.19175
0.671629 -1.58207 1.01701 0.891437
1.08185 0.360435 -0.786263 1.32052
-1.08292 -0.270891 0.457374 -2.64327
0.980628 -0.956103 5.04535 0.637276
0.843118 0.776348 -0.665766 1.12517
-0.14653 1.1629 -1.42056 -0.547415
-0.476001 1.28355 -0.996568 -0.752871
1.00683 0.446138 -0.4731 1.11702
1.02618 0.192388 -0.274599 1.36029
1.93995 -0.908921 0.538782 1.79157
-1.04236 -0.699691 0.565429 -1.31915
0.82053 0.677948 -0.752931 1.00158
1.05476 -0.350281 0.139788 1.40841
1.26111 -0.789536 0.734939 1.37967
1.58106 -1.24256 0.142664 2.18391
-1.15188 0.217512 0.173987 -2.06135
2.08748 2.02959 -0.885284 2.98814
0.224864 -2.25035 1.70418 0.19343
-1.16218 -0.894014 1.0125 -2.05491
2.83485 1.02198 -0.798863 4.10874
1.05272 0.205388 -0.424049 1.6958
0.241358 -2.14777 2.14553 0.006846
0.744959 -4.00195 3.62102 0.615801
-31.7002 -166.333 345.725 -33.1286
-0.445142 -1.20255 2.04784 -0.148606
0.48673 -1.0114 2.05918 0.592731
1.11087 0.601976 -0.506395 1.97281
2.06633 3.7391 -4.68957 2.60205
-2.08289 -0.440691 1.27025 -4.32381
-2.36338 -0.540854 0.887652 -2.08627
0.859044 1.96635 -4.93162 -0.068577
0.560704 -1.08087 0.940973 0.880962
0.197692 -3.28424 4.13035 0.542866
0.207495 -5.26615 4.76955 0.34641
1.15113 -3.69717 2.32681 0.546338
-1.04857 -0.358948 0.543035 -1.41487
0.334784 -2.06424 1.69319 0.398155
7.67459 168.229 -347.09 21.5266
2.81038 4.1618 -3.37043 2.47417
0.022749 -2.22083 5.04106 0.495314
1.02135 0.316098 -0.35033 1.54679
4.12886 1.84547 -0.694031 3.06959
-1.00762 -1.00944 2.88503 -1.58254
1.12129 0.498016 -0.2972 1.18357
0.403174 -2.56305 1.55247 0.559198
-0.561712 -2.73663 9.69943 0.981134
0.569547 -3.4054 1.91174 0.198931
-0.098802 2.26362 -2.2323 0.333837
0.711827 0.800001 -1.02306 0.99295
1.08029 0.277851 -0.467414 1.90747
0.195787 1.31327 -1.14682 0.626917
1.417 -0.532137 -0.037768 1.94802
0.513282 -2.42122 1.75431 0.487822
1.26386 0.894418 -0.806155 0.860837
0.694011 -1.18254 1.23913 2.54556
-0.515329 1.02858 -1.36423 -0.29519
-1.3413 -0.360462 0.453685 -1.46809
-0.922813 2.68396 -1.97002 -0.149932
-0.38204 1.8418 -1.1943 -0.255021
0.318909 -1.13574 1.58798 0.730777
-2.04781 -0.402964 0.823387 -2.17999
0.606387 -2.14762 1.40955 -0.058747
2.76729 19.1393 -20.0044 2.79353
0.977546 0.888228 -0.601323 1.5682
0.552576 0.911272 -0.902554 0.641941
-1.42352 -0.420108 0.350868 -1.39027
-4.69366 -0.700167 0.482122 -5.07898
0.758294 -1.89529 2.06021 1.12442
0.060332 1.92974 -2.11769 -0.395482
0.235402 -2.8246 5.51268 0.858612
-0.397664 2.75066 -1.96091 -0.218475
1.08618 0.13099 -0.416829 1.44932
-1.65375 0.080643 0.499097 -3.12032
-15.3254 -2.86498 6.89537 -18.2308
0.2414 -1.21043 1.19559 0.275721
-0.97469 -11.0732 15.7943 -0.322099
-0.289581 1.16856 -1.03167 -0.299298
1.16582 -1.29232 1.35415 1.28213
6.48501 -1.51639 2.55226 6.06274
-1.37476 5.8481 -11.7958 -1.38049
1.3445 -0.008586 0.481442 1.28527
0.321644 -2.03692 1.09487 0.035853
0.120243 -1.15356 1.05811 0.107259
-1.05783 -0.280494 0.421091 -1.11502
1.23515 -0.411786 0.720621 2.25193
-0.163618 -1.40124 6.28138 0.997314
0.881778 1.05173 -1.10359 4.30183
-0.059524 1.10856 -1.25757 -0.21011
-0.780264 2.70761 -1.90129 -0.354189
1.76769 0.737207 -0.730495 1.56059
0.001079 2.03823 -4.39819 -0.799275
-4.1379 -0.387706 0.420417 -4.22518
0.032287 -1.11064 1.76855 0.371382
-1.06608 -0.054911 0.271756 -1.48535
0.162525 1.10536 -2.11807 -0.089116
1.10284 -0.224912 0.159256 1.1007
0.114335 1.30277 -1.26627 -0.307452
-0.58471 1.53871 -1.10829 -0.790817
0.945718 -0.707145 0.819965 0.801955
-0.683214 0.89953 -1.01228 -0.561857
1.12557 -0.081396 -0.078242 1.50235
1.2414 0.227476 -0.183276 1.21868
-0.954284 1.88149 -1.80943 -0.936203
-1.09352 -0.731501 0.813782 -1.90929
1.62818 -0.413702 -0.428791 1.58728
-1.04556 -0.258224 0.479018 -1.79288
1.61952 0.043206 -0.420046 2.22367
0.44772 2.49116 -5.59707 -0.03268
-1.15816 0.401911 0.021495 -1.78326
0.572295 -0.907839 2.00122 0.888629
-0.785218 -1.80734 2.36245 0.700128
1.49663 0.106514 -0.332464 1.47648
0.589498 1.36633 -2.4832 -0.522839
0.248151 -1.58348 1.1088 0.077449
2.1522 1.98725 -1.52257 3.89337
-1.00829 -0.512323 0.497435 -1.39752
-0.360037 1.59213 -1.208 0.205517
1.1089 -0.022169 -0.133231 1.64583
-1.28533 -0.449397 0.664611 -2.57153
-0.248558 -1.16803 1.14817 -0.614134
0.172932 -1.32461 1.67995 0.441399
-1.41262 -0.154336 0.38103 -2.05309
1.20612 -0.155578 -0.008281 1.58329
-1.05064 0.713959 -1.17108 -0.84515
1.50085 -5.15883 6.57041 -2.82896
0.246315 -1.01757 1.30622 0.259091
1.38643 0.143123 -0.474801 1.39006
1.29127 -0.169715 -0.040114 1.54845
1.28614 0.318678 -0.553477 2.27145
-0.96759 3.57138 -3.56113 -0.616346
5.69747 -3.82193 5.27989 5.1127
1.61115 -0.525009 1.48789 1.76052
-0.763465 0.9573 -1.61827 -1.0227
-0.857329 -0.754852 0.652126 -1.28684
-2.02742 0.267385 1.43668 -1.66981
0.263557 -1.01695 1.35847 0.295528
0.806479 0.751954 -0.868667 1.28709
-1.24473 1.29005 -1.82988 -1.05268
-2.57616 -0.226013 -0.026844 -2.23045
1.06985 -0.809364 1.04934 1.26777
0.184786 -1.46294 1.36499 0.263668
-2.01395 2.27481 -1.69296 -2.24898
1.62956 1.47111 -1.52964 2.23196
0.426433 1.14721 -1.17333 0.24764
8.56244 -3.41349 -1.79418 14.7722
1.09321 0.147214 -0.213525 1.41708
-1.10426 -0.218154 0.33188 -1.1449
0.952003 -0.724651 0.547328 1.28899
-1.18777 -0.113274 0.346021 -1.1448
-1.59147 -1.73635 3.75419 -0.137835
0.117484 -1.19272 1.06096 0.178776
1.17788 0.340119 -0.529745 1.35962
-3.25385 -0.033022 1.02179 -3.69968
-1.26591 -0.493476 0.539311 -0.960347
1.09844 0.310064 -0.318909 1.52397
1.81995 -1.52654 2.07679 1.87009
-3.30986 -0.947079 0.653538 -3.08842
0.474384 -3.66445 4.35445 0.399334
-0.133223 1.30394 -1.29247 -0.120273
-1.21981 -0.737295 0.701149 -2.29622
5.42513 -24.3012 29.7805 0.449103
0.582364 -5.21708 7.7695 0.627562
-0.284249 1.13697 -1.3109 -0.279271
1.18845 -2.72974 2.07099 0.502032
-0.773707 2.08235 -1.31565 -0.538177
0.255762 -1.31639 1.36864 0.230779
-0.288792 1.12479 -2.35378 -0.543164
0.962187 0.534005 -0.430535 1.26551
-1.85035 3.01774 -5.92314 -0.78624
-11.6089 0.451979 5.63958 -14.7495
0.179755 -1.39844 1.75338 0.211665
-0.423807 1.9309 -1.06286 -0.283984
-0.57094 2.26503 -2.27961 -0.229272
-0.4042 2.62428 -2.8945 -0.574221
0.054291 -2.49972 2.74675 -0.132096
0.307157 -1.11915 4.38209 0.785141
0.211402 -1.06659 1.26018 0.139449
-0.657875 2.06269 -1.81457 -0.308918
1.17059 0.611392 -0.716845 1.72714
-1.78276 1.86433 -2.94679 -1.76798
0.735467 -1.63143 1.10844 0.998435
-7.01312 -1.31556 1.46302 -4.77793
0.436415 -1.55638 1.33691 0.2877
-1.8507 13.1869 -12.1585 -2.02289
0.053513 -1.20234 1.49305 0.315077
-1.43034 17.0203 -20.8098 0.718227
-0.997598 -0.538565 0.502212 -1.55538
-0.079121 -2.11859 2.07953 -0.078736
1.11612 0.751276 -0.806091 1.82556
-0.767777 -0.779149 4.08365 -2.55361
-2.0083 1.41799 -1.24237 -1.96053
-1.74665 -0.110194 -1.24599 -1.63877
-0.539662 1.0687 -1.74885 -1.47394
-15.0539 54.7503 -49.0933 -10.7067
-2.84603 9.43561 -9.19156 -0.738999
0.412086 -2.10258 1.55394 0.278008
-0.951114 0.588875 -0.534326 -0.906287
-1.05497 -1.37995 1.14726 -0.84695
0.712979 -4.10307 4.15602 0.359503
-1.21804 -0.336004 0.281348 -1.35793
-1.78483 0.085872 -0.093538 -1.69718
0.957539 0.746816 -0.42968 1.40289
1.62578 -3.40273 9.87356 0.167841
-2.19475 -0.424464 0.266397 -1.63159
-0.450446 1.34033 -1.5751 -0.26699
-1.01877 -0.310854 0.416338 -1.4841
2.47948 10.2777 -11.8819 4.2229
1.84362 0.086055 -0.217157 1.71433
-0.085485 -1.10484 4.4034 0.698882
1.22198 -0.402707 0.191058 1.54139
-0.691318 1.1332 -1.14557 -0.493522
-7.01851 -3.12976 2.70927 -7.17945
1.29508 -0.646132 -0.19928 2.08015
-2.93849 -1.76533 3.70241 -1.77473
-0.538503 -1.08644 0.957626 -0.944707
-0.38614 1.58671 -1.45583 -0.339552
-0.459125 1.55049 -0.988192 -0.408863
0.259198 -1.31742 1.242 0.139437
-0.205971 1.54186 -1.93401 0.567043
-0.418855 1.82242 -2.33959 -0.498451
-0.188892 3.24025 -2.70382 2.79526
-0.35015 1.75259 -1.09539 -0.165982
-0.58568 -1.30499 0.88887 -0.935878
-2.13912 -1.80729 1.21694 -1.8211
-0.097515 -1.37775 1.78595 -1.29331
-0.132424 -1.54152 4.73251 0.603092
-0.783486 -1.76239 2.02866 -0.702865
0.393876 1.25792 -1.88486 -0.391028
-2.61655 1.1526 0.661521 -3.44021
-0.754084 0.793818 -1.80033 -1.17247
0.00589 -1.25229 1.26699 0.056054
1.06101 0.862324 -0.63271 1.64705
2.61199 -2.44712 -1.55201 9.93084
-1.74951 0.214824 2.10318 -2.40257
-0.126742 -1.28451 2.98902 1.22166
-0.943057 -0.498315 1.01771 -2.29494
-2.63054 -0.08317 0.409114 -3.22392
0.852367 -1.45177 3.04661 0.922686
0.341176 -1.9154 1.47865 0.320144
1.87615 1.4155 -3.52575 1.49622
-1.04922 -0.6946 0.951015 -1.17146
-1.61834 -0.003383 -0.077037 -1.39592
4.02017 4.65328 -7.66537 4.22206
1.04804 0.362709 -0.436687 1.46149
1.70733 -2.99309 2.29335 -0.275695
1.55806 -5.10064 2.58229 0.711872
0.034326 1.08651 -1.41919 -0.046379
2.05246 -1.4986 1.68576 0.334988
-9.133 -12.4612 16.4639 -11.3315
-1.06023 -0.283562 0.324992 -1.11047
0.654929 -0.831502 1.74493 1.19784
-1.22563 0.164131 0.464811 -3.68049
1.70168 0.790094 -0.587099 1.62775
1.0916 -0.191677 -0.160136 2.0275
1.0064 0.501695 -0.655694 0.964272
-1.04689 -0.444399 0.319983 -1.36808
1.55139 -1.18543 -0.688314 2.73684
-0.496288 1.89516 -1.26303 -0.341147
-1.23651 -1.34809 1.11616 -3.59889
3.4813 -0.217498 1.80273 3.17134
1.59328 -0.373085 -0.134547 2.08992
-1.03923 0.853333 -0.776495 -0.944379
-0.86129 1.05586 -0.648924 -1.12251
4.16198 1.79461 -3.1723 9.02702
-1.05759 -0.727716 1.01196 -2.34533
1.28377 -0.309473 0.281112 1.68001
-1.49634 0.125325 0.520044 -2.29742
-2.96095 -1.9187 -0.518583 -2.60062
0.348603 -2.0074 3.06718 0.382918
-1.16706 1.52168 -2.02098 -1.57233
2.81692 -0.940794 1.42678 2.30375
0.693722 -1.25844 0.807379 0.997603
0.57998 -2.07622 1.95985 0.458156
0.721169 -2.43253 1.63355 -0.000625
-0.31358 1.7069 -2.0118 -0.313053
-0.28833 -1.07163 2.09679 -0.001494
-0.454079 -1.54026 1.06373 -0.847391
6.11229 -1.44076 -2.24202 9.20461
-1.04945 -1.49137 2.35495 -0.126753
1.26963 0.347655 -0.993705 1.16942
1.77395 -1.02149 -0.228563 1.58978
2.10765 -0.480894 -0.553313 2.94989
0.502255 -1.25 1.26715 0.078503
-1.05438 -0.689945 0.535387 -1.67518
-1.00294 0.364935 -0.309228 -1.54682
1.21418 0.259337 -0.556598 1.60559
-1.08123 0.461787 -0.219818 -1.72196
-0.010406 -1.30283 1.27334 0.010411
0.06043 1.62345 -1.42337 -0.058484
-1.99328 0.626226 0.171713 -3.21645
-1.95121 -0.296919 2.19999 -7.07938
1.97628 -0.683944 0.047552 2.14773
-1.12122 -0.418813 0.74741 -1.68383
1.33113 0.112968 -0.36872 1.79489
-7.98772 -0.405018 0.694524 -10.5924
-0.74916 1.98185 -6.62606 -1.18693
0.636889 -1.03725 1.73716 0.40855
-1.96297 5.41802 -7.30251 -1.24892
-0.027222 -1.25988 2.07737 0.44358
1.81846 -4.98965 7.32578 1.19611
-0.497759 -1.13014 1.42454 -1.15687
-1.20314 0.595052 -0.456682 -1.80762
2.24535 0.729327 -0.579501 2.54514
-0.693158 2.69224 -1.70024 -0.646556
0.292694 -1.07872 1.29676 0.133688
-20.8727 -3.86677 10.8751 -27.2046
-0.139721 -3.91637 5.73804 0.579852
-1.64658 -0.768192 2.0781 -0.782243
1.01586 0.581342 -0.667429 1.20351
-3.88623 0.261925 1.55607 -8.94891
1.76255 -0.413753 -0.215491 2.43496
-1.29525 0.089881 0.45341 -2.1361
-1.04701 3.33766 -1.7898 -0.8846
-1.15226 -0.736588 1.08553 -1.11299
-0.431249 1.01579 -1.43228 -0.237768
-10.7379 -5.15476 4.8276 -10.1174
1.41729 0.208351 -0.461414 1.3376
-0.701232 2.06539 -1.78709 -0.208686
-0.321009 1.40428 -1.42385 -0.231301
-1.28092 -0.378065 1.35686 -4.17162
0.044021 -1.2397 1.13894 -0.056893
-7.35909 -1.52053 1.36724 -4.69438
-0.514126 2.15606 -1.31269 -0.312709
0.48878 -1.3483 1.75918 0.172655
-8.68355 -1.93753 4.31027 -14.4484
0.396994 -1.06413 1.4319 0.580626
1.23042 0.324409 -0.377764 1.47611
-1.03349 -0.968644 1.20897 -2.04368
-0.123204 1.07097 -1.48878 -0.402091
0.274676 2.75181 -1.82149 0.803818
0.62641 1.30766 -0.972976 1.17193
0.969914 -2.26334 3.87786 0.564085
0.503669 0.98244 -1.0264 0.422778
1.16055 -0.121538 0.047448 1.28288
0.336245 -1.05284 1.15168 0.204654
-0.213302 1.16689 -1.03653 -0.121558
-0.136623 1.07299 -1.25908 -0.172716
-1.0843 -0.237382 0.227974 -1.13792
0.269433 2.48842 -3.14613 0.010699
-0.820119 3.59484 -1.50897 -0.233959
-1.94853 -0.498377 0.492294 -2.19374
-1.4223 0.082779 0.418428 -1.66123
-1.13596 0.429424 -0.697901 -1.03512
-1.06704 -0.621558 0.949159 -1.32685
1.50072 -0.36734 -0.39891 1.52978
0.496601 3.78889 -10.3342 -1.37578
-0.34826 1.0813 -1.28654 -0.296555
0.195857 -1.12786 1.12065 0.240267
-0.13134 1.05598 -2.17287 -0.456854
1.50367 1.62285 -1.42778 3.04776
-0.460453 2.03882 -1.73298 -0.344855
-0.397719 2.01667 -2.24931 -0.620714
-1.07554 -0.895115 0.984152 -2.02369
2.27747 0.061668 -0.379947 2.71724
0.492624 -2.21845 2.14232 0.161858
-1.76584 3.97219 -5.43039 -1.04005
1.3474 0.138689 -0.331863 1.40167
-0.30666 2.01595 -2.81073 -0.501498
-1.10728 -0.291905 0.233943 -1.2193
0.047038 -1.09573 1.83226 0.120231
-11.8729 -1.70216 4.87117 -10.9736
-1.07909 0.021771 0.293642 -1.81152
-1.17795 -0.285554 0.264097 -1.20276
0.181173 -1.56097 1.26826 0.16578
1.27144 -0.56216 0.238032 1.77332
-1.90493 -0.982594 0.608774 -2.64518
0.459993 -1.15309 1.42312 0.177696
-0.019757 1.07194 -2.92702 -0.272753
-0.966581 -0.682193 0.461735 -1.47182
0.083554 -1.98435 1.15654 -0.346566
1.68434 7.45541 -9.77475 0.476868
-0.349193 1.75762 -1.28816 -0.143918
-1.1103 -0.058606 0.318238 -1.66929
2.37901 -3.17488 9.88631 1.99431
0.69014 -2.53898 2.5997 0.242868
-1.04504 -0.599171 0.623007 -1.67852
-0.163446 -1.86424 1.66115 -0.094831
-0.433263 1.38569 -1.25178 -0.232651
-0.370625 1.24561 -1.21768 -0.158626
1.20728 0.772789 -0.912471 2.21047
1.03785 0.383175 -0.494398 1.37659
-1.8242 0.147565 1.69316 -1.81048
0.008915 -1.07513 3.12095 0.426918
0.100319 -1.07048 1.06151 0.139221
-0.353578 -1.34738 1.90459 -0.111986
1.09413 -0.160453 0.567378 1.37279
-0.910533 -5.20614 6.48142 -1.46493
-0.980564 1.17295 -1.35937 -0.542669
2.35617 0.511873 -0.696222 2.02577
1.21579 0.279575 -0.678128 1.28441
1.70658 -6.47325 3.26706 0.359099
-0.853758 2.82312 -6.87588 -1.1833
-0.358923 -1.0949 1.24683 -0.20242
-0.660864 1.27785 -3.55739 -0.72957
-1.7851 -1.05102 1.23505 -2.21036
-1.05133 -0.530598 0.367043 -1.37037
0.192 -1.04179 1.0805 0.252492
-0.441861 1.90203 -3.18065 -0.404724
-0.577921 1.88182 -2.02939 -0.321003
0.407983 -1.95335 1.20544 0.985583
0.368454 -2.17952 2.38099 0.39761
-5.50264 -0.5309 2.18818 -7.45845
18.494 2.32853 -4.63057 28.1261
-0.378406 -1.62378 2.93282 -2.19026
-0.717136 -0.875083 1.13349 -1.12986
-1.17873 -0.387951 0.326263 -1.29453
-1.07907 -0.557988 0.538889 -1.48986
-1.40179 -0.315943 0.406672 -1.38769
-1.26665 -0.346433 0.429542 -1.42035
1.30341 0.606329 -1.05381 1.14135
-0.359545 1.16183 -1.49163 -0.311491
1.30886 -3.77186 9.00984 2.08722
0.28712 -1.40938 1.43106 0.197901
0.353087 -1.35778 1.39615 0.092798
-0.097334 2.13948 -1.24296 -1.15809
0.211157 -1.30843 1.07803 0.505726
1.11866 -0.002711 -0.23825 1.85095
2.88561 -0.840213 0.316002 2.44569
1.12045 0.006851 0.022441 1.59813
-1.11381 -0.243066 0.344891 -1.62419
0.348485 -3.06447 1.94729 0.330376
1.15772 -0.241195 -0.166296 1.72864
0.909202 1.55147 -1.03967 1.5284
0.082589 -1.60443 1.40991 -0.22413
0.360892 1.96276 -1.75601 1.80683
-0.8591 -0.99151 1.38821 -0.526169
-0.932198 -0.532296 0.88724 -1.58209
0.900855 -0.563476 0.563476 0.900855
-0.080466 1.20719 -1.39015 -0.205284
1.06684 0.226796 -0.411302 1.88345
13.3057 -2.60423 -0.623053 13.3364
0.696157 -1.57861 1.47628 -0.009879
0.440274 -1.58186 1.6361 0.074565
-0.140247 -1.14959 1.2627 0.079925
0.471393 1.29312 -1.43078 0.824671
0.460162 -2.33598 6.43682 0.911476
2.18566 -5.73886 11.6727 1.78086
-0.248468 2.07827 -4.92103 -0.750099
-1.55963 -0.102563 -0.230456 -1.53437
1.87497 0.29267 1.04296 1.61619
-0.070346 -1.09258 2.93542 0.36858
1.48647 -0.198614 1.3307 2.05241
8.1496 -0.718145 -0.360423 10.3126
-3.66164 2.09292 0.258756 -5.3391
-0.662105 1.717 -1.6374 -0.400843
-0.161115 1.36943 -1.30147 -0.130706
1.15898 -0.032267 -0.283058 1.51037
7.89007 -0.148186 -0.539422 9.78627
0.076372 -1.0557 1.2688 0.064395
-1.68152 -0.168905 0.557356 -1.51447
1.15051 -0.137735 -0.111934 1.62025
-0.621694 -0.956006 1.06805 -0.73312
0.855834 0.864071 -0.652917 1.34033
-5.08919 2.00566 -2.8467 -6.19979
-1.60222 -1.15157 1.27455 -1.5819
-1.14652 0.095885 0.472248 -3.54117
-0.062762 -1.49226 2.70418 0.280601
-7.17025 -2.55515 3.46866 -5.55553
-0.440397 1.48075 -3.70553 -0.787542
-1.06751 1.16126 -0.602898 -4.20589
0.395786 -1.0291 2.09651 0.36165
-1.065 -0.33592 0.427765 -1.47741
0.290982 -1.47071 7.15501 1.15734
-9.15072 -5.02485 4.60094 -9.85128
-0.360458 2.03638 -1.64391 -0.2864
-0.880724 -0.633634 0.852336 -1.91989
1.60688 0.754243 -0.692112 3.47075
0.598979 -1.18194 2.22435 0.000106
-0.777342 1.09141 -0.913866 -1.06782
-5.10401 2.85982 -2.79973 -3.73266
-2.5153 -0.870232 0.784883 -3.18855
0.051662 1.5935 -1.17558 0.501995
-0.145613 1.20617 -1.05923 -0.119987
0.56593 -1.24633 0.911144 0.881461
0.02521 1.98165 -2.15016 0.055395
-1.47514 -1.32804 1.50705 -1.17001
-0.208999 1.05652 -1.24185 -0.199101
-1.79751 -0.013099 0.510301 -1.85241
1.33346 -1.99883 4.16301 2.16416
-0.489768 1.98933 -1.32289 -0.270281
-0.667961 2.85252 -1.97193 -0.280561
1.04999 0.446716 -0.38539 1.28093
-1.05739 -1.04759 0.981172 -2.00845
0.359897 -1.62929 1.33459 0.313823
1.3364 -0.24973 -0.028291 1.47952
1.15627 0.157249 -0.246932 1.21287
0.408509 -2.03836 2.97947 0.13844
1.32704 -3.3628 13.6028 2.19573
-0.305467 2.0838 -2.54538 -0.296806
-1.01087 0.504051 -0.395707 -1.25239
-1.35734 0.037802 0.255904 -1.79805
-0.422107 1.39902 -1.1841 -0.387374
-0.55321 -1.68207 1.09614 -0.855559
0.124684 -2.12293 2.65003 0.334519
-2.26907 -0.886352 1.43924 -2.89393
0.345851 -1.84245 1.09021 0.177207
-0.983938 -0.529604 0.577985 -1.96719
0.419286 -1.88888 1.31127 0.244483
-2.45546 9.38648 -5.47399 -0.212356
1.06802 0.093082 -0.429044 1.95007
1.56083 0.395505 -0.68632 2.90606
-1.203 4.14536 -5.35833 -1.0453
0.266387 -1.02604 4.48275 0.642171
0.323964 -1.95466 1.7398 0.216722
0.654481 -4.61344 8.01724 1.11509
-2.09503 -0.34914 0.694427 -2.07269
-1.25241 -5.41265 8.12753 -4.36712
0.533962 -2.06923 1.60511 0.266639
1.11237 -0.159871 0.207709 1.14542
0.431745 -2.01945 1.93739 0.26208
-0.280808 1.37022 -1.03798 -0.19021
0.224591 -1.04151 1.17442 0.184831
-0.815418 3.69443 -1.68245 -0.269713
-0.737077 2.03283 -2.81119 -0.392715
1.02811 -1.73556 2.90915 1.39788
-0.376896 2.05344 -1.14217 -0.167759
1.22479 0.264836 -0.190989 1.25223
1.38467 0.662037 -1.12116 3.85697
0.155726 -1.05009 1.54477 0.235418
0.972115 -2.84239 6.63333 1.67251
-1.28474 2.22635 -1.75902 -1.39866
1.19832 -0.991419 1.45592 1.06666
-2.4549 1.33997 1.57077 -5.76317
-1.32185 7.53744 -12.4844 -2.3035
-1.00436 -0.501919 0.709359 -2.76768
-0.684241 1.20968 -0.819745 -0.997535
0.966126 0.45712 -0.517305 1.74732
1.52967 1.24549 -1.4963 1.56778
0.222753 -1.65642 1.0566 0.260849
-8.17131 2.8486 1.28357 -6.34431
-3.05359 4.90827 -7.44068 -2.52152
-0.609601 1.41684 -2.00691 -0.680691
-0.94569 5.78641 -8.95939 -2.28047
-1.57558 -0.389061 0.505775 -1.59967
8.52628 -0.808547 0.04968 10.5638
2.34306 1.55486 0.364135 2.37525
0.367249 -1.95036 5.14676 1.14509
-5.35752 3.73115 2.06199 -9.87131
-0.606514 2.06505 -1.92324 -0.353542
-1.08505 0.087884 0.107198 -1.60005
0.231315 -2.21324 2.03114 0.096857
0.233274 -1.34735 1.04008 0.438866
0.506663 -2.89061 2.13601 0.387407
0.967271 0.713195 -0.884676 1.36686
-0.887411 -1.13248 1.05422 -1.24336
-0.338856 1.11533 -1.44272 -0.417639
-0.126284 1.13899 -2.2759 -0.444688
-0.736417 -1.08453 1.69493 -0.193433
0.373058 1.40487 -1.0827 0.636415
-1.2748 1.19117 -0.972627 -1.68051
0.873967 0.815376 -1.10264 1.31142
-0.694815 4.94768 -6.90622 0.417679
0.653717 -3.13753 1.25015 0.721721
1.0454 0.277022 -0.190745 1.62308
-1.15114 -3.59735 6.46243 0.320352
-1.08836 0.141183 0.053009 -1.54572
3.26241 1.72266 -1.73879 3.66432
-6.56382 -1.11848 1.26983 -3.5069
1.0443 0.29861 -0.442912 1.79243
-1.66553 -0.653087 0.819812 -1.58739
0.492614 -2.50478 2.36547 -0.888481
2.89029 0.72057 0.2052 1.81992
-1.88826 1.70241 -2.5546 -3.31569
2.19357 3.23403 -0.711865 2.7463
-0.036529 1.13831 -1.0964 -0.021288
-2.05098 -1.13694 1.1604 -1.50595
-1.1826 -1.13144 0.974622 -1.21467
5.79446 1.02597 -1.47218 5.37759
6.17856 -3.03187 3.57022 4.49616
-0.037722 -1.65761 1.47263 -0.162624
11.4843 1.01801 -4.44106 33.1668
-0.290722 -1.11736 1.03088 -0.293466
2.18079 -0.160546 -0.35646 1.90864
-0.004866 -1.53235 2.21609 0.031453
1.54522 1.04933 -1.35138 4.06479
2.26129 0.076365 1.23254 1.72381
0.236598 -1.22812 2.36281 0.286415
0.034387 -2.1021 5.36849 0.808929
0.896958 0.529563 -0.584401 1.12403
-0.52691 1.70421 -1.28977 -0.214097
1.12701 0.131885 0.025147 1.26019
0.158517 -1.46831 1.23817 0.026719
-1.59397 0.414625 0.441061 -4.15662
-1.18718 -0.820593 0.997995 -2.25317
-1.08891 -0.259134 0.211156 -1.14109
-1.14866 -0.417332 0.457828 -1.53191
-0.367762 1.7471 -1.36311 -0.325266
0.624578 -4.12882 4.12882 0.624578
2.40941 -1.47211 1.27183 4.20579
1.10376 -0.258844 0.066224 1.69838
-0.555319 2.41297 -2.14411 -0.984566
0.404041 2.08169 -3.61989 0.011429
-0.584944 1.86433 -1.4224 -0.221657
1.11698 0.149816 -0.119149 1.11252
0.786797 -3.91708 3.38653 1.10867
0.44732 -2.54353 2.72194 0.36162
3.10618 -1.09985 1.95366 2.44547
0.052003 -1.07446 2.32936 0.280445
-0.660634 -3.12402 9.4907 -0.420686
-0.830666 3.10605 -2.83202 -0.936653
1.6052 0.3393 -0.731458 3.35999
1.05239 -6.09252 7.25893 0.740324
-0.175795 1.91887 -2.29361 -0.441008
1.30726 -0.584368 1.30434 2.49126
0.12141 -1.63309 1.46021 0.141789
0.836 -4.25807 4.78949 -0.497083
-0.598528 2.0905 -1.34249 -0.31351
-0.242648 1.35056 -1.24092 -0.130103
-1.11694 -0.18825 0.110899 -1.07142
-0.026545 -1.06712 1.08878 0.010157
1.0198 0.198538 -0.166782 1.15818
-0.36709 1.80067 -3.08193 -1.31004
-0.830069 -0.863028 0.782757 -1.25341
0.485601 -1.39025 1.91293 0.141906
1.65589 -1.46422 0.535147 2.22967
1.87239 -6.6344 12.9713 1.24446
0.690926 3.16667 -6.66849 -0.921239
-0.777198 1.13068 -0.934559 -0.712709
-2.37929 12.7257 -9.71627 -1.88612
0.487332 -1.57766 1.10516 0.187227
0.147951 -1.15668 1.36349 0.107389
-1.19045 0.166553 0.663789 -2.17726
-0.318057 -1.38655 1.12334 -0.631854
-1.20466 -0.949214 0.231266 -1.33828
2.16564 -8.04389 7.05494 1.18183
-0.299384 1.28817 -2.36063 0.819736
-0.074752 1.06852 -1.2811 -0.124836
0.011969 1.2603 -1.22364 -0.246012
-1.14609 3.68775 -5.62415 -1.44038
-0.193496 1.96064 -3.66217 -0.263937
-0.972812 -1.22522 2.09102 -0.098605
-0.725326 -4.13386 7.00201 -0.358789
