2500
751.7 674.908
388.121 375.928
226.458 486.212
1028.78 373.557
258.856 275.802
624.108 355.457
1089.8 353.112
614.332 278.228
830.479 505.977
317.121 334.197
671.846 534.933
113.111 350.315
1031.84 433.095
1168.36 471.066
1125.23 298.047
333.351 560.629
588.579 345.477
676.062 663.685
434.149 292.224
585.254 648.809
514.245 476.586
657.38 292.124
398.346 377.846
699.025 360.156
412.466 222.124
377.215 181.444
1139.48 339.06
522.02 468.776
1069.89 243.329
747.021 454.159
1064.74 346.33
1338.66 195.256
106.112 494.628
1053.34 337.84
534.46 551.159
554.869 333.583
1365.72 186.827
108.119 478.662
1093.49 297.846
755.413 373.171
362.129 519.39
133.422 313.639
220.492 348.306
656.856 356.987
644.686 430.51
433.984 221.482
686.851 352.511
1137.47 335.634
1069.89 243.329
1370.87 201.783
442.506 273.679
986.108 507.614
1181.79 329.755
216.866 323.546
991.786 507.152
765.264 365.482
986.305 503.009
419.604 242.864
664.616 352.277
425.778 251.21
703.258 539.951
699.058 356.678
575.178 279.931
753.169 681.033
347.901 577.194
548.787 465.192
634.183 503.865
671.867 670.885
660.843 436.677
250.973 404.4
609.332 650.677
1343.61 195.92
1112.03 357.951
533.983 467.975
761.313 681.066
749.911 371.102
344.374 596.388
634.8 439.309
592.23 275.39
1153.04 521.822
647.664 664.554
250.6 308.553
117.78 344.15
276.915 543.806
426.448 252.088
660.951 661.094
245.024 413.029
739.63 295.73
1104.64 205.72
1105.86 405.073
388.293 393.827
317.001 214.185
1148.54 437.078
648.129 667.906
777.216 764.385
1114.94 313.761
169.93 489.365
1084.79 274.099
95.1344 443.687
498.121 507.145
322.371 411.753
745.57 676.479
1107.23 339.328
578.847 273.568
332.667 319.154
536.924 508.128
303.67 347.508
428.149 204.015
704.177 282.779
162.938 448.726
447.878 249.581
372.6 366.147
724.081 675.687
709.16 297.302
1215.8 369.126
561.55 416.067
183.541 197.431
723.254 360.084
610.932 276.448
1115.58 311.244
632.246 664.894
1002.54 443.739
704.98 440.484
296.019 191.043
383.994 512.697
543.823 514.528
1002.54 443.739
365.825 473.036
1106.67 335.892
494.167 509.382
1362.68 187.697
679.465 667.369
582.392 554.376
396.513 460.843
1351.36 207.748
1352.87 371.347
1107.32 434.241
248.132 398.752
732.583 674.775
573.386 556.672
315.976 370.397
451.738 700.593
746.447 366.859
1158.72 294.698
233.63 495.614
1118.11 286.768
703.349 293.595
660.951 661.094
750.013 473.305
645.665 664.815
789.187 687.677
68.1994 531.62
1063.87 299.831
1094.5 386.546
543.934 341.826
416.524 403.972
1247.83 326.354
644.176 292.827
683.357 440.998
636.573 659.724
1219.78 369.165
700.216 675.664
541.604 556.235
738.699 301.751
1363.32 210.562
658.629 528.701
489.028 549.848
575.258 650.082
1354.3 182.037
545.071 343.998
184.879 384.382
713.164 359.106
1235.49 528.944
511.529 496.293
724.228 672.106
1133.78 394.823
196.172 238.577
710.951 361.355
367.465 199.774
225.217 208.563
523.093 511.921
564.627 554.674
394.102 294.107
1358.63 208.296
581.063 656.876
639.562 356.362
711.378 519.928
436.805 270.726
1088.54 356.943
813.845 691.736
522.002 549.353
366.097 303.907
821.919 690.438
577.765 650.812
613.767 662.16
315.815 323.636
550.408 560.305
85.9217 534.485
607.5 277.082
662.185 666.659
825.651 462.684
788.873 309.252
370.141 459.034
753.704 679.383
1384.54 605.599
672.597 535.9
607.919 350.674
668.092 355.554
560.187 344.171
1033.28 377.244
207.359 231.168
1177.16 473.233
1009.88 444.626
540.208 497.07
575.546 559.293
780.714 682.178
920.327 302.023
753.813 475.882
694.359 349.906
1093.39 344.607
387.634 277.656
571.679 559.306
249.547 409.916
639.595 665.852
610.932 276.448
388.22 513.693
504.474 544.632
699.787 303.238
710.951 361.355
762.445 676.59
757.234 294.311
1051.18 369.908
1263.87 365.346
686.271 668.707
743.087 675.87
1244.24 559.49
571.779 649.924
286.314 681.758
1069.67 351.527
237.041 562.253
559.36 438.92
707.041 490.095
649.316 358.068
1353.11 188.129
560.571 556.219
598.276 327.982
1127.3 305.047
1390.29 205.681
410.934 273.975
1004.97 430.453
818.651 304.41
765.408 677.638
1362.68 187.697
577.402 555.332
920.327 302.023
607.017 347.659
908.919 310.94
351.679 563.992
1050.71 355.652
1175.38 280.755
1357.6 196.252
702.038 521.904
727.902 745.723
708.313 540.615
620.59 345.577
170.475 235.27
529.124 511.899
755.413 373.171
491.498 544.205
768.879 365.284
632.656 284.047
439.17 289.546
664.36 473.345
440.185 272.061
669.858 360.863
394.327 388.455
1096.11 369.619
451.738 700.593
366.009 511.045
574.854 348.998
750.556 671.494
1151.58 458.935
620.473 656.017
1003.37 494.315
634.631 347.209
424.332 241.559
598.071 648.835
527.938 549.804
388.683 177.407
759.584 683.336
806.939 691.391
554.869 333.583
672.266 531.318
577.387 280.292
784.647 302.019
822.657 306.265
634.69 354.076
1120.19 388.378
1060.3 361.201
595.095 566.204
196.172 238.577
530.136 412.582
647.41 357.713
571.83 347.838
770.639 306.622
1158.72 523.179
783.878 297.98
1091.47 266.413
512.02 551.078
756.811 299.096
367.319 565.934
48.1778 475.866
577.039 556.155
1089.62 298.35
232.5 358.768
500.912 546.075
422.432 251.757
617.201 277.688
671.287 660.125
1152.96 460.985
594.7 658.214
708.276 456.378
557.05 555.613
222.713 571.799
559.36 438.92
1084.54 335.673
642.511 505.093
743.087 675.87
759.35 366.374
698.716 355.372
412.58 283.19
752.661 472.368
723.18 449.635
1123.76 498.272
1196.1 532.142
681.263 672.654
826.118 454.18
1347.93 176.769
624.167 508.189
627.533 284.113
711.032 363.533
560.674 345.826
1358.23 378.203
718.768 365.304
1082.12 357.021
1061.99 358.005
1084.91 360.971
613.495 418.977
756.682 295.886
1195.22 300.512
750.444 369.099
803.145 684.757
595.239 350.693
622.48 520.827
1058.27 357.452
1192.55 476.219
607.906 656.388
678.36 669.556
1358.63 208.296
1211.34 327.05
742.73 364.408
546.255 552.593
545.071 343.998
329.842 559.966
746.171 362.467
689.231 349.865
1370.05 201.647
246.879 399.392
646.229 419.891
1103.86 317.414
1005.14 437.296
571.779 649.924
1099.48 442.376
291.688 465.697
802.621 686.299
758.993 296.697
613.918 276.848
1079.05 369.735
234.632 376.427
426.538 247.756
428.765 220.387
100.555 352.686
798.078 690.494
216.42 193.722
461.022 711.642
636.085 356.178
363.356 522.407
566.265 494.797
739.864 680.938
1112.28 325.39
310.509 346.924
600.926 661.951
264.799 188.026
584.842 437.866
366.009 511.045
1357.16 213.574
544.975 335.334
711.378 519.928
768.108 366.206
424.506 300.235
617.201 277.688
655.282 354.094
107.034 363.004
736.69 680.89
823.852 695.051
1341.15 203.771
821.218 769.083
1366.88 214.41
1048.93 317.129
1046.72 341.953
517.282 509.071
1153.29 466.665
1351.27 197.634
168.874 304.258
345.979 599.475
826.004 362.758
186.581 499.184
607.5 277.082
590.55 650.547
1359.45 570.157
1174.92 357.257
1360.94 220.804
725.778 677.978
661.202 358.077
704.516 299.001
634.924 484.863
644.176 292.827
1392.74 202.886
1151.58 458.935
1342.23 207.575
1135.25 315.228
1063.96 440.672
372.452 543.686
810.609 692.451
239.147 230.996
795.691 768.327
1028.78 373.557
717.243 373.237
1195.55 530.965
819.68 762.406
761.126 681.177
1097.73 310.122
251.691 305.358
1106.04 484.826
1179.28 272.793
352.814 563.107
1189.29 532.746
619.432 659.229
724.081 675.687
595.18 423.852
450.808 707.978
339.181 242.214
1349.6 204.341
738.109 355.667
592.15 552.317
449.905 226.574
545.122 496.11
534.077 552.728
587.65 657.035
511.681 545.764
622.61 659.205
1380.62 203.258
562.157 342.735
1180.15 340.031
1087.11 370.246
1387.77 606.862
1095.36 450.307
507.818 550.082
1364.96 211.626
644.136 528.411
314.096 390.118
1346.42 381.528
441.91 186.184
721.321 365.846
587.624 344.296
602.711 654.378
556.387 548.378
329.109 359.531
699.025 360.156
651.014 354.82
682.87 362.289
583.189 558.125
1232.57 529.917
616.813 467.472
206.589 167.551
512.277 547.477
1082.73 355.227
242.12 360.1
1107.07 284.668
566.881 340.196
428.172 222.842
725.095 450.013
752.245 366.137
1080.22 356.762
558.64 556.236
670.602 285.795
1364.56 213.303
1141.15 353.951
562.213 273.514
819.778 693.78
438.593 219.734
1185.8 343.951
1176.99 474.029
568.374 272.299
1073.35 362.303
632.656 284.047
717.618 676.28
415.613 296.211
674.543 287.619
1357.3 214.603
511.466 496.764
652.248 363.281
1206.6 371.673
630.496 658.819
431.175 247.589
367.465 199.774
426.538 247.756
1036.48 433.521
736.134 295.808
603.63 274.135
695.169 295.595
651.338 529.135
371.894 456.992
631.828 355.89
422.082 178.672
519.291 548.667
663.695 670.039
1208.65 372.045
556.536 555.055
826.602 761.976
663.251 662.723
392.168 384.887
662.185 666.659
1270.11 556.69
338.546 387.029
449.905 226.574
1039.12 399.268
418.376 291.205
359.608 506.083
634.94 280.802
1036.35 352.592
793.231 685.294
697.134 364.065
1035.46 462.808
701.817 480.78
581.797 342.71
387.638 370.735
340.862 386.143
530.136 412.582
716.885 678.301
659.245 665.026
645.972 359.473
567.441 338.632
686.408 670.467
614.332 278.228
601.508 562.132
988.248 490.411
638.066 659.747
639.727 665.007
1100.24 444.813
598.5 476.911
745.861 749.123
625.668 279.349
360.137 516.637
1387.87 197.86
267.663 268.684
579.664 559.736
202.934 286.861
1069.94 403.995
1106.17 273.004
1244.59 557.557
523.227 446.476
363.585 531.391
508.392 544.915
439.611 190.506
1104.95 248.835
1143.71 395.746
542.573 252.343
617.975 466.751
372.363 295.659
660.933 662.757
629.397 348.983
658.525 352.872
648.934 352.963
494.008 540.431
792.881 687.807
1014.4 400.627
570.415 520.788
749.62 681.669
1258.03 351.674
1242.13 408.274
697.536 516.424
989.748 504.851
369.296 540.346
592.831 559.132
519.291 548.667
1291.04 545.535
580.846 659.754
988.333 500.348
544.885 516.145
572.787 655.39
674.922 536.842
634.94 280.802
85.9731 551.677
639.804 357.361
802.744 453.47
647.546 659.968
72.8049 477.379
334.195 538.402
424.983 219.065
599.281 506.116
580.57 654.072
705.372 456.349
638.662 350.213
706.672 482.116
1164.23 386.065
843.434 797.481
774.399 751.708
613.027 650.324
449.077 713.459
734.122 295.269
759.707 687.194
554.256 552.398
1364.83 212.572
186.581 499.184
829.865 305.234
686.49 669.738
550.368 549.323
624.167 508.189
1199.17 532.661
564.117 552.2
541.487 469.069
1071.41 437.415
644.51 355.427
614.844 455.272
404.007 439.313
432.14 295.89
811.905 696.756
158.353 450.415
565.263 654.283
323.733 541.055
605.061 560.155
512.198 494.15
587.54 339.389
584.873 467.222
670.502 668.855
512.293 500.734
725.095 450.013
1048.93 317.129
770.56 679.265
102.882 388.049
599.647 655.104
823.069 692.01
668.589 672.592
586.195 282.454
1363.32 210.562
662.185 666.659
773.524 753.089
566.723 342.776
1158.4 525.142
642.76 479.105
602.189 278.837
1083.63 336.298
536.924 508.128
448.893 259.068
751.839 295.445
326.393 357.759
705.49 506.79
1347.77 183.702
1071.89 228.048
645.967 509.121
1358.38 176.769
382.194 413.292
548.466 506.99
1244.24 559.49
794.524 507.007
1345.59 366.123
338.632 384.904
607.906 656.388
485.887 539.49
370.517 294.122
1063.91 251.382
619.69 280.253
1074.57 360.099
565.973 279.065
515.866 497.789
1048.54 346.758
664.594 509.351
569.136 488.149
1183.6 315.502
600.137 505.674
603.213 563.134
697.134 364.065
346.099 598.436
1111.3 297.49
1323.96 552.544
1351.25 210.096
434.606 301.486
1141.33 396.103
793.155 682.715
707.216 475.943
163.786 269.636
987.322 506.533
189.832 427.531
337.748 585.506
652.499 532.337
1227.28 359.195
652.001 283.892
1112.03 357.951
581.338 522.288
1126.6 391.318
628.953 658.179
1110.61 286.243
558.64 556.236
543.934 341.826
759.152 295.093
368.554 508.1
702.848 667.055
388.603 182.62
1100.96 382.11
802.833 686.02
1121.17 279.393
665.29 665.593
364.072 500.81
1099.86 345.957
618.259 343.644
763.647 686.139
359.17 479.25
400.498 360.19
330.709 560.548
654.257 285.846
319.726 469.258
1096.76 441.855
717.801 675.402
394.718 357.517
202.934 286.861
672.597 535.9
1365.72 186.827
785.71 457.274
277.712 525.153
652.499 532.337
373.119 539.502
284.715 257.109
169.58 501.476
361.312 525.392
615.281 661.306
735.229 669.555
545.637 552.627
321.289 358.933
566.627 432.696
568.425 283.742
600.096 558.086
643.017 506.024
610.116 285.734
609.224 463.888
722.176 285.782
704.772 456.714
391.782 491.781
734.773 754.237
571.779 649.924
794.245 679.743
604.072 340.834
724.396 670.81
1034.85 559.162
755.568 680.598
370.136 197.778
1375.12 202.816
1089.45 374.127
1347.26 185.598
641.613 657.777
587.166 457.973
722.335 357.163
1099.48 442.376
613.486 459.755
580.303 557.576
987.817 503.708
588.625 561.513
1038.09 358.145
564.746 283.522
220 190.169
674.147 671.635
588.551 275.487
262.815 278.568
697.736 296.332
1212.91 429.844
610.277 661.009
567.254 283.732
116.354 345.197
418.472 192.865
608.609 280.249
640.423 664.044
636.864 473.293
1359.2 174.893
449.077 713.459
1154.82 509.241
1030.51 436.692
648.086 532.448
565.936 493.798
733.82 361.275
517.941 486.783
1101.33 539.722
727.744 368.308
709.107 673.001
1246.22 517.553
1152.19 460.071
759.35 366.374
104.361 408.276
433.262 225.294
381.749 529.733
292.066 192.327
718.768 365.304
679.301 667.884
671.85 665.447
318.08 345.671
620.293 654.323
547.726 547.068
637.113 527.779
1069.3 352.108
511.569 485.644
607.919 350.674
520.845 512.913
618.186 346.063
389.147 371.102
986.108 507.614
701.817 480.78
1345.59 366.123
587.67 647.341
210.745 503.41
1364.82 190.133
356.981 504.97
588.539 510.072
568.31 497.324
557.05 555.613
707.041 490.095
1073.77 351.348
1168.36 471.066
1173.11 363.163
578.801 471.954
404.997 437.222
604.642 659.667
1009.83 461.643
818.779 686.089
1003.37 494.315
1185.8 464.738
1389.9 191.877
713.652 671.032
758.668 482.977
654.338 660.351
773.551 679.334
603.459 275.652
668.553 664.724
1361.25 185.449
592.799 563.885
736.697 362.114
591.23 520.645
601.338 350.334
1155.92 337.061
626.831 417.185
695.722 292.465
622.357 280.039
705.365 366.132
839.982 308.028
625.341 276.68
777.929 680.91
1200.13 370.241
384.671 189.05
541.487 469.069
640.263 289.132
699.025 360.156
690.392 356.584
232.898 582.076
775.138 687.2
1135.76 314.064
1177.16 473.233
109.385 365.403
1073.3 350.712
704.943 297.252
603.107 651.607
810.899 448.848
1181.3 389.28
1036.8 462.338
596.851 558.04
512.02 551.078
414.199 191.762
436.441 197.444
577.367 340.018
190.184 350.271
565.353 507.242
1368.4 226.352
721.75 743.693
1107.91 388.047
539.307 554.445
1027.51 366.428
616.143 657.386
726.358 675.464
698.949 748.909
248.789 418.955
605.917 417.57
632.223 349.113
1356.79 183.33
709.16 297.302
879.286 332.896
1057.53 347.566
1279.71 501.588
726.575 677.552
1117.39 391.19
597.799 516.049
321.448 538.693
63.9749 566.705
191.785 351.262
263.393 278.251
625.341 276.68
1024.63 446.207
818.651 304.41
788.873 309.252
647.045 421.023
647.584 666.875
602.246 658.185
645.336 660.412
650.83 413.989
675.104 513.4
1356.82 226.358
571.885 650.085
701.711 667.432
583.809 467.965
1158.88 318.637
1094.87 378.411
653.347 350.025
534.656 492.971
549.196 340.747
674.558 669.659
1100.08 358.728
1046.46 431.667
409.553 227.382
578.733 561.498
720.382 667.696
1388.67 210.888
617.975 466.751
1006.29 441.943
816.357 689.673
1137.04 351.905
1178.75 517.524
725.17 673.707
1230.58 338.98
1111.82 274.219
1122.63 314.142
500.912 546.075
1091.82 319.173
569.38 281.079
655.898 351.118
441.304 243.389
1222.96 356.357
688.077 354.66
1063.45 435.158
292.477 402.431
706.146 452.21
664.732 663.532
739.248 308.339
568.425 283.742
110.733 557.333
543.07 253.168
553.506 548.405
697.536 516.424
1078.69 357.071
242.12 360.1
649.262 361.126
622.23 658.991
602.477 563.639
404.997 437.222
1334.48 210.797
99.3268 426.779
1178.31 477.466
1126.4 393.221
686.49 669.738
350.329 309.75
704.301 301.298
823.852 695.051
251.508 402.596
1276.75 344.434
382.803 516.18
548.994 510.526
316.845 345.613
523.906 510.282
369.348 505.097
732.583 674.775
752.482 677.728
536.203 553.267
425.124 384.339
511.967 486.821
721.177 370.262
1127.71 308.902
753.258 680.16
604.072 340.834
285.092 269.031
1121.07 289.734
250.573 306.651
1053.38 269.783
742.913 363.04
368.143 542.705
1156.2 385.693
597.909 413.682
549.469 338.898
1042.87 314.124
723.137 676.929
222.176 342.564
1364.96 211.626
1181.34 516.833
803.75 300.901
121.572 340.492
800.232 695.444
400.053 329.95
581.144 554.664
228.949 373.603
459.137 212.43
804.442 684.848
314.096 390.118
186.023 247.241
580.195 340.352
147.848 289.759
523.093 511.921
534.19 514.408
188.704 248.609
595.987 343.182
673.766 673.641
1164.43 337.313
449.262 705.945
1104.2 314.146
604.601 407.032
561.74 275.218
338.546 387.029
1231.84 308.822
601.249 417.716
792.123 689.83
1319.71 529.025
544.879 513.182
601.587 558.654
606.381 652.38
400.116 463.782
703.623 456.226
604.93 654.442
713.652 671.032
817.153 685.93
358.718 497.976
211.991 344.137
716.001 361.174
591.793 560.687
220.14 313.332
486.242 545.953
708.313 540.615
613.474 353.253
299.711 564.402
212.521 341.231
1189.16 297.94
1134.56 331.273
399.443 472.848
654.145 286.438
342.808 409.243
1029.14 444.646
517.279 544.259
164.892 267.155
1359.07 206.246
1045.27 347.283
833.652 465.647
352.814 563.107
822.452 511.748
843.06 460.243
389.376 181.052
424.264 299.158
568.121 431.749
981.973 509.219
351.313 288.047
686.376 360.358
1065.23 437.73
632.964 653.666
1042.53 327.549
1182.48 435.879
704.492 668.559
1360.94 220.804
537.282 471.78
718.242 371.984
238.815 215.944
1089.62 297.047
333.573 539.89
718.401 368.923
563.836 349.663
390.428 362.754
466.332 205.634
694.185 669.596
560.573 553.438
678.214 671.043
1097.69 387.821
611.493 346.232
507.587 550.792
516.072 406.539
426.448 252.088
579.103 565.06
388.121 375.928
659.689 661.916
644.754 662.079
822.072 694.224
542.573 252.343
636.388 347.957
170.09 233.932
656.841 354.892
594.916 561.691
660.108 667.106
1152.12 507.641
810.801 691.495
626.203 347.485
718.483 360.258
569.817 277.826
424.143 180.028
583.01 448.01
737.734 358.131
657.345 668.591
1402.32 523.818
374.198 536.631
594.916 561.691
710.364 289.309
601.088 419.858
1066.83 446.2
161.255 451.406
668.553 664.724
454.214 224.346
1043.39 372.509
398.346 377.846
768.984 686.396
354.813 538.379
543.977 549.96
577.402 555.332
668.162 662.121
1166.39 473.129
1135.76 314.064
698.478 667.804
673.818 662.583
610.432 351.114
608.035 344.368
634.294 530.129
624.768 509.356
817.871 445.371
799.936 682.342
1107.07 284.668
504.663 542.426
1359.45 570.157
739.726 682.015
1040.62 315.566
756.835 684.968
1009.67 452.686
618.165 662.68
424.824 289.247
713.164 359.106
344.795 334.245
733.788 675.061
291.638 184.343
1035.36 449.212
583.015 656.197
383.507 384.969
619.69 280.253
575.484 275.819
1133.15 322.997
414.42 425.007
764.026 364.074
1031.44 439.259
1085.34 380.146
211.991 344.137
636.114 349.637
633.197 661.394
784.647 302.019
698.659 447.651
589.394 344.109
1393.88 211.199
645.336 660.412
489.169 548.943
721.485 359.682
548.814 331.132
547.826 515.366
508.777 271.14
279.668 282.986
204.489 339.208
548.6 493.427
631.526 528.078
703.174 428.314
654.257 285.846
804.284 769.803
702.572 494.891
1101.21 406.772
657.488 351.062
423.312 214.268
381.627 391.719
563.089 450.136
1167.85 306.907
728.345 467.2
1337.62 185.896
591.08 351.203
773.551 679.334
587.166 457.973
1073.77 351.348
640.423 664.044
640.423 664.044
557.866 332.072
826.602 761.976
1244.59 557.557
395.147 362.937
523.594 546.261
596.466 560.703
394.42 508.548
681.912 664.18
762.831 679.881
1284.34 405.961
1183.6 315.502
504.637 549.954
580.589 557.702
713.368 668.285
1072.06 363.006
1288.39 365.126
344.795 334.245
686.196 531.178
652.001 283.892
406.492 399.37
508.392 544.915
426.759 259.926
803.729 681.462
498.121 507.145
578.733 561.498
536.924 508.128
539.601 553.105
624.166 653.158
597.924 659.258
1076.8 351.201
578.773 647.845
370.136 197.778
206.956 453.443
805.945 687.263
382.178 476.421
381.851 532.022
1146.05 360.827
157.625 567.238
290.305 252.722
1130.67 350.37
785.182 681.286
350.863 518.535
603.905 557.267
179.882 491.734
378.103 536.757
434.384 245.236
178.413 400.22
707.521 666.066
518.432 548.837
706.822 750.975
662.293 354.576
457.111 228.036
350.16 537.74
48.1778 475.866
1091.06 306.328
1045.01 360.078
654.278 361.768
690.5 450.086
347.04 552.793
326.892 364.078
806.045 303.188
1069.94 403.995
1122.32 390.633
784.946 308.116
703.786 358.579
584.842 437.866
1064.2 382.659
662.185 666.659
1106.17 273.004
418.191 219.493
618.121 501.343
170.09 233.932
762.586 675.408
682.614 666.668
1091.06 306.328
114.747 373.437
654.164 519.944
456.876 232.85
612.253 278.329
136.403 310.828
683.888 361.244
632.379 663.91
378.294 362.737
704.728 667.537
1133 280.446
529.799 511.807
549.714 332.465
767.695 684.959
556.797 557.168
522.632 469.747
301.802 253.056
397.882 468.799
225.18 488.839
756.384 439.059
179.574 243.401
1109.92 381.686
611.513 416.233
1089.81 314.801
265.425 193.544
351.806 387.429
744.843 678.496
1183.6 315.502
616.266 287.805
969.685 449.772
548.441 341.738
749.911 371.102
664.759 355.234
713.123 363.162
1219.85 324.77
371.072 510.961
425.778 251.21
604.93 654.442
647.555 361.022
1189.43 534.988
603.904 278.126
1145.62 328.907
1338.89 178.608
1155.92 337.061
508.608 500.1
642.442 669.278
840.121 792.799
356.802 544.356
700.025 287.818
491.73 542.085
347.789 384.912
816.783 306.224
660.933 662.757
1137.41 336.399
368.287 538.843
583.819 344.902
879.286 332.896
53.7787 546.658
1036.48 433.521
637.033 356.884
619.933 278.089
839.662 309.752
607.906 656.388
744.144 494.072
186.023 247.241
711.177 469.501
724.919 369.633
412.58 283.19
728.553 671.99
730.395 423.835
732.945 676.143
1151.96 467.882
671.003 352.731
613.495 418.977
534.656 492.971
802.744 453.47
566.699 501.781
136.403 310.828
816.783 306.224
556.025 552.981
1043.59 377.418
1045.8 355.11
247.356 168.541
577.41 442.717
592.799 563.885
667.409 489.884
752.55 680.04
1164.27 335.35
983.947 506.28
668.192 668.772
1380.32 210.983
663.834 667.908
549.714 332.465
311.612 480.079
1193.39 284.933
190.275 252.091
733.788 675.061
786.09 684.87
491.73 542.085
748.781 362.777
679.846 537.402
385.305 569.08
1151.54 292.64
1076.6 382.094
701.52 297.186
549.065 517.84
1034.85 559.162
171.725 274.805
387.818 525.877
1024.63 446.207
731.286 487.161
611.482 654.992
595.552 560.202
560.571 556.219
1076.8 351.201
350.111 528.579
529.422 508.733
614.815 656.271
167.947 392.489
713.678 286.288
95.1344 443.687
575.17 520.774
339.044 527.722
371.426 191.613
796.565 689.76
366.397 502.399
1115.58 280.489
1387.77 606.862
679.605 672.618
825.213 689.811
380.053 534.893
603.904 278.126
366.086 302.88
343.462 322.517
551.255 557.125
729.051 679.202
709.689 366.414
193.164 398.071
448.893 259.068
1151.31 475.602
303.67 347.508
1041.94 316.087
1172.43 309.249
701.232 359.218
586.094 555.395
564.746 283.522
1156.21 334.527
373.119 539.502
664.759 355.234
745.813 297.162
1198.9 534.765
577.039 556.155
1227.65 537.48
671.85 665.447
574.634 555.756
1099.66 302.509
984.418 506.171
701.107 298.277
664.759 355.234
1072.41 366.274
212.547 483.838
557.694 547.139
229.937 374.252
190.328 355.754
495.41 541.054
834.837 786.212
1365.72 186.827
710.931 517.513
619.933 278.089
400.789 308.67
364.884 511.021
584.873 467.222
639.595 665.852
908.919 310.94
179.926 513.767
541.746 555.681
1343.76 208.216
254.821 332.687
92.6869 504.633
369.198 414.56
185.892 226.272
267.024 191.592
793.155 682.715
695.313 664.393
638.786 343.851
608.619 652.367
1089.17 355.898
327.179 318.335
596.343 653.222
709.107 673.001
698.245 675.259
585.675 556.844
583.175 349.293
379.073 299.433
674.558 669.659
1135.22 303.367
1344.16 193.925
750.444 369.099
606.15 653.101
641.212 658.865
496.899 546.706
628.427 353.75
1351.25 210.096
594.146 286.193
190.728 246.594
390.912 388.417
1373.13 223.156
341.7 407.38
636.573 659.724
659.264 352.412
466.722 206.76
1375.12 202.816
801.969 692.177
1133.16 314.151
738.985 293.968
483.279 721.589
653.41 667.775
652.85 351.568
649.369 507.104
1349.36 207.495
214.258 504.115
747.36 371.458
385.403 516.349
602.189 278.837
321.941 561.311
231.93 582.334
699.244 532.026
1115.85 308.572
728.721 747.408
740.461 363.535
1132.56 305.94
563.733 508.018
704.301 301.298
1135.35 512.31
1223.65 552.912
704.492 668.559
560.573 553.438
358.337 559.312
1345.1 184.989
517.941 486.783
436.884 290.402
581.656 649.149
548.389 272.532
720.948 367.075
370.141 459.034
1253.65 427.997
698.36 674.513
717.088 360.811
413.792 295.362
969.685 449.772
633.944 657.082
1363.75 215.578
589.713 275.542
819.68 762.406
688.586 519.206
234.676 378.626
112.253 357.779
609.263 288.252
733.313 480.613
1032.14 412.602
590.713 657.288
674.564 667.13
444.061 244.801
703.174 428.314
316.208 452.232
594.511 477.713
753.258 680.16
759.584 683.336
676.228 745.233
759.907 367.159
665.402 487.102
362.129 519.39
1120.12 299.065
514 489.377
732.083 680.746
183.58 372.993
236.072 549.767
1045.8 355.11
604.936 346.072
431.813 226.035
500.244 548.85
552.957 330.061
604.708 656.27
827.732 304.523
1047.67 368.162
434.06 247.636
647.672 356.127
578.733 561.498
687.961 356.179
1044.63 331.125
822.657 306.265
544.025 409.854
778.364 686.891
555.79 408.98
729.453 441.344
1179.96 359.209
699.76 537.027
651.726 361.738
619.07 350.205
1232.57 529.917
1141.15 353.951
629.17 526.462
654.145 286.438
581.656 649.149
391.184 369.64
1313.08 367.197
604.143 658.101
1178.98 478.131
509.467 543.641
284.436 443.811
706.603 671.039
523.906 316.68
573.318 279.915
1110.09 378.206
511.529 496.293
799.812 684.63
1114.21 390.078
1095.63 375.352
307.785 322.157
649.311 293.644
746.879 468.174
704.728 667.537
115.847 393.139
775.138 687.2
1374.67 212.589
781.42 680.165
379.77 544.666
363.888 300.374
1211.45 313.437
365.8 541.096
775.26 306.921
683.357 440.998
113.303 364.636
1096.11 369.619
618.203 286.791
1076.86 349.362
522.935 317.239
1358.38 176.769
742.913 363.04
659.148 660.613
319.726 469.258
642.511 505.093
615.72 662.335
637.754 353.898
620.865 508.994
1392.74 202.886
68.672 568.416
98.79 501.186
751.691 450.091
1225.73 548.747
588.539 510.072
1184.78 391.597
104.361 408.276
763.006 486.359
1193.9 304.565
519.766 548.807
780.362 757.343
698.182 432.755
666.623 538.181
591.42 345.617
675.104 513.4
289.957 210.09
755.36 678.395
1199.35 305.367
187.791 483.776
231.936 550.258
637.278 427.218
1098.63 410.164
1009.93 453.719
378.103 536.757
1061.47 359.856
402.972 358.786
788.167 448.604
238.475 378.93
279.668 282.986
722.946 291.671
504.9 540.302
197.574 204.821
99.3268 426.779
773.945 301.389
690.15 291.678
176.278 577.662
644.686 430.51
440.185 272.061
534.127 460.701
441.304 243.389
1009.83 461.643
697.075 419.748
1205.01 509.583
664.732 663.532
406.745 440.374
510.837 499.194
550.297 346.037
563.664 348.228
324.949 318.295
618.186 346.063
1047.46 289.007
708.953 458.606
292.436 254.413
286.928 509.168
1044.34 368.157
563.709 278.293
539.872 551.422
1121.07 289.734
795.736 695.124
628.236 515.571
829.242 779.848
186.911 506.711
723.707 679.383
497.335 508.56
580.09 338.199
570.134 505.809
1180.24 519.365
1350.57 222.595
1093.39 344.607
175.737 569.269
706.83 290.128
638.596 283.38
607.267 660.846
190.387 578.506
409.553 227.382
1117.35 436.641
1069.3 404.298
610.533 659.08
545.787 257.071
506.037 545.288
731.726 669.195
699.025 360.156
309.928 255.041
391.184 369.64
592.773 342.45
1010.17 441.626
789.187 687.677
415.646 420.848
758.618 676.406
254.821 332.687
764.026 364.074
1078.2 270.904
773.185 297.726
1323.16 184.259
758.155 297.569
720.938 362.808
740.284 756.839
534.656 492.971
791.864 685.568
568.374 272.299
415.612 421.677
1062.4 313.625
1376.29 422.304
671.003 352.731
758.15 681.114
712.805 672.88
636.388 347.957
1352.76 213.122
518.101 511.558
560.732 557.007
388.884 368.103
636.573 659.724
1345.59 366.123
549.543 263.367
700.263 677.596
279.668 282.986
421.722 231.052
399.396 470.129
755.668 372.344
702.725 439.899
550.297 346.037
781.661 755.773
705.49 506.79
1135.25 315.228
743.234 296.546
728.342 668.613
712.706 516.566
598.795 351.385
1056.54 359.354
626.457 346.4
637.679 290.731
270.391 210.142
233.567 374.643
802.304 304.698
615.577 349.777
118.347 374.715
1052.63 360.276
704.98 440.484
1081.62 360.924
644.311 357.866
515.994 546.373
371.914 510.422
1037.82 401.186
1178.39 482.047
548.312 342.736
610.921 415.265
708.276 456.378
645.121 666.477
604.936 346.072
1149.36 474.155
450.61 229.002
623.84 655.242
536.147 499.222
544.549 556.901
1178.98 478.131
575.486 272.842
648.354 357.16
1095.64 351.782
432.103 217.944
168.981 303.377
654.705 517.945
334.433 315.713
1096.05 447.379
557.05 555.613
783.748 687.243
242.12 360.1
349.364 527.933
1393.64 210.632
1103.15 387.656
720.938 362.808
1054.27 377.682
635.611 283.829
284.814 236.431
1270.11 556.69
1033.96 433.444
373.758 536.657
783.09 299.422
789.972 679.629
1114.47 300.908
382.803 516.18
374.235 425.908
692.985 292.473
1116.09 263.813
1320.73 192.288
989.116 497.543
1163.7 472.726
563.907 266.283
704.516 299.001
1142.25 330.523
371.143 385.846
497.39 541.376
638.596 283.38
1061.99 358.005
691.017 665.634
586.195 282.454
1230.15 530.59
411.823 275.454
840.346 306.297
691.017 665.634
643.285 661.28
415.002 423.006
348.045 599.482
267.517 269.853
54.1144 540.609
1110.09 378.206
651.319 282.839
814.801 684.316
1155.97 304.66
291.169 181.019
621.361 518.667
571.885 650.085
686.271 668.707
802.386 688.415
579.863 655.428
1033.27 432.771
413.424 180.627
375.922 303.674
694.034 292.127
392.168 384.887
251.508 402.596
504.637 549.954
1328.66 212.613
418.722 388.508
397.848 466.709
637.185 346.632
1036.81 372.977
789.662 688.817
680.587 670.237
1122.48 308.038
1360.94 220.804
419.167 405.885
704.986 439.064
1196.63 379.63
667.074 353.467
629.516 657.047
805.633 745.45
567.484 562.095
639.222 348.415
741.349 675.744
1110.23 323.31
245.345 307.42
755.812 677.763
548.098 557.152
617.193 278.949
1297.3 458.339
556.718 549.646
572.027 494.742
300.676 530.911
605.398 564.828
743.341 681.839
636.388 347.957
355.507 505.524
1148.61 396.664
784.296 685.388
330.256 478.103
835.144 306.646
1113.25 259.163
752.55 680.04
239.729 556.746
1047.67 368.162
209.615 247.361
1094.87 378.411
1141.51 354.968
500.244 548.85
704.492 668.559
449.141 263.683
620.88 664.766
504.474 544.632
110.658 478.11
1364.36 213.865
1110.21 380.285
589.581 500.042
672.49 581.338
1032.93 436.474
1100.91 295.64
374.297 553.72
420.885 282.456
388.253 380.451
1150.17 287.769
309.179 255.683
731.407 293.596
538.117 516.031
1227.76 355.306
1028.78 373.557
672.885 666.78
575.041 658.192
672.49 581.338
239.147 230.996
655.883 283.936
791.864 685.568
381.786 511.713
1227.65 537.48
1137.84 480.361
1162.85 478.917
633.364 280.349
760.967 368.416
641.081 348.249
345.373 382.833
1178.75 517.524
1367.39 212.404
515.116 551.213
742.739 684.466
186.567 252.661
419.167 393.805
656.671 348.396
614.815 656.271
664.594 509.351
1354.11 187.428
1124.26 301.376
522.02 468.776
613.303 354.029
291.688 465.697
686.408 670.467
1188.93 376.276
1131.79 305.052
1114.33 372.005
697.567 490.813
806.045 303.188
811.621 691.711
486.34 545.021
1367.39 212.404
736.697 362.114
86.6718 481.215
594.251 479.653
1107.66 375.355
582.401 269.264
359.608 506.083
249.411 380.765
566.843 343.017
330.256 478.103
703.064 675.738
767.211 761.762
716.001 361.174
220.492 348.306
1104.52 388.195
414.42 425.007
1150.91 463.623
509.324 543.858
375.348 197.554
1099.96 312.679
362.129 519.39
1111.3 297.49
671.868 282.859
1091.33 201.451
1212.13 316.13
517.941 486.783
564.117 552.2
267.517 269.853
650.165 356.791
607.267 660.846
643.647 431.276
1180.43 434.8
724.919 369.633
787.575 447.817
759.907 367.159
773.594 681.938
302.208 251.618
628.36 279.659
1277.18 497.925
380.053 534.893
719.223 362.623
373.783 538.61
696.296 674.728
1150.38 508.232
446.072 712.834
575.787 553.23
642.731 664.829
734.782 370.257
794.435 690.34
1127.3 305.047
1119.16 370.147
1066.93 349.87
391.74 210.74
110.607 496.202
743.833 749.107
587.716 497.127
1063.68 350.65
770.56 679.265
449.873 711.166
314.861 211.447
394.832 456.772
455.911 702.225
631.178 291.077
195.192 379.596
745.861 749.123
721.886 674.454
1182.48 435.879
823.069 692.01
299.149 181.852
759.948 303.97
1075.53 363.06
565.353 507.242
595.711 282.157
516.447 460.438
618.165 662.68
711.184 295.71
633.665 290.15
566.038 344.661
1120.24 311.249
622.313 287.871
1095.64 351.782
1038.09 321.96
549.094 496.196
753.704 679.383
732.375 481.242
92.1349 445.288
621.359 504.783
394.25 369.935
764.139 374.417
548.07 287.403
341.363 532.063
1154.76 277.857
345.382 535.988
611.493 346.232
701.27 293.328
406.383 724.37
758.155 297.569
723.323 427.526
160.704 267.912
715.021 369.917
702.848 667.055
725.706 355.457
601.982 340.882
1275.81 356.088
1084.53 384.722
628.8 529.593
645.061 656.276
664.785 284.284
706.84 539.228
1171.15 480.442
491.498 544.205
1085.43 377.569
640.945 432.944
817.246 697.21
298.39 552.183
642.731 664.829
603.603 348
580.57 654.072
281.162 341.296
708.564 293.761
377.32 540.265
168.874 304.258
385.305 569.08
548.555 400.356
695.342 677.134
758.187 748.393
212.49 335.896
620.001 513.839
1130.67 350.37
707.789 289.659
608.609 280.249
411.735 181.346
396.914 367.192
587.53 552.763
666.791 287.876
273.288 369.08
662.293 354.576
1110.1 389.369
1092.8 378.174
718.528 363.152
689.97 484.1
500.027 549.536
268.93 250.98
490.365 544.929
616.781 654.85
651.319 282.839
630.693 529.91
1034.77 399.929
765.6 751.849
369.89 368.684
1358.73 188.742
544.362 554.075
168.981 303.377
65.7853 530.83
783.826 307.927
267.663 268.684
1312.33 593.838
748.527 488.836
457.105 700.21
801.024 692.557
577.292 654.229
909.77 371.64
182.091 470.845
1369.34 174.752
331.306 318.634
588.679 446.448
1105.79 274.224
682.959 670.419
222.141 570.095
655.282 354.094
670.918 355.773
272.886 224.648
436.241 297.385
267.832 191.286
1029.92 369.31
567.441 338.632
1106.04 484.826
221.905 247.129
856.596 451.808
1336.4 216.692
351.85 513.25
286.928 509.168
739.726 682.015
721.75 743.693
1297.3 458.339
372.6 366.147
650.203 281.276
327.015 326.868
416.171 370.601
513.424 546.389
448.502 715.82
566.34 553.921
536.478 408.759
329.135 317.287
560.732 557.007
645.22 350.889
746.879 468.174
496.051 551.177
1020.58 442.596
1177.23 308.861
544.362 554.075
538.329 471.101
613.474 353.253
799.949 681.481
1040.45 432.858
756.931 684.184
368.535 364.184
368.554 508.1
511.569 485.644
65.7853 530.83
251.041 420.084
795.353 508.105
625.664 658.412
608.609 280.249
1092.1 354.458
539.307 554.445
806.792 692.776
559.244 552.41
1078.69 357.071
513.667 351.349
441.649 187.021
583.015 656.197
712.753 360.522
348.813 475.48
192.035 579.073
357.459 532.043
221.297 440.797
1350.57 222.595
541.24 503.901
1108.49 375.423
603.904 278.126
599.281 506.116
762.422 360.699
637.157 358.744
508.777 271.14
823.069 692.01
269.9 248.743
778.75 681.342
362.617 481.02
1063.18 415.592
626.457 346.4
346.934 565.324
1246.22 517.553
653.859 347.39
193.164 398.071
565.068 344.928
578.87 550.763
570.023 276.014
384.092 389.831
749.62 681.669
702.896 527.701
738.17 675.627
427.658 247.762
1026.27 388.316
366.915 288.902
590.416 560.269
187.51 236.333
259.431 539.268
1178.98 478.131
840.346 306.297
729.453 441.344
784.138 763.277
512.293 500.734
600.899 352.006
507.688 543.677
1052.63 360.276
1119.85 365.657
1177.23 308.861
733.82 361.275
396.342 362.695
637.571 348.129
603.905 557.267
658.525 352.872
388.293 393.827
74.724 568.14
802.385 684.212
611.658 526.875
432.213 304.112
346.934 565.324
795.057 687.607
403.342 722.529
582.978 350.104
1050.04 357.474
701.808 438.909
571.563 419.802
716.001 361.174
819.638 760.767
554.256 552.398
650.709 364.362
549.543 263.367
743.087 675.87
540.709 406.015
762.868 302.419
1092.75 375.268
362.609 493.994
602.164 353.665
1040.7 427.692
624.211 657.755
704.737 676.514
326.309 571.992
738.109 355.667
667.834 285.198
569.916 650.846
615.577 349.777
1089.45 374.127
557.681 557.012
1061.99 358.005
659.148 660.613
346.642 564.411
517.279 544.259
194.075 382.692
786.227 308.29
616.193 290.291
667.589 360.836
1083.88 313.906
1194.98 342.821
1070.35 400.223
624.768 509.356
1069.94 403.995
375.366 454.902
591.215 556.348
600.364 564.478
1115.58 311.244
1035.41 487.963
745.13 682.076
693.423 295.374
1066.49 267.657
587.473 551.772
319.717 345.768
768.492 682.403
1045.42 303.954
1380.89 538.857
66.3973 533.1
620.59 345.577
827.6 695.919
1066.93 349.87
570.023 276.014
666.633 665.836
1070.35 400.223
1059.31 309.82
1094.83 317.651
570.023 276.014
682.71 439.894
340.056 589.533
833.658 308.316
1062.58 416.347
1035.74 400.901
1191.42 485.487
744.843 678.496
763.56 683.586
597.924 659.258
575.258 650.082
781.741 686.718
107.675 387.819
391.283 208.208
577.402 555.332
421.321 375.031
706.969 353.849
1361.74 213.259
278.386 312.631
547.826 515.366
436.507 190.091
649.772 667.631
1147.63 385.778
574.715 563.663
566.843 343.017
612.072 654.289
826.628 690.966
377.32 540.265
1356.82 226.358
239.233 378.86
661.819 481.438
414.967 280.357
636.696 506.177
1112.03 357.951
511.681 545.764
650.956 445.061
649.316 358.068
366.097 303.907
1064.74 346.33
1173.11 363.163
837.712 305.895
277.864 533.098
656.856 356.987
1171.34 520.112
794.379 309.563
218.125 441.138
1109.17 314.823
325.499 343.833
724.75 305.738
703.786 358.579
1066.09 383.394
690.915 454.693
567.234 549.784
500.912 546.075
398.739 474.61
294.377 167.684
740.798 292.435
198.571 360.509
1185.62 349.189
643.285 661.28
1195.65 478.862
612.777 280.147
1121.35 291.153
1030.21 445.582
698.365 293.741
1039.6 311.099
92.9847 456.313
589.394 344.109
602.187 655.706
756.951 299.653
632.379 663.91
606.511 662.79
796.565 689.76
584.789 562.364
570.195 424.431
546.255 552.593
711.15 355.676
780.773 754.242
712.753 360.522
668.553 664.724
758.15 681.114
1121.28 384.932
180.255 245.957
1062.58 416.347
703.064 675.738
709.689 366.414
544.025 409.854
669.362 742.882
595.987 343.182
666.565 512.436
743.202 308.906
614.157 659.219
612.007 498.901
667.409 489.884
74.3869 522.102
533.966 553.09
1104.95 248.835
665.29 665.593
749.819 294.419
699.633 752.22
985.208 502.239
575.638 645.28
1291.93 545.77
701.843 668.709
651.654 488.259
1086.13 356.819
821.652 698.216
1097.58 316.95
1073.35 362.303
250.6 308.553
107.034 363.004
712.322 424.309
324.324 328.704
545.637 552.627
622.797 277.032
1118.11 286.768
539.153 555.895
81.5953 516.352
205.097 308.273
60.3776 542.681
750.355 442.32
570.943 276.266
665.898 450.875
385.058 544.666
1107.93 318.32
106.113 379.916
569.435 339.799
1353.11 188.129
796.589 691.42
835.133 308.872
649.011 531.817
674.558 669.659
1175.68 366.71
746.171 362.467
1158.72 294.698
233.567 374.643
550.167 549.949
603.459 275.652
639.626 345.119
284.715 257.109
1172.75 531.336
1166.39 473.129
1090.3 289.01
46.8765 546.149
589.581 500.042
1055.3 296.138
1361.81 215.17
662.293 354.576
225.9 487.358
455.031 223.677
237.965 232.56
453.789 261.41
1137.04 351.905
1132.56 305.94
315.938 538.908
580.21 442.941
295.077 209.13
1148.37 331.732
892.991 416.085
1034.85 559.162
426.448 252.088
320.205 537.464
1088.45 349.076
376.447 507.734
1036.22 376.813
305.811 444.496
245.619 396.593
494.008 540.431
559.244 552.41
1150.7 335.641
404.007 439.313
571.884 347.165
626.831 417.185
654.145 286.438
567.178 550.49
568.655 556.158
257.368 406.49
486.478 542.956
222.609 198.146
293.645 255.409
495.175 539.267
805.452 691.766
693.224 536.103
549.94 339.609
1181.95 313.887
1048.09 377.845
392.192 181.164
758.836 362.535
424.122 243.047
1150.37 355.987
595.046 501.06
413.942 389.921
810.716 690.757
182.052 232.134
638.066 659.747
1170.77 494.354
710.364 289.309
807.225 693.805
695.951 298.356
375.981 506.839
629.318 289.619
428.374 247.738
636.571 664.891
571.092 264.314
1097.58 316.95
778.75 681.342
802.744 453.47
641.732 358.89
648.405 358.896
100.39 382.297
753.169 681.033
381.851 532.022
1041.08 367.769
1225.92 535.332
734.773 754.237
308.85 457.827
823.069 692.01
266.106 382.891
369.397 508.327
410.327 190.578
