976
1031.84 433.095 176.617 275.013
1168.36 471.066 228.254 365.866
1125.23 298.047 351.647 227.73
1137.47 335.634 329.024 258.435
1181.79 329.755 363.782 278.24
1112.03 357.951 290.217 261.217
1105.86 405.073 245.316 289.848
1148.54 437.078 246 333.329
1215.8 369.126 350.797 322.602
1115.58 311.244 338.02 232.976
1107.32 434.241 220.937 310.137
1118.11 286.768 358.221 215.485
1247.83 326.354 410.62 310.467
1219.78 369.165 353.383 324.7
1088.54 356.943 276.183 249.102
1177.16 473.233 231.712 371.326
1051.18 369.908 242.258 239.489
1263.87 365.346 385.42 344.857
1069.67 351.527 268.4 236.859
1050.71 355.652 254.049 232.009
1175.38 280.755 403.048 240.283
1060.3 361.201 255.179 239.103
1158.72 523.179 176.278 394.337
1089.62 298.35 328.459 209.869
1152.96 460.985 227.867 350.227
1123.76 498.272 176.35 360.385
1358.23 378.203 434.684 402.124
1084.91 360.971 272.577 248.737
1058.27 357.452 256.631 235.079
1192.55 476.219 238.767 381.647
1211.34 327.05 385.457 291.076
1099.48 442.376 208.401 310.375
1079.05 369.735 260.76 251.696
1112.28 325.39 321.137 242.838
1359.45 570.157 263.002 530.135
1174.92 357.257 334.215 293.245
1135.25 315.228 346.144 243.214
1063.96 440.672 187.689 291.78
1097.73 310.122 323.354 222.607
1106.04 484.826 175.805 342.228
1179.28 272.793 413.941 238.095
1095.36 450.307 199.29 314.154
1346.42 381.528 424.014 398.139
1232.57 529.917 216.599 436.93
1082.73 355.227 273.932 244.613
1080.22 356.762 270.657 243.748
1141.15 353.951 312.982 273.707
1176.99 474.029 231.043 371.802
1036.48 433.521 176.617 275.013
1208.65 372.045 343.039 320.407
1106.17 273.004 363.686 201.28
1164.23 386.065 301.51 307.284
1199.17 532.661 192.468 421.774
1158.4 525.142 173.906 396.261
1345.59 366.123 437.8 387.293
1074.57 360.099 263.906 244.314
1111.3 297.49 343.835 219.863
1323.96 552.544 254.671 499.466
1227.28 359.195 366.85 321.372
1126.6 391.318 273.356 293.601
1121.17 279.393 366.988 211.986
1099.86 345.957 291.894 247.617
1096.76 441.855 207.351 309.297
1089.45 374.127 261.787 260.666
1154.82 509.241 186.756 382.791
1246.22 517.553 235.399 436.14
1152.19 460.071 227.867 350.227
1069.3 352.108 268.4 236.859
1345.59 366.123 437.8 387.293
1073.77 351.348 271.726 237.362
1185.8 464.738 244.749 370.237
1200.13 370.241 339.086 315.16
1135.76 314.064 346.144 243.214
1177.16 473.233 231.712 371.326
1073.3 350.712 271.726 237.362
1181.3 389.28 309.764 318.262
1279.71 501.588 271.445 443.851
1230.58 338.98 388.17 309.618
1222.96 356.357 366.766 317.96
1078.69 357.071 270.657 243.748
1127.71 308.902 344.973 235.673
1156.2 385.693 296.32 302.795
1164.43 337.313 344.631 274.333
1104.2 314.146 324.419 227.268
1189.16 297.94 397.67 260.34
1134.56 331.273 329.431 254.645
1065.23 437.73 192.44 289.922
1182.48 435.879 266.998 348.071
1043.39 372.509 234.882 240.739
1166.39 473.129 225.66 366.428
1135.76 314.064 346.144 243.214
1359.45 570.157 263.002 530.135
1031.44 439.259 171.179 278.532
1085.34 380.146 256.315 264.332
1101.21 406.772 240.242 288.158
1073.77 351.348 271.726 237.362
1288.39 365.126 401.787 357.436
1076.8 351.201 275.633 238.116
1130.67 350.37 309.841 265.768
1064.2 382.659 239.834 255.208
1133 280.446 375.828 217.928
1137.41 336.399 326.951 259.435
1151.96 467.882 221.102 354.536
1045.8 355.11 252.94 229.353
1164.27 335.35 347.216 273.076
1193.39 284.933 412.137 253.774
1151.54 292.64 376.232 236.95
1115.58 280.489 361.795 208.954
1172.43 309.249 375.658 259.228
1198.9 534.765 189.178 421.909
1099.66 302.509 332.216 217.866
1089.17 355.898 276.183 249.102
1132.56 305.94 351.472 236.174
1135.35 512.31 170.936 375.737
1120.12 299.065 348.587 225.507
1232.57 529.917 216.599 436.93
1178.98 478.131 227.571 376.003
1110.09 378.206 271.82 273.59
1211.45 313.437 399.015 282.919
1076.86 349.362 275.633 238.116
1225.73 548.747 195.566 445.916
1184.78 391.597 309.979 321.804
1199.35 305.367 397.885 270.752
1098.63 410.164 235.68 289.441
1061.47 359.856 258.861 237.637
1205.01 509.583 216.563 409.34
1180.24 519.365 192.859 403.066
1117.35 436.641 225.705 316.588
1069.3 404.298 223.438 270.465
1135.25 315.228 346.144 243.214
1056.54 359.354 256.631 235.079
1081.62 360.924 270.303 246.736
1037.82 401.186 209.107 255.835
1178.39 482.047 224.553 378.138
1149.36 474.155 213.326 357.515
1178.98 478.131 228.382 375.712
1163.7 472.726 224.049 364.116
1142.25 330.523 334.949 257.779
1230.15 530.59 214.291 436.242
1110.09 378.206 271.82 273.59
1155.97 304.66 368.607 247.352
1122.48 308.038 342.29 233.71
1297.3 458.339 321.189 423.87
1141.51 354.968 312.982 273.707
1150.17 287.769 380.38 233.159
1227.76 355.306 369.719 320.171
1162.85 478.917 217.295 368.299
1188.93 376.276 326.62 313.367
1131.79 305.052 351.487 234.909
1114.33 372.005 279.525 271.477
1104.52 388.195 258.912 277.307
1099.96 312.679 324.419 227.268
1111.3 297.49 343.835 219.863
1277.18 497.925 272.55 439.717
1150.38 508.232 184.766 380.083
1127.3 305.047 348.484 232.379
1119.16 370.147 284.399 272.726
1075.53 363.06 261.948 245.415
1120.24 311.249 338.439 233.72
1275.81 356.088 401.648 344.876
1084.53 384.722 249.128 265.148
1085.43 377.569 256.035 260.55
1130.67 350.37 309.841 265.768
1312.33 593.838 211.29 520.361
1105.79 274.224 361.114 201.461
1106.04 484.826 175.805 342.228
1297.3 458.339 321.189 423.87
1177.23 308.861 379.673 261.344
1092.1 354.458 279.712 249.374
1246.22 517.553 235.399 436.14
1119.85 365.657 288.629 270.111
1177.23 308.861 379.673 261.344
1092.75 375.268 262.619 263.208
1089.45 374.127 261.787 260.666
1061.99 358.005 258.861 237.637
1194.98 342.821 362.076 293.88
1070.35 400.223 226.985 268.983
1070.35 400.223 226.985 268.983
1094.83 317.651 314.7 224.611
1062.58 416.347 207.662 275.822
1147.63 385.778 290.838 298.223
1066.09 383.394 239.834 255.208
1030.21 445.582 164.879 281.207
1121.28 384.932 274.046 284.874
1062.58 416.347 207.662 275.822
1291.93 545.77 239.572 478.415
1086.13 356.819 277.201 245.66
1097.58 316.95 317.715 225.237
1073.35 362.303 263.906 244.314
1118.11 286.768 358.221 215.485
1166.39 473.129 225.66 366.428
1137.04 351.905 312.801 269.818
1132.56 305.94 351.472 236.174
1088.45 349.076 283.408 243.256
1181.95 313.887 379.095 267.54
1097.58 316.95 317.715 225.237
434.149 292.224 765.852 821.71
106.112 494.628 443.907 578.291
133.422 313.639 658.293 513.576
220.492 348.306 635.194 618.429
433.984 221.482 861.499 784.211
442.506 273.679 795.037 821.347
216.866 323.546 667.728 598.422
419.604 242.864 829.511 779.012
250.973 404.4 574.509 675.642
250.6 308.553 694.518 626.976
245.024 413.029 562.998 673.57
169.93 489.365 461.799 636.44
332.667 319.154 701.33 718.688
303.67 347.508 657.428 700.784
428.149 204.015 886.678 766.281
162.938 448.726 506.696 610.109
183.541 197.431 816.178 499.539
365.825 473.036 516.401 832.464
248.132 398.752 582.038 670.236
233.63 495.614 464.847 702.566
68.1994 531.62 398.559 561.52
184.879 384.382 585.711 600.125
196.172 238.577 767.371 534.592
225.217 208.563 814.716 547.922
436.805 270.726 795.684 814.374
366.097 303.907 728.122 749.627
370.141 459.034 534.414 830.608
207.359 231.168 780.741 542.224
410.934 273.975 783.678 785.545
170.475 235.27 762.895 507.65
439.17 289.546 772.091 824.814
394.327 388.455 628.093 824.232
424.332 241.559 830.619 784.203
388.683 177.407 909.649 707.189
196.172 238.577 767.371 534.592
412.58 283.19 771.638 792.272
234.632 376.427 607.77 644.544
100.555 352.686 602.872 502.814
216.42 193.722 831.498 531.466
424.506 300.235 751.618 814.035
168.874 304.258 678.593 542.269
186.581 499.184 452.19 658.614
239.147 230.996 789.117 574.675
251.691 305.358 697.886 626.428
352.814 563.107 406.788 859.693
339.181 242.214 802.54 688.079
206.589 167.551 862.413 506.191
242.12 360.1 627.452 643.292
415.613 296.211 754.803 801.245
431.175 247.589 826.756 795.844
371.894 456.992 535.927 831.134
392.168 384.887 632.142 819.56
449.905 226.574 862.642 805.192
418.376 291.205 761.842 802.74
359.608 506.083 474.824 840.738
387.638 370.735 650.613 806.913
360.137 516.637 462.854 846.188
267.663 268.684 748.336 624.72
202.934 286.861 708.586 567.065
372.363 295.659 742.54 752.731
369.296 540.346 437.34 866.855
424.983 219.065 862.144 771.487
186.581 499.184 452.19 658.614
432.14 295.89 760.761 820.728
338.632 384.904 619.07 760.193
370.517 294.122 743.626 748.818
163.786 269.636 720.205 519.158
337.748 585.506 381.313 852.364
368.554 508.1 474.22 850.603
277.712 525.153 437.579 762.358
361.312 525.392 455.793 851.39
321.289 358.933 650.568 725.908
370.136 197.778 873.928 697.868
220 190.169 837.245 532.972
262.815 278.568 736.341 624.498
418.472 192.865 898.818 751.536
104.361 408.276 541.1 533.271
433.262 225.294 857.702 786.515
318.08 345.671 662.77 717.987
389.147 371.102 648.824 810.103
210.745 503.41 451.211 684.064
109.385 365.403 592.901 516.211
414.199 191.762 898.962 746.227
263.393 278.251 736.341 624.498
350.329 309.75 716.686 734.911
251.508 402.596 578.974 675.309
316.845 345.613 662.77 717.987
285.092 269.031 753.895 642.658
250.573 306.651 696.469 626.211
368.143 542.705 434.848 866.395
228.949 373.603 608.61 638.812
188.704 248.609 753.838 533.161
220.14 313.332 680.879 598.256
212.521 341.231 645.405 604.323
164.892 267.155 723.819 518.791
352.814 563.107 406.788 859.693
424.264 299.158 752.901 813.362
161.255 451.406 503.821 609.239
344.795 334.245 687.695 740.387
383.507 384.969 631.037 809.767
204.489 339.208 644.709 595.637
395.147 362.937 659.676 812.192
344.795 334.245 687.695 740.387
426.759 259.926 810.127 794.837
206.956 453.443 509.243 655.881
290.305 252.722 776.682 638.991
179.882 491.734 460.656 647.184
434.384 245.236 831.954 796.816
178.413 400.22 566.298 600.175
347.04 552.793 420.796 848.577
418.191 219.493 859.485 763.411
114.747 373.437 582.882 526.103
301.802 253.056 779.78 652.604
225.18 488.839 471.845 691.105
179.574 243.401 757.048 520.206
265.425 193.544 845.128 581.592
351.806 387.429 618.302 775.849
425.778 251.21 820.559 790.931
347.789 384.912 620.538 769.981
368.287 538.843 438.999 866.002
186.023 247.241 754.584 528.589
136.403 310.828 661.3 514.056
247.356 168.541 873.836 549.913
190.275 252.091 749.663 535.912
167.947 392.489 572.459 586.616
95.1344 443.687 497.674 544.753
339.044 527.722 445.57 828.851
366.397 502.399 481.137 846.918
343.462 322.517 698.753 734.048
193.164 398.071 572.53 611.925
303.67 347.508 657.428 700.784
212.547 483.838 475.091 676.237
229.937 374.252 608.082 639.668
190.328 355.754 620.882 590.547
364.884 511.021 469.571 848.699
179.926 513.767 435.126 658.345
92.6869 504.633 430.857 570.84
369.198 414.56 590.112 808.007
267.024 191.592 848.165 581.922
327.179 318.335 700.649 712.719
341.7 407.38 591.464 774.4
214.258 504.115 451.706 687.829
321.941 561.311 404.182 825.672
358.337 559.312 412.051 863.855
436.884 290.402 770.155 823.461
413.792 295.362 755.459 799.589
234.676 378.626 604.728 645.46
284.436 443.811 533.862 731.335
365.8 541.096 435.59 863.265
98.79 501.186 436.064 574.839
289.957 210.09 833.074 616.857
187.791 483.776 470.726 651.756
238.475 378.93 603.829 650.979
99.3268 426.779 518.605 538.696
324.949 318.295 700.649 712.719
292.436 254.413 774.439 643.661
309.928 255.041 778.964 661.997
391.184 369.64 651.063 810.865
388.884 368.103 655.045 807.43
421.722 231.052 844.64 775.723
270.391 210.142 825.961 592.883
233.567 374.643 608.797 642.87
118.347 374.715 582.861 530.173
168.981 303.377 680.393 541.959
334.433 315.713 706.311 721.247
349.364 527.933 449.894 839.106
371.143 385.846 625.607 796.305
267.517 269.853 746.725 625.119
291.169 181.019 871.754 602.519
392.168 384.887 632.142 819.56
251.508 402.596 578.974 675.309
420.885 282.456 774.223 801.543
388.253 380.451 635.832 813.622
309.179 255.683 776 660.153
186.567 252.661 748.35 532.197
359.608 506.083 474.824 840.738
249.411 380.765 606.931 663.017
362.129 519.39 460.69 849.126
267.517 269.853 746.725 625.119
302.208 251.618 779.78 652.604
391.74 210.74 863.282 730.384
110.607 496.202 442.16 583.735
195.192 379.596 592.251 605.22
299.149 181.852 873.166 611.507
394.25 369.935 651.195 814.383
341.363 532.063 442.176 832.641
345.382 535.988 438.754 839.511
160.704 267.912 721.576 515.532
168.874 304.258 678.593 542.269
212.49 335.896 651.328 603.389
396.914 367.192 655.223 815.37
273.288 369.08 623.779 678.759
268.93 250.98 772.563 616.646
168.981 303.377 680.393 541.959
267.663 268.684 749.31 624.453
182.091 470.845 484.85 639.648
331.306 318.634 701.33 718.688
272.886 224.648 807.198 604.17
436.241 297.385 760.977 825.781
221.905 247.129 762.863 567.208
351.85 513.25 464.872 835.715
327.015 326.868 689.529 718.478
329.135 317.287 702.799 715.896
368.554 508.1 474.22 850.603
251.041 420.084 556.551 684.404
348.813 475.48 509.864 815.63
269.9 248.743 776.399 615.866
362.617 481.02 508.242 829.666
346.934 565.324 404.216 853.646
193.164 398.071 572.53 611.925
384.092 389.831 625.256 811.504
366.915 288.902 748.937 743.227
187.51 236.333 768.542 524.935
346.934 565.324 404.216 853.646
362.609 493.994 490.962 838.252
326.309 571.992 392.995 835.419
346.642 564.411 405.303 852.094
194.075 382.692 590.637 607.598
375.366 454.902 539.341 833.51
319.717 345.768 663.398 720.273
66.3973 533.1 398.559 561.52
340.056 589.533 376.923 855.691
436.507 190.091 909.858 770.801
239.233 378.86 604.248 651.712
414.967 280.357 774.582 793.242
366.097 303.907 729.288 749.651
218.125 441.138 525.48 661.375
294.377 167.684 890.795 598.371
198.571 360.509 616.893 602.191
92.9847 456.313 484.477 547.522
180.255 245.957 753.676 522.963
250.6 308.553 694.518 626.976
324.324 328.704 685.652 715.439
205.097 308.273 681.662 581.146
233.567 374.643 608.797 642.87
225.9 487.358 471.845 691.105
237.965 232.56 787.227 573.944
315.938 538.908 428.704 809.248
320.205 537.464 431.351 813.102
305.811 444.496 537.375 754.168
245.619 396.593 584.19 666.647
222.609 198.146 828.828 539.315
293.645 255.409 773.911 645.257
392.192 181.164 904.806 713.823
182.052 232.134 769.871 517.504
100.39 382.297 570.654 516.266
266.106 382.891 605.691 680.846
369.397 508.327 474.22 850.603
624.108 355.457 956.353 321.374
671.846 534.933 1147.69 407.108
585.254 648.809 1193.64 533.15
514.245 476.586 989.321 469.985
699.025 360.156 1011.98 279.077
534.46 551.159 1072.93 504.463
755.413 373.171 1060.57 255.373
656.856 356.987 980.245 302.167
644.686 430.51 1039.25 356.897
686.851 352.511 997.982 280.564
765.264 365.482 1060.41 244.662
664.616 352.277 980.197 294.422
699.058 356.678 1009.07 277.083
634.183 503.865 1097.36 409.639
671.867 670.885 1266.33 491.394
609.332 650.677 1210 517.942
647.664 664.554 1246.22 502.378
648.129 667.906 1248.77 504.022
498.121 507.145 1008.26 499.107
536.924 508.128 1036.61 474.985
724.081 675.687 1301.19 462.894
723.254 360.084 1026.6 265.577
704.98 440.484 1087.05 327.025
543.823 514.528 1046.07 474.746
494.167 509.382 1007.73 503.864
679.465 667.369 1267.63 484.357
732.583 674.775 1306.21 455.959
746.447 366.859 1049.48 256.213
660.951 661.094 1250.17 492.65
645.665 664.815 1245.21 504.046
543.934 341.826 889.173 362.862
683.357 440.998 1074.06 340.154
636.573 659.724 1234.66 506.304
575.258 650.082 1188.45 540.32
713.164 359.106 1020.86 270.766
724.228 672.106 1298.49 460.071
710.951 361.355 1020.62 272.938
523.093 511.921 1028.76 485.741
564.627 554.674 1095.69 486.667
639.562 356.362 967.852 312.44
522.002 549.353 1062.24 510.667
577.765 650.812 1189.74 538.035
662.185 666.659 1258.64 494.019
607.919 350.674 940.861 328.547
668.092 355.554 986.9 294.657
540.208 497.07 1028.09 466.343
575.546 559.293 1107.99 482.617
694.359 349.906 999.231 275.624
571.679 559.306 1105.35 484.881
639.595 665.852 1241.89 508.31
504.474 544.632 1046.42 520.061
710.951 361.355 1020.62 272.938
762.445 676.59 1323.08 439.799
686.271 668.707 1272.96 480.869
743.087 675.87 1312.47 449.977
571.779 649.924 1186.24 542.643
649.316 358.068 975.999 307.617
560.571 556.219 1095.9 490.857
577.402 555.332 1106.51 479.762
908.919 310.94 1102.91 132.315
755.413 373.171 1060.57 255.373
491.498 544.205 1039.16 526.962
669.858 360.863 992.91 297.409
620.473 656.017 1221.34 514.159
634.631 347.209 955.982 310.335
759.584 683.336 1325.83 441.887
784.647 302.019 1015.6 193.353
634.69 354.076 963.944 313.008
595.095 566.204 1126.64 474.179
530.136 412.582 942.423 416.977
647.41 357.713 974.954 308.696
577.039 556.155 1106.51 479.762
500.912 546.075 1046.53 523.925
671.287 660.125 1257.39 485.538
557.05 555.613 1092.87 492.052
642.511 505.093 1103.44 405.662
743.087 675.87 1312.47 449.977
759.35 366.374 1056.33 249.914
698.716 355.372 1007.89 276.71
711.032 363.533 1023.09 274.841
613.495 418.977 1007.34 368.452
622.48 520.827 1104.96 427.906
678.36 669.556 1269.01 486.77
742.73 364.408 1042.09 257.093
546.255 552.593 1081.97 497.285
746.171 362.467 1044.12 254.907
689.231 349.865 998.773 280.228
571.779 649.924 1184.16 541.471
636.085 356.178 965.716 315.786
566.265 494.797 1043.5 447.312
600.926 661.951 1214.05 530.863
655.282 354.094 976.828 301.853
736.69 680.89 1311.73 458.466
590.55 650.547 1197.97 530
725.778 677.978 1303.15 462.312
661.202 358.077 986.845 301.498
717.243 373.237 1034.06 278.347
619.432 659.229 1223.49 516.712
724.081 675.687 1301.19 462.894
738.109 355.667 1033.81 253.941
592.15 552.317 1113.59 466.756
511.681 545.764 1052.39 515.771
622.61 659.205 1225.56 515.009
507.818 550.082 1053.84 521.167
721.321 365.846 1031.85 270.067
699.025 360.156 1011.98 279.077
651.014 354.82 974.696 304.037
682.87 362.289 1003.35 291.048
512.277 547.477 1054.2 516.348
752.245 366.137 1051.88 252.084
558.64 556.236 1092.87 492.052
717.618 676.28 1298.29 466.825
630.496 658.819 1229.91 509.635
651.338 529.135 1130.68 415.455
519.291 548.667 1058.28 514.316
663.251 662.723 1254.11 492.363
662.185 666.659 1254.87 493.872
697.134 364.065 1014.32 282.966
530.136 412.582 942.423 416.977
716.885 678.301 1298.29 466.825
659.245 665.026 1252.92 494.647
639.727 665.007 1241.28 507.593
598.5 476.911 1050.03 415.411
579.664 559.736 1111.15 479.881
629.397 348.983 954.453 313.473
658.525 352.872 977.826 298.59
494.008 540.431 1037.36 523.288
570.415 520.788 1070.1 461.33
580.846 659.754 1199.26 542.619
544.885 516.145 1048.35 475.131
572.787 655.39 1190.75 544.827
639.804 357.361 969.035 312.788
647.546 659.968 1241.56 499.959
580.57 654.072 1194.56 538.811
638.662 350.213 961.036 309.374
613.027 650.324 1212.95 514.828
759.707 687.194 1330.41 448.256
550.368 549.323 1082.05 492.612
564.117 552.2 1093.25 484.884
541.487 469.069 1003.65 445.547
605.061 560.155 1127.82 463.493
670.502 668.855 1261.61 490.428
599.647 655.104 1207.7 527.41
668.589 672.592 1265.31 494.773
662.185 666.659 1254.87 493.872
642.76 479.105 1077.7 388.354
536.924 508.128 1036.61 474.985
548.466 506.99 1043.02 466.813
485.887 539.49 1029.56 528.684
664.594 509.351 1121.74 394.949
600.137 505.674 1075.88 432.333
697.134 364.065 1014.32 282.966
652.499 532.337 1132.73 417.03
581.338 522.288 1078.75 455.608
558.64 556.236 1092.87 492.052
665.29 665.593 1257.78 492.821
717.801 675.402 1297.65 465.722
615.281 661.306 1222.52 520.773
545.637 552.627 1082.02 497.254
600.096 558.086 1122.97 464.884
643.017 506.024 1105.11 405.858
734.773 754.237 1372.26 503.769
571.779 649.924 1186.24 542.643
724.396 670.81 1297.4 459.261
722.335 357.163 1024.8 263.792
580.303 557.576 1109.68 478.436
610.277 661.009 1219.8 524.11
640.423 664.044 1241.28 507.593
648.086 532.448 1131.44 419.84
733.82 361.275 1036.24 259.969
517.941 486.783 1002.89 473.609
727.744 368.308 1038.38 267.894
759.35 366.374 1056.33 249.914
718.768 365.304 1029.64 271.011
671.85 665.447 1260.01 487.018
620.293 654.323 1219.77 513.345
547.726 547.068 1078.78 493.133
637.113 527.779 1120.22 423.778
511.569 485.644 997.715 477.41
607.919 350.674 940.861 328.547
520.845 512.913 1028.56 489.007
618.186 346.063 944.246 319.933
587.67 647.341 1193.34 529.614
568.31 497.324 1046.99 447.77
557.05 555.613 1088.76 491.05
578.801 471.954 1031.71 424.74
604.642 659.667 1215.33 527.444
713.652 671.032 1291.63 465.84
654.338 660.351 1246.64 495.086
736.697 362.114 1038.68 258.877
705.365 366.132 1021.77 279.489
839.982 308.028 1055.94 167.089
699.025 360.156 1011.98 279.077
690.392 356.584 1003.1 281.825
603.107 651.607 1205.74 521.136
565.353 507.242 1054.2 456.092
616.143 657.386 1218.1 517.916
726.358 675.464 1301.54 461.32
605.917 417.57 1000.83 371.507
647.045 421.023 1032.12 349.195
602.246 658.185 1211.39 527.731
583.809 467.965 1031.37 418.607
653.347 350.025 972.005 299.686
534.656 492.971 1020.62 465.875
674.558 669.659 1265.87 488.131
578.733 561.498 1112.07 481.812
725.17 673.707 1299.9 460.4
500.912 546.075 1043.89 521.117
655.898 351.118 974.527 298.644
664.732 663.532 1255.12 491.01
553.506 548.405 1083.38 489.768
649.262 361.126 979.107 309.662
622.23 658.991 1225.4 514.754
602.477 563.639 1129.72 468.353
548.994 510.526 1045.9 468.053
523.906 510.282 1028.76 485.741
732.583 674.775 1306.21 455.959
536.203 553.267 1075.58 504.143
721.177 370.262 1036.6 273.887
742.913 363.04 1043.18 254.634
723.137 676.929 1301.62 463.644
803.75 300.901 1026.77 182.38
581.144 554.664 1107.38 475.291
523.093 511.921 1028.76 485.741
604.601 407.032 992.731 364.674
601.249 417.716 999.652 376.916
601.587 558.654 1124.01 466.436
606.381 652.38 1209.23 520.853
713.652 671.032 1291.63 465.84
613.474 353.253 947.408 327.236
568.121 431.749 987.626 405.823
686.376 360.358 1003.97 286.986
718.242 371.984 1035.91 274.036
560.573 553.438 1092.27 488.144
678.214 671.043 1269.01 486.77
507.587 550.792 1054.44 521.809
579.103 565.06 1114.24 484.198
659.689 661.916 1250.83 492.937
644.754 662.079 1242.55 502.013
636.388 347.957 959.076 308.245
656.841 354.892 980.12 299.697
594.916 561.691 1122.95 470.812
718.483 360.258 1023.94 268.679
583.01 448.01 1013.09 406.638
737.734 358.131 1035.24 255.626
657.345 668.591 1255.62 498.587
594.916 561.691 1122.95 470.812
601.088 419.858 999.652 376.916
577.402 555.332 1106.51 479.762
698.478 667.804 1279.54 472.894
634.294 530.129 1120.76 426.827
504.663 542.426 1044.84 518.305
756.835 684.968 1327.39 448.793
618.165 662.68 1225.74 519.897
713.164 359.106 1020.86 270.766
733.788 675.061 1306.21 455.959
583.015 656.197 1198.08 539.096
784.647 302.019 1015.6 193.353
698.659 447.651 1088.89 334.098
721.485 359.682 1027.05 267.519
547.826 515.366 1049.8 473.781
548.6 493.427 1030.41 457.822
631.526 528.078 1116.8 426.997
703.174 428.314 1075.25 320.238
587.166 457.973 1023.94 409.153
640.423 664.044 1241.28 507.593
640.423 664.044 1241.28 507.593
523.594 546.261 1060.21 507.648
681.912 664.18 1266.41 480.914
504.637 549.954 1050.3 524.229
713.368 668.285 1288.54 463.64
498.121 507.145 1008.26 499.107
578.733 561.498 1112.07 481.812
536.924 508.128 1036.61 474.985
539.601 553.105 1077.88 502.166
624.166 653.158 1221.89 510.481
597.924 659.258 1210.23 530.913
707.521 666.066 1283.65 466.362
518.432 548.837 1059.89 513.625
706.822 750.975 1354.01 518.795
662.293 354.576 982.834 298.399
654.278 361.768 983.623 307.067
690.5 450.086 1085.86 341.865
618.121 501.343 1084.29 418.318
762.586 675.408 1322.74 439.12
654.164 519.944 1124.18 407.707
632.379 663.91 1235.79 511.704
704.728 667.537 1283.99 469.755
647.555 361.022 977.802 310.43
491.73 542.085 1035.32 526.64
724.919 369.633 1037.57 270.715
671.003 352.731 984.912 290.749
613.495 418.977 1007.34 368.452
534.656 492.971 1020.62 465.875
802.744 453.47 1157.42 278.349
816.783 306.224 1039.63 178.635
556.025 552.981 1088.76 491.05
577.41 442.717 1006.19 405.297
663.834 667.908 1258.64 494.019
733.788 675.061 1306.21 455.959
491.73 542.085 1034.93 526.122
549.065 517.84 1052.92 473.099
611.482 654.992 1214.96 519.429
595.552 560.202 1121.09 470.216
614.815 656.271 1218.1 517.916
575.17 520.774 1073.72 458.285
679.605 672.618 1272.54 487.231
551.255 557.125 1089.69 497.147
709.689 366.414 1025.12 277.277
586.094 555.395 1112.22 473.889
577.039 556.155 1106.51 479.762
671.85 665.447 1260.01 487.018
574.634 555.756 1104.08 482.097
557.694 547.139 1086.09 486.178
495.41 541.054 1037.36 523.288
639.595 665.852 1241.28 507.593
908.919 310.94 1102.91 132.315
695.313 664.393 1274.81 472.373
638.786 343.851 955.868 304.958
596.343 653.222 1202.66 528.828
585.675 556.844 1112.22 473.889
606.15 653.101 1209.23 520.853
641.212 658.865 1236.73 502.67
496.899 546.706 1044.14 527.022
628.427 353.75 957.719 317.175
659.264 352.412 978.047 297.496
652.85 351.568 972.372 302.201
649.369 507.104 1109.63 402.808
740.461 363.535 1042.09 257.093
563.733 508.018 1053.78 457.587
704.492 668.559 1283.99 469.755
560.573 553.438 1092.27 488.144
517.941 486.783 1002.89 473.609
581.656 649.149 1191.12 534.705
717.088 360.811 1024.67 269.083
590.713 657.288 1203.73 534.243
674.564 667.13 1264.49 486.829
703.174 428.314 1075.25 320.238
665.402 487.102 1102.4 380.753
732.083 680.746 1310.11 460.688
500.244 548.85 1047.78 525.469
604.708 656.27 1211.65 524.192
827.732 304.523 1045.15 171.623
647.672 356.127 976.607 305.632
578.733 561.498 1112.07 481.812
687.961 356.179 1000.92 284.049
555.79 408.98 957.389 398.883
629.17 526.462 1113.94 427.254
581.656 649.149 1191.12 534.705
604.143 658.101 1212.81 525.928
704.728 667.537 1283.99 469.755
659.148 660.613 1249.52 492.814
642.511 505.093 1103.44 405.662
637.754 353.898 963.944 313.008
620.865 508.994 1093.7 421.936
698.182 432.755 1075.63 326.592
637.278 427.218 1031.84 358.361
504.9 540.302 1043.33 516.804
644.686 430.51 1039.25 356.897
510.837 499.194 1009.48 486.691
618.186 346.063 944.246 319.933
628.236 515.571 1103.82 421.204
497.335 508.56 1009.09 501.407
607.267 660.846 1216.23 524.738
610.533 659.08 1218.05 522.63
764.026 364.074 1058.4 244.485
773.185 297.726 1006.55 196.387
720.938 362.808 1029.05 268.741
534.656 492.971 1020.62 465.875
671.003 352.731 984.912 290.749
712.805 672.88 1292.25 467.812
518.101 511.558 1025.92 489.87
636.573 659.724 1234.66 506.304
755.668 372.344 1060.05 254.713
702.725 439.899 1085.37 328.395
728.342 668.613 1298.31 455.077
704.98 440.484 1087.05 327.025
644.311 357.866 972.822 310.611
645.121 666.477 1246.19 505.41
536.147 499.222 1026.34 468.985
544.549 556.901 1085.25 501.58
648.354 357.16 975.064 307.84
654.705 517.945 1122.76 406.141
557.05 555.613 1092.87 492.052
720.938 362.808 1029.05 268.741
497.39 541.376 1038.81 522.128
840.346 306.297 1055.94 167.089
691.017 665.634 1273.09 476.201
621.361 518.667 1102.21 427.38
686.271 668.707 1272.96 480.869
504.637 549.954 1050.3 524.229
637.185 346.632 957.688 307.614
680.587 670.237 1270.77 485.619
667.074 353.467 984.022 294.17
629.516 657.047 1226.83 508.611
567.484 562.095 1104.83 489.898
500.244 548.85 1047.78 525.469
704.492 668.559 1283.99 469.755
620.88 664.766 1229.17 519.847
504.474 544.632 1046.42 520.061
589.581 500.042 1064.8 435.271
538.117 516.031 1043.62 478.465
575.041 658.192 1194.21 545.227
760.967 368.416 1059.76 249.217
742.739 684.466 1319.23 457.138
656.671 348.396 972.56 296.811
664.594 509.351 1121.74 394.949
613.303 354.029 947.408 327.236
736.697 362.114 1038.68 258.877
703.064 675.738 1288.18 474.388
509.324 543.858 1049.39 515.804
517.941 486.783 1002.89 473.609
564.117 552.2 1093.25 484.884
650.165 356.791 975.999 307.617
607.267 660.846 1216.23 524.738
724.919 369.633 1037.57 270.715
696.296 674.728 1283.58 479.452
575.787 553.23 1102.58 478.295
734.782 370.257 1044.76 265.139
587.716 497.127 1060.08 434.82
565.353 507.242 1054.2 456.092
516.447 460.438 978.268 458.066
618.165 662.68 1225.74 519.897
621.359 504.783 1089.15 418.268
764.139 374.417 1067.24 251.279
715.021 369.917 1031.65 276.244
725.706 355.457 1025.13 261.116
628.8 529.593 1116.15 429.596
645.061 656.276 1237.25 498.592
491.498 544.205 1039.16 526.962
642.731 664.829 1243.76 506.168
580.57 654.072 1194.56 538.811
548.555 400.356 946.853 396.483
587.53 552.763 1110.33 470.271
662.293 354.576 982.834 298.399
500.027 549.536 1048.42 526.278
616.781 654.85 1218.83 516.668
544.362 554.075 1081.63 499.13
577.292 654.229 1193.01 541.758
682.959 670.419 1272.18 483.996
655.282 354.094 976.828 301.853
670.918 355.773 988.927 293.289
566.34 553.921 1096.12 484.106
560.732 557.007 1095.9 490.857
645.22 350.889 966.833 305.008
496.051 551.177 1046.84 529.993
544.362 554.075 1081.63 499.13
538.329 471.101 1002.87 450.572
511.569 485.644 997.715 477.41
625.664 658.412 1226.81 512.655
559.244 552.41 1090.49 488.614
583.015 656.197 1198.08 539.096
712.753 360.522 1020.86 270.766
541.24 503.901 1034.07 469.383
762.422 360.699 1054.25 243.231
637.157 358.744 968.451 315.718
578.87 550.763 1102.93 474.648
738.17 675.627 1308.91 453.714
590.416 560.269 1117.34 474.275
840.346 306.297 1055.94 167.089
733.82 361.275 1033.8 257.591
637.571 348.129 959.076 308.245
603.905 557.267 1124.78 462.706
658.525 352.872 977.826 298.59
611.658 526.875 1103.09 438.659
701.808 438.909 1083.74 328.285
716.001 361.174 1023.94 268.679
704.737 676.514 1290.69 474.355
738.109 355.667 1033.81 253.941
569.916 650.846 1184.95 543.786
615.577 349.777 947.453 320.809
557.681 557.012 1094.14 493.552
659.148 660.613 1249.52 492.814
517.279 544.259 1054.91 511.224
667.589 360.836 991.029 298.327
624.768 509.356 1096.31 419.176
600.364 564.478 1127.68 468.814
587.473 551.772 1109.8 469.604
666.633 665.836 1258.56 491.696
597.924 659.258 1210.23 530.913
575.258 650.082 1186.4 539.225
577.402 555.332 1106.51 479.762
547.826 515.366 1049.8 473.781
649.772 667.631 1249.39 503.401
574.715 563.663 1110.81 485.929
636.696 506.177 1101.12 409.688
511.681 545.764 1052.39 515.771
650.956 445.061 1054.87 362.509
649.316 358.068 975.999 307.617
656.856 356.987 980.245 302.167
794.379 309.563 1027.25 193.093
703.786 358.579 1013.08 274.063
690.915 454.693 1085.86 341.865
567.234 549.784 1094.41 481.856
500.912 546.075 1046.53 523.925
602.187 655.706 1207.7 527.41
632.379 663.91 1235.79 511.704
606.511 662.79 1218.44 527.609
584.789 562.364 1117.09 478.451
570.195 424.431 982.077 399.666
546.255 552.593 1081.97 497.285
711.15 355.676 1016.48 268.955
712.753 360.522 1020.86 270.766
709.689 366.414 1024.27 279.199
669.362 742.882 1325.32 537.199
666.565 512.436 1125.31 395.664
614.157 659.219 1220.91 519.591
533.966 553.09 1074.07 505.87
665.29 665.593 1257.78 492.821
701.843 668.709 1282.77 471.814
545.637 552.627 1082.02 497.254
539.153 555.895 1080.11 504.297
750.355 442.32 1113.78 302.205
674.558 669.659 1265.87 488.131
746.171 362.467 1043.18 254.634
550.167 549.949 1082.05 492.612
639.626 345.119 957.918 305.169
589.581 500.042 1062.87 435.089
662.293 354.576 982.834 298.399
580.21 442.941 1006.19 405.297
494.008 540.431 1035.81 522.446
559.244 552.41 1092.27 488.144
567.178 550.49 1094.41 481.856
568.655 556.158 1100.31 484.838
486.478 542.956 1033.16 530.706
495.175 539.267 1035.81 522.446
758.836 362.535 1054.7 247.442
636.571 664.891 1238.71 509.241
802.744 453.47 1157.42 278.349
641.732 358.89 972.719 312.786
648.405 358.896 976.963 308.463
734.773 754.237 1372.26 503.769
