2183
414.848755 190.810852
423.347198 162.107010
429.664246 109.326180
429.832520 136.278412
435.101349 113.344543
440.328247 124.616577
441.136932 202.876282
444.862030 120.855659
444.856750 127.235893
446.239868 122.885048
447.219208 114.380905
448.169250 131.757706
448.095581 135.833405
449.242981 116.594093
449.856476 173.599701
450.829071 121.690903
451.087891 129.752548
451.761261 150.299713
453.780396 122.860634
457.190979 126.623055
458.051666 130.092834
457.906738 155.163742
458.722412 146.346573
458.804413 137.116165
459.884552 159.221085
460.247192 148.902008
460.747711 133.873459
460.740448 213.346939
466.133057 132.258667
471.161865 149.855331
471.626190 128.255615
471.843903 130.667816
471.793304 209.782028
472.312714 162.643509
474.378967 130.730286
476.744659 165.745392
477.628906 145.566788
480.468201 175.159073
483.921661 179.335037
492.280396 183.763580
505.608765 167.718414
507.247192 168.340012
690.279907 807.332153
702.251892 667.148926
704.221436 762.570190
703.893005 779.619141
705.365479 643.167908
713.749695 608.621460
715.172607 665.163330
715.799988 718.423279
716.349304 601.679016
716.389709 607.865906
716.268250 669.775574
720.251831 689.297791
721.871948 710.607727
722.713013 448.920868
723.652710 662.137146
724.117554 597.350647
724.053711 706.665527
725.402466 665.353760
726.159729 443.112457
726.747314 623.771301
727.758118 534.239929
728.281738 577.097900
728.716431 729.345459
728.868225 695.743286
729.016968 720.838623
730.138062 669.449646
730.078552 681.712158
730.291443 625.871704
731.476318 436.231903
731.632446 558.174072
731.841492 598.901489
732.128052 676.200256
732.592346 693.219238
733.739197 502.097107
733.307068 688.892029
735.154419 616.814209
737.195618 484.163574
736.835632 601.327393
737.381836 492.877716
737.313904 598.368652
738.145996 519.129028
738.570374 446.281342
738.361145 614.606445
738.789551 683.938538
739.382751 617.183594
739.351440 665.092712
739.774780 534.798706
740.095642 547.768860
739.852905 554.213196
740.386230 517.409546
740.630249 528.126465
740.815796 486.000427
741.071411 502.762482
740.928101 541.310181
741.758423 552.599792
741.710205 641.246704
741.767883 674.833923
741.842957 519.684570
742.682068 539.397461
742.920654 543.136902
743.662170 552.783020
743.249023 663.623352
744.729309 637.351074
744.700317 683.418945
745.359741 612.074158
745.607849 716.117737
746.316223 707.653992
746.740784 658.839294
747.844421 656.599792
748.451172 641.384644
748.876953 432.717194
748.731995 469.849335
749.191895 609.653076
749.131958 660.135681
748.753479 713.518311
749.367859 465.253479
749.258850 474.076385
749.340271 654.909790
749.627625 674.185486
749.358521 676.899414
749.311951 710.763245
750.146667 459.216522
750.233398 482.904877
749.768555 642.879944
750.704529 661.238770
750.800293 444.615082
750.770691 650.198059
751.709961 630.049744
751.378174 702.289368
751.817505 441.103943
752.239807 443.003540
751.861206 472.738159
751.798340 474.853027
752.245728 641.658936
751.770447 686.882751
752.637024 483.555939
752.282776 532.400208
752.590332 663.282349
752.899231 611.866028
753.175903 701.393066
753.344666 493.153046
753.321411 506.846771
753.347168 637.232117
753.897217 445.591644
753.741089 498.545166
754.080750 509.173401
753.884155 686.740540
754.336121 519.652100
754.365356 629.239929
754.278870 705.933228
755.202026 444.788757
755.129395 524.560303
754.910217 527.193604
755.120544 529.584595
755.218445 601.037598
754.823486 604.123474
755.190491 611.456909
755.198486 613.780151
755.490112 470.859161
755.684143 472.396759
755.614075 532.272583
755.677307 649.622314
755.319641 693.746704
756.161011 520.807068
756.081787 543.848755
755.754700 686.616333
756.668457 508.341644
756.444824 552.864746
756.640442 562.166138
756.875000 512.676147
756.755188 569.413391
756.820068 572.339966
757.142456 584.804199
756.882507 588.361633
757.306458 474.269745
757.376465 536.076294
757.767700 638.721558
758.080322 470.561920
757.780945 521.623840
758.179993 539.297180
757.932678 542.326355
758.209656 583.478210
758.267029 591.767090
757.918762 613.741638
757.709717 703.850403
758.640320 506.219238
758.349304 526.791931
758.922363 534.760986
758.822327 537.210266
759.045776 557.290039
758.830505 577.185730
758.973328 634.169739
759.552673 471.743011
759.554016 593.195068
759.348389 656.254456
760.116577 473.850342
760.047913 506.080902
760.042358 555.249207
760.066711 564.690430
759.797119 579.835266
760.271606 519.291565
760.247925 611.043396
760.993713 512.330200
761.182129 541.793945
761.185669 594.572693
761.208862 599.307190
761.132690 750.105103
761.494324 557.330322
761.673523 693.152405
761.762573 581.522766
761.950623 587.644775
762.174805 610.853088
761.794434 619.105103
762.698669 543.123169
762.601563 613.126404
763.326233 501.642975
763.365479 699.678711
763.805847 467.779480
763.779907 572.233948
764.224182 610.433960
764.699829 465.083130
764.258728 489.166321
764.815674 476.756042
765.597534 513.817993
765.276123 542.025208
766.183350 516.635437
766.088013 681.491943
766.730103 520.673462
766.387024 552.116272
766.288757 580.716797
767.221619 542.750854
767.244934 743.222839
767.344543 523.836853
767.256348 583.980225
767.356995 612.767578
767.689209 681.396118
767.856140 511.638733
767.882996 564.371338
768.432129 509.188324
768.717651 533.882629
768.756836 541.180542
768.309875 592.393433
769.242310 518.283569
769.267456 574.242371
769.101501 594.116211
769.591309 536.185608
769.674072 612.351990
769.690125 618.206848
769.760559 533.688904
770.137085 539.883301
769.786865 578.159485
770.136841 580.698547
770.147888 587.357361
770.309082 581.299072
770.594421 600.656494
770.453613 620.330444
770.779297 532.425598
770.726746 538.262329
770.919312 542.153564
770.920349 544.637512
771.216248 546.731384
771.580017 609.808594
771.589661 694.697388
771.757874 692.103394
771.852783 741.041748
772.648254 555.725891
772.382568 580.714050
773.031067 530.114807
773.006592 551.189392
773.162598 553.827637
773.014465 556.311401
773.131470 559.349854
773.790466 562.333984
773.478333 669.541992
773.844543 541.707458
774.252625 612.221863
773.779114 700.383301
774.409729 552.259216
774.359314 557.849915
774.312927 571.079529
774.376038 579.936157
774.351868 609.477783
774.762207 537.965210
775.130493 563.351624
775.835876 448.264313
776.122925 542.891968
776.053223 569.296997
776.233948 571.814392
776.493225 545.927673
776.679382 611.764771
776.954102 565.246460
777.111572 592.785645
777.216370 643.143188
776.816833 674.229431
776.760437 684.080688
777.145325 691.709778
777.581360 583.103760
777.398926 601.606873
778.186462 559.835999
777.863647 694.131042
778.156799 699.373474
778.363037 562.797974
778.591187 579.322083
778.719543 581.577515
779.152161 568.396790
779.216614 617.315002
779.608215 571.125916
779.300720 582.061096
779.727295 577.629883
780.485657 574.719238
780.406555 586.418945
780.398926 619.364136
780.703979 691.233337
780.691528 700.905151
780.876099 583.133423
780.760742 648.726379
781.727600 578.483398
781.465637 589.834290
781.741699 591.984131
781.924500 581.302612
782.175476 601.324524
782.143738 614.119995
782.614929 698.843445
783.085510 585.199646
783.169983 608.560913
782.833191 616.676270
783.523254 573.063477
783.666748 610.992004
783.836365 608.380615
784.646057 588.933105
785.824219 608.425476
786.902405 688.112183
787.206055 698.291260
788.406372 608.014954
788.552124 668.118469
789.157410 598.204590
788.755127 609.615356
789.179260 618.623230
789.752075 687.761597
790.671631 615.790771
790.822021 600.068359
791.178284 669.624023
791.551147 596.201111
791.811035 698.203430
793.880371 610.940125
794.588989 666.264038
794.803223 632.252197
796.279724 698.142822
797.136536 643.056946
799.743225 689.178833
800.730042 698.316406
802.331604 606.211670
802.250854 644.282288
803.213562 634.290100
802.948730 646.200500
802.821594 656.700195
803.633850 668.427795
803.804260 636.183289
804.750549 598.715088
804.327454 648.673401
805.259399 698.788269
805.649902 656.350220
806.346252 636.807556
806.360413 668.786743
807.213806 639.101013
807.643127 681.169861
808.796082 637.170593
809.165649 674.079346
809.685913 690.645630
810.206360 562.794617
811.376404 661.756226
811.755615 700.886414
812.161377 607.698242
812.709106 687.888611
814.364685 656.798035
815.719849 649.484863
815.314453 667.171387
816.142700 701.826355
817.243896 661.586731
817.274292 652.827148
817.415894 667.731934
818.759155 696.715271
820.131104 679.607239
820.344849 702.909607
822.882446 702.777283
823.575439 672.407349
824.691895 704.297729
825.172607 686.125671
826.754700 668.868042
827.223694 704.094116
831.670288 663.182983
833.291077 662.911621
834.575439 667.016724
835.217224 615.159424
835.671204 677.713501
836.128479 662.581665
836.084351 664.247070
836.858459 667.278687
837.501404 677.689941
837.464111 697.162537
837.866455 662.274292
838.140930 664.548096
838.085144 673.230408
840.771606 670.551575
858.419312 703.271973
859.758972 769.694336
863.598145 736.299072
870.202576 766.267883
870.363647 744.234680
870.820251 738.367920
872.456238 700.679016
873.578918 727.696350
873.308777 744.872559
877.368530 727.252075
877.745483 744.559937
877.744019 697.702393
881.384521 729.294861
882.030518 757.650208
882.320435 714.927795
883.731018 696.812256
883.857727 739.953186
883.870300 744.159485
884.854919 746.660034
889.076477 765.890869
889.304321 774.628967
893.361572 775.391357
894.781677 751.149841
895.623413 760.449402
899.349548 753.215881
900.153503 729.135559
900.716003 751.245789
900.392883 765.632263
900.506104 779.908569
902.752258 781.753296
903.299316 752.399292
903.830078 731.129822
906.372009 732.699341
912.812927 753.637817
917.403137 774.249634
920.104675 739.209900
923.032715 762.277710
924.595154 754.947205
930.090515 765.869263
965.313599 190.644135
965.272583 196.913422
970.305664 147.873688
979.339600 109.145332
982.831909 152.180389
983.648865 120.706909
985.275330 137.190887
985.412231 144.147736
987.305420 263.488068
988.903137 159.751434
992.095154 109.242157
991.871826 281.183228
992.894165 255.302155
994.868835 124.693863
996.146484 190.873856
995.910461 273.718323
996.623474 161.226242
999.079956 156.225250
999.625122 102.238350
1000.101013 212.265442
1000.604248 164.655685
1001.252258 107.861191
1001.208679 170.879181
1000.896118 220.698944
1001.656921 100.715454
1001.826599 152.805756
1002.796997 149.492950
1002.880981 185.339905
1004.600830 170.275314
1005.625061 133.392273
1005.413452 149.119980
1006.096008 129.124802
1006.314270 156.189514
1006.632507 225.794464
1007.276428 149.790970
1007.658569 195.352570
1011.414429 185.289063
1012.378784 118.822807
1012.363403 139.891281
1012.400879 212.203445
1013.222839 157.128220
1013.089111 267.252075
1014.258179 114.171272
1014.182251 202.814957
1015.266296 209.325989
1015.333313 218.630737
1016.903259 156.135742
1017.804138 132.238495
1018.344910 149.379074
1019.181824 145.101913
1019.626831 169.125488
1019.654297 210.883438
1020.449219 213.620651
1021.355408 222.377899
1022.291626 106.356323
1023.097595 216.611923
1023.453979 132.298080
1023.649414 184.137436
1023.920837 219.197983
1024.630005 226.470551
1025.279175 222.194382
1027.253418 178.786194
1027.694580 221.856216
1028.041504 136.274582
1028.298096 226.236008
1028.571899 298.167847
1029.259277 161.435684
1032.229614 151.271927
1034.218872 112.756523
1038.337280 198.203140
1039.380127 86.144974
1041.056152 168.680954
1042.861694 78.069565
1043.772217 276.226685
1044.308716 94.240036
1046.065308 74.773300
1048.697998 271.847382
1049.692993 267.745239
1049.887817 120.134407
1049.834839 211.759384
1051.718262 167.724228
1052.606812 97.714920
1053.425415 113.305550
1053.358398 188.404419
1055.146606 90.911835
1055.639526 110.309174
1056.766113 66.378914
1058.168213 159.645111
1058.645264 113.884346
1058.307129 118.387383
1059.656616 75.604546
1059.303345 127.747421
1059.428833 211.735672
1061.930176 240.692307
1063.753418 230.336136
1064.415894 133.733261
1064.793701 113.757126
1066.232788 107.249748
1066.327515 196.382614
1067.743286 240.208298
1069.191284 144.718475
1070.377075 116.756920
1070.802856 200.382614
1072.358398 120.088158
1073.220093 98.127243
1073.962524 266.250610
1074.311035 189.661469
1078.075317 259.255676
1079.218872 156.223358
1080.048462 85.292465
1079.961548 101.849113
1080.439575 91.824142
1080.520996 181.727478
1080.788452 207.410431
1081.719360 107.641891
1081.284424 188.391235
1082.774048 172.184052
1083.739746 88.351692
1083.866333 100.333725
1084.728149 225.151810
1085.168091 178.072495
1087.260498 221.843002
1089.147583 217.817062
1089.331909 124.104652
1090.593262 105.287056
1090.275146 149.877823
1091.091675 119.744385
1091.678833 293.093719
1097.138916 167.756668
1097.126709 215.637146
1097.838135 102.143715
1097.908813 132.664612
1098.862671 90.814720
1099.715454 271.643433
1100.907104 134.835754
1102.316040 114.888077
1103.862671 116.365662
1104.781616 70.612000
1106.289429 192.745193
1106.843018 113.919998
1106.739624 232.187851
1109.272827 220.594666
1111.200684 229.242844
1112.093872 109.882454
1111.873901 193.625671
1112.680298 120.413513
1114.170410 243.131363
1114.395874 125.362000
1116.132324 245.243484
1117.460449 113.352852
1118.109985 233.363754
1118.583374 126.704437
1118.424805 298.811096
1118.778931 192.069733
1119.378906 162.340439
1120.146362 124.676353
1120.730469 241.126038
1121.946411 110.788216
1121.957153 115.779663
1122.176392 127.589127
1124.200073 124.633606
1124.375488 105.104599
1126.259155 245.720383
1126.319092 300.701447
1127.422119 119.702278
1127.339844 126.336105
1127.665283 129.635620
1127.782959 221.882782
1127.774536 230.607040
1128.707886 296.646332
1129.796265 187.931015
1129.852905 237.827682
1131.195557 128.187103
1135.261353 130.849762
1135.423950 124.286819
1137.890869 208.147629
1141.852661 134.679657
1143.077759 239.316223
1144.706909 129.109863
1144.331787 134.837936
1144.300415 198.832397
1145.708008 177.205933
1148.905396 138.299103
1150.413818 126.855186
1154.280884 128.631973
1154.916382 142.627884
1155.348267 144.225891
1156.642334 153.183655
1157.258911 136.805450
1157.304321 228.196762
1158.602661 150.203369
1159.539185 226.222809
1161.213623 133.408630
1161.445801 154.323578
1161.289185 158.194016
1161.713989 229.359390
1162.843140 224.570557
1163.946045 148.819260
1164.788818 220.234543
1166.130493 223.393906
1165.841187 230.219467
1169.215210 224.858444
1169.359863 154.574677
1169.815796 187.905762
1171.369995 155.169830
1171.282104 220.400925
1178.315430 228.734619
1185.862915 116.283051
1202.833618 148.049866
405.809143 158.201904
412.010162 128.487045
415.520294 133.386154
418.070557 167.267227
418.640625 147.860733
422.094208 197.922089
424.885742 168.955139
427.618652 161.058380
431.187958 179.560165
436.010803 120.316658
437.284943 207.492966
444.115875 124.191498
444.556061 130.073257
447.603912 124.445282
451.291199 124.398094
456.882202 216.371216
459.240387 150.884933
459.620605 128.788864
459.812469 142.060089
461.001770 145.614594
461.564240 143.243591
462.711304 139.008408
464.146820 136.217804
464.487061 149.923264
465.652283 134.636215
465.976440 137.752182
466.247375 153.889923
466.522644 147.273605
470.649963 117.783073
471.756134 193.215866
473.816833 115.637566
473.902313 127.163475
474.372589 188.662949
478.979614 130.715881
480.016602 181.236389
494.345398 193.676224
504.745239 170.100601
672.940979 792.848083
682.406677 781.208435
685.215027 787.328003
689.176758 771.875000
693.073608 786.308777
694.806213 757.461609
697.445557 763.155396
697.401550 786.023987
698.439270 751.331604
701.865234 768.552002
703.292908 788.474243
705.110779 773.460938
705.250977 748.111328
709.627869 730.539673
709.862610 740.083130
713.474243 757.153259
713.774292 745.263184
716.133057 728.078125
717.310486 738.797852
717.527222 750.075867
719.683411 609.963867
719.735962 712.877075
719.910522 721.559814
720.301208 663.266602
724.078003 735.888916
725.703186 709.938293
726.709290 442.228607
728.119873 662.955322
728.491760 439.998413
728.844727 600.526733
729.191162 678.830688
728.854065 685.656433
729.698425 688.945862
730.342773 673.658325
731.051086 599.538391
732.795959 670.891113
732.786499 690.385132
732.833008 708.548035
733.949036 598.078308
734.019470 717.724121
734.883545 535.574036
734.876770 570.712952
735.622742 684.900879
735.671631 688.076050
736.395508 489.902069
738.061829 563.434204
737.769653 711.611877
738.352051 486.205658
738.506653 615.146423
740.755371 430.835205
741.315125 491.445923
741.821045 684.369446
742.058899 687.429565
743.174377 671.410095
743.189026 677.528503
743.452637 429.941956
744.009705 674.970886
745.990051 658.927124
745.886719 669.238708
746.385132 429.157471
746.709351 647.077148
746.586914 674.626770
747.703247 683.490723
748.550720 645.418213
748.284363 686.780823
749.216919 638.374695
749.417847 520.637268
749.477417 614.523682
749.460388 704.453613
750.065674 609.795593
750.118774 634.144592
749.770203 708.031799
750.532104 455.852295
751.204834 683.028015
751.388733 633.086304
751.739197 673.935669
751.767029 462.266083
751.852234 653.464600
751.792603 696.549194
752.385437 676.776001
752.984558 613.267456
753.311707 651.819702
753.386841 705.711243
753.945984 702.314697
754.360962 509.993530
754.391418 682.512207
754.831238 516.848328
755.011597 673.686340
754.906311 676.263977
755.636719 531.635864
756.079834 540.710205
755.887939 593.060913
756.421936 549.613525
756.416565 556.270386
756.443115 558.644958
756.546082 565.340027
757.557434 461.761261
757.551880 611.734680
758.257751 660.673340
758.088440 687.976440
758.681091 442.295532
758.292236 455.380280
758.874939 657.020691
759.617004 543.455566
759.411316 601.549805
760.115723 461.491516
759.927124 552.491394
760.053284 569.370544
760.037354 585.582642
759.794861 590.329102
759.938477 596.419128
759.950195 707.143982
760.313416 561.941528
760.473877 572.206726
760.416992 575.150391
760.251526 582.513916
760.436096 593.131897
760.571411 682.393799
761.107239 633.000793
761.017578 675.534607
760.734253 685.658997
762.061035 463.116516
761.847839 519.179260
762.176697 647.822205
762.480469 612.322632
762.779419 526.333191
762.807312 642.739197
763.547302 552.368530
763.726990 561.673340
763.720703 582.429932
763.742432 705.484314
763.805969 592.921326
764.504761 491.681671
765.191345 480.138397
765.534973 496.786407
765.841980 679.167175
766.598145 502.093170
767.115540 611.292358
767.092590 632.328674
766.866455 681.680542
767.517334 628.566345
767.896912 508.066589
768.004333 703.796875
768.761719 602.658081
769.062439 551.936768
769.441772 515.033447
769.814026 669.356445
770.602966 584.475952
771.428833 591.812500
772.248901 551.393738
771.990967 595.183899
772.006592 702.645874
773.121399 684.039490
773.297546 602.100586
773.683533 630.687195
773.354126 672.114563
773.943237 677.627136
774.605164 614.297241
774.654541 716.269653
774.867249 560.425293
775.729614 671.626648
776.124634 550.600464
776.728760 580.993225
776.456055 610.157043
776.338196 701.577393
776.981750 671.426758
776.757813 685.399536
777.722900 570.317627
778.366272 573.156982
779.163513 671.495850
779.730286 591.497314
779.459167 740.014221
780.293701 580.348389
780.065857 683.600464
781.198608 609.785828
781.401672 610.846375
782.679565 587.938538
783.209900 685.341003
783.425659 590.755127
783.958252 579.554810
784.183655 593.783875
783.803711 613.285400
784.117126 676.218933
785.159973 626.600830
785.061279 700.283325
786.017273 610.075134
785.952209 670.735840
786.135071 672.914307
785.998291 679.674927
786.259949 598.642273
786.261841 683.070801
786.689270 687.450439
787.149231 589.944702
786.781677 733.090027
788.196960 670.438721
788.696350 672.709900
789.343750 627.893616
789.370667 670.105835
789.341003 672.603088
790.577271 608.248596
790.924561 610.081482
791.060303 708.585510
791.842468 672.395325
792.022827 678.387878
792.239197 683.037964
792.567566 629.736389
793.609863 639.396057
794.345886 738.808777
795.287537 607.868408
795.769287 599.224609
795.777466 683.991577
798.158569 678.049316
798.510010 666.878357
798.256714 669.544373
798.514771 671.550903
798.779541 651.721741
799.050842 681.844238
799.947449 662.990051
800.748596 666.673096
800.929993 671.413635
801.413208 652.517212
801.289001 657.806152
801.727112 677.994629
801.954834 654.688782
801.890137 671.054749
802.263184 683.318542
802.594177 627.263367
804.451233 670.874512
804.506470 677.549316
805.016785 680.933350
805.268982 744.482117
806.170532 666.601929
808.165894 638.734802
808.773071 673.938416
809.759705 667.427246
810.099426 648.342407
810.274536 677.232056
811.189087 680.291504
811.050781 695.364075
811.720154 658.789185
816.057983 695.650085
817.168030 675.308105
817.333496 679.624023
817.850586 698.712524
819.264160 667.154419
820.866211 696.927368
821.191101 700.622742
821.179382 716.962524
822.678162 666.123291
823.031982 668.752380
823.059204 675.487976
823.499756 671.596619
823.426392 678.793274
825.591919 740.855408
827.337463 671.323486
828.987488 675.099304
831.471619 667.883179
834.216003 665.196533
834.561768 701.263977
836.649414 677.583496
837.001709 670.418579
840.177734 705.898071
845.551208 697.324829
846.475342 707.498718
848.748901 716.421753
852.699158 681.559326
852.365967 698.375610
854.181335 707.082825
854.156128 722.531738
860.074158 712.537354
861.296509 723.459717
862.277527 733.391296
867.167664 713.642639
867.066223 728.840149
869.340759 722.941223
870.200867 702.869019
870.087891 711.717773
873.376892 715.124512
878.777466 686.150513
879.302490 675.035828
879.982605 754.640076
880.667053 707.582825
885.293396 741.836731
885.370911 750.045898
886.466125 783.041016
887.185852 769.649536
887.368958 716.773071
888.245972 695.975037
888.544983 726.752075
889.073486 775.394653
889.425354 760.053467
890.536682 778.325867
890.513550 799.144104
891.694946 726.372009
891.940613 713.500244
895.570190 761.424438
902.559143 737.410400
904.577026 749.440552
905.914490 751.560791
906.577515 730.411926
906.564087 746.221863
910.421204 751.742065
914.950195 783.832397
917.710022 786.632019
917.825256 751.918335
918.549438 791.435791
923.147644 761.787170
972.143372 207.083862
1004.684448 200.388687
1004.884888 145.785934
1006.539673 101.150749
1008.964172 147.344803
1013.779846 141.688843
1015.491577 106.276527
1016.611633 219.398056
1017.826477 146.853912
1019.541992 220.226669
1023.997864 209.545151
1025.411987 220.593460
1030.175049 222.293716
1030.858643 144.443771
1037.229980 82.254105
1037.232910 165.399384
1040.485474 81.100975
1041.586426 235.969482
1045.422485 111.803329
1046.637085 74.533928
1053.448853 85.527184
1060.001709 222.868469
1072.372925 231.861633
1076.930298 162.153091
1079.953735 75.398911
1079.906250 183.638412
1088.264160 188.157944
1099.100220 197.223511
1102.819946 68.012138
1104.690430 222.823242
1105.429688 69.535408
1105.922119 126.712715
1106.784424 101.289192
1107.574341 70.812759
1111.579956 218.112656
1116.749023 243.194458
1119.929443 228.318420
1148.264526 234.236526
1153.546631 146.267181
1158.225830 148.452835
1164.243896 232.430664
405.885559 157.046158
417.479401 166.173874
422.100006 164.910461
421.762543 196.686218
426.134125 168.525574
443.933533 125.086525
443.759552 130.737747
444.709625 118.743530
451.239136 141.160202
452.013947 123.907661
451.798401 148.274658
458.441132 141.643677
457.908661 216.423233
463.332733 140.593140
463.170746 149.048691
467.102997 153.408463
467.915009 146.844101
469.534760 190.233551
473.725708 188.123566
477.188782 145.029251
479.999146 131.579742
480.296936 175.193207
489.475281 195.190735
491.345642 182.676041
686.514038 774.770142
689.095398 789.173950
693.348694 770.597839
692.713562 851.225464
694.776550 785.115540
702.212280 850.075684
704.184021 697.243713
706.638550 760.993713
710.715088 758.894958
715.187500 666.133667
716.156311 634.098938
724.047974 623.985474
727.395813 720.135193
728.105713 441.627777
727.675842 600.888306
729.238953 687.421631
730.786865 678.044556
731.714844 682.897766
733.089539 435.842346
734.129089 670.403748
735.883545 598.245117
735.758301 686.723694
737.976318 616.268433
739.767090 431.909698
740.919739 521.277588
742.065857 533.816528
742.305237 548.761353
741.978638 685.953064
743.036743 676.127686
745.712402 638.855896
747.290833 429.301727
747.522278 645.568237
748.224365 685.479248
749.348694 483.292511
749.154724 639.473633
749.216736 648.293274
749.320984 660.984680
750.019165 478.006042
753.116089 471.410126
754.028687 448.935333
753.911499 645.699585
754.310181 684.424194
754.781433 456.516479
755.192749 599.579102
755.397644 612.526245
754.970520 674.643311
755.884766 539.610229
756.467224 548.637817
756.514893 557.615112
756.530029 577.504150
756.189270 588.751587
756.749878 567.293457
757.657043 612.392883
757.530518 659.006714
758.162720 678.232239
759.625549 645.429138
760.156006 660.598694
760.703369 657.164307
761.025024 679.405579
760.824219 684.076660
761.899536 674.922668
763.399048 530.149902
762.633057 645.847534
764.119385 475.331909
764.935486 538.361572
765.163940 576.994446
765.334229 636.161743
765.869568 481.054657
765.949158 547.480652
768.315186 629.226563
769.881470 678.665466
770.807373 521.737854
771.187378 560.763733
772.288513 529.281311
771.687317 566.027893
771.843262 611.087402
772.513245 673.259399
773.232056 683.129333
774.072083 537.384521
773.877380 576.141052
774.171997 610.980591
775.965027 546.200500
776.133301 669.913879
775.501892 716.261353
778.134705 555.142456
779.647949 669.137878
779.681030 682.742310
780.737366 564.711426
780.624817 672.286133
783.581177 574.564880
784.365601 627.520447
784.860779 668.582703
784.923279 672.051331
786.175415 681.953979
785.793579 733.033325
786.561707 584.983704
787.542175 727.738098
788.474731 668.430176
789.082397 675.354492
790.305237 595.281372
790.808716 609.096680
792.081177 667.761414
792.310608 675.072266
792.052917 708.044495
792.830444 671.241760
797.215942 598.895386
797.458313 641.226807
797.451050 670.695007
797.551575 666.801758
798.334290 680.574646
798.645996 662.386414
800.766541 604.358521
802.435059 653.112427
801.570923 674.157593
801.621216 679.715210
802.529053 601.485046
803.390442 660.158264
804.803101 679.341125
807.101318 670.059937
807.711365 674.064636
809.721924 652.938171
810.214478 668.227417
811.035767 679.261963
815.435303 651.363647
815.812378 674.104980
817.331787 678.810608
820.389648 677.338501
820.643005 672.350708
822.845703 667.461243
823.408325 676.997314
826.319641 671.957153
829.823425 675.096375
835.156311 666.080383
836.535217 676.307617
838.492249 670.244019
839.280090 680.877136
854.206055 696.738586
857.754272 722.922180
859.245178 738.788147
865.191101 722.590210
868.180969 740.148743
871.177917 701.670837
875.698914 728.518433
875.581238 743.755005
876.594971 677.184143
887.345398 761.328735
890.106323 776.890320
891.369446 761.060730
894.699219 749.727173
896.183777 724.107361
901.799255 780.298096
902.679199 752.598938
907.690918 746.034729
910.219543 750.214539
914.684387 784.824585
922.835815 786.239014
965.712463 197.810486
986.947205 137.668762
987.120361 262.756836
995.827515 162.351669
1003.486816 149.258636
1013.266724 140.781219
1025.250732 225.819870
1042.232422 80.213478
1043.988770 95.372841
1048.281738 73.940056
1055.964722 134.065979
1058.271362 183.843521
1072.245605 224.839966
1080.256958 100.708298
1086.155029 273.179291
1112.837646 176.874283
1165.489990 227.674286
420.114288 145.780060
432.081482 173.829361
458.538940 128.321793
472.503204 199.590210
472.852844 188.129837
662.864624 815.867371
682.755981 802.957825
690.075806 785.311584
702.678284 786.899780
729.365540 623.536011
729.060059 671.059875
733.278870 619.446655
737.204224 490.059448
745.031372 639.673645
745.408997 652.866760
746.308960 645.102417
750.261414 466.916046
755.085815 659.116577
756.227173 445.378143
758.323914 666.284180
760.991272 465.548828
760.482239 652.242676
762.665894 639.061096
766.176941 598.014221
775.907104 586.322998
778.626587 596.730042
779.051880 681.482300
781.000793 668.877136
783.460266 668.537048
792.746521 635.567505
793.326965 667.503723
794.652771 642.561890
795.553284 670.932312
796.838318 666.711304
797.316223 675.141418
797.889771 647.723755
800.740479 605.129700
807.265198 632.827942
814.109680 645.115967
818.188110 649.899170
821.397339 657.316589
832.372986 673.195068
831.997864 716.838196
872.172424 741.428284
881.769775 680.864441
882.115112 729.835083
888.018860 724.302673
891.421692 761.923645
894.026550 721.191040
896.311707 763.828186
904.856140 746.328674
906.007263 750.623535
910.121399 738.786072
917.635986 790.845215
926.521667 762.573853
978.058899 112.076889
986.814209 279.096313
996.702881 104.889862
1013.772522 152.323349
1019.295166 215.552094
1086.745239 182.548248
1100.094116 134.128632
1100.551758 68.064819
1118.814087 191.491882
1150.064087 204.344238
1188.754028 121.258972
1202.056641 150.397293
406.491547 154.655365
419.492584 173.129608
421.564697 145.105133
427.826538 127.509735
435.914246 119.908852
436.911133 200.823761
445.978912 172.853378
454.755188 139.519409
470.390839 132.971634
477.452454 142.347504
698.836975 709.671631
726.427612 600.509094
727.360046 668.725586
728.861816 444.065674
738.341614 490.616425
751.501465 466.686707
782.700989 630.432617
800.179260 606.624573
814.267883 674.190308
897.366638 725.662415
904.445435 738.331238
911.799927 736.607361
919.220703 786.313110
922.687561 757.849609
1021.171509 299.572632
440.675476 132.666565
737.317383 436.322510
736.742981 567.926636
742.216248 627.018311
755.033508 430.729248
772.979919 437.413574
914.083679 746.122864
974.104187 109.275063
980.855347 113.314491
988.745728 277.139191
1061.095703 61.099930
1062.254150 68.860390
1080.839355 70.595680
1098.061401 69.865784
1100.245117 62.515274
1116.934692 241.562057
1116.508423 302.693512
1185.652222 120.797394
1199.369995 151.363358
1207.135498 150.719452
423.460846 205.400406
756.921143 470.896118
778.599304 637.342590
901.026672 736.456787
916.866577 760.715088
919.401855 741.827087
1021.423035 216.922852
1196.260864 150.829697
736.891174 444.131378
769.062378 440.843781
778.427246 646.420410
908.719055 728.026367
932.260193 774.634949
985.475647 116.503525
994.847534 274.797882
1024.730835 294.015015
1058.763184 59.133156
1062.524780 74.077049
1100.684814 76.093056
1103.695068 60.627590
1114.535034 296.811371
1134.578491 102.847977
1143.351196 89.780739
779.015808 654.042053
989.325928 121.317001
1173.524536 125.995293
442.719788 138.497177
752.708740 448.986633
975.316589 193.287292
1074.769531 81.853607
679.041931 817.221497
753.604126 466.660248
1024.423828 269.086884
1166.530640 148.305679
883.250671 789.896973
987.574890 178.106857
1080.655396 96.617783
1109.169800 267.696442
441.514404 202.081924
752.855347 525.733398
855.471924 772.318298
754.780151 557.519958
1072.793945 220.633423
779.449646 704.111145
731.476318 436.231903
748.451172 641.384644
748.753479 713.518311
751.861206 472.738159
754.278870 705.933228
758.080322 470.561920
766.088013 681.491943
767.256348 583.980225
768.432129 509.188324
773.478333 669.541992
780.691528 700.905151
836.128479 662.581665
837.501404 677.689941
877.745483 744.559937
902.752258 781.753296
924.595154 754.947205
987.305420 263.488068
1020.449219 213.620651
1020.449219 213.620651
1023.453979 132.298080
1028.041504 136.274582
1121.957153 115.779663
412.010162 128.487045
728.491760 439.998413
754.391418 682.512207
760.251526 582.513916
764.504761 491.681671
801.289001 657.806152
1015.491577 106.276527
1060.001709 222.868469
1102.819946 68.012138
882.115112 729.835083
882.115112 729.835083
435.914246 119.908852
1080.839355 70.595680
442.719788 138.497177
414.848755 190.810852
423.347198 162.107010
423.347198 162.107010
441.136932 202.876282
444.862030 120.855659
446.239868 122.885048
449.856476 173.599701
451.087891 129.752548
451.087891 129.752548
453.780396 122.860634
457.190979 126.623055
457.906738 155.163742
458.722412 146.346573
460.247192 148.902008
471.843903 130.667816
474.378967 130.730286
476.744659 165.745392
480.468201 175.159073
492.280396 183.763580
492.280396 183.763580
505.608765 167.718414
507.247192 168.340012
704.221436 762.570190
713.749695 608.621460
715.172607 665.163330
716.349304 601.679016
716.389709 607.865906
716.389709 607.865906
727.758118 534.239929
728.281738 577.097900
730.078552 681.712158
730.291443 625.871704
731.476318 436.231903
731.841492 598.901489
731.841492 598.901489
732.128052 676.200256
733.307068 688.892029
735.154419 616.814209
737.195618 484.163574
737.313904 598.368652
738.570374 446.281342
738.570374 446.281342
738.789551 683.938538
739.774780 534.798706
740.095642 547.768860
740.095642 547.768860
739.852905 554.213196
740.386230 517.409546
741.758423 552.599792
741.767883 674.833923
741.767883 674.833923
742.682068 539.397461
744.729309 637.351074
744.700317 683.418945
744.700317 683.418945
746.740784 658.839294
748.876953 432.717194
749.627625 674.185486
749.358521 676.899414
749.358521 676.899414
750.704529 661.238770
751.378174 702.289368
751.378174 702.289368
751.861206 472.738159
752.245728 641.658936
752.245728 641.658936
751.770447 686.882751
753.175903 701.393066
753.175903 701.393066
753.347168 637.232117
753.897217 445.591644
753.884155 686.740540
754.365356 629.239929
754.278870 705.933228
754.278870 705.933228
755.190491 611.456909
755.198486 613.780151
755.198486 613.780151
755.490112 470.859161
755.684143 472.396759
755.677307 649.622314
755.677307 649.622314
755.677307 649.622314
755.754700 686.616333
756.755188 569.413391
757.767700 638.721558
757.918762 613.741638
758.640320 506.219238
759.552673 471.743011
759.552673 471.743011
760.116577 473.850342
760.271606 519.291565
760.247925 611.043396
761.185669 594.572693
761.132690 750.105103
761.673523 693.152405
761.762573 581.522766
761.950623 587.644775
762.698669 543.123169
762.601563 613.126404
762.601563 613.126404
763.365479 699.678711
763.365479 699.678711
763.365479 699.678711
763.779907 572.233948
765.276123 542.025208
766.730103 520.673462
766.387024 552.116272
766.387024 552.116272
766.387024 552.116272
766.288757 580.716797
767.221619 542.750854
767.344543 523.836853
767.356995 612.767578
767.356995 612.767578
767.882996 564.371338
768.717651 533.882629
768.717651 533.882629
768.756836 541.180542
768.756836 541.180542
768.309875 592.393433
768.309875 592.393433
769.267456 574.242371
769.101501 594.116211
769.101501 594.116211
769.591309 536.185608
769.591309 536.185608
769.674072 612.351990
769.674072 612.351990
770.137085 539.883301
769.786865 578.159485
770.136841 580.698547
770.147888 587.357361
770.147888 587.357361
770.309082 581.299072
770.594421 600.656494
770.726746 538.262329
770.919312 542.153564
770.919312 542.153564
770.920349 544.637512
770.920349 544.637512
771.216248 546.731384
771.216248 546.731384
771.757874 692.103394
772.648254 555.725891
772.648254 555.725891
772.382568 580.714050
773.006592 551.189392
773.162598 553.827637
773.162598 553.827637
773.014465 556.311401
773.014465 556.311401
773.131470 559.349854
773.131470 559.349854
773.790466 562.333984
773.790466 562.333984
774.252625 612.221863
774.252625 612.221863
774.409729 552.259216
774.359314 557.849915
774.359314 557.849915
774.312927 571.079529
774.376038 579.936157
774.376038 579.936157
775.130493 563.351624
776.053223 569.296997
776.053223 569.296997
776.233948 571.814392
776.233948 571.814392
776.679382 611.764771
776.679382 611.764771
777.111572 592.785645
777.111572 592.785645
777.111572 592.785645
776.816833 674.229431
776.760437 684.080688
777.145325 691.709778
777.581360 583.103760
777.398926 601.606873
777.863647 694.131042
778.591187 579.322083
778.591187 579.322083
778.719543 581.577515
779.300720 582.061096
779.727295 577.629883
780.406555 586.418945
780.398926 619.364136
780.703979 691.233337
780.876099 583.133423
780.876099 583.133423
780.760742 648.726379
781.727600 578.483398
781.465637 589.834290
781.741699 591.984131
781.741699 591.984131
781.924500 581.302612
781.924500 581.302612
782.175476 601.324524
782.143738 614.119995
783.085510 585.199646
783.085510 585.199646
783.666748 610.992004
783.666748 610.992004
784.646057 588.933105
788.755127 609.615356
788.755127 609.615356
789.179260 618.623230
790.671631 615.790771
790.822021 600.068359
802.250854 644.282288
802.250854 644.282288
802.948730 646.200500
802.948730 646.200500
803.633850 668.427795
803.804260 636.183289
803.804260 636.183289
805.649902 656.350220
805.649902 656.350220
807.643127 681.169861
811.376404 661.756226
812.709106 687.888611
812.709106 687.888611
817.243896 661.586731
817.415894 667.731934
818.759155 696.715271
820.131104 679.607239
823.575439 672.407349
825.172607 686.125671
825.172607 686.125671
826.754700 668.868042
826.754700 668.868042
831.670288 663.182983
834.575439 667.016724
835.671204 677.713501
836.084351 664.247070
836.858459 667.278687
837.501404 677.689941
837.866455 662.274292
838.140930 664.548096
838.085144 673.230408
870.202576 766.267883
870.202576 766.267883
870.363647 744.234680
870.820251 738.367920
872.456238 700.679016
873.578918 727.696350
873.308777 744.872559
873.308777 744.872559
877.745483 744.559937
877.744019 697.702393
881.384521 729.294861
882.030518 757.650208
883.731018 696.812256
883.857727 739.953186
883.870300 744.159485
884.854919 746.660034
884.854919 746.660034
889.076477 765.890869
889.076477 765.890869
889.304321 774.628967
893.361572 775.391357
895.623413 760.449402
900.506104 779.908569
902.752258 781.753296
903.830078 731.129822
906.372009 732.699341
924.595154 754.947205
982.831909 152.180389
982.831909 152.180389
983.648865 120.706909
985.275330 137.190887
985.412231 144.147736
994.868835 124.693863
996.146484 190.873856
996.146484 190.873856
995.910461 273.718323
996.623474 161.226242
999.079956 156.225250
1000.101013 212.265442
1000.101013 212.265442
1000.101013 212.265442
1001.208679 170.879181
1002.796997 149.492950
1002.796997 149.492950
1002.880981 185.339905
1005.413452 149.119980
1006.096008 129.124802
1006.632507 225.794464
1012.378784 118.822807
1012.363403 139.891281
1012.400879 212.203445
1013.089111 267.252075
1014.258179 114.171272
1014.182251 202.814957
1014.182251 202.814957
1014.182251 202.814957
1017.804138 132.238495
1019.181824 145.101913
1020.449219 213.620651
1022.291626 106.356323
1023.097595 216.611923
1023.453979 132.298080
1023.453979 132.298080
1023.649414 184.137436
1024.630005 226.470551
1025.279175 222.194382
1028.041504 136.274582
1029.259277 161.435684
1034.218872 112.756523
1034.218872 112.756523
1044.308716 94.240036
1049.887817 120.134407
1051.718262 167.724228
1052.606812 97.714920
1052.606812 97.714920
1053.425415 113.305550
1055.146606 90.911835
1058.168213 159.645111
1058.645264 113.884346
1061.930176 240.692307
1063.753418 230.336136
1064.793701 113.757126
1074.311035 189.661469
1079.218872 156.223358
1080.439575 91.824142
1080.520996 181.727478
1081.719360 107.641891
1082.774048 172.184052
1084.728149 225.151810
1089.147583 217.817062
1089.331909 124.104652
1091.091675 119.744385
1097.138916 167.756668
1097.126709 215.637146
1097.838135 102.143715
1097.908813 132.664612
1100.907104 134.835754
1102.316040 114.888077
1103.862671 116.365662
1106.739624 232.187851
1112.093872 109.882454
1117.460449 113.352852
1118.424805 298.811096
1118.778931 192.069733
1120.146362 124.676353
1121.957153 115.779663
1127.422119 119.702278
1128.707886 296.646332
1129.796265 187.931015
1135.423950 124.286819
1137.890869 208.147629
1144.706909 129.109863
1144.300415 198.832397
1145.708008 177.205933
1145.708008 177.205933
1154.916382 142.627884
1157.258911 136.805450
1157.304321 228.196762
1157.304321 228.196762
1158.602661 150.203369
1159.539185 226.222809
1162.843140 224.570557
1163.946045 148.819260
1165.841187 230.219467
1169.215210 224.858444
1169.815796 187.905762
1169.815796 187.905762
1171.282104 220.400925
1171.282104 220.400925
412.010162 128.487045
418.070557 167.267227
418.640625 147.860733
422.094208 197.922089
424.885742 168.955139
427.618652 161.058380
431.187958 179.560165
444.115875 124.191498
447.603912 124.445282
456.882202 216.371216
456.882202 216.371216
459.240387 150.884933
459.240387 150.884933
459.620605 128.788864
459.620605 128.788864
459.620605 128.788864
461.001770 145.614594
464.146820 136.217804
464.146820 136.217804
464.487061 149.923264
465.652283 134.636215
465.652283 134.636215
465.976440 137.752182
470.649963 117.783073
470.649963 117.783073
471.756134 193.215866
473.816833 115.637566
478.979614 130.715881
504.745239 170.100601
697.445557 763.155396
703.292908 788.474243
709.862610 740.083130
717.310486 738.797852
719.683411 609.963867
728.491760 439.998413
728.844727 600.526733
728.844727 600.526733
728.844727 600.526733
728.854065 685.656433
730.342773 673.658325
731.051086 599.538391
732.833008 708.548035
734.019470 717.724121
734.883545 535.574036
734.876770 570.712952
735.622742 684.900879
737.769653 711.611877
738.352051 486.205658
738.352051 486.205658
738.506653 615.146423
738.506653 615.146423
740.755371 430.835205
741.821045 684.369446
743.189026 677.528503
743.452637 429.941956
744.009705 674.970886
744.009705 674.970886
745.886719 669.238708
746.385132 429.157471
746.586914 674.626770
746.586914 674.626770
747.703247 683.490723
748.550720 645.418213
749.460388 704.453613
749.770203 708.031799
749.770203 708.031799
751.204834 683.028015
751.204834 683.028015
751.739197 673.935669
751.739197 673.935669
752.385437 676.776001
752.385437 676.776001
753.386841 705.711243
753.945984 702.314697
753.945984 702.314697
754.391418 682.512207
754.391418 682.512207
754.906311 676.263977
754.906311 676.263977
757.551880 611.734680
759.794861 590.329102
759.794861 590.329102
760.251526 582.513916
761.847839 519.179260
762.480469 612.322632
763.720703 582.429932
763.805969 592.921326
767.092590 632.328674
768.761719 602.658081
769.062439 551.936768
769.062439 551.936768
769.062439 551.936768
771.428833 591.812500
772.248901 551.393738
772.248901 551.393738
771.990967 595.183899
771.990967 595.183899
771.990967 595.183899
773.297546 602.100586
774.605164 614.297241
774.654541 716.269653
776.728760 580.993225
778.366272 573.156982
778.366272 573.156982
779.730286 591.497314
779.730286 591.497314
780.293701 580.348389
781.401672 610.846375
781.401672 610.846375
782.679565 587.938538
783.425659 590.755127
784.183655 593.783875
784.183655 593.783875
786.017273 610.075134
786.017273 610.075134
785.998291 679.674927
786.259949 598.642273
790.577271 608.248596
790.924561 610.081482
790.924561 610.081482
791.060303 708.585510
791.060303 708.585510
792.022827 678.387878
795.287537 607.868408
795.287537 607.868408
795.769287 599.224609
800.748596 666.673096
800.929993 671.413635
801.727112 677.994629
801.727112 677.994629
801.727112 677.994629
801.890137 671.054749
804.451233 670.874512
804.506470 677.549316
804.506470 677.549316
806.170532 666.601929
809.759705 667.427246
810.099426 648.342407
810.099426 648.342407
810.274536 677.232056
810.274536 677.232056
811.050781 695.364075
817.168030 675.308105
821.179382 716.962524
822.678162 666.123291
823.031982 668.752380
823.031982 668.752380
823.059204 675.487976
823.499756 671.596619
823.426392 678.793274
827.337463 671.323486
828.987488 675.099304
831.471619 667.883179
837.001709 670.418579
837.001709 670.418579
845.551208 697.324829
846.475342 707.498718
852.699158 681.559326
852.699158 681.559326
854.181335 707.082825
862.277527 733.391296
867.066223 728.840149
869.340759 722.941223
873.376892 715.124512
885.293396 741.836731
885.293396 741.836731
885.370911 750.045898
886.466125 783.041016
888.544983 726.752075
889.073486 775.394653
890.513550 799.144104
891.694946 726.372009
891.940613 713.500244
902.559143 737.410400
904.577026 749.440552
906.577515 730.411926
914.950195 783.832397
917.710022 786.632019
972.143372 207.083862
1004.684448 200.388687
1013.779846 141.688843
1015.491577 106.276527
1016.611633 219.398056
1017.826477 146.853912
1019.541992 220.226669
1023.997864 209.545151
1030.858643 144.443771
1041.586426 235.969482
1041.586426 235.969482
1045.422485 111.803329
1045.422485 111.803329
1053.448853 85.527184
1060.001709 222.868469
1060.001709 222.868469
1072.372925 231.861633
1076.930298 162.153091
1079.953735 75.398911
1079.953735 75.398911
1102.819946 68.012138
1104.690430 222.823242
1104.690430 222.823242
1105.922119 126.712715
1111.579956 218.112656
1119.929443 228.318420
1119.929443 228.318420
1119.929443 228.318420
1148.264526 234.236526
1153.546631 146.267181
417.479401 166.173874
417.479401 166.173874
422.100006 164.910461
421.762543 196.686218
452.013947 123.907661
458.441132 141.643677
457.908661 216.423233
467.102997 153.408463
469.534760 190.233551
469.534760 190.233551
479.999146 131.579742
480.296936 175.193207
491.345642 182.676041
692.713562 851.225464
702.212280 850.075684
704.184021 697.243713
710.715088 758.894958
716.156311 634.098938
724.047974 623.985474
728.105713 441.627777
727.675842 600.888306
731.714844 682.897766
733.089539 435.842346
734.129089 670.403748
735.758301 686.723694
737.976318 616.268433
737.976318 616.268433
739.767090 431.909698
742.065857 533.816528
742.305237 548.761353
741.978638 685.953064
743.036743 676.127686
747.290833 429.301727
747.522278 645.568237
753.116089 471.410126
753.911499 645.699585
754.781433 456.516479
757.657043 612.392883
765.163940 576.994446
771.187378 560.763733
771.187378 560.763733
771.687317 566.027893
774.171997 610.980591
775.501892 716.261353
787.542175 727.738098
787.542175 727.738098
790.808716 609.096680
790.808716 609.096680
800.766541 604.358521
801.621216 679.715210
801.621216 679.715210
802.529053 601.485046
807.711365 674.064636
810.214478 668.227417
820.643005 672.350708
822.845703 667.461243
890.106323 776.890320
894.699219 749.727173
901.799255 780.298096
910.219543 750.214539
914.684387 784.824585
922.835815 786.239014
1003.486816 149.258636
1013.266724 140.781219
1043.988770 95.372841
1058.271362 183.843521
1072.245605 224.839966
1072.245605 224.839966
1072.245605 224.839966
1080.256958 100.708298
1086.155029 273.179291
1086.155029 273.179291
1112.837646 176.874283
1165.489990 227.674286
729.365540 623.536011
729.365540 623.536011
733.278870 619.446655
733.278870 619.446655
733.278870 619.446655
745.031372 639.673645
746.308960 645.102417
775.907104 586.322998
778.626587 596.730042
778.626587 596.730042
882.115112 729.835083
891.421692 761.923645
978.058899 112.076889
986.814209 279.096313
1086.745239 182.548248
1100.094116 134.128632
1100.551758 68.064819
1118.814087 191.491882
1150.064087 204.344238
1188.754028 121.258972
419.492584 173.129608
445.978912 172.853378
454.755188 139.519409
470.390839 132.971634
477.452454 142.347504
698.836975 709.671631
727.360046 668.725586
728.861816 444.065674
738.341614 490.616425
782.700989 630.432617
814.267883 674.190308
904.445435 738.331238
904.445435 738.331238
911.799927 736.607361
922.687561 757.849609
1021.171509 299.572632
737.317383 436.322510
736.742981 567.926636
772.979919 437.413574
974.104187 109.275063
980.855347 113.314491
988.745728 277.139191
1062.254150 68.860390
1098.061401 69.865784
1100.245117 62.515274
1116.508423 302.693512
1185.652222 120.797394
1199.369995 151.363358
423.460846 205.400406
756.921143 470.896118
778.599304 637.342590
769.062378 440.843781
778.427246 646.420410
778.427246 646.420410
778.427246 646.420410
932.260193 774.634949
994.847534 274.797882
1058.763184 59.133156
1062.524780 74.077049
1103.695068 60.627590
1114.535034 296.811371
779.015808 654.042053
779.015808 654.042053
779.015808 654.042053
1173.524536 125.995293
442.719788 138.497177
752.708740 448.986633
975.316589 193.287292
1074.769531 81.853607
679.041931 817.221497
753.604126 466.660248
1166.530640 148.305679
441.514404 202.081924
752.855347 525.733398
754.780151 557.519958
731.476318 436.231903
748.451172 641.384644
754.278870 705.933228
754.278870 705.933228
758.080322 470.561920
758.080322 470.561920
767.256348 583.980225
836.128479 662.581665
837.501404 677.689941
877.745483 744.559937
924.595154 754.947205
1020.449219 213.620651
1020.449219 213.620651
1020.449219 213.620651
1020.449219 213.620651
1023.453979 132.298080
1023.453979 132.298080
1028.041504 136.274582
1121.957153 115.779663
412.010162 128.487045
728.491760 439.998413
754.391418 682.512207
754.391418 682.512207
754.391418 682.512207
1060.001709 222.868469
1060.001709 222.868469
1102.819946 68.012138
882.115112 729.835083
882.115112 729.835083
