761
441.137 202.876 708.014 235.36
448.169 131.758 747.002 130.848
449.243 116.594 754.446 108.438
453.78 122.861 759.135 118.869
458.722 146.347 755.671 157.733
458.804 137.116 762.098 144.133
471.162 149.855 773.166 166.003
492.28 183.764 791.71 222.767
405.809 158.202 673.518 155.869
418.071 167.267 686.898 174.071
424.886 168.955 697.8 179.393
444.116 124.191 744.064 119.95
451.291 124.398 754.738 120.164
462.711 139.008 766.832 149.504
464.487 149.923 762.332 164.065
465.976 137.752 771.836 147.7
466.247 153.89 765.795 171
474.373 188.663 762.808 225.628
478.98 130.716 793.874 138.969
405.886 157.046 672.321 153.933
417.479 166.174 686.898 174.071
426.134 168.526 697.8 179.393
443.934 125.087 744.064 119.95
451.239 141.16 748.329 148.308
452.014 123.908 754.738 120.164
451.798 148.275 744.932 157.48
458.441 141.644 759.639 151.849
463.333 140.593 766.832 149.504
463.171 149.049 762.332 164.065
467.103 153.408 765.795 171
467.915 146.844 769.017 160.833
473.726 188.124 762.808 225.628
477.189 145.029 785.759 163.722
489.475 195.191 782.82 237.094
491.346 182.676 791.075 220.067
420.114 145.78 698.8 143.008
472.503 199.59 756.182 240.787
472.853 188.13 759.602 224.653
406.492 154.655 673.643 152.153
419.493 173.13 687.346 183.266
421.565 145.105 698.8 143.008
435.914 119.909 733.702 111.453
445.979 172.853 725.767 193.57
454.755 139.519 754.841 145.813
470.391 132.972 780.081 141.864
440.675 132.667 732.986 130.951
435.914 119.909 733.702 111.453
441.137 202.876 708.014 235.36
492.28 183.764 791.71 222.767
492.28 183.764 791.462 221.731
418.071 167.267 686.898 174.071
461.002 145.615 760.548 157.939
465.976 137.752 771.836 147.7
478.98 130.716 793.874 138.969
417.479 166.174 686.898 174.071
452.014 123.908 754.738 120.164
458.441 141.644 759.639 151.849
467.103 153.408 765.795 171
419.493 173.13 687.346 183.266
445.979 172.853 725.767 193.57
454.755 139.519 754.841 145.813
994.869 124.694 937.867 504.909
1001.66 100.715 956.042 461.592
1006.1 129.125 955.52 514.958
1007.28 149.791 951.933 554.093
1015.27 209.326 948.986 667.103
1019.18 145.102 973.184 546.947
1019.65 210.883 955.622 670.802
1023.45 132.298 983.813 523.66
1023.92 219.198 962.192 689.7
1025.28 222.194 961.924 692.765
1028.3 226.236 965.806 701.114
1042.86 78.0696 1031.55 426.359
1046.07 74.7733 1038.05 420.351
1074.31 189.661 1053.64 640.294
1080.05 85.2925 1091.38 445.434
1079.96 101.849 1087.7 475.744
1083.74 88.3517 1097.87 452.409
1090.59 105.287 1104.08 484.618
1090.28 149.878 1091.65 568.055
1106.84 113.92 1128.64 505.541
1112.68 120.414 1137.55 516.852
1114.17 243.131 1107.28 747.624
1118.78 192.07 1128.1 652.187
1121.95 110.788 1155.64 500.004
1121.96 115.78 1154.85 510.025
1124.2 124.634 1156.35 526.367
1126.26 245.72 1125.89 755.174
1154.28 128.632 1205.11 538.734
1158.6 150.203 1206.49 580.256
1161.21 133.409 1216.09 549.198
1161.29 158.194 1209.42 595.691
1163.95 148.819 1213.59 578.881
1166.13 223.394 1200.02 719.253
1008.96 147.345 955.141 549.908
1013.78 141.689 964.796 539.046
1015.49 106.277 977.607 473.861
1019.54 220.227 952.847 689.26
1024 209.545 963.377 669.304
1025.41 220.593 962.192 689.7
1045.42 111.803 1026.42 489.156
1046.64 74.5339 1038.05 420.351
1053.45 85.5272 1046.99 441.51
1072.37 231.862 1038.71 719.551
1088.26 188.158 1077.7 638.748
1099.1 197.224 1093.45 658.987
1106.78 101.289 1132.22 479.689
1116.75 243.194 1110.88 748.691
1158.23 148.453 1206.29 577.003
986.947 137.669 921.029 528.028
1003.49 149.259 945.414 552.325
1013.27 140.781 964.796 539.046
1025.25 225.82 961.322 700.013
1042.23 80.2135 1029.72 430.606
1043.99 95.3728 1028.28 458.332
1055.96 134.066 1037.92 532.68
1080.26 100.708 1088.34 474.391
1112.84 176.874 1122.08 622.757
1165.49 227.674 1197.35 727.755
1013.77 152.323 961.932 559.779
1019.3 215.552 953.766 679.622
1086.75 182.548 1076.58 629.145
1100.09 134.129 1112.66 540.409
1100.55 68.0648 1130.1 416.464
980.855 113.314 918.405 481.8
1098.06 69.8658 1127.3 420.95
1116.93 241.562 1111.04 746.161
1199.37 151.363 1273.66 587.486
1062.52 74.077 1065.98 419.586
1100.68 76.0931 1128.98 433.547
1134.58 102.848 1180.49 488.037
1166.53 148.306 1219.57 578.396
1023.45 132.298 983.813 523.66
1121.96 115.78 1154.85 510.025
1015.49 106.277 977.607 473.861
994.869 124.694 937.867 504.909
1019.18 145.102 973.184 546.947
1023.45 132.298 983.813 523.66
1025.28 222.194 961.924 692.765
1058.17 159.645 1034.87 581.105
1100.91 134.836 1113.73 541.264
1118.78 192.07 1128.1 652.187
1121.96 115.78 1154.85 510.025
1154.92 142.628 1201.95 565.869
1158.6 150.203 1206.49 580.256
1163.95 148.819 1213.59 578.881
1013.78 141.689 964.796 539.046
1019.54 220.227 952.847 689.26
1024 209.545 963.377 669.304
1030.86 144.444 993.102 547.897
1045.42 111.803 1026.42 489.156
1045.42 111.803 1026.42 489.156
1053.45 85.5272 1046.99 441.51
1072.37 231.862 1038.71 719.551
1119.93 228.318 1120.14 720.987
1119.93 228.318 1120.14 720.987
1119.93 228.318 1120.14 720.987
1148.26 234.237 1166.55 737.245
1003.49 149.259 945.414 552.325
1013.27 140.781 964.796 539.046
1043.99 95.3728 1028.28 458.332
1072.25 224.84 1040.44 705.935
1080.26 100.708 1088.34 474.391
1112.84 176.874 1122.08 622.757
1086.75 182.548 1076.58 629.145
1100.09 134.129 1112.66 540.409
1100.55 68.0648 1130.1 416.464
1118.81 191.492 1128.1 652.187
980.855 113.314 918.405 481.8
1098.06 69.8658 1127.3 420.95
1199.37 151.363 1273.66 587.486
1062.52 74.077 1065.98 419.586
1166.53 148.306 1219.57 578.396
1023.45 132.298 983.813 523.66
1121.96 115.78 1154.85 510.025
713.75 608.621 236.64 546.175
715.173 665.163 230.061 627.054
716.349 601.679 241.321 536.182
721.872 710.608 234.057 691.209
728.868 695.743 246.164 670.285
729.017 720.839 243.045 705.718
730.138 669.45 251.46 632.799
730.291 625.872 258.247 571.086
731.476 436.232 286.989 300.696
732.128 676.2 251.225 645.172
735.154 616.814 266.641 557.229
737.314 598.369 272.201 531.553
738.146 519.129 284.663 418.7
738.57 446.281 295.745 314.749
739.775 534.799 286.725 441.238
740.386 517.41 288.87 416.156
741.071 502.762 291.229 395.362
742.921 543.137 288.51 453.065
743.249 663.623 271.612 624.271
744.729 637.351 279.629 588.441
746.316 707.654 269.11 687.407
746.741 658.839 277.393 617.733
747.844 656.6 279.758 614.898
748.451 641.385 282.585 593.025
749.192 609.653 288.785 548.076
749.132 660.136 280.429 619.545
749.34 654.91 281.538 612.363
749.359 676.899 278.023 644.194
749.312 710.763 273.044 691.788
750.147 459.217 312.358 337.304
749.769 642.88 285.229 595.703
750.705 661.239 281.321 620.74
750.771 650.198 284.25 605.615
752.246 641.659 287.425 593.459
752.59 663.282 285.384 624.341
752.899 611.866 292.905 550.52
753.176 701.393 279.691 678.134
753.321 506.847 308.619 401.079
753.347 637.232 289.713 587.308
753.741 498.545 310.016 389.392
754.336 519.652 307.29 419.647
754.365 629.24 292.376 575.888
754.823 604.123 297.091 540.267
755.677 649.622 291.002 604.494
756.445 552.865 305.647 466.762
756.64 562.166 304.618 479.936
756.82 572.34 303.45 494.524
757.376 536.076 309.72 442.331
757.919 613.742 299.165 554.067
757.71 703.85 286.357 681.929
758.64 506.219 313.285 400.66
758.922 534.761 311.893 441.1
759.348 656.254 294.886 615.553
760.248 611.043 306.179 549.324
761.494 557.33 311.195 473.292
761.951 587.645 307.165 517.067
762.175 610.853 306.179 549.324
761.794 619.105 304.768 561.479
762.699 543.123 316.633 453.11
762.602 613.126 306.132 553.427
763.78 572.234 314.35 495.49
764.816 476.756 329.275 358.454
766.088 681.492 301.153 649.877
767.689 681.396 302.886 650.534
768.432 509.188 329.217 403.722
768.718 533.883 326.412 439.863
769.267 574.242 321.646 497.377
770.137 580.699 321.7 506.129
770.309 581.299 322.004 507.358
770.594 600.656 319.755 535.554
770.92 544.638 328.42 455.124
771.758 692.103 308.344 665.727
773.031 530.115 333.893 437.091
773.131 559.35 329.093 476.856
773.478 669.542 313.926 633.707
773.779 700.383 309.97 677.412
774.313 571.08 328.94 492.828
776.817 674.229 318.349 640.418
776.76 684.081 316.625 653.808
777.399 601.607 329.918 536.549
778.157 699.373 316.659 676.06
779.217 617.315 332.232 558.751
780.876 583.133 337.316 510.104
782.175 601.325 337.025 536.682
782.615 698.843 323.059 675.312
783.836 608.381 340.284 546.234
785.824 608.425 340.284 546.234
787.206 698.291 329.565 674.752
788.406 608.015 347.181 545.508
790.822 600.068 349.504 534.546
791.178 669.624 339.161 633.178
794.589 666.264 345.476 629.06
796.28 698.143 342.754 674.506
800.73 698.316 349.717 674.77
803.634 668.428 357.71 631.143
805.259 698.788 355.902 675.582
809.686 690.646 363.499 664.13
817.244 661.587 378.468 622.862
817.274 652.827 380.796 610.671
817.416 667.732 376.563 631.03
818.759 696.715 375.319 673.458
823.575 672.407 386.049 637.347
825.173 686.126 386.592 657.873
826.755 668.868 390.425 631.862
831.67 663.183 400.873 624.87
833.291 662.912 400.873 624.87
836.084 664.247 406.24 626.242
837.464 697.163 403.136 673.497
837.866 662.274 408.601 623.909
838.141 664.548 408.224 626.071
838.085 673.23 407.848 639.173
858.419 703.272 432.014 682.597
870.364 744.235 443.773 741.455
870.82 738.368 445.176 732.68
873.309 744.873 447.358 742.229
882.031 757.65 459.341 760.181
882.32 714.928 464.427 701.162
889.076 765.891 468 772.144
889.304 774.629 466.671 784.154
895.623 760.449 477.971 763.594
900.154 729.136 489.658 720.295
903.299 752.399 490.148 752.761
924.595 754.947 519.562 756.069
719.683 609.964 244.827 547.898
719.736 712.877 230.954 694.394
719.911 721.56 229.33 706.759
725.703 709.938 239.139 690.048
728.12 662.955 249.667 623.569
728.845 600.527 260.374 534.324
728.854 685.656 248.219 655.686
729.698 688.946 248.396 659.954
730.343 673.658 252.073 638.454
732.796 670.891 255.287 634.837
732.786 690.385 252.17 662.598
732.833 708.548 249.868 688.186
734.019 717.724 250.153 702.435
734.884 535.574 277.93 442.133
734.877 570.713 272.887 491.88
735.623 684.901 257.047 654.75
736.396 489.902 286.453 376.826
738.062 563.434 278.374 481.531
737.77 711.612 256.069 693.251
738.507 615.146 271.71 556.141
741.315 491.446 293.308 379.222
742.059 687.43 266.194 658.302
743.174 671.41 269.942 635.574
743.189 677.529 268.893 644.026
745.99 658.927 276.054 617.832
745.887 669.239 274.537 632.829
746.709 647.077 278.761 601.214
746.587 674.627 274.46 641.837
748.551 645.418 281.626 598.402
749.217 638.375 283.311 589.722
749.418 520.637 301.038 420.964
749.477 614.524 285.657 553.38
749.46 704.454 274.002 682.352
750.066 609.796 288.785 548.076
750.119 634.145 285.013 582.646
751.389 633.086 287.282 581.158
751.739 673.936 282.229 641.759
751.767 462.266 312.358 337.304
751.852 653.465 285.058 610.149
751.793 696.549 279.012 671.219
752.385 676.776 282.331 642.923
752.985 613.267 292.175 554.513
753.312 651.82 287.512 607.876
753.387 705.711 280.071 684.553
753.946 702.315 280.914 679.424
755.012 673.686 286.693 639.152
754.906 676.264 286.198 642.716
755.888 593.061 299.622 524.056
757.557 461.761 320.62 336.589
758.258 660.673 293.33 620.436
758.875 657.021 294.886 615.553
759.617 543.456 311.584 453.545
759.411 601.55 303.213 537.219
759.927 552.491 311.126 466.33
760.053 569.371 308.72 490.853
759.95 707.144 289.194 686.758
760.474 572.207 308.877 494.541
760.252 582.514 306.879 509.189
760.571 682.394 293.581 651.372
761.107 633.001 301.562 581.327
761.018 675.535 295.125 641.85
760.734 685.659 293.648 655.922
762.48 612.323 306.314 551.026
763.547 552.369 316.072 466.475
763.727 561.673 315.569 479.536
763.721 582.43 312.739 509.274
763.806 592.921 311.172 524.192
765.842 679.167 302.421 646.751
767.116 611.292 313.252 550.531
767.093 632.329 309.391 581.027
766.866 681.681 302.886 650.534
767.517 628.566 311.425 575.105
768.762 602.658 316.986 537.952
769.814 669.356 308.132 633.192
771.429 591.813 322.316 522.505
773.121 684.039 311.631 654.035
773.684 630.687 320.313 578.143
773.354 672.115 312.995 638.386
773.943 677.627 313.951 645.084
774.655 716.27 309.878 699.927
776.758 685.4 316.551 656.465
777.723 570.318 334.336 491.985
778.366 573.157 335.053 495.608
779.164 671.496 322.276 636.262
779.459 740.014 312.547 733.703
780.066 683.6 321.795 653.54
781.199 609.786 333.914 548.593
783.21 685.341 326.138 656.132
784.184 593.784 340.598 525.614
784.117 676.219 328.39 642.953
785.16 626.601 337.365 572.509
786.017 610.075 340.797 547.836
785.952 670.736 331.959 635.466
786.135 672.914 331.959 635.466
785.998 679.675 331.051 648.077
786.26 598.642 342.474 532.59
786.782 733.09 323.988 723.885
788.696 672.71 336.642 637.54
789.341 672.603 336.642 637.54
790.577 608.249 347.181 545.508
790.925 610.081 348.004 549.56
791.06 708.586 334.691 689.114
792.023 678.388 339.338 646.284
792.239 683.038 338.96 652.975
792.568 629.736 347.536 576.557
794.346 738.809 334.332 732.597
795.288 607.868 354.702 545.865
795.769 599.225 356.389 533.32
798.159 678.049 348.985 646.064
798.257 669.544 350.159 633.43
798.515 671.551 349.586 635.261
799.051 681.844 349.408 651.161
799.947 662.99 352.65 623.809
800.749 666.673 353.967 629.762
800.93 671.414 354.67 635.982
801.289 657.806 356.159 616.782
801.89 671.055 354.67 635.982
804.451 670.875 358.94 635.728
804.506 677.549 358.016 645.44
805.017 680.933 358.29 649.965
805.269 744.482 349.457 740.624
806.171 666.602 361.941 629.722
808.166 638.735 369.45 590.058
808.773 673.938 362.868 640.612
809.76 667.427 367.078 631.026
810.275 677.232 366.39 644.971
811.189 680.292 367.211 649.043
811.051 695.364 366.185 670.171
816.058 695.65 372.177 670.904
817.168 675.308 376.765 642.352
817.333 679.624 376.373 648.238
817.851 698.713 373.59 675.651
819.264 667.154 381.371 631.925
820.866 696.927 379.018 672.641
821.191 700.623 378.486 678.277
821.179 716.963 376.744 701.552
822.678 666.123 385.669 629.488
823.032 668.752 385.771 632.716
823.059 675.488 385.239 642.33
823.5 671.597 386.049 637.347
823.426 678.793 385.089 647.039
825.592 740.855 379.58 735.466
827.337 671.323 390.297 637.554
831.472 667.883 398.068 631.47
834.216 665.197 404.097 629.286
834.562 701.264 397.451 679.468
837.002 670.419 406.211 635.539
840.178 705.898 404.801 686.159
845.551 697.325 414.199 673.734
846.475 707.499 414.386 688.382
848.749 716.422 415.912 700.774
852.699 681.559 427.453 651.645
852.366 698.376 424.197 675.529
854.156 722.532 423.11 709.333
860.074 712.537 433.049 695.791
861.297 723.46 433.33 711.32
867.168 713.643 442.866 697.152
869.341 722.941 443.426 709.673
870.201 702.869 449.471 682.475
870.088 711.718 447.561 694.324
873.377 715.125 452.259 699.232
887.186 769.65 463.86 777.279
887.369 716.773 472.172 701.987
888.545 726.752 472.526 715.996
889.073 775.395 466.224 785.891
889.425 760.053 468.36 763.932
890.537 778.326 467.771 789.919
890.514 799.144 465.288 819.519
891.695 726.372 476.398 716.79
891.941 713.5 479.533 697.507
895.57 761.424 477.645 765.496
904.577 749.441 492.006 747.869
905.914 751.561 493.832 750.966
906.564 746.222 495.893 743.64
910.421 751.742 500.275 751.983
914.95 783.832 502.084 798.951
917.71 786.632 506.193 802.112
918.549 791.436 506.209 808.928
923.148 761.787 517.932 765.781
704.184 697.244 210.435 671.845
727.396 720.135 240.302 704.388
728.106 441.628 281.577 312.269
727.676 600.888 258.599 534.693
729.239 687.422 248.396 659.954
730.787 678.045 251.225 645.172
731.715 682.898 251.524 651.491
733.09 435.842 288.33 300.323
734.129 670.404 256.639 634.755
737.976 616.268 271.71 556.141
743.037 676.128 269.215 642.391
745.712 638.856 279.629 588.441
747.522 645.568 281.626 598.402
748.224 685.479 275.36 656.505
749.321 660.985 281.321 620.74
754.971 674.643 286.693 639.152
757.657 612.393 299.414 551.649
757.531 659.007 292.864 618.886
758.163 678.232 290.859 645.265
759.626 645.429 297.623 599.079
760.156 660.599 295.929 621.761
761.025 679.406 294.399 647.498
760.824 684.077 293.657 654.043
761.9 674.923 295.125 641.85
763.399 530.15 318.669 434.675
762.633 645.848 301.323 601.46
764.935 538.362 320.707 446.229
765.334 636.162 307.28 585.413
768.315 629.227 311.425 575.105
769.881 678.665 307.289 646.495
770.807 521.738 331.543 422.747
771.187 560.764 326.919 478.556
771.843 611.087 320.138 549.999
772.513 673.259 312.995 638.386
773.232 683.129 311.631 654.035
776.133 669.914 317.888 633.827
775.502 716.261 309.878 699.927
778.135 555.142 337.686 470.258
779.648 669.138 321.525 633.061
779.681 682.742 321.795 653.54
780.625 672.286 322.276 636.262
783.581 574.565 342.705 498.14
784.366 627.52 337.365 572.509
784.861 668.583 332.257 631.909
784.923 672.051 331.33 637.043
786.175 681.954 330.59 652.754
785.794 733.033 321.385 723.067
786.562 584.984 345.606 512.923
787.542 727.738 324.897 716.633
788.475 668.43 335.978 631.844
789.082 675.354 336.679 641.455
790.305 595.281 349.654 527.925
790.809 609.097 347.838 547.314
792.081 667.761 340.477 631.12
792.311 675.072 340.157 641.37
792.053 708.044 335.804 688.371
792.83 671.242 341.145 636.162
797.216 598.895 356.389 533.32
797.458 641.227 352.97 593.327
797.451 670.695 349.586 635.261
797.552 666.802 350.308 629.774
798.334 680.575 347.863 649.282
798.646 662.386 352.65 623.809
800.767 604.359 363.189 540.055
801.571 674.158 354.912 639.805
804.803 679.341 358.146 647.106
807.101 670.06 362.565 635.331
807.711 674.065 362.868 640.612
810.214 668.227 367.078 631.026
811.036 679.262 367.211 649.043
815.435 651.364 377.728 607.83
817.332 678.811 376.373 648.238
820.39 677.339 380.838 643.424
822.846 667.461 385.855 631.219
823.408 676.997 385.327 643.647
826.32 671.957 390.297 637.554
829.823 675.096 393.795 642.192
835.156 666.08 404.097 629.286
838.492 670.244 408.747 635.409
839.28 680.877 407.592 650.371
854.206 696.739 426.92 673.23
857.754 722.922 428.627 710.383
865.191 722.59 438.553 710.29
871.178 701.671 451.358 678.782
875.581 743.755 451.259 740.165
876.595 677.184 463.153 645.566
887.345 761.329 465.873 765.063
890.106 776.89 466.963 787.866
902.679 752.599 490.148 752.761
907.691 746.035 495.893 743.64
910.22 750.215 500.093 750.913
922.836 786.239 513.858 802.828
729.366 623.536 257.331 566.876
729.06 671.06 250.295 634.806
737.204 490.059 286.453 376.826
750.261 466.916 311.063 343.906
755.086 659.117 288.366 617.505
758.324 666.284 292.579 628.975
760.991 465.549 325.896 342.414
760.482 652.243 297.675 608.768
762.666 639.061 303.145 589.593
779.052 681.482 320.297 650.249
792.747 635.568 347.049 585.142
795.553 670.932 345.656 635.644
796.838 666.711 350.308 629.774
797.316 675.141 348.532 642.503
797.89 647.724 352.774 602.699
800.74 605.13 362.53 542.261
807.265 632.828 368.745 581.217
814.11 645.116 376.852 598.849
821.397 657.317 386.632 616.894
832.373 673.195 399.597 640.552
831.998 716.838 392.776 701.695
888.019 724.303 472.218 712.518
896.312 763.828 478.49 768.971
906.007 750.624 493.832 750.966
910.121 738.786 500.827 730.96
917.636 790.845 506.209 808.928
926.522 762.574 522.366 768.863
726.428 600.509 256.922 534.962
728.862 444.066 281.577 312.269
751.501 466.687 311.063 343.906
800.179 606.625 362.53 542.261
814.268 674.19 372.377 642.002
904.445 738.331 492.621 733.434
737.317 436.323 296.431 301.468
736.743 567.927 276.21 489.579
736.891 444.131 294.912 314.188
731.476 436.232 286.989 300.696
748.451 641.385 282.585 593.025
924.595 754.947 519.562 756.069
754.391 682.512 284.69 651.629
727.758 534.24 267.614 440.165
737.314 598.369 272.201 531.553
738.57 446.281 295.745 314.749
738.57 446.281 295.745 314.749
739.775 534.799 286.725 441.238
739.853 554.213 282.163 468.665
740.386 517.41 288.87 416.156
741.758 552.6 286.049 467.075
746.741 658.839 277.393 617.733
749.359 676.899 278.023 644.194
749.359 676.899 278.236 643.318
750.705 661.239 282.528 621.013
752.246 641.659 287.425 593.459
753.176 701.393 279.691 678.134
754.279 705.933 280.071 684.553
755.677 649.622 291.002 604.494
761.133 750.105 285.081 748.214
762.699 543.123 316.633 453.11
763.78 572.234 314.513 494.328
766.387 552.116 320.698 466.096
766.387 552.116 320.698 466.096
766.387 552.116 320.698 466.096
767.357 612.768 313.084 552.877
768.718 533.883 326.412 439.863
768.718 533.883 326.412 439.863
768.31 592.393 317.721 523.129
769.591 536.186 327.7 443.092
769.591 536.186 327.7 443.092
770.137 580.699 322.004 507.358
770.148 587.357 322.038 515.589
770.309 581.299 322.004 507.358
771.216 546.731 329.018 458.531
772.383 580.714 325.267 506.715
773.014 556.311 330.606 471.321
777.145 691.71 315.984 665.026
781.924 581.303 339.469 507.134
782.175 601.325 337.025 536.682
803.804 636.183 362.71 586.522
818.759 696.715 375.319 673.458
823.575 672.407 386.049 637.347
825.173 686.126 386.592 657.873
826.755 668.868 390.425 631.862
826.755 668.868 390.425 631.862
836.858 667.279 406.682 631.459
837.866 662.274 408.601 623.909
838.141 664.548 408.224 626.071
870.364 744.235 443.773 741.455
873.309 744.873 447.358 742.229
882.031 757.65 458.214 759.691
889.076 765.891 468.392 771.141
889.076 765.891 468 772.144
889.304 774.629 466.224 785.891
895.623 760.449 477.971 763.594
906.372 732.699 497.997 725.104
728.845 600.527 259.584 534.091
728.845 600.527 259.584 534.091
728.854 685.656 248.219 655.686
730.343 673.658 252.073 638.454
732.833 708.548 248.142 689.603
734.019 717.724 250.153 702.435
734.884 535.574 277.93 442.133
734.877 570.713 272.887 491.88
735.623 684.901 257.047 654.75
737.77 711.612 256.069 693.251
745.887 669.239 274.537 632.829
746.587 674.627 274.46 641.837
748.551 645.418 281.626 598.402
751.739 673.936 282.61 639.164
751.739 673.936 282.229 641.759
752.385 676.776 282.331 642.923
752.385 676.776 282.331 642.923
753.946 702.315 281.965 681.023
753.946 702.315 281.965 681.023
754.906 676.264 285.442 643.489
757.552 611.735 299.414 551.649
759.795 590.329 305.49 520.683
762.48 612.323 306.314 551.026
768.762 602.658 316.986 537.952
769.062 551.937 324.775 465.646
771.991 595.184 322.814 527.371
771.991 595.184 322.814 527.371
774.655 716.27 309.878 699.927
776.729 580.993 331.281 507.129
781.402 610.846 333.914 548.593
790.925 610.081 348.004 549.56
791.06 708.586 334.691 689.114
791.06 708.586 334.691 689.114
792.023 678.388 339.338 646.284
795.288 607.868 354.702 545.865
795.288 607.868 354.202 544.915
795.769 599.225 356.389 533.32
800.93 671.414 354.67 635.982
801.727 677.995 353.495 646.652
801.89 671.055 354.67 635.982
804.451 670.875 358.94 635.728
806.171 666.602 361.941 629.722
809.76 667.427 367.078 631.026
810.099 648.342 369.721 603.778
811.051 695.364 366.185 670.171
822.678 666.123 385.669 629.488
823.032 668.752 385.771 632.716
823.032 668.752 385.771 632.716
823.059 675.488 385.239 642.33
823.5 671.597 386.049 637.347
827.337 671.323 390.297 637.554
828.987 675.099 393.795 642.192
837.002 670.419 406.211 635.539
837.002 670.419 406.211 635.539
845.551 697.325 414.199 673.734
846.475 707.499 414.386 688.382
852.699 681.559 427.453 651.645
854.181 707.083 425.314 687.77
862.278 733.391 432.608 725.661
869.341 722.941 445.006 710.633
873.377 715.125 452.259 699.232
888.545 726.752 472.526 715.996
889.073 775.395 466.224 785.891
890.514 799.144 465.288 819.519
891.941 713.5 479.533 697.507
904.577 749.441 492.823 747.026
914.95 783.832 502.084 798.951
917.71 786.632 506.193 802.112
716.156 634.099 236.677 582.225
728.106 441.628 281.577 312.269
727.676 600.888 258.599 534.693
731.715 682.898 251.524 651.491
734.129 670.404 256.639 634.755
735.758 686.724 257.087 657.751
743.037 676.128 268.893 644.026
747.522 645.568 281.626 598.402
775.502 716.261 309.878 699.927
787.542 727.738 324.897 716.633
790.809 609.097 347.838 547.314
800.767 604.359 363.189 540.055
807.711 674.065 362.868 640.612
810.214 668.227 367.078 631.026
820.643 672.351 382 637.648
822.846 667.461 385.855 631.219
910.22 750.215 500.093 750.913
922.836 786.239 513.858 802.828
729.366 623.536 257.331 566.876
729.366 623.536 257.331 566.876
728.862 444.066 281.577 312.269
738.342 490.616 288.733 377.76
782.701 630.433 333.276 576.495
904.445 738.331 492.621 733.434
904.445 738.331 492.621 733.434
922.688 757.85 516.942 762.355
748.451 641.385 282.984 590.973
754.279 705.933 280.071 684.553
767.256 583.98 317.057 511.724
728.492 439.998 282.367 306.441
