1.14678 1.68534 -2.04158 1.42806
3.84705 6.7086 -7.15841 2.98151
1.35691 1.43635 -1.42407 0.990568
-1.44392 0.312253 -0.803818 -1.73096
-1.14579 -0.365416 0.128868 -1.2031
-0.808297 -0.680343 1.1793 -1.21414
-1.03432 0.640411 -1.03369 -1.23837
1.4803 1.81756 -2.20808 1.49767
-0.290893 -1.51505 1.70005 0.175362
1.68497 0.070405 0.439294 1.5496
-0.965138 0.909653 -1.56965 -1.34374
1.49196 -0.200697 -0.146876 1.59218
-0.893425 0.649714 -0.812515 -1.14225
0.137737 1.22808 -1.25563 -0.202884
-2.21613 -4.04886 5.56504 -3.77501
-0.07041 1.13207 -1.26274 -0.409313
1.04629 0.664511 -4.3162 2.27553
-1.38742 -1.52877 2.66151 -1.88822
-0.424428 -1.02267 1.16199 -0.757231
0.977129 -0.803565 1.0758 1.20333
-1.07153 0.14147 -0.348204 -1.56182
0.853015 1.22965 -1.37566 0.714302
1.08271 4.49573 -3.96995 -1.29818
2.80608 -4.5698 9.87962 5.65222
3.50249 2.91238 -1.47582 2.39125
-0.774295 -0.987213 1.31606 -0.830907
1.52428 -0.129162 0.463268 1.77296
-1.03761 0.21915 -0.172293 -3.54387
0.866858 1.26831 -1.22041 0.393602
-0.760362 -1.09105 1.32148 -0.623507
-0.896304 0.878712 -1.33791 -1.90147
-0.748602 0.881943 -0.961859 -1.24107
2.7866 3.06707 -4.86501 3.5073
1.85862 2.28896 -1.29664 1.01792
-0.708904 -1.1681 1.37739 -0.886364
-1.35893 -1.6811 1.43148 -0.854323
1.06276 -0.900552 1.26853 1.3581
0.835639 -0.684161 0.805315 0.840976
-2.31336 -0.193409 -0.175538 -2.07856
-1.27785 -1.17687 1.38704 -1.20423
1.25415 -0.802093 0.957264 1.15398
-1.71724 -0.262584 -0.416434 -3.2885
-1.27481 0.259228 -0.680191 -1.44365
-0.831725 -0.914717 0.945161 -0.631322
0.627276 -1.31422 1.72112 1.36118
-1.05891 -0.096974 0.068645 -1.10424
1.88786 -1.24669 1.21599 1.72152
0.5892 0.967759 -1.28029 0.795168
0.875795 1.12167 -1.64594 1.04227
0.708305 0.842719 -1.27278 0.811243
1.06143 -0.626508 0.744398 0.940802
-1.05696 -0.235286 0.137891 -1.37199
1.06611 -0.282715 0.371439 1.16652
-0.985306 0.493825 -0.987781 -1.26055
1.04486 -0.047302 0.021794 3.19363
-1.33428 -1.53102 2.0718 -0.690971
-1.3353 0.772766 -1.53568 -2.2345
-0.575045 0.893807 -1.13368 -0.906981
0.80675 1.19272 -1.2771 0.642015
-0.996417 -0.860301 0.807811 -0.831155
-0.049071 -1.46616 1.15658 0.100327
0.141892 1.20586 -1.28822 -0.25166
2.15203 2.01172 -1.47469 1.35109
-1.10259 0.895819 -1.52464 -2.17726
-5.8287 0.963058 -0.709145 -6.4267
-0.207757 1.35523 -1.36297 0.404537
1.07754 -0.887895 0.772379 1.25495
-3.03172 -3.24203 1.44242 -0.939808
1.37928 0.135681 0.193731 6.48812
2.77914 -1.8345 2.48012 2.77953
1.93686 1.024 0.154668 1.94602
-1.04377 0.185307 -0.162362 -1.76708
-1.182 0.807626 -0.931362 -1.17778
0.904203 -0.680828 0.890645 1.0275
32.7847 -57.5591 73.1183 21.7815
1.24306 -0.144813 1.15364 1.93841
6.05023 75.7127 -91.6771 -15.936
0.294016 -5.233 6.78863 0.524494
0.640544 0.916629 -1.00941 0.533981
-1.77113 -1.67369 0.981528 -1.09804
-1.66226 -0.421277 0.469191 -1.29713
1.96944 2.23371 -1.57347 0.841759
-1.02788 0.46389 -0.983927 -1.4765
0.470363 1.23397 -1.3474 -0.009246
-0.667542 0.913357 -1.00648 -0.526816
-2.31722 -2.07327 1.23805 -1.15213
0.389922 1.00982 -1.28436 0.503264
1.82382 0.775093 -0.366006 1.5127
-1.57389 -0.389021 -0.515646 -1.983
-2.83888 3.36422 -5.62976 -6.14418
0.611779 -1.15932 1.51603 1.26833
0.93789 0.58918 -0.515066 1.14046
1.53898 2.39369 -3.11262 1.6407
-2.15598 -3.05804 1.9214 -0.783335
-1.32671 -0.515374 0.118636 -1.2233
1.05545 -0.128587 0.122511 1.5652
1.94639 -3.36053 4.2313 1.89384
0.865119 1.28154 -1.33893 0.663923
-1.09612 -0.714243 0.302345 -1.58248
0.790016 -0.928452 0.854352 0.821471
0.657726 -1.2367 1.56736 1.18857
-1.37593 -1.63421 1.6253 -1.22781
0.421811 1.32755 -1.18967 0.159202
0.902715 1.273 -1.35744 0.751041
-1.30976 -2.02918 1.62157 -1.28657
-1.14753 -0.334085 0.149735 -1.10443
-1.3998 1.74431 -2.0401 -2.73092
-0.860097 0.629799 -0.629799 -0.860097
0.043423 -1.13605 1.13605 0.043423
-0.893304 -1.12791 1.19652 -0.765147
1.05445 -1.11581 0.897235 0.994359
0.877136 -1.03157 1.39422 1.36785
-7.84998 3.53509 -4.24721 -4.80799
0.504477 -1.10271 1.80186 0.056083
-1.86777 -2.24569 1.72701 -1.07455
0.829947 -0.630537 0.630537 0.829947
0.121584 -2.64535 2.19965 0.722489
1.133 -0.53736 0.808523 0.955997
0.158818 -1.07522 1.61593 -0.046042
-1.55245 0.241402 -1.31778 -1.91451
-1.15594 -1.35271 1.15066 -0.504475
-1.03264 0.808256 -0.919973 -0.919954
2.11025 2.44343 -1.37646 0.83651
-0.81057 0.699706 -1.15877 -1.22565
4.45824 4.3303 -8.12688 4.74441
0.180394 1.36666 -2.2477 -1.1621
-0.073575 -1.05537 1.13889 -0.066096
0.676716 0.933968 -0.972612 0.526597
1.63052 2.60569 -2.72492 1.18482
0.771853 -1.02899 1.29238 1.21389
0.70807 -1.17978 1.48203 1.20761
-2.25554 0.332488 0.353957 -2.08387
0.564037 0.972639 -1.23255 0.768816
0.824479 -0.678157 1.06122 1.50379
1.03447 -0.225825 0.203738 1.50385
1.49131 -0.837875 0.913175 1.45956
-0.825652 -0.997225 1.09063 -0.677516
-1.91082 -0.005179 -0.177811 -1.93224
0.966963 -0.645278 0.643554 1.01247
1.13964 -0.045064 0.045064 1.13964
28.0342 -3.90226 10.1835 22.2563
-0.955501 -1.17156 1.30656 -0.806051
-1.06507 -0.003512 0.013694 -1.59385
0.90241 0.564005 -0.81402 1.11019
0.41539 -1.07767 1.1489 0.83515
-3.47474 -3.89593 7.43285 -4.96607
-0.741097 -0.887553 1.11764 -0.661102
1.0658 0.160638 -0.00646 1.43856
1.03714 -0.895763 1.79977 1.77924
1.0766 -0.649536 0.892605 0.900303
11.3468 -0.751397 1.7399 13.0306
0.689756 -0.908167 0.917486 0.970655
1.4595 0.622157 0.19347 1.55198
1.21673 0.023774 -0.371276 1.34491
0.661922 0.873354 -1.14877 0.768139
-1.1878 0.161021 0.017701 -1.4726
1.19845 1.19146 -1.1546 0.829413
5.69515 24.4669 -29.1486 16.6274
1.58661 -0.441038 1.3882 1.72379
-1.08497 0.71919 -0.9748 -1.38335
-1.264 -1.64374 1.24593 -0.671262
-0.377382 1.0757 -1.66271 -0.75445
-1.22809 -1.43469 0.967665 -0.644089
0.974554 -6.20295 6.19766 2.98072
-0.772501 -0.97274 1.01668 -0.579712
1.57657 -1.00357 0.938138 1.24716
0.983601 1.86214 -1.59529 0.650518
-1.93177 -2.97048 1.60078 -0.834794
-0.740689 0.806313 -1.09665 -1.25483
-0.938838 0.987408 -1.08098 -2.03381
1.3937 1.20383 -1.39052 0.967058
-0.833449 -1.11087 1.32124 -0.431908
0.023548 -1.67266 1.43169 -0.059955
1.03351 -0.963545 1.42434 1.64271
0.474667 -1.01974 1.1486 0.339634
-0.885071 0.677111 -0.803777 -0.995705
-1.36391 -1.7187 2.5368 -1.63108
-1.18159 -0.239093 -0.18451 -1.33626
-0.899477 -1.1081 1.10223 -0.808927
1.15205 1.38169 -1.25688 1.01456
1.03682 -0.578158 0.987168 1.01529
0.021814 1.24115 -2.69505 -1.41075
1.21464 1.63428 -2.27361 1.25094
0.308527 1.04096 -1.64736 0.803914
-1.04181 0.547036 -0.738257 -0.991484
-1.04408 -1.61288 1.21314 -0.876
-1.16937 0.141054 -0.012891 -1.38348
-1.12843 0.296832 -1.0344 -1.70321
-2.46265 -2.18129 2.45216 -0.388121
-1.98969 -1.89491 4.23951 -3.06228
-1.03269 -0.364899 0.364899 -1.03269
-0.568351 -0.901335 1.48777 -0.818659
-0.891501 0.692264 -0.670452 -0.964644
0.466768 1.16892 -1.0301 0.671651
-0.11092 1.56793 -1.77761 -0.55994
0.819738 -0.709507 1.28983 1.32608
0.94827 -0.490489 0.786184 1.39888
-2.13769 5.30566 -7.84114 -0.200823
1.62012 -0.000274 0.460499 1.68894
-1.55179 0.224973 -0.364573 -1.16208
0.730268 -4.6517 4.74479 1.79892
1.02191 1.15674 -1.15674 1.02191
3.58635 0.444331 -0.089595 3.47779
0.720182 1.00933 -1.21204 0.860246
0.293785 -1.03029 1.19907 0.396755
1.44657 0.774941 -0.318539 1.28519
1.533 1.84688 -1.54962 1.28515
0.922785 -0.959484 0.685713 1.28675
-0.376834 1.01867 -1.26225 -0.714524
1.4613 1.2736 -0.828026 1.11523
-0.955545 -1.23909 1.79477 -1.09519
5.87391 7.40576 -7.2113 3.66406
0.894484 1.19992 -1.98056 0.274587
0.595888 1.24625 -1.01351 0.536548
-0.003621 1.05742 -1.14126 -0.005434
-1.42705 -0.015856 0.169807 -1.62699
1.26905 -0.800954 0.975551 1.38965
-1.25466 -0.703051 0.267209 -1.20706
-1.3479 -0.927465 0.398886 -1.03665
-1.03417 0.104973 -0.129181 -1.4168
-1.21038 -1.536 1.44886 -1.02493
-2.37175 3.14832 -4.93305 -3.51788
0.616952 1.38758 -1.27913 0.599361
-0.365189 1.0572 -1.45589 -0.661544
0.454985 -1.32478 1.0773 0.42295
0.611415 -1.07074 1.15608 0.353679
2.05169 -0.212091 0.507171 2.3217
1.0816 -0.079291 0.079291 1.0816
1.47127 0.252662 0.095507 1.42953
-2.17897 0.083866 -0.407873 -2.41143
-1.06966 0.001791 -0.045865 -2.7286
-0.795729 -1.6944 2.43059 -1.45103
1.82083 -0.090143 -0.244135 2.20956
-1.02007 0.497989 -0.773908 -1.0455
0.909789 -0.609033 0.778797 0.939388
0.530232 -1.00926 1.40859 1.27214
-0.674362 0.866734 -1.3976 -1.74487
-2.27834 0.998788 -1.30629 -1.87575
-1.12073 0.715064 -1.26176 -1.53879
1.53335 0.298679 -0.026603 5.32935
-0.491779 -0.947989 1.61644 -0.784855
1.06055 -0.648177 0.445585 1.0461
-1.02304 0.416539 -0.733425 -1.18419
-1.00035 0.849857 -1.44613 -0.765115
-2.28551 -2.82689 1.71011 -1.02582
-1.66489 1.23348 -1.22959 -2.22128
-1.12861 0.075137 -0.366755 -1.29115
0.680653 1.10243 -0.887974 0.624895
0.932328 1.73747 -1.6401 0.595819
1.79078 2.41218 -1.99506 0.771806
0.602671 1.74109 -1.72803 1.18636
2.03054 2.61411 -2.0214 0.688857
0.918891 -0.830489 1.28787 1.69855
-1.52517 -1.78654 2.17733 -1.53455
0.553896 -1.2143 1.28165 0.89676
-0.447972 -1.18839 0.967807 -0.593108
-2.29183 -0.113811 -1.52421 -3.70567
0.420817 1.00487 -1.00487 0.420817
1.65371 -0.709111 1.43694 1.83204
1.19151 1.50611 -1.80513 1.09812
1.9802 2.6582 -2.06472 0.596897
-0.674175 -0.994286 0.978451 -0.556532
0.689673 -0.815592 1.05303 0.954263
0.794628 -0.917742 1.2068 1.14415
-0.935054 -0.960903 1.01947 -0.614591
1.03983 -0.410578 0.669836 1.0466
0.413707 1.42439 -1.70577 -0.552222
-1.85637 -2.14792 1.06427 -0.812197
-0.804848 0.771388 -1.47941 -1.73674
-0.828948 -1.01513 1.04457 -0.631141
0.076563 4.57066 -1.31702 -0.510293
-1.05832 -1.79105 2.09038 -1.44444
-0.996749 1.13572 -1.60998 -1.79271
0.364832 1.23429 -1.17302 0.062823
-1.06769 0.348514 -0.225908 -4.69717
-0.383918 -1.26732 1.23746 0.030181
2.13568 -1.4842 2.87648 1.29663
0.716002 0.852472 -0.776797 0.782579
1.10302 0.404549 -0.220023 1.10752
1.25517 -0.776561 1.3917 2.05051
2.57038 -10.0992 10.8905 3.01229
1.05411 -0.40243 1.01773 1.41445
-0.500626 1.10031 -1.21801 -0.615279
0.833786 1.09792 -0.915166 0.529279
2.09048 2.58363 -1.68543 0.944137
0.817037 1.58418 -1.53634 0.833958
1.06804 -0.101213 0.036523 4.06523
-1.41245 -0.56946 0.106772 -1.18228
-0.755109 -0.811724 1.04546 -0.777047
0.257165 1.09235 -1.11278 0.242395
-1.51576 1.37603 -1.33107 -2.21168
-0.760399 -2.78856 2.95026 0.407581
-4.29742 -3.47648 5.57894 -4.39498
0.362851 1.30667 -1.41881 -0.024517
-1.32372 -2.01924 2.77286 -1.6466
-0.910067 -1.55786 1.33374 -0.29199
-0.798112 -0.90965 0.803196 -0.697192
1.37562 1.69025 -1.28677 0.638655
-1.96406 0.372686 -1.59466 -2.66428
0.887499 -1.12887 1.49284 1.36432
-1.29655 0.385445 -0.985869 -1.89821
-0.412304 -0.962662 4.55479 -2.49121
-1.15818 0.347785 -0.464647 -1.49259
0.75881 1.20701 -1.21212 0.421181
0.516787 -1.31688 1.47335 0.157518
-0.724629 -1.05225 1.01416 -0.683272
1.38602 0.407079 -0.195832 2.28796
-0.081879 1.21455 -1.79525 0.646896
0.939822 -1.01997 1.30246 0.865202
-0.580017 -1.04083 1.56412 -0.364667
1.28758 1.1665 -1.08739 0.624898
1.37013 -0.250411 0.980431 1.40644
1.18459 -0.564116 1.34014 1.87751
2.76104 -1.12569 1.56858 2.63178
-0.970557 -1.47973 1.44485 -0.340303
1.13014 0.455018 -0.125212 1.67552
0.393767 -3.14121 3.4099 0.43673
0.025305 1.06325 -1.56201 -0.072163
-2.24827 -2.67804 2.93263 -2.16118
-1.51202 -2.17397 1.56134 -0.68956
-1.11457 0.06572 -0.41688 -1.35484
-1.43437 -0.19995 -0.277051 -1.2178
-0.659624 -0.972944 0.899541 -0.680551
10.0142 11.5199 -10.4725 7.77096
-0.972423 0.650935 -1.14614 -1.23112
-1.33153 -1.72915 1.85933 -0.994667
0.497205 -1.72966 2.10993 1.35683
-0.545522 -1.21701 0.974585 -0.726133
-0.941463 0.58871 -0.675724 -1.07381
2.84675 -2.96856 4.8349 5.24435
0.589544 0.886324 -1.05406 0.571128
-1.06117 0.027464 -0.043088 -2.8506
2.13977 4.44583 -11.4818 7.11301
0.514018 0.926833 -1.22233 0.755235
1.25293 1.76677 -1.48225 0.871832
0.094419 -1.95634 2.19387 0.412804
0.859984 0.766942 -0.998 0.812414
-2.46018 -0.943292 2.15408 -2.17547
-0.651566 -0.936891 1.35989 -0.762803
-5.19258 -2.27084 2.84613 -4.83352
1.22954 -0.009578 0.35655 1.58378
-1.56105 -1.96332 1.42523 -0.778337
-1.54619 -2.79307 3.14635 -1.59718
-1.23123 0.06824 0.180664 -1.15215
-1.43401 0.950726 -1.28437 -1.24613
-1.33139 -0.097223 0.462287 -1.24876
-0.942798 -0.695732 1.16284 -0.954414
-1.44032 -1.56546 1.32311 -0.982626
1.28188 0.054074 0.423812 1.3678
1.6182 -1.59542 2.76039 1.58831
-1.10143 -0.058013 -0.111573 -1.22625
-0.463735 1.68641 -1.92576 0.414851
0.46264 -1.37978 2.28059 1.68866
-2.65522 -3.07686 3.6036 -2.71124
-1.0181 0.390355 -0.747431 -1.24965
0.486469 1.16616 -1.76031 0.753731
0.931258 0.874562 -0.984114 0.870791
-1.5211 -1.78664 1.61871 -0.910195
1.63758 2.33326 -1.7398 0.97754
0.999976 -0.500282 0.644778 0.950503
-0.922589 -1.58 1.25221 -0.579119
2.43944 2.47627 -7.48984 4.06004
-0.916536 0.749264 -0.847663 -0.832548
-1.30163 0.305352 -0.847458 -1.55158
-20.8267 -11.6483 17.5383 -19.9505
-0.021806 1.22055 -1.41629 -0.467973
0.004846 -1.28416 1.29279 0.371008
-0.771234 -0.983928 1.35758 -0.889306
0.838926 1.70861 -1.85786 0.726656
-0.909271 1.07087 -1.44755 -1.22827
0.92534 -2.74805 2.72122 1.46837
0.52497 -0.933093 0.937491 0.523334
0.588115 0.914705 -1.03656 0.583365
7.16227 8.78707 -9.33035 5.35988
-0.947251 -1.06905 0.940196 -0.684397
-0.311418 1.45056 -1.52404 -0.853682
-0.936834 0.63686 -1.30253 -1.11438
-1.07208 -0.869655 1.53792 -0.879414
0.545811 -1.18611 1.49928 0.990687
-2.71014 0.589288 -0.480057 -3.34586
-1.00299 -1.30292 1.00468 -0.625649
1.68333 -0.330405 -0.277304 1.48561
0.371224 1.13619 -1.36186 -0.027169
1.01952 -0.330707 0.334006 1.25902
1.18798 1.66518 -1.16701 0.890914
3.07466 0.780497 2.315 3.6928
2.85426 2.19614 -9.20886 6.72957
2.33372 -5.94194 8.10013 0.708498
-1.55635 -1.80817 0.894023 -1.17028
-0.52629 -1.03587 1.05256 -0.511252
1.21474 1.68447 -2.0888 1.12383
-10.7975 3.05051 -4.66553 -9.83033
-1.04942 -0.194597 0.1094 -1.39814
-1.06089 0.447954 -0.938423 -1.51482
1.1704 -0.744874 0.797211 0.829454
0.548631 -1.36695 1.50701 1.21925
0.108104 -3.4212 2.85684 0.95356
-0.527869 -0.944752 1.017 -0.496777
0.255735 1.9969 -1.92612 -0.920837
-0.853995 -1.05093 0.954636 -0.516363
1.34904 0.298638 0.217607 1.26584
-6.20601 9.27873 -11.2857 -7.53589
-1.06408 -0.138907 0.076087 -1.38907
-0.926321 -0.809267 1.19065 -0.881225
-0.792964 0.690394 -0.690394 -0.792964
-8.73187 -7.08956 23.1252 -15.2693
1.21524 -0.072148 2.6736 4.37395
1.41048 1.47799 -1.22927 0.872453
0.807095 1.3513 -1.31542 0.54937
0.449711 1.43401 -1.47636 0.132657
0.699223 0.890225 -0.99779 0.638025
-0.858081 0.719638 -1.15421 -1.17423
-0.947674 0.546529 -1.09312 -1.32901
0.989899 -0.486454 1.20813 1.83212
0.91606 -1.09062 1.63127 1.46786
-1.10396 -0.021307 -0.152828 -1.263
-2.0737 -2.07827 1.58295 -1.24631
0.955198 0.67667 -0.536992 0.995397
-0.973801 -1.03211 1.51731 -0.876555
1.06308 0.026677 0.030343 1.18339
-0.459414 -1.19489 1.35646 -0.12849
-1.3243 0.263272 -0.715707 -1.56941
-0.431509 -1.05111 1.39121 -0.286541
-0.643 -0.847629 0.847629 -0.643
-0.853997 0.688268 -0.688268 -0.853997
-0.458479 -0.930462 1.27661 -0.677605
-0.155473 1.09181 -1.26285 -0.076282
-2.2165 1.04347 -0.345081 -2.48812
-1.08025 0.763799 -1.17267 -0.747179
-1.41814 -1.70415 1.30055 -0.863448
-1.40056 0.552108 -1.41053 -2.14193
0.98199 -0.73476 0.981274 1.35854
-1.06708 0.146711 -0.142524 -5.27114
0.824048 0.91359 -0.903009 0.692749
0.782758 -0.842013 1.03727 0.944433
1.0273 -0.626183 0.805339 1.12415
0.463962 1.23935 -1.03209 0.711327
0.283439 -1.08121 1.0352 0.359915
0.681583 1.30495 -1.38383 0.995205
0.085526 1.05439 -1.13639 0.070879
1.1115 1.41708 -1.07597 0.52654
0.676683 -0.828311 1.10751 1.03768
0.509623 0.954462 -0.943852 0.521556
0.261558 1.33305 -1.26607 -0.098529
38.5672 -3.90035 10.7401 33.9925
0.879348 1.46781 -1.47713 0.160137
-0.523518 -1.19479 1.41653 -0.143546
-1.5398 -1.46986 1.87126 -1.44958
2.31384 3.49727 -4.98067 2.93484
0.915249 -0.879882 1.36137 1.34266
-1.74587 -0.607226 -0.299115 -2.0424
0.585182 1.03884 -1.26292 0.351407
-1.17419 -0.9263 0.753822 -1.15265
6.18698 -4.71635 5.68708 6.13408
-1.59907 0.822613 -0.681078 -0.907407
0.344087 -1.02269 1.24788 0.190598
-1.04775 0.080717 -0.026094 -2.33775
1.4612 -0.515538 0.757171 1.40319
1.30956 -0.192599 0.157628 1.08723
0.882089 1.02586 -1.52324 0.980275
-1.65186 0.941168 -0.778901 -1.0209
-1.1656 0.944329 -1.09988 -1.13997
0.807014 -0.7067 1.19628 1.55688
0.825465 1.31228 -1.09584 0.407524
0.720376 -0.799043 1.04864 1.09443
0.226774 2.27913 -2.49471 -3.35074
-1.17867 -1.85099 1.46226 -0.812942
0.708658 -1.0358 1.38211 1.19489
-0.577628 2.12101 -2.03298 -0.967797
1.32265 0.032946 0.975522 2.12869
-1.30527 -1.93291 1.3974 -0.483026
2.02872 0.088823 0.24049 3.00856
0.045257 1.16988 -1.27032 0.028185
1.1379 -0.899906 1.53354 1.82235
1.47094 0.052651 0.781887 1.57209
-1.1118 0.590007 -0.622845 -0.898923
-0.988666 0.630828 -0.684996 -0.923949
-1.62292 -2.28556 1.35382 -0.699489
0.972209 -0.531012 0.944526 1.38512
0.794275 1.19311 -1.02576 0.380382
1.73951 -0.347495 0.664002 2.5238
0.095683 2.36284 -2.73016 1.13326
2.02492 2.00291 -2.60546 1.85047
-1.01895 0.934467 -1.62928 -0.754348
0.177407 1.15405 -1.22939 -0.046378
21.0909 -4.33789 7.66578 20.4115
-1.04281 1.29223 -1.55858 -1.61995
0.158467 -1.80499 1.98101 1.18403
0.575093 -0.889477 1.48503 0.991894
-0.968805 0.472624 -0.698499 -1.21088
2.45895 4.33434 -3.6834 2.46995
0.317852 1.06599 -4.23998 2.11269
-1.06194 -0.123057 0.051973 -1.65305
2.95651 4.58193 -3.887 2.42905
5.44989 3.16612 -0.199878 4.59853
-0.83816 0.679844 -1.26563 -1.81545
-0.089887 -1.16515 1.11904 0.005393
1.0519 0.186378 -0.083747 1.58877
-0.811846 0.705767 -0.926395 -1.30358
-10.4018 6.912 -14.5765 -19.6452
0.478609 1.00596 -1.00596 0.478609
-0.80417 -0.797491 1.77054 -1.16872
-1.92 -2.20375 2.41132 -1.84826
0.107344 -3.34071 2.3268 2.08326
0.75024 1.42616 -1.12847 0.610221
0.026111 -2.48445 2.23127 0.655189
-0.929431 0.611962 -0.662306 -0.862364
-0.874622 -0.735549 0.805605 -1.06437
1.22181 1.39303 -1.09383 0.845801
2.23316 0.739338 1.42086 2.22428
1.2771 -0.560497 0.408432 2.33743
-3.8007 -36.8599 26.5906 -1.54959
-0.663668 -1.31325 1.75957 -0.762805
0.5876 1.2734 -1.6364 0.720871
0.650302 0.849722 -2.1919 1.30981
1.52389 2.15697 -2.56295 1.26451
0.826213 4.23987 -8.32374 4.06032
0.519026 0.994049 -2.52919 0.906379
0.004013 1.55321 -2.07746 -0.484228
1.30989 0.109464 0.353415 1.51583
1.2631 0.809399 -0.809722 0.971924
1.18108 -0.20028 0.406908 1.42893
-1.06601 -0.071723 0.081651 -1.37962
-0.399141 -1.0717 1.25076 -0.266187
-0.245429 -1.2363 1.2739 0.199434
-1.41 0.010347 -0.808086 -1.51096
0.546922 1.27568 -1.55545 0.668015
-0.013985 -1.79912 1.83333 1.63067
-6.42357 6.72802 -7.98347 -6.98939
-0.995329 0.538099 -0.8097 -0.994672
-0.194893 1.1934 -1.45222 -0.859307
-1.03263 0.711916 -0.882911 -1.05621
0.206397 -1.56425 1.69672 -0.50032
0.54561 1.16079 -0.969699 0.895494
-0.727837 1.94432 -1.84151 -0.124558
-0.493832 1.53254 -1.6145 -0.440739
2.0171 0.45591 -0.023952 2.56459
-4.58458 -3.96916 17.2342 -12.0771
0.766409 -0.687801 1.17175 1.25091
-1.05692 -0.13108 0.116811 -1.26613
-1.06856 -0.17287 0.118126 -1.09422
1.32339 -0.875273 0.967875 0.977666
-6.16542 -0.41535 -0.681128 -6.47895
1.11453 -0.076093 -0.034715 1.39073
-0.672889 -0.943114 1.11612 -0.472103
1.78533 1.85802 -1.29482 1.04292
1.05852 -0.016767 0.017167 3.42304
-2.43424 -3.49178 3.49178 -2.43424
-0.714496 -0.841404 1.09964 -0.88622
-0.85831 -1.27311 2.27961 -1.24436
-0.126023 1.05812 -1.1871 -0.100297
1.24229 1.67464 -1.9028 1.00536
-1.06668 -0.079045 -0.001888 -2.35896
0.690261 1.0691 -1.01576 0.428977
0.194575 1.10961 -3.48832 -0.052857
-2.0905 -3.08579 9.63744 -6.30844
-2.55125 -1.72248 -0.225596 -2.63868
1.5966 2.34984 -1.70823 0.989713
-0.492697 -2.07542 1.8922 0.271764
-1.10605 0.309018 -0.472139 -1.14118
0.920633 0.913113 -0.939365 0.70887
-0.788842 -1.08297 1.82325 -0.906596
0.719034 -0.776549 1.34961 1.34532
-0.567839 1.02415 -1.50753 -1.05647
-1.10771 0.96561 -1.17034 -1.42904
-0.865509 0.605987 -1.21348 -1.69443
-2.47643 -2.03698 3.88139 -2.41875
1.10394 -0.006582 0.032683 4.0985
-1.01255 -1.18216 1.11776 -0.678352
-13.6391 9.05414 -20.4504 -26.9888
-0.933507 -1.42304 2.30428 -1.20276
-0.273466 1.21231 -1.19113 -0.053144
0.792894 0.745681 -0.762606 1.03919
0.568679 -0.908962 1.28552 1.05291
0.712205 0.952869 -1.02914 0.576411
11.7739 -8.85131 21.0914 15.2993
3.38693 1.63853 -0.059412 2.16149
-1.18132 -2.08364 6.56414 -4.50059
-2.13598 1.90948 -1.76575 -2.00157
0.677553 1.14287 -1.86543 0.982539
0.969449 -0.890595 1.39167 1.82422
0.999778 1.46751 -1.12537 0.615441
1.05275 0.263747 -0.04523 1.64122
1.29645 1.62371 -1.26579 0.646404
1.08574 1.38497 -1.16418 0.673107
1.05413 1.51677 -1.48666 0.394653
-1.96203 -2.83544 3.00893 -2.04325
4.23337 -2.01714 5.33859 7.60391
-8.6414 -7.86472 7.5296 -7.17982
0.589491 -0.861484 1.26851 1.09402
0.920449 1.04165 -1.11125 0.855967
-0.641095 -0.855212 2.19461 -1.30623
-1.2738 1.23768 -5.85152 -0.042342
0.750694 1.0086 -0.891611 0.593236
0.621721 0.920065 -0.933611 0.557149
1.58962 0.162848 -0.649098 1.56608
-0.820572 -1.20694 1.61028 -0.785698
1.03892 1.20246 -0.870526 0.678721
-1.08343 0.671304 -0.905107 -0.930983
-2.23197 -1.06762 -0.362979 -1.76892
0.988449 -0.628061 0.628061 0.988449
-0.917963 -0.993328 2.43431 -1.43133
-1.28085 0.384558 -0.78843 -1.38698
-0.871068 -0.968845 1.47749 -0.945902
-0.894174 -0.997912 0.891231 -1.09975
0.313007 -1.44096 1.69488 0.972442
21.6801 -6.85778 6.97744 39.9376
-2.34816 -2.52772 2.57143 -1.62681
-0.929874 0.530605 -2.59077 -3.27004
-0.694027 -0.986598 0.902673 -1.33878
-0.838382 0.672123 -1.47436 -1.36149
0.964625 0.910211 -0.789369 0.718212
-1.27815 -1.37428 0.231333 -1.61694
0.120366 -1.42058 1.50026 0.699237
0.939395 -0.60973 0.962834 1.31726
0.454234 -0.976065 1.04004 0.725125
1.53644 1.55194 -1.08134 2.08833
-1.25192 -2.02807 1.76154 -1.18349
-1.03691 0.785007 -1.04428 -0.897935
2.0225 -0.261339 -0.305329 2.08511
0.799775 0.829008 -0.921497 0.747375
0.940391 -0.715653 0.932971 0.886342
-0.806639 1.00441 -1.11619 -0.50128
1.0657 -0.077917 0.09844 2.27411
-2.20483 -2.42959 2.77625 -1.16138
1.8802 -2.11072 3.51372 1.72574
0.773642 0.789357 -1.70979 1.05668
9.85052 11.4276 -5.5223 5.46749
0.928465 -0.618557 0.755438 1.03638
0.252636 -6.08681 5.17337 4.58681
0.788336 1.7356 -1.66014 0.522272
-1.05577 -0.175199 0.027325 -2.05513
0.815947 -1.34543 0.995099 1.30694
3.81438 -4.38444 5.81405 5.49404
0.82326 -0.712311 1.2638 1.39211
-0.981786 -1.14161 1.14047 -0.857983
-1.36283 0.349144 -0.857694 -1.55951
-1.10143 0.395344 -0.769745 -1.28569
-1.07732 0.08927 -0.111972 -2.10266
0.723305 2.37112 -3.2602 -1.68674
1.01037 -5.47864 7.21712 -0.163685
2.08307 -1.36327 1.83644 1.54041
-0.882088 -1.2842 1.87492 -0.969661
2.34205 2.76157 -1.39885 0.839961
0.170338 -1.02992 1.02992 0.170338
-1.25337 -1.35902 1.20878 -0.747856
-0.948666 0.543476 -0.768821 -0.994764
1.78492 -0.142822 0.292514 1.74106
-1.4087 -1.59857 1.08483 -0.620963
1.4553 1.33941 -0.958475 0.898724
1.55841 -1.15364 0.960213 1.35986
-7.30233 0.837339 -1.52082 -5.20132
0.542042 0.921521 -0.942827 0.615132
-0.83852 -0.801945 0.99025 -0.805421
1.79378 -1.9442 2.03087 2.51923
0.126268 -1.80676 1.89783 2.39934
1.55713 0.093675 0.281725 1.60176
0.482752 1.0799 -1.35756 0.269126
0.344509 3.31125 -4.8609 -2.58307
-13.3801 9.25334 -17.95 -24.0084
-1.55858 -0.071302 -0.071172 -1.2767
-0.261171 -1.04382 1.41847 -0.43921
-0.832554 -0.824346 1.07534 -0.79237
1.22372 -0.147182 0.49652 1.17249
1.21561 0.397592 -0.27797 1.388
-1.18474 0.629003 -0.346278 -1.30395
0.872771 0.719997 -1.37011 0.989121
0.978264 -1.08289 1.23636 1.19528
0.913373 1.05289 -1.20941 0.64601
0.961239 -0.638048 0.816605 0.985382
-1.11417 0.839403 -1.09021 -1.06887
-1.50244 -0.988304 1.25879 -1.30973
-5.24951 -22.5958 29.3609 -0.046497
1.00642 0.763884 -4.85106 2.51816
0.483823 -1.51374 1.79603 1.25749
0.621754 0.932947 -1.19487 0.560445
-0.425917 -0.951768 1.31244 -0.676527
0.938547 -0.713437 0.76009 0.77638
-1.02846 0.570248 -0.746208 -1.02219
1.53892 -0.073943 0.208645 1.52113
-0.678759 -1.59227 1.43595 0.053932
-1.60633 -1.81415 1.12639 -0.811782
-1.324 -1.87362 1.32041 -0.462632
1.04315 0.513806 -0.528602 1.29226
-1.55291 -0.464372 -0.146106 -1.57784
0.889133 1.65005 -1.61948 0.564242
2.83009 1.59823 -11.4493 8.4297
0.794105 1.90852 -2.3469 1.16116
-1.51083 1.44978 -1.6169 -1.63447
-7.973 2.82935 -2.73673 -5.27289
-0.866468 -1.03428 0.969822 -0.635851
-0.98994 -1.36233 1.24564 -0.519563
-0.896166 -0.605526 1.01495 -1.24034
4.76595 -3.29665 3.40092 4.0899
-0.751244 -0.825247 1.76044 -1.05886
0.701912 0.954381 -1.40208 0.902898
0.906079 -1.48408 1.14969 0.709804
1.41002 -0.147916 1.13075 1.79853
-1.31061 0.082313 -0.278508 -1.24772
1.35297 1.7275 -1.22499 0.779733
-1.23956 0.130552 -0.897637 -1.58484
0.799529 1.57405 -1.67578 0.706792
-1.29133 -0.918806 -0.640453 -3.75714
-1.24242 0.04651 -0.979939 -2.11921
-0.830793 0.672824 -0.885369 -1.40417
-2.46558 -3.10849 12.2791 -8.55336
-1.49145 -1.60395 5.75694 -3.98319
-1.23445 1.162 -0.721277 -0.766007
-0.555248 -1.23554 1.20633 -0.185859
-1.27403 -1.38926 1.32329 -0.712452
-0.818769 -0.881924 0.904292 -0.637175
0.69956 1.10146 -1.04339 0.418258
0.554159 0.911496 -1.96016 1.26125
0.805055 -0.684575 0.739558 0.844868
-7.36053 -6.14352 19.9863 -13.2199
-0.628977 -1.03666 2.48825 -1.36742
1.62777 0.780021 0.627099 2.03328
0.776704 1.23097 -1.12431 0.697053
-2.0737 -2.22435 1.38338 -0.980312
1.68592 0.315242 0.490184 1.81183
-0.996648 0.496553 -0.770902 -1.06616
-0.795883 -0.804493 0.916143 -0.663771
1.25598 1.80436 -1.39642 0.91179
5.50764 9.37053 -24.0949 14.3716
-0.843138 -1.57149 1.97016 -1.2127
-0.907129 -1.08925 0.870391 -0.665908
0.796854 0.87942 -1.12813 0.87962
1.01685 -0.499479 0.58653 0.946757
0.685958 0.939976 -0.947413 0.607962
-1.13554 -2.8194 2.73281 -0.25923
-1.52813 0.362206 -1.04932 -1.71739
-0.953881 -0.706872 0.854348 -0.859666
-0.703923 0.842713 -1.19498 -1.23763
3.88103 -3.56196 6.10333 6.78797
0.944021 1.67733 -1.54288 2.19763
0.415436 0.999187 -1.76477 0.469433
1.00894 -0.511931 0.743262 1.00573
-1.1193 -1.56037 1.18593 -0.705275
-0.611472 1.10844 -1.48002 -2.07662
1.32914 1.71678 -1.84175 1.11547
-1.91475 -0.461555 -0.065188 -1.9738
0.842108 -0.697444 0.886074 1.11275
1.38168 1.14649 -0.762693 1.33211
-0.966409 0.630224 -1.05557 -1.23115
-0.476728 -0.970748 1.11908 -0.432298
2.24409 -0.016696 4.18424 6.91412
-2.19752 -1.88447 1.11608 -2.26501
-2.50784 -1.68239 -0.070687 -2.58655
1.33893 1.76038 -1.05429 0.801865
0.913369 0.76799 -4.70706 2.45913
1.59957 2.34595 -1.58871 0.872277
-59.8579 30.4554 -30.5849 -54.5507
4.50972 7.07799 -7.07799 4.50972
2.59262 -0.953175 0.996561 2.45444
3.02775 3.4438 -5.49553 3.87495
9.33899 -5.23559 12.137 12.2466
-0.721323 0.75896 -1.16058 -1.05618
-0.919748 0.79684 -0.686505 -2.13734
0.323722 1.53993 -1.68176 -0.391895
0.995555 1.37803 -1.20591 0.736314
-1.50154 -1.44938 1.87606 -1.51696
0.576437 1.26763 -1.14728 0.236908
-0.80854 -1.1997 0.925624 -0.735843
-0.841139 -0.744108 0.860713 -0.772713
-1.31062 0.72927 -0.998617 -1.29873
-1.07575 -0.012464 0.05504 -1.38162
-1.05585 0.137138 -0.236504 -4.83603
-3.84239 2.16661 -2.72883 -3.89667
0.57162 -1.23098 1.17894 0.742184
3.39584 -1.2245 1.31213 4.29791
-1.14346 0.770325 -0.918193 -1.27475
-1.05846 -0.209878 0.383672 -1.20006
-1.55326 0.274182 -0.597542 -2.11878
-0.884612 0.894441 -1.3734 -1.36552
1.72037 0.840008 0.537193 2.08249
4.03141 -1.57678 1.26878 4.28134
-5.09449 2.23101 -2.74795 -4.06976
-0.945742 -0.973516 1.01619 -0.753292
-1.14745 -1.93965 2.36233 -0.868192
1.59081 4.23432 -5.05812 2.13102
-1.27833 -1.69639 1.68166 -1.19235
1.493 2.12982 -1.5664 0.842207
0.674608 1.0188 -0.937684 0.520597
-1.24357 0.369921 -1.01603 -1.91421
0.615605 -0.837256 1.46598 1.23506
-1.04658 -1.1 1.1 -1.04658
-0.832176 0.626723 -0.995253 -1.08417
-0.82163 -0.992729 1.99437 -0.39626
-0.207613 1.5401 -1.25984 -0.043466
1.24853 1.52031 -1.08268 0.88452
-0.865178 0.586902 -1.18313 -1.68765
6.63861 8.13058 -10.4275 6.65445
-1.06383 -0.09455 0.013236 -1.40698
0.541863 -1.24346 1.25448 0.674521
1.3214 1.60704 -2.3789 1.58745
-1.71649 1.41294 -2.44164 -2.87609
-0.883147 0.587115 -1.32216 -1.37174
-1.27141 -1.78906 1.70018 -0.839679
-2.2634 2.13305 -0.005129 -2.49994
-1.90306 -2.19921 11.3784 -7.83175
0.62195 -1.09607 1.51451 0.772899
0.723301 0.872943 -1.36232 0.884893
-0.487693 2.59731 -3.03367 0.206404
-1.00529 -0.507668 0.583488 -0.955604
0.763426 -0.90328 1.61081 0.551369
0.936062 1.35072 -1.29262 0.706512
-0.849707 0.834218 -1.15023 -0.968679
-2.18894 -0.780722 0.427967 -1.88432
1.92345 0.304919 0.252471 1.46639
0.769518 0.880916 -1.36171 0.822137
0.830635 1.46889 -0.956508 0.545194
1.04209 -0.271751 0.277952 1.32074
-0.565197 -2.06232 3.24073 -2.13224
-0.697952 -0.850101 1.29561 -0.68295
0.875112 1.18974 -1.23043 0.556636
-0.55098 -1.02889 1.16778 -0.394595
-1.37395 0.66679 -1.02147 -1.38845
-8.55737 2.86653 -4.34871 -7.9795
-0.819151 -1.00255 1.42287 -0.78725
0.673112 0.818707 -0.818707 0.673112
-1.33236 0.554008 -1.03108 -1.18516
-1.47017 0.91002 -3.01835 -3.25051
1.04256 0.072647 -0.151652 1.2254
-0.60692 0.876426 -1.14174 -1.02225
-0.710827 0.758056 -1.03321 -0.987941
-1.03704 0.834996 -1.38054 -2.03783
-0.61387 -0.888046 1.57125 -0.850162
-1.81841 4.04893 -6.54731 0.206836
3.64866 -3.52381 5.95839 6.53021
-0.785757 0.738489 -1.22843 -1.34496
0.757796 -0.723787 1.24462 1.58678
0.664446 0.951572 -1.06136 0.544267
-0.320034 1.03399 -1.28125 -0.572075
-0.59259 -0.914347 1.50966 -0.841929
-0.811506 -0.903024 1.11303 -0.580211
-0.487393 -1.08676 1.0367 -0.328925
-0.769467 -0.785188 0.840602 -0.707284
-0.960995 0.476079 -0.786273 -1.40205
-6.02044 -4.15153 -0.006295 -5.31342
0.861542 -0.646165 0.865332 0.931339
-1.58688 -1.62615 1.335 -0.988302
1.83717 -0.257432 0.274938 1.48623
1.84271 1.22734 -0.902039 1.30288
0.843368 -0.688572 0.845681 0.902594
-1.28438 -1.5932 1.14639 -0.721006
0.593225 1.10232 -1.23503 0.492554
-1.53558 0.191144 -0.754024 -1.82684
0.973315 -0.45554 0.851229 1.26712
1.02611 -0.484544 0.967753 1.24157
0.767324 1.35267 -1.2448 0.337595
-0.552103 -1.19871 1.29511 -0.503379
-1.1206 0.84537 -1.54942 -1.80411
-1.46696 0.389316 -0.92965 -1.72748
-1.22248 -1.95932 1.29917 -0.655427
0.315347 1.664 -1.66876 -0.974273
1.30683 1.62435 -1.3147 0.664912
-0.765902 -0.900191 1.20159 -0.566837
-0.517337 -0.922716 1.22768 -0.552877
1.22462 -0.009344 0.240686 1.55624
-76.1529 24.3662 -51.4008 -73.4347
-1.88949 -3.03325 4.60405 -2.64469
1.12791 1.43742 -1.06783 0.659127
-0.669638 0.949482 -1.17877 -1.66886
0.441541 1.02758 -1.20202 0.427531
0.661201 1.04425 -1.0315 0.495145
-0.388589 1.05766 -1.2473 -0.808529
-1.25703 -1.52297 0.971592 -0.647484
-1.00652 -1.88644 2.36123 -1.32752
1.47385 1.51466 -1.5437 1.02464
1.47215 1.64574 -1.46108 1.05649
-0.501412 -0.937437 2.83973 -1.56547
1.73854 2.10921 -1.61445 0.925464
0.781488 -0.68523 0.974163 1.05098
-0.260497 -1.22273 1.07598 -0.109485
0.348417 -1.55296 1.79637 1.12272
-0.877483 0.655536 -1.28946 -1.77153
1.12368 -0.681076 0.766341 1.10329
1.90594 -0.42229 -0.267554 1.78885
0.620989 1.22829 -1.58226 0.680418
-1.67867 -0.175545 -0.588301 -1.90998
0.965007 -0.562985 1.21731 1.54892
0.685854 0.988741 -2.32728 1.49097
1.70357 1.17417 -0.827564 1.10895
-0.985591 0.535571 -0.699174 -1.41762
0.684622 1.82938 -2.31563 0.867407
0.509167 1.11758 -1.15305 0.354822
-3.02693 -7.46385 5.13158 -2.87329
0.728756 1.51204 -1.42516 0.535153
-1.26478 0.034251 -0.222618 -1.66922
-1.23726 0.218969 -0.711278 -1.21442
-1.84667 1.12229 -1.41237 -1.74526
0.67153 -4.3951 6.19127 -0.53056
0.505054 -1.17314 1.70211 1.13236
-1.60371 -0.697079 -0.243192 -1.59911
-1.1112 0.689739 -0.910307 -0.907314
1.03611 -0.117715 0.129508 2.52062
0.792088 1.03642 -1.23649 0.776866
0.673717 1.03788 -1.05665 0.443126
-0.910205 1.7639 -2.4073 -1.0654
1.04605 0.302392 -0.197265 1.1999
0.80232 -0.780236 0.857067 1.29856
-0.515927 -0.979785 3.48298 -1.91909
1.03702 1.00887 -1.11936 1.03303
0.860367 -0.692672 0.767103 1.06015
2.1407 2.49537 -1.44443 0.844872
1.3729 0.276333 0.08045 1.2772
-0.88289 -0.765104 1.17568 -0.81778
1.04965 0.061784 -0.001971 1.40113
0.46198 1.5007 -1.40734 -0.013023
1.72518 -1.12891 1.63527 2.01766
-0.12284 15.5618 -11.6761 -2.76525
-0.88325 -0.769963 0.752791 -0.7632
24.6968 -11.0504 10.5628 35.1987
0.751619 0.963867 -1.27885 0.583534
1.22097 1.52458 -1.49332 0.807994
1.69972 0.295256 0.262649 1.40499
0.633459 1.04432 -1.23046 0.786438
0.665711 0.949871 -0.898719 0.661272
0.098123 -1.77461 1.84913 1.17233
-2.09991 0.919072 -1.4496 -1.87349
0.914259 -1.12192 1.41083 1.04819
0.472055 -0.995521 1.34326 0.965371
1.06679 -0.073681 0.109356 1.33573
1.52491 -1.89409 2.27772 2.34611
1.07245 -0.423868 0.227186 1.19306
-1.43992 -1.64099 1.06624 -1.06378
2.82685 0.019783 2.55491 4.07138
1.51634 1.57893 -2.29807 1.14128
-0.851027 -0.941853 0.875674 -0.630741
-0.025525 1.32566 -2.01413 -1.14347
1.42935 -0.057464 0.057464 1.42935
-0.759786 -1.182 1.20089 -0.324124
2.04201 -4.35378 5.41621 1.60778
-0.735477 1.23595 -1.18131 -1.11296
1.31691 -0.750799 1.653 2.26923
-0.930929 0.530702 -0.683899 -1.01357
0.518753 -1.15567 1.46355 1.19286
1.46533 -0.46886 3.14693 3.23368
-3.20533 -1.89208 12.8462 -9.19077
-7.75162 4.10518 -5.23466 -7.23506
-1.45883 0.115192 -0.956274 -1.39517
-1.05922 -0.041496 0.038947 -1.09812
0.677336 -1.07031 2.26561 0.912753
-0.802468 0.701363 -0.77733 -0.962685
1.48552 -0.081397 0.791783 1.40545
-0.936785 -1.63413 1.7786 -1.34385
1.11174 -0.890483 1.0142 1.11645
-0.196149 -1.18826 1.49534 0.236248
0.983533 1.12619 -0.767656 0.799731
-0.700832 0.803292 -1.80711 -1.54085
0.302786 -1.61534 1.57142 0.894374
-4.66119 -6.19356 11.3658 -7.20532
0.704044 -0.873804 1.22354 1.1554
-1.47699 0.0386 -0.624964 -1.83129
1.52142 1.8414 -1.3901 0.915296
1.02627 -0.379608 0.79361 1.19336
-1.00246 -0.893656 1.12115 -0.723161
-1.27505 -1.3614 1.24804 -1.00175
1.25569 1.72274 -1.41092 0.902703
0.928583 -0.787731 1.51626 1.52332
3.26822 -0.08108 0.349488 3.1478
-0.924152 -1.26197 1.30931 -0.773777
0.64788 1.24577 -1.8802 1.06133
-1.00475 1.1668 -1.46112 -1.79778
1.03081 -0.480147 0.796896 1.32402
-0.981782 0.483625 -0.964057 -1.26297
-1.24805 0.46171 -1.62987 -2.91052
-2.11813 -3.03336 2.05034 -0.084828
-1.03901 -1.39764 1.0702 -0.541086
-1.28245 -0.418046 0.41694 -1.03407
-1.00554 -1.53957 2.24941 -1.45616
-0.778333 -0.931457 0.690395 -1.18584
1.58932 5.04539 -5.70416 1.75031
0.366991 1.93893 -1.94544 -1.088
1.05909 -0.081429 0.114344 1.0956
-8.63252 2.63776 -4.77505 -8.46505
4.00172 -2.05889 12.0493 12.7043
0.206338 1.29719 -1.35969 -0.157733
1.06281 0.038018 -0.136355 1.46242
1.3734 2.00745 -1.46292 0.73851
-1.53624 -0.716705 0.220784 -1.55966
0.74865 0.99291 -0.877258 0.627172
1.19613 1.77702 -1.95813 1.0527
0.723903 1.03185 -0.917764 0.688627
0.738509 1.04243 -1.1362 0.61441
0.299321 1.09648 -1.74474 0.766508
0.250587 -1.2205 1.48119 -0.040688
1.19061 1.53751 -1.03816 0.831975
1.24399 3.57579 -3.34886 0.389501
1.26096 1.89476 -1.79152 0.518743
0.476129 -1.46734 1.71386 1.23521
-0.933453 0.520402 -0.724074 -1.38784
1.23034 1.30495 -1.12757 0.768597
1.17812 0.267744 -0.175922 1.14478
0.816902 0.906884 -0.856208 0.716543
0.704162 -0.921907 1.23878 0.530788
-0.501802 -1.12668 1.19729 -0.251147
2.62719 3.52157 -3.52157 2.62719
1.83632 -1.0226 0.959847 1.24246
1.43355 2.09051 -1.90894 1.37061
-1.02946 0.411114 -0.889292 -1.47374
-0.711389 -0.906614 0.969848 -0.655498
-0.940177 -1.06996 0.914767 -0.578031
0.768849 0.761482 -1.54389 0.971144
-1.12936 2.17133 -3.32562 -2.80958
-1.43153 -1.78027 1.56597 -1.032
3.3759 -3.23219 5.08559 4.85638
3.09618 -2.67185 3.32455 3.75401
-0.218314 -1.14771 1.39235 -0.501601
-0.630598 1.83035 -1.80212 0.01707
-1.12119 -1.16212 1.0605 -0.881643
1.08728 -1.74743 1.99411 1.06682
0.836408 -0.626312 0.934459 1.0763
3.48989 4.24315 -2.60058 3.24914
-1.88083 1.44039 -1.52811 -1.47887
0.868324 0.959235 -1.13438 0.594697
-1.09791 -0.169016 -0.116864 -1.39556
-1.05813 -0.337573 0.124054 -1.84975
0.411184 0.963764 -1.51804 0.820255
-1.24433 0.522252 -0.775103 -1.46794
1.82696 2.30364 -1.92891 0.636928
-1.3879 -1.21724 0.967838 -1.08434
1.41443 -0.909927 0.847307 1.11608
1.04934 -0.007813 0.137732 5.19719
1.0441 -0.087826 0.093444 1.39872
-1.14325 5.23799 -10.0036 -4.76722
7.18384 -4.49435 5.38995 6.42439
0.205978 -1.17298 1.14885 0.378907
-2.13667 0.142859 -0.32403 -2.34378
-1.64977 0.055886 -0.529733 -2.24206
-1.16356 0.455522 -0.952932 -1.35351
-1.34144 0.402237 -0.662811 -1.44345
-0.370596 -1.04478 1.36973 -0.506256
0.696114 -1.11408 1.5975 1.16643
1.03634 -0.173423 0.232888 1.93096
1.00756 2.73447 -2.2358 -0.425511
1.0407 1.36727 -1.14396 0.590108
1.29931 1.46342 -1.12053 0.837715
-0.414115 -1.17465 1.10029 -0.918517
27.3446 -50.3941 75.2965 23.1189
-0.699954 1.0113 -1.32109 -0.585383
1.07279 -0.786537 1.1747 0.749211
0.912748 -1.22271 1.05756 1.04434
0.962247 1.29568 -1.02627 0.437425
1.28977 -0.294062 0.428975 1.4593
1.00083 -0.557159 0.912834 0.960605
-0.191177 1.35356 -1.46192 -0.524676
-0.572209 -0.892716 1.25514 -0.636967
-1.59409 -1.64199 1.68268 -1.17311
1.03905 0.446144 -0.339807 1.08079
1.25176 -0.864444 1.12503 1.29713
0.135768 1.4077 -1.45199 0.487241
1.21001 -0.811378 0.922127 1.07796
1.38849 -0.039528 0.039528 1.38849
0.960077 1.24304 -1.28083 0.530481
1.09784 -0.156785 0.086833 3.89961
-1.25189 -1.4522 1.34932 -1.18832
1.21912 1.86956 -1.67142 1.26713
-1.54223 -2.03495 1.38195 -0.777397
1.52135 1.56876 -1.06277 0.915191
0.563203 -1.51204 1.59163 0.506614
-0.01496 -1.25344 1.21899 0.360442
-2.41254 2.05357 -1.28165 -1.62792
1.5326 0.024277 0.190504 1.53022
1.22998 1.63644 -1.41934 0.885363
-2.53872 0.935574 -2.12761 -2.64309
-2.06235 -3.08555 13.4503 -9.34016
-1.19143 0.088299 -0.073417 -1.07097
1.05984 -0.181362 0.145342 1.18004
0.738862 1.01019 -1.75309 0.994245
-0.689248 -0.868139 1.00415 -0.585664
1.0593 -0.135785 0.142653 1.49267
1.51548 -0.209612 0.514931 1.82341
0.821862 -0.683998 0.683998 0.821862
-2.83099 0.033513 -0.496779 -3.11557
2.1644 2.57068 -1.33344 0.924474
1.22415 1.60286 -1.23194 0.752718
1.01768 -0.50435 0.995368 1.35969
-2.81726 -0.224142 -0.48606 -3.54452
-3.95858 1.57274 -3.97617 -5.81739
-1.17816 -0.691319 1.6075 -1.57062
-3.64882 -3.38468 6.55591 -4.3879
1.12197 -0.047472 0.218409 1.21326
-1.08515 -1.81608 1.74093 -1.10564
-0.833657 0.660733 -0.660733 -0.833657
0.873768 -0.666929 0.584106 0.931521
0.513649 1.24843 -1.47015 -0.020251
0.113096 -1.62097 1.27923 0.39993
0.860216 -0.633988 1.25317 1.37893
2.88591 4.07649 -6.04154 4.09391
1.18638 0.014104 0.144623 1.11875
1.82512 -0.140178 0.240364 1.62446
1.06285 0.932311 -1.09061 0.637295
-6.6343 4.0963 -9.13864 -11.9876
-0.523042 -0.906175 1.05697 -0.700723
-1.04528 -1.37857 1.33651 -0.517383
0.741114 -0.877296 1.33034 0.711127
1.16513 0.446274 -0.186023 1.15945
-1.37224 1.69514 -1.63668 -1.62528
1.78858 1.27418 -1.08715 1.3726
0.67043 -0.825224 0.905903 0.699912
0.876838 1.3551 -1.39269 0.631196
1.41094 -0.3312 0.562248 1.71061
3.497 3.67931 -4.61261 2.82896
-0.921634 2.52717 -4.47064 -2.45652
1.32983 2.6669 -2.51744 1.49736
0.747211 -0.921175 1.23046 1.13623
-1.06073 -0.194096 0.071424 -2.30205
0.673115 -0.992624 0.900485 0.997778
-1.88843 -2.44893 1.30359 -1.01948
-2.18667 0.421615 -1.2915 -2.64549
-2.63542 -2.66974 2.63233 -1.99089
-1.1116 -1.15262 1.0611 -0.894179
-1.0038 0.331942 -0.389012 -1.05629
-1.29465 -1.64747 6.00518 -4.17001
1.18262 -0.664879 0.929152 0.937827
0.192362 -4.48722 13.2768 -8.77522
0.759367 -0.851519 1.13909 0.693897
-2.04538 0.249963 -1.64885 -2.35868
0.667977 1.03403 -2.11047 0.256689
1.91189 -0.46003 0.185271 3.03021
1.14271 -1.0449 1.62854 1.61324
-0.244428 -1.08467 1.3911 -0.764274
2.12744 1.15133 -5.02905 2.68976
-1.101 -1.50302 1.23537 -0.749996
-0.560254 1.10023 -1.23565 -1.04844
-1.09385 0.404691 -0.892314 -1.39093
-1.4034 -1.98105 1.29495 -0.649722
-1.03741 -0.771643 1.07437 -0.952254
1.9558 0.289518 0.265811 1.86337
-1.36447 -2.13858 1.42361 -0.822764
-5.07935 -2.3413 2.91218 -4.7025
0.484063 -1.31839 1.54187 0.599574
0.677434 0.865158 -0.977535 0.573909
0.979382 -0.848025 0.943817 1.09959
-0.689974 -1.15709 1.08285 -0.866195
1.3122 1.52015 -0.97506 0.801141
1.18517 1.24972 -0.919124 0.924568
-1.13202 -1.51624 1.31969 -0.829386
0.786532 1.44026 -1.29743 0.446212
-1.32038 1.0202 -1.29893 -1.69576
-8.34489 5.85445 -10.1614 -13.9143
0.670692 1.14196 -1.64244 0.161731
1.29236 2.14894 -1.80113 1.0973
0.51462 0.950237 -1.19789 0.598714
0.44199 1.1192 -1.35921 0.868093
0.758166 0.790305 -1.33844 0.858881
-1.3202 -1.50001 1.46563 -1.04049
1.82309 1.90357 -1.84517 0.93509
0.531106 1.18434 -1.1719 0.760643
-0.474345 -1.14766 1.12021 -0.21636
-0.824468 0.717592 -1.07479 -0.847496
2.236 2.33531 -10.091 7.0137
0.559422 1.46156 -1.26055 0.825384
0.071121 -1.14069 1.36 -0.157698
1.34537 0.841862 -0.243548 1.27976
1.23726 1.23262 -0.880656 2.22881
1.96308 3.95886 -15.3656 9.40909
-0.733024 0.969637 -1.50969 -1.33518
1.81669 0.375359 0.40331 1.59956
-0.985713 -1.03949 1.31733 -0.96938
0.855447 -0.978206 1.15041 1.14469
-1.06505 -0.131407 0.033108 -2.22993
-0.547393 -0.883453 1.47236 -0.763437
-0.971839 0.776175 -1.0125 -0.819505
1.06619 -1.06197 1.22682 1.03811
-1.49846 -1.86076 1.7542 -1.00298
1.42257 -1.96821 2.01271 2.19264
-5.64892 -5.26711 8.4113 -5.71777
-0.979812 -2.28216 2.28806 -1.27647
-0.042521 -1.10976 1.72299 -0.489358
1.3755 1.68011 -1.26815 0.722
0.579436 -0.877381 1.1057 0.761648
-1.79215 -4.14441 3.84498 -2.88611
-1.90697 -1.93031 2.05628 -2.1389
-0.990114 -0.526065 0.646845 -0.948743
0.682351 -0.912768 1.12444 0.709315
0.924129 -0.72896 0.961533 1.36225
5.1071 -5.8241 8.0723 6.13355
0.558657 -0.919623 1.0593 0.780119
0.975524 -0.764782 1.16487 1.60842
1.59933 0.169923 -0.126939 2.77298
-11.143 1.29798 -2.68356 -10.5697
0.733568 1.20969 -1.08144 1.15095
-0.796813 -1.10665 1.19124 -0.340736
1.01489 -0.228197 0.192884 1.4559
1.20177 -0.792869 1.17218 1.36698
0.964087 -0.571719 0.654254 0.930605
1.03867 1.24572 -0.727175 0.805618
1.06398 -0.493402 0.642669 0.94618
0.585675 -0.901745 1.59881 1.17439
1.19597 -0.998868 1.72764 0.982834
0.540449 1.05938 -1.05919 0.742716
-0.752965 0.787346 -1.14148 -1.56749
0.359587 1.13065 -1.0356 0.569813
-1.59263 0.078102 -0.252635 -1.26778
-0.224241 -1.30638 1.49858 0.029494
0.797106 -0.757994 1.0444 1.12402
0.203782 -1.05444 1.3034 0.153654
-0.965534 -0.461353 0.402543 -1.11848
-0.858566 0.777506 -1.33678 -1.46088
0.864151 0.638794 -0.638794 0.864151
0.540084 -1.37823 1.3933 0.311051
2.37894 0.993327 0.407393 2.36157
-1.21198 0.217625 -0.468781 -1.24643
-1.13572 -0.331294 0.178306 -1.08123
0.740255 -0.780417 1.0953 1.04598
-1.33479 0.515918 -0.653105 -1.20286
-0.822635 -1.23451 1.1195 -0.931499
-2.38404 0.029316 -0.429637 -2.12968
0.921128 -0.65466 0.679268 1.13394
-0.812621 0.895087 -1.27274 -0.649061
1.44296 -0.15388 0.151397 1.05294
1.64425 -0.481573 0.515693 1.31578
0.277971 1.12388 -1.1435 0.267039
-0.696569 -0.999996 1.45925 -0.862007
-0.890707 0.582218 -0.582218 -0.890707
-0.879779 0.604931 -0.742962 -0.936496
0.805822 -0.692481 0.692481 0.805822
0.333256 -1.09302 1.23194 0.138373
1.5311 1.89046 -1.27738 1.04832
0.737307 0.816434 -1.38402 0.88693
-0.391913 -1.11831 1.6967 -0.035031
-1.61276 -3.8339 3.80602 -2.08089
0.401717 -1.14875 1.18333 0.832636
-1.78739 -0.415499 -0.391873 -1.87071
2.00012 -0.584807 0.435243 2.29727
-1.04869 0.052649 -0.108116 -1.19107
0.383076 1.52104 -1.31247 -0.181532
-0.969732 -1.03026 0.936572 -0.816946
-0.431006 0.981779 -1.0914 -0.598054
0.830687 -0.833219 0.832008 1.07088
-0.475366 1.17616 -1.538 -0.688624
-0.864639 0.64983 -1.31108 -1.3558
0.917531 1.42334 -1.04621 0.860446
0.962845 1.07512 -1.24277 0.627025
-2.00457 -2.2474 1.88802 -1.52028
-3.30465 -3.00826 4.51854 -2.97804
-1.08336 -0.101589 0.005737 -1.1762
1.07018 0.491371 -0.930901 1.23316
1.87589 -5.62253 5.55311 2.66964
0.980874 0.949299 -1.94568 1.2327
-0.365786 -1.00968 1.27456 -0.640272
1.00287 1.11437 -0.761766 1.47314
0.583595 0.954652 -2.44921 1.55747
1.29621 -1.69885 1.63242 1.69904
0.926126 -0.609559 0.914243 1.11742
0.219198 1.28078 -1.18655 0.707776
0.010344 -1.11612 1.11612 0.010344
2.99549 4.19042 -6.43474 3.8317
-1.05406 -0.022944 -0.061362 -3.38259
-2.28523 -1.67439 0.439173 -1.39706
-6.99002 3.57154 -9.15916 -12.2331
-1.38293 -0.096941 -0.688898 -1.53608
-1.35479 0.000962 -0.783031 -1.57764
1.16315 1.66736 -1.20143 0.879006
0.480478 1.45756 -3.23913 1.56313
-0.788919 0.720828 -1.07307 -1.32273
-0.996983 0.591574 -0.857225 -0.925885
-0.863473 -2.12804 1.5466 -0.107623
0.722616 0.989203 -0.999998 0.638126
-1.60028 -0.068497 -0.634314 -1.90095
0.849497 -1.36611 0.929728 1.24326
-13.0596 -1.93178 1.4505 -11.2119
0.401631 2.68576 -1.40977 -0.208041
0.490617 0.979089 -1.41434 0.660556
-1.37636 -1.57902 1.51607 -1.35607
0.323126 1.09474 -1.0604 0.31908
0.967008 1.25389 -1.34628 0.818127
0.92483 -0.50917 0.680022 1.09952
2.07059 0.185612 -0.312517 2.18785
3.02994 4.36645 -7.83955 4.73953
0.495745 1.41896 -1.17915 0.854192
1.04363 -0.402798 0.491468 1.24658
-0.81992 -0.877578 0.808539 -0.687621
2.37673 -3.09132 5.05967 2.85827
-1.4376 0.17491 -0.91518 -1.92648
-1.15023 0.840421 -1.39333 -1.43923
-0.075894 -2.74167 2.70756 1.36217
-2.15882 0.722998 -0.666814 -3.41951
-0.749489 -1.11899 0.842334 -0.671575
0.811409 1.0189 -1.08253 0.750128
-1.55749 -1.96163 1.28199 -1.71377
0.912748 1.16996 -1.01509 0.866033
-1.17785 -0.041046 -0.314346 -1.30359
-1.48285 0.314951 -0.863101 -1.65655
-1.76512 1.45006 -0.925458 -0.917654
-0.914376 -1.21025 1.9717 -1.1913
-0.879031 0.584901 -0.67037 -0.939997
1.22252 0.24182 -0.368433 1.52162
0.581649 -0.917231 1.20733 0.663722
0.588632 1.03453 -1.1112 0.784828
-14.6044 9.24035 -23.3798 -30.4966
1.20112 -0.032724 0.395938 1.20335
1.33467 2.00885 -1.63869 1.18313
-1.46882 -0.480492 -0.061414 -1.19753
-2.96949 -3.67146 3.02486 -1.90564
0.548649 1.31708 -1.15716 1.83851
-1.43207 -0.089983 -0.82681 -1.91281
1.11143 0.286251 -0.082583 1.23032
-1.23249 0.300444 -0.032579 -1.1347
1.14637 -0.244604 -0.025994 1.25454
-1.3604 -1.92553 1.38859 -0.947081
0.969952 1.47668 -1.19479 0.905677
0.193755 -1.87914 1.99721 1.0218
-1.04716 0.037503 -0.072299 -1.40199
-1.13753 -1.23453 0.814029 -0.644177
0.304 -1.31441 1.33482 0.239294
0.411365 1.03343 -1.24753 0.732695
-0.685027 -1.04035 1.61833 -0.896218
1.42155 0.311099 0.12614 1.19415
1.47733 1.71433 -1.43058 0.7258
-0.87705 -1.85362 1.82022 -0.88694
0.937113 0.936415 -0.625598 0.954388
1.63524 -1.1549 1.39858 1.2728
1.05628 -0.106038 0.125538 1.60943
-2.26465 0.663195 -2.80557 -3.1466
-1.49047 0.227894 -0.81714 -1.70006
1.22307 -0.960806 1.15508 1.15331
1.02937 -0.675044 0.825083 0.824483
-1.50013 0.673742 -0.422004 -1.02661
-1.34526 0.81944 -0.968417 -1.25303
-0.981617 0.862009 -0.993669 -1.97385
2.64313 4.22299 -4.22299 2.64313
0.658442 1.03551 -1.02155 0.482154
-1.0282 0.077983 -0.077843 -1.31729
-0.764248 -1.29596 1.44966 -0.937265
-17.1358 1.12024 -0.362641 -16.6446
-1.10177 0.197033 -0.311729 -1.34476
4.36284 0.652131 -0.257841 4.98855
1.12478 0.78245 -2.03912 1.06848
1.0371 0.235153 -0.277478 1.45692
-2.06896 -3.08323 1.7094 -0.956516
-2.08016 -0.556935 -0.496061 -2.22583
1.1768 0.004131 0.001891 1.15516
-1.59267 -2.06989 1.46494 -0.980305
1.41089 -0.949154 1.06998 1.13107
1.11213 -0.017362 0.017362 1.11213
-1.76182 -2.219 1.73891 -0.983045
0.949624 -0.842457 1.32334 0.745544
1.01301 1.14444 -1.25487 0.613438
1.0672 0.110761 -0.043621 1.26982
-0.442105 -1.3303 1.61093 0.239729
-1.00856 1.16983 -1.49604 -1.62137
0.411101 -1.42519 1.19367 0.417264
1.85048 2.09093 -3.56756 3.06954
-0.896395 -1.1909 1.29835 -0.746175
-1.06148 -0.136941 0.018102 -2.40942
-0.99372 0.751516 -1.14545 -1.33211
-1.7087 -1.92304 1.46354 -0.96143
1.67932 1.82581 -9.29115 6.73509
-1.01293 -2.80075 3.1537 0.130432
-0.069474 1.61848 -1.75436 -0.873276
0.080449 -2.1129 2.41223 1.44892
-0.997404 1.01881 -1.85731 -1.45877
1.50413 -2.00287 3.35794 1.20936
-0.076125 1.53953 -1.58058 -0.451934
-0.82989 -0.798256 0.990207 -0.690032
0.736029 1.15474 -1.16219 0.637256
0.69193 1.30865 -2.65868 1.32891
-0.463957 1.07617 -0.97562 -0.536468
0.536953 -1.12999 1.32194 1.37416
1.02531 -0.425408 0.798054 1.23198
2.04106 -2.01973 3.59076 2.05974
-1.00727 -1.20187 1.60452 -1.02531
1.06551 0.03974 0.010649 2.23344
1.12939 2.5238 -2.56697 1.38976
-1.00219 0.764002 -1.41925 -2.02202
-8.78547 -8.02454 13.0269 -7.46013
-1.47716 0.170536 -0.71817 -1.67962
0.851532 -0.667549 0.770421 0.966448
-1.21605 -0.892648 1.3695 -0.864604
-1.44829 0.358043 -0.920133 -1.61334
0.543007 -0.926113 1.06506 0.517359
0.846963 1.26974 -1.36296 0.369254
-1.10401 0.543165 -0.885091 -1.25985
1.20487 1.63769 -1.36216 0.800987
1.59813 -1.08033 1.20929 1.36833
-1.01383 0.508867 -1.73433 -1.90918
0.023498 -2.51144 2.44739 1.05736
1.451 0.779839 -0.28036 1.31748
0.493869 -1.05614 1.19396 0.826352
1.24042 -1.08598 1.8966 2.25746
-2.28569 -2.17007 3.33441 -2.38742
0.507499 1.06793 -1.08475 0.335997
0.434659 -1.12228 1.54434 0.772748
-0.989929 0.696359 -1.23079 -1.38679
-0.40203 -0.968689 1.52049 -0.814433
-1.93368 -3.61176 3.93052 -2.29272
-1.69998 -2.18255 3.01032 -2.03659
14.6919 -14.0524 31.9095 19.765
1.57613 1.7276 -1.48544 0.886265
-1.14943 0.772125 -1.58427 -1.06093
-0.019753 -1.07099 1.58871 -0.015447
12.3953 -7.9916 9.65604 7.49541
-0.869993 1.10826 -0.917082 -0.564281
0.99548 0.852424 -1.41868 1.19134
-6.57781 5.28049 -7.92284 -7.75847
-1.00569 0.622534 -1.33384 -1.19984
5.73979 -7.02701 12.5955 8.12153
-1.54224 -1.03839 0.7722 -1.11708
0.122835 -1.68526 1.65165 1.11514
2.13618 3.27785 -3.14556 1.60035
0.356763 -1.02486 1.1009 0.530143
-6.90753 5.29927 -8.01242 -6.75571
-2.53447 -3.58888 3.58888 -2.53447
-0.686097 -0.827784 1.47277 -0.899011
-1.44653 -1.81969 1.72975 -1.09677
-0.982746 0.453662 -0.785602 -1.2452
1.12553 1.53551 -1.97116 1.12791
-1.10836 0.362903 -0.969112 -1.74885
-4.99452 -4.43618 5.76258 -4.7829
0.976647 -0.518028 1.23569 1.85971
1.02883 -0.339211 0.260069 1.58571
-1.87778 -1.64538 0.927842 -1.19966
-0.703427 -0.813752 1.35735 -0.850769
0.92302 -0.696092 0.925092 1.05895
-1.39769 -0.479758 -0.758817 -2.10085
0.452588 1.04506 -1.30002 1.11105
4.87859 7.15612 -7.30693 5.26099
-20.2349 -23.4047 37.3283 -20.1998
0.832774 -2.16021 2.63893 1.30268
-1.61919 -1.99645 2.23094 -1.67545
1.61889 0.090967 0.534976 1.31074
0.616189 0.910312 -1.21449 0.705254
0.286106 1.35342 -1.15507 -0.090327
1.12631 0.478202 -0.221287 1.24027
-4.39405 1.91707 -4.0314 -5.76781
24.9033 -4.99938 13.0014 22.3965
-0.642883 -0.934056 0.896666 -0.695221
0.749543 1.26886 -1.22322 0.632744
31.8361 -8.79245 14.9321 28.4649
-0.190632 -2.0274 2.21871 0.203103
6.2843 8.28712 -7.81047 4.92458
0.398338 1.07016 -1.46583 0.539647
-1.02573 0.472276 -0.963383 -1.29406
1.5092 0.686104 0.479321 1.81137
1.06501 -0.06237 0.107218 1.40724
2.26136 2.06427 -2.19543 1.64744
1.09702 -0.74867 0.813226 0.903052
0.962209 -1.75201 2.14912 1.16688
1.06867 -0.156487 0.054829 4.85617
-1.13128 -1.35526 1.28445 -0.444452
1.20898 0.49885 -0.810311 1.13945
-1.06117 0.043793 -0.050226 -1.15077
1.34789 -0.519454 1.25638 1.5373
0.716002 0.852472 -0.776797 0.782579
-1.29372 -3.43668 12.2626 -8.22391
0.596851 0.966516 -0.958204 0.685243
1.40908 2.20594 -2.60964 1.55901
1.33344 2.3775 -1.64021 0.530179
-0.957581 0.584879 -0.900204 -1.1895
0.666007 0.880605 -0.869452 0.60116
-0.75093 0.882402 -0.970643 -1.70506
0.336626 1.20664 -1.83925 1.01198
-1.81929 -0.195797 -0.001149 -1.36012
1.04936 0.119357 0.205861 4.38591
1.1613 -0.603259 0.882489 1.43769
-0.920411 0.956049 -1.97096 -1.01905
-2.77063 -3.09143 3.40501 -2.13208
-0.744324 1.12596 -2.31482 -0.03065
0.721157 0.936047 -1.17499 0.700872
0.60821 2.01165 -2.16165 0.686387
-0.785486 -0.980208 1.09477 -0.693359
-0.878482 0.626899 -0.768384 -0.976855
-0.379244 -0.970725 1.31484 -0.582992
1.04048 -0.280063 0.259864 1.2436
-1.09325 -1.44225 1.24291 -0.635633
-1.10194 0.679467 -0.764241 -0.873574
-4.98962 1.82777 -4.89069 -7.19167
-0.483544 -0.988865 1.22136 -0.791818
1.36392 0.10397 -0.107047 1.68207
-0.528501 -0.92794 1.79343 -0.933803
-1.16177 0.342552 -0.874828 -1.42458
0.883813 -0.653414 0.791573 0.896842
0.497697 1.24172 -1.65116 0.630236
1.03558 -0.491276 0.680199 1.09941
-0.854551 -0.817277 0.730567 -0.754427
0.880535 -0.686518 0.689583 0.931788
9.01368 10.3913 -11.2506 6.98357
0.344395 1.18846 -1.23336 0.658928
1.50536 0.083719 0.302971 1.58426
0.660131 1.14039 -1.32407 0.24165
-0.702964 0.792629 -1.08936 -1.02733
-2.14083 -0.450994 -0.147577 -1.99668
-20.4417 12.3659 -15.9944 -22.092
-5.80629 0.245086 0.739322 -5.08702
-1.06153 0.050352 -0.084036 -1.12432
0.036908 -6.863 10.6214 0.21457
-1.19005 -0.036501 -0.34954 -1.32705
1.02061 1.32076 -1.01524 0.628632
-6.1005 -0.9367 -0.738808 -6.58752
0.729116 0.854975 -1.08452 0.725243
-0.973131 0.478024 -0.827651 -1.24181
-1.24662 -1.45854 1.30762 -0.525313
-0.694089 -0.880257 0.958696 -0.646083
0.516854 -1.07714 1.19311 1.06983
-2.93971 -0.567199 -1.04077 -5.00256
-2.14873 1.49272 -1.45246 -1.4663
0.906858 1.23117 -1.06816 0.660129
1.11247 -0.829831 1.05365 1.15346
0.990609 1.4834 -1.67701 0.904643
1.02363 -0.257649 0.217334 1.257
-1.31865 0.833221 -1.27152 -0.905614
0.520734 1.0594 -1.59697 0.905427
1.78381 -1.17556 1.68781 1.65384
-1.97148 1.41815 -1.9219 -1.33581
-1.09272 -0.82663 1.71395 -1.526
-1.02433 -0.651216 0.916715 -0.983391
-7.8666 3.18889 -3.73345 -4.89872
-0.686465 -0.871893 2.35001 -1.37366
1.72063 -1.07104 1.04699 1.47786
1.2638 -0.552195 0.982388 1.23355
-2.98935 3.38799 -4.88557 -4.58712
-0.877321 -1.18686 1.8751 -0.96024
-0.316745 -1.06068 1.27374 -0.291665
7.2311 -5.18029 8.67518 7.70165
0.740646 0.748582 -0.820885 0.821036
-0.992645 -1.11929 1.49791 -1.08492
-2.10059 -1.86504 3.05637 -2.87243
1.92768 -0.120921 1.40513 2.61051
0.462935 1.15094 -1.25311 0.444512
1.08109 0.87931 -1.27459 0.645269
2.09781 -0.321019 0.548215 5.2496
-6.40373 5.30834 -6.29694 -5.77005
-1.08333 0.354203 -0.757675 -1.25605
-0.987394 -0.882297 0.948273 -1.00323
-1.20937 -2.57456 3.23669 -0.877048
0.605208 0.96142 -1.18019 0.656472
0.971758 1.18253 -0.928084 0.641026
2.89881 2.54071 -9.42589 6.54701
-5.29979 7.65982 -9.03568 -7.14534
1.28099 -0.020216 0.020216 1.28099
-0.737318 0.73919 -1.22145 -1.24393
1.12306 -0.589355 0.4609 1.41586
-3.14675 -3.59256 11.8058 -7.29458
-0.919018 -0.896787 0.954032 -0.702519
1.41666 1.14865 -1.30348 1.06646
-0.874242 -1.23275 1.51449 -0.845579
1.75464 4.84545 -5.68206 2.23379
-0.12491 1.27821 -1.69474 0.579732
-0.941144 -1.08756 1.1003 -0.733641
-1.25688 1.63411 -1.59829 -1.38163
-1.16922 0.838083 -1.24293 -1.43634
-0.048536 1.60197 -2.98502 -1.62376
1.52987 0.607956 -0.928615 0.876157
-1.04589 -0.13139 0.070535 -1.3953
-1.417 -1.90772 1.56518 -0.869552
-1.03412 0.490576 -0.596514 -0.94382
0.605842 0.972266 -1.11093 0.583745
0.39428 -1.0327 1.0893 0.589581
1.26198 1.39379 -1.43564 1.03093
-0.59757 -1.06453 1.12583 -0.618193
5.13196 6.8401 -6.6142 4.36513
-0.670122 -0.939649 0.898308 -0.677066
1.11002 -0.078087 0.189417 3.73804
0.968444 -0.601118 0.766944 1.07619
0.582153 0.917993 -0.955703 0.82398
-2.12028 1.03105 -2.54393 -3.94138
2.28865 4.1901 -7.69748 3.88715
0.677018 1.0217 -1.05537 0.681067
0.456643 1.03022 -1.02342 0.516707
1.28297 0.081461 -0.222918 1.25399
1.1183 -0.372484 0.194865 1.41575
-0.649155 -0.96739 1.17901 -0.45291
-0.01696 1.15314 -1.22177 0.082428
-1.05799 0.215206 -0.173869 -2.42134
1.40918 1.71165 -1.38311 0.994737
1.33217 0.014175 -0.130423 1.65429
-1.82727 -0.315526 -0.503836 -1.88519
-0.453634 -1.02425 1.07319 -0.379215
-0.548533 -1.2062 1.40879 -0.02776
1.15682 -0.291775 1.04525 1.76487
2.82564 0.506198 0.475047 2.78379
0.829814 -1.0705 1.24507 1.04851
0.487333 -0.983177 1.19655 0.383038
2.00903 2.68631 -2.773 1.92505
-1.61573 -1.86515 2.35004 -1.92549
-1.47537 -0.639429 -0.207468 -1.55636
-1.49842 -1.44365 2.08031 -1.45837
0.957139 -0.685328 1.04845 1.27254
-1.77805 -2.08891 1.47407 -0.929024
-1.08477 0.440636 -0.823978 -1.24972
1.38598 1.49142 -2.3409 1.22621
-9.14992 -11.4637 12.4482 -9.8072
0.62871 1.56332 -1.71912 0.857975
1.45729 1.37917 -1.3849 2.39896
-0.68443 -0.965522 0.908443 -0.7075
-1.47045 -0.247259 -0.253564 -1.60666
-1.34049 0.331575 -0.828123 -1.69153
0.063771 -1.30571 1.30571 0.063771
-1.18238 -1.43478 1.46576 -1.05957
0.621382 1.98194 -1.79746 0.603655
6.77382 0.710885 -0.536062 5.21096
-1.41224 -1.64801 2.18457 -2.10409
1.06315 0.201804 -0.095667 1.72824
0.26608 1.24159 -1.35416 -0.199019
-0.870568 -0.621186 0.916536 -1.07739
1.28416 -0.019085 1.3851 2.51388
-1.0829 -0.127292 -0.083663 -3.93328
-0.516195 -0.931195 1.98434 -0.96432
-0.556458 -1.06709 1.54869 -0.702929
3.65055 3.40187 -2.10896 2.34681
0.06584 1.05314 -1.59997 0.049152
0.690875 0.893648 -0.97362 0.576934
-5.82458 -0.033474 -0.65594 -6.22404
-1.57936 0.13174 -0.585212 -1.68379
-1.50333 -0.078103 -0.043978 -1.21605
1.24022 -0.797496 0.926245 1.18379
-7.78205 5.05101 -13.356 -17.4721
0.324486 1.02432 -1.3053 0.390291
1.02932 -0.553909 1.23076 1.15785
0.793899 1.28477 -0.718623 1.84999
1.07302 1.31098 -1.20174 0.45231
-14.2522 -5.29486 4.82372 -12.6078
-1.4056 -1.77005 1.40791 -0.749188
0.94998 -0.469465 0.635717 1.01315
0.026142 -1.05627 1.1393 0.032691
-0.762154 1.28927 -0.793083 -1.54997
-0.962091 -0.723829 0.864647 -0.814782
-0.666461 0.921257 -1.27874 -1.01513
-5.2538 3.45015 -4.52846 -4.32396
-1.69763 -1.62549 2.19767 -1.26061
-1.33395 -1.4701 1.09367 -0.928613
-1.64012 -2.64616 3.54437 -2.66261
0.784878 -0.761824 1.12583 1.14727
-1.63021 -2.32852 1.55726 -0.917801
-1.21645 0.857451 -1.11916 -1.41404
-0.42609 -1.04024 1.10081 -0.346727
1.87726 2.24633 -1.1658 0.7892
-1.00473 -1.11124 0.970603 -1.16224
0.678732 -0.883915 1.29173 1.17353
-0.874255 0.57394 -0.57394 -0.874255
0.701809 1.8194 -1.66779 0.642136
1.34556 0.848371 -1.67728 0.742457
-1.3739 -1.66945 0.988055 -0.754489
0.606086 1.42173 -1.73157 0.735682
-1.4813 -1.57251 1.08107 -1.40475
0.970994 -0.485797 0.859092 1.20319
0.604013 0.878611 -1.11045 0.880164
0.547759 -5.07619 5.82749 -0.412434
1.82393 -0.012752 0.243088 1.8206
0.659022 0.890104 -1.13261 0.736313
-0.809318 -1.44425 1.82547 -1.09369
-1.89028 1.10936 0.2247 -1.66338
-12.7916 0.838174 -5.5424 -11.507
-1.14544 0.883224 -0.969941 -1.57381
-0.67487 -1.12214 0.848877 -0.82705
-0.969788 -1.52522 1.16892 -0.842364
0.540237 0.884991 -0.91357 0.531651
0.690361 0.869946 -1.81794 1.11584
5.42156 -3.28389 4.32621 4.45154
-1.54461 -1.71778 0.664557 -1.23146
1.27492 -0.541735 0.631315 1.26046
-0.597324 -0.902553 1.22874 -0.56973
-0.471642 1.09974 -1.56869 -1.17975
0.376934 1.1868 -1.36486 0.519031
-0.857896 -1.16935 1.03608 -0.460452
-1.11185 -1.4348 0.986724 -0.834701
0.808411 1.37542 -1.2091 0.857366
1.14662 1.61223 -0.849173 0.752274
-0.70667 -1.39794 1.46765 -1.23484
1.37889 1.59255 -1.55885 1.06715
-1.48703 -1.75026 1.21059 -0.902124
1.04362 1.25169 -0.989632 0.574435
-0.713018 -1.76689 1.41517 -0.278836
0.226366 1.12331 -1.14506 0.45842
1.73475 -1.555 2.80172 1.40414
-1.08364 -1.32834 1.20864 -0.36101
1.06775 0.056478 -0.024171 2.01882
-0.371859 -1.09995 1.19082 -0.155299
0.50868 -0.962074 1.24062 1.02478
0.300273 1.15579 -1.01783 0.499755
-4.50392 2.97234 -4.85678 -4.7847
-0.776822 -0.81542 1.92391 -1.12024
0.798147 0.896535 -1.10774 0.607796
-0.741315 -1.46379 1.44585 -0.391845
0.634118 -0.824867 1.06331 0.897312
1.08409 -0.611307 0.849776 0.88227
-1.31883 -1.47652 1.05277 -0.788138
-3.34987 3.32031 -5.45622 -5.11824
1.32146 -0.826565 1.67615 2.21759
-4.81773 -0.574908 -0.739581 -5.40907
-0.912843 -1.81647 1.39281 -0.516694
1.77394 2.1315 -2.96734 2.08997
0.051678 -1.94988 2.18365 0.353538
-1.07274 -1.17097 1.28215 -0.647678
0.224483 1.21147 -1.61166 0.623852
1.11894 -0.648698 0.912769 0.879284
0.910087 -0.804373 0.908156 0.854734
0.175749 1.36591 -1.23521 -0.205366
-0.677318 -1.53522 1.38864 0.109774
-0.624529 -0.907754 2.46659 -1.3789
-0.453303 -0.956238 1.32555 -0.632489
0.150126 1.44816 -1.93414 -0.382245
-2.83134 1.75605 -1.63586 -1.59335
1.89685 1.16986 -7.22692 3.77617
-0.385287 -1.02076 1.62764 -0.957699
-0.609961 -0.87177 1.1304 -0.729065
-0.009347 2.59523 -3.04666 -1.09863
-1.26853 -1.86931 1.61778 -1.24594
-1.53315 -0.239689 0.700647 -1.46256
1.24208 -0.622234 0.305613 1.5349
-1.37485 -2.37591 1.98703 0.409363
-0.820797 -0.79208 0.772288 -0.737211
-1.02208 -0.588862 0.256314 -1.55448
-0.975458 -1.22389 1.18049 -0.36203
0.051292 -2.56919 2.56919 0.051292
1.08937 2.57309 -3.44533 -0.394157
1.07627 6.35294 -5.7722 1.36748
-0.943447 -1.50733 6.39678 -3.60461
0.496329 -0.999468 1.07792 0.820839
-0.253641 -3.64515 3.60181 1.66947
-1.08086 0.185953 -0.229364 -4.11628
-2.86532 2.90766 -3.27602 -4.48406
-0.759767 -1.01602 1.07657 -0.718497
1.74449 -1.03832 1.3928 1.98006
1.05807 -0.313411 0.507371 1.10604
0.95736 1.18383 -1.05255 0.573137
-1.29344 -1.40202 1.25762 -0.553786
1.00946 0.329956 -0.429435 1.21593
-2.12806 -2.50262 1.46299 -0.823137
-2.09108 1.34731 -3.05089 -3.49574
1.01843 0.887864 -1.23444 0.834078
-1.20654 -1.5204 1.64308 -1.06571
1.27615 1.30789 -1.18732 0.801796
-0.755261 -1.07062 1.46376 -0.686281
1.45874 1.68331 -1.38379 0.990691
-0.564383 1.25021 -1.11196 -0.72223
0.66627 0.984092 -0.939195 0.523955
-0.431522 -0.977568 1.6195 -0.87991
-1.38646 -2.16786 1.56839 -1.37651
-0.188702 1.21773 -1.55041 -0.592709
-1.51138 0.381564 -1.10269 -1.78843
-0.607559 -0.889115 1.53866 -0.82822
-0.541365 -1.35368 1.28587 0.020022
1.72141 2.1462 -1.55723 1.00097
0.475721 0.972917 -1.29176 0.786176
1.19214 1.57871 -2.10764 1.24752
-2.33949 -2.56249 2.63031 -2.09076
-1.13568 0.290155 -0.516291 -1.07229
1.00759 0.600527 -0.495067 0.998488
-0.946304 0.72054 -1.30386 -1.18494
-0.939002 -1.66924 1.40226 -0.304672
2.05991 0.443522 0.221203 1.73553
-0.323712 1.05227 -1.05227 -0.323712
-3.14564 -4.04015 2.94867 -1.19993
-0.17788 1.6046 -1.53789 -0.475244
1.11589 -0.693803 0.204422 2.06664
2.38421 1.98023 -2.1792 2.51676
0.759741 -0.758511 1.3607 1.71186
1.33242 3.49027 -3.89284 -2.03736
-0.625739 -0.923762 1.31824 -0.553727
-1.47373 -1.6701 1.50886 -0.993913
-1.05567 -0.109962 -0.058556 -2.98562
1.36544 0.941312 -1.35218 0.74579
-1.74965 0.398799 -1.35777 -2.36767
0.178813 -1.06604 1.22282 0.439411
-0.11016 -2.62968 3.70697 0.335573
-1.15895 -0.459225 0.445841 -1.15168
1.13416 0.099111 -0.293918 1.22828
-1.06837 -0.265563 0.06323 -2.25989
2.05324 -0.238363 -0.386364 2.10953
-2.45943 -2.01507 11.9996 -8.54971
0.823518 1.11994 -0.974303 0.533659
-8.32552 2.21691 -4.68296 -8.16246
-0.768388 0.971224 -1.45362 -1.21454
1.28764 1.612 -1.12628 0.880522
-1.08478 -0.004864 0.077383 -1.10795
0.785617 1.01664 -1.04803 0.572514
-0.359545 -0.998515 1.41709 -0.39671
0.609119 0.883581 -1.48906 0.820006
0.450599 1.79803 -1.51802 -0.72035
-4.57339 5.88827 -8.08816 -1.96741
-1.98194 -0.554062 -0.21884 -2.08945
0.455505 -2.17534 2.93866 0.833934
-0.689517 -0.885909 1.39751 -0.850308
0.7399 1.29771 -1.23015 0.659356
-0.83525 -1.28718 1.91255 -1.0621
3.58833 4.68114 -4.71889 3.19883
1.43487 -1.09611 1.21968 1.40705
-1.16187 -1.10481 1.25029 -1.04028
-1.05507 -1.37713 1.37375 -0.642185
1.4378 1.78239 -1.3941 0.727961
-0.565118 -1.19456 1.6544 -1.07726
-1.40563 -1.57387 1.53478 -1.09451
-24.2336 16.3629 -12.6449 -20.1982
-1.40397 0.578735 -0.90097 -0.938818
1.66791 -0.254255 -0.277679 1.51262
0.671559 1.23044 -1.23373 0.556029
0.922341 -0.539318 0.662552 1.00938
-1.80782 -1.99654 1.27853 -0.908606
-3.84915 -9.08219 6.0678 -3.47504
-1.60663 -1.51369 1.71437 -1.3587
-0.527538 -1.1203 1.09933 -0.278053
-1.29256 -1.58406 1.44592 -0.893104
-0.55066 -0.89808 1.16814 -0.574946
1.09776 1.83771 -1.59042 1.25447
-1.15939 0.700811 -0.976082 -1.01724
-0.400692 0.986101 -1.01119 -0.424649
-1.41535 -1.56461 1.53412 -0.907923
0.847315 0.814732 -1.23423 0.806991
-2.25802 -2.23128 1.38675 -1.06273
-1.39563 -0.298477 -0.040666 -1.47973
0.697189 1.16889 -1.21881 0.724749
0.843268 -0.684854 0.714962 1.0776
0.524237 -0.94677 0.94677 0.524237
0.831044 -0.633251 0.853263 0.972448
0.505394 -1.11084 1.50574 1.14205
-1.02125 0.969958 -1.17389 -1.40007
-0.846574 0.664502 -0.690446 -0.93665
-1.31835 -0.340043 -0.244658 -1.36387
0.10445 1.10319 -1.05734 0.193239
-1.09267 0.696126 -0.861368 -0.951372
-1.39673 -1.36327 1.14713 -0.697817
-1.0891 0.109033 -0.12659 -4.84347
1.43627 0.918303 -0.864827 1.09356
-0.639545 -0.932211 1.2347 -0.712479
0.871275 -0.640506 0.714447 1.17366
-1.02095 -1.17961 1.91843 -0.35177
1.4281 1.69899 -1.55212 0.943689
1.37309 -0.342442 0.65924 1.59328
-0.155612 -1.55883 1.61456 0.783018
-1.46347 -1.80604 1.30059 -0.599932
-0.566738 -1.10751 1.23066 -0.544571
6.30968 -6.1873 8.97998 6.94787
-1.72178 0.196721 -0.85908 -1.90025
-1.39269 -1.46109 0.972926 -0.705331
-1.31332 0.188375 -0.76452 -1.36812
-0.614902 -0.926611 1.15588 -0.747263
0.788897 -1.00459 1.38514 0.625981
-1.11024 0.344177 -0.806777 -1.33348
0.225418 1.3265 -1.16195 0.085008
-0.826744 0.634731 -0.634731 -0.826744
-0.911704 -0.749707 1.08359 -0.825089
-1.06017 -0.037841 0.017035 -1.35148
-0.433587 -3.48154 3.84024 -0.164508
1.07286 -0.370192 0.754792 1.1584
0.78186 -0.71613 0.907147 0.948958
1.62826 -0.090288 -0.229064 1.54067
-1.06556 -0.048714 0.067745 -4.21948
1.53769 1.82402 -1.29526 1.34431
-0.022599 1.06685 -1.39648 -0.006938
1.06096 -0.145847 0.129481 1.92801
0.692404 0.843998 -1.53826 0.893906
0.964359 1.87507 -2.49333 1.28128
-0.620674 -1.19098 1.21576 -0.216505
-1.21071 -0.157504 -0.252702 -1.35125
-1.35287 -1.499 1.93222 -1.31265
0.098543 1.4377 -1.43564 0.436512
1.34297 1.95502 -1.488 0.781455
-1.32665 -1.49307 2.52858 -1.5385
-0.673502 -0.844924 1.12316 -0.671619
-2.28925 -2.7275 3.12395 -1.40576
1.16088 0.96994 -1.41702 0.757371
1.11932 1.62425 -1.17718 0.719022
-1.29722 -0.235816 0.04317 -1.57519
-12.2876 8.93741 -13.9537 -15.2185
1.10935 0.073789 0.005208 1.23171
0.772914 -0.797598 1.12592 1.15837
1.14692 1.82308 -1.72579 1.03721
-1.01149 0.721986 -0.863251 -0.855793
0.8278 -1.02499 1.47065 1.35225
6.43867 -10.2589 12.2459 6.67565
-0.844605 -0.763278 1.08774 -0.82312
1.35126 -0.435123 0.519625 1.34366
-0.724876 -0.928863 0.978249 -0.673191
0.475015 1.88783 -1.53186 -0.726028
0.990142 -0.521706 0.442335 1.29269
1.84848 2.54579 -1.99815 0.44537
-0.723125 -1.11103 1.3306 -0.280303
1.4679 1.65944 -1.35533 0.777498
-0.71474 -1.35088 1.45935 -0.442892
1.05304 0.228085 -0.083249 1.76207
1.27958 -2.03993 2.22791 0.475195
0.453352 -1.05675 1.56063 1.08
1.50137 0.151708 0.162834 1.19378
1.66226 -0.110894 0.202578 1.45965
-0.50054 1.752 -1.0705 -1.86336
-5.27844 -6.27183 9.48772 -6.0141
-0.786074 0.952796 -1.17013 -0.662981
1.06257 -0.623643 0.957066 1.11594
-0.895794 -0.976566 1.00575 -0.714398
1.69364 -6.85907 8.46728 8.30678
-1.49305 -0.037325 -0.380706 -1.80181
1.44176 -1.57038 1.43901 1.53325
1.33547 0.543695 0.074202 1.45834
-4.26082 -5.54871 11.9178 -7.93671
-1.04923 0.007461 -0.041516 -1.39813
2.45559 0.223011 -0.33111 2.10155
-1.49895 -0.095673 1.09686 -1.41964
1.14986 -0.583876 1.36774 1.88953
0.560118 2.09352 -1.71305 -0.812126
1.00774 -0.803702 1.16509 1.55549
-1.23971 0.778472 -1.0598 -1.0397
-0.919277 1.09649 -1.83116 -2.0056
1.72832 2.23177 -1.49015 1.00669
-0.004907 -1.07427 1.19368 -0.02668
0.499064 1.10815 -1.00467 0.755556
0.981686 -0.585526 1.14924 1.64913
0.646043 1.06666 -1.31631 0.689988
9.07303 11.7312 -14.9185 8.07317
0.633556 1.78938 -1.97251 -0.083066
0.752032 1.19373 -1.08154 0.351059
-0.371397 -1.36413 1.90394 0.601808
-0.344526 1.05276 -1.13728 -0.568669
-1.26897 -1.99322 2.11573 -1.39627
-0.886657 0.709527 -0.656619 -0.923235
-0.93491 0.582601 -1.18359 -1.45118
0.029712 -2.52013 2.45138 0.999172
-1.05 -0.064764 0.011561 -1.50608
-33.9513 31.476 -39.5968 -25.6168
-1.03673 0.019757 -0.171859 -4.636
-0.947861 -0.788737 1.2292 -0.920766
-1.5941 -2.24161 7.95402 -5.72752
-1.07761 -1.58241 1.71599 -1.47575
-0.85651 0.599448 -0.908905 -1.10216
0.901501 -1.0236 1.55042 0.827972
-1.82839 -1.33876 1.67318 -1.72779
-1.14031 -1.53644 0.31018 -2.04474
0.120818 1.5192 -1.4673 -0.698393
-1.00346 0.697686 -1.35401 -1.12448
-0.426586 -1.07161 1.0402 -0.297913
1.29446 1.584 -1.03507 0.925818
-1.08245 0.675875 -0.71018 -1.19227
-0.141091 -2.74081 2.72593 1.26744
-1.10143 0.556568 -0.751748 -1.05786
1.03025 -0.677827 0.909234 0.934638
-1.049 0.403718 -0.625713 -1.33776
0.912749 1.08471 -0.866842 0.631826
-0.667276 0.819797 -1.00031 -0.901536
9.52098 10.2955 -11.1847 6.63253
-1.20221 0.580272 -0.10313 -1.34336
0.827543 1.38738 -1.06051 0.426764
-1.70203 2.44632 -1.99885 -1.97918
1.84813 -0.130772 -0.015504 2.13253
0.767112 1.16052 -1.22844 0.655746
1.47953 0.117326 1.39249 2.69161
0.771456 1.28808 -1.107 0.305753
-2.89315 -3.60099 5.95745 -3.93148
2.60664 -0.929479 0.859155 1.84524
1.57678 1.63354 -1.34691 0.97603
-1.03776 -0.129732 0.02662 -1.5686
0.577223 0.959897 -0.960488 0.542728
0.001776 1.41156 -1.70601 0.568958
0.447077 -1.04748 0.973182 0.492627
0.09387 -1.13511 1.58721 -0.101346
-0.738587 0.867555 -1.37305 -1.56436
-0.732721 -1.07912 1.70216 -0.901681
0.283254 -1.11539 1.15702 0.371631
0.566296 0.990758 -0.970621 0.773548
-1.01537 -1.27955 0.82295 -0.850474
5.55242 2.37765 -15.747 12.3928
-1.49105 0.162615 -0.568411 -1.53766
-1.06954 0.034138 -0.052282 -1.19327
0.597642 -0.884484 1.11714 0.762964
-0.507775 -0.963019 1.14948 -0.445713
0.758414 1.00766 -1.37917 0.456322
-0.892362 0.554079 -0.714345 -0.969464
1.94432 -0.516225 -0.159543 1.6473
1.6563 -1.29003 1.23958 1.85383
-0.985573 0.422816 -0.851606 -1.23473
1.17214 -0.556092 0.837919 0.964035
0.673039 -1.15009 1.49365 1.21403
1.16077 -0.612973 0.72788 1.04019
-1.00764 0.408489 -0.970189 -1.33123
-0.814728 0.805902 -1.25302 -2.11035
2.29778 -2.10697 3.32345 1.87846
0.572591 0.895273 -1.10485 0.72842
-0.847135 0.653723 -1.05022 -1.1512
-1.11772 0.332272 -0.172309 -1.30655
2.00379 0.087666 0.260246 2.44943
0.599634 -2.19869 2.82752 1.50198
-1.25159 -1.5139 1.67149 -0.651666
1.64787 1.86579 -1.54929 1.21063
0.759348 0.898068 -1.2262 0.675409
-0.788942 0.807144 -1.19808 -1.13041
-0.958706 0.511301 -1.19136 -1.46679
4.93106 2.90853 0.743065 4.5895
-1.31987 -1.49098 1.36114 -1.0093
0.712769 0.887584 -0.885265 0.623048
-0.546791 0.901237 -1.35618 -1.17442
0.987358 1.04745 -1.15756 0.876055
-1.87269 -1.09889 1.22898 -1.80113
1.07138 -0.010041 0.020746 1.39159
6.57907 -3.85263 4.77059 6.24916
1.6004 -0.112008 0.839918 1.52738
0.358848 -1.06979 1.08413 0.5372
-1.18589 -1.06828 1.50211 -1.09805
-3.25002 -1.72249 -0.560596 -2.76826
-1.85462 -0.286718 -0.71407 -2.13956
0.920398 -1.96802 2.07104 0.767816
0.949254 2.43183 -1.98029 1.19664
-0.897544 -0.857913 0.855582 -0.68445
-1.06976 0.001257 -0.036489 -1.35131
-0.058094 -2.11052 2.47714 -0.109332
1.11502 2.4471 -2.53713 1.29
4.4985 -2.31901 4.8157 6.87233
-1.41147 -1.59469 1.32903 -0.950374
0.868559 -1.00014 1.26185 1.23442
2.25234 0.468122 0.210527 3.62936
1.06972 0.141823 -0.050796 1.58146
-0.925999 -0.618515 0.645687 -1.01052
-0.732187 -0.779056 1.20632 -0.818574
1.62624 -0.555594 1.61891 2.59382
-0.077949 1.10613 -1.14698 -0.235129
1.16143 -0.71836 1.52701 2.21828
0.832185 -0.742843 0.732338 0.865135
-1.53681 -0.944904 0.38643 -1.51882
-10.7573 -3.00555 2.25629 -12.8232
-1.71101 -1.15045 0.411478 -1.51768
-0.944532 -1.31666 1.27193 -0.632623
-1.17264 0.387843 -0.883335 -1.42933
-1.70106 -0.02672 -0.752472 -1.96774
-0.850149 0.683604 -0.683604 -0.850149
-4.57851 3.25441 -12.5834 -16.6219
0.75062 1.11582 -1.46266 0.865876
-8.45523 3.64927 -6.23399 -9.04047
-0.837022 -1.13103 1.27037 -0.735584
-0.330677 1.68646 -1.92262 0.368687
1.10588 -0.404102 0.188319 1.27889
-2.447 -0.982177 -0.049321 -2.54178
1.04228 -0.046104 0.049648 1.34145
-1.14742 0.076615 -0.486143 -1.50738
0.686044 0.894314 -1.17895 0.734905
1.01805 -0.590086 0.863034 1.12386
-1.45744 0.954149 -1.37867 -1.91088
-1.11019 -0.805122 1.45237 -1.16108
-1.04035 -0.318987 0.120648 -1.73666
2.00266 0.901663 -1.06098 1.91041
0.819843 0.806303 -1.199 0.879954
0.730296 1.1763 -1.38079 0.267691
1.27772 -0.388379 0.405546 0.994697
0.705496 1.06333 -1.18502 0.38729
1.1437 1.58073 -1.50206 0.954497
-1.06668 0.045463 -0.097239 -1.13349
1.44906 -0.165141 0.215334 1.05383
1.50241 -1.49378 1.54297 1.90306
-7.75389 4.76537 -5.65215 -7.47514
2.07666 -0.704013 0.509028 2.26779
2.42488 -1.38815 2.90016 3.04316
1.32858 -0.041974 2.14777 3.29651
-0.932819 -0.959086 1.40223 -1.01949
7.9682 4.28725 -2.27093 7.20813
0.713078 0.957862 -1.39039 0.691559
1.1378 2.43902 -1.90379 0.364974
-0.837877 0.776232 -0.835955 -0.767945
-6.27706 -9.43092 9.55513 -7.03645
-1.74312 0.323273 -0.168816 -2.23077
0.666232 0.882948 -0.92094 0.581781
-2.08778 -1.66661 1.82249 -2.2079
0.804264 0.892968 -0.85128 0.667626
-1.0622 -0.02397 -0.016987 -1.20958
0.412229 1.09745 -1.30187 0.414268
-1.00446 0.439158 -0.821905 -1.25301
-0.808193 0.695485 -0.839842 -0.941009
1.09607 0.478489 -0.133001 1.32182
-1.12114 0.194762 -0.589834 -1.55465
0.966137 1.36082 -1.31892 0.502147
3.82996 4.88751 -10.2275 6.39363
1.05461 0.068253 -0.006754 2.01138
1.8433 0.708572 0.722262 2.10739
1.0161 -0.777265 0.825216 1.23002
-0.174227 -1.09479 1.11803 -0.095779
-4.31597 -3.86372 6.27858 -3.53836
-1.18548 -1.65984 1.38711 -0.820067
2.02442 -1.35025 1.56382 1.46642
0.622764 1.02602 -0.980481 0.623516
-0.771412 0.753108 -1.01981 -1.4688
1.19339 1.34851 -1.0839 0.767594
1.55149 2.38378 -2.78392 1.08922
-34.0573 25.571 -29.6492 -23.4318
0.642599 0.915788 -0.953891 0.559414
-6.39741 2.29869 -4.01489 -6.35356
0.902215 1.2317 -1.42278 0.440965
1.05877 1.79566 -2.79471 0.883852
-5.52611 3.02033 -4.88535 -7.12489
1.39946 -0.040071 0.040071 1.39946
-0.455077 0.994027 -1.33118 -0.939167
-0.687071 0.876794 -0.895813 -0.819709
-1.07253 0.060142 0.010253 -1.45254
-0.298855 -1.13947 1.32975 -0.43904
-4.83821 -3.04632 3.99167 -4.52823
-0.555474 -1.0584 1.14334 -0.499214
-1.03011 0.775333 -0.775333 -1.03011
-1.17074 -2.78033 2.34982 -1.47358
0.81977 -0.676267 0.659754 0.910499
1.13647 -0.175148 0.43395 1.15467
-1.26253 -0.297554 -0.039903 -1.20864
1.41044 0.091979 1.09582 1.96186
-2.66539 -3.68759 5.68012 -3.64372
-1.36731 0.322902 -0.902467 -1.64082
1.86455 2.14573 -1.68694 0.994014
0.273093 -1.4186 1.63091 1.28628
1.54897 0.397684 0.142656 1.63547
1.08732 0.596381 -1.14581 1.0247
1.15949 0.7602 -1.08921 0.775921
-0.966047 0.564501 -0.706744 -1.06678
-1.32836 0.675378 -0.80994 -1.12351
-1.48706 2.22873 -2.34595 -1.402
0.80814 0.944578 -1.10503 0.560668
0.906378 0.596565 -0.76472 1.00531
-0.782091 -1.05445 1.07155 -0.729754
0.713934 -1.02781 1.62805 1.36437
0.921757 -1.00529 1.28853 1.05982
4.8452 2.32139 0.134079 5.19069
-0.121833 1.09971 -1.08042 -0.192661
1.11374 0.894949 -1.18853 0.681641
1.15978 -0.743983 1.13734 1.61297
-1.12607 -1.42892 1.3148 -0.972239
-1.02752 -1.22572 0.947089 -0.60431
-0.735257 -1.10596 1.14227 -1.03124
-1.2723 -2.1958 2.01999 -1.1947
-0.486979 -1.00717 1.1209 -0.676863
-1.1235 2.04647 -1.76148 -0.564718
0.049914 -1.57191 1.58961 1.47406
-1.04277 0.78686 -1.21446 -1.09883
-0.087423 -1.6487 1.65595 0.753154
5.27424 6.58102 -3.95094 3.0491
0.137101 1.41284 -2.33308 -1.2695
-1.04023 1.19767 -2.29472 -2.28816
1.05898 0.891894 -1.23874 0.656326
0.865807 -0.636949 0.984024 1.18249
0.721946 1.03029 -1.2367 0.579736
-1.37613 -1.44289 0.885805 -1.42829
0.55833 1.28063 -1.08745 0.290917
-2.16038 -0.119746 -1.23283 -1.71544
-0.552279 -1.09238 1.02817 -0.392366
-2.98424 -3.39536 3.36504 -2.12262
0.437002 -3.26013 3.26416 2.92133
-0.478088 -0.923999 1.65716 -0.818047
-1.47064 0.986794 -2.62907 -1.84738
-1.14627 -1.5531 1.46808 -0.915815
-0.713505 -0.87667 1.21968 -0.718304
-1.06963 -1.53141 1.12941 -0.698349
0.542235 1.08949 -1.4985 0.805735
-0.159814 1.03651 -1.08568 -0.148215
-0.232492 -1.07003 1.10398 -0.285902
0.898539 1.21477 -1.3824 0.814435
-1.19913 0.830082 -1.05317 -1.2785
-0.129683 -3.5763 3.55654 1.80474
0.937908 -0.585098 0.876846 1.14921
-1.20474 0.629465 -1.30232 -0.966438
-0.831454 -0.872237 1.02074 -0.618706
1.54751 1.13708 -6.41782 3.33561
-1.39002 -0.239808 -0.275053 -1.25212
-1.11524 0.3165 -1.01069 -1.59273
1.36228 2.45654 -1.78784 0.449743
-0.464862 -1.39399 1.38644 -0.021865
1.68224 -2.60647 3.99607 2.09771
-6.06911 -5.37847 11.2993 -7.79783
1.33301 -0.891733 1.05816 1.09558
-0.657094 -1.16476 1.55232 -0.916445
1.56333 -0.059694 0.42464 1.81517
0.741587 -0.715642 1.0306 1.12444
-1.36215 0.420749 -0.21559 -1.62493
-2.22269 -3.5266 5.11882 -2.64369
0.555084 0.918391 -1.05161 0.55325
-0.977744 0.767732 -1.39423 -1.50817
0.965399 -0.796202 0.879772 0.9391
0.873026 -0.62977 0.735696 0.8893
0.972541 -1.00856 1.64639 1.71822
1.30579 -0.209414 -0.050614 1.65655
-0.846877 -0.77009 1.03878 -0.827644
-0.568036 2.65925 -4.14132 -2.24335
6.14517 -6.23785 8.51999 7.49243
-0.856766 -0.831923 1.46608 -1.02359
-2.03066 -0.542787 -0.150706 -2.38748
-0.497958 1.41559 -1.609 -0.921201
-0.187552 1.27293 -1.91537 -0.691333
-0.3072 1.13385 -1.20257 -0.084724
0.303973 -1.81185 1.96423 0.132927
-2.3441 -3.27208 3.22779 -2.577
2.02584 -0.691202 1.26402 2.10979
1.088 -0.34073 0.742658 1.19672
0.057109 -1.48525 1.89842 -0.060662
-0.699712 -0.881116 1.06271 -0.649228
-0.423888 -0.972117 1.53826 -0.755119
1.00049 -0.831056 0.88522 0.911924
0.889407 -0.760985 0.825328 0.913341
-1.83594 1.14877 -1.19173 -1.66135
-8.09519 4.87967 -15.1701 -19.6917
-0.770109 4.33983 -6.59845 0.649449
-1.31377 -1.32978 1.70413 -1.0888
-0.060009 -1.04375 2.92256 0.099257
1.72993 2.06898 -2.73613 1.46491
-0.726378 -0.824609 1.26692 -0.710466
0.907113 -0.819004 0.854844 0.95043
0.572005 -0.901338 1.6594 1.23346
-1.4525 -1.94017 1.53613 -0.836425
-6.25242 -1.43042 -0.517667 -6.73165
5.16608 6.56202 -3.61456 2.45128
-1.21758 0.807996 -1.15252 -1.17741
1.0522 -0.382744 0.946943 1.3352
-1.07722 0.04418 -0.001692 -3.66515
-2.72142 -3.43212 3.50065 -1.87725
-0.930045 1.03121 -0.890047 -0.829528
1.00184 -0.737735 0.535706 1.03968
0.985461 -0.480812 0.971144 1.28609
-0.378314 1.87531 -1.91164 -2.23493
0.375886 1.21854 -1.26739 0.376353
1.14993 -0.127627 0.332575 1.28136
-1.99111 -2.28981 1.33974 -0.818233
-0.128041 1.11727 -1.13128 -0.280916
1.05028 -0.100702 0.029079 3.49228
0.189738 -1.12681 1.28864 0.658516
0.630495 0.900493 -1.15007 0.640924
3.18578 -3.01094 5.53729 6.27742
0.309887 1.15392 -1.02124 0.467
0.655704 0.912575 -1.49067 0.827353
1.87905 2.41903 -2.50644 1.8146
4.59278 5.71989 -4.46075 2.12219
0.04629 -1.36512 1.36512 0.04629
2.65605 -4.82399 6.41996 3.5784
0.553792 0.940468 -0.980237 0.774408
-0.463826 -1.23353 1.38529 0.037573
1.21764 0.590413 -0.812477 1.53549
-1.08692 0.05167 -0.275877 -1.32655
0.761553 -0.77167 1.02933 0.863479
-0.677001 -1.31598 1.03811 -0.777819
-0.458292 -0.995596 0.995596 -0.458292
1.56664 -0.217169 1.32055 2.27543
7.08636 9.9315 -11.0653 5.55006
0.806184 1.3042 -1.39338 0.395748
-2.10424 0.964943 -0.494639 -2.54328
0.600327 -1.2586 1.60742 1.07098
0.737564 -2.12959 2.09052 1.13442
-10.3279 -3.96438 1.75085 -9.696
1.04662 0.253192 -0.230648 1.50545
0.735404 1.39548 -1.96013 0.982901
1.31762 2.88356 -3.00021 1.13347
1.12133 1.44268 -0.924383 0.759735
-0.063892 1.47203 -1.44846 -0.369127
1.06666 0.068566 0.006626 2.35929
0.565021 0.956742 -0.942676 0.495583
-0.174497 -2.02464 2.22355 0.247008
-1.29235 0.407837 -0.586465 -1.19701
0.376376 -0.993322 1.15832 0.331629
0.392822 1.0796 -1.07728 0.68423
1.04718 0.004802 0.014966 1.42164
1.23432 0.225136 0.060846 1.13085
-0.560025 -1.07453 1.10438 -0.313293
-1.5639 -1.3765 3.58049 -2.62567
-1.04244 -0.257732 0.133809 -1.7564
1.94118 2.00161 -1.49983 1.24406
0.283597 1.34586 -1.41866 -0.340957
0.866835 -0.702032 0.702032 0.866835
0.713949 0.85662 -0.876356 0.622422
0.604604 1.04382 -1.08045 0.784614
1.0623 0.052821 -0.00836 1.20866
-0.353078 -0.984683 1.15946 -0.479722
1.03109 0.03432 -0.009876 1.31915
2.39232 -1.38251 1.15769 3.34088
1.26117 0.027273 0.397211 1.29939
1.42004 1.4817 -1.58196 1.09745
1.37665 1.88097 -1.64614 0.807509
1.38607 -0.829915 0.879984 0.96753
1.87894 -6.19778 7.90823 0.375754
-0.280922 -1.43888 1.62012 -0.55807
1.4938 2.08464 -1.55399 0.87213
1.29917 -0.084729 0.066256 5.79103
-4.96818 4.22549 -6.63154 -5.85171
-0.473495 -1.03629 1.3155 -0.253598
-1.0364 1.03922 -1.9327 -2.42486
0.9954 0.69091 -0.865762 0.811234
-0.925124 -0.876113 2.39002 -1.27697
-1.26924 0.163758 -0.592001 -1.68776
-0.96451 -1.21415 1.19058 -0.738196
-0.5178 0.971238 -1.62247 -1.21364
6.42537 7.75485 -7.48572 4.29849
0.901492 -0.552273 1.16622 1.60424
-1.15937 -1.14472 0.7289 -0.776428
0.615982 1.50267 -1.9255 0.264009
-2.34673 -2.86054 6.84434 -4.46912
1.05089 0.009469 0.022149 3.75635
-1.54685 -1.58966 1.51961 -0.948781
-0.918388 -1.34418 1.08276 -0.677983
-0.623564 -1.42396 1.36871 -0.209649
1.0618 -0.066602 0.093655 1.39043
1.92467 2.02174 -10.8481 5.57284
-1.61614 -2.33157 3.10966 -2.56567
-1.09494 -0.005519 0.043565 -1.07757
-1.39379 -1.66902 1.95479 -1.29405
-3.37299 3.7258 -5.66132 -6.22296
1.68342 -1.1931 1.61035 1.63256
-1.09723 0.762279 -1.20499 -0.803225
1.13367 -0.123434 0.356227 1.19015
1.34993 1.93469 -1.35064 0.622706
-2.7434 -4.76158 4.24025 -1.69886
-1.1014 0.340657 -0.853741 -1.34976
2.4122 1.90439 -0.441893 2.0079
-0.495315 1.8267 -1.8598 0.203613
-1.20534 0.831128 -0.911778 -1.17101
1.05786 0.020643 -0.099062 1.11979
1.05349 -0.539227 1.15531 1.47731
2.98832 5.24913 -6.572 3.53562
1.34839 -0.10739 0.339927 1.6754
0.944713 1.326 -1.27914 0.871163
3.82821 -2.48191 3.81847 3.621
-0.622487 -1.29021 1.33181 -0.017894
0.874772 -0.782601 0.971078 1.32216
0.823246 -0.677545 0.824709 0.979685
1.08385 -0.035122 0.035122 1.08385
-0.464872 -1.00311 1.10778 -0.620548
0.15429 1.07919 -1.66809 0.694413
1.54383 2.0243 -1.56584 0.996583
-1.5332 -0.045512 -0.458626 -1.84585
-1.23737 1.03272 -1.46932 -1.76685
0.755964 0.862348 -0.886584 0.670256
-3.08562 -3.97992 5.71066 -3.58188
-1.06772 0.725952 -0.821881 -0.95632
-1.78291 1.15958 -0.528652 -2.20508
0.565174 -0.883326 1.34243 0.93109
-1.04023 0.897311 -1.1126 -1.36038
1.05691 0.744541 -0.532793 1.10113
3.97743 2.99199 -2.19523 3.5042
0.973283 -0.720641 0.920855 1.02188
1.12156 -0.056456 0.056456 1.12156
-1.41009 -1.50616 1.67408 -1.34582
1.61101 -0.329937 0.514497 1.75952
1.43891 0.88804 -1.23968 1.19207
0.718795 1.61109 -1.50552 0.108831
-4.83072 -0.080241 -0.716858 -5.18536
5.95248 7.25656 -7.53046 4.38539
2.12957 -0.27381 0.650255 2.24287
-4.34803 1.04778 -0.852501 -4.91091
0.739006 -0.949094 1.55211 1.13108
1.12446 3.47851 -2.81267 -1.24722
0.953237 -0.514386 1.14701 1.4265
-1.03924 0.506968 -1.34877 -1.39116
0.37021 1.53896 -1.97618 1.18636
6.45796 -5.39653 8.02083 7.67821
1.18506 -2.01113 2.90905 1.41262
0.721446 -1.1816 1.82011 1.49182
-0.508795 -0.93009 1.45168 -0.705119
-10.8075 -3.31711 2.8994 -10.0032
-0.710046 -0.781333 0.781333 -0.710046
3.04877 -3.97504 8.1118 9.16983
-5.6986 -3.48774 6.6031 -6.13808
0.9535 -0.516037 1.01366 1.19053
-1.09625 0.218663 -0.040803 -1.24078
1.85235 0.155428 -0.133633 1.39674
1.01299 -0.561545 0.954356 1.11455
-1.39822 -1.94004 1.50167 -0.775689
-1.22766 0.207441 -0.888615 -1.54377
2.62999 3.62339 -13.7701 6.99237
-0.341289 1.17236 -1.67724 -0.812302
0.962933 1.35643 -1.10239 0.791459
1.14935 0.590245 -0.737493 1.10031
0.771326 -2.21224 2.39559 0.781096
-0.644782 -1.2571 1.41861 -0.63225
0.715027 -1.14137 2.73956 0.001716
2.01866 -0.261084 -0.406932 1.9313
0.410522 0.996678 -1.2417 0.527454
-1.4997 -1.75617 1.57518 -0.807885
-0.144218 1.12108 -1.37282 -0.569229
1.06185 0.034148 0.020144 2.85053
0.637636 0.924459 -1.10348 0.524658
-0.670413 -1.00285 1.2735 -0.643021
0.785146 0.857358 -1.05642 0.639798
-0.606497 -0.956942 1.10108 -0.513756
1.02255 -0.48756 0.873799 1.07708
-0.89555 1.74855 -2.53156 -2.12346
-0.230176 -1.26716 1.20287 -0.70684
-1.84974 2.32569 -2.10791 -1.70064
-0.519064 1.2596 -1.58478 -1.11474
-0.774867 -1.09888 1.07367 -0.665208
-0.859323 -0.821008 0.971369 -0.808855
0.669655 1.04676 -1.11637 0.484181
0.812471 1.03136 -0.792287 0.78739
0.74488 -0.761612 1.01396 1.08457
0.235237 -1.07109 1.07109 0.235237
3.8613 -1.52317 4.58577 6.53145
4.34713 -2.61081 4.1661 4.30449
0.497329 0.980514 -1.00312 0.446043
1.83711 2.18737 -1.65957 0.925465
1.10374 -0.392845 0.14059 1.41245
1.60133 -1.24008 1.91562 1.49906
1.27198 1.46769 -1.0325 0.801538
0.037075 1.26416 -1.29063 -0.407634
1.45129 1.83523 -1.30114 0.663937
-0.88222 0.649628 -0.774576 -1.36858
1.15462 -0.769391 1.18905 1.6656
1.17039 1.23162 -0.191514 1.92014
0.719488 1.01531 -1.00777 0.471072
0.184377 1.07782 -1.28033 0.161548
1.57774 -1.0425 1.33841 1.86956
-1.24696 -1.61638 2.18173 -1.00326
-0.977397 1.1654 -1.57916 -0.785424
1.78049 2.11032 -1.12363 0.678188
0.524889 1.55745 -1.47278 -0.218079
0.686975 1.38329 -1.52054 0.35852
-1.0668 0.042081 -0.081949 -1.40736
-1.38116 0.989061 -1.61131 -1.69023
1.97532 1.96317 -7.86802 5.82883
-0.487057 -13.1679 10.9806 -0.274545
-0.733767 0.77282 -0.855408 -0.757378
0.319748 -1.57281 1.8683 1.08616
-1.28531 0.211568 -0.244032 -1.29987
-0.667389 -0.934255 1.40795 -0.775403
-0.729168 -0.759918 0.831098 -0.810555
-1.32744 -1.69592 1.9036 -0.98291
-7.65113 -12.3201 12.3201 -7.65113
0.830061 -0.670946 0.863973 0.965908
-0.969895 -1.3018 1.13934 -0.742059
17.4319 30.2856 -41.6546 16.9028
-1.15653 0.423913 -0.857198 -1.39996
0.93116 -0.53036 0.683585 1.01375
-4.93587 -6.26308 8.89494 -5.58963
0.590712 1.28749 -1.18295 0.177531
1.20642 1.50248 -1.01354 0.844852
0.849493 1.12052 -1.02985 1.30315
-0.998573 -1.23419 1.32303 -0.847549
1.59122 1.9104 -7.21249 5.23068
-1.52643 -2.38841 4.26397 -2.77717
-1.23284 -1.45643 1.55668 -0.998384
-0.753691 -1.02374 0.977459 -0.783005
-1.15894 0.008177 -0.457311 -1.53636
0.573502 1.31019 -1.04483 0.610119
-1.40479 -0.237807 0.277226 -1.65676
-0.930245 0.594672 -0.611708 -0.954839
2.49268 0.388168 -0.346947 2.31375
0.85461 -0.70813 0.7468 1.09252
1.44571 0.04596 0.429441 1.21064
-2.05447 1.47374 -1.78322 -1.24741
1.06282 0.688845 -0.24993 1.4326
-0.205056 1.25652 -1.65316 -0.946243
-1.12521 -0.508178 0.618242 -1.06941
-0.834264 -0.966906 0.995043 -0.700396
-1.63225 -1.66912 1.49933 -0.923943
-1.07323 -0.048305 -0.012548 -1.13851
0.856826 0.95947 -1.122 0.629918
1.35655 1.80119 -1.17827 0.699274
-1.70806 -1.92823 1.27988 -0.75574
-0.559308 1.17387 -1.53627 -0.852061
0.56577 1.09941 -1.19751 0.499857
0.610129 0.978496 -1.1666 0.43144
1.33061 -0.088739 0.603027 1.23091
-1.87798 -2.90244 1.61079 -1.44096
1.26658 1.69608 -1.28989 0.94123
2.18212 -0.256266 0.623442 2.26977
-0.823263 -1.14919 1.38655 -0.541044
0.598346 1.0185 -1.30419 0.503443
1.69587 -1.25029 1.73211 1.96862
0.557021 -4.92574 5.22527 2.41729
-0.549891 -0.905755 1.95737 -1.06598
0.595638 0.911151 -1.22385 0.793743
-1.50729 -1.64979 1.58329 -1.08294
0.200095 -2.60291 2.78981 0.425054
0.382187 1.19007 -1.51467 0.065772
1.86136 -0.319143 0.246585 1.45496
-0.882532 0.609178 -1.23756 -1.39007
-3.58036 -6.85306 5.96101 -1.56312
-0.622347 -0.891977 1.3872 -0.794839
-1.12149 0.300331 -0.537698 -1.1036
-0.623601 -1.1512 2.0878 -1.04664
1.39577 0.044919 1.33129 2.19929
0.865191 -0.716313 1.20906 1.67736
1.84607 2.17045 -4.13564 2.95065
-0.493535 -1.23395 1.33908 -0.012041
-1.48541 -2.07425 3.67649 -0.394935
0.747293 -0.903494 1.2637 1.1735
-0.423421 -1.03283 2.53572 -1.51298
3.02697 4.78346 -20.3211 12.3976
-0.234086 1.3106 -1.53325 -0.601666
-0.844418 1.6533 -2.30348 -0.990529
4.11242 2.294 0.144015 4.07853
1.68567 -1.19543 1.5455 1.59696
1.06165 -0.040321 0.036913 2.28293
0.074854 3.52268 -3.45072 -1.53453
1.23166 2.0415 -1.77577 1.16018
-0.399175 0.992446 -1.14409 -0.653459
-0.86567 0.654927 -0.809034 -0.848923
-1.40768 -0.176893 -0.320786 -2.41104
1.72847 0.186498 0.525658 1.53899
-0.724771 -1.06037 1.1371 -0.546884
-0.69576 -0.933231 1.34395 -0.576499
1.52942 0.878431 -1.42564 1.0531
1.0371 -1.14384 1.6208 1.53013
-2.90173 -3.77914 2.72342 -0.983077
-0.998334 -1.03822 1.15128 -0.833247
0.921523 1.67349 -1.60392 0.356686
0.017942 1.43417 -1.3374 -0.604577
-0.963627 0.474403 -0.503727 -1.55885
0.028997 1.46794 -1.74802 0.657731
0.706436 1.46647 -2.33346 1.19428
2.21824 2.63632 -1.29642 0.734364
0.810393 1.1035 -1.34037 0.778551
0.724724 -0.855702 1.13156 1.03782
1.11459 -0.437282 0.897698 1.31213
0.529994 1.0914 -1.03308 0.808039
1.25091 1.07272 -1.2852 0.763264
0.436527 -1.34738 1.80538 -0.457286
1.13602 -0.049134 0.049134 1.13602
-1.22649 0.791753 -0.900097 -1.09245
0.868361 1.36186 -1.32173 0.819576
0.912417 0.578151 -0.609707 0.872958
-1.06553 -0.116176 0.037321 -1.54572
1.52774 1.87547 -1.11872 0.993124
0.465901 1.33659 -1.0031 0.723852
