2500
1057.92 530.989
353.186 363.101
542.009 465.343
516.834 487.416
981.214 527.617
513.955 354.009
278.607 240.168
268.512 321.814
431.133 452.783
592.665 434.589
1056.63 496.131
974.874 542.539
1023.45 514.546
646.969 396.367
378.724 433.434
598.799 430.613
1007.62 444.324
375.575 493.45
942.734 558.012
383.758 250.053
764.312 500.292
207.485 284.62
1208.06 620.871
1213.19 609.721
477.15 354.28
390.492 254.269
502.719 499.346
654.761 522.6
607.935 420.538
421.095 462.359
1021.36 525.539
495.2 351.208
364.694 493.891
308.946 294.865
1112.96 673.64
505.081 497.513
383.743 251.207
543.064 475.899
213.399 280.767
460.798 431.531
565.76 271.465
938.394 326.952
523.161 482.907
538.407 479.317
277.687 322.11
686.281 421.207
439.878 385.247
959.367 542.072
1035.38 548.531
1239.28 747.402
536.394 291.29
681.703 376.678
719.248 623.188
635.924 406.13
654.371 299.356
241.77 341.817
1016.78 518.023
367.402 179.138
449.969 433.082
541.816 475.271
1202.21 773.326
364.807 493.699
628.202 409.74
1020.64 524.47
1056.72 661.235
768.943 476.7
1033.3 514.318
485.103 373.071
715.775 325.576
379.93 389.268
1105.46 509.857
709.243 393.611
578.429 446.135
385.397 251.038
460.805 183.796
1118.26 502.922
450.969 542.014
959.655 239.172
1015.86 536.748
632.316 410.025
775.673 274.574
281.202 309.578
395.576 477.385
612.539 421.247
343.131 275.403
424.387 223.73
1081.86 513.842
621.096 413.848
374.331 489.715
290.697 385.74
376.588 484.261
677.228 215.733
426.686 387.151
992.365 529.732
646.292 398.506
715.238 470.249
1262.02 631.876
450.661 434.635
653.439 395.648
532.805 243.289
555.028 461.595
449.075 350.5
431.446 444.171
543.57 219.027
532.664 241.749
276.604 249.85
1113.89 676.842
234.144 384.738
676.635 169.47
444.737 447.358
488.594 309.538
269.512 319.748
473.167 299.859
762.221 624.593
560.065 466.701
1123.1 464.325
1200.02 768.076
409.622 229.128
1134.09 485.13
427.475 227.965
511.188 495.721
358.576 378.527
399.565 237.191
257.869 252.225
465.533 275.478
1228.88 651.007
690.384 630.218
317.585 210.702
446.098 374.461
383.253 480.159
522.807 484.586
650.067 171.166
1010.14 563.345
1000.85 521.874
678.337 283.602
440.78 377.977
453.047 439.878
776.106 259.546
1096.28 483.241
714.352 286.176
935.604 254.9
207.485 284.62
660.805 574.295
794.886 561.628
995.39 565.608
433.493 393.133
210.351 283.652
793.118 462.234
287.194 315.171
390.383 389.762
700.331 180.831
472.824 610.907
1270.68 673.063
937.237 559.749
265.791 316.614
940.831 553.85
542.412 466.073
629.062 554.185
1059.65 495.962
1020.83 514.658
273.017 240.339
233.43 265.46
252.644 252.373
1203.57 733.366
212.016 285.999
358.662 259.231
1012.55 533.456
466.402 374.59
513.124 488.342
981.559 537.015
339.842 197.736
345.218 194.088
940.983 551.622
297.508 304.185
968.141 534.59
784.289 559.219
562.561 458.067
994.561 522.108
1018.34 513.153
530.201 473.008
277.348 310.956
1228.41 653.855
427.135 295.98
960.393 545.947
212.016 285.999
402.471 470.467
937.711 555.763
475.344 272.315
362.961 452.178
560.439 460.313
505.644 311.94
964.484 539.735
330.32 429.701
1204.24 769.61
403.986 466.322
417.835 224.861
1106.26 498.607
465.958 289.061
389.4 421.134
343.573 279.768
1095.72 546.688
448.405 281.089
949.99 245.311
533.227 470.751
725.258 590.361
527.873 479.201
305.182 373.832
422.265 407.228
364.576 182.911
531.446 479.474
969.031 536.245
363.599 344.636
1228.87 622.761
302.449 296.159
690.384 630.218
937.737 554.745
1028.25 519.582
984.4 527.406
610.25 427.535
681.829 280.577
445.069 439.572
1228.34 633.044
785.528 473.418
739.412 593.185
937.711 555.763
933.285 556.793
462.208 363.419
717.368 376.882
618.333 412.833
1238.66 742.667
656.702 361.752
1136.21 667.384
975.729 548.97
625.346 408.032
539.208 472.008
377.674 486.372
984.736 531.911
768.198 236.772
315.987 294.667
654.388 495.102
1093.2 475.349
1205.65 771.997
519.366 486.106
449.963 370.202
461.697 373.633
544.85 284.364
996.347 567.175
438.138 439.584
645.375 396.794
285.969 306.91
236.294 331.298
415.907 225.874
999.371 523.792
268.512 321.814
1075.77 517.248
341.107 470.853
1113.53 718.333
477.073 318.826
413.04 229.862
454.995 429.026
418.227 227.817
585.74 445.265
519.366 486.106
523.161 482.907
414.136 421.837
1075.11 487.628
997.913 536.855
398.599 246.463
1116.16 473.332
212.016 285.999
655.118 648.703
301.1 309.229
325.15 284.014
702.83 611.673
653.16 522.827
636.134 404.42
1240.89 621.061
562.115 455.109
720.692 588.813
1010.68 528.014
1223.43 722.273
251.129 251.317
960.055 268.752
370.922 180.794
466.826 360.364
333.239 277.891
652.628 293.177
612.26 425.843
459.897 433.019
336.102 282.148
978.113 537.399
459.489 377.477
373.015 394.851
643.408 395.552
202.695 281.498
560.727 461.885
1268.26 799.709
411.248 221.692
998.04 532.845
270.402 319.202
998.33 521.098
1078.01 473.785
472.103 383.069
289.134 305.14
931.559 556.667
1003.49 558.14
809.765 317.285
922.786 567.173
316.91 221.182
1177.26 687.328
1062 495.411
408.903 465.57
1139.34 717.924
446.098 374.461
245.092 261.735
653.439 395.648
210.012 288.562
673.12 546.221
440.681 400.715
989.198 526.471
367.86 489.582
412.181 461.38
330.32 429.701
325.96 388.87
328.876 208.46
342.578 420.355
277.059 321.387
387.679 439.764
1078.44 492.794
331.188 424.957
343.131 275.403
657.288 433.898
344.375 274.657
959.095 543.601
387.213 244.302
323.191 219.515
455.478 428.105
512.549 353.952
335.297 290.614
346.853 369.142
1151.47 714.715
376.129 260.221
946.58 551.077
922.006 561.853
407.761 233.974
959.367 542.072
434.817 388.564
639.048 409.278
530.601 480.81
1275.09 723.154
769.165 445.314
931.136 565.875
867.542 204.24
385.102 416.062
522.222 484.59
368.775 424.736
1101.85 466.661
251.052 263.99
386.996 471.861
1075.02 484.215
1044.27 533.08
1022.75 432.173
424.791 367.307
556.018 460.445
469.535 305.182
595.516 433.076
366.987 492.256
931.559 556.667
338.389 280.668
289.645 307.399
1237.62 741.448
775.64 536.669
382.587 475.327
441.075 319.206
453.423 393.319
616.494 417.262
1061.32 495.334
354.065 458.794
1074.46 524.111
1205.89 766.049
457.243 392.784
971.334 542.054
424.58 448.881
713.38 603.723
438.987 445.486
1122.14 696.832
545.431 469.991
477.645 312.16
982.691 528.677
975.735 537.123
340.493 350.786
441.075 319.206
658.872 395.787
998.706 531.438
363.023 265.777
519.207 492.318
1199.23 766.884
1115.24 493.165
1105.46 509.857
536.915 480.562
613.607 419.069
507.489 285.173
714.76 578.271
368.915 265.107
334.329 514.588
389.407 249.066
923.847 641.115
608.892 421.121
638.185 401.613
644.856 392.643
1047.15 506.979
478.179 351.811
315.987 294.667
1023.17 522.943
373.46 255.06
771.455 447.091
628.202 409.74
997.117 570.047
345.666 278.736
680.755 521.857
417.881 462.194
383.253 480.159
408.237 237.455
494.139 323.39
324.303 418.849
1099.92 463.792
761.243 449.764
1064.67 645.954
1045.38 661.121
373.18 261.244
1011.43 516.086
1001.57 518.032
653.385 543.885
373.68 481.326
442.77 445.211
1028.08 510.827
973.339 552.49
942.844 549.066
561.405 449.979
689.887 602.293
604.785 423.933
554.39 461.636
443.156 436.056
366.987 492.256
870.882 622.208
359.176 493.307
339.223 197.052
422.972 367.11
449.285 374.699
384.322 255.344
373.151 489.377
409.622 229.128
646.169 403.224
344.771 410.941
499.72 338.145
1058.74 526.591
655.664 238.61
1058.74 504.116
724.044 582.184
1238.64 747.463
368.775 424.736
1087.59 509.436
1005.2 519.8
278.776 236.797
472.64 608.275
236.336 387.385
436.019 448.13
556.018 460.445
462.208 363.419
1111.89 506.314
314.454 295.596
913.842 361.328
763.344 447.321
390.881 243.57
508.236 492.119
458.649 432.293
949.568 558.909
1006.98 516.544
1018.03 515.934
416.066 149.144
340.427 455.179
499.629 339.668
1277.18 728.859
340.173 442.762
1074.8 526.733
909.439 320.726
314.101 289.97
379.386 487.547
710.65 624.769
328.116 219.858
1207.61 762.457
953.15 472.123
659.125 423.211
1234.71 737.467
1209.05 623.224
1019.54 521.516
769.684 449.191
707.366 323.776
1106.26 498.607
237.934 369.611
459.637 273.287
396.291 171.626
439.565 402.548
645.767 269.88
301.808 296.4
1201.53 775.063
690.384 630.218
1062.81 531.717
380.777 248.689
1124.43 698.733
801.609 478.253
758.849 258.118
1031.97 500.221
440.167 394.626
356.856 196.876
410.245 227.492
994.909 565.972
467.511 321.767
233.43 265.46
617.608 418.582
619.59 409.488
724.402 622.984
686.326 424.654
1020.96 539.533
416.066 149.144
629.894 413.213
357.841 259.522
470.601 372.308
495.433 305.058
1055.54 491.811
251.129 251.317
1086.32 512.534
649.609 170.401
975.804 552.843
931.586 572.212
950.613 555.72
978.113 537.399
452.756 433.695
255.091 253.015
684.814 447.355
767.329 506.765
363.023 265.777
1233.02 734.884
780.157 500.538
368.808 187.637
630.172 408.711
654.341 283.776
599.01 431.378
580.833 451.218
1106.71 458.659
778.274 506.731
373.614 389.346
656.731 370.23
352.824 188.598
686.922 650.208
391.021 476.104
472.26 375.011
299.384 299.565
991.372 523.812
948.064 550.971
393.031 423.241
1113.59 454.479
335.391 207.732
259.268 247.766
317.672 289.629
1019.89 519.208
458.631 291.477
652.541 280.481
592.147 437.898
298.432 431.987
1016.99 506.414
764.136 454.692
1014.33 560.901
610.25 427.535
515.109 237.324
1255.34 648.111
1146.49 695.113
521.742 494.113
496.488 348.407
954.488 561.802
1000.27 524.478
383.253 480.159
653.399 397.219
281.54 302.547
599.759 426.439
408.232 460.372
357.414 436.447
282.752 390.906
464.143 347.33
608.774 428.434
1145.57 714.482
356.856 196.876
781.357 583.696
535.097 474.992
521.228 482.347
252.463 330.508
1034.13 535.18
474.475 354.532
349.708 401.107
1109.7 691.735
921.191 637.136
1089.07 476.6
1022.77 547.669
968.772 536.885
1224.82 614.378
989.562 527.727
743.326 380.802
414.834 419.206
253.293 409.273
361.45 434.801
1058.31 495.15
547.439 464.126
429.113 404.358
1258.4 626.536
297.593 298.845
774.251 475.891
528.232 236.913
304.851 299.969
210.204 278.572
971.569 550.467
1101.85 466.661
574.815 453.265
345.589 273.574
709.28 328.705
405.857 425.397
1235.82 617.107
1091.05 472.335
289.273 392.368
948.958 554.384
643.059 264.289
1028.38 522.096
709.146 325.62
527.299 237.074
333.309 440.688
271.189 240.178
578.429 446.135
553.014 462.859
380.038 482.033
713.798 484.743
1231.22 652.077
471.483 328.359
476.069 95.0055
1111.92 458.043
394.944 235.725
453.486 310.844
592.665 434.589
537.502 477.701
959.82 271.703
489.383 371.682
627.116 409.386
1033.22 519.527
774.089 237.825
1020.26 534.133
449.2 442.88
510.712 259.791
1213.69 632.225
401.045 465.074
410.654 230.695
1234.1 652.065
277.471 405.646
776.597 263.433
762.367 441.798
450.947 394.068
590.435 436.828
780.308 461.377
1289.28 769.657
1093.84 470.679
442.36 441.538
373.728 388.231
539.208 472.008
404.193 233.038
363.164 264.511
935.604 254.9
977.865 459.308
383.145 484.535
1054.13 500.164
933.606 558.599
343.131 275.403
325.154 216.225
960.945 271.507
634.382 406.933
420.642 232.389
314.731 296.533
937.711 555.763
392.078 478.352
644.414 391.827
531.281 479.026
437.233 379.79
417.433 411.946
477.645 312.16
601.37 433.76
638.371 408.602
768.407 537.666
350.948 377.462
393.262 390.177
1034.11 549.855
1222.89 609.952
989.79 531.104
541.356 474.635
264.889 319.757
631.761 408.349
565.762 455.239
1315.86 675.082
1144.35 725.661
981.461 531.659
431.518 448.459
441.175 448.783
513.955 354.009
617.129 422.336
415.449 464.943
250.892 265.3
351.389 189.223
1272.21 732.881
267.917 318.429
417.484 226.972
1089.83 470.104
442.795 301.901
1239.74 744.352
423.027 230.082
511.119 490.478
1013.64 514.679
372.505 265.182
436.019 448.13
333.936 284.284
933.285 556.793
435.986 301.802
417.187 450.694
1112.75 462.693
315.689 212.16
468.324 384.696
277.601 314.715
359.171 262.04
391.15 471.828
329.585 417.118
442.003 289.245
467.758 601.684
1027.7 520.901
329.802 289.202
171.281 301.247
275.509 317.588
1012.47 551.275
1013.44 529.116
316.578 287.956
1026.85 523.346
772.258 500.385
925.166 644.767
428.269 404.938
466.402 374.59
373.752 485.029
981.251 457.858
392.685 474.475
264.653 308.959
359.49 261.113
952.372 558.979
366.881 492.266
508.834 140.395
613.607 419.069
982.732 545.161
243.643 257.099
368.087 255.615
357.216 378.401
385.668 475.59
586.268 442.498
541.811 477.172
327.533 211.037
940.215 550.412
654.719 519.162
427.395 314.55
1000.26 557.424
341.923 465.528
1021.98 513.33
1010.08 561.08
1070.26 526.731
398.983 232.707
1208.99 641.15
341.776 463.283
438.886 307.708
574.888 452.57
768.198 236.772
332.83 374.742
367.227 261.284
388.418 478.304
952.087 557.561
1000.85 521.874
220.588 275.143
497.141 319.907
416.066 149.144
1244.59 624.126
704.647 593.167
516.834 487.416
1017.26 519.593
467.224 607.702
682.128 302.807
1239.74 744.352
376.793 247.654
1216.19 620.331
220.588 275.143
281.253 245.717
501.991 314.114
430.451 446.37
425.623 453.573
1035.38 548.531
202.695 281.498
1032.58 502.132
782.035 529.263
1047.6 510.457
289.134 305.14
326.178 222.877
237.597 260.113
272.403 312.652
368.852 486.638
710.872 591.711
165.118 288.982
1088.31 502.334
540.759 469.11
454.284 437.355
214.666 280.559
435.498 315.935
1114.63 456.572
448.849 279.952
1139.1 706.228
485.103 373.071
702.161 597.92
282.232 231.604
294.299 305.59
1018.47 524.859
1092.6 477.742
474.838 282.713
330.238 420.151
217.584 272.267
1011.67 524.826
576.841 442.806
590.435 436.828
964.484 539.735
316.136 438.905
404.322 469.137
689.887 602.293
1001.08 519.634
1128.41 701.527
537.502 477.701
548.709 469.944
963.075 279.288
622.524 410.899
450.118 440.251
373.841 261.972
1075.05 485.047
518.053 488.003
282.232 231.604
1006.56 515.053
278.607 240.168
1036.8 500.47
314.454 295.596
270.402 319.202
1001.57 518.032
463.272 375.464
277.601 314.715
771.151 494.891
1024.24 539.105
720.204 619.911
450.969 542.014
245.844 333.389
556.018 460.445
982.675 533.289
359.171 262.04
579.018 442.979
529.914 480.116
266.861 240.798
936.149 552.697
405.243 233.209
595.717 426.821
1086.59 469.326
374.131 256.234
316.725 292.982
769.165 445.314
526.633 486.793
1021.15 520.334
197.736 289.232
932.951 567.631
1075.05 485.047
386.03 483.573
1006.98 516.544
1221.41 765.57
624.548 411.527
980.14 532.756
435.05 387.069
464.215 324.753
1139.75 672.927
1028.25 519.582
1201.23 769.701
612.539 421.247
543.423 220.068
484.136 309.86
629.177 412.44
1235.88 701.145
332.759 380.199
713.181 400.416
269.107 315.929
1027.7 520.901
386.254 412.975
1289.13 792.833
1018.72 527.589
1084.85 470.278
313.681 213.161
773.154 521.158
400.369 237.808
597.234 429.079
345.496 276.877
713.619 544.255
527.873 479.201
566.022 270.377
666.608 640.502
543.064 475.899
758.849 258.118
1007.51 565.203
259.456 324.182
240.021 257.973
442.223 434.251
380.866 323.821
376.894 488.99
414.863 401.279
208.673 288.287
996.854 564.39
706.232 351.73
431.297 402.229
972.093 549.14
983.805 525.888
1120.73 695.619
415.603 360.96
537.502 477.701
1139.86 605.163
713.768 262.118
407.278 240.571
438.886 307.708
583.017 438.813
1006.98 516.544
952.087 557.561
383.794 485.313
542.198 165.626
458.166 430.644
355.466 401.904
1174.18 702.299
686.737 445.778
1145.99 700.091
1035.78 503.002
405.926 464.574
347.684 463.919
578.429 446.135
232.729 266.726
1004.34 535.044
1060.26 497.251
438.441 444.6
389.634 422.958
556.018 460.445
519.207 492.318
556.068 462.166
416.066 149.144
411.727 232.864
639.191 402.259
433.044 447.344
489.383 371.682
339.956 444.401
1087.59 509.436
359.081 254.917
1042.33 513.129
1338.74 760.366
426.782 143.885
1114.77 722.45
1121.66 737.998
1005.43 515.98
422.927 455.525
921.279 562.55
766.627 619.109
346.853 369.142
463.272 375.464
750.102 613.769
425.557 326.892
541.415 169.431
597.234 429.079
725.784 607.817
386.897 481.849
436.543 449.032
1277.72 800.28
242.231 336.658
351.276 342.692
317.585 210.702
968.273 540.275
965.744 536.685
317.114 280.554
463.066 363.591
413.04 229.862
386.03 483.573
303.113 299.896
609.509 417.579
724.364 593.73
513.671 485.658
771.151 494.891
623.839 417.764
535.216 476.866
1111.92 458.043
306.067 299.137
1004.22 518.467
949.568 558.909
597.677 433.852
1092.09 473.866
472.711 359.116
435.199 453.068
437.952 354.725
502.354 256.677
959.367 542.072
970.207 547.919
638.185 401.613
275.509 317.588
294.299 305.59
531.512 237.241
422.972 367.11
340.675 349.347
650.584 392.831
708.833 376.755
960.548 544.353
440.918 442.095
415.876 220.549
212.451 290.499
357.841 259.522
721.118 491.908
683.608 474.186
1200.34 632.091
367.244 380.02
719.7 595.196
304.851 299.969
994.203 568.564
548.891 465.728
442.889 444.434
1035.64 543.224
627.116 409.386
803.275 482.393
1105.01 509.129
276.48 315.403
552.219 463.471
391.435 436.93
612.054 129.376
951.238 247.319
1149.01 550.315
503.749 262.22
602.437 424.14
588.861 440.951
291.077 304.112
618.333 412.833
1030.62 500.672
429.152 456.614
720.748 586.157
368.996 261.488
969.79 551.573
205.81 285.642
713.744 259.133
259.127 323.458
722.204 524.981
646.89 404.129
279.123 390.23
987.87 527.273
629.017 408.062
950.613 555.72
433.403 447.112
499.629 339.668
958.88 264.985
631.863 400.753
1224.51 624.029
561.763 458.19
1006.12 555.417
728.215 634.831
313.569 206.707
974.439 535.549
705.713 328.749
402.471 470.467
363.663 360.905
1237.62 741.448
389.892 236.458
270.402 319.202
284.924 231.928
1199.23 766.884
331.188 424.957
513.955 354.009
399.716 391.1
803.664 490.192
399.133 473.293
352.314 537.817
1097.31 484.43
1001.85 567.705
1201.23 769.701
250.344 256.912
477.522 605.093
959.661 267.273
952.455 250.44
1285.55 639.706
289.273 392.368
762.448 457.583
623.297 415.243
1285.55 639.706
647.879 392.161
421.089 408.206
619.31 408.623
716.215 625.261
1058.74 504.116
503.71 501.812
438.886 307.708
1190.78 782.81
1208.72 771.969
555.237 459.97
656.209 304.284
490.216 308.18
1012.11 516.883
1117.82 715.625
379.93 389.268
640.288 402.981
344.084 456.145
528.043 489.819
411.727 232.864
505.119 498.785
421.924 452.767
424.387 223.73
459.69 296.116
1271 652.702
382.79 253.446
970.64 544.725
1023.79 433.294
618.817 415.226
617.608 418.582
556.018 460.445
1005.43 515.98
338.293 285.259
505.081 497.513
996.641 518.098
350.948 377.462
1037.88 536.685
320.567 210.874
293.836 308.982
545.949 284.767
376.588 484.261
632.254 401.584
505.659 500.562
364.136 490.067
1035.07 505.503
204.21 332.71
368.639 443.295
1238.66 742.667
951.699 561.669
1035.17 518.247
1094.2 476.881
539.713 475.296
449.898 371.154
1205.65 771.997
621.793 416.66
291.077 304.112
404.082 467.555
1204.44 769.003
960.815 539.536
1046.73 542.888
438.291 290.364
415.343 224.588
379.137 250.466
506.75 494.079
426.06 460.302
773.158 444.144
656.173 301.219
344.077 204.36
323.363 209.354
337.695 281.729
222.165 270.936
428.269 404.938
415.753 387.671
984.121 530.99
1022.88 504.856
373.46 255.06
711.169 621.611
1119.97 671.92
364.914 435.464
1060.18 533.074
393.031 423.241
1000.39 518.906
438.429 348.158
1312.29 770.682
1014.11 527.168
810.515 317.053
464.143 347.33
938.696 573.476
408.648 468.601
708.217 353.427
291.091 306.158
951.444 552.488
1002.15 533.757
1074.3 486.353
222.908 277.408
1276.78 723.063
1062.81 531.717
1042.33 513.129
972.093 549.14
341.782 282.007
917.489 358.151
556.72 457.342
775.168 527.361
707.188 598.195
266.861 240.798
443.612 285.153
807.325 548.106
443.985 302.331
442.77 445.211
768.774 502.091
1019.01 547.03
1017.08 537.7
574.929 265.153
871.968 244.648
1111.79 676.687
784.233 551.675
963.996 279.889
965.181 286.953
975.735 537.123
370.228 427.141
502.402 299.18
384.839 172.095
415.622 337.136
774.776 471.667
518.521 489.078
1039.13 547.463
486.102 306.124
984.121 530.99
1071.26 523.823
526.633 486.793
381.892 415.936
1024.1 532.152
1046.73 542.888
446.03 440.307
581.483 444.445
302.449 296.159
289.237 303.378
220.697 273.956
583.017 438.813
364.742 334.252
457.975 390.625
391.071 385.002
686.228 417.613
253.73 328.801
1208.83 760.064
1092.93 474.328
959.095 543.601
498.214 256.108
1266.77 736.688
532.664 241.749
524.651 480.169
1063.57 647.776
703.256 169.777
426.729 300.58
659.403 627.823
867.542 204.24
317.459 427.959
635.402 409.29
634.431 408.124
435.071 445.205
1087.88 477.08
314.384 292.47
387.89 341.752
373.151 489.377
635.693 399.772
520.803 490.881
498.214 256.108
473.167 299.859
1319.84 696.526
434.817 388.564
392.737 246.683
387.847 248.215
320.308 215.514
1059.9 505.252
723.538 594.81
433.271 289.287
334.693 446.465
316.401 284.279
384.839 172.095
1230.23 616.153
373.752 485.029
403.021 235.193
1199.06 726.849
777.437 252.5
586.268 442.498
315.689 212.16
978.113 537.399
558.366 454.81
433.403 447.112
552.219 463.471
513.955 354.009
255.56 337.24
378.686 173.68
704.647 593.167
1134.31 563.409
437.426 436.807
315.057 457.869
598.799 430.613
462.208 363.419
411.206 463.422
467.812 381.666
441.152 289.061
377.348 489.613
771.455 447.091
957.971 544.794
935.631 566.836
370.601 492.821
434.782 438.729
386.897 481.849
713.619 544.255
608.774 428.434
766.159 450.845
1032.66 518.256
1105.01 461.925
612.539 421.247
277.348 310.956
319.403 290.354
315.444 290.211
361.803 268.976
682.123 497.695
1144.87 700.664
555.028 461.595
312.461 220.264
775.168 527.361
501.395 340.782
320.308 215.514
981.162 536.348
284.769 305.53
448.675 434.7
684.393 518.367
1112.96 673.64
834.322 306.32
336.241 277.548
960.351 247.668
452.395 657.384
774.694 452.276
1016.85 524.012
381.222 487.129
975.735 537.123
388.418 478.304
362.252 264.606
713.741 257.449
317.359 299.291
1129.96 561.132
423.524 451.991
682.23 602.214
627.149 414.798
313.604 290.914
1224.82 614.378
503.257 498.142
565.76 271.465
656.715 350.145
280.746 235.203
288.509 309.65
636.161 404.277
1224.51 624.029
511.119 490.478
443.985 302.331
1059.65 495.962
1237.26 621.459
401.045 465.074
973.388 534.247
446.148 434.695
1075.02 484.215
773.22 537.129
371.825 486.76
1076.61 486.817
1273.8 723.192
1015.14 510.407
656.173 301.219
364.914 435.464
1019.54 521.516
474.54 107.827
522.807 484.586
443.99 437.675
405.258 427.617
550.384 464.975
1015.86 536.748
425.181 449.06
1013.64 514.679
364.945 491.029
360.451 262.853
368.125 334.751
1060.13 608.116
388.964 474.465
772.674 443.17
308.946 294.865
378.912 444.883
539.208 472.008
427.873 450.4
331.216 203.301
960.548 544.353
338.982 446.925
573.197 449.324
1177.47 603.767
364.66 496.709
362.93 455.622
699.704 472.19
474.54 107.827
768.849 540.102
252.967 326.405
511.371 249.151
627.149 414.798
1263.51 640.211
431.133 452.783
374.331 489.715
348.125 351.223
276.604 249.85
392.146 378.38
535.216 476.866
1016.83 508.13
538.062 477.894
269.512 319.748
1049.19 507.346
1003.75 520.339
355.466 401.904
1022.16 521.92
712.358 499.168
632.012 411.104
260.313 335.615
536.184 476.469
469.223 370.535
1249.9 632.111
294.169 371.584
470.462 138.086
1222.79 612.651
432.958 301.657
233.43 265.46
960.815 539.536
367.86 489.582
472.824 610.907
445.342 349.963
893.466 631.198
380.664 396.14
384.868 247.516
922.271 261.961
212.7 292.964
333.093 390.437
970.452 536.948
289.265 233.169
1208.99 641.15
682.648 523.683
1281.51 640.007
360.451 262.853
1219.38 608.266
653.811 446.186
507.93 496.697
1020.11 510.905
688.687 548.181
1056.63 496.131
562.115 455.109
412.79 460.987
1085.83 519.256
241.892 334.553
1006.32 530.091
493.362 369.352
1275.31 802.614
981.814 535.508
243.543 327.088
775.753 266.899
722.867 547.602
1020.83 514.658
1148.53 692.736
403.323 403.923
809.77 606.654
537.323 468.62
439.878 385.247
321.218 214.81
407.056 156.238
1125.53 490.36
702.76 216.233
414.59 151.883
210.351 283.652
330.238 420.151
1032.66 518.256
707.875 593.385
1049.25 491.162
553.629 464.367
539.908 475.315
441.476 387.33
1103.69 468.239
581.669 446.283
380.866 323.821
355.026 372.667
942.902 557.203
502.135 496.277
1005.17 565.139
368.315 180.736
1020.64 548.554
325.96 388.87
653.506 171.529
687.228 470.705
955.797 240.495
1014.92 554.718
555.237 459.97
1195.15 761.416
1095.94 478.471
465.147 613.655
507.438 495.684
1034.29 500.703
997.143 520.261
1321.01 694.318
349.874 399.583
304.178 289.101
386.763 253.376
341.099 277.032
706.669 596.142
350.451 371.59
357.283 256.338
437.405 357.935
415.603 360.96
929.836 566.71
362.836 260.564
476.254 301.319
353.754 198.64
353.676 259.301
259.127 323.458
356.58 343.344
1052.57 492.914
456.95 433.291
397.666 356.214
79.1176 649.88
394.028 254.031
497.01 340.375
1116.31 472.048
1059.61 533.008
415.689 359.584
721.854 403.404
367.244 380.02
1019.01 547.03
766.159 450.845
769.287 236.969
342.882 273.1
380.038 482.033
391.021 476.104
511.218 294.227
716.094 346.379
253.816 253.94
461.133 363.119
324.953 212.551
574.815 453.265
407.761 233.974
1108.9 462.673
335.834 373.075
927.713 570.79
538.729 478.719
319.553 284.7
1111.5 465.321
1204.43 792.021
1148.8 701.47
683.608 474.186
532.342 481.117
274.89 314.333
1056.94 504.661
768.132 500.708
414.423 453.036
260.162 329.772
316.137 374.379
450.748 350.721
722.749 543.804
331.358 284.64
381.008 439.765
927.339 290.595
467.195 263.375
382.974 246.112
299.356 296.309
732.506 609.189
936.083 572.508
770.636 496.628
471.759 614.669
794.32 510.695
526.267 477.136
728.179 606.299
558.688 463.867
951.444 552.488
242.076 261.252
1092.81 516.899
460.78 372.529
442.889 444.434
973.388 534.247
468.871 611.037
1254.84 631.909
1197.4 724.778
345.336 283.437
457.243 392.784
280.172 319.737
276.48 315.403
350.449 372.548
185.571 296.441
1033.22 519.527
499.155 256
347.259 357.198
1012.27 550.504
516.879 488.585
674.417 169.655
577.515 447.01
713.674 589.623
959.655 239.172
368.716 426.081
679.727 363.103
362.638 493.124
768.849 540.102
991.863 543.199
653.618 573.009
1041.15 495.738
1030.86 540.849
479.132 356.239
699.607 468.85
274.89 314.333
1208.83 760.064
389.4 421.134
779.789 260.114
311.667 219.558
282.142 411.063
972.408 536.934
1061.32 495.334
440.46 292.646
418.82 222.416
489.646 308.045
382.79 253.446
1103.08 468.15
689.887 602.293
163.117 294.18
565.623 457.18
285.37 304.043
416.346 366.053
476.069 95.0055
398.538 250.049
364.821 427.26
1020.46 548.342
392.685 474.475
321.403 291.277
949.684 550.299
389.232 235.675
503.749 262.22
559.367 460.283
360.181 547.409
715.445 589.914
414.455 398.303
460.147 390.851
358.662 259.231
978.046 529.737
368.315 180.736
768.849 540.102
653.506 171.529
957.59 264.824
368.902 252.428
932.184 556.145
162.118 287.5
1122 584.521
1117.63 716.944
385.096 440.706
503.71 501.812
381.942 477.7
396.291 171.626
416.346 366.053
983.12 530.442
1018.34 513.153
773.323 496.552
246.815 256.535
812.53 549.516
536.143 481.224
516.516 494.178
1010.18 557.584
371.825 486.76
386.114 442.633
540.139 473.974
512.923 492.828
478.179 351.811
371.113 493.74
932.201 570.592
1237.59 617.211
408.903 465.57
657.697 467.742
452.673 435.912
529.442 485.838
971.211 554.604
381.506 333.421
319.148 439.268
421.549 448.799
213.416 293.755
370.922 180.794
316.136 438.905
256.701 254.631
363.976 338.51
308.175 294.004
1196.73 763.782
438.987 445.486
573.197 449.324
209.526 289.293
512.703 499.586
971.476 539.905
437.326 359.4
575.553 445.708
1004.34 535.044
635.402 409.29
1086.39 472.353
778.299 494.841
237.597 260.113
512.549 353.952
986.824 453.511
931.655 562.679
263.93 332.703
459.489 377.477
328.65 429.458
922.006 561.853
334.693 446.465
1122.35 738.622
716.215 625.261
653.399 397.219
410.214 467.524
678.052 171.03
495.724 294.203
1056.72 661.235
1053.74 489.156
996.347 567.175
1238.11 704.229
653.23 521.074
531.512 237.241
770.325 522.753
352.865 342.904
581.483 444.445
604.555 420.305
628.993 416.142
937.583 557.503
400.369 237.808
1144.34 694.531
775.761 531.885
338.389 280.668
410.34 457.35
410.617 239.323
551.486 461.707
780.308 461.377
384.839 172.095
960.393 545.947
573.864 264.949
593.4 435.568
373.46 255.06
1109.66 458.365
635.924 406.13
270.974 320.436
1242.88 745.119
315.462 210.137
447.451 389.872
452.673 435.912
769.684 449.191
418.82 222.416
315.987 294.667
406.792 464.141
492.976 291.8
489.089 367.996
587.814 438.441
1269.83 652.328
489.713 347.453
1009.79 523.117
1230.1 647.561
234.864 275.23
595.122 431.623
655.301 572.626
340.173 442.762
994.613 527.274
487.89 307.413
709.16 171.722
1079.17 516.503
801.127 463.154
709.28 328.705
934.36 570.447
449.768 437.147
1047.6 510.457
438.429 348.158
260.657 251.867
518.053 488.003
1020.26 534.133
1024.56 554.894
411.508 236.066
956.52 560.916
1208.99 641.15
474.838 282.713
518.521 489.078
1227.23 618.847
501.395 340.782
330.645 281.126
1103.22 462.885
1228.57 748.048
577.515 447.01
1013.78 512.007
319.445 295.901
261.793 322.663
934.147 561.794
540.139 473.974
196.256 304.999
1177.26 687.328
796.803 553.487
365.965 257.695
1026.15 512.597
420.123 231.7
1141.61 677.541
291.619 308.084
603.113 432.668
624.069 419.487
457.942 434.718
235.781 334.468
373.728 388.231
1256.73 813.116
416.168 461.108
1278.84 725.241
426.664 226.931
1075.77 517.248
1085.8 520.336
1081.36 493.274
448.65 307.184
536.184 476.469
634.382 406.933
1035.07 505.503
1033.95 504.051
529.442 485.838
706.833 442.098
1329.88 763.914
408.197 465.514
653.378 545.756
404.896 234.283
335.19 288.776
315.444 290.211
1228.87 622.761
595.122 431.623
319.222 288.456
1235.88 701.145
380.805 257.596
1101.85 466.661
404.254 337.315
373.18 261.244
483.593 375.572
550.172 470.824
294.083 312.72
343.573 279.768
1020.46 548.342
1073.16 528.041
1123.1 464.325
363.023 265.777
712.704 447.127
784.341 244.535
597.677 433.852
442.152 443.428
255.337 332.161
652.365 257.15
314.245 283.971
700.353 494.182
711.207 398.691
1092.6 477.742
251.652 332.052
563.163 460.646
1012.27 550.504
340.667 285.986
932.52 571.332
387.752 472.774
256.078 338.191
1106.92 463.849
364.46 446.79
350.451 371.59
303.937 292.638
765.807 506.99
448.796 632.964
754.821 618.676
557.323 457.989
514.766 238.774
207.272 280.35
315.987 294.667
453.938 326.579
345.589 273.574
966.684 291.131
584.076 447.517
1209.61 641.812
385.096 440.706
420.892 226.706
469.821 334.09
374.575 251.103
418.871 458.525
709.243 393.611
955.991 557.223
629.894 413.213
339.223 197.052
953.51 250.395
504.682 303.963
380.073 410.216
459.683 427.362
289.134 305.14
600.465 436.606
567.913 264.901
1068.26 519.933
503.607 260.951
1063.75 671.315
200.232 276.36
713.257 468.595
862.355 244.483
1135.76 666.57
307.427 293.102
1208.99 641.15
1007.13 531
397.067 368.369
1117.08 472.722
378.52 484.77
1006.12 555.417
936.94 568.539
1018.89 517.588
952.989 560.533
457.611 289.214
406.792 464.141
364.576 182.911
237.721 342.061
403.267 467.817
397.584 472.282
380.664 396.14
271.189 240.178
1092.89 542.521
661.101 601.768
602.391 599.397
656.386 520.826
346.366 276.032
621.435 415.152
394.096 432.852
316.725 292.982
1284.87 639.808
441.711 395.093
504.682 303.963
1270.68 673.063
1062 495.411
581.669 446.283
326.733 282.795
464.595 609.103
1237.2 703.005
212.016 285.999
439.194 404.758
999.767 518.712
519.366 486.106
435.986 301.802
400.464 347.876
1063.57 647.776
297.593 298.845
977.544 539.12
703.732 598.116
447.505 433.461
991.141 542.115
275.658 238.886
445.23 386.448
465.875 325.46
548.709 469.944
708.71 373.393
445.378 434.634
971.334 542.054
722.642 597.253
1137.63 489.477
1092.81 516.899
1110.32 458.812
724.364 593.73
771.177 536.832
517.229 493.845
508.084 496.887
325.977 220.619
686.227 520.217
1012.77 542.729
772.29 498.779
1140.76 705.672
1103.08 468.15
970.549 542.689
279.123 390.23
532.439 480.921
410.654 230.695
378.413 483.373
1075.05 485.047
608.774 428.434
1115.35 718.69
1125.95 561.193
922.006 561.853
275.658 238.886
1204.24 769.61
962.235 267.641
445.077 302.899
231.132 264.16
614.015 413.515
1127.8 497.645
411.887 153.744
335.391 207.732
1138.94 701.765
639.601 404.906
952.614 554.872
247.165 253.046
624.213 404.864
441.863 388.572
712.685 572.709
353.186 363.101
408.197 465.514
1305.38 776.695
367.941 265.874
1110.46 691.145
379.386 487.547
965.671 237.989
1205.35 767.27
370.598 263.652
685.789 494.33
862.355 244.483
496.488 348.407
303.832 381.889
600.645 427.43
383.71 478.139
957.299 252.826
680.259 395.234
1085.83 519.256
338.31 287.048
1012.11 516.883
768.774 502.091
1014.42 521.336
387.847 248.215
371.113 493.74
660.505 179.757
297.508 304.185
322.178 218.43
275.509 317.588
383.145 484.535
316.171 408.682
228.544 369.751
445.48 430.964
340.238 430.81
205.81 285.642
970.549 542.689
936.94 568.539
1060.13 608.116
709.594 468.744
435.071 445.205
573.793 442.671
453.423 393.319
1022.76 516.151
350.53 276.864
708.606 306.145
965.671 237.989
1034.74 546.87
471.338 269.658
802.591 467.299
419.761 147.196
445.069 439.572
944.003 550.634
962.394 278.446
510.713 258.736
239.049 336.163
729.272 633.062
431.438 359.094
912.388 623.623
452.458 395.853
1278.88 656.055
1052.65 498.585
1025.35 526.386
1034.29 500.703
179.058 291.71
1108.23 675.212
1046.59 506.853
496.488 348.407
516.281 485.828
713.765 547.808
360.451 262.853
554.39 461.636
535.097 474.992
650.584 392.831
368.852 486.638
286.008 302.946
259.24 328.428
712.393 563.228
463.272 375.464
1029.81 513.9
672.745 523.303
475.532 99.6979
328.789 291.308
388.075 330.703
1096.28 483.241
1041.19 513.759
600.836 423.115
415.343 224.588
612.349 581.708
1308.16 780.081
423.667 323.067
1139.1 706.228
470.778 270.868
512.831 244.614
716.578 351.818
602.437 424.14
719.248 623.188
938.829 552.771
745.29 603.09
349.961 394.08
763.344 447.321
232.967 383.38
977.544 539.12
398.94 403.361
621.793 416.66
646.969 396.367
1099.1 513.729
366.881 492.266
378.413 483.373
400.127 232.617
377.348 489.613
616.494 417.262
1129.62 490.803
1149.01 550.315
948.958 554.384
408.943 403.203
952.372 558.979
421.924 452.767
257.467 330.081
592.105 441.25
479.849 378.067
322.178 218.43
1144.91 687.893
714.608 585.676
1129.96 561.132
303.937 292.638
294.549 310.795
611.671 428.584
239.643 332.536
306.067 299.137
764.136 454.692
934.36 570.447
469.223 370.535
259.127 323.458
1059.24 606.605
303.832 381.889
1224.32 651.852
399.565 237.191
427.344 294.645
533.347 477.197
205.909 278.868
978.487 533.616
1013.44 529.116
1232.88 639.398
407.056 156.238
398.528 422.571
645.145 268.515
1092.09 473.866
1147.51 695.165
507.834 503.26
457.411 437.233
616.494 417.262
923.358 561.186
1008.6 534.13
764.922 442.852
204.511 282.37
1047.6 510.457
1199.86 727.977
385.668 475.59
368.639 443.295
282.346 244.343
979.269 457.896
610.729 423.388
377.674 486.372
1002.53 532.836
278.607 240.168
1227.01 615.066
433.493 393.133
361.419 265.555
922.006 561.853
401.493 468.044
388.312 477.992
1204.44 769.003
946.58 551.077
385.257 241.92
218.715 273.141
576.218 449.126
538.135 473.269
314.454 295.596
938.696 573.476
392.325 251.619
1202.89 789.711
340.238 430.81
252.257 337.129
992.836 562.286
389.4 421.134
236.199 262.987
762.219 453.218
951.732 550.985
388.535 431.078
445.076 374.434
364.576 182.911
919.309 318.272
761.243 449.764
1126.95 486.721
1059.61 533.008
390.153 248.394
345.628 356.906
298.432 431.987
461.284 290.581
361.803 268.976
705.009 169.944
284.519 305.108
1114.4 455.699
1003.49 558.14
997.913 536.855
532.852 485.089
1203.57 733.366
290.697 385.74
404.896 234.283
604.073 423.305
652.259 235.758
352.423 453.543
456.573 291.457
1032.24 515.944
1119.12 459.098
986.105 539.428
564.108 455.371
581.668 441.945
403.836 242.067
1266.7 803.66
655.87 472.872
532.439 480.921
1008.35 563.534
316.936 434.284
933.414 572.227
200.671 276.348
470.008 612.562
363.976 338.51
676.635 169.47
1267.47 723.44
1010.08 561.08
412.181 461.38
1222.89 609.952
766.257 500.592
625.346 408.032
710.676 592.704
464.763 284.151
1117.08 472.722
473.167 299.859
289.237 303.378
1097.13 578.709
550.384 464.975
1238.66 742.667
511.218 294.227
781.67 457.838
952.989 560.533
442.843 382.447
513.857 489.006
587.133 435.555
656.731 370.23
572.845 447.714
326.178 222.877
476.122 278.406
974.439 535.549
935.631 566.836
678.289 280.594
487.89 307.413
352.742 192.177
554.365 470.697
656.882 397.214
504.109 492.17
999.819 536.93
322.787 397.783
551.309 461.556
1029.14 552.377
713.765 547.808
1042.88 525.378
684.393 518.367
342.454 468.219
1054.31 538.69
418.825 453.752
1020.64 548.554
1114.63 456.572
474.697 327.924
255.337 332.161
384.54 480.507
652.723 302.807
386.456 361.505
341.41 200.285
1216.97 619.638
775.168 527.361
1143.4 653.577
437.148 443.191
386.763 253.376
1096.21 503.755
425.557 326.892
1014.69 518.134
396.654 248.672
781.998 242.931
375.363 486.231
654.789 348.334
415.965 465.729
620.112 418.148
1022.77 547.669
681.703 376.678
987.123 452.472
366.348 426.695
957.64 540.261
570.893 455.449
303.832 381.889
390.485 388.296
427.344 294.645
403.267 467.817
390.881 243.57
328.556 438.94
628.231 408.204
1105.01 509.129
932.951 567.631
578.327 448.028
706.833 442.098
252.644 252.373
335.715 357.153
584.549 437.866
1028.41 550.832
403.52 329.293
411.206 463.422
517.229 493.845
571.619 448.921
716.578 351.818
1001.56 555.734
962.456 552.351
379.824 480.175
438.441 444.6
328.477 287.127
951.444 552.488
352.95 422.553
321.218 214.81
1132.52 672.563
709.216 622.144
319.222 288.456
1073.16 528.041
502.354 256.677
541.356 474.635
711.753 200.02
345.628 356.906
344.235 455.653
919.309 318.272
998.563 565.959
1234.71 737.467
435.498 315.935
390.851 423.247
1099.22 574.583
359.176 493.307
1207.67 639.665
988.445 530.053
222.908 277.408
239.569 328.153
511.371 249.151
1227.72 612.87
380.805 257.596
1094.2 476.881
1223.43 722.273
497.094 320.679
308.147 440.039
487.592 338.981
1118.6 455.34
937.583 557.503
952.251 243.953
543.452 471.879
527.679 483.114
555.796 466.832
988.297 449.254
507.93 496.697
431.197 442.395
1220.87 608.128
200.597 287.935
1101.85 466.661
655.306 168.542
968.747 552.415
933.285 556.793
405.803 238.309
595.677 434.575
657.288 433.898
279.663 245.342
1051.9 491.602
420.753 451.333
376.826 178.289
641.439 397.812
466.826 360.364
1061.33 652.055
364.914 435.464
513.078 493.985
405.954 471.069
544.612 477.393
450.928 432.861
580.832 439.804
269.512 319.748
452.936 308.799
302.541 378.174
420.886 358.128
948.344 556.656
278.09 316.011
975.804 552.843
239.871 340.888
378.413 483.373
387.632 476.466
263.062 322.633
1018.72 527.589
326.733 282.795
440.562 296.968
352.742 192.177
565.623 457.18
1025.36 514.772
354.016 459.837
952.251 243.953
392.668 233.85
252.644 252.373
639.916 395.93
712.646 443.783
215.997 277.67
621.435 415.152
660.505 179.757
716.215 625.261
558.688 463.867
333.546 281.646
412.73 238.652
79.1176 649.88
316.317 437.486
294.956 226.981
522.778 481.512
442.889 444.434
612.349 581.708
555.237 459.97
952.087 557.561
369.666 417.596
1054.31 538.69
516.879 488.585
421.903 408.946
320.308 215.514
628.202 409.74
402.321 466.931
565.81 458.412
342.898 392.425
369.651 489.695
336.582 275.532
940.983 551.622
946.879 554.903
200.597 287.935
1017.15 528.259
232.729 266.726
350.449 372.548
459.103 613.313
508.236 492.119
461.462 431.281
454.438 394.891
409.179 461.038
942.844 549.066
349.708 401.107
387.948 239.337
284.749 317.578
286.008 302.946
1082.7 520.207
282.346 244.343
412.181 461.38
1113.89 676.842
327.375 281.74
344.725 454.18
341.782 282.007
408.03 229.427
358.193 263.836
1240.42 707.372
1054.8 488.342
253.646 335.878
418.935 236.127
211.219 291.117
345.218 194.088
965.13 282.819
250.344 256.912
333.309 440.688
929.248 558.138
451.185 436.046
1092.93 474.328
989.175 534.904
1003.7 525.512
402.321 466.931
612.539 421.247
452.417 307.621
275.509 317.588
1132.8 663.166
318.641 284.39
403.238 466.009
340.088 443.701
1208.06 620.871
342.578 420.355
653.654 409.375
1268.41 669.904
304.851 299.969
620.633 415.38
317.585 210.702
939.193 327.006
507.438 495.684
386.973 257.436
402.655 160.745
1323.8 747.335
373.18 261.244
490.489 369.34
372.505 265.182
292.737 302.792
1063.75 671.315
1070.42 529.735
934.147 561.794
952.456 562.947
397.04 238.185
450.982 429.576
380.038 482.033
1026.85 523.346
974.152 548.647
1284.87 639.808
1135.76 666.57
713.772 263.824
205.81 285.642
567.595 449.8
1008.6 534.13
683.823 398.671
325.15 284.014
1205.1 620.787
