1105
1057.92 530.989 1146.51 511.386
1056.63 496.131 1179.66 496.785
1213.19 609.721 1160.88 663.629
1112.96 673.64 1043.24 600.668
1239.28 747.402 1042.82 729.304
1202.21 773.326 996.948 705.377
1056.72 661.235 1024.71 552.794
1105.46 509.857 1195.18 541.766
1118.26 502.922 1209.21 549.947
1081.86 513.842 1176.84 524.229
1262.02 631.876 1167.81 713.396
1113.89 676.842 1041.37 603.645
1200.02 768.076 1002.79 701.768
1134.09 485.13 1236.24 556.911
1228.88 651.007 1129.45 691.075
1096.28 483.241 1214.93 525.379
1270.68 673.063 1131.84 734.35
1059.65 495.962 1181.06 500.985
1203.57 733.366 1036.61 694.939
1228.41 653.855 1126.08 692.503
1204.24 769.61 1003.62 705.811
1106.26 498.607 1206.15 539.249
1228.34 633.044 1146.47 684.035
1238.66 742.667 1046.92 727.039
1136.21 667.384 1062.47 619.279
1205.65 771.997 1002.1 709.321
1113.53 718.333 1003.74 614.856
1075.11 487.628 1198.35 510.607
1240.89 621.061 1165.51 693.421
1223.43 722.273 1057.95 707.745
1268.26 799.709 1009.13 770.229
1177.26 687.328 1065.79 658.544
1062 495.411 1182.68 502.505
1139.34 717.924 1017.31 636.473
1078.44 492.794 1195.49 514.471
1151.47 714.715 1026.45 644.849
1275.09 723.154 1085.84 753.425
1075.02 484.215 1200.81 509.545
1044.27 533.08 1136.45 501.405
1205.89 766.049 1007.85 706.004
1122.14 696.832 1027.45 616.411
1199.23 766.884 1002.79 701.768
1105.46 509.857 1195.18 541.766
1047.15 506.979 1162.71 494.218
1099.92 463.792 1237.11 520.716
1064.67 645.954 1041.6 553.548
1058.74 526.591 1151.29 510.301
1058.74 504.116 1173.78 502.178
1238.64 747.463 1042.82 729.304
1087.59 509.436 1184.34 527.75
1111.89 506.314 1201.84 546.288
1277.18 728.859 1081.29 757.426
1074.8 526.733 1160.37 523.677
1207.61 762.457 1012.04 706.147
1234.71 737.467 1049.71 722.375
1209.05 623.224 1145.11 666.073
1106.26 498.607 1206.15 539.249
1201.53 775.063 995.905 705.317
1124.43 698.733 1026.66 619.341
1086.32 512.534 1181.2 527.9
1233.02 734.884 1051.15 720.025
1113.59 454.479 1254.42 529.856
1255.34 648.111 1146.91 710.154
1146.49 695.113 1041.61 634.711
1145.57 714.482 1023.52 641.009
1109.7 691.735 1025.55 604.605
1058.31 495.15 1181.65 496.444
1258.4 626.536 1170.36 708.462
1235.82 617.107 1166.77 685.747
1231.22 652.077 1129.45 691.075
1234.1 652.065 1130.48 695.417
1093.84 470.679 1228.37 520.67
1054.13 500.164 1173.77 498.158
1034.11 549.855 1115.2 498.593
1222.89 609.952 1166.1 673.109
1144.35 725.661 1012.9 642.388
1272.21 732.881 1074.2 753.898
1089.83 470.104 1223.93 515.708
1239.74 744.352 1045.83 728.814
1112.75 462.693 1245.39 532.45
1070.26 526.731 1157.88 519.377
1208.99 641.15 1127.41 671.613
1239.74 744.352 1045.83 728.814
1035.38 548.531 1118.4 498.352
1114.63 456.572 1253.05 531.306
1139.1 706.228 1025.77 631.768
1128.41 701.527 1026.54 623.054
1086.59 469.326 1221.33 512.207
1221.41 765.57 1016.04 719.534
1201.23 769.701 1002.15 703.207
1084.85 470.278 1221.33 512.207
1120.73 695.619 1027.99 614.436
1139.86 605.163 1123.02 602.384
1174.18 702.299 1049.88 661.247
1145.99 700.091 1036.81 636.337
1060.26 497.251 1181.06 500.985
1087.59 509.436 1184.34 527.75
1042.33 513.129 1154.49 492.779
1338.74 760.366 1085.08 821.29
1114.77 722.45 999.891 617.179
1121.66 737.998 989.664 627.69
1092.09 473.866 1221.42 519.185
1200.34 632.091 1131.47 661.843
1105.01 509.129 1195.18 541.766
1224.51 624.029 1153.41 678.503
1237.62 741.448 1047.54 725.889
1199.23 766.884 1002.79 701.768
1201.23 769.701 1002.79 701.768
1058.74 504.116 1170.84 503.423
1190.78 782.81 983.756 697.63
1208.72 771.969 1004.14 711.337
1117.82 715.625 1008.1 617.65
1271 652.702 1152.05 727.643
1037.88 536.685 1129.96 497.913
1238.66 742.667 1046.92 727.039
1094.2 476.881 1218.31 520.803
1205.65 771.997 1001.16 707.257
1204.44 769.003 1004.23 705.811
1062.81 531.717 1148.3 515.614
1042.33 513.129 1154.49 492.779
1111.79 676.687 1040.4 601.93
1071.26 523.823 1161.2 519.367
1208.83 760.064 1014.83 706.381
1092.93 474.328 1221.42 519.185
1063.57 647.776 1041.6 553.548
1059.9 505.252 1173.78 502.178
1230.23 616.153 1164.56 681.262
1199.06 726.849 1040.29 688.821
1134.31 563.409 1159.61 584.253
1105.01 461.925 1241.7 525.38
1144.87 700.664 1035.91 635.748
1112.96 673.64 1043.24 600.668
1129.96 561.132 1159.22 578.995
1224.51 624.029 1153.41 678.503
1059.65 495.962 1181.06 500.985
1076.61 486.817 1200.85 510.148
1273.8 723.192 1085.25 752.262
1177.47 603.767 1144.63 633.433
1049.19 507.346 1162.77 494.827
1208.99 641.15 1127.41 671.613
1281.51 640.007 1171.04 731.939
1219.38 608.266 1165.91 668.936
1056.63 496.131 1179.66 496.785
1085.83 519.256 1173.95 529.664
1148.53 692.736 1043.66 634.862
1103.69 468.239 1233.88 525.855
1195.15 761.416 1005.1 697.51
1095.94 478.471 1219.2 523.18
1321.01 694.318 1140.28 784.102
1116.31 472.048 1238.56 537.601
1059.61 533.008 1145.76 513.827
1204.43 792.021 983.118 712.869
1148.8 701.47 1037.29 639.212
1056.94 504.661 1172.32 500.068
1092.81 516.899 1180.56 534.331
1254.84 631.909 1164.56 706.99
1197.4 724.778 1040.29 688.821
1041.15 495.738 1170.95 486.327
1208.83 760.064 1014.83 706.381
1061.32 495.334 1182.68 502.505
1103.08 468.15 1233.88 525.855
1122 584.521 1131.87 582.18
1117.63 716.944 1006.25 618.213
1237.59 617.211 1167.75 687.707
1196.73 763.782 1005.1 697.51
1086.39 472.353 1220.38 513.639
1122.35 738.622 989.664 627.69
1056.72 661.235 1024.71 552.794
1144.34 694.531 1040.92 632.593
1242.88 745.119 1046.92 731.722
1269.83 652.328 1151.76 726.717
1230.1 647.561 1133.55 690.998
1208.99 641.15 1127.41 671.613
1227.23 618.847 1161.11 679.144
1103.22 462.885 1241.7 525.38
1228.57 748.048 1037.15 720.293
1141.61 677.541 1055.8 626.03
1278.84 725.241 1085.75 757.621
1235.88 701.145 1084.76 713.053
1073.16 528.041 1160.37 523.677
1092.6 477.742 1218.31 520.803
1209.61 641.812 1127.41 671.613
1068.26 519.933 1162.92 516.358
1208.99 641.15 1127.41 671.613
1092.89 542.521 1155.85 543.349
1284.87 639.808 1172.83 734.744
1270.68 673.063 1131.84 734.35
1063.57 647.776 1041.6 553.548
1092.81 516.899 1180.56 534.331
1140.76 705.672 1028.58 634.129
1103.08 468.15 1233.88 525.855
1075.05 485.047 1200.81 509.545
1115.35 718.69 1003.96 616.399
1125.95 561.193 1157.57 576.436
1204.24 769.61 1004.23 705.811
1127.8 497.645 1220.16 555.906
1138.94 701.765 1031.96 630.895
1305.38 776.695 1051.1 796.121
1110.46 691.145 1026.4 605.131
1205.35 767.27 1006.27 705.959
1034.74 546.87 1118.4 498.352
1278.88 656.055 1153.01 736.299
1108.23 675.212 1039.72 597.872
1046.59 506.853 1162.71 494.218
1096.28 483.241 1214.93 525.379
1041.19 513.759 1153.33 491.673
1308.16 780.081 1048.6 799.316
1139.1 706.228 1028.58 634.129
1099.1 513.729 1187.38 538.134
1129.62 490.803 1228.27 555.593
1129.96 561.132 1159.22 578.995
1224.32 651.852 1125.65 687.017
1232.88 639.398 1143.53 691.405
1092.09 473.866 1223.93 515.708
1147.51 695.165 1042.38 635.796
1047.6 510.457 1160.28 495.572
1199.86 727.977 1040.29 688.821
1204.44 769.003 1004.23 705.811
1202.89 789.711 984.02 711.512
1114.4 455.699 1253.05 531.306
1203.57 733.366 1036.61 694.939
1267.47 723.44 1081.74 746.489
1222.89 609.952 1166.1 673.109
1097.13 578.709 1124.11 558.633
1238.66 742.667 1045.83 728.814
1042.88 525.378 1143.25 497.361
1054.31 538.69 1137.23 510.913
1114.63 456.572 1253.05 531.306
1143.4 653.577 1078.83 620.605
1105.01 509.129 1195.18 541.766
1132.52 672.563 1055.33 616.723
1073.16 528.041 1157.76 522.137
1234.71 737.467 1049.71 722.375
1099.22 574.583 1129.4 558.802
1207.67 639.665 1128.99 668.455
1227.72 612.87 1166.77 678.568
1223.43 722.273 1057.95 707.745
1220.87 608.128 1167.35 670.934
1061.33 652.055 1035.51 553.113
1054.31 538.69 1137.23 510.913
1113.89 676.842 1041.37 603.645
1240.42 707.372 1080.33 720.411
1208.06 620.871 1147.88 664.983
1070.42 529.735 1155.09 520.861
1284.87 639.808 1172.83 734.744
1205.1 620.787 1145.07 661.673
542.009 465.343 454.818 685.753
516.834 487.416 433.851 659.365
513.955 354.009 599.754 664.213
431.133 452.783 494.027 574.925
592.665 434.589 478.783 741.595
598.799 430.613 480.791 748.622
383.758 250.053 759.221 528.358
390.492 254.269 752.434 534.882
502.719 499.346 424.27 643.522
607.935 420.538 492.941 759.529
364.694 493.891 461.081 511.012
308.946 294.865 712.16 452.948
383.743 251.207 759.221 528.358
538.407 479.317 438.739 681.13
277.687 322.11 680.493 425.926
541.816 475.271 443.483 684.412
628.202 409.74 502.53 785.43
485.103 373.071 580.745 632.692
379.93 389.268 578.441 526.163
578.429 446.135 467.781 724.821
385.397 251.038 758.004 529.609
632.316 410.025 498.885 787.865
281.202 309.578 695.758 428.529
395.576 477.385 473.137 540.272
612.539 421.247 490.943 765.006
343.131 275.403 732.669 485.883
374.331 489.715 463.928 518.985
376.588 484.261 469.842 522.046
426.686 387.151 574.327 572.685
646.292 398.506 510.382 805.168
555.028 461.595 456.132 699.565
449.075 350.5 615.937 595.538
532.664 241.749 748.745 691.806
444.737 447.358 498.199 588.588
560.065 466.701 448.714 704.342
409.622 229.128 784.375 555.275
427.475 227.965 783.988 574.463
511.188 495.721 426.184 652.25
465.533 275.478 712.533 615.925
383.253 480.159 473.342 528.486
522.807 484.586 436.774 664.744
440.78 377.977 582.246 585.856
453.047 439.878 504.813 596.879
433.493 393.133 565.598 577.148
287.194 315.171 688.029 433.873
265.791 316.614 688.913 414.417
542.412 466.073 453.565 686.082
358.662 259.231 750.072 502.075
466.402 374.59 582.204 612.224
513.124 488.342 434.352 654.657
297.508 304.185 700.355 443.754
530.201 473.008 447.895 673.142
402.471 470.467 479.922 546.711
362.961 452.178 509.634 508.429
465.958 289.061 694.019 614.292
389.4 421.134 539.448 534.584
343.573 279.768 724.863 487.596
533.227 470.751 450.167 676.75
527.873 479.201 441.406 670.365
422.265 407.228 549.526 566.854
531.446 479.474 440.252 673.87
363.599 344.636 640.089 507.043
302.449 296.159 709.715 447.944
445.069 439.572 505.851 589.211
462.208 363.419 598.103 608.07
618.333 412.833 499.987 772.097
539.208 472.008 447.233 682.197
315.987 294.667 709.215 461.028
519.366 486.106 434.571 662.863
461.697 373.633 583.938 607.837
438.138 439.584 508.421 582.171
285.969 306.91 698.785 432.631
415.907 225.874 789.779 561.682
341.107 470.853 491.912 489.051
477.073 318.826 652.099 624.722
413.04 229.862 782.659 559.176
454.995 429.026 517.691 598.907
585.74 445.265 467.658 733.434
414.136 421.837 534.241 558.913
398.599 246.463 762.694 543.182
301.1 309.229 693.398 447.266
325.15 284.014 722.38 468.935
562.115 455.109 462.594 706.131
466.826 360.364 601.219 613.067
333.239 277.891 729.08 476.837
612.26 425.843 484.71 764.076
459.897 433.019 511.078 605.154
459.489 377.477 579.932 605.203
373.015 394.851 573.968 518.236
472.103 383.069 570.379 618.202
408.903 465.57 484.205 552.711
440.681 400.715 553.21 585.439
277.059 321.387 681.185 425.481
387.679 439.764 518.133 532.875
331.188 424.957 546.468 480.085
343.131 275.403 730.879 486.497
387.213 244.302 766.787 531.243
512.549 353.952 600.095 661.96
376.129 260.221 747.73 521.018
639.048 409.278 499.541 795.813
385.102 416.062 546.954 530.47
368.775 424.736 539.962 514.344
386.996 471.861 480.984 532.083
595.516 433.076 479.378 745.439
338.389 280.668 726.6 480.803
289.645 307.399 698.916 437.169
382.587 475.327 478.632 527.626
453.423 393.319 560.809 598.815
616.494 417.262 494.28 769.938
457.243 392.784 560.864 602.489
424.58 448.881 500.307 568.612
477.645 312.16 661.789 628.039
536.915 480.562 436.999 678.748
613.607 419.069 493.867 766.74
368.915 265.107 740.982 512.822
608.892 421.121 491.858 760.556
638.185 401.613 509.855 795.8
315.987 294.667 709.215 461.028
417.881 462.194 486.11 561.37
383.253 480.159 473.342 528.486
408.237 237.455 774.214 553.621
373.18 261.244 745.057 517.426
373.68 481.326 473.612 519.227
442.77 445.211 500.759 586.61
561.405 449.979 468.038 707.689
604.785 423.933 489.558 755.769
443.156 436.056 510.661 587.142
359.176 493.307 462.742 505.498
449.285 374.699 586.591 594.199
373.151 489.377 463.928 518.985
409.622 229.128 784.375 555.275
646.169 403.224 505.641 804.616
344.771 410.941 560.216 493.598
368.775 424.736 539.962 514.344
436.019 448.13 498.24 579.883
390.881 243.57 766.737 535.971
508.236 492.119 431.745 649.308
458.649 432.293 512.672 602.691
340.427 455.179 508.85 488.463
499.629 339.668 621.24 648.55
379.386 487.547 465.265 525.204
439.565 402.548 553.21 585.439
301.808 296.4 709.715 447.944
380.777 248.689 761.221 525.019
467.511 321.767 650.24 614.334
617.608 418.582 492.126 770.537
619.59 409.488 503.161 773.937
629.894 413.213 496.358 784.959
357.841 259.522 750.072 502.075
470.601 372.308 583.944 617.269
452.756 433.695 512.048 596.435
363.023 265.777 742.34 506.813
630.172 408.711 502.53 785.43
599.01 431.378 481.982 750.066
580.833 451.218 461.718 727.639
373.614 389.346 580.998 518.458
299.384 299.565 706.003 445.002
317.672 289.629 717.498 463.42
592.147 437.898 475.083 740.996
521.742 494.113 425.785 662.992
383.253 480.159 473.342 528.486
599.759 426.439 487.78 750.113
408.232 460.372 490.631 552.295
414.834 419.206 536.554 559.551
361.45 434.801 531.928 508.813
547.439 464.126 454.786 691.335
297.593 298.845 707.318 443.362
528.232 236.913 756.412 686.264
304.851 299.969 704.815 450.957
574.815 453.265 460.945 721.108
345.589 273.574 733.056 489.391
405.857 425.397 531.153 550.717
578.429 446.135 467.781 724.821
553.014 462.859 453.964 697.635
380.038 482.033 471.057 526.6
394.944 235.725 777.385 539.556
592.665 434.589 478.783 741.595
537.502 477.701 440.709 680.487
489.383 371.682 581.358 636.606
510.712 259.791 727.899 665.465
401.045 465.074 486.724 545.486
442.36 441.538 504.964 584.685
539.208 472.008 447.233 682.197
363.164 264.511 742.34 506.813
383.145 484.535 467.596 528.325
343.131 275.403 730.879 486.497
634.382 406.933 501.692 790.962
420.642 232.389 778.925 567.062
314.731 296.533 706.832 459.17
392.078 478.352 473.314 536.586
437.233 379.79 580.701 581.752
477.645 312.16 661.789 628.039
601.37 433.76 477.707 751.33
638.371 408.602 500.306 795.157
350.948 377.462 599.123 496.704
565.762 455.239 460.529 711.107
441.175 448.783 496.899 584.89
513.955 354.009 599.754 664.213
415.449 464.943 483.448 559.362
267.917 318.429 687.068 416.574
442.795 301.901 681.3 590.196
423.027 230.082 781.965 570.796
511.119 490.478 432.596 652.438
372.505 265.182 740.673 516.465
435.986 301.802 682.253 582.768
417.187 450.694 499.857 561.854
391.15 471.828 481.151 535.573
329.802 289.202 717.359 472.192
466.402 374.59 582.204 612.224
373.752 485.029 468.846 519.126
392.685 474.475 477.085 537.325
613.607 419.069 493.867 766.74
368.087 255.615 753.627 512.469
385.668 475.59 477.84 530.591
586.268 442.498 471.156 733.792
541.811 477.172 440.643 684.64
427.395 314.55 667.968 571.963
341.923 465.528 495.553 489.85
341.776 463.283 502.792 489.872
438.886 307.708 673.953 584.496
574.888 452.57 460.945 721.108
332.83 374.742 606.92 480.706
367.227 261.284 745.432 510.887
388.418 478.304 474.377 533.196
220.588 275.143 749.904 368.234
497.141 319.907 646.198 645.88
516.834 487.416 434.872 658.191
425.623 453.573 493.586 570.361
368.852 486.638 468.364 514.656
540.759 469.11 450.796 684.047
448.849 279.952 710.105 596.658
485.103 373.071 580.745 632.692
474.838 282.713 701.629 623.336
330.238 420.151 552.28 480.737
576.841 442.806 473.333 723.781
537.502 477.701 440.709 680.487
548.709 469.944 446.973 692.626
622.524 410.899 500.039 779.036
373.841 261.972 745.057 517.426
518.053 488.003 433.851 659.365
463.272 375.464 582.176 608.864
595.717 426.821 487.57 745.777
374.131 256.234 753.125 517.494
624.548 411.527 500.039 779.036
464.215 324.753 647.819 611.578
484.136 309.86 663.093 632.763
629.177 412.44 497.022 784.622
386.254 412.975 550.507 530.855
597.234 429.079 484.751 747.288
345.496 276.877 728.357 488.879
527.873 479.201 441.406 670.365
543.064 475.899 441.508 686.242
442.223 434.251 513.51 586.286
376.894 488.99 464.037 522.343
431.297 402.229 555.069 575.038
537.502 477.701 440.709 680.487
438.886 307.708 673.953 584.496
458.166 430.644 514.662 602.373
347.684 463.919 498.91 495.051
578.429 446.135 467.781 724.821
389.634 422.958 536.586 536.192
556.068 462.166 455.254 700.428
639.191 402.259 508.032 796.898
433.044 447.344 500.13 576.768
489.383 371.682 581.358 636.606
359.081 254.917 755.719 502.719
463.272 375.464 582.176 608.864
597.234 429.079 484.751 747.288
317.114 280.554 727.242 461.74
386.03 483.573 468.68 531.354
303.113 299.896 704.733 448.799
609.509 417.579 495.717 761.743
535.216 476.866 441.543 677.228
472.711 359.116 600.872 619.138
435.199 453.068 493.258 579.002
437.952 354.725 611.403 583.908
502.354 256.677 732.593 656.394
638.185 401.613 508.032 796.898
531.512 237.241 755.093 690.986
440.918 442.095 504.964 584.685
357.841 259.522 750.453 500.895
367.244 380.02 591.033 513.122
548.891 465.728 452.756 692.934
442.889 444.434 500.759 586.61
627.116 409.386 500.112 782.147
552.219 463.471 456.644 695.627
391.435 436.93 520.642 536.433
602.437 424.14 488.261 753.279
291.077 304.112 702.548 436.251
618.333 412.833 499.987 772.097
429.152 456.614 490.262 572.793
368.996 261.488 745.052 513.186
259.127 323.458 681.984 407.962
646.89 404.129 504.676 804.962
629.017 408.062 503.149 784.416
433.403 447.112 499.869 576.609
499.629 339.668 621.24 648.55
631.863 400.753 511.491 788.737
561.763 458.19 458.062 706.737
402.471 470.467 479.922 546.711
389.892 236.458 777.717 533.907
331.188 424.957 546.468 480.085
399.716 391.1 575.578 544.929
289.273 392.368 594.798 438.412
623.297 415.243 495.346 777.411
421.089 408.206 548.613 565.727
619.31 408.623 503.969 773.725
503.71 501.812 421.309 644.554
438.886 307.708 673.953 584.496
555.237 459.97 458.105 699.587
379.93 389.268 578.441 526.163
640.288 402.981 506.354 797.967
344.084 456.145 508.14 491.664
505.119 498.785 423.946 645.603
421.924 452.767 496.768 567.437
424.387 223.73 791.346 569.342
382.79 253.446 754.931 526.409
617.608 418.582 492.126 770.537
338.293 285.259 719.01 484.432
505.081 497.513 426.8 643.733
350.948 377.462 599.123 496.704
376.588 484.261 469.842 522.046
632.254 401.584 510.664 789.05
505.659 500.562 422.019 646.58
364.136 490.067 465.614 510.21
368.639 443.295 517.184 517.634
449.898 371.154 590.188 595.318
291.077 304.112 702.548 436.251
438.291 290.364 696.645 585.259
379.137 250.466 759.122 523.003
506.75 494.079 428.59 647.328
426.06 460.302 486.922 569.566
337.695 281.729 723.734 482.507
415.753 387.671 576.555 559.61
373.46 255.06 753.125 517.494
364.914 435.464 529.848 511.418
438.429 348.158 618.28 585.663
408.648 468.601 480.653 552.615
291.091 306.158 698.916 437.169
341.782 282.007 722.111 485.714
556.72 457.342 459.982 701.928
443.985 302.331 681.3 590.196
442.77 445.211 500.759 586.61
370.228 427.141 536.21 516.263
518.521 489.078 432.749 659.844
486.102 306.124 668.587 635.417
381.892 415.936 548.018 527.1
446.03 440.307 505.643 589.943
581.483 444.445 468.542 730.684
302.449 296.159 709.715 447.944
289.237 303.378 702.548 436.251
583.017 438.813 476.708 731.387
457.975 390.625 563.142 603.584
391.071 385.002 581.718 536.718
532.664 241.749 748.745 691.806
426.729 300.58 686.016 572.857
317.459 427.959 544.173 467.39
635.402 409.29 499.997 791.671
634.431 408.124 502.498 789.69
373.151 489.377 462.759 518.925
434.817 388.564 570.176 579.689
392.737 246.683 761.926 537.469
387.847 248.215 760.76 533.18
433.271 289.287 697.425 580.087
316.401 284.279 722.605 461.119
373.752 485.029 468.846 519.126
403.021 235.193 776.971 548.048
586.268 442.498 471.156 733.792
558.366 454.81 463.189 703.601
433.403 447.112 499.869 576.609
552.219 463.471 452.798 697.785
513.955 354.009 599.754 664.213
255.56 337.24 665.572 406.296
437.426 436.807 512.148 581.916
598.799 430.613 480.791 748.622
462.208 363.419 598.103 608.07
467.812 381.666 572.397 614.042
377.348 489.613 463.133 522.77
370.601 492.821 460.799 516.301
434.782 438.729 509.747 578.693
386.897 481.849 469.754 531.671
608.774 428.434 482.47 759.918
612.539 421.247 490.943 765.006
319.403 290.354 714.36 464.163
361.803 268.976 736.692 505.787
448.675 434.7 511.843 592.669
336.241 277.548 729.131 479.844
381.222 487.129 465.265 525.204
362.252 264.606 742.34 506.813
317.359 299.291 703.838 462.452
423.524 451.991 496.768 567.437
313.604 290.914 714.542 458.674
503.257 498.142 423.946 645.603
288.509 309.65 695.846 434.571
511.119 490.478 432.596 652.438
443.985 302.331 681.3 590.196
446.148 434.695 512.854 590.101
371.825 486.76 466.772 517.866
364.914 435.464 529.848 511.418
522.807 484.586 436.774 664.744
443.99 437.675 509.17 587.761
405.258 427.617 528.807 550.072
550.384 464.975 453.077 694.021
425.181 449.06 500.307 568.612
364.945 491.029 464.773 510.797
388.964 474.465 478.068 533.899
308.946 294.865 712.16 452.948
378.912 444.883 513.228 522.901
539.208 472.008 447.233 682.197
427.873 450.4 498.05 571.604
573.197 449.324 466.33 719.194
364.66 496.709 458.444 510.101
362.93 455.622 505.159 509.737
511.371 249.151 740.529 665.953
627.149 414.798 494.582 782.116
431.133 452.783 494.027 574.925
374.331 489.715 464.037 522.343
348.125 351.223 632.267 493.159
392.146 378.38 591.623 539.205
535.216 476.866 441.543 677.228
632.012 411.104 497.817 787.39
536.184 476.469 442.943 679.081
294.169 371.584 615.294 443.094
432.958 301.657 682.591 579.957
445.342 349.963 616.717 592.269
384.868 247.516 762.432 529.157
333.093 390.437 588.943 480.353
562.115 455.109 462.594 706.131
412.79 460.987 488.727 556.828
241.892 334.553 672.672 393.38
493.362 369.352 584.21 641.09
403.323 403.923 558.344 547.617
537.323 468.62 451.426 680.795
330.238 420.151 552.28 480.737
441.476 387.33 571.654 586.256
581.669 446.283 467.281 729.03
502.135 496.277 428.085 643.26
555.237 459.97 458.105 699.587
304.178 289.101 718.355 449.362
386.763 253.376 754.28 530.818
341.099 277.032 729.102 484.907
357.283 256.338 755.719 502.719
362.836 260.564 747.92 506.502
356.58 343.344 641.852 501.081
456.95 433.291 512.807 600.388
497.01 340.375 620.901 646.545
415.689 359.584 610.423 560.309
367.244 380.02 591.033 513.122
391.021 476.104 475.777 535.578
461.133 363.119 598.679 606.829
574.815 453.265 460.945 721.108
335.834 373.075 606.92 480.706
538.729 478.719 439.124 681.858
532.342 481.117 438.203 674.587
414.423 453.036 497.28 558.578
316.137 374.379 611.714 463.22
381.008 439.765 520.514 526.144
299.356 296.309 709.755 444.776
526.267 477.136 444.285 668.744
558.688 463.867 452.018 702.804
460.78 372.529 585.365 606.932
442.889 444.434 500.759 586.61
345.336 283.437 720.506 489.26
457.243 392.784 560.864 602.489
280.172 319.737 683.958 428.554
276.48 315.403 689.224 424.079
499.155 256 734.121 652.061
516.879 488.585 433.851 659.365
577.515 447.01 467.781 724.821
368.716 426.081 538.068 513.762
362.638 493.124 462.248 508.879
274.89 314.333 691.326 422.108
389.4 421.134 539.448 534.584
440.46 292.646 692.492 586.842
382.79 253.446 754.931 526.409
565.623 457.18 458.667 711.44
398.538 250.049 757.864 543.064
364.821 427.26 537.489 511.56
392.685 474.475 477.085 537.325
389.232 235.675 777.717 533.907
559.367 460.283 456.79 703.792
414.455 398.303 561.626 557.013
460.147 390.851 562.842 605.66
358.662 259.231 750.072 502.075
368.902 252.428 757.204 512.561
385.096 440.706 517.612 530.259
503.71 501.812 421.309 644.554
536.143 481.224 436.999 678.748
516.516 494.178 425.645 657.191
371.825 486.76 466.772 517.866
386.114 442.633 515.457 531.059
512.923 492.828 429.002 654.326
408.903 465.57 484.205 552.711
452.673 435.912 509.675 596.499
529.442 485.838 433.459 671.359
381.506 333.421 650.3 524.684
421.549 448.799 500.921 565.406
363.976 338.51 646.449 507.718
308.175 294.004 712.16 452.948
438.987 445.486 500.303 582.828
573.197 449.324 466.33 719.194
512.703 499.586 421.631 653.691
575.553 445.708 469.906 722.616
635.402 409.29 499.997 791.671
512.549 353.952 600.095 661.96
459.489 377.477 579.932 605.203
328.65 429.458 541.62 476.913
531.512 237.241 755.093 690.986
352.865 342.904 642.526 497.595
581.483 444.445 467.281 729.03
604.555 420.305 493.506 756.121
628.993 416.142 492.813 783.698
338.389 280.668 723.734 482.507
410.34 457.35 493.52 554.24
410.617 239.323 770.364 556.058
551.486 461.707 456.644 695.627
573.864 264.949 707.925 737.994
270.974 320.436 684.43 419.204
447.451 389.872 565.387 592.75
452.673 435.912 509.675 596.499
489.089 367.996 585.582 637.372
449.768 437.147 510.447 593.195
438.429 348.158 618.28 585.663
518.053 488.003 433.851 659.365
411.508 236.066 774.939 557.944
474.838 282.713 702.335 624.265
518.521 489.078 432.749 659.844
330.645 281.126 725.892 474.652
577.515 447.01 467.781 724.821
319.445 295.901 707.832 464.665
420.123 231.7 778.925 567.062
624.069 419.487 490.24 777.644
416.168 461.108 487.511 560.047
536.184 476.469 442.943 679.081
634.382 406.933 501.692 790.962
529.442 485.838 433.459 671.359
408.197 465.514 484.855 552.141
404.896 234.283 777.638 551.123
315.444 290.211 716.169 460.046
319.222 288.456 717.498 463.42
380.805 257.596 749.908 524.336
373.18 261.244 745.057 517.426
294.083 312.72 690.447 441.535
343.573 279.768 725.058 488.403
363.023 265.777 740.248 506.828
597.677 433.852 479.378 745.439
442.152 443.428 502.84 585.976
255.337 332.161 672.141 405.568
251.652 332.052 673.897 402.207
563.163 460.646 454.863 708.347
340.667 285.986 716.111 484.522
387.752 472.774 480.984 532.083
256.078 338.191 664.6 406.923
364.46 446.79 514.717 510.932
303.937 292.638 713.689 448.77
557.323 457.989 459.982 701.928
315.987 294.667 709.215 461.028
345.589 273.574 733.056 489.391
584.076 447.517 465.605 731.335
385.096 440.706 517.612 530.259
420.892 226.706 787.311 567.093
374.575 251.103 758.456 518.056
418.871 458.525 490.181 562.865
629.894 413.213 496.358 784.959
380.073 410.216 554.565 525.233
459.683 427.362 518.395 604.067
600.465 436.606 474.504 750.149
567.913 264.901 710.916 729.941
503.607 260.951 726.421 657.554
378.52 484.77 469.048 523.605
346.366 276.032 728.357 488.879
394.096 432.852 525.582 538.973
441.711 395.093 561.364 586.952
581.669 446.283 468.542 730.684
439.194 404.758 549.185 583.793
519.366 486.106 436.605 662.464
435.986 301.802 682.253 582.768
400.464 347.876 629.247 545.204
297.593 298.845 707.318 443.362
445.23 386.448 569.538 587.955
548.709 469.944 447.638 691.749
445.378 434.634 512.747 589.429
517.229 493.845 426.012 657.894
508.084 496.887 425.501 649.118
378.413 483.373 470.305 523.369
441.863 388.572 569.002 586.48
353.186 363.101 616.352 497.802
408.197 465.514 484.855 552.141
367.941 265.874 740.326 511.861
379.386 487.547 465.265 525.204
370.598 263.652 742.724 514.056
303.832 381.889 602.185 451.902
383.71 478.139 475.162 528.777
338.31 287.048 716.36 482.556
387.847 248.215 761.183 531.709
371.113 493.74 459.656 516.811
383.145 484.535 467.596 528.325
445.48 430.964 516.852 590
340.238 430.81 538.671 488.81
573.793 442.671 473.675 720.839
453.423 393.319 560.809 598.815
350.53 276.864 728.024 494.336
471.338 269.658 720.284 621.188
431.438 359.094 607.244 577.94
452.458 395.853 557.95 597.7
368.852 486.638 468.364 514.656
463.272 375.464 582.176 608.864
328.789 291.308 712.009 473.21
600.836 423.115 490.968 751.809
415.343 224.588 789.779 561.682
602.437 424.14 488.261 753.279
349.961 394.08 579.609 496.699
366.881 492.266 463.815 515.108
378.413 483.373 470.305 523.369
377.348 489.613 463.133 522.77
616.494 417.262 494.28 769.938
408.943 403.203 557.779 552.876
592.105 441.25 471.192 740.436
479.849 378.067 575.321 626.379
303.937 292.638 714.6 449.403
294.549 310.795 692.18 441.258
611.671 428.584 481.585 763.112
306.067 299.137 704.815 450.957
259.127 323.458 681.984 407.962
303.832 381.889 602.185 451.902
399.565 237.191 775.611 544.01
398.528 422.571 535.769 543.681
507.834 503.26 418.72 648.313
457.411 437.233 507.31 601.278
616.494 417.262 494.28 769.938
385.668 475.59 477.84 530.591
368.639 443.295 518.123 514.915
610.729 423.388 488.085 762.899
433.493 393.133 565.598 577.148
361.419 265.555 742.34 506.813
401.493 468.044 482.708 545.839
388.312 477.992 474.432 533.029
576.218 449.126 464.54 724.013
538.135 473.269 446.155 681.135
252.257 337.129 665.76 402.987
389.4 421.134 539.448 534.584
388.535 431.078 529.869 533.703
445.076 374.434 586.883 589.989
390.153 248.394 761.816 533.559
345.628 356.906 625.085 491.325
298.432 431.987 544.004 450.471
461.284 290.581 693.451 610.383
361.803 268.976 736.692 505.787
532.852 485.089 432.973 675.186
290.697 385.74 601.067 439.44
404.896 234.283 777.638 551.123
352.423 453.543 509.081 499.81
456.573 291.457 692.995 604.218
564.108 455.371 461.418 709.502
581.668 441.945 471.928 729.558
403.836 242.067 766.941 549.418
532.439 480.921 437.254 673.318
363.976 338.51 646.449 507.718
464.763 284.151 701.722 613.458
289.237 303.378 702.548 436.251
442.843 382.447 575.948 587.357
513.857 489.006 433.754 655.149
587.133 435.555 479.759 735.681
476.122 278.406 706.747 626.584
504.109 492.17 431.878 645.437
342.454 468.219 494.07 490.316
418.825 453.752 496.236 562.586
474.697 327.924 641.772 622.569
384.54 480.507 472.545 529.314
437.148 443.191 503.674 581.405
396.654 248.672 759.737 542.066
415.965 465.729 482.718 559.749
620.112 418.148 492.875 773.605
366.348 426.695 537.489 511.56
570.893 455.449 459.673 715.765
390.485 388.296 578.395 535.744
390.881 243.57 766.737 535.971
578.327 448.028 465.789 725.202
335.715 357.153 626.035 480.662
584.549 437.866 476.708 731.387
403.52 329.293 652.378 547.686
571.619 448.921 467.182 718.075
379.824 480.175 473.771 524.806
328.477 287.127 717.359 472.192
352.95 422.553 546.681 500.881
319.222 288.456 717.498 463.42
502.354 256.677 732.593 656.394
541.356 474.635 443.483 684.412
344.235 455.653 508.626 491.941
390.851 423.247 536.69 536.117
359.176 493.307 462.742 505.498
222.908 277.408 747.315 370.86
380.805 257.596 749.908 524.336
497.094 320.679 645.664 646.424
527.679 483.114 438.931 671.881
555.796 466.832 449.335 699.975
507.93 496.697 426.439 650.326
431.197 442.395 506.227 575.108
405.803 238.309 772.576 551.204
595.677 434.575 479.378 745.439
420.753 451.333 498.272 564.559
466.826 360.364 601.219 613.067
364.914 435.464 529.848 511.418
513.078 493.985 427.635 655.2
405.954 471.069 478.619 549.902
544.612 477.393 439.775 687.546
580.832 439.804 475.941 728.638
452.936 308.799 670.076 600.268
302.541 378.174 608.015 450.553
420.886 358.128 609.462 567.891
278.09 316.011 688.861 425.467
378.413 483.373 470.305 523.369
263.062 322.633 682.715 411.819
440.562 296.968 685.625 587.679
565.623 457.18 458.667 711.44
354.016 459.837 502.209 500.585
392.668 233.85 780.12 537.533
558.688 463.867 452.018 702.804
333.546 281.646 723.535 477.4
412.73 238.652 770.833 558.074
442.889 444.434 500.759 586.61
516.879 488.585 433.851 659.365
421.903 408.946 546.575 567.648
369.651 489.695 464.266 515.601
336.582 275.532 731.407 480.336
508.236 492.119 431.745 649.308
454.438 394.891 558.984 599.652
409.179 461.038 489.107 554.02
284.749 317.578 685.701 431.757
344.725 454.18 509.954 492.403
408.03 229.427 784.224 554.218
358.193 263.836 744.84 501.85
418.935 236.127 774.401 565.297
451.185 436.046 509.683 595.101
612.539 421.247 490.943 765.006
452.417 307.621 671.304 600.161
340.088 443.701 523.577 487.396
620.633 415.38 495.849 774.421
507.438 495.684 427.796 648.073
386.973 257.436 748.613 531.239
373.18 261.244 745.057 517.426
490.489 369.34 584.081 638.125
372.505 265.182 740.673 516.465
292.737 302.792 702.523 437.703
397.04 238.185 774.738 541.198
450.982 429.576 517.266 595.035
380.038 482.033 471.057 526.6
567.595 449.8 466.241 712.84
764.312 500.292 837.971 281.884
938.394 326.952 1074.18 399.561
959.655 239.172 1190.55 408.383
775.673 274.574 1083.89 257.134
776.106 259.546 1101.57 255.637
794.886 561.628 782.544 313.394
784.289 559.219 783.658 304.791
949.99 245.311 1177.82 400.371
785.528 473.418 869.435 293.38
739.412 593.185 744.116 276.674
768.198 236.772 1125.77 244.688
655.118 648.703 682.784 229.267
702.83 611.673 721.691 254.38
720.692 588.813 746.806 264.839
809.765 317.285 1045.61 290.63
867.542 204.24 1199.84 322.973
761.243 449.764 888.293 272.224
724.044 582.184 752.331 264.566
913.842 361.328 1026.47 382.092
763.344 447.321 891.381 273.784
801.609 478.253 867.772 306.297
724.402 622.984 714.931 270.793
764.136 454.692 884.289 275.37
781.357 583.696 759.684 305.928
959.82 271.703 1148.69 412.691
774.089 237.825 1125.71 249.056
776.597 263.433 1096.4 256.885
780.308 461.377 880.702 287.958
960.945 271.507 1149.5 413.83
768.407 537.666 801.725 290.317
768.198 236.772 1125.77 244.688
710.872 591.711 742.627 256.495
963.075 279.288 1140 415.933
771.151 494.891 844.697 286.271
720.204 619.911 716.868 267.137
769.165 445.314 894.605 277.354
766.627 619.109 724.191 299.904
750.102 613.769 726.83 290.845
725.784 607.817 729.925 271.054
724.364 593.73 741.021 265.928
721.118 491.908 838.061 249.219
719.7 595.196 740.247 263.116
951.238 247.319 1176.01 401.882
722.204 524.981 805.781 255.189
958.88 264.985 1156.87 411.034
728.215 634.831 704.313 275.205
952.455 250.44 1172.59 403.655
762.448 457.583 881.137 274.286
773.158 444.144 896.843 280.933
810.515 317.053 1045.61 290.63
917.489 358.151 1030.55 384.677
807.325 548.106 799.728 320.796
871.968 244.648 1151.86 331.976
784.233 551.675 791.14 303.763
963.996 279.889 1140 415.933
965.181 286.953 1130.87 419.007
867.542 204.24 1199.84 322.973
723.538 594.81 740.178 266.009
777.437 252.5 1110.33 255.244
704.647 593.167 738.759 253.089
775.168 527.361 813.341 294.079
960.351 247.668 1179.38 409.378
772.674 443.17 896.843 280.933
768.849 540.102 799.208 291.313
775.753 266.899 1092.8 256.478
707.875 593.385 740.413 254.838
955.797 240.495 1188.41 404.599
721.854 403.404 927.566 237.911
769.287 236.969 1125.71 249.056
722.749 543.804 787.868 258.292
927.339 290.595 1114.55 384.484
732.506 609.189 728.262 274.288
770.636 496.628 843.244 286.274
728.179 606.299 729.925 271.054
713.674 589.623 743.236 258.509
959.655 239.172 1190.55 408.383
768.849 540.102 799.208 291.313
653.618 573.009 751.372 215.393
768.849 540.102 799.208 291.313
957.59 264.824 1156.34 409.909
812.53 549.516 798.6 324.799
770.325 522.753 816.606 289.614
775.761 531.885 808.727 294.864
801.127 463.154 883.909 303.539
796.803 553.487 791.313 313.359
966.684 291.131 1127.14 420.841
953.51 250.395 1173.37 404.582
862.355 244.483 1148.84 323.691
703.732 598.116 734.188 252.859
771.177 536.832 803.118 292.139
772.29 498.779 841.614 289.123
965.671 237.989 1193.54 414.707
862.355 244.483 1148.84 323.691
957.299 252.826 1170.42 408.766
965.671 237.989 1193.54 414.707
962.394 278.446 1141.82 416.397
729.272 633.062 706.236 275.886
763.344 447.321 891.381 273.784
764.136 454.692 884.289 275.37
764.922 442.852 896.69 274.166
762.219 453.218 884.844 273.322
919.309 318.272 1078.26 381.626
761.243 449.764 888.293 272.224
781.67 457.838 884.692 288.623
775.168 527.361 813.341 294.079
709.216 622.144 713.162 259.822
919.309 318.272 1078.26 381.626
952.251 243.953 1181.07 402.679
952.251 243.953 1181.07 402.679
965.13 282.819 1136.29 418.525
939.193 327.006 1074.43 400.377
