-2.21207 -1.37627 4.46518 -0.045514
0.627285 1.46436 -2.38232 0.310831
-1.04614 0.304271 -0.233508 -1.49433
0.926326 0.849292 -0.849292 0.926326
1.29911 -1.28747 0.521459 4.15579
0.288653 -1.70572 1.95961 0.309775
-0.004363 1.60124 -2.24697 -0.657143
1.24856 1.39222 -1.87872 0.978907
0.053553 -2.81154 1.88069 0.385935
-0.079354 -2.18458 1.68795 -0.189337
0.24119 -1.27919 2.14039 -0.522907
2.35319 0.218861 0.265206 2.12351
0.100601 1.93557 -2.20762 0.626353
4.25851 -4.08869 6.48566 4.8984
-1.19709 0.479056 -0.598892 -1.4958
3.884 0.344857 -0.467011 3.85887
-1.06466 0.279697 -0.092359 -1.64269
1.454 0.587717 -0.943342 1.25157
1.07886 -0.217518 -0.261449 5.03146
1.12871 -0.047307 0.142511 1.09208
1.18904 0.117018 0.086233 1.3793
0.005825 -1.06396 1.16497 0.131442
0.052032 -1.14159 4.89617 -1.53455
1.11341 0.255444 -0.494483 1.38736
2.72656 0.612564 -0.626727 4.6027
0.079994 -2.13719 1.66091 0.167295
1.11725 0.530308 -0.241172 1.58118
-0.289065 -1.1832 1.11731 -0.157369
0.144684 -1.1252 1.1252 0.144684
1.16741 0.251324 0.141807 2.111
-1.02138 -0.146127 0.228005 -1.52122
0.963102 2.12362 -1.46792 0.651019
3.13907 1.42502 -1.75536 0.896793
-1.06894 -0.07167 0.209905 -2.34361
0.029258 -1.40355 3.97951 2.30122
1.07532 0.461573 -0.116555 1.92081
-2.15457 2.76027 -0.593681 -1.48201
1.11513 -0.36598 0.271318 1.32672
-0.604179 1.3692 -4.10227 1.12614
0.733478 -1.56033 1.35802 1.12151
3.98337 1.89523 -2.12206 3.80561
-0.076072 1.38185 -1.2907 -0.168085
-0.005186 1.49527 -1.68715 -0.988413
-0.142559 1.33097 -1.27946 -0.244087
1.95019 -0.988457 0.184755 3.47988
-1.2042 -1.11876 0.768255 -1.42648
-0.271098 -1.75219 1.84282 0.208938
-4.93808 -0.41166 -0.185991 -6.48675
-1.52772 -2.08131 1.68786 -2.87567
0.020567 -3.88909 1.58428 1.48068
1.07408 -0.339153 0.30398 1.85963
-1.38101 -0.0809 -0.322851 -2.66083
-0.444117 2.56471 -3.26267 -0.047679
3.30726 -4.73349 1.26806 3.29718
-0.531812 1.26836 -1.2257 -0.470008
-0.201182 -1.42081 1.44167 0.022471
0.414735 -2.32704 4.42566 -0.307192
-1.08676 1.09778 -1.43587 -1.76086
-0.028199 -1.05261 1.42989 -0.063749
6.62796 0.372307 0.377077 6.00839
-0.948726 -1.41855 0.999123 -1.47976
-1.0635 0.766265 -0.605652 -1.49887
0.519854 1.28502 -1.21424 0.267524
-2.04358 0.633119 0.643493 -2.94741
0.068873 6.56211 -9.21694 -1.28316
-1.14732 -0.13198 -0.100428 -1.59852
-0.054275 1.08109 -1.35642 -0.079512
-2.45825 2.05875 -1.57413 -4.78262
1.73449 0.9067 0.200233 1.51922
-0.964018 -0.489949 0.629912 -2.2225
-0.882067 0.648598 -0.782044 -1.66801
-1.66086 -0.070467 -0.151315 -1.93441
-0.046724 -2.15129 1.59723 0.198796
-0.959997 -0.716146 1.07935 -2.88481
-0.190385 1.07974 -1.53905 0.06403
-0.208528 1.2239 -1.0956 -0.379029
-0.012011 1.05235 -1.36854 0.054833
-2.46713 1.13432 -0.982202 -5.08378
-1.04165 -0.130486 0.204946 -1.63739
-1.06596 -0.159018 0.098784 -1.26646
1.18948 0.024685 0.10266 1.16158
0.144628 14.4402 -13.7443 -2.43349
2.10286 -0.044084 0.505482 2.78024
-77.0601 -10.823 18.6096 -58.2186
-0.093281 1.7317 -1.26207 -0.27536
0.1234 -1.68136 1.65388 0.652751
-0.222614 -1.15733 1.18256 0.004335
0.790637 -2.11548 1.32097 1.33063
-0.115173 2.2719 -2.00357 -0.523113
0.051712 -1.09668 1.19665 0.242474
-0.021337 -1.52919 1.55994 0.13915
1.04665 -0.246575 0.265029 1.04771
1.13493 0.078007 0.05945 1.33972
-0.192916 -2.38161 1.87151 0.304891
5.15017 0.964946 0.25944 3.78076
0.047084 1.51558 -1.14903 0.026608
3.83585 0.03155 0.224067 4.51172
2.85312 -0.417771 1.28784 2.62934
0.647401 1.15161 -0.906772 0.943522
4.03282 -0.265011 0.65191 3.89402
-0.2157 4.13003 -6.02166 -0.442106
-0.047068 -1.39398 1.42816 0.144638
0.005514 1.10338 -1.52406 -0.169449
0.023953 -1.06536 1.55709 0.19893
1.03929 -0.476515 0.476515 1.03929
1.12661 0.0939 -0.065686 1.66156
1.33641 -0.906098 1.6656 0.784644
0.1977 -1.09534 1.26507 0.400794
-0.418835 1.11016 -1.99176 -0.283027
-1.22978 -0.323032 0.356345 -5.23135
1.72189 0.060661 0.095019 1.3724
-1.09411 -0.370255 0.143633 -2.23574
0.255727 -1.60944 1.3465 -0.12449
-0.832318 2.11636 -1.69989 -1.25273
77.0798 0.716137 22.3444 73.6421
0.786968 -1.06704 1.44489 0.691252
1.30434 0.343731 -0.361857 1.59633
-0.887843 0.70326 -0.906693 -1.33697
0.546875 -2.16816 4.85139 -0.068099
0.665021 -6.35308 6.7538 -0.839762
1.63798 -0.185428 -0.194455 5.9401
-0.310055 1.7894 -2.41034 -0.086604
-2.23409 -8.18035 3.5604 -0.620818
1.04473 0.296256 -0.507015 1.15426
2.06183 -0.009114 -0.166153 2.22095
2.0293 0.599881 0.041922 2.51367
-1.34151 0.302645 0.51484 -1.82957
-0.701963 1.02785 -1.19637 -0.941037
1.27376 0.448184 -0.267012 2.03599
12.6385 1.58071 4.92594 32.4748
0.324779 -1.39833 1.66643 -0.635098
-1.15843 0.377852 -2.77255 -5.29997
-0.058365 -3.9796 1.44067 0.124224
-1.07947 0.503562 0.030249 -5.06228
0.32995 -1.1174 1.75671 0.339376
-1.05099 0.45012 -0.45012 -1.05099
1.01929 0.866705 -2.30378 2.26267
-1.51057 -0.043241 0.136831 -1.10779
0.53025 -41.4415 40.0948 -5.72767
1.6418 -1.90392 1.50641 3.63546
1.25324 0.642994 0.1361 2.03312
0.669315 1.01533 -1.09154 1.65211
-0.152024 -1.88352 1.76921 -1.58935
0.048781 -1.44473 1.4795 0.398419
1.11815 0.081388 -0.065081 1.64831
-1.28463 -0.10216 0.092151 -1.89162
-0.086265 -2.10938 1.58037 0.208481
0.506923 -3.4682 2.78051 -1.15535
-0.024051 1.48877 -1.50026 -0.362635
0.366239 1.53399 -1.42817 0.810206
-1.33694 -1.54115 3.33651 -2.96527
0.01856 1.33788 -1.85889 -0.289344
1.23796 -0.734535 -0.271819 2.28048
-0.294967 -2.34889 1.87924 -0.088867
-0.219313 -1.43137 2.1539 -0.640463
-2.01417 -5.02935 7.93759 3.57924
-0.429249 1.56949 -1.63844 -0.098504
0.014409 1.63581 -1.18307 -0.093122
0.278846 -4.06575 2.66368 0.094729
-0.103102 -1.95623 7.32081 0.098765
-0.513469 1.46192 -1.46186 -0.031494
0.088707 1.92397 -1.20391 0.0264
-1.17528 -0.210118 -0.103287 -4.83713
1.75777 -1.79671 0.083185 3.07454
1.65638 0.073379 0.073916 2.69894
1.07607 -0.281969 0.078818 1.41752
-1.14098 0.344836 -0.223312 -1.06243
-0.63919 -1.23152 0.93236 -1.02669
-0.681668 -1.83942 1.92777 -0.300452
1.14242 -3.01149 1.8125 0.137894
-0.855961 0.652047 -0.665344 -0.993924
-1.73737 0.020629 0.492812 -6.71015
-0.318114 -1.18676 3.08827 -2.17393
-0.864664 0.605444 -0.64511 -0.938657
0.825471 0.790505 -1.39315 1.76391
1.23634 0.084585 0.057895 1.09739
1.43368 -0.038137 -0.040169 1.71458
2.8626 0.064528 0.312918 2.76845
-0.139191 -1.76884 2.13018 0.239932
1.09077 -0.10265 -0.232302 4.43736
1.06911 0.118815 -0.277862 1.33606
1.07997 -0.154516 -0.002341 1.29693
-1.11989 -1.08632 0.30342 -1.93407
1.08574 0.132072 0.037105 1.72394
1.92194 0.124308 0.000192 1.90339
-1.40876 -0.328583 -0.098137 -1.80106
1.07505 0.18809 0.007555 2.03511
1.53834 0.00764 0.240643 2.64547
2.11799 0.522413 0.117422 1.22767
-0.121042 1.26702 -1.06147 -0.241261
-1.78849 1.15207 0.021403 -7.1322
-1.25914 -2.50007 6.40141 2.61222
-1.7042 3.6814 -3.49077 -0.142879
1.59352 -0.813367 -0.303993 2.58724
0.137359 2.0267 -2.3164 -0.063314
5.81464 -0.862939 0.837823 9.98397
-0.111882 -1.68273 1.34677 0.070485
-0.702727 -1.88618 1.14226 -2.13726
1.28188 -0.651002 0.26911 1.91139
-0.598943 -0.916347 1.4107 -1.4099
1.10509 -0.000561 0.102162 1.3835
-0.982334 0.455814 -0.449306 -1.22658
-1.13731 -0.002516 -0.127912 -1.3146
4.19935 0.371085 -0.553979 4.98606
0.888461 -0.696351 0.671904 0.846662
-0.369086 -2.23222 2.14044 -0.265589
2.31902 32.2442 -51.8928 0.699715
-0.737397 -1.532 0.82629 -0.817096
2.40469 0.10822 0.07713 2.61996
-2.06316 -1.94243 3.37095 -1.31748
0.170391 1.66808 -1.12857 0.146504
1.39947 -0.205528 2.96527 3.50162
0.030837 -1.46342 1.2258 0.299006
1.10276 -0.173465 -0.023928 1.33883
-2.65047 -4.25477 3.00024 -4.67444
-1.22511 -0.260095 0.373462 -5.20503
0.070126 -1.37668 1.47222 0.333807
5.61568 0.123416 0.591052 6.2404
-0.907908 0.523718 -0.668699 -1.55769
-1.33982 -0.14893 -0.177934 -1.78529
-0.195162 1.03358 -1.31281 -0.338989
0.203743 1.51494 -1.64646 0.337222
0.008333 -1.08433 1.38583 0.094132
1.06411 -0.343506 0.214184 1.30354
-0.103982 -1.23984 1.22314 0.226786
-1.54071 -0.478068 0.83776 -1.33612
1.20993 -0.195254 0.201988 1.17957
0.021188 -1.18226 1.10431 -0.06157
4.06043 -0.043021 0.293814 3.86845
-2.17286 -0.485548 0.145617 -1.75158
-0.383692 1.11776 -1.6339 -0.437904
-2.0961 -0.383288 0.048717 -1.46981
8.71453 -0.443686 0.827079 13.4879
0.055469 -1.06573 1.06573 0.055469
4.36984 1.32599 -0.569924 8.68148
-0.101272 1.65776 -1.12397 -0.146385
-0.211794 -1.89047 1.83452 0.153816
-0.057681 1.27525 -1.22114 -0.315496
1.2602 -0.677649 -0.381093 2.39174
5.25054 -0.121603 0.776043 5.39525
-1.25627 0.485123 0.469442 -2.20003
0.738429 -4.3012 3.47295 -0.12524
-1.7273 1.18618 1.501 -3.85968
-1.08912 -0.786001 0.44844 -1.04843
1.26818 1.26382 -0.71746 1.591
-2.70071 -0.307122 0.333588 -1.88219
-2.40093 -0.00734 -0.618149 -2.232
0.066803 -1.08406 1.36546 0.120309
-0.063489 1.77226 -1.16313 0.190901
-0.226191 1.08982 -1.35968 -0.139406
-4.92803 -0.319504 -0.331679 -4.0537
1.0693 0.043271 -0.245228 4.41708
-0.4796 1.19872 -2.01187 -0.315761
-1.03719 -0.092247 0.107525 -1.04094
-1.62229 -0.772919 0.805786 -1.02843
-0.183238 -3.41581 1.79531 0.383124
-0.062548 2.2321 -2.02166 -0.053442
-3.78412 1.1158 -0.889368 -4.27212
0.006139 2.48141 -4.32291 -0.649812
-0.159887 2.71845 -1.60216 -0.135522
1.00845 -0.516878 0.516878 1.00845
0.652196 2.95372 -2.0908 1.3434
-0.393893 2.20048 -2.0673 -0.273988
-2.4817 0.604459 -1.07947 -2.48918
-0.256352 1.088 -1.54748 -0.216124
-0.80063 0.68352 -0.722151 -0.908197
0.058362 1.4479 -1.45149 -0.307109
-1.4501 -1.56657 2.59108 -1.837
0.983029 0.563213 -0.352298 1.21818
2.36484 -0.310053 -0.289777 2.13642
-0.141477 1.20268 -1.20117 -0.424921
3.54607 -2.52773 4.7287 4.67486
0.047196 -2.09647 2.71876 0.216741
-2.30942 -0.12449 -0.045535 -2.06502
0.716617 1.14249 -0.816534 1.23026
0.205531 2.15037 -2.44594 -0.385856
-2.37867 -2.2743 0.906167 -3.82155
-0.037557 1.41476 -1.55061 0.204657
0.246739 1.59433 -1.16434 1.1484
-1.68006 -0.145751 0.491027 -7.27065
1.1096 -0.10563 -0.028518 1.13646
1.23071 0.008212 0.129851 2.28233
-0.811345 -1.24417 0.819049 -1.09192
-2.66373 -0.432231 0.440582 -2.5658
0.021319 2.20864 -2.64108 -0.35126
-1.1764 0.836745 -0.152726 -1.52817
-0.505074 1.97989 -2.04031 -0.620777
-0.164496 -1.15463 1.45539 0.029098
-1.51357 -1.1598 0.638055 -2.37211
-1.06432 0.156234 0.019907 -1.26092
1.41534 -13.9064 12.6262 3.05435
1.37069 0.245676 -0.722423 1.44148
-1.06335 -0.436815 0.157589 -1.58459
0.248725 2.79455 -1.87592 -0.168143
-0.098961 -1.12183 2.64069 -0.631658
-1.20122 3.04458 -1.96203 -0.067276
1.07241 1.09434 -0.485236 1.20486
1.15071 0.266831 0.094373 1.59574
-0.003822 -1.80483 1.28997 -0.090493
-1.19718 -1.47945 1.83276 -0.61723
0.392659 1.06858 -1.25469 0.305164
-0.530267 1.17203 -1.13098 -0.615112
1.09179 0.006806 -0.01549 1.14755
1.02268 0.539166 -0.269633 1.24085
0.432189 1.44763 -0.991778 0.797884
0.160312 -1.50217 1.06906 0.23513
-0.111757 1.08865 -1.33842 -0.204786
-0.421417 1.33958 -1.17128 -0.69969
-0.652881 1.75404 -1.22132 -1.16525
0.814562 1.77079 -0.875576 2.25229
-0.301358 1.4053 -1.08141 -0.570381
1.33064 -0.149615 -0.314256 1.98902
-0.073954 1.48254 -1.69093 -0.197748
-1.17145 -0.971745 1.79747 -0.550477
0.095328 1.26532 -1.22984 -0.069726
-5.6983 -0.026927 -0.204233 -6.06877
-0.038253 -2.35202 1.78438 0.653191
-1.36156 -0.167797 -0.112004 -2.53461
-1.26416 -2.19991 1.24468 -1.98372
1.08964 -0.127277 -0.061944 1.35657
1.05804 -0.888414 0.529579 2.9077
0.939969 0.631658 -0.516318 1.00289
-1.60201 0.933524 -0.786493 -2.80804
0.104821 -2.0907 2.20584 0.058365
0.048148 1.2068 -1.13041 -0.081218
-1.07478 0.062541 0.092216 -1.5935
0.801813 1.8826 -3.55701 0.226516
-0.328683 1.00796 -1.09851 -0.367936
-1.13382 0.498315 -0.498315 -1.13382
-0.861015 1.1628 -1.07509 -1.29194
1.31729 -0.385284 0.215316 1.58764
-0.241228 -1.06566 2.71329 -0.874279
1.30816 0.120859 0.070787 1.50129
-0.158118 3.29866 -2.79437 -0.381006
0.939978 2.14913 -3.09323 0.521955
1.00149 1.38375 -1.24725 3.77248
-0.318156 1.07684 -1.10724 -0.432381
1.22505 0.363213 -0.697525 3.203
-0.756862 -2.95017 5.5911 3.34161
-1.09079 0.457233 0.030538 -3.36157
-2.27603 0.344045 -0.435345 -3.25971
-0.095444 1.05121 -1.75687 -0.001644
0.221951 2.08025 -2.61289 -0.453946
-0.06105 1.33507 -1.24503 -0.110934
0.410489 -1.25013 1.50546 0.336484
-1.09983 -0.026373 -0.231456 -2.63105
-0.483087 4.25982 -5.40457 -0.93793
-4.86418 0.086323 -0.32742 -5.69616
-2.23074 0.757367 -2.43821 -1.24926
2.78404 0.103843 0.202583 2.56944
-1.06263 0.166807 -0.17598 -1.41847
1.10891 -0.028762 -0.71153 2.40691
-0.479719 1.03084 -1.39409 -1.3522
-1.25585 2.79233 -3.718 -0.684551
1.17781 -0.250096 -0.182109 2.88528
-1.37696 0.602266 -1.15946 -1.13623
-1.12029 -0.059122 -0.256319 -1.37393
-0.717481 0.874108 -0.835686 -1.05585
3.57139 0.546592 -0.229086 3.62355
-1.66914 0.679981 -1.07063 -2.25495
-1.08887 0.200654 -0.025919 -1.38664
-2.49448 0.169065 -0.214309 -2.77677
0.006648 1.39895 -1.32676 -0.072534
1.0788 -0.019212 0.158567 2.27052
-0.188162 2.30742 -1.72018 -0.51027
-2.67987 1.20369 -3.1671 -1.27134
3.85435 0.158668 0.107759 4.33544
-1.11896 -0.036577 0.024695 -1.14995
0.560132 -0.896974 1.21824 0.708761
-1.15179 0.463184 -0.463184 -1.15179
1.08653 0.110004 0.055165 1.8184
0.436404 1.26346 -1.5324 1.72586
0.267743 -1.42884 1.04861 0.593608
0.348214 -1.15525 1.17819 0.154068
-1.37647 -0.724802 0.428378 -2.00981
1.28978 0.295903 0.097425 1.19929
-1.2778 0.315305 -1.68425 -2.70835
-1.02938 -0.845289 0.400052 -1.40984
-0.508519 4.16674 -4.16674 -0.508519
1.05952 0.171549 -0.386721 1.3902
1.17364 0.538911 -0.543611 1.02301
1.18468 0.008963 -0.154373 1.12428
0.138115 -1.10998 1.0888 0.261853
0.307492 1.05809 -1.2798 0.281858
0.318932 -1.52313 6.13801 0.127577
-0.190284 1.13805 -1.78974 0.29
-0.016208 1.65595 -1.63785 -0.23049
-0.262826 1.43958 -2.80496 0.651062
-2.58072 0.66357 -1.55446 -2.11418
1.05544 -0.208529 0.333085 1.9137
-0.652723 1.5426 -1.27773 -2.25419
1.30426 -0.081185 -0.717238 1.58514
-2.10148 0.655394 0.615648 -3.01559
-1.4922 -0.08186 -0.220975 -2.28963
-0.251217 1.14396 -1.17875 -0.333852
-1.14754 0.063739 0.342507 -2.31739
-1.87256 -0.037694 -0.333162 -1.83651
2.0384 -0.140639 0.105843 2.41442
-1.02561 -0.472147 0.607417 -1.29988
-2.96671 3.23616 -3.16088 -4.85869
0.272076 1.13142 -1.77389 0.184264
-1.71185 -0.038709 0.061391 -1.51256
0.124275 -1.15889 1.59046 0.352863
-1.45098 -0.337187 0.12605 -1.47081
-1.43789 0.243754 0.768557 -4.24147
0.50557 -1.32175 0.953226 0.968788
0.014661 1.89782 -3.12907 -0.198121
-0.108494 -5.26902 7.76062 0.738073
-0.751778 -1.1979 1.14274 -2.44565
-1.25928 0.335612 -0.647926 -1.07834
-0.123258 2.58094 -1.71298 1.21255
1.12369 -0.027871 0.143264 1.48312
-0.657408 -1.15439 0.950937 -0.812764
1.33958 -0.953104 0.303635 1.76165
-2.06415 -0.165905 1.05178 -3.3048
1.11984 -0.0317 0.094944 1.57942
-1.34744 2.30002 -1.26172 -1.95517
-8e-006 -2.11521 1.62873 -1.28532
-6.36917 -0.138944 -1.25413 -8.39512
-2.53093 -1.11849 4.57692 -0.163839
0.189045 1.22301 -1.7901 0.098297
-0.027922 -1.4251 1.28434 -0.082927
-3.37944 0.782361 -1.60082 -2.86992
-0.599682 -1.91915 1.89093 1.13899
-0.755574 -3.76099 11.0052 1.23972
9.82524 -0.173634 1.68602 11.3247
0.16816 2.28879 -1.54164 -0.256986
0.650207 -0.974705 1.67323 1.03984
0.224045 -5.1086 6.86173 -0.432164
-3.33786 -1.65205 1.78075 -3.02419
1.42216 -0.067842 0.071547 1.61748
0.759837 -0.887606 4.07715 1.51397
-1.3427 -0.682694 0.314549 -1.96594
-0.092098 -1.76162 1.22064 0.418549
-1.23853 -0.464425 0.204544 -2.03261
1.08459 -0.266138 0.05144 1.41496
-0.284951 -4.53178 4.27354 0.526577
-0.148382 1.05404 -1.41555 -0.124162
-1.0434 -0.404785 0.235431 -2.17012
6.48152 1.30098 0.359409 8.29487
-2.67903 0.338158 0.387517 -2.22849
-1.46446 2.29478 -1.82897 -2.94673
1.14695 -0.090758 -0.037136 1.11607
0.041853 -1.414 1.54297 0.26741
-0.821476 -0.737822 1.20498 -2.3647
-0.258777 1.14147 -1.20362 -0.454177
-1.74426 -2.23544 7.6085 0.744638
-0.048149 1.24103 -1.30625 -0.254702
1.09065 -0.101386 -0.029146 1.14324
-0.160078 4.86586 -3.89267 -0.521435
0.965762 -0.543096 0.574351 1.72404
-0.273329 -1.89935 2.39397 -2.3982
0.086676 -1.59251 1.24707 0.144377
-0.975229 -0.419983 0.432805 -1.06219
0.158154 3.30391 -1.57575 -0.140437
-0.425416 1.16617 -1.68183 -0.476972
3.50539 1.3584 -2.86133 1.3909
-0.347541 2.0677 -1.46821 -0.192369
-1.34332 -0.579201 0.236269 -1.85394
-1.12573 -0.293157 -0.187767 -1.78782
-1.38148 0.065448 -0.151318 -1.21807
-0.423136 2.22034 -2.6212 -0.446613
1.06658 0.024316 -0.219307 1.52631
2.08331 0.006005 0.841842 1.73083
-0.324922 1.03639 -1.02955 -0.368168
0.414073 -2.79474 4.42276 0.056855
-1.04107 0.230211 -0.5486 -1.49121
-0.093415 1.56997 -1.2763 -0.320194
-1.05193 -0.165545 0.073756 -1.62812
-1.07673 -0.37249 0.286348 -3.96118
-0.151065 -1.47899 1.22731 0.032127
-0.650325 -0.997655 1.02057 -0.759849
0.015949 3.08396 -1.69797 -0.028615
10.0125 1.54375 1.05048 11.3375
-0.069808 1.57499 -1.08472 -0.36813
-1.08905 2.1771 -1.07521 -2.6087
1.09565 -0.194121 0.131391 2.25786
-1.11047 -0.265034 2.57357 -3.60698
-9.03308 -4.35791 1.89061 -11.0967
0.357176 6.27678 -14.7041 -1.28983
-0.059109 1.31818 -1.52676 -0.226827
1.41313 -0.089654 0.286974 1.65163
-0.12835 -1.77109 1.7556 0.148904
-1.43913 -1.82164 0.919645 -2.14296
-0.145667 -1.58737 1.56429 0.098318
-0.081174 3.75118 -5.28896 -0.470978
1.1327 -0.016717 0.180155 1.20894
1.14245 0.080163 0.07059 2.10055
1.00286 -0.518441 0.649842 2.4639
-1.02673 -2.67419 4.00248 -0.660302
-4.07727 4.18825 -4.52139 -6.5314
0.206346 3.67104 -1.53147 -0.237771
-8.84709 -2.99591 0.187969 -6.73913
-0.712885 0.806243 -0.800217 -0.795719
0.7763 2.1998 -2.46517 -1.7527
-0.137323 2.2289 -1.29085 0.028522
-1.10427 -1.91684 2.36542 -1.05656
1.21784 -0.524341 0.167069 1.8409
1.17636 -0.445499 0.238156 1.28767
-0.255622 -2.6188 2.0643 0.298298
-1.91433 0.131986 -0.323587 -2.56722
0.119213 -1.37659 1.32104 0.733511
-0.211246 -1.5704 2.07756 -0.082048
1.34279 1.97081 -2.64313 0.894172
-1.13292 1.66724 -4.65199 -1.39958
1.53988 0.421283 0.129406 3.65453
0.932936 3.24165 -13.3306 -1.36082
1.03288 1.17098 -0.956017 1.51406
-0.492838 -1.78701 1.99094 0.113561
1.43634 -0.085635 0.222547 2.07178
2.45312 0.195226 -0.59021 2.47258
-3.31088 -1.23135 0.350474 -2.98615
-0.03919 -2.1655 1.41946 0.337037
-0.105003 1.21804 -1.17661 0.002975
-2.11101 3.19285 -2.51676 -1.72569
-0.113972 1.15544 -1.09044 -0.034397
1.0655 0.186822 -0.403101 1.31887
0.113333 -2.97932 5.16942 -0.097851
1.03804 -1.74998 1.26279 0.115387
1.42118 0.088747 0.040076 1.97587
0.000111 2.49251 -1.58427 -0.21937
-1.35753 3.7027 -2.10905 -3.42791
-0.307664 -1.56491 1.89342 0.074915
1.052 -0.155517 0.098524 1.53014
-0.453644 1.22809 -1.15434 -0.499433
-1.21098 -0.068638 1.35056 -4.9309
-0.889564 0.757195 -0.98643 -2.2673
-2.10052 -5.89603 6.2976 -1.21498
0.069282 1.9025 -1.54417 -0.099293
0.378798 2.45118 -1.80457 -0.024747
1.08616 -0.678867 0.68425 1.25734
1.05663 0.363905 -0.340277 1.57862
-0.191602 1.09078 -1.21188 -0.165105
1.05956 3.67139 -8.99993 -0.128593
-1.54169 0.377547 0.78214 -1.80293
-0.160716 1.32481 -2.12244 -1.78527
1.06609 0.086096 0.078148 1.27356
1.09693 -0.752125 0.305007 2.27097
-0.716424 0.849373 -0.955058 -0.792748
1.03799 0.185571 -0.141748 4.55792
1.9112 0.033054 -0.091822 2.04923
-1.07074 0.242318 -0.283265 -1.71836
-1.07668 0.070179 -0.138272 -1.48326
-0.145831 -1.49224 1.28692 0.268836
8.27481 -0.762473 0.859039 16.0027
3.38071 -0.029538 -0.002356 2.37103
-1.16184 -0.674062 0.051471 -1.72863
-1.19388 -3.82672 9.52571 1.38346
0.622841 -1.19648 1.10488 0.708602
1.13112 -0.059093 0.15176 2.24957
0.746359 1.60095 -2.17132 2.27874
-1.00553 -0.538261 0.468018 -1.97453
-1.06653 -0.262675 0.359755 -1.54896
-0.12124 -1.51271 1.12669 0.066744
-4.38712 -0.168987 0.275933 -4.28871
1.55915 -0.229972 0.021475 1.69332
1.24347 -0.36885 0.30447 1.90962
1.22553 -3.64011 1.51538 1.44437
-1.07771 0.32127 -0.466384 -1.03202
-1.06442 0.040174 0.296734 -4.11545
0.350072 -1.50112 1.18279 0.98124
0.365555 1.3657 -1.11393 0.442816
-0.178069 1.10936 -1.28114 -0.543294
1.09491 -0.032247 0.102161 1.29756
-0.508497 0.931776 -1.09417 -0.484298
1.23324 0.294724 -0.536967 3.05635
-2.81078 -0.244764 -0.270428 -2.13514
-1.04669 -0.135995 0.24081 -1.4289
0.273868 -2.57678 2.82039 0.294441
0.190987 1.12704 -1.53475 0.176022
-0.922463 0.596181 -0.677832 -1.12013
-1.27143 -0.363603 -0.226133 -1.49887
3.92756 0.32606 0.126373 4.17017
-1.10565 0.059943 0.157352 -1.30599
1.39923 0.051948 -0.051948 1.39923
-0.879287 -0.857415 0.852687 -2.31784
-0.551544 2.63439 -2.95027 -1.11755
1.05045 -0.123051 0.208981 1.55517
-0.121756 -1.66948 1.63339 0.09024
0.293699 2.20481 -2.4821 -0.494194
-1.08763 -0.286507 -0.022246 -1.61988
0.063359 2.28817 -1.44685 0.069044
0.39741 -1.35161 1.03452 0.826696
-0.583151 4.01942 -4.01942 -0.583151
-0.109653 1.19411 -1.05488 0.018643
3.37537 0.48495 -0.083253 1.91051
1.21775 0.979548 -1.41638 4.3887
-1.06426 0.064227 0.013112 -4.98416
-3.7771 2.96425 -5.88476 -5.07444
-1.10169 -0.385302 0.19817 -1.67495
-1.20469 -0.886591 0.503157 -2.38893
-0.30637 -1.31257 1.9365 -1.74573
-0.465104 1.20923 -1.38305 -1.4778
0.002711 1.60665 -1.43937 -0.164763
2.04157 -1.37727 0.14309 3.52284
-0.019693 1.85876 -1.37755 -0.111277
1.19591 -0.270755 -0.332192 5.07082
0.316099 -2.89047 2.87921 -1.24793
-0.349372 1.19445 -1.43673 -0.057893
-1.32702 0.135121 -0.234713 -1.64182
0.017083 2.26168 -1.89824 -0.274129
0.077604 1.41131 -3.30379 -0.377429
-0.070815 -1.6159 2.04921 0.076256
-0.166099 -1.12078 1.36061 -0.412694
-1.21657 0.134867 -0.368423 -2.01885
-1.0669 -0.054377 -0.103212 -1.83021
1.11646 0.292708 -1.04465 1.67012
-0.999565 -0.557575 0.512486 -2.04257
-1.49965 -0.247283 0.236843 -1.23486
-1.14949 -0.106246 0.373967 -1.18322
1.07143 1.12578 -1.11633 3.34841
2.03943 0.215947 0.265486 6.09644
0.262858 -1.35775 1.13182 0.652512
-6.00306 -0.023837 -0.144064 -6.40834
-0.777221 -1.10142 1.09057 -0.694118
0.243646 -1.45799 4.27895 0.184242
-0.965509 -0.62549 0.800532 -0.856295
-0.723661 -6.30415 28.9154 3.9525
-0.292166 1.12807 -1.58939 -0.370641
-1.98989 -2.50053 3.01467 -1.67986
1.19009 -1.24657 3.18647 0.308903
-1.1929 -0.011928 0.00292 -1.84825
0.193528 -1.35046 1.72643 0.596647
-0.078148 1.08107 -1.13297 -0.009479
-1.55107 -0.465327 0.737528 -1.29181
-1.18784 -0.094428 -0.100421 -4.26004
1.40145 0.477287 -0.233167 1.55872
1.22873 0.113243 0.168335 1.72173
0.506952 -1.00653 1.31604 0.401801
1.11984 -0.776799 0.900143 1.30551
0.073775 2.08542 -2.19088 -0.337573
1.35008 1.45342 -0.918728 1.58931
1.12389 0.0185 -0.304003 1.25385
0.102465 3.20299 -1.73898 -0.361423
-1.77832 0.370119 0.501934 -6.93204
-0.057839 1.05706 -1.22688 0.04865
-1.04143 -0.720804 0.838293 -1.11482
1.70096 -0.735917 -1.03103 2.91704
1.29277 -1.81349 2.19542 1.02262
0.321235 -4.35258 4.00082 0.577137
-0.198975 -2.03327 1.38903 0.296967
-1.38271 -1.76878 1.11534 -2.06486
1.91581 1.16774 -1.32802 2.13541
-0.335752 -3.20007 1.76858 0.151497
-0.058789 -1.09952 1.94604 0.073513
0.041523 3.33081 -1.52104 0.699516
-2.1391 3.46329 -1.93843 -2.54617
0.155413 -1.34773 1.37619 0.118277
-0.972976 0.624708 -0.535928 -1.96227
3.53229 0.01416 0.033648 4.42385
-1.24573 -0.51374 0.243754 -1.81911
0.389012 1.08029 -1.42258 0.493182
0.070292 -1.11524 1.35317 0.412809
0.214383 1.06753 -1.81485 0.15978
-2.60122 0.560283 -0.566739 -4.16888
-0.265767 -1.24089 2.15715 0.068444
-1.85744 1.31661 -1.52405 -0.635887
1.02059 3.3685 -2.7937 1.22087
1.17622 0.0311 -0.0311 1.17622
-2.01465 -1.60875 2.31003 -0.780978
1.00273 3.06017 -4.22832 -3.06588
-1.77395 -0.178049 -0.023178 -1.23719
0.273048 -1.53577 1.14471 0.733516
-0.060126 3.2419 -1.88304 -0.172309
1.12697 0.367096 -1.42141 4.9177
-4.75289 4.14169 -0.271029 -6.48114
1.15541 0.152356 0.025335 1.34993
-0.079012 -4.08156 4.71697 0.235627
-0.088032 -2.50659 2.21158 -0.313251
-0.566311 1.29691 -1.01477 -1.03865
-0.135477 -1.6757 2.07559 0.129539
1.3466 0.120373 0.212093 1.50392
0.477478 1.43858 -3.92056 -1.66161
4.89633 -0.430033 0.706287 7.33651
-0.300673 -1.34426 1.77914 -0.020769
1.14354 -0.365513 0.061808 1.71682
0.310982 -1.6209 1.70054 -0.875094
-1.06977 -0.301668 0.097238 -1.77622
2.26031 -0.155017 -0.074956 1.43437
-1.33664 -0.236466 0.010756 -1.09449
-0.492155 -1.42087 1.0192 -0.4302
1.14209 -0.128447 -0.095649 1.1805
-0.165801 1.07896 -1.09259 -0.22801
1.81994 1.13009 -0.433405 3.1757
-0.386361 -1.01511 1.62014 -0.683601
-1.38331 -0.108223 0.199637 -1.08822
8.19879 1.06973 -0.072132 8.64428
-0.107226 -2.55582 1.86332 0.345002
-1.09922 0.223381 -0.076332 -1.2054
-3.73745 -1.79911 1.39062 -3.34697
-0.113383 1.41309 -1.30698 -0.291106
-1.279 -0.280603 0.060424 -1.13211
-0.040423 1.29017 -1.37004 0.100411
-0.239254 1.98238 -1.49433 -0.133765
1.26452 -0.139051 -0.259877 3.87419
-2.35276 -0.38356 0.733549 -3.39704
-0.072312 1.28688 -1.14784 0.147626
3.77884 -0.101206 0.391797 4.87708
0.377036 0.97998 -1.19911 0.455975
5.29736 -0.564295 0.632328 9.41628
0.880322 0.643627 -0.949604 1.13787
1.35268 1.75042 -0.798502 1.69188
-2.89463 -2.1241 3.2583 -1.61583
4.59014 -0.248951 0.414053 10.2695
-2.0128 -1.97733 2.52321 -1.28675
0.067864 1.86115 -1.82782 1.10332
-0.124878 -2.18701 1.81034 0.128288
-1.07395 0.06088 0.342708 -4.67616
-2.03069 -1.26257 1.11251 -2.06758
-0.248438 -1.24396 1.53578 0.088411
0.141238 1.07242 -1.71543 -0.020625
-0.873972 -1.54063 0.809193 -0.939575
-1.12999 -0.341021 -0.171592 -2.31232
-0.406793 1.34256 -1.09543 -1.11339
-0.47261 -0.967375 1.42352 -0.599976
-3.67857 -26.5525 30.7664 6.21742
0.099809 3.37652 -1.32759 -0.094574
-0.232186 1.2067 -1.29336 -0.449855
-1.02802 -0.313517 0.227551 -1.28879
-0.407246 -1.28103 1.89364 0.080764
1.35487 -0.005636 0.205701 1.31362
0.075585 -1.78541 1.85525 -0.398479
-0.985492 2.07689 -2.24674 -1.0914
-1.70601 -0.111815 0.111815 -1.70601
1.26254 1.17774 -1.11566 1.091
-3.35758 -0.245225 0.102943 -3.36686
0.986718 0.353994 -0.443013 1.26966
-1.22789 -7.8882 7.53652 0.502159
0.905107 0.81292 -0.803608 2.28616
-0.638715 1.31847 -1.59431 -0.383324
-11.0003 -1.35232 0.341327 -14.5938
-1.11033 0.110996 -0.183465 -2.0351
-0.555717 -2.18408 3.50915 -1.42446
-2.46147 -1.3285 1.46805 -3.83416
0.192843 2.12552 -1.91646 -0.137559
1.534 0.107885 0.139337 1.68263
-1.25595 0.136845 -0.469512 -1.13498
1.201 -0.352572 -0.11219 3.47901
-1.14185 -0.166838 0.165124 -1.11344
0.047472 -1.09529 1.44557 0.086692
4.32528 0.096146 0.368493 3.73918
-3.78045 -0.478859 0.253265 -3.95364
0.0701 1.13818 -1.07571 -0.062135
1.65487 -1.02648 0.113093 1.98446
-0.858837 0.595577 -0.633783 -0.989362
1.68806 -0.322313 3.26846 6.4438
0.571974 1.61256 -1.60166 0.595829
-1.29154 1.43207 -0.645458 -1.37074
-1.82767 0.151602 0.327557 -1.82304
-0.341939 1.43483 -1.76701 -0.46641
-1.39917 -0.129454 -0.459771 -1.41838
-0.148101 -1.3866 2.60627 1.34989
-0.063525 1.15179 -1.14452 -0.026476
1.33854 -0.671378 -0.208184 1.74231
-1.09327 0.01286 0.163687 -1.35798
-1.12351 -0.700641 0.149355 -1.7994
-0.356945 -3.14441 1.76851 0.100418
-1.14094 -0.868312 0.781395 -1.4672
1.0645 -0.030433 -0.100496 1.80914
-0.125354 -2.62538 1.64185 0.080764
0.065147 -1.19513 2.37084 -0.50902
-0.018902 -1.7812 1.36762 0.365438
1.08542 -0.351202 0.227475 1.79848
1.3088 -0.586887 0.562991 1.19112
-1.41746 0.366522 -1.91572 -3.35508
-1.79907 0.316235 0.533514 -7.32581
0.303474 -1.24934 1.19379 0.638813
-0.966275 0.599967 -0.475073 -1.71681
0.085164 9.20619 -5.00946 0.086272
-0.144499 1.16375 -1.26178 -0.233758
-0.372478 -1.04365 1.04365 -0.372478
1.37702 -0.326238 0.151462 1.28133
-1.23205 -9.42583 11.2754 1.10063
1.61064 -0.35254 -0.035227 1.77952
-1.06368 -0.017076 -0.070306 -2.31503
-0.501027 -2.28161 2.00229 -0.122146
-0.030625 2.23255 -1.56007 -0.243068
-0.017071 -1.60735 1.58022 0.129984
-2.14994 1.02713 -1.39244 -3.32722
-1.41022 0.601218 0.446377 -6.19379
0.229219 1.67748 -2.40203 0.104038
1.16691 -0.079586 0.156468 1.70413
-1.07773 0.085746 -0.369147 -1.63499
1.03543 -0.150021 0.241795 2.02604
-0.888195 0.601584 -0.549153 -1.19969
-1.0609 0.531813 -0.531813 -1.0609
0.341043 -2.81555 2.4146 0.270016
-1.13307 -0.778128 0.392681 -1.98988
-1.1426 0.025122 0.207332 -1.19141
-0.933824 -0.787016 0.499 -1.36662
1.14496 0.097577 0.135594 1.27619
1.22507 0.011361 0.168279 1.4793
0.974125 -0.467664 0.809299 1.34093
-2.82921 0.933209 0.620736 -3.00687
2.88335 -0.083144 0.176442 2.70672
0.108864 -1.19182 3.05885 0.098415
-1.246 1.27694 -0.644735 -0.954925
-0.439817 -5.43708 4.01959 -3.80462
-1.71542 0.012817 0.500602 -6.73972
-0.376996 -1.08521 1.67744 -0.080186
1.14563 -0.757785 1.01582 1.44976
1.07529 -0.228229 0.713628 1.63184
1.8307 -0.060472 0.146696 2.50715
1.32536 0.630483 -0.295903 1.99623
0.262008 -1.0941 1.60852 0.261635
1.23439 -0.506782 0.772309 1.34096
-0.064499 -2.08468 1.45722 0.185343
-0.954244 0.534784 -0.695683 -1.40197
1.59339 0.644774 -1.43226 2.94489
-0.359188 1.56855 -1.50622 -0.559938
-0.149734 -1.24054 1.18641 0.053343
0.180786 -1.06171 2.18535 0.734025
0.270474 1.12703 -1.84611 0.084366
1.12433 0.881052 -0.282619 1.42295
0.083167 -1.02995 1.27366 0.177858
1.09901 -0.278334 -0.003641 1.61798
-0.029322 1.66901 -1.68843 -0.25279
-0.049785 -5.98106 3.24645 1.08583
0.3073 -1.1542 1.70275 0.468939
-0.33892 -2.35102 1.47991 0.089572
0.253893 2.36083 -2.10982 0.427851
0.203949 -1.05074 1.41234 0.235873
-1.24454 -0.447774 -0.070681 -1.91983
3.77225 27.8452 -17.8118 -0.015449
1.5676 0.386312 0.28364 2.33299
-1.01533 -0.464349 0.974413 -2.43589
-0.05203 -2.05482 1.8146 0.230502
1.07713 -0.068274 -0.08476 1.3221
-1.19167 -0.494914 0.179396 -1.41824
8.60896 0.172862 0.197893 12.7906
1.83104 2.05231 -1.1487 2.64931
1.55177 -0.327854 0.524211 1.63946
-1.23932 -0.244048 0.132704 -2.12914
-1.18764 -0.303164 0.387357 -1.81813
-0.426788 -1.30699 1.93486 -0.047914
1.07694 0.069112 0.107053 1.54569
0.167445 1.49835 -2.01214 0.075132
1.08058 0.098579 0.118102 1.25533
1.14019 1.76824 -1.17236 0.901642
-1.29315 -2.53649 3.38475 -3.56436
-0.043567 8.77773 -4.40663 -0.278899
-0.52084 2.71861 -2.1666 0.119964
1.86024 -0.306771 -0.391412 1.92558
1.03426 -0.242558 0.470747 1.36282
-1.22523 0.56175 -0.56175 -1.22523
2.00408 0.351401 -0.073855 3.41283
-0.436206 -1.66408 2.21148 0.303404
0.827822 -1.59431 0.893788 1.65049
-2.36772 0.574532 0.200714 -1.26945
-0.88196 -0.604727 0.856301 -1.21469
5.04806 0.308768 0.311562 7.96294
1.21102 2.09292 -1.83107 5.99083
-2.85932 -0.221166 0.089002 -2.8446
0.068399 2.26772 -1.86009 -0.264473
-1.21526 0.978049 -0.250679 -1.4659
-2.04916 -0.7208 -0.32721 -7.2764
-0.283116 1.627 -1.2971 -0.484267
-1.36543 -1.01932 0.418413 -2.15394
0.980419 0.459848 -0.450005 2.04618
-1.09121 0.043975 0.323326 -4.51188
1.1306 0.480149 -0.307716 1.18386
-1.78754 0.130723 0.555255 -7.53385
1.1841 0.415766 -0.319755 2.72462
0.174517 -1.41602 1.19653 0.320709
1.20078 0.700782 -0.312107 1.85575
-0.410535 0.99672 -1.12415 -0.414922
-1.06916 0.035681 0.222681 -3.53316
0.007345 -1.31626 1.63717 -0.058717
0.724786 1.04404 -1.68508 0.403386
-1.63873 0.665458 -0.992454 -1.32034
-0.126434 1.05109 -1.65434 -0.13541
0.864641 -1.00625 2.78141 0.280784
0.357685 1.31714 -1.02902 0.521084
1.27812 0.993873 -1.26376 1.06868
-1.36906 1.83378 -0.903558 -1.46568
-2.01847 -0.530923 -0.204876 -2.71226
-0.151585 2.05142 -1.40719 -0.372418
-1.68911 -0.894623 0.43047 -2.24166
0.340608 -1.30675 1.4569 0.283638
1.02922 0.562847 -0.759834 1.15669
1.62184 -0.459155 0.3895 2.03518
-0.103014 1.51952 -1.77889 -0.302562
1.0433 -0.02239 -0.031042 1.93765
0.746786 -0.969107 2.65955 1.011
-0.787118 -1.13328 0.916382 -0.91768
-0.169614 -1.11356 1.22392 0.052986
-2.0477 -3.14791 1.61043 -2.94313
-3.57337 2.61719 -0.731049 -4.42813
-11.5747 0.029024 0.142974 -15.7564
0.533515 -3.52917 3.65841 0.674328
7.76449 1.3518 -0.623252 14.5166
0.021558 -2.29318 1.69882 0.439825
-0.143431 -1.47563 1.36244 0.015258
0.155206 1.47846 -1.34585 -0.2558
-1.77419 0.717876 -1.02973 -2.33693
-0.287793 1.13105 -1.18286 -0.059706
1.4809 0.328253 -0.180207 1.3443
1.11525 0.149939 -0.005638 1.27244
-0.363625 1.29397 -1.17032 0.009408
0.030222 1.16279 -1.20094 0.221784
-1.15055 -0.423747 0.134872 -1.30762
0.804151 0.868712 -1.07398 1.36964
-0.665975 -0.902163 1.17193 -0.522677
4.39294 -0.276822 0.908347 6.86894
1.63874 -0.000217 0.225331 1.61185
-1.41581 -0.157566 -0.367924 -1.36645
-3.99479 0.04844 0.115153 -3.58187
0.116681 -1.32623 2.10387 0.236933
1.13234 0.111134 0.017523 1.22902
-0.558496 1.2845 -1.80696 -1.29549
0.216146 -2.98888 2.11559 0.346645
-2.60588 0.837709 -1.74249 -1.71978
-1.06843 -0.033453 0.157506 -1.30568
0.070619 -2.06562 2.10071 0.196344
1.10478 0.527134 -0.348742 1.66731
-0.878214 1.256 -0.706459 -1.74552
0.275895 -1.90666 2.8048 0.544955
-0.340934 -1.39258 1.34455 -0.052406
-1.06875 0.044357 -0.144444 -1.09289
0.112477 1.14565 -1.644 -0.201259
-0.208268 2.09142 -2.63102 -0.169921
-0.492047 -1.40068 2.35067 0.302232
-1.07406 0.031976 0.272112 -3.7134
-0.638086 -0.846365 1.05408 -0.75436
-0.164864 1.28396 -1.71337 -0.382136
-0.611762 -1.50715 2.0652 -0.048823
-1.20332 -3.71691 4.53293 -0.356333
2.80887 0.157795 0.176822 3.78587
-0.784417 0.745852 -1.09879 -0.866722
0.340175 -1.53111 1.31625 1.19714
1.45145 0.114787 0.029926 1.3974
-5.32201 -0.487872 -0.111681 -5.23456
1.08621 0.551554 -0.197309 1.54969
0.190256 -1.29069 1.15383 0.638733
0.805758 -0.665809 0.665809 0.805758
0.937047 3.72581 -3.38206 1.47328
-2.01124 0.791174 -1.37657 -2.09575
0.07265 -4.29194 4.39519 -0.029628
-1.83943 -0.251301 -0.308081 -2.18419
-0.18142 -10.6926 10.7153 0.797426
-0.16415 2.22094 -2.06199 0.011273
-1.54495 0.354394 -0.907057 -1.50563
-0.536703 -1.27402 2.96914 -0.409543
-0.15933 1.18287 -1.19825 0.110068
1.96594 0.225098 -0.188681 2.01315
1.95549 -0.191153 -0.234595 7.46403
-0.264669 -1.95331 1.9153 0.19635
0.187485 -9.70678 11.4962 2.3152
0.674711 0.90079 -1.17942 0.571275
1.03712 0.187122 -0.462227 2.41095
0.062838 -2.2734 5.67439 0.035443
-4.16223 -4.15905 1.98685 -5.28849
-0.175547 1.18463 -1.65579 0.368319
0.780179 1.4941 -2.2271 0.39353
-0.133024 1.40509 -1.48254 0.109298
-0.124161 -9.99071 6.61368 0.270731
-0.837371 -1.24401 1.10785 -1.10722
0.212088 -1.0456 1.70811 0.239215
-1.70077 0.996614 -1.40929 -1.81444
1.13498 0.351458 -0.456105 1.64346
2.04382 1.31516 -1.01644 2.52883
-1.15631 -0.193601 0.559331 -1.34481
-0.342208 -2.222 2.54887 -0.864622
-1.10136 -1.92423 1.14573 -2.24958
0.052011 -2.72317 3.12218 0.171119
0.073701 1.09282 -1.77546 0.038295
0.16127 2.01321 -1.26086 -0.202278
1.33879 -6.74294 6.74294 1.33879
-0.270269 2.00315 -2.20953 -0.175886
0.379354 1.0984 -1.17398 0.240674
-1.76214 -1.15283 1.09969 -2.25805
-0.18805 -1.055 1.08582 -0.199481
1.43899 -0.433827 0.322297 2.17831
-1.12822 2.41548 -1.68563 -2.80344
-2.11534 -0.057633 -0.180238 -1.20767
-2.94063 -0.086997 0.08928 -2.8991
0.218077 1.70017 -1.84394 0.675184
3.53002 2.36344 -1.9064 2.71377
2.85882 0.010659 0.116935 2.37584
-1.18564 0.0888 -0.080601 -4.88205
0.305397 -1.27586 3.73734 0.196495
1.57906 -0.494036 0.374289 1.54776
-1.07105 -0.038214 0.178421 -1.43926
-1.24745 -0.324691 0.905047 -3.89017
-0.069512 1.73097 -1.50664 -0.6018
-2.47375 0.736845 -1.04025 -2.82394
-3.09466 -0.941586 1.11211 -2.81947
-0.012609 1.18286 -1.98374 -0.14471
-0.07524 2.18327 -2.09571 -0.331808
0.346606 1.1033 -1.22055 0.574249
-1.22504 0.276095 0.081636 -4.63989
0.939293 1.0511 -0.958011 1.24972
-1.07488 -0.012451 0.35643 -5.00458
-0.308231 1.2515 -1.40309 -1.18281
1.65099 -0.776239 2.68354 2.87207
-0.258454 1.50929 -1.47803 -0.359289
0.138994 1.07172 -1.36077 0.359754
1.53214 0.051143 -0.256655 2.16137
-0.133131 1.11414 -1.33854 -0.210183
-8.9209 -0.812169 -0.827739 -10.4287
-1.15357 0.69734 -0.819886 -1.3672
-0.004754 1.33942 -1.13634 -0.349406
1.11596 0.558707 -0.974871 0.959148
-0.023658 -4.89635 6.39466 0.19393
-13.595 49.7344 -64.1296 -4.07173
1.06139 -0.184307 0.020285 1.28007
-8.08597 -1.82251 0.388226 -15.6441
0.383238 -1.41351 1.82812 -0.619737
-0.326532 -1.63884 1.95994 0.097841
0.032075 -2.34759 2.27045 0.149019
8.6685 0.067089 2.58219 18.5003
0.05657 1.79848 -1.2986 -0.156227
-0.031194 1.97558 -1.68632 -0.381387
0.077822 1.07693 -1.29568 -0.07873
-0.123006 -1.80892 1.54992 0.116471
0.13939 -3.09893 2.55128 0.045932
0.013158 2.3782 -2.18264 -0.325968
1.06125 0.050744 -0.166279 2.09475
-0.258548 -1.62852 1.66443 0.911539
0.652815 -1.36799 0.926343 1.32896
1.13459 -0.161188 0.180837 1.56356
0.178429 -2.2228 1.08898 0.441321
-61.0514 -16.5583 20.0433 -92.9934
0.962595 0.848615 -0.723673 1.99146
-0.509732 0.993498 -1.14596 -0.370729
4.85841 0.766988 -0.404113 5.64494
1.09397 1.67667 -2.37126 0.627431
-0.443788 0.973602 -0.984255 -0.458894
-1.24407 -0.533883 1.85659 -3.08714
2.05851 -0.478102 0.356552 2.36346
-0.798369 -2.53134 2.6748 -0.452863
-0.024446 -2.35584 2.64653 0.159375
-1.07482 0.030077 0.323648 -4.53775
-1.61123 2.64726 -1.90987 -2.29763
-0.123071 -1.2834 1.55612 0.096265
0.255023 2.94432 -1.76683 0.133225
0.03396 -1.74138 1.82845 0.107928
1.25338 -0.013197 0.006662 1.29771
-2.61351 0.180211 1.05486 -5.78722
-1.95943 -0.43066 0.278222 -2.21925
0.529167 -1.5557 2.20829 0.500639
-2.17381 0.031625 -0.170099 -2.84122
1.26297 1.33504 -0.496719 1.95758
-1.3628 0.72098 0.372252 -5.86222
1.53983 0.319848 -0.459572 3.20205
-1.13602 0.098763 0.122929 -5.5325
0.032454 -6.18864 5.6466 0.811516
-1.06712 -0.036916 0.273057 -4.27739
1.16398 0.07952 -0.239856 5.46355
1.06801 0.216054 -0.623423 1.4198
-0.168896 1.54362 -2.99503 0.494451
0.953639 -0.527724 0.483659 0.97951
1.07519 -0.275912 -0.104998 3.26661
1.50067 -0.33688 -0.127278 1.3999
2.03109 0.028614 0.96867 2.72582
0.805346 -0.872483 0.91664 0.827206
-0.980046 8.60028 -8.60028 -0.980046
-0.035407 1.37339 -1.73285 0.160134
-1.49765 -0.008083 -0.474253 -2.14414
-1.26383 -0.556177 0.32714 -1.77932
-0.200694 -2.30151 1.79921 0.295741
-1.45456 0.346594 -0.373565 -3.5123
-0.987252 -2.35142 3.2399 -0.164433
-1.09707 -0.453912 0.037229 -2.0025
0.993999 19.0583 -25.3304 -2.05596
-0.844227 -2.01396 3.84335 -0.012241
0.098576 -1.66652 3.59604 0.169581
-2.85117 2.1304 -2.50269 -1.52952
2.02105 0.14955 0.087608 2.13325
-0.872244 -0.874466 1.08213 -1.89957
-1.11184 -0.001995 -0.153701 -1.89558
-2.9194 -1.37218 2.94777 -1.08733
3.40886 2.44638 0.00113 4.5949
0.084589 -2.70707 1.98573 0.228254
-1.71695 -1.95023 3.00932 -1.04511
-1.60201 -0.089451 0.089451 -1.60201
0.041866 -1.28016 1.16717 0.375875
-0.94557 1.01432 -0.810651 -1.56832
40.6187 4.2122 8.79971 34.3952
-1.38853 -0.189567 0.405932 -5.73538
0.113441 -1.49065 1.22278 0.230793
-0.955607 -0.665301 0.61011 -1.67765
1.06464 0.280641 -0.23045 5.12218
0.159055 1.13137 -1.12167 0.340905
-1.15885 -1.37779 1.88484 -0.916428
2.34334 0.227689 -0.34658 1.68292
-0.135829 2.29583 -2.23074 2.13182
-0.313241 -1.22149 1.13618 -0.639917
0.353312 -1.45729 2.19055 0.252607
1.27745 0.042486 0.065643 1.56305
-0.044846 -1.13823 1.3012 0.228179
-0.47744 1.9408 -6.8867 -0.463504
-0.84036 -0.955337 0.688497 -0.998987
-0.963196 0.782124 -0.57003 -1.7017
-0.244782 1.16651 -1.59686 -0.069617
1.89144 -56.9258 28.4715 -4.02798
-0.341022 -2.51465 2.9554 -0.744167
-1.22107 -0.592157 0.306716 -1.83113
0.17192 2.1459 -6.42641 -0.901841
-1.20418 -0.600216 0.180477 -1.8051
-1.20697 -0.128144 0.050084 -5.36593
-1.57315 -0.239602 -0.213994 -1.30012
1.07536 0.956919 -0.488002 1.15578
-1.07298 5.27486 -6.63862 -1.36262
0.966672 -5.22067 11.8602 6.59424
0.027615 -2.41106 2.08897 -0.035855
-1.35744 -0.064445 -0.148065 -1.88712
-0.123093 1.51032 -1.12453 -0.289772
-0.111196 2.00076 -1.06141 -0.168768
0.805925 -0.933913 0.694896 1.23203
0.447021 -1.06762 1.24832 0.285797
-1.06216 0.01917 0.308003 -4.31403
1.06996 -0.127163 0.291092 1.18439
-0.493964 -2.01353 3.95437 -1.47749
-2.33937 -0.194423 0.00895 -2.84117
0.373956 -2.84929 13.7421 1.91313
-0.241724 -2.89605 1.73833 0.196723
0.276782 -1.14596 1.98076 0.275322
-1.99512 -0.244489 0.19161 -2.15326
-0.317821 -1.95951 2.29926 -0.006999
-0.032578 1.04393 -1.19776 0.004701
0.009324 1.14548 -1.60031 -0.071843
-0.706586 1.51337 -1.42078 -1.5594
1.12513 0.205469 -0.007077 1.83923
-0.685318 -1.31975 1.04699 -1.06529
-3.76362 -0.534886 0.605984 -3.13037
-0.11391 2.14535 -1.5052 -0.254124
-0.7603 1.46794 -2.9814 0.393943
0.024241 -2.32787 2.57484 0.27632
-1.61712 -0.370895 -0.064831 -6.08311
1.03697 -0.285645 0.42482 4.15801
-0.605528 1.29694 -1.0349 -0.750136
0.059641 2.99263 -1.84591 -0.383728
-1.45795 -1.68975 3.12845 -0.506545
-0.205232 1.17549 -1.73924 -0.231364
-0.093384 -1.51246 1.35596 0.16022
-4.85155 0.656503 -0.462934 -9.43968
-0.409401 5.15902 -5.15902 -0.409401
0.352791 -3.14877 1.81563 -0.362604
1.72492 -0.883549 1.25102 1.35436
1.07147 -0.231495 0.091811 1.13973
-1.17532 0.216038 0.105709 -5.27796
-0.060325 -1.15614 1.3842 0.159489
0.49383 -1.47669 2.19079 1.64595
1.07769 0.188912 -0.030556 1.24978
-0.561098 4.22897 -16.1252 -2.28273
1.06961 -0.11936 0.034559 1.47697
1.24286 -0.299062 0.12586 1.14112
-0.082241 1.25823 -1.08352 -0.315856
0.083972 -1.07212 1.90935 0.353309
1.38326 -0.240815 0.20911 1.9198
-1.08847 0.466095 0.080239 -4.84058
-6.19223 0.045749 -0.329675 -9.25991
0.65974 0.91534 -0.920254 1.05886
-0.181903 -1.93842 1.33372 0.322845
1.04054 -0.534742 0.488905 1.15785
1.29909 -0.349417 0.415543 1.91062
-1.08338 -0.096769 -0.07736 -1.38897
-0.60679 5.49848 -10.7095 -1.63834
-1.49881 -0.093257 -0.189856 -1.6116
0.373809 1.03118 -1.27216 0.397706
-1.3567 -1.21453 0.354884 -2.50654
-0.058281 -1.09373 1.83116 0.22127
-0.198107 1.2768 -1.23945 -0.252853
-0.52444 -1.24706 1.36924 -1.89422
-1.20239 -0.221582 0.221582 -1.20239
-3.0389 -0.290336 -0.612443 -2.79725
-1.05806 0.10524 -0.227546 -1.54365
1.41775 0.158041 -0.287523 5.93248
-0.179124 -1.08271 3.06127 0.416143
-1.06774 0.025316 -0.064198 -1.28049
9.79865 0.726053 0.047913 11.2424
-0.093372 2.14769 -2.70723 -0.68826
0.415097 0.989973 -1.96943 1.3322
-1.22951 -0.717864 0.318966 -1.14249
1.08887 -0.120226 0.256124 1.65794
0.08609 1.19514 -1.23545 0.487852
1.61763 -0.136469 0.300475 1.26404
1.64188 -4.13213 2.39652 0.852099
-0.153831 -1.82439 1.72165 0.138834
0.952863 -4.69217 4.62164 0.500116
-0.429039 1.63845 -3.45851 -0.126336
-1.43481 -0.145059 -0.016514 -1.37409
-1.30285 -2.02459 1.17043 -2.13962
-1.35281 -0.969826 0.322863 -2.26867
0.206918 -3.25822 1.90637 0.285424
1.30783 0.414988 -0.983045 1.10305
-0.844055 1.35759 -1.39529 -1.76427
0.205817 -1.04485 1.48369 0.202268
-0.455021 -2.05011 1.80274 -0.051944
0.616872 1.04107 -1.0985 1.20109
-0.527443 -5.17165 22.0008 2.49632
-0.007537 -2.45825 2.68203 1.55226
1.09893 -0.544002 0.372476 1.9634
-1.03894 1.08387 -0.87317 -2.10705
-1.23179 -0.072115 -0.093583 -4.61155
-1.28622 -0.141825 -0.088643 -1.22845
-2.63708 -1.83897 -0.659951 -2.95518
0.399214 -3.61725 3.53728 0.182209
-1.15695 -0.620475 0.098325 -1.79213
-0.159555 -1.42187 2.09004 0.019578
1.07211 -0.032451 0.114713 1.10019
-0.173963 1.04698 -1.84564 -0.266024
1.27793 -0.455925 -0.352834 2.10617
1.06144 -0.010813 0.086803 2.36232
1.37471 -0.190003 0.233164 1.34377
-1.10434 0.416216 -0.000795 -3.95724
0.364618 10.6383 -8.75719 -1.37873
-0.124236 -2.39816 1.81741 0.251344
-1.44069 -0.000293 -0.173528 -1.27872
-1.02204 0.430674 -0.372864 -1.77009
-1.16495 -0.492527 1.76312 -2.86932
0.426586 -1.36881 1.61942 0.244924
1.64685 0.744691 -0.737478 1.47908
1.11017 5.07325 -2.69971 1.17221
-2.96777 1.07494 -1.55781 -2.71133
1.18824 -2.72582 1.73681 -0.530441
0.923292 0.672529 -0.896629 1.07835
1.45454 0.097375 0.060181 1.63248
-0.036182 3.04416 -3.05601 -0.564921
-6.22591 -0.059481 -1.26126 -8.6861
1.10417 0.118624 -0.648271 1.93553
-1.97934 -0.399299 -0.163638 -1.52989
1.36699 -0.209707 -0.048533 1.11086
-0.272389 -1.0654 2.50501 -0.805676
1.11302 0.073434 0.021193 1.29322
-0.671323 1.75252 -1.86678 -1.07275
0.318227 1.96168 -1.29254 0.643574
0.340527 -2.34719 2.63671 0.165515
-1.09994 -0.232784 0.188548 -1.64617
-1.11163 -0.666341 1.13765 -3.68644
-1.74463 0.050305 0.469529 -6.50322
-38.7818 -9.55477 9.75703 -77.5998
1.13157 0.058688 0.09472 2.2067
0.833142 -0.725062 0.898239 0.867598
-0.108426 -2.04498 1.09233 0.184643
-0.03692 2.39601 -2.94056 0.993804
-0.0517 1.09144 -1.42291 0.083345
0.030546 1.08523 -1.53122 -0.183111
-0.354501 -1.29107 1.64049 -0.052927
2.34442 0.119104 0.186257 2.87734
0.863094 -1.49814 1.08246 1.46431
-1.01022 -0.899443 0.660066 -2.06989
-0.053521 -2.66899 1.65511 0.431296
1.68456 -1.43553 -0.04733 5.3232
1.41313 -0.483759 -0.81914 2.64537
1.28465 0.04251 0.03329 1.52438
-1.15728 -0.670801 0.685498 -2.99636
2.11281 -1.29069 -1.26781 3.6746
-0.269489 1.19349 -1.42056 -0.350283
-0.314372 -1.84121 1.45594 -0.135923
0.156581 1.92141 -1.28887 -0.190241
1.24048 -0.672613 0.330278 1.12687
-0.093476 5.74436 -2.67513 0.166389
-0.320452 -1.73027 1.3514 -0.283132
-0.490601 12.7215 -12.071 -1.64466
-0.353326 -1.71878 1.66497 -0.55293
-2.4875 1.69131 -1.65467 -2.91551
-0.031844 2.94942 -1.24302 0.393167
1.90089 -0.053823 1.7112 1.5221
1.70904 -1.50846 0.20998 4.374
-0.245645 1.05009 -1.35398 -0.220221
1.33781 -0.651284 -0.067904 2.06407
-0.360559 -1.44583 1.89026 0.093961
0.011555 1.14002 -1.31342 -0.014593
-0.617472 1.64236 -1.13676 -2.13371
-0.524834 -3.21673 15.2396 1.79744
-0.919796 -0.859479 1.10531 -1.09039
0.040724 2.20867 -2.17355 -0.40456
0.025428 1.29318 -2.66413 -0.149725
1.06782 -0.249498 0.031941 1.73583
0.1234 -1.3525 1.31908 0.346615
1.06449 -0.104258 0.17421 1.497
-0.248918 -1.1898 1.38615 0.0188
0.056772 -1.77576 1.69261 0.161375
-1.07245 0.218512 -0.079615 -1.14229
-1.49366 -1.0948 1.92924 -5.1556
1.09864 0.099449 0.070799 1.39474
-0.028508 1.33529 -1.44844 -0.304218
0.325413 1.14346 -1.31025 0.003669
0.681596 -1.30592 1.76883 0.865248
-1.08446 -0.113669 -0.128012 -1.61002
1.48138 0.311843 -0.453698 1.79949
0.629469 -1.009 0.848831 0.788491
1.09736 -0.010761 -0.164448 1.24761
0.359904 -3.31925 4.60453 0.103551
0.001038 -7.53271 27.0211 2.36952
-1.81769 -1.01565 1.27401 -3.9459
0.329164 1.00543 -1.21704 0.413377
-0.959299 20.7821 -15.8636 -5.50323
1.69187 0.106397 0.062104 1.68204
-0.999361 -1.39021 1.9146 -0.439606
-1.09955 0.065238 0.217435 -2.31498
-0.120026 1.14985 -1.12831 -0.298094
-1.26366 0.320189 0.358323 -1.61281
-1.05833 0.207301 -0.314208 -1.6318
0.13521 -2.13686 2.13686 0.13521
0.318934 1.61485 -1.43997 -0.075974
-0.390343 -1.86002 1.46455 -0.359062
0.651598 1.21426 -1.1411 0.429024
-0.077413 -2.00675 2.1101 0.222223
-2.74413 12.1567 -25.9053 -0.266272
-0.831351 -0.734319 1.0949 -1.37562
1.31897 -0.397442 0.402628 2.0428
1.15024 0.130921 0.387888 1.74644
1.38348 0.011278 -0.120415 1.66534
-1.1554 -2.59091 3.28626 -1.13452
-1.06217 -0.001745 0.38756 -5.25771
-0.988326 0.94487 -1.50296 -1.05158
-0.203945 1.04582 -1.25792 -0.150606
-0.234294 1.20443 -1.29054 -0.12055
-0.064937 -2.0849 1.25362 0.01919
2.06717 -0.988562 1.04317 2.21172
-0.139225 1.35844 -1.5277 -0.129201
-0.413082 -7.60762 9.28578 -1.10773
-1.48941 0.315137 -0.341534 -1.78623
0.830616 1.69912 -0.777844 0.971224
-1.19635 0.191003 -0.575646 -1.33277
0.217358 -1.20701 1.21423 0.386026
1.911 0.817277 0.060081 1.2263
0.84981 -1.10528 0.747602 1.74033
0.062632 1.52379 -1.07005 0.060567
-0.18557 -1.36031 1.19182 -0.101634
0.155169 -1.13957 3.40067 1.85805
1.10476 0.607961 -0.1158 1.96753
-2.60643 -0.590283 0.653246 -1.88165
0.283136 1.39164 -2.02323 0.095766
0.922402 -1.23196 1.58975 1.25747
0.123208 -1.28236 1.10671 0.176223
1.15909 0.01662 0.024148 1.47634
1.06598 -0.246606 0.09156 1.28717
3.3543 43.452 -61.5331 -7.08531
0.209094 -1.30522 1.54408 0.207871
-1.30806 0.386637 -0.364864 -2.05741
-1.13467 0.151667 0.065406 -1.24076
0.635278 -2.53076 1.65013 -0.839535
-0.599617 -1.86061 1.22075 -1.27444
-1.20892 0.301082 -0.039435 -1.23289
1.03637 0.221632 -0.229971 1.4314
-0.221133 1.72067 -1.35089 -0.765867
46.3601 0.098557 9.33104 63.5332
-0.485989 0.948452 -1.10667 -0.502847
-1.37504 0.021187 -0.204282 -1.08044
2.45313 0.198008 -0.034389 2.33783
1.07963 -0.003652 -0.108824 1.31221
-0.083305 1.07238 -1.81205 0.011805
-0.083808 1.56797 -1.74016 -0.298132
-0.143904 2.30049 -1.71152 -0.136348
-0.010876 1.70086 -1.95225 -0.145715
-1.85282 3.0296 -3.0488 1.39936
9.09323 0.043042 -0.034127 11.4448
-1.57285 0.472209 -1.76032 -1.21046
0.14765 1.92762 -1.45198 -0.260494
-1.91726 -1.06905 1.5838 -2.97945
-0.673892 -1.77089 2.84817 1.46337
1.05631 0.153386 -0.279688 1.32646
1.04666 -0.902791 1.46294 1.08792
-1.73463 -0.193991 0.024439 -1.24492
1.02825 0.70615 -0.406282 1.26724
-0.51355 -1.28377 1.85131 -0.200202
1.704 0.108495 -0.014018 1.28903
-0.010854 1.1899 -1.74632 -0.099945
0.051641 3.00987 -1.90698 -0.29172
-1.02385 -0.659735 1.09493 -1.56955
-0.393587 1.77916 -1.78969 -0.327827
-0.995405 -0.517372 0.527624 -1.85011
-0.134382 1.20729 -2.1693 -0.294874
1.05958 -0.008236 0.153444 1.97635
-1.12239 0.181133 -0.468301 -2.84621
-1.344 -0.037247 0.473876 -1.29978
-1.11014 0.477288 -0.55493 -1.71586
-0.430279 -1.14169 2.23483 -0.067235
1.34246 -0.519705 0.709076 2.2946
-0.847008 -0.982422 1.68325 -4.18831
-0.194537 -2.034 1.52111 -0.035077
0.970888 -1.07018 1.84119 0.252185
1.31203 0.568258 0.342829 1.92466
1.91302 0.098604 0.006879 1.11713
0.58263 -2.1052 2.55268 0.94815
-1.14081 0.007704 -0.007704 -1.14081
1.07055 0.162305 -0.288618 1.24227
-0.084999 1.49409 -1.66139 0.271158
-0.096175 -1.27621 1.24692 0.23457
-0.934046 2.15362 -1.56068 -2.7301
-1.15363 -0.146557 -0.130512 -1.99483
4.56262 -8.00623 11.8464 -0.3701
-1.70758 -0.009844 -0.503526 -1.65466
-1.05824 -5.68866 7.71461 0.476839
-1.42863 -8.55573 14.8895 1.12203
0.060963 2.40252 -1.50968 -0.270907
-1.02585 0.688669 -0.817552 -1.66958
1.06051 -0.050651 0.148601 1.78714
2.52499 -0.083388 0.17137 2.15638
-1.20224 -0.121168 -0.085905 -1.20297
0.204909 -1.62845 1.27881 0.634925
1.64704 0.104438 -1.0501 1.28722
-8.31259 -1.53487 0.333671 -15.9472
-2.5038 -0.618052 0.113075 -7.48541
0.184106 2.04008 -1.44347 -0.036692
0.935453 -5.009 6.98931 0.718529
0.24303 -2.50622 3.12086 0.898246
-1.23735 -2.73124 4.60345 2.01127
-1.26723 0.344037 -0.54333 -1.57643
-1.06361 0.146489 -0.196479 -1.33494
-1.01506 0.366973 -0.37941 -1.52181
1.74917 1.59295 -1.0424 2.51502
-2.6823 -8.70916 2.91194 -1.18138
-1.9942 -0.131458 -0.225242 -2.32764
-0.362128 1.35645 -1.1013 -0.980344
-0.964297 0.505906 -0.455794 -1.15787
-0.363649 -1.33843 1.99871 -0.250468
-1.85893 -0.063182 1.80598 -3.54004
1.3654 -0.203827 -0.696059 1.66912
-0.000687 -4.64899 5.86518 0.623475
1.0662 0.004285 0.160514 2.53679
-0.364469 1.21212 -1.23133 -0.161767
1.02929 -0.677762 1.03211 1.56318
-0.465581 0.95132 -1.09957 -0.529814
1.12132 -0.133294 -0.464853 2.36652
-0.222314 -3.62361 3.05307 0.95081
-0.290344 -4.44061 3.75396 0.384318
0.27528 1.90548 -2.37136 0.125448
0.037628 -1.90107 3.03721 0.340066
5.75531 1.01646 -0.511506 4.61132
-0.312452 1.56445 -1.17402 -1.05838
1.73503 -0.67672 0.455573 1.51362
1.04371 0.048251 -0.062251 1.54161
-1.68693 -0.364577 0.332007 -1.02528
1.16383 0.013286 -0.190434 5.4747
-2.04544 -0.46428 0.511323 -1.48006
-0.190798 1.23143 -2.46652 -1.43108
1.03435 -0.510438 0.688159 0.999341
-0.140285 1.14092 -1.17856 0.033068
0.669508 -1.08313 1.3351 0.274793
-1.47263 0.196156 0.829583 -1.69538
0.091967 1.2281 -1.47823 -0.037122
1.37485 -0.39338 0.546524 1.71508
1.09824 -0.410066 -0.104609 3.12727
-0.750058 -1.09213 0.797797 -0.705263
-0.178769 -10.2864 14.1693 -1.50842
0.464951 -0.94506 1.48256 0.8095
-0.117263 3.17012 -2.86537 -0.686939
-2.82399 2.71517 -4.33981 -2.15237
0.856795 -1.30741 0.732289 1.70736
0.360524 3.305 -4.50902 -0.705227
1.06194 -0.018609 0.14565 1.83092
1.06156 -0.424798 0.35269 1.62117
1.81738 -0.193688 1.01113 2.16056
-1.03805 2.06778 -2.552 -1.08582
1.11495 -0.11579 -0.065623 1.30497
1.12489 -0.327548 -0.126133 5.3193
1.21847 0.942568 -0.26309 1.73142
-1.15208 0.382118 -0.098342 -1.95055
0.422005 -1.33089 3.80505 -0.192635
0.134901 1.4904 -1.92098 0.05436
-0.082272 1.29118 -1.199 0.063936
1.5739 -1.53324 2.71268 0.321488
1.33091 0.654107 -0.330207 1.31282
0.852063 1.17486 -0.764218 1.21756
-1.28401 -3.36833 3.9921 -0.040287
2.01664 0.20382 0.011473 1.67432
1.76695 0.877906 -1.06854 2.13137
-0.961833 2.0664 -1.69974 -2.23592
0.874373 1.19003 -1.0826 0.509251
-15.6184 -0.267447 -2.9394 -21.4967
-1.7019 -0.345522 0.124688 -1.07827
-0.038198 2.45661 -1.57681 -0.341753
-7.76549 0.112261 -0.520934 -9.41476
-4.96568 0.658183 -0.559409 -7.75615
-0.632905 -0.982367 1.34768 -1.65692
1.33314 -0.272942 0.079706 1.72379
0.11036 1.20179 -1.25496 0.5165
-1.4247 -0.91846 1.49929 -0.8325
-1.11744 -0.050085 0.834523 -2.79841
0.365671 -3.293 2.518 -1.06659
-1.24035 0.013495 0.282118 -1.15485
-0.114572 1.4123 -1.39957 -0.140516
1.89164 0.176327 0.1768 1.87213
-0.000939 1.09018 -1.3619 -0.115969
-1.54781 2.69125 -3.95254 -1.11785
-2.59445 -1.00342 -0.009522 -4.50194
0.111735 1.98854 -2.41585 -0.230806
1.00495 0.557126 -0.372827 1.41958
-0.1067 1.35043 -1.46111 -0.949658
-0.791769 -3.86213 7.95854 0.960992
-1.98375 -0.132709 -0.330208 -1.81673
-1.129 -0.195375 -0.041441 -1.76181
1.02989 0.223323 -0.288625 1.41878
-5.81454 2.96495 -6.71229 -5.3191
-0.133893 -1.08522 1.32047 0.074224
-0.186344 -1.19106 1.33855 0.022244
-0.086113 1.51517 -1.31346 -0.507595
0.815954 -1.26608 0.757455 1.49955
1.40081 -0.554659 0.566199 2.35327
-0.141281 1.11983 -1.43926 0.130887
-1.06048 -0.787645 0.62625 -1.34702
-0.446838 -1.20836 1.19796 -0.428135
-0.053365 1.23228 -1.55092 -0.069863
0.086715 1.20816 -1.27734 -0.123786
1.34627 0.045643 0.122654 1.901
-0.042859 1.72121 -2.8026 3.18087
-0.905296 -0.752572 0.752572 -0.905296
-1.15951 -0.13072 0.074245 -1.42713
-0.345402 -1.19381 1.46862 0.028378
0.210344 -1.61984 1.1438 0.904794
-0.749926 -1.24262 0.880498 -0.613854
-1.03081 -0.125725 0.198678 -1.22451
-1.19159 1.83047 -1.09531 -1.53584
-1.06448 -0.3864 0.422358 -1.71224
-0.18701 1.68913 -1.31722 -0.024334
-0.111692 -1.38149 1.18692 0.087435
-0.077557 -1.94881 1.29866 0.333918
1.46502 -0.297734 0.918051 1.57878
-0.110719 -1.58147 1.19103 0.360801
0.076398 3.19374 -1.94417 -0.320103
-3.15713 -1.50782 3.24153 -1.22734
-1.10659 0.00268 -0.00268 -1.10659
1.13459 -0.026586 -0.204253 1.3145
1.43038 -0.910397 0.88766 1.68624
1.01039 0.919174 -1.02373 2.9818
-5.01995 0.310961 -0.482843 -7.80934
0.050731 1.3787 -1.06836 0.026483
1.03902 -0.573384 0.573384 1.03902
-1.26908 -0.091404 -0.427149 -1.98817
1.35383 -0.368496 0.516648 1.67043
-0.204411 1.38356 -1.82873 -1.21806
1.00524 -0.304423 0.380452 2.04283
-0.444645 1.31128 -3.86409 -1.18267
-0.425242 -1.39481 1.00829 -0.38977
-1.39032 0.642405 0.087399 -1.73595
-0.075109 1.25818 -1.07004 -0.272001
-2.42251 3.30031 -16.3178 -1.87787
1.21899 -0.433747 -0.711626 3.05211
1.25912 -0.248052 0.519466 5.02684
0.069803 -1.11122 1.76179 0.204702
-0.826855 -0.719567 0.699242 -0.872439
1.2319 -0.114943 0.221109 1.48858
2.12627 -3.18577 2.10434 0.50067
-1.03472 -1.47844 2.23115 -0.18924
-0.596823 0.956744 -1.24139 -0.699233
-0.122792 1.89674 -1.66321 -0.386388
2.64344 1.71338 0.250129 2.77878
-0.097331 -1.33431 4.56893 0.093234
-0.001146 -2.06506 1.80086 0.234102
-0.518316 -0.977062 1.4534 -0.42486
1.04729 -0.184526 0.181589 1.20993
-0.103765 -1.68553 2.25705 0.195768
1.03005 0.503191 -0.328781 1.20129
0.458616 5.41536 -4.65806 -0.889789
-0.303294 -1.22438 1.19318 -0.100635
-0.32823 -1.22817 1.61443 0.24117
0.848607 0.894392 -1.31769 0.55786
-1.20171 -0.189063 -0.23799 -1.96417
2.10631 -0.136933 0.077623 2.4292
-1.47065 -0.122538 -0.231298 -2.32634
1.23757 -0.449262 0.046414 1.21017
1.11337 0.56019 -0.968514 3.07971
-0.13522 1.94112 -2.03267 -0.243056
-1.30858 -0.130362 -0.062503 -1.50049
-1.79105 -0.19325 -0.038335 -1.09602
0.148824 -1.03836 1.25841 0.292665
-1.12062 0.162671 0.10133 -1.68524
0.053357 1.42327 -2.26092 0.236117
-0.291171 1.10734 -1.97178 0.072014
0.008237 -1.16364 1.16364 0.008237
0.998731 1.11683 -1.09124 1.89384
-1.06472 -0.305254 0.094734 -1.49634
-0.594296 1.72737 -1.23884 -1.03045
-0.003868 2.08456 -1.30145 -0.02713
-1.6738 -0.106312 0.106312 -1.6738
1.11286 -0.158272 0.265822 2.19442
0.342975 -1.04485 1.18512 0.41556
-1.1139 0.071339 -0.037607 -1.96026
-0.566376 1.41043 -1.08541 -1.66345
0.261233 -1.17685 4.14734 0.320133
1.15652 -0.146831 0.443822 1.53591
-1.06139 -0.570676 0.560752 -1.02792
-2.13528 0.008122 0.702806 -2.96142
2.57939 -0.009065 0.385052 2.35074
0.429489 -1.17988 1.56747 0.02624
-0.221405 -2.19106 1.2689 -1.403
1.07373 0.352028 -0.50667 1.09071
1.40211 -0.009111 0.148865 1.53728
0.874475 -1.55956 1.57183 0.475255
-3.15128 0.47545 -0.34818 -8.21231
-1.17931 -0.63868 0.419165 -1.3495
0.459249 -0.950764 3.0709 1.49012
-1.43812 -0.621567 0.086133 -1.70138
-0.562247 -3.09979 2.30837 0.093526
-0.03857 -1.20634 1.30925 0.185039
1.11232 -0.144096 -0.098033 1.20338
2.6075 -2.19091 -0.723107 3.01923
0.98953 0.787455 -0.462001 1.35831
-14.5111 -11.6535 19.3727 -13.8148
0.951624 0.919878 -0.782439 2.26698
1.42312 -1.62021 0.999158 2.41981
-0.451755 0.962019 -1.17424 -0.639228
0.158735 1.21264 -1.20623 0.101975
0.067274 1.09752 -1.04897 0.097106
-1.16087 -0.108871 0.37838 -1.58413
1.27192 -0.766304 0.649385 2.25638
4.66423 0.8342 2.8437 21.3424
-0.554381 -3.31013 4.63251 0.695217
-1.39799 0.313339 -0.313339 -1.39799
-1.05798 0.000852 0.168346 -1.40744
-0.02048 1.04124 -1.43893 -0.046163
0.494077 3.82356 -7.98255 -1.10452
0.390513 -1.00557 1.43754 0.670408
1.36839 0.227395 -0.388977 1.22894
0.089772 1.12692 -1.08898 0.141904
-0.177652 -1.39706 1.3788 0.05161
1.23676 -0.084192 0.09336 1.32309
0.0447 1.20348 -1.15789 -0.138074
-1.92044 -0.186938 0.054724 -1.28577
0.635454 0.850954 -0.969287 0.760934
-1.24489 -0.495957 -0.258682 -1.77105
-1.65587 0.009511 0.010919 -1.45914
-0.301651 1.03637 -1.71918 -0.906965
-0.082824 1.12297 -1.67054 -0.070118
-0.952805 -0.581054 1.02973 -1.48487
-0.363998 -1.22723 2.38517 -1.2255
-0.647763 -1.10454 1.45661 -1.46134
1.36872 0.083999 0.215225 1.53754
0.664377 -1.09767 1.64889 0.106551
-1.38098 -0.069628 -0.15985 -1.39628
-1.30554 0.030165 -0.101948 -2.56537
1.08941 -0.359436 0.25448 1.29628
2.49844 -0.577437 0.354313 3.68762
0.387552 1.56454 -1.70155 -0.067391
-1.77199 0.227389 -0.482527 -1.42606
-0.727256 1.40247 -3.05531 -0.549662
-1.52942 0.482411 -0.29269 -2.79569
1.09206 0.025868 -0.178464 5.15552
-4.0771 -0.443476 0.2264 -3.86622
0.434342 -1.16641 1.72965 0.679986
-0.033385 -2.08944 1.35758 0.129033
1.10488 0.079741 -0.210477 1.12662
-1.3965 1.23425 -0.173034 -2.16666
-1.96909 3.26196 -1.98802 -4.09373
-1.12935 0.265839 0.282709 -2.14323
0.199888 -8.80754 9.57292 0.296469
-0.268703 2.33279 -3.55961 -0.7845
-2.18874 -0.508702 -0.061751 -2.11437
-0.669427 -1.31439 1.16477 -0.921094
-1.35137 0.324585 -0.360044 -1.8799
-0.494626 2.55649 -2.65422 -0.484287
-0.042116 1.07972 -1.16753 -0.123074
-0.929177 -0.618926 0.651817 -1.14339
1.36955 -0.152375 -0.16438 4.83306
1.59599 -3.96261 12.7616 0.955185
-1.16434 -0.161411 0.038694 -1.05982
-1.28472 -1.26202 3.85687 0.411774
1.24293 -0.02834 2.51243 4.94597
2.38702 0.123303 -0.035301 1.90562
0.072849 2.77441 -1.81588 -0.23509
-0.757118 1.127 -0.88466 -1.31893
-0.141483 2.26833 -2.45432 -0.338327
-1.80862 0.305387 0.502914 -6.63251
-1.52897 0.096528 -0.063464 -1.7192
0.093353 -1.23697 4.3295 -1.37742
1.06679 0.105663 -0.235967 1.79581
0.244734 -1.16126 1.11693 0.084329
2.01764 0.141252 -0.142069 2.22826
-4.41026 -0.132757 -0.402795 -3.96917
-0.049196 1.38108 -1.42808 -0.238166
0.1518 2.90482 -1.44031 -0.013986
-1.37688 0.845454 0.090463 -2.1743
-1.08126 0.00911 0.180525 -1.25826
79.7725 -0.650171 18.0686 86.1048
-2.56942 -20.7971 76.4747 3.79757
0.303212 -1.56595 1.29153 0.517007
0.350326 -4.45993 4.43505 0.181131
-0.142208 -1.75143 1.81907 0.492683
-1.54253 -2.62583 3.27249 -1.47795
-3.00059 2.8677 -0.06895 -3.99058
1.06225 -0.951391 0.42216 3.72242
-0.861831 -1.96201 1.2171 -1.75592
-1.67133 -0.102868 0.102868 -1.67133
0.045436 -1.10237 1.31499 0.160894
1.57133 0.107741 0.118583 1.80027
-1.20517 -0.106737 0.236957 -1.05278
-0.261851 -2.07776 2.15289 0.212956
-0.161314 -3.15113 3.9045 -1.73042
8.60613 -2.38659 3.33249 11.6805
0.4652 -4.03478 4.03478 0.4652
-1.45382 -3.81843 2.515 -5.13697
0.083118 -1.882 1.0804 0.533326
1.75661 -0.15557 0.32022 3.01504
-0.21111 -2.05826 2.59922 0.11165
0.673601 1.39517 -2.12355 0.304399
0.186829 -1.21976 1.0889 0.343367
0.519805 1.43214 -1.29043 1.63208
-1.11838 -0.541542 0.510184 -1.83592
-1.80531 0.311644 0.545856 -7.31258
0.013651 -1.32393 1.08321 -0.084486
0.14203 -1.30231 1.13264 0.366549
-1.20442 -0.191159 0.038891 -1.1158
-1.0375 -1.27254 1.27057 -1.97272
-0.21734 1.40724 -1.82361 -0.324101
-0.072574 1.26189 -1.19213 -0.274631
0.174879 -1.47402 1.30698 0.295491
-0.756089 -0.783791 0.878605 -1.28254
0.309363 1.30954 -1.32796 0.506923
0.702647 1.5073 -0.966657 0.726679
-1.68867 -0.218562 -0.005256 -1.67383
-1.17562 2.3554 -1.59431 -0.897897
4.2452 -0.066309 0.40743 4.84397
0.412745 1.4078 -1.59771 1.44768
-1.08175 0.142185 0.002235 -1.32105
-13.5158 -0.064962 2.35532 -11.8665
-0.101927 -2.09297 4.03385 0.368514
-0.155349 -1.08862 1.18392 -0.02489
-1.39226 -0.377728 0.006736 -2.15073
0.588687 -1.23279 0.93915 0.780658
9.19644 0.690935 1.47299 12.2042
-1.01576 0.436703 -0.371662 -1.92661
0.049219 1.38642 -1.52981 -0.069691
-1.09785 -0.083374 -0.121582 -1.29992
1.35159 0.0695 -0.024386 1.51183
0.142221 1.35935 -2.54024 -0.054475
-1.14441 -0.227872 0.825413 -2.57352
-4.16187 0.29873 -0.13788 -11.1303
-1.16422 -0.249189 -0.044057 -2.15512
-0.025302 2.81168 -2.12664 -0.399084
-0.098988 -2.14853 1.6376 0.219063
0.156631 1.40236 -1.52799 0.033697
1.291 -1.00976 1.20618 1.37662
-0.74596 1.6254 -1.19371 -1.65952
1.39881 0.59236 -0.669951 1.32223
-1.04777 -0.380277 0.161319 -1.61287
-1.10335 0.192125 -0.033845 -1.20939
-1.02384 1.8419 -0.617984 -2.19451
-10.0118 -0.043213 -2.12829 -11.8907
-0.178078 2.88952 -1.7297 -0.362241
-2.30924 0.709566 -0.617359 -5.46299
-0.083867 -2.45873 1.55196 0.263229
-1.12365 0.238481 0.08869 -4.85193
0.142271 1.36618 -4.34173 -1.85499
-1.10862 0.244497 -0.191886 -1.6886
-1.29674 -1.19731 0.731528 -2.09426
0.472058 -1.198 1.6621 0.651248
-0.625901 -1.52874 2.58195 1.01424
0.986048 -0.359691 0.574658 1.77563
-5.99874 -9.8643 8.30812 -5.31094
-2.62481 0.758668 -0.297827 -5.34542
0.331972 1.3099 -1.23786 0.709878
1.12169 -1.70583 1.54438 1.52893
-1.04777 -0.391985 0.259249 -2.09837
0.18683 -1.59028 3.54047 0.073815
-1.29739 -0.62764 0.068618 -1.49814
0.013135 -13.4015 12.4287 2.16625
0.763206 -1.8162 1.69429 1.49224
-1.2746 1.03821 -0.121828 -1.63783
-1.08284 0.029009 -0.149897 -1.77588
-1.08609 0.132309 0.351822 -2.25055
1.37979 -0.316302 0.315181 2.06082
1.12283 0.356301 0.103518 1.60428
-1.20033 -1.44006 4.33507 -3.02682
4.41826 1.22088 -1.65724 4.55807
0.216034 1.58948 -1.66971 0.242415
-0.029734 1.25705 -1.04368 -0.073207
-1.74959 0.381238 0.492153 -6.90843
-1.08325 0.138438 0.015656 -1.24017
1.37581 -1.87086 2.62609 1.0879
0.850559 1.05831 -0.628128 1.10529
0.57786 -0.99308 1.4427 1.65635
-1.3842 -0.289983 0.105486 -1.5846
1.33908 1.63909 -0.707894 1.92068
-1.05387 -0.034917 -0.049447 -1.27438
-1.36363 -0.179503 0.14337 -1.79096
-2.79208 21.2016 -39.3712 -0.374972
1.48351 0.355355 0.071215 2.40128
0.065783 1.28937 -1.60338 -0.19849
0.369583 1.45265 -2.02416 -0.060767
2.13311 0.171154 0.19727 2.20816
-0.370802 2.13943 -1.59841 -1.11421
-1.0563 0.490233 -0.842387 -1.15569
-0.993815 -0.769226 0.769226 -0.993815
-1.71348 -0.367995 -0.32221 -4.50613
2.4063 0.92432 -0.026322 2.21608
-1.94317 18.5721 -36.1047 -3.3018
-0.20954 -2.43829 1.83195 0.252322
0.236363 -1.1476 1.09865 0.434471
1.04603 0.858697 -0.418955 1.29517
-2.1055 -0.543256 0.071749 -3.56045
-8.24364 -3.92131 1.51741 -10.0627
-0.683389 1.63643 -2.08784 -0.485559
0.14916 -1.05963 1.6459 0.041982
0.007068 1.34781 -1.3246 0.248138
1.0683 0.322931 0.14111 2.48998
1.18609 -0.706078 -0.052898 2.09044
0.323637 -1.40575 1.74239 0.451155
1.12506 0.064625 0.004605 1.22156
-8.3041 -1.88858 -0.16886 -13.4521
0.61914 1.2179 -1.97864 1.73469
-0.680117 -1.55061 2.085 0.77851
1.96789 -0.115743 0.31362 2.10318
1.08887 -0.155818 0.036054 1.18725
0.032799 1.42646 -1.54576 -0.269201
-1.05688 -0.238796 0.083111 -1.99706
-0.922338 0.814202 -0.550065 -1.36348
1.16421 0.466289 0.036971 1.81883
1.08185 0.007444 0.099699 1.45186
0.384153 -1.43103 1.72194 1.06341
-0.134452 -2.50327 1.5087 0.330525
-0.108838 -2.5496 2.5496 -0.108838
-0.919037 1.04328 -1.90235 -0.800377
1.12376 0.105383 0.001309 1.34577
0.450587 -1.21931 1.50189 -0.052785
-0.075666 -1.57704 1.21433 0.357107
2.12191 0.939313 -1.29023 3.11389
0.258372 1.1617 -1.48366 -0.048734
-0.127221 -1.02613 1.57736 -0.224681
1.23876 -0.540608 0.241328 2.28306
-0.953209 -0.475997 0.551023 -1.59837
-1.29536 1.12819 -0.134708 -1.88851
2.16384 0.094264 0.173668 1.97413
-0.228082 9.88857 -24.7643 -3.61566
1.0208 0.274871 -0.302708 1.16405
1.16403 1.95193 -1.30822 2.44901
-0.350709 -3.64549 3.1353 -2.95131
-0.179279 -1.3673 2.37532 1.24537
1.04271 0.264582 -0.169659 4.23368
-0.002631 2.83645 -1.55717 -0.056462
-1.18519 -0.329399 0.34278 -4.90473
1.35116 -0.073336 0.568849 3.40689
-0.06515 -1.53481 1.42919 0.197041
-0.18225 1.04666 -3.01102 -0.931718
-0.23773 1.87794 -1.8442 -0.367111
1.68759 -0.000793 -0.3794 1.52298
-1.4891 -0.773276 0.013026 -2.47709
-0.170825 1.1402 -1.28317 0.013687
0.673956 1.01278 -1.54792 0.704908
-1.06837 -0.062878 0.339823 -4.80742
-0.029809 1.12997 -1.42603 -0.363511
1.14059 -0.566454 0.702383 2.72632
1.29227 -0.144751 -0.2264 4.52522
2.94657 0.013954 0.057618 2.3893
-0.943083 0.51489 -0.498435 -1.32882
-1.07707 -0.219565 0.058387 -1.48448
-1.18717 -6.69733 7.74337 -0.062419
0.532819 -0.947274 1.67422 0.860759
-1.28066 0.062763 0.127149 -2.40988
-1.07119 -0.058436 -0.069284 -1.67454
-2.25183 -0.153307 0.007904 -2.96018
0.403859 -2.17014 1.48375 0.843121
0.056498 1.11233 -1.2322 -0.018506
-0.28227 -1.59797 2.04065 -2.07843
-0.33638 -1.38444 2.31636 0.252886
-2.45819 0.849661 -0.68665 -4.83289
1.1595 0.117539 0.030184 1.26403
-1.10125 -0.758341 0.32801 -1.37848
1.61975 0.801877 -0.514216 2.12305
1.09106 -0.167159 0.154791 1.0606
-0.16283 -1.23003 1.54327 -0.102181
-0.004605 -1.43956 7.15532 0.271197
-0.953503 -1.59296 0.916531 -1.42313
-2.57048 -2.366 3.64176 -1.67155
-0.533561 1.5224 -1.9798 -0.547022
0.287754 -1.14033 1.55964 0.451127
-1.08066 0.21701 -0.397303 -1.19308
1.67519 -0.675005 2.16363 0.869322
-1.28518 -0.257277 -0.163364 -1.24664
0.705627 3.55371 -3.62914 0.530013
0.5663 -0.969366 1.13698 0.938584
-0.056856 -1.42951 2.41924 -2.07757
0.668637 -6.17161 14.6932 1.72422
1.30576 -0.003507 -0.02642 2.08515
-1.08409 0.684399 0.033385 -5.05741
-0.020794 1.11637 -1.14652 -0.228456
0.025767 -2.75381 3.04399 2.14349
0.28522 -1.17721 4.33469 1.98031
-0.265023 1.03735 -1.18991 -0.306398
-11.4278 -0.549251 -2.12415 -13.2964
-0.246782 1.66497 -2.02779 0.00433
-0.780362 6.98956 -8.37895 -1.2589
1.18959 0.082282 0.122003 1.23896
0.834516 1.0227 -0.940321 2.50686
1.43218 0.076025 0.088387 1.37963
1.10855 -0.004495 -0.058188 1.12307
1.32839 -0.407798 0.426543 2.55087
-1.10096 0.322843 -0.258098 -1.54658
-1.35541 0.808656 0.03194 -1.84837
-2.29287 2.48521 -4.50291 -1.76775
-0.834369 1.01717 -1.04009 -1.15251
-5.79346 -2.28846 2.6046 -3.66811
-1.82108 -1.5913 3.3756 -0.968339
-0.208879 2.28979 -1.89075 -0.531078
1.089 -0.291544 -0.339383 5.2058
-1.10886 -0.157192 0.101546 -1.04937
0.0947 -1.78067 2.91955 -0.000908
-1.01549 0.397638 -0.309345 -1.481
0.774807 -3.81763 6.49152 0.188656
-2.20541 -1.38015 1.89141 -2.99036
0.071052 -1.152 1.12921 -0.083147
4.10861 -0.111864 0.35934 2.79193
2.87015 -0.038845 0.203667 2.53501
-1.08657 0.13188 0.123568 -3.81319
0.03785 -1.12836 1.12836 0.03785
0.131047 -1.0624 1.31811 0.149902
-0.101696 -2.10944 1.41821 0.082912
-1.30118 0.021663 -0.026591 -2.08463
-1.57384 -0.185184 0.032621 -1.30292
1.91754 0.064664 0.098235 1.93568
-0.281434 -2.66237 1.83055 0.24122
0.088243 2.22154 -1.1478 0.193431
-0.137029 -2.23218 3.04433 0.228028
-0.202717 1.05549 -1.15711 -0.19663
-1.14604 -0.26504 0.305767 -4.40659
0.040349 2.15896 -3.10465 0.321439
1.39623 -0.988643 0.099129 3.25278
-0.089426 1.26792 -1.26792 -0.089426
-1.10925 -0.015808 0.090665 -5.23961
-1.05345 0.253355 0.028325 -2.27268
1.07738 -0.189789 0.03811 1.50244
1.16624 -0.293191 -0.537344 2.81926
-1.95115 -0.423434 0.341952 -1.16763
1.39492 0.114169 -0.020065 1.53109
-0.326119 2.34423 -2.19378 -0.135873
1.17277 -0.014134 0.16885 1.33598
1.75786 -0.924431 -0.603054 2.27493
1.22729 0.107965 0.097051 1.22375
-2.92047 1.81597 -0.177321 -2.34123
-1.32468 -0.517968 0.625631 -1.52692
-1.28787 0.671459 -0.33661 -1.95231
1.77233 0.260646 1.29174 1.71538
1.90467 -0.142802 -0.638094 4.45198
0.012922 2.08488 -1.18352 -0.379267
-1.66047 0.192019 0.503965 -7.16468
-1.01106 -0.949619 0.935424 -0.70888
-0.023789 -1.31816 1.96186 1.12613
0.256253 1.94408 -1.47373 -0.186297
-1.19122 0.383409 -1.90425 -2.79083
1.18822 -0.429498 0.263262 1.38859
-0.099606 1.32558 -1.15139 -0.297266
-0.533248 -1.08913 1.0682 -0.404575
-1.10009 0.292369 -0.129573 -1.15366
-0.758569 1.27107 -0.848581 -1.15601
-1.66928 0.541575 0.856784 -3.59837
-0.554731 -6.69405 4.57865 0.674887
-2.99987 3.60912 -0.189804 -3.21977
-1.06206 0.045367 0.369438 -5.23295
2.50132 0.231704 -0.087546 2.30383
1.09081 0.016203 0.007918 1.42587
1.10429 -0.003345 0.105451 1.34401
-1.37322 3.15503 -15.8363 -0.85956
-0.516145 0.946882 -2.51347 -1.16834
-0.083634 -1.68217 1.68661 0.140633
-0.062859 1.05941 -1.49658 -0.101331
-0.062508 -1.21976 1.38834 0.012716
-0.893899 -0.78178 0.589319 -0.970932
-1.22155 0.278239 -0.381436 -1.57795
-0.762109 -1.38041 0.818794 -0.926113
0.95041 1.81467 -0.99257 1.20327
-0.276949 1.24331 -1.39538 -0.127183
0.634396 1.07134 -0.823139 0.805115
5.83108 -3.85981 2.00084 13.7393
-0.115994 1.61126 -2.14527 -0.153666
-0.991581 -0.962647 1.20922 -0.783232
-0.452863 -2.10163 2.35065 0.000748
-0.642533 -1.24161 2.03593 0.172394
2.09317 0.16686 0.467792 1.54422
-0.228119 1.20917 -1.19305 -0.439823
-0.989177 -0.777935 0.483269 -1.1619
0.071294 -1.0726 1.85007 0.287349
-1.10772 0.004936 -0.240184 -1.3704
0.17886 1.28609 -2.12043 -0.149672
-1.28385 -0.594313 0.548506 -1.46922
1.19202 -1.24039 1.90741 0.941219
1.15381 -0.840203 0.01628 2.35132
-1.29352 -0.533553 0.0165 -4.33886
-0.407639 -1.18312 1.70321 -0.188547
-0.102313 1.04351 -1.60323 -0.099088
-0.599057 2.14357 -5.02573 0.636884
-1.0399 0.00535 0.110017 -1.43003
-1.04187 -1.56851 1.11391 -1.66236
-0.599111 1.05798 -1.75406 -0.216893
1.71568 -1.93906 3.51324 0.475407
1.21127 0.108927 0.046473 1.69911
-0.804678 0.74964 -2.04237 -2.52524
-0.252906 2.83094 -1.58137 -0.163934
0.260577 -1.12919 1.14191 0.523306
-1.44777 0.486125 -1.76495 -1.16586
1.24356 -0.679673 -0.121051 2.03899
-0.035064 -1.19653 1.45944 0.04879
-0.320806 1.219 -1.48396 -0.316338
-0.133038 2.02961 -2.06603 -0.418932
-1.01188 0.626287 -0.462455 -1.37196
0.01913 -5.08497 2.85664 0.773798
1.07053 -0.223292 0.032826 1.33214
-0.039042 -1.35713 1.3938 -0.000621
1.15861 -0.004033 0.215062 1.19351
-0.041596 1.054 -1.69253 0.15635
0.338827 9.90295 -9.09137 -1.37648
-0.080554 1.06702 -1.25596 -0.033686
-0.044426 1.0834 -1.12355 0.012605
0.009033 1.52705 -1.31658 0.257276
1.1543 1.37748 -0.957355 1.7292
-0.686319 -1.81614 2.83703 -1.70884
-2.28989 1.15145 -1.7342 -2.07663
-0.402283 1.44902 -1.32383 0.015909
-0.628972 1.24974 -5.17844 -2.49493
-2.89578 3.35088 -3.48918 -4.86251
-0.239945 1.72495 -1.49017 0.012389
1.11454 -0.127197 0.10573 1.13129
-0.742068 -1.21486 1.83664 -0.258409
-0.349752 1.04991 -1.98006 -0.216424
-0.344247 -1.24093 1.38739 0.074537
2.81761 -1.64482 0.708745 2.85335
-0.558774 1.33 -0.878153 -0.809572
-0.173376 3.10546 -1.96009 -0.322445
-1.54186 -0.083365 0.054661 -1.23487
0.424287 -0.974814 1.29324 0.631707
-1.07639 -0.055703 0.185858 -1.3778
-1.03549 -1.04932 0.510704 -1.23147
-1.6582 -0.405939 0.07617 -1.49391
1.36219 -3.12484 2.21373 3.05877
-2.22239 -0.597128 1.7462 -3.60648
3.67653 0.449834 -0.088815 3.84135
-0.65229 -2.26319 2.75633 -0.375952
1.01863 -1.26354 1.98059 0.799613
-1.11254 0.910738 -0.90092 -1.76331
-0.719921 8.18257 -8.49645 -0.654839
1.23213 0.083387 0.12525 1.27806
-1.75291 -0.995372 1.99353 -4.11057
1.95812 0.290044 -0.454185 1.50318
-1.0457 4.18806 -5.3376 -1.10501
-1.13175 -0.178714 0.301768 -4.42454
-4.98626 0.828553 -0.488944 -9.16924
-0.029584 -1.56711 1.15098 0.298199
1.0731 -0.054237 -0.114211 2.15313
1.11165 0.004718 0.029385 1.43989
1.56455 -0.381023 0.292579 1.62548
1.07662 0.246624 -0.016451 1.80183
-1.42223 -1.1237 1.55749 -4.86346
1.89731 0.088877 0.060972 1.85775
-1.9996 -0.70094 0.348552 -2.05809
1.08866 -0.364483 -0.085956 4.07358
0.025168 -1.09723 1.09723 0.025168
0.304791 2.18477 -2.16355 0.875738
1.8686 -1.09032 -0.290463 2.98045
-1.18219 0.113668 -0.140425 -1.919
-0.220531 2.22581 -2.76638 2.14601
1.21978 0.156016 0.099612 1.27196
-1.42805 -0.141506 -0.050277 -1.3943
-3.15014 2.11932 -3.55345 -3.99704
-1.06116 -0.407971 0.080472 -4.36961
-0.150862 2.07044 -3.18095 3.57816
1.58303 0.532056 -1.30975 2.3851
-2.84618 -0.270062 -0.504721 -1.69598
0.674346 11.125 -12.113 -1.91756
0.659756 -5.56677 10.6061 5.54118
0.091765 2.52275 -1.64662 -0.258023
-1.05633 -0.70687 0.351702 -1.83083
0.618079 0.873166 -1.01911 0.827904
-0.808239 2.37361 -2.99278 -1.50826
0.034853 -1.04925 5.02332 0.245046
1.35033 -0.082533 0.249436 2.42975
-1.21285 -0.342992 0.631139 -1.96493
1.03106 -0.426067 0.155538 2.17688
-1.05639 -0.652034 0.367898 -1.54385
1.19196 0.606641 -0.551006 1.14858
1.39426 0.723917 -1.95675 1.27033
1.26711 -0.037187 -0.259198 1.2121
-1.06185 -1.46041 2.56313 -0.502869
-1.20839 0.331245 0.747385 -2.87916
4.63654 0.103235 0.209061 8.5736
2.44071 -1.10379 0.341382 3.23553
-2.15754 -0.172731 -0.266487 -2.23876
-1.37356 -2.96627 2.04116 -4.04135
0.14413 -1.19532 1.19532 0.14413
0.281251 2.41092 -1.79981 -0.042594
-0.221034 1.35691 -1.17706 -0.434713
2.22939 -4.18628 2.04379 4.28112
-1.55782 -1.30372 5.73693 -0.087233
-0.27248 -1.13192 1.49552 -0.057846
1.41559 -0.198524 0.369898 2.14631
-0.16081 2.42901 -1.65366 -0.103684
-0.182434 -1.03045 1.01793 -0.205386
1.20245 -0.089415 -0.500223 2.19802
0.319531 -1.47072 2.61413 0.422326
0.032633 -2.02956 2.10002 0.025015
2.30828 0.013566 0.179974 2.12785
1.44842 0.206314 0.173386 1.42959
1.3688 0.193756 -0.009431 1.44172
1.01438 -1.36525 0.900134 1.63574
1.18759 -0.093712 -0.050121 1.66646
-1.16396 -0.176288 0.241003 -1.65976
1.11159 0.099226 -0.089276 1.06254
-0.188688 -2.99036 1.37192 0.065942
-0.356883 -2.85673 1.7729 0.182227
-0.240287 -1.18883 1.10308 -0.108808
-1.07916 -0.334871 0.830367 -1.75851
0.151213 1.63661 -1.47478 -0.224224
1.14207 0.04168 0.205414 1.51427
-1.09724 0.061072 0.355425 -4.83932
-0.375672 -1.74083 1.27802 -1.296
1.36133 0.436064 -0.287671 1.19188
3.05591 -5.11257 1.6241 2.30034
1.08464 0.161684 -0.264431 1.09459
0.266533 -1.63542 1.13389 0.922483
-0.309136 -1.43097 1.48691 -0.060529
-0.090732 1.61124 -1.63295 1.21232
3.08595 -4.34255 1.33603 3.11284
-0.162453 1.44872 -1.28901 -0.734553
-0.130892 -1.99802 1.27431 0.059201
0.087843 1.02825 -1.35597 0.038898
-1.36634 -0.23626 -0.019813 -1.25838
-0.14585 -1.34289 1.4603 0.105392
-1.54558 -2.71414 0.998504 -2.3552
-1.20567 0.493346 -0.493346 -1.20567
1.1503 -0.020562 0.195575 1.47118
0.039737 -1.39206 2.07822 -1.17529
-0.957639 -1.53999 0.923234 -1.54293
1.27548 0.244233 -0.010884 1.96903
-0.394478 -3.46504 6.03349 -0.481517
-0.070905 1.16857 -1.6662 -0.204699
0.726346 4.99616 -6.87366 -3.79841
-2.84847 0.798729 -1.83245 -2.21771
-1.04023 -0.351794 0.501616 -2.12988
1.44151 -0.210504 0.624433 2.1338
-0.712627 -1.187 1.94713 -1.67948
-0.10682 1.06012 -1.13358 -0.081831
1.44015 1.12686 -0.831266 1.82366
1.11271 -0.249837 0.305573 1.73528
-1.00792 -0.603888 0.536574 -1.80811
-0.173707 3.37785 -3.25337 -0.9847
-0.786879 -2.29878 0.900317 -1.51321
-1.13283 0.176656 0.338004 -2.33873
2.45548 0.832251 -0.120748 3.20372
-0.252674 -1.05663 1.08489 -0.292002
-0.485587 -1.33041 1.4091 -1.25573
1.12866 -0.695675 0.753466 0.818928
-1.40768 -0.216316 -0.023497 -1.46605
0.910335 5.52019 -3.15777 0.663896
-1.5397 -0.279135 0.15318 -1.80303
1.13927 3.98999 -18.049 -1.71519
-0.4555 1.53799 -1.38164 -0.01022
-1.09952 -0.007115 0.083189 -1.25912
-0.926225 0.607145 -0.641723 -1.43046
0.63759 0.900453 -1.08043 0.814689
-1.7281 -0.103641 0.103641 -1.7281
-0.062838 -5.10716 2.4217 -0.599886
1.50868 -0.442184 0.25858 1.59251
-0.937755 0.69943 -0.788485 -0.979627
-5.67143 -1.12115 -0.017897 -10.0059
0.993844 0.476974 -0.401033 1.02747
-1.36172 -0.076627 0.698415 -2.5212
-3.68894 0.117416 -0.427131 -2.92732
-0.189668 1.24938 -1.14873 0.107437
-1.22345 -0.038923 0.388641 -1.31176
0.054002 -1.17504 1.14482 -0.171344
0.126234 -1.02355 1.31931 0.185076
1.24134 1.37085 -1.87568 0.738388
0.134509 2.85744 -1.9248 -0.285344
-0.120834 1.11261 -1.82312 0.093183
-2.22615 -0.234993 -0.544519 -1.4547
-0.034356 -2.12258 1.76946 0.306666
-1.13107 0.574434 -0.733232 -0.870123
0.631083 -0.826927 1.08081 0.787068
0.267828 2.50918 -1.631 -0.218513
4.26272 0.528284 -1.84671 8.73989
0.103459 1.09537 -1.83673 -0.247091
-2.12632 -1.1894 -1.25718 -2.45409
1.10989 0.028869 -0.028869 1.10989
0.002691 1.13171 -1.25195 -0.124734
1.57012 0.54071 0.609809 1.78623
0.247724 -1.09514 1.57175 0.048922
-0.89517 -1.32552 4.93445 -1.76509
-0.330736 -1.01572 1.24655 -0.488001
-1.0589 -0.091085 0.044394 -1.08356
0.684075 14.5382 -7.75937 1.09503
-1.39559 -0.690876 0.109343 -4.29545
-0.978392 -1.54273 1.6611 -2.63243
-1.86134 -0.25408 1.06068 -2.86899
2.13415 0.075692 -0.062387 1.47919
1.14087 -0.326412 0.612944 1.44075
-1.69684 1.11178 0.276608 -3.78245
-0.182504 1.21929 -2.23067 -0.155756
0.634577 1.81867 -1.17949 0.898469
-0.001723 -1.76392 1.47356 0.316148
-0.168541 -1.2349 1.27821 0.065076
-0.597721 1.80253 -1.89618 0.881829
0.253449 1.78406 -1.84826 -0.203769
0.086881 2.14384 -1.46054 -0.223635
-1.1024 0.157141 -0.06834 -1.17339
-3.57915 -1.71979 2.29499 -5.73569
-0.494914 -4.18869 2.81381 -0.033219
-1.19552 -0.918815 0.730278 -1.62793
0.438544 -2.26348 1.59069 1.01726
0.586485 1.26584 -0.914188 0.579868
-1.02475 0.561648 -0.508318 -2.10117
0.263901 -1.16609 1.1287 0.440355
-1.15353 -0.394327 0.60876 -1.19284
1.07121 0.030313 -0.161803 1.24751
-1.11133 2.06122 -2.76648 0.549601
0.022674 2.13639 -1.41417 -0.255768
-0.142486 -1.20655 1.58438 0.242076
-0.14634 -3.0306 3.09292 0.075076
1.11537 -0.348452 0.766519 1.33732
-0.580783 -1.10467 1.11729 -0.341354
-0.052364 1.27816 -1.35773 -0.078987
-0.222027 -2.05984 1.3529 0.254423
1.11946 0.433536 -0.20574 1.15944
-0.937305 4.506 -1.57701 -1.7113
-1.97873 -0.271317 -0.141996 -2.03679
0.164715 2.82662 -1.8184 -0.28917
-0.312999 2.07957 -1.7457 -0.682939
0.265847 2.25448 -2.01906 -0.170129
-0.296079 -1.99081 1.61046 -0.103836
-1.09022 0.22442 -1.1434 -2.20216
1.22491 0.064448 -0.052666 1.06632
0.119597 -1.14684 1.1773 0.442651
0.549602 -0.91618 0.91618 0.549602
0.668562 -1.19091 2.58655 1.74237
0.076053 -1.70438 1.55744 -0.123648
-0.023275 -2.11708 1.88126 0.161818
0.131174 2.07135 -1.19886 0.01098
0.072127 1.30417 -1.19292 0.206666
0.021213 1.44932 -1.25367 0.146905
1.07996 -0.149828 -0.000379 1.39621
0.066832 2.25721 -1.77955 0.262709
0.435446 -0.976394 1.44161 0.5464
1.0834 -0.098149 0.123494 1.71176
3.80676 0.041405 0.329273 2.97296
-0.097985 -2.6199 3.71496 0.195119
1.14889 0.079991 0.194312 1.68957
0.88978 1.03779 -0.855173 0.801101
0.09605 -1.18448 3.71222 1.48241
1.72037 0.86932 -0.637064 4.74097
1.32757 0.656891 -0.485728 1.91605
-0.263534 -3.38325 2.56343 -0.034426
1.13787 -0.987628 0.092913 2.02659
-1.57331 0.036591 -0.451227 -2.62232
2.17676 -1.61832 0.699364 4.35232
1.05697 -0.163466 0.218469 1.81372
1.43211 -0.104447 0.214698 1.60721
1.20677 0.741231 -0.361495 1.66038
-0.299557 1.092 -1.81217 0.008992
4.0158 0.536929 -0.687436 8.91735
-1.0648 -0.094543 0.071804 -2.00563
-1.59108 0.368936 0.608006 -2.25691
3.86647 -0.090328 0.313748 3.01908
-1.08538 0.066412 0.048766 -1.41533
-0.243438 -3.67573 1.52601 0.148644
1.27056 0.187202 -0.500449 3.21606
0.021583 1.3626 -1.21768 -0.08274
-0.715078 1.45137 -2.12458 -0.708887
-0.368004 -2.00188 1.54965 -0.547884
0.254929 1.67605 -1.48633 0.624187
-1.90135 2.52412 -1.25206 -2.49602
0.022387 1.79629 -1.35703 -0.508238
-0.667713 1.62171 -1.14655 -1.36139
-2.84527 0.431509 -0.600293 -3.43561
-0.032907 1.09157 -2.03096 -0.027628
-1.77245 -0.437865 -0.07573 -1.69139
-0.182836 1.06351 -1.266 -0.106812
-0.111209 1.08389 -1.82951 0.10564
0.134139 -1.29516 6.02275 0.267256
0.262251 -1.34425 1.19696 0.184669
0.877333 -4.32086 9.45476 1.27631
0.318302 2.19147 -2.16334 0.537977
-2.50404 1.32291 0.428856 -3.69293
0.154468 2.06456 -1.80877 -0.114041
-0.326274 -2.16532 3.45947 0.350365
-1.20743 0.199214 0.684038 -2.72363
-0.131824 -2.33098 4.9466 0.571908
-1.252 2.20047 -0.671666 -2.24108
0.030485 -1.38623 1.74575 1.09931
-0.139794 -1.68266 1.53396 0.107383
2.09873 -4.60253 4.65003 1.56513
0.011502 -2.05855 1.45343 0.248889
-2.64549 0.117705 -0.082165 -3.23171
-1.36136 -11.3801 9.97496 1.19041
-0.491612 -14.6543 10.9946 0.244703
0.403187 1.29109 -2.9902 0.352073
-0.201982 -3.03473 1.61073 0.279414
-0.271537 1.21773 -1.26178 -0.650615
1.27364 0.199374 0.04899 2.13754
-0.040498 2.13518 -2.10124 -0.389439
-1.04647 0.024863 0.365525 -5.12977
0.112486 1.67444 -3.48372 -0.387314
0.567835 -0.903183 0.903183 0.567835
-0.648794 -3.11065 3.42692 -2.38225
-0.602637 1.32821 -1.89198 0.325583
-0.57686 -3.57223 6.87724 3.91159
-0.257513 1.22217 -1.42807 -0.376059
-0.005531 2.22649 -1.20673 0.369025
-0.477346 -1.12344 1.27516 -0.456121
2.01327 0.28947 -1.3373 1.13704
1.30134 1.3465 -1.76991 1.0491
-0.085948 -2.43324 1.92207 0.278134
0.13927 -1.54287 1.13396 0.150188
1.40534 0.330472 0.129267 1.30713
-0.25862 -2.81453 1.89716 -2.31127
-0.235115 -1.58907 1.94546 -0.022565
2.0925 -10.2503 34.4165 2.88256
0.114087 -1.79439 1.36639 0.141045
-2.70233 5.44098 -2.58968 -4.83635
-0.031148 -2.29658 2.09135 0.392748
1.07487 -0.191009 0.061306 1.19697
0.241114 -1.10711 1.39476 0.60289
-1.30667 -2.04716 3.28078 -2.07991
1.4967 0.703735 -0.771031 1.44568
0.267127 2.32531 -1.57436 0.156747
1.59729 0.764198 -0.498282 1.62327
-1.35276 -0.004822 0.004822 -1.35276
1.29147 0.191763 -0.073226 2.35292
1.39726 0.064941 0.093837 1.21903
0.116492 -1.16782 1.07786 0.221936
-1.02995 -0.468708 0.547943 -1.04453
2.83135 0.083731 0.001286 2.43832
1.04466 -0.219003 0.046628 1.41317
-1.30333 -0.017693 -0.378658 -1.86672
-0.411816 -1.03994 1.08691 -0.315468
1.25418 -0.284 0.430304 1.74751
-2.21557 1.2513 -1.4572 -3.35896
-0.492157 2.75398 -2.32432 -1.42585
-2.48806 -13.0551 11.7311 -0.881195
-0.515091 1.63608 -1.44544 -0.745426
0.078206 -1.16946 1.67402 0.276756
-0.047051 2.51401 -3.35146 -0.221085
-1.05039 -0.245045 0.765071 -2.57282
-1.92262 -0.076018 -0.240132 -1.8366
-1.15419 -1.27078 0.687481 -2.3659
0.461394 -2.30757 2.13563 0.461382
0.016315 1.23351 -1.65328 -0.076156
0.134046 -1.36897 1.15619 0.454264
-1.17953 -0.211706 0.037106 -1.11072
1.72265 1.01522 -1.25415 1.25868
0.005764 1.08693 -1.18513 -0.159317
-0.178126 1.40088 -1.28745 -0.270104
-0.049013 1.36964 -1.73441 -0.128831
-0.549649 0.92001 -1.08532 -0.807602
-0.192242 1.04967 -1.22669 -0.193964
-1.54926 -0.447976 0.610378 -1.27521
-0.647616 -0.893102 1.38506 -1.4413
-3.00786 0.794421 1.71147 -5.54967
-0.157456 -1.5933 1.45614 0.117854
1.22444 0.576698 0.096676 1.90325
-0.935845 1.41784 -3.30712 -0.893809
1.1082 6.39309 -6.5565 -0.282293
0.786122 -1.68413 2.11429 -0.823017
-1.24847 0.498115 0.043327 -2.76238
1.19007 -3.68298 0.979275 1.29405
0.326733 1.07755 -1.50405 0.558488
1.42288 -0.890393 0.919461 1.23817
2.22624 -0.516291 -0.166862 2.27304
0.913866 -19.0668 46.7384 -1.0445
0.510128 1.01287 -1.52074 0.368209
1.32603 -1.272 1.26179 1.65456
-1.40933 -0.292553 -0.197677 -1.51576
1.2227 -0.216248 -0.473302 2.8632
1.24537 0.622026 -0.908255 2.52526
1.11676 0.073314 0.062723 1.13952
-0.044447 2.50634 -1.68629 -0.239014
-0.234846 1.34379 -2.20205 -0.348539
0.238993 1.05432 -1.09052 0.335665
-1.57901 1.87323 -2.05067 -0.998347
2.72392 -0.869438 0.869438 2.72392
0.143067 -2.57112 1.45848 0.477231
-1.34165 0.059092 -0.305356 -1.55975
-2.1054 -0.260384 0.298629 -1.43662
-1.32931 -0.237129 0.054898 -1.4431
2.65468 1.19364 0.382123 2.65099
-1.12313 0.002261 -0.066111 -1.22327
-1.59041 -2.30154 1.07908 -3.49485
-2.0728 -0.225679 -0.195788 -1.91374
-1.48765 -0.439862 0.097033 -1.56031
-1.10455 -0.5736 1.55499 -1.46353
-0.211101 -1.47672 2.1246 -0.11413
-2.77386 -0.170486 -0.071926 -4.13357
-0.917927 -0.755639 0.557911 -1.49833
-0.034049 1.12785 -3.14754 -0.322023
-0.866787 1.23361 -5.44593 -2.76487
0.260384 1.03106 -1.19015 0.382437
0.000767 1.52088 -1.7344 -1.01295
0.106348 -1.40562 1.53749 0.348031
-0.427269 -1.08446 1.05074 -0.307429
1.35963 0.065089 -0.402682 1.38147
-0.932587 -5.95896 8.94771 0.770486
1.12856 -0.328034 0.1279 1.46512
-0.757519 1.21091 -1.82814 -0.153969
0.19541 1.2678 -1.23317 -0.187213
-1.21583 -0.013181 -0.043932 -1.21685
1.64424 1.18149 -1.38414 1.46804
1.10927 -0.085257 0.14845 1.643
0.864571 1.45468 -1.64953 0.693285
-0.112412 1.51031 -1.40836 -0.362464
4.25703 -0.070453 0.289567 3.0536
5.4857 0.634948 0.723163 6.65242
-1.05567 0.174205 -0.217235 -1.74341
1.6801 -0.848783 -0.355998 2.72234
0.268148 -1.31102 1.25338 0.542312
-1.38875 -0.196098 -0.072308 -1.33381
-1.01377 0.323676 -0.424333 -1.11157
-1.02676 -0.150271 0.236823 -1.28504
1.50103 0.071661 -0.071661 1.50103
-1.48135 0.173802 -0.073861 -1.30151
-0.244665 1.87642 -2.69667 -0.839926
0.883279 1.46974 -0.931051 1.14971
1.07324 -0.008276 -0.12902 1.86235
-0.155122 1.03974 -1.33934 -0.130669
-0.059019 1.24211 -1.21226 -0.019321
-1.45467 0.307364 0.711472 -1.90835
-0.143781 1.80534 -1.56209 -0.339799
-1.10283 0.253246 -0.53123 -1.79286
0.432805 -2.2963 1.6025 0.544475
-0.04807 -1.12668 1.20408 0.110193
-1.28409 0.214142 -0.34439 -2.10995
-1.36875 -0.033169 -0.183278 -1.43432
-0.175537 -1.95686 2.36127 0.1559
0.992708 0.279579 -0.333414 1.12522
-0.428404 1.58559 -1.40095 -0.292747
-0.600384 -1.89076 1.22227 -1.25907
-0.649152 -1.22487 1.65478 -0.93914
-0.185919 -1.06602 1.08821 -0.144298
-0.768452 -2.22682 3.30978 -0.501534
-1.01164 1.32833 -5.95121 0.38189
-5.24482 -0.596505 0.115375 -3.73403
1.05285 0.012811 0.067716 1.27479
1.07282 -0.093545 -0.020714 1.22509
1.13358 0.492432 -1.74229 1.75404
-0.155861 -1.44247 2.51165 -0.196211
-1.0776 0.274807 0.068571 -4.23489
1.61552 -0.331202 0.377412 1.56318
-1.03983 0.344593 -0.263743 -1.66677
-4.73669 -0.673983 -0.048062 -6.532
-0.860892 -0.908435 1.19691 -0.648195
1.27211 0.214929 -0.14149 1.66411
0.085719 -2.6249 1.31765 -0.746732
-1.40087 -1.28909 2.40087 -5.81508
-0.269479 -1.52841 1.48739 0.033692
-1.18789 -0.000426 0.089953 -5.44492
0.195303 1.09572 -1.49173 0.127974
1.27573 0.719794 -0.594495 1.6744
0.050213 -1.11873 3.44632 -0.140582
1.3747 0.009982 0.238718 2.71643
-1.20471 -1.91687 1.85132 -0.78171
-1.6488 -5.45548 9.04354 4.8887
0.157055 2.6464 -1.82655 -0.319424
-0.226854 1.94316 -2.4329 0.455406
-0.960134 0.454129 -0.526756 -1.45792
17.7614 -0.345507 4.00282 27.843
2.36098 -0.051725 0.164721 2.54259
0.902621 1.04335 -0.562575 1.28304
0.691874 0.896326 -1.18796 1.27599
0.453629 -1.08132 1.10254 0.443294
-0.250775 1.19784 -1.38093 -0.025337
-1.0206 -0.327587 0.36351 -1.51087
-1.22735 0.324023 -0.801079 -1.24462
-1.10767 -0.114427 0.072114 -1.25444
0.431591 -1.29928 1.28557 1.52941
1.69938 0.859194 -1.10692 2.16285
-0.968993 -1.63806 0.989404 -1.32333
1.13653 -0.201448 0.280097 1.70435
0.118649 1.25345 -1.90077 -0.155624
1.28328 -0.847466 0.164033 2.35489
-1.71475 1.16732 -0.295365 -1.92356
0.234496 -1.27924 1.55138 0.041392
1.03417 0.635777 -0.633814 1.54938
-0.272417 -1.45013 1.29124 0.238686
-0.250099 1.07035 -1.92026 -0.316863
-1.9193 -0.798993 1.04814 -2.78355
-1.01291 -0.340313 0.608352 -2.01251
-0.042303 -2.44791 1.42111 0.067807
-0.71389 -3.79143 7.75043 4.12488
1.12982 0.059363 -0.022982 1.15512
1.698 0.036336 0.011698 3.08388
-0.632905 -0.94552 0.938912 -1.03201
0.080129 2.55619 -2.3699 0.24146
-1.0767 0.225173 -0.354325 -2.16588
-1.58112 -1.19781 2.23402 -5.69242
-0.156277 1.09021 -1.14483 -0.070955
-0.288784 1.39175 -1.54355 0.213015
1.12637 0.283099 -0.861897 1.42564
-2.20059 3.35406 -2.17697 -2.90487
-0.048054 -2.07098 2.38204 -0.60949
5.37047 0.632366 0.30749 4.68726
-1.60191 -0.951273 0.528599 -2.33108
-0.93339 -0.732011 0.662231 -0.915842
0.075708 -1.68575 1.16808 0.321945
2.44794 0.371434 -0.105615 2.0349
1.07827 -0.050006 -0.090486 1.48515
-1.61358 0.225876 -0.453618 -3.22343
-0.38898 -1.28596 1.75757 -0.006877
-0.969136 0.768024 -0.571622 -1.68378
0.028148 -2.2037 2.05191 0.366478
-0.032023 2.7774 -2.69214 0.055646
-1.57649 -2.08725 2.32681 -2.6542
1.86196 0.152175 -0.119887 1.11989
0.229081 -2.62089 1.67893 0.236
-0.80057 1.33907 -1.18884 -0.59242
0.274958 -2.30845 5.11277 3.07777
-0.192885 1.1591 -1.43815 0.127901
-0.077784 1.37634 -1.35475 -0.160875
-5.98912 -1.48514 0.558151 -7.67935
0.840907 -0.655388 0.901092 1.07993
0.561322 1.25294 -1.89261 0.289751
-0.194181 -1.4053 1.44756 0.114297
