1273
339.598 706.219 453.622 449.685
410.518 522.073 643.088 494.995
358.853 448.866 727.281 437.973
427.938 563.258 596.326 515.394
421.834 623.396 532.157 515.68
349.889 687.382 471.418 456.634
685.752 657.175 479.255 778.283
415.433 534.284 628.881 500.805
347.341 573.838 588.754 442.343
436.369 521.132 642.844 519.777
434.624 320.433 882.976 495.303
347.664 696.393 462.704 455.76
422.689 301.652 907.587 482.656
333.761 680.415 479.694 441.734
546.183 656.047 489.175 635.92
325.703 677.32 484.759 435.954
553.307 636.272 510.789 642.661
364.554 483.16 687.988 447.312
367.239 683.353 473.688 472.193
409.995 516.899 648.009 494.142
398.275 584.135 577.131 489.976
347.935 663.206 495.915 452.533
485.617 343.113 856.258 551.805
350.625 604.16 556.847 448.668
345.589 665.356 492.09 451.503
421.709 637.27 516.586 516.411
338.722 671.942 487.755 445.225
427.938 563.258 596.326 515.394
404.204 549.811 612.097 491.766
414.008 533.548 629.429 499.619
421.501 300.995 908.941 480.528
342.115 675.624 483.793 448.737
373.388 706.308 450.208 479.541
331.006 676.456 484.524 438.702
366.351 689.777 467.153 471.398
381.529 515.296 651.047 466.887
327.344 377.623 809.704 399.319
339.598 706.219 453.622 449.685
349.717 623.513 536.25 449.767
486.396 344.825 856.258 551.805
363.585 356.165 836.736 430.749
421.501 300.995 908.941 480.528
298.696 449.289 725.255 382.293
314.898 576.31 587.706 413.205
527.224 260.96 968.337 587.103
413.363 638.178 516.125 509.394
314.898 576.31 587.706 413.205
331.006 676.456 484.524 438.702
423.938 301.878 907.587 482.656
410.363 626.989 527.869 506.345
436.942 562.651 596.393 523.842
429.357 336.027 863.862 492.438
406.588 609.642 546.589 497.943
357.74 475.234 697.115 439.774
425.882 517.373 647.314 509.741
417.392 530.318 633.119 502.23
396.612 584.282 574.868 488.244
412.367 642.789 512.179 508.336
405.764 518.22 646.918 489.744
410.65 572.931 586.547 500.261
405.827 522.113 642.563 490.095
304.132 713.624 445.73 420.183
434.584 314.4 891.854 495.529
398.275 584.135 574.868 488.244
409.397 583.391 575.26 499.776
554.651 654.231 491.152 644.805
404.529 607.609 549.399 497.986
353.169 614.164 545.535 451.772
330.68 700.76 459.83 441.316
354.237 543.556 620.875 444.699
333.878 678.501 482.274 441.61
432.972 325.198 878.101 495.9
344.511 674.878 483.9 452.58
485.617 343.113 856.258 551.805
354.858 690.789 467.785 460.639
402.632 610.742 546.589 497.943
410.752 635.683 519.655 506.353
454.346 387.729 801.422 524.65
405.678 575.341 584.208 495.888
435.841 621.686 532.852 528.406
364.554 483.16 687.988 447.312
373.388 706.308 450.208 479.541
400.313 577.162 582.302 490.8
408.116 549.668 610.37 497.128
427.199 340.293 858.923 491.336
403.73 600.027 557.504 496.827
399.8 575.768 582.302 490.8
354.31 690.67 467.785 460.639
325.358 700.776 460.587 438.741
347.41 670.956 488.029 453.023
333.097 310.762 894.604 395.27
338.783 672.285 487.755 445.225
405.621 661.383 493.404 503.909
403.423 569.405 590.365 492.748
407.643 519.791 645.244 492.118
397.553 534.482 628.395 484.367
421.654 634.658 520.138 516.216
402.034 524.258 641.597 488.484
799.25 329.822 632.091 255.047
916.856 306.272 629.99 358.473
801.556 379.261 579.574 245.863
681.484 271.424 720.496 173.644
916.198 368.573 562.838 339.57
878.752 497.976 442.29 279.341
893.791 393.401 542.559 315.839
712.201 379.65 598.168 176.692
919.669 328.56 604.906 351.099
873.691 481.336 459.972 279.026
772.078 500.615 468.395 201.322
746.518 367.188 604.769 206.427
602.312 522.311 490.92 82.6114
644.293 461.306 535.763 119.416
648.548 511.485 489.455 114.514
647.77 555.822 449.057 108.178
915.417 338.534 595.798 346.896
681.659 581.216 418.736 125.272
676.185 375.944 610.361 154.077
586.665 514.78 499.034 73.6807
879.006 321.051 623.125 321.001
895.86 503.17 433.259 291.741
592.901 573.96 446.914 70.0117
828.881 343.076 611.562 275.346
654.779 301.007 695.321 150.656
696.16 373.367 610.569 167.372
649.411 519.928 481.985 114.045
928.903 358.888 569.976 352.882
890.503 305.167 638.015 334.161
869.962 340.189 604.732 308.934
876.874 471.961 465.991 282.447
915.502 362.534 568.569 341.706
876.323 521.878 420.733 273.09
928.602 338.667 592.084 357.727
869.456 369.527 573.688 301.952
869.23 345.149 598.937 308.054
687.228 470.027 519.01 146.047
613.334 453.244 548.923 98.5413
925.277 551.952 378.444 300.922
677.987 579.865 420.887 122.185
615.745 454.101 548.541 101.17
638.573 349.249 643.693 130.501
927.273 340.142 591.134 356.462
675.177 377.378 609.542 153.731
665.105 589.132 415.504 112.438
573.299 587.43 440.104 56.7158
620.331 534.932 475.129 93.1158
909.742 358.19 575.131 336.761
918.851 361.141 569.607 345.797
790.286 286.653 681.591 258.064
878.388 526.443 416.035 271.607
917.623 335.65 597.758 350.099
924.271 323.245 609.935 358.42
641.246 471.635 525.33 114.63
911.198 330.166 606.012 345.7
770.197 468.289 499.883 205.295
744.678 298.153 677.018 217.266
869.45 337.872 607.219 309.326
873.88 338.303 606.114 312.854
869.35 317.517 629.645 312.85
872.464 320.623 624.97 315.801
929.035 320.892 610.606 363.11
739.467 330.391 644.254 208.072
878.745 415.986 523.831 297.933
616.916 454.643 548.541 101.17
890.26 395.842 541.406 311.584
887.385 383.093 555.202 312.978
648.525 374.251 618.257 135.833
892.732 396.865 539.235 313.975
697.731 380.967 601.591 168.752
878.971 501.402 439.089 277.649
887.935 325.192 617.017 326.861
647.675 478.176 519.791 119.254
909.681 361.986 571.6 335.777
932.859 385.323 541.099 348.022
892.963 351.179 587.669 324.996
677.744 417.254 569.931 148.685
893.782 557.38 382.094 276.009
903.124 312.059 627.402 342.478
639.035 369.073 625.002 128.383
870.072 363.849 579.814 303.997
706.637 379.018 601.515 177.44
881.553 428.561 509.906 297.651
626.654 463.874 537.171 107.981
888.599 368.278 568.409 317.014
712.697 363 616.407 182.693
897.138 502.482 433.259 291.741
635.222 458.633 540.714 113.774
889.555 432.096 504.452 302.914
896.542 507.622 429.31 290.836
883.465 487.165 451.327 285.461
885.502 317.35 627.705 325.426
669.714 371.682 616.698 149.647
731.259 563.21 421.495 160.556
870.277 305.402 643.277 316.894
705.111 377.114 604.202 174.266
826.787 424.482 528.369 256.167
712.879 361.57 617.656 182.871
641.361 490.419 509.396 113.908
915.634 306.733 630.361 355.226
620.797 478.857 523.518 100.443
919.427 306.071 629.99 358.473
606.214 538.565 473.68 82.941
599.239 575.901 443.289 73.7503
643.36 509.033 491.846 111.657
616.87 451.933 548.541 101.17
783.645 329.255 635.179 244.645
779.654 501.869 465.651 205.932
881.461 529.394 411.887 273.701
626.23 322.295 673.492 125.192
874.593 322.884 622.362 318.243
675.166 461.432 525.375 137.39
734.195 291.714 685.913 210.294
934.44 501.184 423.376 320.179
882.356 487.313 452.037 283.497
928.611 544.73 384.082 305.31
876.815 320.735 622.362 318.243
813.361 364.539 592.399 258.388
910.639 358.756 574.63 337.811
886.315 438.303 500.089 298.947
638.806 503.239 498.856 108.398
798.209 474.949 486.668 222.767
885.78 436.577 500.089 298.947
875.875 429.182 511.113 292.507
874.675 480.459 460.554 280.144
682.066 312.711 672.504 170.131
923.132 387.322 539.868 342.307
893.393 464.956 470.753 297.756
913.367 357.244 575.72 340.407
882.979 544.591 398.219 272.184
922.561 332.743 599.729 354.081
880.789 372.63 567.873 310.225
612.1 454.47 548.923 98.5413
825.927 291.872 666.406 282.809
913.26 307.449 631.227 351.623
699.214 375.617 606.733 171.427
686.807 537.002 457.503 135.408
923.531 344.672 586.314 351.825
728.434 296.15 682.179 204.824
598.782 517.443 494.338 81.2208
924.803 348.318 582.469 352.497
888.599 368.278 571.202 316.184
696.952 543.749 447.795 141.472
659.055 465.478 527.581 127.284
933.405 373.404 553.413 352.6
927.517 361.198 567.681 351.781
933.816 501.139 423.376 320.179
916.896 373.582 558.141 340.537
872.555 404.114 537.372 296.062
914.588 326.8 608.548 349.414
891.076 440.094 496.115 302.132
642.066 317.093 675.697 136.864
654.258 521.172 478.481 116.839
923.835 339.776 592.129 353.685
923.275 386.611 542.574 339.308
916.63 304.629 632.614 356.284
887.629 533.919 406.219 278.252
887.891 374.719 563.758 315.381
894.902 378.715 557.65 319.908
571.204 527.842 488.412 61.0716
783.534 474.209 490.331 214.333
880.225 324.514 619.406 321.385
922.573 338.377 591.976 352.771
883.827 346.604 596.272 319.093
894.179 411.924 523.488 311.416
929.547 328.715 602.449 362.011
928.602 338.667 592.084 357.727
759.135 419.508 549.683 206.971
894.812 535.612 402.307 283.281
917.477 311.885 622.86 353.762
868.087 307.847 639.928 315.471
929.416 354.133 574.34 355.038
651.398 303.352 693.316 148.267
596.789 446.817 559.603 89.3289
885.502 317.35 625.355 324.754
932.408 375.208 551.247 351.114
872.306 406.822 534.515 296.029
653.297 415.51 575.201 131.69
878.653 506.647 434.755 277.413
726.806 554.657 431.017 158.983
873.639 434.475 506.39 289.87
926.993 331.808 599.509 358.556
923.889 373.101 556.18 345.554
918.931 368.305 562.172 341.936
649.902 286.767 706.576 147.44
918.976 381.102 549.015 338.709
592.901 573.96 446.914 70.0117
890.814 390.3 547.222 314.075
869.033 423.232 518.795 289.237
881.292 346.441 595.573 317.645
914.129 313.355 622.86 353.762
879.214 342.912 600.115 316.489
923.076 374.104 557.136 344.737
617.681 363.577 634.145 114.211
875.595 502.106 439.466 275.468
923.251 517.273 411.272 307.668
597.094 445.613 559.603 89.3289
864.752 384.777 559.007 294.934
621.942 473.915 527.83 102.118
888.032 339.963 602.862 323.278
923.169 354.576 575.982 349.259
920.236 332.054 600.331 350.754
883.796 440.22 497.633 297.015
625.389 409.874 587.886 113.54
930.149 372.928 554.516 349.978
641.355 516.634 485.823 109.522
894.132 456.305 479.332 300.814
873.691 481.336 459.972 279.026
623.286 319.908 676.071 123.372
581.106 554.303 466.596 65.4044
895.088 401.677 533.87 315.048
865.997 310.912 637.379 312.594
655.737 468.6 525.518 125.035
900.48 518.68 416.975 290.925
785.399 498.031 467.531 210.578
632.599 589.574 423.098 92.4991
875.748 390.724 550.326 302.176
895.367 438.075 496.606 305.766
882.453 416.574 522.031 301.711
661.17 321.729 666.741 150.246
892.672 324.858 615.661 331.231
917.477 311.885 622.86 353.762
891.583 501.789 435.121 287.691
623.15 477.972 524.383 102.841
634.418 562.396 446.996 97.1224
922.636 372.194 557.136 344.737
882.908 315.373 627.705 325.426
623.098 329.928 666.009 122.189
883.501 530.732 410.602 275.087
844.318 414.69 533.493 271.795
880.175 440.931 497.887 293.537
873.295 369.41 573.43 305.755
656.063 473.186 522.214 126.101
788.456 490.463 474.222 214.206
895.556 396.948 538.644 316.024
883.281 396.925 542.592 305.297
648.214 309.952 682.066 142.677
870.024 424.167 517.379 289.942
620.747 338.144 659.201 119.335
638.984 372.101 620.587 127.149
665.907 501.154 493.13 127.448
648.232 506.591 493.118 115.109
809.269 300.071 661.595 267.891
829.74 417.828 533.849 259.907
829.986 473.497 479.765 248.416
923.926 526.489 402.52 306.239
886.291 576.95 366.718 266.58
762.413 278.102 695.149 234.858
883.465 487.165 451.327 285.461
829.437 520.84 435.245 237.163
914.593 329.174 606.352 349.284
883.898 539.056 402.528 272.232
920.199 370.563 559.805 342.554
917.98 357.352 574.492 343.973
924.816 357.595 572.671 349.836
917.092 332.747 601.052 349.631
891.439 309.675 632.66 334.074
925.254 558.656 373.889 299.45
600.833 441.359 563.283 92.2982
886.965 411.577 526.016 305.313
890.195 359.761 578.971 321.243
843.311 351.373 596.548 284.032
896.225 425.311 509.381 309.606
873.639 434.475 506.39 289.87
900.868 338.17 600.144 335.104
892.867 332.663 607.642 329.525
641.03 472.271 525.33 114.63
925.092 318.383 616.396 358.284
927.337 358.158 571.07 351.651
771.903 291.876 681.053 241.647
869.23 345.149 598.937 308.054
621.254 453.08 548.178 105.031
884.626 520.829 419.22 278.071
880.725 374.633 565.858 309.815
827.992 343.693 611.303 274.149
844.725 443.291 505.367 265.847
699.562 546.432 445.158 142.812
891.512 562.046 378.363 273.89
922.437 313.754 620.221 360.625
881.553 428.561 511.035 295.905
893.55 360.716 577.309 323.622
871.761 432.011 508.904 287.51
755.107 416.798 553.364 204.428
686.829 302.861 683.031 172.159
886.237 344.301 596.466 321.402
931.214 337.093 593.222 360.539
646.769 321.362 670.268 139.496
658.739 502.246 491.796 121.203
880.685 345.304 596.905 314.267
884.483 324.535 621.154 324.915
622.401 550.303 460.32 91.8224
756.076 281.081 693.202 229.199
915.643 354.088 578.618 343.107
643.281 304.141 691.459 140.935
684.262 296.076 690.29 170.974
876.414 438.691 501.357 290.896
876.763 421.406 519.212 295.099
874.12 366.784 575.926 305.594
892.233 541.496 397.13 279.281
662.586 479.984 514.599 128.731
873.702 385.053 556.46 301.272
625.949 475.644 525.209 105.891
887.94 351.032 589.028 321.108
893.74 550.172 389.99 277.996
895.23 542.341 396.226 280.826
887.697 404.338 533.326 306.133
926.484 365.883 562.951 348.857
877.645 460.409 480.047 288.032
879.145 313.043 633.116 323.406
684.787 344.013 641.488 164.86
880.029 418.565 520.902 298.922
712.262 308.596 672.555 190.68
860.758 327.791 619.792 303.778
892.137 371.586 566.255 319.477
662.728 468.119 525.891 130.718
934.44 501.184 423.376 320.179
893.659 365.024 572.209 322.296
921.136 501.394 427.033 309.704
871.253 366.678 575.926 305.594
658.163 297.952 695.321 150.656
887.629 533.919 406.219 278.252
891.311 365.496 572.209 322.296
673.762 468.215 520.29 135.391
872.625 366.704 575.926 305.594
754.618 422.542 547.88 202.906
884.609 572.08 372.042 265.89
880.789 372.63 567.873 310.225
784.231 482.26 483.212 213.143
664.239 313.084 675.242 153.66
689.757 477.979 510.071 147.561
890.503 305.167 638.015 334.161
746.236 282.555 694.507 221.818
892.364 504.201 430.411 288.545
869.189 333.853 612.065 310.215
878.192 354.524 587.089 312.39
884.694 469.609 468.153 289.616
870.362 437.067 503.552 287.229
870.59 352.338 591.443 306.264
814.383 416.24 539.456 248.809
917.174 385.496 544.781 336.242
891.997 487.63 448.86 290.71
918.001 341.852 591.429 348.129
928.053 341.67 589.067 356.825
686.657 346.123 638.314 166.087
868.494 407.069 535.083 292.505
638.148 492.019 508.844 110.421
927.3 318.199 616.269 362.825
903.222 325.448 612.822 339.281
670.497 340.67 646.401 152.718
930.65 367.029 560.712 352.347
878.84 309.254 636.433 323.661
878.026 323.222 621.237 319.595
633.467 364.143 630.934 125.35
813.361 364.539 592.399 258.388
934.179 376.989 549.318 352.561
689.14 310.008 675.443 171.842
915.241 383.421 546.368 335.567
882.356 487.313 452.037 283.497
886.767 548.276 392.483 272.586
653.217 300.024 693.316 148.267
928.315 377.001 551.947 347.828
786.834 495.803 468.963 212.253
877.419 479.858 459.766 282.884
888.792 401.364 535.466 308.312
763.736 449.196 519.731 204.761
889.914 375.027 563.758 315.381
869.243 346.443 598.937 308.054
894.664 455.076 480.126 300.836
755.204 330.82 640.727 219.223
882.908 315.373 629.275 325.67
646.326 500.389 498.775 113.646
881.642 318.28 625.724 323.729
662.849 523.804 474.718 122.834
873.706 336.405 607.859 311.957
893.659 365.024 572.209 322.296
794.543 296.855 668.075 256.513
658.253 465.909 527.581 127.284
897.069 425.395 509.873 310.828
884.083 327.976 614.933 323.172
882.828 343.551 598.482 318.588
686.495 300.607 688.115 172.32
632.322 496.084 506.449 106.218
661.898 515.842 480.646 122.094
894.555 341.525 597.794 328.935
766.598 319.876 649.168 231.527
869.189 333.853 612.065 310.215
697.59 537.481 453.366 142.518
710.055 380.653 598.168 176.692
884.231 497.583 441.268 283.528
570.113 532.061 488.412 61.0716
681.484 271.424 720.496 173.644
667.893 341.572 646.401 152.718
615.911 549.3 463.102 88.1443
913.008 335.769 599.161 345.793
879.717 411.424 527.861 300.84
641.355 516.634 485.823 109.522
877.842 504.584 436.14 276.04
653.52 417.336 575.201 131.69
697.268 546.512 445.339 140.764
879.471 312.019 633.116 323.406
887.222 360.935 578.622 317.804
604.829 562.467 452.99 77.7705
826.017 414.662 537.976 256.907
895.253 314.123 627.387 336.56
869.108 320.582 626.752 312.004
644.702 502.313 498.775 113.646
933.522 383.118 541.866 351.162
677.744 417.254 569.931 148.685
777.085 471.308 494.849 210.323
878.796 381.793 558.438 306.702
739.406 467.195 508.343 184.019
686.829 302.861 683.031 172.159
792.822 285.814 680.454 257.132
915.873 373.143 558.134 338.568
875.875 429.182 511.113 292.507
633.288 590.789 423.098 92.4991
887.197 332.583 608.641 324.4
893.847 455.228 480.126 300.836
801.556 379.261 579.574 245.863
888.6 385.989 552.153 313.137
818.277 474.597 482.156 238.947
687.237 309.151 675.443 171.842
876.288 465.942 474.515 284.567
686.495 300.607 688.115 172.32
911.896 318.242 617.425 348.688
829.112 336.873 618.02 276.818
877.419 479.858 459.766 282.884
643.599 470.426 526.711 117.318
882.385 527.284 415.815 275.83
910.812 387.26 544.33 333.078
891.439 309.675 632.659 333.797
734.108 291.047 686.791 210.536
923.064 519.287 411.272 307.668
643.358 464.176 532.531 117.592
866.971 391.601 551.501 294.328
747.959 330.535 641.419 216.436
886.896 489.931 448.133 285.649
917.07 322.276 613.154 352.236
880.539 518.848 421.155 277.084
777.085 471.308 494.849 210.323
928.833 350.254 581.242 355.222
688.889 303.126 682.229 173.726
886.784 485.033 452.775 287.288
927.273 340.142 591.134 356.462
927.517 361.198 567.681 351.781
574.38 477.757 535.069 70.8355
878.377 355.973 585.836 311.99
882.942 533.25 406.687 273.765
757.853 330.837 639.825 222.31
760.009 331.05 639.825 222.31
658.101 361.559 628.928 143.204
889.827 379.081 559.971 315.492
649.794 373.925 618.257 135.833
586.964 503.904 509.279 75.2114
646.769 321.362 670.268 139.496
821.768 513.35 443.435 233.892
661.777 296.474 693.695 154.289
690.423 400.045 582.375 160.128
581.086 540.471 478.548 67.3574
772.656 466.327 498.867 209.598
880.725 374.633 565.858 309.815
932.299 364.169 563.313 354.028
890.604 373.007 566.255 319.477
922.403 319.677 612.872 358.94
883.132 333.694 608.808 321.142
871.81 374.254 568.404 302.251
794.032 301.099 663.754 255.626
892.137 371.586 566.255 319.477
890.009 541.824 398.394 276.652
933.405 373.404 553.413 352.6
701.04 384.457 596.833 170.036
772.761 469.507 498.704 206.495
889.827 379.081 559.971 315.492
574.38 477.757 535.069 70.8355
873.191 408.669 532.623 295.459
678.913 584.271 417.455 122.542
615.745 454.101 548.541 101.17
884.483 324.535 618.403 322.047
872.004 372.496 570.296 302.96
615.904 458.141 543.876 99.785
913.445 353.542 580.535 341.74
877.491 433.891 505.644 293.204
656.772 501.721 496.14 121.53
864.755 310.93 637.565 311.253
601.037 547.66 467.721 78.817
931.271 352.117 576.169 356.191
727.894 296.853 681.253 204.257
705.226 553.368 438.615 144.482
812.808 365.41 591.835 257.857
659.853 463.911 528.046 128.388
893.06 372.967 564.379 320.065
780.273 488.798 479.357 208.788
912.662 333.026 602.076 345.929
623.335 402.422 595.503 113.603
691.758 399.999 584.892 162.252
619.008 538.791 470.27 91.4022
784.042 331.176 633.283 244.373
686.495 300.607 688.115 172.32
878.447 373.036 568.103 308.446
883.174 534.882 406.687 273.765
651.261 404.224 585.715 129.725
866.822 310.832 637.379 312.594
579.894 516.124 499.93 69.2718
588.34 509.659 503.761 75.9135
913.617 309.111 627.879 353.688
927.239 336.575 594.361 357.066
882.343 318.127 625.355 324.754
794.466 292.929 671.708 256.872
800.093 492.652 468.485 221.776
638.581 350.144 643.693 130.501
627.05 299.305 697.409 128.816
876.168 436.762 503.527 291.482
861.323 401.043 541.601 288.058
599.913 576.115 443.289 73.7503
889.625 378.748 559.971 315.492
913.713 315.917 620.542 351.355
871.81 374.254 568.404 302.251
893.841 373.757 563.241 320.395
708.7 378.102 601.515 177.44
681.484 271.424 720.496 173.644
623.278 360.826 636.314 118.797
647.81 410.892 581.702 128.535
885.608 528.784 411.41 277.204
689.207 299.53 685.36 173.74
928.981 370.028 558.133 350.796
679.702 591.552 410.472 121.645
876.524 507.078 436.14 276.04
653.956 555.786 447.654 111.212
796.82 295.823 669.021 259.196
931.214 337.093 594.213 360.859
786.017 507.893 458.821 208.675
875.8 411.441 530.246 296.628
873.563 350.935 593.799 309.72
886.146 381.013 557.81 312.535
664.068 322.775 666.335 152.092
766.126 466.406 502.832 202.623
677.211 307.049 680.135 164.302
648.922 473.541 523.76 120.668
629.126 568.78 442.85 93.2536
915.331 328.74 606.352 349.284
615.671 450.86 550.961 101.807
882.597 350.653 592.649 315.779
678.508 312.806 673.766 164.264
648.548 511.485 489.455 114.514
935.752 519.368 405.046 316.982
871.204 362.972 581.155 303.139
893.389 341.493 598.152 327.916
712.873 359.78 619.38 183.305
828.881 343.076 611.562 275.346
914.838 332.424 602.081 347.957
883.678 370.646 569.145 313.901
673.855 344.236 641.799 156.231
795.187 298.605 669.021 259.196
681.201 387.374 599.111 155.701
884.989 407.765 530.523 304.869
633.288 590.789 423.098 92.4991
695.828 384.361 598.644 167.034
915.873 373.143 558.134 338.568
870.876 389.877 552.919 298.182
918.851 361.141 569.607 345.797
881.904 550.442 393.374 269.085
870.538 366.664 575.926 305.594
876.102 396.212 543.322 302.659
659.055 465.478 527.581 127.284
579.894 516.124 499.93 69.2718
766.751 414.367 552.909 213.153
828.834 416.99 535.147 258.863
921.774 552.287 379.188 298.279
896.331 345.259 593.415 329.977
655.748 363.751 626.919 141.369
689.741 303.076 682.229 173.726
925.938 332.83 598.774 357.425
930.149 372.928 553.521 351.83
827.992 343.693 611.303 274.149
633.677 560.936 446.996 97.1224
889.17 328.357 611.927 329.542
885.608 528.784 411.41 277.204
883.37 367.433 572.83 313.236
869.591 303.862 644.282 316.629
875.201 364.219 578.024 307.19
926.981 335.92 594.361 357.066
684.14 343.2 641.488 164.86
644.059 449.917 546.597 120.511
917.779 354.884 579.609 345.117
886.43 525.9 413.723 278.719
880.199 430.453 508.38 296.077
668.718 468.389 523.579 134.603
907.849 329.479 607.274 342.889
891.583 501.789 435.121 287.691
784.149 502.117 464.254 209.088
764.569 419.23 549.055 211.078
878.171 345.956 596.905 314.267
634.091 449.711 548.17 113.077
650.207 414.553 578.509 129.584
728.153 470.833 509.251 174.486
654.441 470.238 525.518 125.035
928.347 538.213 390.299 306.703
665.521 473.573 519.429 131.696
644.202 517.024 485.706 111.142
878.971 501.402 440.033 278.819
889.555 432.096 504.452 302.914
630.832 369.544 626.101 123.18
869.033 423.232 518.795 289.237
782.584 504.624 462.224 206.737
928.844 391.658 535.179 343.926
1127.81 703.645 1139.93 547.095
1304.36 721.339 1287.16 488.126
1179.55 517.685 1099.28 369.315
1207.52 705.326 1203.84 514.467
1030.87 370.517 911.376 306.477
1021.3 300.16 871.404 250.001
1038.15 300.674 885.777 243.589
1323.41 721.674 1300.9 480.822
987.052 309.938 847.421 272.829
1064.72 367.917 938.213 289.973
1087.29 593.289 1058.33 471.85
1095.89 380.975 969.747 288.126
1070.12 599.607 1047.1 484.527
1097.63 595.424 1067.35 468.715
1156.45 459.508 1051.99 330.043
1167.57 544.687 1101.23 397.098
1005.99 368.985 891.72 316.436
1302.08 713.06 1281.71 481.219
1160.77 545.828 1096.59 401.963
1190.13 705.551 1189.19 523.295
1167.05 499.841 1080.57 359.01
1299.93 712.574 1279.52 481.728
1152.14 315.546 985.947 208.88
980.523 303.696 839.079 270.685
989.63 301.975 845.66 264.967
1100.72 701.856 1117.23 557.181
1125.85 317.176 965.322 221.126
1023.7 367.853 904.157 306.779
1094.5 388.83 972.295 295.346
1012.76 367.769 895.366 311.885
991.716 361.298 874.378 315.064
1209 703.028 1204.17 512.12
1193.88 391.401 1053.89 256.207
1175.81 704.374 1178.43 526.999
1108.87 692.374 1119.8 545.822
1336.24 440.718 1188.36 240.663
1053.24 371.733 930.599 298.468
1079.43 307.757 923.128 231.946
1129.5 386.254 999.773 278.645
1181.64 699.269 1180.75 520.373
1121.72 692.689 1130.15 540.549
1121.54 562.68 1072.14 431.474
1074.62 594.646 1048.39 478.125
1080.33 317.46 928.113 240.811
1015.97 307.015 870.177 257.858
1181.98 389.27 1043.2 259.049
1012.76 367.769 895.366 311.885
1095.7 599.29 1067.87 473.222
1042.67 370.151 922.229 300.896
1095.11 692.629 1109.5 552.334
1079.05 386.207 958.397 299.627
1072.73 591.717 1045.67 476.679
1178.11 388.861 1040.19 260.909
1054.17 373.675 932.16 299.335
1090.11 500.444 1019.08 392.161
1346.88 718.794 1318.81 467.333
1171.65 702.343 1174.69 527.656
1098.44 383.491 972.941 289.17
1021.84 377.968 907.457 316.538
1156.41 700.161 1161.09 532.053
1021.18 298.724 870.613 248.851
1145.93 700.415 1152.93 536.506
1107.95 699.58 1122.56 551.837
1311.09 718.226 1290.6 481.678
1246.76 714.561 1238.86 505.72
1327.35 715.873 1303.36 473.259
1124.23 692.934 1132.2 539.604
988.423 293.4 840.885 258.048
1030.78 302.384 878.847 247.831
1148.47 470.476 1053.03 342.424
1310.7 714.013 1288.6 478.401
988.926 763.91 1054.72 657.452
1136.39 694.306 1142.6 535.56
996.704 375.022 886.116 325.445
1110.75 555.628 1060.11 430.186
1064.68 370.245 939.503 292.146
1118.89 545.165 1061.86 418.038
1100.97 535.659 1043.28 417.417
1045.96 303.89 893.605 242.914
1186.65 322.757 1017.15 200.739
1113.36 694.646 1124.17 545.685
1191.57 388.637 1050.7 254.866
1090.14 698.571 1107.31 558.789
1155.7 394.627 1024.51 274.966
1008.14 303 861.75 258.129
1328.06 718.045 1303.94 474.714
1100.94 599.493 1070.48 470.155
1098.67 379.187 971.419 285.441
1156.71 397.677 1026.19 276.992
1104.74 546.978 1051.48 426.04
1108.92 382.076 980.564 283.706
1300.55 714.366 1279.52 481.728
1084.88 493.517 1012.43 387.646
1271.9 713.454 1258.41 494.087
1148.59 383.709 1012.28 268.067
1162.93 699.626 1166.21 528.626
1128.93 565.269 1079.7 430.599
1072.16 535.645 1020.24 429.731
1084.88 493.517 1012.43 387.646
1006.44 377.273 894.788 322.812
1170.07 380.467 1029.99 257.148
1160.52 699.235 1164.07 529.312
1082.41 594.117 1054.81 475.368
1254.91 714.264 1244.95 502.081
1040.92 368.151 918.69 300.021
1064.95 375.234 941.415 295.677
1080.3 504.944 1014.57 401.614
1052.11 301.975 896.185 239.597
1141.76 553.398 1084.17 414.863
1137.49 505.268 1059.22 376.542
1276.67 706.219 1259.49 485.745
1332.84 721.949 1309.01 475.57
1163.51 704.612 1168.99 532.761
1331.74 722.242 1309.01 475.57
988.759 367.88 875.934 321.864
1174.79 388.389 1036.52 259.849
1204.16 501.989 1110.26 344.621
1074.78 593.88 1048.39 478.125
1070.41 558.372 1028.66 450.914
1009.64 299.698 860.021 254.977
1155.99 316.657 991.893 206.699
1174.79 388.389 1036.89 260.889
1209.23 705.68 1205.58 514.065
1166.51 381.828 1027.59 259.509
1133.04 390.691 1004.1 281.052
1162.86 389.006 1027.69 267.336
1155.16 385.155 1019.81 266.559
1253.74 709.939 1242.43 498.94
1093.59 694.466 1108.65 553.903
1186.52 703.669 1187.34 521.12
1076.72 307.69 921.169 233.857
1292.53 719.844 1276.79 490.778
1137.91 391.58 1007.13 279.439
1191.57 388.637 1050.7 254.866
1094.54 383.311 969.504 290.601
1072.49 306.967 914.279 234.107
1110.81 506.438 1038.53 388.596
1052.85 307.718 898.614 243.822
1042.79 373.469 922.565 304.207
1140.13 382.998 1006.59 271.444
1150.55 383.787 1017.69 268.607
1041.39 306.142 890.68 246.624
984.775 309.909 845.323 273.683
1086.61 382.182 962.219 293.224
1186.5 397.065 1050.34 265.067
1098.86 595.199 1068.51 468.496
1033.14 370.937 913.22 305.671
1214.86 707.045 1210.35 512.612
1112.92 695.834 1124.46 546.899
1202.19 398.747 1063.98 259.308
1273.46 536.332 1181.55 345.87
1175.33 550.847 1110.15 398.482
1244.28 713.905 1236.85 506.377
1106.23 549.597 1054.18 427.076
1084.7 552.053 1037.44 438.915
1162.44 398.535 1031.69 275.444
1075.17 592.921 1048.39 478.125
1163.27 384.514 1026.01 264.267
1272.59 719.667 1261.35 499.257
1105.78 543.624 1052.65 419.633
1203.24 701.335 1199.57 512.879
1098.56 692.474 1111.86 550.662
1282.75 720.764 1269.8 496.041
1106.63 384.72 980.812 286.895
1241.29 709.331 1231.4 503.789
1313.5 348.901 1128.85 172.592
1198.84 702.266 1195.87 515.579
1108.41 388.64 983.493 289.349
1114.94 549.885 1061.18 423.59
1104.62 511.755 1035.04 396.035
1048.9 587.175 1024.25 483.072
1140.65 700.551 1150.25 538.501
1192.53 710.73 1194.62 525.359
1128.25 378.565 995.171 272.506
1164.34 456.661 1059.15 324.213
1068.89 532.243 1015.87 428.286
1261.9 716.257 1251.33 500.416
1199.34 393.945 1059.5 255.879
1105.55 695.782 1118.47 549.705
1067.9 378.927 947.494 299.822
1127.72 693.481 1134.87 537.607
1192.87 706.553 1192.77 521.472
1154.46 387.27 1020.27 269.221
1055.9 307.855 903.461 242.18
1059.87 377.315 938.981 300.449
1105.63 697.323 1119.25 551.044
1037.46 379.786 921.344 311.743
1020.93 303.627 873.246 251.567
1136.37 390.886 1007.13 279.439
1041.63 592.832 1020.95 490.821
1124.87 317.111 964.496 221.501
1168.95 566.856 1112.17 415.126
1080.24 374.397 952.927 287.486
1380.53 811.26 1382.04 529.944
1138.5 699.282 1146.45 538.808
1329.76 720.992 1305.21 476.388
1056.92 376.651 935.96 300.613
1111.6 388.119 985.471 287.969
1277.52 713.927 1262.52 492.137
1160.21 704.256 1165.98 533.664
1234.49 327.757 1057.85 185.395
998.061 366.763 882.674 317.148
997.362 372.998 884.88 322.598
1121.38 695.031 1130.92 542.718
1140.74 386.457 1008.85 273.818
1001.24 374.356 888.457 322.578
1078.59 596.422 1052.5 478.414
1089.32 590.024 1059.24 467.915
1183.25 548.411 1116.75 391.478
1062.85 597.831 1040.35 486.045
1084.04 600.294 1058.72 478.971
1155.58 541.914 1090.24 399.759
1302.08 713.06 1281.71 481.219
1093.18 596.596 1064.13 471.581
1133.62 517.637 1062.42 388.29
1115.44 315.93 956.043 224.152
1138.35 698.215 1145.8 537.873
1175.81 704.374 1178.43 526.999
1109.44 557.199 1060.09 431.963
1347.32 718.639 1319.03 467.151
1115.21 314.604 955.373 223.299
1192.03 396.827 1054.75 261.921
1150.55 383.787 1016.33 267.339
984.941 364.249 870.86 320.53
1058.16 377.29 937.399 300.756
1111.96 694.405 1122.74 545.988
1282.31 709.205 1264.31 486.374
1088.42 594.055 1059.84 473.801
1159.26 386.979 1023.52 266.804
1129.22 389.311 1000.62 281.293
1135.3 386.478 1004.14 276.412
1303.84 484.101 1182.57 289.789
1177.4 381.275 1035.99 254.467
1279.09 711.343 1261.87 489.042
1089.49 598.351 1061.6 476.755
1169.16 467.38 1068.91 332.324
1024.85 372.264 908.572 309.845
1289.37 489.354 1173.55 299.652
1110.75 555.628 1060.11 430.186
1119.05 564.165 1070.87 433.824
1090.83 377.951 965.307 287.799
1102.03 691.681 1113.9 548.089
1128.6 380.898 996.306 274.109
1258.33 709.88 1245.93 497.131
1044.92 595.871 1024.75 491.955
1193.19 704.724 1192.09 520.258
1038.6 305.748 888.132 248.145
1317.16 724.916 1298.35 484.935
1116.62 696.268 1127.85 545.379
1020.93 303.627 873.246 251.567
1289.37 489.354 1173.55 299.652
1075.27 305.214 917.836 231.14
1000.15 372.535 888.457 322.578
1124.89 304.628 959.089 210.619
1265.22 715.646 1253.69 498.944
1029.32 301.145 878.089 247.206
1047.68 303.487 894.855 241.871
1197.94 705.581 1196.82 519.466
1340.99 397.742 1173.5 201.23
1304.48 715.523 1285.38 483.387
1296.62 713.544 1277.37 484.415
1090.11 603.066 1064.95 479.072
1134.92 698.403 1143.31 538.882
1199.85 389.516 1057.13 251.935
1018.07 371.229 901.247 312.613
1214.65 707.764 1210.33 513.35
1160.52 699.235 1164.07 529.312
1048.59 591.242 1025.66 486.166
1084.06 593.422 1055.8 472.571
1191.15 565.592 1128.86 404.49
1186.65 322.757 1017.15 200.739
1283.3 715.224 1267.68 490.94
1089.92 603.97 1065.21 480.001
1123.72 316.808 963.039 221.326
1025.76 301.572 875.882 249.664
1055.14 597.258 1033.81 489.206
1107.48 382.039 979.287 283.564
1116.66 700.785 1129.73 549.453
1102.03 691.681 1113.9 548.089
1221.94 501.99 1125.55 338.3
1261.53 713.946 1250.91 499.811
1142.96 382.94 1008.78 270.194
1139.83 482.43 1051.48 355.852
1252.08 707.702 1240.31 498.007
984.879 295.767 838.842 261.596
1167.57 544.687 1101.23 397.098
1083.97 598.718 1057.95 477.792
1038.6 368.832 916.888 301.7
1049.14 383.357 932.262 309.36
1232.84 712.918 1227.22 510.122
1178.98 463.837 1075.84 321.515
1127.81 700.179 1138.36 544.122
1148.8 391.691 1017.38 275.027
1280.6 715.771 1265.92 493.497
1282.98 719.657 1269.5 495.114
1107.16 387.064 983.493 289.349
1252.6 710.742 1242.05 500.731
1154.2 396.26 1024.04 276.905
1197.97 711.168 1199.04 523.809
1347.32 718.639 1319.03 467.151
1320.6 715.459 1297.15 475.436
1055.39 591.835 1033.43 484.155
989.937 310.046 849.827 272.044
1162.93 699.626 1166.21 528.626
1128.93 565.269 1079.7 430.599
1291.89 711.359 1272.67 484.076
1133.1 693.471 1139.38 534.544
999.698 366.29 884.085 316.043
1105.63 697.323 1119.25 551.044
1060.38 591.338 1035.23 481.279
1344.31 776.441 1337.76 516.357
1091.72 383.672 967.92 292.173
1114.94 549.885 1061.18 423.59
1070.05 589.38 1042.68 476.41
1026.12 373.421 908.983 311.163
1096.15 377.752 968.372 285.091
1187.02 552.371 1120.13 395.174
1261.53 713.946 1250.91 499.811
1168.69 398.141 1036.71 272.543
1351.64 721.199 1323.31 467.23
1106.42 525.624 1041.84 405.984
1104.74 546.978 1051.48 426.04
1265.96 710.461 1251.97 494.145
1043.89 305.343 892.289 244.877
1033.98 306.738 885.013 250.523
1043.45 370.21 921.361 302.745
1081.42 547.183 1033.43 436.041
1060.07 556.765 1019.71 452.662
1072.57 556.619 1029.86 447.08
1290.2 711.204 1271.64 486.141
1052.99 586.921 1027.79 480.775
1050.39 545.333 1006.86 447.079
1078.97 540.676 1028.26 431.147
1205.95 512.806 1117.57 354.552
1041.39 306.142 890.68 246.624
980.898 372.748 870.448 329.334
1196.47 571.581 1137.27 406.675
1129.14 378.809 995.955 272.339
1037.57 365.16 914.586 299.216
1126.36 385.828 998.627 278.45
1142.18 380.262 1007.08 268.324
1194.66 547.887 1123.92 388.3
1213.69 470.372 1104.57 315.036
1145.64 695.253 1150.12 532.233
1265.96 710.461 1251.97 494.145
1175.37 700.76 1176.59 524.568
1292.53 719.844 1276.79 490.778
1025.85 312.65 880.774 258.82
1075.17 592.921 1047.74 475.929
1075.5 589.903 1047.08 473.97
1215.21 710.988 1212.61 515.978
1154.87 542.627 1090.02 400.786
1258.6 715.615 1248.6 501.784
1340.99 397.742 1173.5 201.23
1077.92 600.382 1053.94 481.96
1163.09 394.273 1030.35 272.604
1005.99 368.985 890.772 316.75
1209.44 711.857 1208.36 519.394
1095.34 390.367 974.53 294.927
1259.7 486.487 1148.65 310.078
1084.78 589.784 1054.76 469.867
1127.76 694.858 1135.86 539.653
1108.87 692.374 1119.8 545.822
1164.04 391.924 1029.95 269.179
1160.21 704.256 1165.98 533.664
1342.19 435.086 1190.94 232.866
1192.96 476.098 1091.28 328.36
1162.86 389.006 1027.69 267.336
994.202 758.079 1056.22 650.216
991.268 762.476 1055.92 654.81
1067.9 378.927 947.494 299.822
1323.41 721.674 1300.9 480.822
1096.81 554.254 1048.6 435.24
1064.95 374.407 941.415 295.677
1105.63 697.323 1119.25 551.044
1120.73 312.788 958.788 219.306
1163.69 700.875 1167.17 529.381
1222.48 705.16 1215.36 508.181
1125.85 317.176 965.322 221.126
988.501 313.419 850.168 275.344
1137.49 505.268 1059.22 376.542
1074.78 593.88 1048.39 478.125
1201.34 709.699 1200.75 520.764
1093.62 698.997 1110.75 557.687
1045.64 590.011 1022.85 487.149
1124.87 317.111 964.496 221.501
1070.26 383.209 950.135 298.99
1265.38 477.957 1149.41 300.598
1038.15 300.674 885.777 243.589
1252.29 712.774 1242.61 502.102
1170.39 699.994 1172.25 525.903
1216.9 516.01 1127.73 353.372
988.439 312.38 849.675 274.435
1141.21 314.601 976.846 212.293
1121.38 695.031 1130.92 542.718
988.034 305.603 846.358 268.784
1102.1 693.102 1113.9 548.089
1058.48 307.265 903.259 239.532
1102.54 596.419 1073.71 467.855
1163.52 568.89 1107.09 418.804
1175.76 521.333 1097.44 373.785
1253.74 709.939 1242.43 498.94
1195.27 324.196 1024.84 198.588
1138.65 513.204 1063.76 382.115
1237.93 710.315 1229.94 505.538
1087.83 595.228 1059.55 473.041
1102.85 699.361 1118.61 554.326
1199.8 392.198 1058.8 255.024
1064.95 374.407 941.415 295.677
1137.23 702.609 1146.6 542.605
1121.02 539.528 1061.59 412.493
1127.92 701.385 1139.02 545.485
1124.27 700.802 1136.36 546.852
1183.25 548.411 1116.75 391.478
1119.18 561.056 1069.42 431.367
1177.06 485.853 1082.11 342.955
1136.37 390.886 1007.13 279.439
1123.72 316.808 963.039 221.326
1030.42 379.534 915.355 314.45
1189.45 557.229 1125 398.528
1047.77 308.43 897.077 246.108
1108.87 692.374 1119.8 545.822
1109.22 553.728 1058.55 429.272
980.171 300.74 837.552 267.908
1152.04 702.741 1158.75 535.876
1083.76 594.782 1056.12 474.596
1143.75 383.117 1008.78 270.194
1099.88 378.831 972.058 284.642
1230.2 703.86 1222.85 503.172
1149.2 694.748 1152.78 530.056
1115.18 545.422 1059.53 419.736
1078.59 598.319 1053.48 480.1
1124.87 317.111 964.496 221.501
1283.3 715.224 1267.68 490.94
1035.91 302.017 884.141 245.24
1305.37 536.604 1206.78 332.709
1333.47 326.884 1136.54 145.106
1073.34 599.104 1049.63 482.986
1124.27 693.528 1132.2 539.604
1312.37 722.623 1292.98 485.519
1256.78 790.13 1279.75 564.157
1200.83 704.751 1198.91 516.597
1156.57 567.2 1102.23 420.503
1157.45 479.49 1064.4 346.675
1114.36 306.668 951.438 216.763
1161.99 387.208 1027.69 267.336
1178.41 707.217 1180.72 529.112
1145.93 700.415 1152.93 536.506
1118.73 555.504 1068.13 426.742
1095.75 694.641 1110.1 553.18
1136.37 390.886 1007.13 279.439
1045.66 301.875 892.35 241.396
1288.25 481.219 1169.31 293.458
1125.85 317.176 965.322 221.126
1183.67 473.239 1082.78 328.93
1226.2 704.549 1218.8 506.507
1191.15 565.592 1128.86 404.49
1252.08 707.702 1240.31 498.007
1144.36 385.027 1011.06 271.525
1092.92 698.618 1109.69 557.887
1108.58 699.457 1122.56 551.837
1108.58 699.457 1122.56 551.837
1092.29 381.638 966.971 290.234
1171.25 395.427 1037.35 269.078
1292.03 718.245 1275.84 489.73
1057.64 588.311 1031.97 480.292
1237.93 710.315 1229.94 505.538
1175.6 465.328 1072.37 326.36
1171.47 570.148 1115.55 416.916
1112.49 315.958 953.265 225.149
1165.2 543.143 1098.34 396.653
988.564 290.762 840.144 255.341
1258.33 709.88 1245.93 497.131
1207.52 705.326 1203.84 514.467
1199.85 389.516 1057.13 251.935
1097.01 541.641 1042.81 423.501
1133.73 318.63 972.619 219.273
1167.81 546.335 1102.32 398.611
1080.02 597.092 1052.5 478.414
1149.22 700.037 1155.2 534.867
1144.27 386.422 1011.54 272.802
1313.45 721.82 1294 483.618
1100.07 600.802 1072.25 472.717
1237.95 706.248 1228.19 502.332
1056.17 595.867 1035.57 486.547
1133.9 704.64 1145.08 545.241
1187.58 388.1 1047.64 255.98
1144.36 385.027 1011.06 271.525
1048.59 591.242 1025.66 486.166
1265.68 708.952 1251.97 494.145
1103.32 560.965 1057.03 437.642
1176.17 509.441 1092.35 363.65
1265.06 711.738 1252.12 495.861
1310.92 715.257 1289.27 479.747
1051.7 590.82 1028.38 484.853
1319.71 721.346 1298.79 481.521
1083.52 597.831 1057.24 477.106
1268.9 709.126 1253.34 491.274
1076.77 374.672 949.865 290.336
1077.84 371.59 950.845 287.828
1076.79 370.517 948.978 287.196
1166.37 569.822 1111.43 418.677
1127.18 563.715 1077.26 429.862
1265.96 710.461 1251.97 494.145
1101.97 381.886 976.343 286.251
1199.68 322.431 1027.71 194.868
1036.24 302.826 884.141 245.24
1138.5 699.282 1146.45 538.808
994.147 378.346 884.763 328.943
1140.65 700.551 1149.58 537.928
1178.45 395.48 1043.14 266.022
1037.54 312.523 890.655 253.929
1081.77 384.673 960.094 297.381
1191.21 390.6 1051.46 256.666
1184.42 396.734 1048.65 264.794
1130.47 697.666 1139.32 540.737
1064.88 373.351 940.836 294.639
1094.87 379.187 969.747 288.126
1203.91 389.46 1058.01 249.695
1160.68 529.211 1089.06 387.09
1307.16 712.51 1284.95 478.424
1089.65 389.794 968.599 298.251
1102.54 601.6 1074.22 472.483
1076.53 379.044 953.071 294.558
1110.7 456.182 1016.11 345.888
1220.59 526.703 1135.37 360.055
988.378 306.816 847.097 269.945
1022.48 373.623 906.079 312.572
1132.55 375.601 996.943 268.181
1068.62 380.453 947.494 299.822
1094.44 599.29 1067.87 473.222
1154.99 396.773 1024.71 277.141
1078.49 522.861 1019.87 415.872
992.809 770.332 1060.37 661.26
985.105 754.898 1050.21 651.41
1154.46 387.27 1020.27 269.221
1142.21 696.867 1148.26 535.161
1117.93 509.14 1046.24 388.959
1046.17 305.795 892.289 244.877
1216.9 478.174 1110.98 320.215
1191.46 474.6 1089.38 327.584
1074.76 599.339 1049.95 481.281
1152.16 385.861 1017.69 268.607
1354.01 726.365 1327.77 471.941
1097.2 389.191 974.53 294.927
1099.88 378.831 972.058 284.642
1196.89 548.954 1126.33 388.252
1192.75 397.332 1055.55 261.803
1203.38 707.205 1201.61 518.267
1241.08 703.247 1229.32 498.44
1182.79 322.208 1013.68 201.954
1380.53 811.26 1382.04 529.944
1111.59 379.358 979.233 279.391
1152.39 394.957 1021.82 276.582
1203.24 701.335 1199.57 512.879
1139.2 566.503 1088.21 427.307
1133.44 375.853 997.663 268.118
1009.51 376.616 896.379 320.507
1064.95 375.234 941.415 295.677
1069.04 371.707 943.343 291.573
1056.09 370.827 932.342 295.975
1022.48 373.623 906.079 312.572
1152.39 394.957 1021.82 276.582
1115.77 543.505 1059.53 419.736
1177.91 387.945 1039.42 260.055
1047.68 303.487 894.855 241.871
1080.18 372.493 952.927 287.486
1185.72 699.403 1184.11 518.863
1052.81 594.124 1030.4 486.574
999.023 366.359 883.283 316.492
