0 3879
1 3877
2 5719
3 803
4 2851
5 2506
6 6561
7 4605
8 4240
9 4327
10 2145
11 7621
12 4348
13 5144
14 2416
15 4367
16 6906
17 5385
18 1504
19 1682
20 1684
21 958
22 2614
23 1998
24 3923
25 3290
26 3815
27 4745
28 2728
29 1425
30 1049
31 7465
32 5769
33 3555
34 2216
35 6954
36 1553
37 6530
38 3814
39 1301
40 344
41 3000
42 7967
43 3171
44 440
45 584
46 4197
47 5302
48 6686
49 2166
50 2603
51 2094
52 3825
53 4479
54 7011
55 2685
56 8004
57 253
58 5533
59 7568
60 7073
61 1877
62 1707
63 2158
64 5224
65 1737
66 2955
67 7820
68 6029
69 1137
70 928
71 1387
72 3212
73 4462
74 2412
75 1866
76 6037
77 5143
78 1391
79 762
80 1805
81 5291
82 246
83 5893
84 7199
85 7523
86 4736
87 3233
88 7426
89 6171
90 6940
91 310
92 912
93 4219
94 7871
95 1668
96 4927
97 4357
98 1950
99 4407
100 1707
101 6305
102 2968
103 1539
104 6078
105 6246
106 7668
107 6003
108 2929
109 1259
110 2536
111 7670
112 7813
113 7840
114 7672
115 5444
116 2753
117 2786
118 4647
119 6632
120 2858
121 2708
122 3626
123 6008
124 6450
125 7564
126 2442
127 7167
128 7593
129 5304
130 1004
131 3522
132 7455
133 1196
134 2637
135 1033
136 2261
137 3413
138 5046
139 2098
140 1957
141 7269
142 2409
143 7112
144 6980
145 2355
146 3295
147 6748
148 4186
149 7438
150 2755
151 4747
152 4574
153 7389
154 2378
155 4491
156 923
157 2986
158 4397
159 3505
160 7107
161 1845
162 357
163 2228
164 3756
165 1202
166 6167
167 6032
168 7530
169 4617
170 760
171 2877
172 2807
173 2195
174 2186
175 6187
176 4398
177 5100
178 3827
179 1480
180 359
181 1254
182 2348
183 6241
184 4786
185 251
186 6224
187 4589
188 3520
189 1765
190 7404
191 3598
192 4627
193 2213
194 4263
195 6367
196 7813
197 268
198 7802
199 2173
200 5951
201 6022
202 4681
203 7231
204 5746
205 4028
206 614
207 3102
208 5581
209 8188
210 7803
211 6649
212 1455
213 1241
214 3914
215 1259
216 2925
217 6956
218 4792
219 4153
220 1380
221 7941
222 6021
223 7222
224 3177
225 5409
226 998
227 4143
228 4952
229 3822
230 6164
231 3830
232 3877
233 1054
234 983
235 1404
236 4197
237 2984
238 907
239 4900
240 2438
241 7116
242 2785
243 8114
244 7117
245 4935
246 3191
247 1507
248 1665
249 5354
250 4908
251 1502
252 7749
253 660
254 6764
255 7800
256 1404
257 4672
258 4914
259 3847
260 828
261 6901
262 4033
263 4513
264 2709
265 7287
266 3093
267 3807
268 1590
269 3503
270 1811
271 3842
272 4287
273 3845
274 393
275 4343
276 3628
277 4602
278 139
279 2867
280 1291
281 3749
282 7631
283 2079
284 7619
285 941
286 7515
287 6165
288 7476
289 1048
290 5012
291 1598
292 3671
293 4256
294 2102
295 3924
296 6206
297 3254
298 7127
299 7386
300 5908
301 7423
302 153
303 6524
304 6513
305 1834
306 4335
307 3723
308 7142
309 761
310 6446
311 6431
312 2899
313 5672
314 1994
315 5196
316 4663
317 2692
318 3866
319 856
320 1117
321 3496
322 2821
323 7563
324 920
325 1560
326 7382
327 4923
328 1033
329 3343
330 2754
331 907
332 3410
333 7804
334 3613
335 6633
336 6404
337 2396
338 2232
339 5586
340 5570
341 6131
342 4113
343 3243
344 5468
345 3552
346 7899
347 5553
348 6799
349 7568
350 1469
351 6864
352 253
353 1797
354 612
355 2305
356 414
357 2135
358 5018
359 2157
360 1071
361 3494
362 1661
363 4730
364 7388
365 6658
366 4927
367 7118
368 5453
369 6890
370 6241
371 6032
372 1602
373 1077
374 7130
375 1675
376 4405
377 4893
378 5008
379 1740
380 6893
381 6288
382 1622
383 6604
384 2144
385 2634
386 6455
387 2361
388 6578
389 5684
390 2163
391 1251
392 3848
393 1320
394 5501
395 2334
396 3191
397 4247
398 1534
399 4892
400 3876
401 3986
402 1628
403 5463
404 7711
405 5028
406 3877
407 5227
408 1052
409 7015
410 305
411 98
412 6862
413 2223
414 2152
415 3338
416 2270
417 6748
418 8026
419 1021
420 6788
421 4719
422 4366
423 412
424 5050
425 6367
426 4108
427 342
428 6414
429 2706
430 206
431 7404
432 7158
433 4718
434 1722
435 1282
436 4997
437 4385
438 2029
439 5213
440 7674
441 2789
442 1229
443 980
444 2349
445 1581
446 4955
447 2903
448 1154
449 7808
450 1654
451 3926
452 1402
453 5193
454 4717
455 6630
456 3530
457 2912
458 7155
459 7692
460 2060
461 5562
462 334
463 6562
464 6404
465 2817
466 6492
467 2980
468 120
469 1224
470 980
471 6599
472 4039
473 5214
474 1405
475 3201
476 5042
477 6827
478 8088
479 4810
480 4309
481 2904
482 4338
483 7613
484 4338
485 4977
486 1686
487 782
488 2147
489 5573
490 5081
491 5545
492 5243
493 822
494 425
495 2030
496 7776
497 7802
498 5800
499 1634
500 2918
501 7527
502 4481
503 7315
504 3542
505 7553
506 5047
507 6902
508 3669
509 3489
510 8106
511 4455
512 4235
513 3913
514 3581
515 4520
516 2255
517 6414
518 1251
519 2542
520 3112
521 2813
522 4098
523 8009
524 7057
525 3519
526 1473
527 4178
528 4119
529 7192
530 7635
531 5362
532 234
533 7941
534 38
535 5841
536 1800
537 4230
538 7991
539 5732
540 3444
541 898
542 1438
543 1814
544 8011
545 4847
546 7197
547 1736
548 4289
549 4729
550 6749
551 8144
552 502
553 3073
554 4961
555 2818
556 1785
557 3843
558 2924
559 1248
560 1861
561 4719
562 6398
563 4940
564 3033
565 4462
566 7862
567 6138
568 2589
569 6880
570 917
571 3828
572 6397
573 1230
574 1194
575 936
576 2122
577 7481
578 5013
579 4147
580 1759
581 7537
582 6249
583 5008
584 7346
585 7280
586 2836
587 1243
588 250
589 836
590 7656
591 2810
592 813
593 3818
594 2276
595 2568
596 694
597 4233
598 2512
599 6975
600 4101
601 7371
602 6655
603 2225
604 7044
605 6234
606 4505
607 1133
608 2461
609 2601
610 1156
611 3438
612 6177
613 1701
614 6796
615 3904
616 1927
617 1243
618 6630
619 4140
620 3908
621 6997
622 4158
623 699
624 4887
625 321
626 2401
627 7569
628 1294
629 2760
630 4199
631 2645
632 5619
633 4017
634 2876
635 6810
636 7663
637 2334
638 2514
639 3215
640 6474
641 7597
642 4410
643 4189
644 455
645 2796
646 3561
647 3275
648 6599
649 4837
650 3787
651 2283
652 620
653 2715
654 5032
655 7661
656 7770
657 3392
658 1209
659 3727
660 2350
661 2481
662 1833
663 4256
664 1133
665 3575
666 5668
667 5013
668 4143
669 5028
670 5487
671 3147
672 439
673 7353
674 2676
675 7802
676 5627
677 874
678 6464
679 886
680 532
681 5655
682 1626
683 3545
684 4954
685 4033
686 5018
687 4312
688 947
689 4945
690 6402
691 875
692 2448
693 4283
694 694
695 4914
696 3669
697 4915
698 446
699 4821
700 2330
701 7119
702 6628
703 92
704 7242
705 4615
706 4318
707 1196
708 5498
709 3046
710 7419
711 1621
712 6106
713 1830
714 5910
715 8095
716 2345
717 336
718 6468
719 1564
720 1510
721 5633
722 7572
723 2880
724 4612
725 4562
726 5874
727 5219
728 2827
729 5082
730 1233
731 5654
732 2492
733 3636
734 4122
735 3252
736 7421
737 2531
738 2455
739 1806
740 4906
741 4906
742 5283
743 6157
744 5642
745 7922
746 5419
747 2540
748 47
749 3058
750 7090
751 4460
752 6351
753 277
754 715
755 3321
756 4174
757 2127
758 1443
759 4220
760 8158
761 4741
762 1770
763 7981
764 5515
765 2867
766 6413
767 1377
768 2089
769 1679
770 846
771 487
772 5226
773 47
774 4044
775 7400
776 4234
777 3282
778 1743
779 2875
780 3702
781 1608
782 1417
783 2610
784 6345
785 828
786 5118
787 2348
788 887
789 3615
790 5668
791 988
792 55
793 7135
794 3719
795 2748
796 7835
797 4965
798 2867
799 2897
800 657
801 341
802 6845
803 7125
804 759
805 198
806 2983
807 1354
808 6652
809 7337
810 3073
811 41
812 519
813 6364
814 6937
815 6356
816 7505
817 5033
818 4582
819 4799
820 4984
821 3861
822 250
823 5323
824 6950
825 3543
826 1779
827 6083
828 2393
829 8015
830 5806
831 3354
832 7197
833 2998
834 4078
835 1386
836 2479
837 3022
838 3576
839 3883
840 3198
841 7770
842 2136
843 1098
844 1033
845 3467
846 61
847 2154
848 6779
849 938
850 4921
851 3640
852 5102
853 7637
854 2285
855 7234
856 2545
857 7611
858 7447
859 1196
860 6059
861 2876
862 5111
863 1695
864 900
865 3147
866 1243
867 2287
868 1368
869 2586
870 2465
871 2868
872 3392
873 2942
874 2258
875 3563
876 1766
877 7536
878 5469
879 2046
880 3158
881 4735
882 6499
883 327
884 4491
885 1690
886 4626
887 4451
888 8083
889 5034
890 2641
891 4149
892 4736
893 3204
894 3651
895 2603
896 2735
897 6516
898 870
899 1473
900 7099
901 5859
902 2973
903 5017
904 3010
905 7021
906 4848
907 6980
908 6453
909 2209
910 5514
911 3400
912 6126
913 4133
914 7708
915 1142
916 3731
917 3274
918 5810
919 666
920 4729
921 3663
922 1246
923 338
924 3175
925 2284
926 4737
927 4315
928 1910
929 6104
930 1499
931 5260
932 7611
933 1838
934 1761
935 7761
936 3411
937 1160
938 3839
939 5255
940 1773
941 108
942 2168
943 2374
944 4201
945 7922
946 4168
947 6244
948 7947
949 287
950 4631
951 6912
952 3386
953 7393
954 7392
955 6204
956 5811
957 3861
958 3499
959 5856
960 1590
961 346
962 4864
963 2159
964 6577
965 2479
966 1600
967 1726
968 3973
969 6052
970 4037
971 7118
972 5490
973 2775
974 3520
975 4520
976 8170
977 8193
978 4393
979 5431
980 3904
981 7305
982 6169
983 7697
984 1854
985 3416
986 4063
987 7376
988 3176
989 2763
990 1197
991 2340
992 1240
993 386
994 5786
995 3103
996 5907
997 533
998 1775
999 7069
1000 2404
1001 2228
1002 3556
1003 5054
1004 623
1005 1254
1006 5180
1007 2698
1008 4092
1009 4097
1010 5248
1011 7068
1012 3326
1013 619
1014 4185
1015 7811
1016 4996
1017 1465
1018 5635
1019 6387
1020 2972
1021 4411
1022 3581
1023 2808
1024 1926
1025 8171
1026 3622
1027 5761
1028 6664
1029 4267
1030 4178
1031 4000
1032 1196
1033 3905
1034 3192
1035 3856
1036 7782
1037 7003
1038 4474
1039 3421
1040 3794
1041 4376
1042 7590
1043 5303
1044 7701
1045 4869
1046 2950
1047 1232
1048 590
1049 427
1050 2770
1051 5642
1052 4772
1053 573
1054 2241
1055 440
1056 5209
1057 5383
1058 7194
1059 7155
1060 4127
1061 172
1062 1995
1063 6231
1064 7662
1065 1995
1066 80
1067 7770
1068 7625
1069 2832
1070 6225
1071 6659
1072 4422
1073 4791
1074 6602
1075 2880
1076 1889
1077 6851
1078 5351
1079 1259
1080 1814
1081 6118
1082 2895
1083 1473
1084 2973
1085 2063
1086 6665
1087 1950
1088 6782
1089 2539
1090 1853
1091 3956
1092 5963
1093 6015
1094 3781
1095 5164
1096 7218
1097 7601
1098 7534
1099 1657
1100 1197
1101 295
1102 6208
1103 4173
1104 4463
1105 7618
1106 3882
1107 2979
1108 7642
1109 4292
1110 5469
1111 1170
1112 5660
1113 3722
1114 1811
1115 4985
1116 4307
1117 1445
1118 4201
1119 3639
1120 4672
1121 2554
1122 3980
1123 6243
1124 6875
1125 4391
1126 4151
1127 3908
1128 4282
1129 2606
1130 3271
1131 6519
1132 4804
1133 7313
1134 6243
1135 3185
1136 4815
1137 5039
1138 2106
1139 2021
1140 847
1141 2876
1142 206
1143 4063
1144 6132
1145 5603
1146 1169
1147 487
1148 3299
1149 1577
1150 2965
1151 7949
1152 5190
1153 5827
1154 7841
1155 6599
1156 3262
1157 7055
1158 5235
1159 2642
1160 3044
1161 2348
1162 952
1163 1692
1164 6754
1165 6108
1166 4773
1167 6353
1168 1252
1169 1664
1170 769
1171 7144
1172 3300
1173 2806
1174 6730
1175 1859
1176 7161
1177 8129
1178 3679
1179 4193
1180 7116
1181 4404
1182 6302
1183 7603
1184 7039
1185 4235
1186 121
1187 2933
1188 740
1189 4138
1190 2459
1191 7917
1192 7409
1193 5491
1194 4216
1195 2306
1196 5743
1197 7598
1198 4986
1199 4305
1200 5664
1201 6343
1202 7418
1203 3543
1204 4319
1205 7316
1206 5586
1207 8073
1208 7847
1209 797
1210 1375
1211 7320
1212 7706
1213 6935
1214 4760
1215 7652
1216 1158
1217 2460
1218 3168
1219 4980
1220 8026
1221 1121
1222 2608
1223 811
1224 721
1225 1897
1226 3792
1227 5537
1228 4034
1229 1759
1230 2272
1231 2877
1232 8062
1233 7558
1234 6901
1235 1827
1236 4749
1237 1306
1238 6830
1239 3857
1240 3970
1241 3238
1242 7792
1243 4115
1244 2195
1245 1129
1246 2552
1247 2823
1248 7439
1249 2949
1250 1858
1251 6450
1252 2771
1253 4630
1254 3334
1255 5156
1256 6697
1257 76
1258 2782
1259 5630
1260 4057
1261 238
1262 2973
1263 1564
1264 2335
1265 6670
1266 4800
1267 513
1268 4201
1269 2544
1270 1204
1271 3105
1272 7555
1273 5697
1274 4284
1275 847
1276 2323
1277 7209
1278 4780
1279 6535
1280 4530
1281 1795
1282 5858
1283 1808
1284 1222
1285 5148
1286 5119
1287 2277
1288 6163
1289 3234
1290 7504
1291 4573
1292 3956
1293 1887
1294 3838
1295 8168
1296 1369
1297 3129
1298 5462
1299 381
1300 1972
1301 3269
1302 3536
1303 7157
1304 355
1305 420
1306 7776
1307 1248
1308 5633
1309 461
1310 7969
1311 6423
1312 7653
1313 8183
1314 4862
1315 2031
1316 6513
1317 152
1318 7596
1319 2261
1320 2294
1321 3240
1322 569
1323 5822
1324 6231
1325 3724
1326 4665
1327 2242
1328 5661
1329 6884
1330 1495
1331 5742
1332 3023
1333 7124
1334 492
1335 2604
1336 1038
1337 2334
1338 6008
1339 3132
1340 5361
1341 1529
1342 5731
1343 4183
1344 1325
1345 1396
1346 5062
1347 3144
1348 4497
1349 6903
1350 8018
1351 741
1352 3153
1353 6725
1354 2154
1355 1150
1356 5730
1357 2106
1358 1590
1359 5961
1360 5733
1361 2544
1362 4012
1363 3536
1364 4061
1365 1137
1366 4388
1367 1891
1368 2614
1369 1754
1370 7892
1371 5961
1372 7634
1373 526
1374 3137
1375 3847
1376 5627
1377 6807
1378 3768
1379 1118
1380 1150
1381 649
1382 1595
1383 2775
1384 5384
1385 8061
1386 3366
1387 5221
1388 5615
1389 5497
1390 4792
1391 1394
1392 3404
1393 1302
1394 2941
1395 214
1396 5181
1397 4359
1398 6989
1399 4675
1400 3384
1401 2251
1402 4026
1403 1457
1404 1377
1405 2793
1406 4894
1407 3894
1408 6510
1409 6525
1410 5862
1411 2828
1412 3856
1413 5004
1414 1582
1415 3378
1416 5735
1417 1529
1418 1135
1419 4713
1420 5002
1421 7411
1422 3776
1423 7877
1424 1861
1425 475
1426 888
1427 3723
1428 5041
1429 3968
1430 6135
1431 2594
1432 870
1433 5901
1434 2406
1435 4716
1436 3074
1437 2214
1438 4121
1439 3126
1440 5896
1441 7797
1442 4875
1443 462
1444 7825
1445 1386
1446 3784
1447 6950
1448 7749
1449 1278
1450 2835
1451 5735
1452 6077
1453 1242
1454 4131
1455 3603
1456 2548
1457 2389
1458 3615
1459 4777
1460 7529
1461 293
1462 2314
1463 8106
1464 7137
1465 950
1466 4019
1467 5193
1468 198
1469 3901
1470 226
1471 1950
1472 2500
1473 6870
1474 4572
1475 1069
1476 2732
1477 3065
1478 1584
1479 7944
1480 190
1481 3959
1482 5647
1483 1673
1484 7959
1485 4202
1486 1850
1487 1014
1488 5145
1489 5693
1490 975
1491 1781
1492 2154
1493 8153
1494 4580
1495 1005
1496 7165
1497 4741
1498 206
1499 51
1500 2596
1501 5974
1502 2449
1503 4683
1504 3336
1505 6213
1506 784
1507 1112
1508 6394
1509 3150
1510 7054
1511 7113
1512 2425
1513 1818
1514 4208
1515 7276
1516 1119
1517 1326
1518 5398
1519 2827
1520 4914
1521 1323
1522 846
1523 6495
1524 3074
1525 2218
1526 3270
1527 5414
1528 585
1529 4629
1530 1601
1531 5031
1532 4998
1533 3271
1534 521
1535 5746
1536 3162
1537 2782
1538 3727
1539 7060
1540 3994
1541 1581
1542 4631
1543 4288
1544 5845
1545 6095
1546 4698
1547 6533
1548 1595
1549 2891
1550 1594
1551 8128
1552 1558
1553 4247
1554 2243
1555 3267
1556 6035
1557 4169
1558 7093
1559 6037
1560 1207
1561 844
1562 3371
1563 72
1564 2744
1565 3656
1566 6961
1567 3233
1568 4221
1569 2880
1570 7661
1571 6058
1572 1969
1573 460
1574 1497
1575 1299
1576 7508
1577 1925
1578 7975
1579 4273
1580 7425
1581 6775
1582 1638
1583 1550
1584 4470
1585 7880
1586 5825
1587 347
1588 4977
1589 984
1590 839
1591 2236
1592 7631
1593 497
1594 4469
1595 4775
1596 284
1597 1994
1598 971
1599 373
1600 4259
1601 5046
1602 7818
1603 5612
1604 1059
1605 7406
1606 4998
1607 1669
1608 2213
1609 2751
1610 7021
1611 3113
1612 206
1613 775
1614 5746
1615 5383
1616 2952
1617 1693
1618 2042
1619 4777
1620 2780
1621 7712
1622 1694
1623 6859
1624 7118
1625 4044
1626 6530
1627 5010
1628 3476
1629 7782
1630 500
1631 7497
1632 5041
1633 4948
1634 6835
1635 3222
1636 1489
1637 6116
1638 3607
1639 400
1640 5254
1641 7807
1642 3800
1643 2400
1644 2251
1645 6611
1646 3012
1647 6615
1648 8183
1649 1088
1650 1280
1651 1073
1652 6164
1653 3831
1654 4260
1655 4292
1656 6777
1657 2876
1658 2177
1659 2614
1660 1255
1661 1277
1662 6390
1663 4362
1664 6306
1665 2681
1666 2212
1667 1440
1668 8106
1669 2824
1670 2909
1671 7639
1672 61
1673 7679
1674 3575
1675 2851
1676 7560
1677 2880
1678 1627
1679 96
1680 784
1681 4191
1682 3901
1683 5319
1684 7926
1685 3544
1686 1826
1687 3803
1688 3641
1689 7393
1690 5705
1691 567
1692 4727
1693 2876
1694 1665
1695 1811
1696 1298
1697 6683
1698 6291
1699 6409
1700 3215
1701 2130
1702 5506
1703 4121
1704 4056
1705 2540
1706 1863
1707 6032
1708 6567
1709 4864
1710 4291
1711 6313
1712 6990
1713 3598
1714 8051
1715 2943
1716 6182
1717 5745
1718 6884
1719 2551
1720 308
1721 4907
1722 4606
1723 5037
1724 3315
1725 6941
1726 2700
1727 460
1728 2765
1729 617
1730 1294
1731 5953
1732 8024
1733 7833
1734 7239
1735 4235
1736 1197
1737 453
1738 1792
1739 7470
1740 2489
1741 2267
1742 6469
1743 8081
1744 2163
1745 307
1746 3963
1747 349
1748 2748
1749 3205
1750 4170
1751 5425
1752 6113
1753 4072
1754 229
1755 6444
1756 1812
1757 7444
1758 3211
1759 7349
1760 4336
1761 2876
1762 6087
1763 3615
1764 7273
1765 1122
1766 6943
1767 7590
1768 8205
1769 2102
1770 4241
1771 6964
1772 2644
1773 5384
1774 7580
1775 6678
1776 3195
1777 5974
1778 7821
1779 4210
1780 5083
1781 3314
1782 1624
1783 6473
1784 5120
1785 5231
1786 4325
1787 2127
1788 4486
1789 781
1790 6251
1791 4524
1792 3973
1793 5169
1794 384
1795 43
1796 5961
1797 1199
1798 3093
1799 7079
1800 1112
1801 6482
1802 2543
1803 370
1804 7843
1805 4689
1806 2802
1807 1697
1808 6434
1809 1752
1810 1739
1811 3474
1812 5970
1813 4276
1814 1072
1815 6116
1816 2669
1817 8037
1818 6580
1819 2799
1820 6903
1821 961
1822 8198
1823 4039
1824 1259
1825 6905
1826 3247
1827 328
1828 7808
1829 2268
1830 2356
1831 2512
1832 2450
1833 1196
1834 515
1835 166
1836 2423
1837 3473
1838 755
1839 3175
1840 3249
1841 2421
1842 5339
1843 7000
1844 5583
1845 4239
1846 2790
1847 2815
1848 2869
1849 7249
1850 1686
1851 2380
1852 3691
1853 5546
1854 3424
1855 2747
1856 6447
1857 8188
1858 6333
1859 2658
1860 5076
1861 215
1862 4773
1863 7943
1864 685
1865 1384
1866 5051
1867 4426
1868 1196
1869 3189
1870 4753
1871 5823
1872 329
1873 7496
1874 4486
1875 1777
1876 7033
1877 6332
1878 6300
1879 7118
1880 6970
1881 6813
1882 1120
1883 4445
1884 2706
1885 7945
1886 5702
1887 7388
1888 976
1889 2519
1890 4964
1891 7315
1892 2817
1893 3653
1894 466
1895 4570
1896 3458
1897 4772
1898 3895
1899 2005
1900 2958
1901 7594
1902 7087
1903 3958
1904 4255
1905 3847
1906 4341
1907 762
1908 1224
1909 3371
1910 6527
1911 7427
1912 5151
1913 6211
1914 1279
1915 996
1916 7735
1917 3165
1918 3847
1919 6343
1920 497
1921 6341
1922 2770
1923 7785
1924 6899
1925 5630
1926 6859
1927 1823
1928 2877
1929 3587
1930 1114
1931 3253
1932 269
1933 409
1934 113
1935 4178
1936 847
1937 6117
1938 2567
1939 2681
1940 2236
1941 1157
1942 8196
1943 6443
1944 1684
1945 1178
1946 461
1947 7506
1948 5939
1949 4973
1950 3923
1951 7085
1952 6506
1953 7466
1954 2246
1955 1952
1956 8003
1957 4741
1958 3725
1959 4106
1960 5940
1961 4236
1962 4371
1963 1949
1964 3835
1965 6562
1966 2646
1967 3038
1968 2524
1969 139
1970 6931
1971 4599
1972 234
1973 3908
1974 6159
1975 7560
1976 4222
1977 3847
1978 1767
1979 2396
1980 7074
1981 3346
1982 741
1983 43
1984 2052
1985 6759
1986 7638
1987 3286
1988 4761
1989 6125
1990 3627
1991 7568
1992 1208
1993 5230
1994 1488
1995 5880
1996 3114
1997 7967
1998 3799
1999 5395
2000 6727
2001 6695
2002 3607
2003 3968
2004 3113
2005 4543
2006 4052
2007 4275
2008 7333
2009 4909
2010 4776
2011 4662
2012 2381
2013 6160
2014 7150
2015 5850
2016 3475
2017 2438
2018 7810
2019 3849
2020 766
2021 5489
2022 3243
2023 7033
2024 3676
2025 6634
2026 8191
2027 1195
2028 7822
2029 1821
2030 1443
2031 809
2032 2308
2033 6239
2034 2282
2035 3892
2036 4054
2037 7949
2038 340
2039 4261
2040 2213
2041 789
2042 3923
2043 6350
2044 1522
2045 4426
2046 1259
2047 3786
2048 2358
2049 3728
2050 5290
2051 5079
2052 4795
2053 2348
2054 6885
2055 7830
2056 1485
2057 2630
2058 7489
2059 4259
2060 3815
2061 2254
2062 4658
2063 2214
2064 2601
2065 827
2066 5182
2067 5019
2068 7580
2069 6673
2070 5315
2071 4799
2072 4409
2073 3502
2074 1015
2075 4821
2076 3083
2077 3258
2078 1742
2079 1127
2080 2521
2081 4155
2082 3458
2083 6632
2084 3027
2085 3238
2086 7128
2087 3225
2088 6310
2089 3139
2090 4321
2091 4178
2092 832
2093 3124
2094 7052
2095 1232
2096 6665
2097 2735
2098 7306
2099 1277
2100 6481
2101 2891
2102 1713
2103 3604
2104 7112
2105 7120
2106 2704
2107 7394
2108 3863
2109 3919
2110 3887
2111 4690
2112 6900
2113 6447
2114 1737
2115 7985
2116 4654
2117 7872
2118 6581
2119 1455
2120 7193
2121 2755
2122 3011
2123 7182
2124 4229
2125 4878
2126 5014
2127 1145
2128 229
2129 5006
2130 1171
2131 6909
2132 841
2133 1537
2134 5030
2135 7079
2136 7949
2137 1062
2138 6730
2139 1815
2140 5434
2141 2880
2142 4857
2143 3601
2144 523
2145 8009
2146 1831
2147 2152
2148 5578
2149 11
2150 8180
2151 5640
2152 6043
2153 6798
2154 4109
2155 1933
2156 2505
2157 1885
2158 7211
2159 6419
2160 4293
2161 4967
2162 6792
2163 5935
2164 1209
2165 4364
2166 5629
2167 3465
2168 5445
2169 823
2170 5186
2171 7422
2172 6931
2173 2730
2174 2560
2175 6613
2176 3133
2177 2811
2178 6775
2179 7140
2180 3246
2181 1138
2182 2251
2183 1666
2184 7040
2185 7555
2186 3516
2187 3462
2188 2130
2189 2163
2190 3110
2191 1377
2192 3215
2193 2383
2194 6126
2195 2781
2196 5497
2197 3190
2198 4733
2199 108
2200 3197
2201 2049
2202 7841
2203 6425
2204 2660
2205 6828
2206 4306
2207 4809
2208 4131
2209 4333
2210 6284
2211 6104
2212 1500
2213 1036
2214 3540
2215 6914
2216 4170
2217 1845
2218 1484
2219 1486
2220 6264
2221 4045
2222 3645
2223 7661
2224 4940
2225 7732
2226 6431
2227 2777
2228 474
2229 6898
2230 6907
2231 4750
2232 240
2233 531
2234 2147
2235 1844
2236 7518
2237 2640
2238 3380
2239 4962
2240 5202
2241 2452
2242 4578
2243 1560
2244 4184
2245 7323
2246 3111
2247 2174
2248 573
2249 2790
2250 2264
2251 2984
2252 3987
2253 4387
2254 810
2255 2615
2256 1454
2257 246
2258 6029
2259 4710
2260 5245
2261 7136
2262 3772
2263 6455
2264 3989
2265 967
2266 7844
2267 2322
2268 935
2269 4248
2270 3789
2271 7260
2272 4417
2273 3139
2274 2406
2275 6656
2276 4154
2277 484
2278 2631
2279 4147
2280 1211
2281 7366
2282 2233
2283 4615
2284 2781
2285 4450
2286 5505
2287 7803
2288 6838
2289 2099
2290 3537
2291 3993
2292 1509
2293 1676
2294 7608
2295 3646
2296 2875
2297 6629
2298 2317
2299 3204
2300 1291
2301 1670
2302 2616
2303 3709
2304 3241
2305 3694
2306 1119
2307 3002
2308 2900
2309 5952
2310 3035
2311 5600
2312 1254
2313 7085
2314 817
2315 144
2316 1743
2317 4344
2318 5292
2319 3341
2320 3030
2321 4287
2322 6908
2323 4202
2324 7602
2325 4047
2326 2544
2327 8143
2328 2091
2329 7925
2330 629
2331 3228
2332 2023
2333 929
2334 762
2335 2917
2336 7712
2337 3596
2338 3179
2339 4864
2340 3538
2341 5129
2342 3231
2343 1535
2344 2446
2345 2459
2346 5529
2347 3656
2348 2973
2349 5666
2350 3960
2351 4579
2352 2699
2353 6112
2354 1503
2355 4008
2356 4090
2357 6163
2358 6846
2359 5981
2360 7500
2361 2622
2362 3695
2363 1537
2364 3828
2365 1966
2366 2159
2367 3832
2368 7577
2369 2828
2370 2081
2371 4571
2372 6363
2373 5965
2374 6695
2375 6163
2376 462
2377 4126
2378 817
2379 2214
2380 5217
2381 1700
2382 6395
2383 330
2384 6579
2385 3579
2386 1608
2387 3900
2388 7146
2389 8174
2390 5222
2391 6240
2392 5822
2393 3214
2394 7394
2395 5570
2396 1400
2397 1194
2398 7110
2399 5735
2400 7140
2401 1451
2402 2443
2403 7104
2404 5824
2405 3311
2406 6990
2407 3153
2408 6176
2409 7044
2410 4819
2411 4698
2412 1740
2413 4695
2414 1038
2415 2424
2416 5816
2417 4226
2418 2275
2419 3378
2420 5975
2421 1291
2422 2337
2423 3471
2424 1197
2425 7310
2426 1849
2427 1985
2428 868
2429 5384
2430 5731
2431 2343
2432 3164
2433 5201
2434 1822
2435 1812
2436 4968
2437 3819
2438 7262
2439 4450
2440 4294
2441 2443
2442 6347
2443 8089
2444 1413
2445 5623
2446 7857
2447 1980
2448 5893
2449 715
2450 1556
2451 6089
2452 45
2453 293
2454 6511
2455 6367
2456 6830
2457 2434
2458 2550
2459 5514
2460 7627
2461 7109
2462 3062
2463 2337
2464 2693
2465 4671
2466 4893
2467 981
2468 7496
2469 537
2470 4040
2471 2032
2472 2336
2473 2995
2474 995
2475 525
2476 4467
2477 2140
2478 4748
2479 7473
2480 1949
2481 1616
2482 8196
2483 1171
2484 7556
2485 6701
2486 1401
2487 4201
2488 4984
2489 3866
2490 5850
2491 4157
2492 7431
2493 2199
2494 2758
2495 7169
2496 4828
2497 3122
2498 3985
2499 2390
