2500
405.854 601.445
538.093 321.184
919.141 492.502
902.709 553.272
564.406 356.335
639.184 387.159
953.173 559.408
861.831 444.125
669.016 564.949
1126.4 335.743
1005.08 688.284
562.362 429.573
500.849 417.846
892.423 588.939
1168.33 328.333
535.51 403.551
1007.8 685.883
450.876 387.573
611.655 584.712
660.072 559.578
248.085 314.116
640.96 536.631
1158.55 776.885
833.551 598.335
1161.2 346.347
920.085 503.706
1009.86 688.104
268.834 416.406
361.142 402.89
958.717 530.853
249.815 597.686
1099.74 341.741
1244.69 637.448
482.502 561.412
349.542 396.212
1145.75 326.979
525.437 587.464
960.67 645.137
1002.13 506.3
917.884 563.587
635.261 386.977
902.296 561.118
1103.41 341.637
500.407 519.274
920.466 579.341
240.535 586.754
1123.85 348.689
281.85 397.768
373.987 527.436
1130.83 365.855
866.324 572.902
1143.21 324.535
564.298 327.422
392.558 569.112
669.88 504.02
894.429 503.653
1142.72 355.869
289.793 316.298
403.682 308.483
905.227 474.244
1117.65 323.367
427.96 567.219
937.213 651.351
1124.38 322.092
1131.82 326.99
935.704 528.128
428.04 307.853
886.254 392.712
941.455 525.724
987.59 726.461
963.592 529.779
851.494 579.14
256.098 505.986
820.876 676.453
501.767 519.564
856.762 443.272
879.931 392.377
239.675 502.009
466.219 477.548
623.815 411.085
1163.97 352.822
862.938 597.616
1137.47 369.307
1212.03 752.941
830.909 693.179
443.844 397.232
953.173 559.408
228.399 567.271
287.051 313.921
225.132 545.07
473.521 469.729
509.428 588.502
911.525 526.08
903.087 455.587
641.166 564.315
490.001 341.52
397.547 570.869
489.312 341.082
1147.08 351.796
403.021 560.898
668.157 562.939
856.762 443.272
636.755 555.934
300.908 472.816
848.308 661.218
849.605 627.2
640.8 548.056
854.117 519.886
447.063 471.268
614.217 562.119
886.888 568.031
587.192 559.41
187.77 559.303
969.641 495.177
878.566 405.075
515.581 309.418
947.121 532.287
875.702 599.953
669.342 366.71
996.03 586.347
195.977 567.84
844.723 681.653
1026.29 554.777
427.96 567.219
231.763 598.38
851.342 629.136
716.298 519.161
482.091 439.79
509.428 588.502
609.453 445.715
873.499 578.906
321.908 372.426
969.184 732.88
1170.54 537.958
1149.28 340.9
499.169 330.141
851.797 576.906
558.711 422.907
1058.14 595.374
1155.86 319.769
531.18 306.774
1212.03 752.941
1073.67 541.348
835.504 530.775
1144.76 368.198
904.967 494.599
886.362 518.608
977.378 462.2
374.928 527.648
385.591 440.743
399.381 305.895
1028.69 496.761
927.423 498.955
586.65 555.103
905.027 581.154
935.704 528.128
882.243 578.804
1007.99 682.344
1043.47 503.061
265.217 337.41
600.175 404.714
866.324 572.902
445.26 480.439
1009.09 567.726
302.886 371.333
282.552 564.784
514.423 520.391
866.541 564.616
836.934 529.644
921.335 617.954
999.396 744.576
624.096 571.15
922.802 499.771
199.114 553.096
238.847 552.113
1117.11 492.388
492.709 407.22
1142.35 352.536
319.403 462.697
1124.4 323.775
986.01 464.347
1156.77 344.677
1129.83 311.404
893.56 494.355
227.361 315.01
396.743 518.932
264.957 415.315
850.665 672.402
928.188 499.6
1142.72 355.869
252.409 339.786
1009.86 688.104
673.225 531.045
635.533 494.283
407.594 418.802
630.859 404.836
854.046 600.541
1110.58 357.992
1187.95 582.39
1114.3 688.929
916.729 508.218
1065.04 527.291
1168.79 344.233
994.059 683.752
894.153 508.108
842.79 545.295
616.957 558.796
563.387 411.678
1170.42 332.816
854.117 519.886
1133.8 320.815
921.477 466.398
1168.79 344.233
271.769 414.31
226.031 317.186
893.655 561.433
402.865 449.387
399.248 531.024
455.887 393.216
233.816 315.878
657.334 531.223
959.999 588.051
249.832 575.417
334.654 426.589
515.644 361.597
920.21 592.878
1014.81 669.593
228.399 567.271
420.264 567.144
922.414 572.601
204.539 477.259
1059.95 623.2
899.231 451.394
675.005 510.566
1035.1 537.409
208.915 471.947
264.87 334.829
615.577 343.406
1159.13 332.612
1106.12 314.828
902.551 539.123
284.738 297.82
643.672 567.931
503.99 516.467
1135.64 369.152
1157.83 318.396
567.258 325.255
233.693 346.068
557.158 423.158
1059.95 623.2
927.423 498.955
1126.9 323.026
917.951 504.48
399.878 602.231
1138.13 350.437
284.738 297.82
904.199 586.138
561.718 449.58
673.177 487.274
390.931 406.712
431.676 563.932
576.281 556.88
251.4 566.575
866.682 558.953
897.939 585.664
981.375 556.598
671.291 491.045
355.43 603.289
428.903 305.39
250.542 594.653
466.219 477.548
660.828 555.516
223.757 516.868
195.225 532.855
653.657 563.104
1198.73 746.228
981.049 679.785
966.956 513.655
253.218 582.445
907.068 525.82
576.91 325.37
450.463 441.502
560.306 417.534
1049.16 718.797
672.459 408.493
613.707 306.165
841.097 592.522
861.851 576.325
848.646 572.52
862.335 573.304
920.21 592.878
418.726 568.309
429.054 421.265
1149.28 340.9
444.933 542.178
295.415 564.228
226.935 571.752
1151.44 361.637
555.663 316.203
587.716 375.901
272.839 350.261
567.284 569.869
619.943 554.606
846.229 504.082
623.513 559.828
328.608 468.074
659.435 556.27
657.795 411.287
654.584 533.24
658.626 411.803
969.023 500.314
609.427 562.231
1149.28 340.9
547.107 327.86
565.626 409.642
1153.4 334.244
238.473 313.467
1019.09 674.134
400.731 601.922
939.405 532.76
262.736 582.314
939.754 531.962
1165.75 340.129
1136.33 326.071
359.702 443.876
521.707 313.784
1143.34 326.066
882.243 578.804
1163.66 531.261
586.223 549.826
894.371 469.794
716.298 519.161
617.057 566.757
980.799 672.422
1126.9 323.026
854.141 572.704
1061.76 593.569
263.613 577.888
850.645 680.171
608.815 370.185
264.508 338.582
981.049 679.785
517.31 583.706
1100.84 353.405
198.812 566.445
855.22 664.916
654.133 405.595
1138.33 362.261
861.184 579.424
281.831 404.129
280.57 293.116
563.329 332.654
552.627 315.353
535.098 562.262
287.332 449.402
480.007 561.37
905.027 581.154
446.432 514.191
658.021 546.082
1126.6 327.692
242.197 569.892
889.284 662.689
666.967 565.592
838.816 501.858
1051.31 756.743
849.944 593.906
881.578 489.256
1129.22 321.379
194.767 446.406
919.355 671.693
886.923 594.355
461.171 545.696
883.162 623.393
402.512 416.52
617.867 328.587
988.854 735.505
402.212 385.146
920.872 500.963
594.159 397.817
1136.42 350.072
898.084 480.644
262.071 417.228
946.993 552.934
609.36 397.666
905.487 518.446
562.225 323.036
1131.24 326.887
864.458 389.878
447.954 489.592
850.25 549.748
670.02 468.801
1156.72 338.956
1152.34 316.892
227.756 489.422
454.572 386.974
990.109 526.703
826.24 675.69
895.356 599.282
394.479 561.325
942.696 525.855
1145.75 325.123
942.167 533.728
980.158 675.223
656.239 353.814
1099.32 340.26
1121.83 321.361
1018.53 732.11
863.972 372.914
1114.21 357.352
238.847 552.113
535.51 403.551
1146.81 339.624
521.711 305.855
624.615 309.353
902.561 563.51
879.223 575.722
1011.28 695.127
918.858 504.079
880.991 575.958
1158.85 342.399
669.666 553.573
402.757 308.991
844.713 506.545
224.881 325.857
282.913 403.398
448.699 306.192
584.316 344.848
942.29 551.245
851.601 441.374
444.812 304.066
849.122 578.92
946.628 456.81
671.345 399.69
414.544 571.868
987.66 728.66
1153.18 345.925
1167.8 334.328
922.124 618.179
1158.85 342.399
419.019 453.242
918.265 665.777
423.315 568.014
272.803 431.291
863.375 505.689
540.123 415.229
896.428 556.771
1167.13 338.598
579.812 323.895
560.19 453.13
1030.54 539.102
469.649 486.699
889.2 598.917
1099.74 341.741
981.893 500.2
830.72 682.422
425.32 383.474
349.78 424.233
409.234 308.459
228.891 314.529
261.697 580.277
204.461 566.823
1020.57 731.657
562.316 439.362
401.557 568.852
230.402 503.937
410.753 418.383
1128.67 351.09
422.423 571.743
534.892 317.757
1166.21 345.654
1009.86 688.104
403.682 308.483
581.235 441.124
585.207 346.556
916.877 619.992
228.433 581.934
425.218 599.981
560.602 435.591
878.312 463.602
463.145 541.736
242.009 581.065
986.248 526.22
866.5 575.272
506.163 585.955
860.794 594.018
205.18 541.128
885.878 600.809
619.79 415.577
382.042 438.628
538.989 577.466
432.467 373.799
1009.86 688.104
928.685 651.133
643.821 567.136
857.192 524.052
480.007 561.37
393.643 568.969
604.821 553.626
858.717 663.167
232.629 594.164
633.868 411.103
978.374 548.498
427.745 295.924
398.703 378.618
866.541 564.616
916.42 598.966
924.647 481.614
499.169 330.141
1140.87 362.168
980.799 672.422
384.816 307.879
477.249 447.752
355.43 603.289
252.443 595.349
431.097 570.683
388.933 366.484
890.603 569.503
923.69 667.246
573.244 316.418
872.341 598.661
942.167 531.545
400.932 457.316
905.487 518.446
349.542 396.212
237.872 567.971
574.069 327.9
901.798 481.565
254.533 413.731
1126.6 327.692
473.724 425.317
1126.72 329.885
369.314 316.436
1131.22 348.249
404.416 426.628
424.802 561.242
1114.39 325.548
528.716 319.881
916.877 619.992
1117.7 347.092
565.549 319.011
280.504 400.91
1113.73 317.631
273.224 472.901
486.461 370.48
842.848 587.333
643.905 480.126
880.359 572.826
615.897 542.47
1049.7 499.433
541.795 414.926
1128.72 353.716
1006.57 499.813
316.611 592.239
851.955 664.799
366.821 495.976
907.871 549.109
883.708 621.419
919.631 600.1
857.074 577.735
1133.91 352.204
582.323 595.028
986.248 526.22
965.531 462.64
1083.47 528.553
863.644 563.324
482.721 311.724
423.397 301.125
305.085 501.344
843.402 595.357
601.419 307.059
437.974 383.32
877.361 575.229
1136.41 338.793
1153.93 362.155
966.776 527.089
989.807 577.909
485.593 499.952
864.913 660.622
852.573 471.252
400.004 506.871
291.769 564.094
640.437 337.295
608.871 566.72
259.215 337.28
899.096 566.865
478.178 482.371
1010.86 687.185
671.603 500.33
1137.57 308.233
905.227 474.244
846.861 564.564
823.049 682.575
875.748 600.957
925.86 566.74
883.463 568.512
1141.02 350.359
677.872 531.217
1010.58 649.469
425.318 540.555
412.202 414.214
1113.29 326.668
1119.36 354.873
565.549 319.011
427.921 304.563
1171.05 333.869
1134.31 325.005
816.795 760.309
1145.75 325.123
1035.33 624.358
854.141 572.704
865.193 577.342
232.139 583.054
482.502 561.412
886.362 518.608
259.95 606.195
388.814 499.977
496.122 391.724
483.971 312.26
609.453 445.715
1141.31 363.706
200.189 585.426
991.142 482.349
388.814 499.977
401.437 530.167
195.051 566.73
957.839 458.828
315.16 570.198
544.904 556.1
886.191 583.849
1002.13 506.3
1123.7 353.405
1002.07 637.442
449.555 307.766
859.929 698.879
969.641 495.177
841.097 592.522
1139.05 740.184
837.619 578.552
944.747 480.94
903.05 598.519
849.384 669.981
291.008 566.387
915.234 499.369
1161.1 325.543
242.009 581.065
1138.78 323.281
195.977 567.84
918.154 562.824
922.274 466.211
1167.32 330.978
878.566 405.075
508.824 526.29
517.947 581.205
673.335 467.365
402.071 386.419
896.753 505.756
328.762 502.922
994.55 691.197
405.179 572.742
1155.39 526.774
947.96 557.924
319.959 605.766
236.909 608.027
902.826 547.192
513.368 525.144
909.681 481.126
1002.07 637.442
510.822 381.589
1164.53 334.391
254.46 597.332
845.98 629.785
447.103 486.77
455.076 369.987
399.915 394.912
1156.77 344.677
554.868 315.848
447.103 486.77
272.591 437.689
884.826 667.342
638.417 387.193
198.863 424.294
653.58 564.366
1120.15 338.865
630.985 519.499
951.895 586.854
1002.13 506.3
1034.06 518.637
670.02 468.801
232.629 594.164
649.432 489.294
878.312 463.602
1135.09 330.63
484.705 359.918
877.323 590.662
628.687 521.637
430.635 458.96
891.853 557.658
1121.73 323.06
987.59 726.461
1171.2 344.285
473.724 425.317
455.887 393.216
883.568 598.135
960.011 587.245
1008.69 691.063
1158.54 336.259
1066.41 515.472
578.585 331.161
479.393 448.864
265.351 338.65
397.737 531.199
1034.77 517.734
516.155 564.785
443.344 304.773
659.439 559.101
946.378 512.409
252.667 583.34
883.599 667.058
829.677 600.802
902.146 483.446
397.931 565.221
424.837 491.046
977.601 463.132
855.147 672.405
1125.66 338.164
958.717 530.853
461.518 481.762
1140.87 362.168
230.852 524.406
562.394 444.37
1193.93 673.856
850.645 680.171
832.555 591.139
974.456 494.441
564.018 310.064
237.145 569.052
893.461 563.742
1123.88 350.106
660.769 492.492
581.764 585.516
337.559 379.998
888.706 441.275
657.131 407.233
670.02 468.801
1028 627.865
829.436 683.672
861.098 571.521
668.292 413.834
287.452 431.816
882.504 498.401
614.375 558.058
322.426 324.206
425.83 550.326
567.258 325.255
1158.36 346.936
461.518 481.762
606.924 580.91
968.642 584.974
920.17 617.383
859.19 699.383
660.769 492.492
977.643 689.769
1118.69 337.374
854.141 572.704
846.06 576.22
853.083 586.731
317.723 573.097
1133.98 338.14
939.754 533.665
917.946 624.202
630.16 406.889
887.061 573.098
1141.27 324.029
271.769 414.31
911.406 593.018
853.525 587.381
510.644 575.641
243.133 328.231
882.2 661.159
537.697 564.087
1212.03 752.941
676.305 476.987
489.163 559.248
1158.36 346.936
400.325 526.271
973.28 734.978
1141.39 325.82
986.248 526.22
1018.53 732.11
1166.24 724.915
1087.28 717.748
1142.35 352.536
851.262 669.294
931.692 593.478
564.715 441.976
890.95 566.585
1198.73 746.228
989.845 737.449
960.011 587.245
430.635 458.96
459.197 387.824
1101.45 341.673
950.349 598.187
902.296 561.118
1011.28 493.89
1099.74 341.741
409.027 314.313
343.061 596.871
897.136 593.442
637.761 343.433
828.381 679.902
969.194 453.2
648.726 526.902
382.042 438.628
920.672 666.483
485.067 366.484
1003.82 636.212
622.846 425.301
605.403 560.125
259.968 576.328
1169.72 339.376
450.26 301.085
401.437 517.728
977.001 583.895
864.547 656.777
1039.18 745.151
996.666 523.652
1011.53 747.45
666.253 360.381
1049.57 500.786
624.145 571.894
397.547 570.869
872.729 564.911
842.79 545.295
850.043 622.13
602.053 565.877
939.723 529.053
899.809 559.144
639.103 492.426
1166.32 334.531
927.401 570.228
945.029 533.17
893.893 502.302
200.189 585.426
847.063 663.621
884.767 567.86
1135.68 351.786
636.435 493.316
483.384 487.217
563.35 552.144
1000.43 493.037
297.805 569.172
947.761 553.809
563.35 552.144
922.274 466.211
564.406 356.335
1113.73 317.631
412.141 417.21
633.196 341.687
969.393 498.197
916.859 618.842
1128.67 351.09
571.413 325.491
549.668 581.683
405.179 572.742
265.222 439.985
977.748 688.827
1126.08 321.941
866.5 575.272
603.133 557.967
1128.58 349.866
824.931 683.71
624.028 405.003
919.548 668.372
894.008 598.6
317.629 316.605
967.007 512.58
511.703 575.933
545.851 306.231
1131.54 353.64
1142.88 354.135
1117.35 363.032
893.136 565.655
652.247 486.883
623.753 492.609
853.281 551.994
998.875 528.405
1140.9 354.541
846.861 564.564
605.403 560.125
590.624 581.118
856.659 439.515
930.537 508.981
285.322 299.306
583.185 596.707
452.862 379.715
1166.39 353.375
1242.75 790.072
396.776 599.28
883.387 499.987
433.306 307.789
844.91 483.388
883.161 661.134
889.255 479.755
886.375 498.458
883.398 619.137
866.682 558.953
678.542 531.539
912.626 472.475
861.184 579.424
1032.56 747.318
419.019 453.242
1138.22 352.584
671.128 413.855
996.389 549.088
918.963 662.082
429.675 300.555
1118.24 327.164
288.929 339.849
363.893 495.078
609.674 516.253
1131.82 326.99
846.843 548.739
894.438 590.922
432.467 373.799
913.225 494.17
642.889 480.373
286.949 432.517
558.205 338.424
575.584 339.439
1003.44 576.296
586.126 582.766
486.728 525.4
229.246 317.737
423.315 568.014
1143.21 324.535
998.069 578.43
990.377 532.338
585.838 375.332
617.376 355.835
562.758 450.432
385.273 469.239
928.188 499.6
1083.56 528.675
1169.19 531.22
411.883 602.757
232.897 561.719
540.123 415.229
357.313 448.261
879.027 639.226
1007.99 682.344
1164.76 785.247
619.059 376.823
232.629 594.164
1131.24 326.887
523.833 430.072
465.441 535.86
880.594 620.875
823.049 682.575
489.152 561.144
366.821 495.976
1038.58 745.701
834.893 537.31
535.077 534.781
877.709 577.315
424.869 523.869
664.132 411.733
1141.02 350.359
576.69 564.49
564.018 310.064
849.684 665.84
1158.33 337.059
941.136 524.71
584.326 420.203
574.744 315.403
865.617 471.26
862.335 573.304
194.535 571.524
979.788 671.307
868.511 598.306
228.094 568.294
426.021 307.448
921.988 661.805
221.121 552.043
980.111 571.872
422.212 573.732
1007.99 682.344
853.281 551.994
912.365 509.621
920.322 504.795
407.74 434.878
1113.84 328.751
397.858 518.753
842.848 587.333
247.087 576.178
553.866 420.815
273.018 433.052
1133.8 320.815
204.461 566.823
424.823 565.936
1129.17 326.549
904.247 589.799
891.93 661.805
388.933 366.484
669.976 484.469
351.278 317.638
315.481 442.207
640.8 548.056
669.152 473.676
624.615 309.353
640.96 536.631
836.166 614.29
1116.13 325.848
939.314 651.431
1043.72 613.061
946.439 523.227
264.87 334.829
849.345 575.899
1141.37 327.974
896.068 551.211
308.342 563.438
435.859 491.496
933.253 508.25
856.338 466.548
586.363 372.139
1154.87 636.628
671.339 470.004
243.884 462.911
979.443 685.035
317.723 573.097
253.236 581.668
564.98 366.53
1158.33 337.059
450.463 441.502
982.463 549.357
441.338 304.337
386.622 435.185
882.504 498.401
1061.76 593.569
635.261 386.977
580.876 586.616
944.747 480.94
1125.93 639.798
574.069 327.9
630.16 406.889
609.396 561.221
891.754 561.203
1051.96 551.875
347.694 337.431
884.091 623.624
618.298 593.744
883.708 621.419
168.123 579.842
835.504 530.775
968.642 584.974
893.623 481.09
389.61 365.439
873.499 578.906
1166.21 345.654
616.957 558.796
1142.22 339.469
872.569 559.844
617.247 550.579
420.187 560.182
888.706 441.275
861.098 571.521
1229.11 587.058
421.828 570.332
899.231 451.394
273.38 454.042
669.742 311.13
935.171 598.167
500.669 404.867
456.95 386.654
226.966 597.026
1162.86 331.751
408.578 317.944
519.955 515.73
557.12 442.57
317.629 316.605
418.95 490.041
946.993 552.934
217.541 579.967
838.633 572.061
1133.55 350.105
999.396 744.576
659.439 559.101
1155.39 526.774
576.889 470.672
1242.75 790.072
388.825 363.989
1135.8 327.434
663.405 552.87
1010.81 690.917
1007.96 681.393
431.161 373.761
258.902 572.047
374.193 504.484
1082.13 515.319
626.286 573.068
850.082 589.417
209.691 366.211
917.7 583.744
894.928 518.476
296.97 566.757
927.365 527.604
506.894 535.522
979.665 691.706
253.832 586.845
854.671 391.395
900.945 518.579
1011.26 684.49
890.359 598.369
496.794 576.444
465.062 537.339
247.087 576.178
378.763 441.845
621.163 559.795
921.734 468.102
905.737 599.246
586.398 564.073
898.084 480.644
635.261 386.977
672.315 523.758
1150.38 362.663
499.827 516.239
1153.76 348.718
1131.42 355.6
904.257 517.781
396.776 599.28
614.217 562.119
609.684 313.499
652.211 403.695
964.174 692.401
872.569 559.844
627.393 308.088
253.168 570.827
603.133 557.967
219.118 525.728
918.963 662.082
895.791 535.534
915.234 499.369
1102.33 531.311
258.746 572.239
863.375 505.689
1029.57 688.194
420.766 590.704
952.797 482.08
950.06 525.889
1165.57 333.806
608.832 553.78
998.735 576.263
662.875 505.611
853.281 551.994
1168.66 336.283
1073.57 735.748
264.508 338.582
494.345 411.326
1167.8 334.328
860.055 680.707
980.799 672.422
884.826 667.342
863.997 503.927
407.594 418.802
859.893 559.844
1136.11 324.72
1011.82 657.293
895.791 535.534
562.424 335.557
534.594 391.999
1164.76 785.247
264.508 338.582
1136.22 328.758
913.214 483.403
633.19 425.391
1107.57 335.927
830.909 693.179
1128.58 349.866
903.087 455.587
233.841 313.821
652.46 485.752
896.753 505.756
401.348 390.861
404.114 306.258
825.176 681.329
494.833 345.504
315.16 570.198
939.723 529.053
528.849 589.603
446.432 514.191
210.027 572.139
677.183 543.549
675.005 510.566
609.674 516.253
908.055 521.21
588.885 567.369
1136.33 326.071
629.594 348.273
414.742 503.578
361.07 320.222
877.939 474.462
447.063 471.268
499.141 411.048
1138.78 323.281
628.372 404.362
280.504 400.91
928.924 590.611
896.99 516.927
535.51 403.551
235.917 576.685
673.177 487.274
1165.69 328.293
449.861 397.656
816.795 760.309
894.928 518.476
874.611 565.181
392.552 564.797
492.601 411.741
482.527 367.525
671.339 470.004
1167.34 340.817
835.504 530.775
1010.45 746.394
625.207 518.884
1010.71 688.485
1135.68 351.786
1121.92 347.875
834.331 519.628
624.615 309.353
923.48 470.547
885.167 543.278
876.859 471.306
944.985 531.923
483.509 488.123
839.1 474.432
239.675 502.009
879.027 639.226
226.966 597.026
454.317 401.335
265.217 337.41
369.913 496.265
821.169 668.374
614.375 558.058
918.963 662.082
843.577 537.988
1230.55 778.514
628.687 521.637
610.406 584.093
933.306 591.677
175.849 572.356
920.264 586.947
944.612 533.869
999.09 742.612
635.533 494.283
939.714 599.52
1010.54 648.885
595.882 458.745
1124.63 337.705
402.165 569.74
608.826 305.74
233.813 569.941
616.921 561.176
510.866 587.475
920.02 586.222
890.852 429.647
1032.26 538.884
920.02 586.222
532.861 330.572
1169.2 340.74
519.213 587.305
1042.54 745.066
403.376 564.967
958.418 527.552
551.717 563.153
578.198 576.911
833.551 598.335
427.745 295.924
308.67 320.149
816.795 760.309
915.588 623.179
1010.33 648.584
943.835 531.409
883.896 524.236
336.024 315.192
613.718 591.541
1160.88 332.181
1010.33 648.584
534.011 581.902
986.248 526.22
558.167 438.494
833.261 552.736
994.637 685.378
879.956 564.671
418.819 506.63
814.402 762.147
198.665 475.961
235.903 396.223
627.336 542.927
1139.59 364.186
1138.33 362.261
582.518 583.006
645.657 479.329
850.344 562.892
958.132 721.094
895.791 535.534
530.43 413.565
857.074 577.735
484.824 385.867
849.944 593.906
329.422 330.794
967.581 593.721
301.865 402.713
601.211 306.196
1024.19 681.282
660.679 594.169
855.754 598.588
175.147 572.153
897.621 600.741
602.053 565.877
1144.62 340.318
575.741 330.99
347.937 430.723
1169.28 342.459
567.871 409.662
889.286 523.436
1140.22 354.775
942.29 551.245
924.002 503.664
1238.05 794.789
615.485 582.326
1016.28 732.168
235.312 592.908
920.085 503.706
524.352 585.962
648.726 526.902
1128.67 351.09
348.493 319.519
499.681 550.994
414.544 571.868
996.423 486.122
1157.81 779.053
851.651 597.238
830.579 692.139
239.641 355.5
834.03 523.612
428.04 307.853
503.051 555.694
883.463 568.512
1142.67 325.866
852.149 669.049
920.178 661.928
661.366 416.247
844.713 506.545
278.789 400.257
231.863 572.789
403.682 308.483
608.003 394.626
471.412 489.016
602.053 565.877
612.129 554.773
916.729 508.218
235.917 576.685
364.987 439.929
1136.22 328.758
859.503 564.502
375.616 604.738
846.06 576.22
917.884 563.587
1169.81 332.376
1131.54 353.64
838.399 696.297
441.018 398.824
1034.77 517.734
1142.79 350.742
1156.72 338.956
920.178 661.928
872.903 389.378
399.248 531.024
426.021 307.448
823.895 678.958
272.92 472.108
832.772 743.121
894.425 506.823
629.13 538.589
1123.85 348.689
625.588 344.615
1131.82 326.99
859.905 558.618
609.427 562.231
887.923 662.012
433.117 499.719
939.427 650.807
1145.75 326.979
898.423 592.199
1131.54 353.64
966.004 548.019
190.191 614.258
998.849 586.318
239.122 317.896
934.958 651.344
282.532 443.359
820.543 679.534
922.495 495.86
970.749 460.099
611.73 580.415
886.362 518.608
243.133 328.231
641.388 488.872
671.291 491.045
198.021 476.921
622.829 585.763
419.019 453.242
670.445 569.075
847.362 557.362
954.87 468.315
1155.39 526.774
228.113 592.776
374.603 484.322
478.153 371.169
447.362 488.208
403.682 308.483
374.193 504.484
843.708 510.413
1115.34 309.666
437.106 303.973
1147.08 351.796
602.053 565.877
980.111 571.872
832.749 525.245
428.68 374.716
611.308 435.222
622.604 577.037
1163.97 352.822
883.708 621.419
226.545 576.035
961.032 596.308
510.822 381.589
941.455 525.724
654.133 405.595
409.234 308.459
1010.71 688.485
914.616 625.416
875.274 422.864
420.193 564.172
850.894 598.886
1083.47 528.553
973.88 482.3
1156.84 315.796
907.823 497.566
589.889 325.671
952.797 482.08
1034.27 544.169
896.637 563.78
904.247 589.799
564.406 356.335
255.035 568.833
933.073 510.047
1143.21 324.535
950.06 525.889
644.869 514.781
451.693 472.859
666.538 354.063
353.13 316.577
1002.87 623.634
624.154 528.11
529.623 321.016
877.939 474.462
1128.6 364.155
369.913 496.265
536.881 564.934
259.438 574.37
424.541 307.059
862.335 573.304
822.861 697.842
283.642 401.605
220.081 326.3
880.991 575.958
397.737 531.199
857.655 623.703
855.22 664.916
574.633 478.4
669.06 506.813
478.1 309.886
891.813 598.134
980.533 728.578
586.223 549.826
829.677 600.802
418.726 568.309
899.809 559.144
1140.87 362.168
915.588 623.179
606.954 555.233
946.271 526.056
280.49 347.045
860.864 593.163
1043.72 613.061
894.794 581.907
919.138 496.68
449.555 307.766
1129.17 326.549
226.293 319.119
902.121 589.837
916.859 618.842
656.353 536.046
229.246 317.737
222.331 402.078
920.264 586.947
874.914 575.911
264.409 440.231
1098.22 536.53
225.762 586.698
590.624 581.118
1125.26 353.835
556.609 318.175
640.953 387.917
571.882 335.001
264.508 338.582
1125.93 639.798
342.134 597.708
296.132 566.638
1141.02 350.359
1012.38 508.312
897.136 593.442
1133.98 338.14
875.457 403.388
633.588 342.373
534.5 317.365
232.104 604.738
901.426 586.414
603.183 315.299
972.177 454.809
926.44 558.46
241.725 314.248
839.206 495.287
1034.77 517.734
601.97 446.354
322.426 324.206
548.499 424.469
1018.42 559.984
882.504 498.401
613.16 553.825
561.162 434.124
1136.33 326.071
863.224 658.671
607.281 395.078
953.821 454.373
482.527 367.525
845.978 589.973
625.295 521.254
666.785 499.796
269.793 468.376
260.119 569.347
849.021 668.624
1166.94 339.31
257.615 598.511
647.663 408.279
957.859 508.926
372.262 603.38
418.95 490.041
966.214 460.762
621.073 344.203
582.79 577.195
388.933 366.484
194.868 576.114
272.793 400.802
565.302 433.204
582.097 557.648
917.709 665.706
256.298 542
927.792 575.233
513.219 522.73
564.252 429.76
227.171 598.993
824.131 670.045
295.446 553.892
921.988 661.805
996.389 549.088
888.079 620.731
258.902 572.047
912.626 472.475
1155.86 319.769
931.564 651.123
667.825 357.072
1171.49 344.877
621.087 353.611
1003.44 576.296
859.584 563.689
857.337 659.146
209.084 472.929
460.305 426.382
947.431 469.243
488.041 371.492
847.362 557.362
1121.19 351.742
900.945 518.579
223.562 593.663
1117.11 492.388
557.388 335.409
431.161 373.761
1118.83 335.386
384.21 410.644
1047.2 551.679
1020.29 550.771
402.071 386.419
367.054 556.205
1158.85 342.399
1114.39 325.548
434.279 306.846
441.338 304.337
494.345 411.326
242.009 581.065
581.58 560.441
284.216 343.803
893.481 567.408
1211.15 772.753
943.944 598.077
431.097 570.683
1113.29 326.668
215.296 343.859
863.972 372.914
668.706 565.365
585.576 581.083
889.286 523.436
1124.34 322.649
215.181 445.161
946.993 552.934
516.702 584.948
445.26 480.439
842.794 499.39
904.514 598.715
877.232 563.362
262.071 417.228
921.123 525.94
1140.9 354.541
869.339 550.132
424.541 307.059
441.018 398.824
621.837 353.883
1135.8 327.434
254.934 567.4
933.306 591.677
1156.1 337.002
1141.02 350.359
411.323 308.558
577.745 563.851
879.956 564.671
1121.19 351.742
894.425 506.823
861.129 589.151
670.594 483.498
633.866 489.547
883.917 664.235
619.79 415.577
497.149 315.732
951.66 493.665
866.324 572.902
914.616 625.416
433.234 564.113
619.272 553.753
901.856 484.795
361.834 397.89
398.666 562.557
853.525 587.381
1035.09 533.279
228.433 581.934
841.469 624.814
990.745 479.634
1139.05 740.184
851.955 664.799
432.305 572.813
1012.19 676.646
1117.7 347.092
1127.35 321.394
210.027 572.139
869.047 507.803
233.693 346.068
228.871 313.795
320.074 321.769
950.591 493.725
252.443 595.349
1107.61 337.903
980.533 728.578
494.225 337.236
242.009 581.065
939.754 533.665
930.537 508.981
920.466 579.341
603.133 557.967
489.163 559.248
1141.39 325.82
879.223 575.722
254.951 506.763
840.096 678.356
640.972 496.167
451.742 399.166
915.101 623.707
460.305 426.382
916.532 526.865
1117.35 363.032
1141.31 363.706
896.637 563.78
576.092 314.296
1119.36 354.873
238.121 571.651
869.339 550.132
611.655 584.712
835.583 593.368
878.317 348.895
869.808 563.532
1100.17 320.152
846.843 548.739
498.789 555.675
265.351 338.65
636.755 555.934
617.06 581.167
585.207 346.556
1116.13 325.848
230.402 503.937
849.717 679.553
859.542 562.696
886.375 498.458
427.66 565.73
1166.62 789.865
671.183 487.113
835.583 593.368
1131.22 348.249
827.38 602.867
427.756 377.383
1136.11 324.72
1142.22 339.469
1065.04 527.291
221.511 593.622
1133.57 339.645
866.889 660.305
284.738 297.82
628.323 437.036
1138.29 354.173
914.213 494.7
859.503 564.502
639.106 339.983
1018.02 503.342
534.011 581.902
661.779 347.283
478.1 309.886
659.004 595.057
639.511 383.353
1078.14 732.815
283.266 369.121
864.804 658.876
861.129 589.151
613.16 553.825
866.122 469.537
556.609 318.175
971.735 731.424
1116.37 336.042
505.55 562.051
424.541 307.059
1130.83 365.855
1136.42 350.072
938.863 550.956
357.417 604.725
600.175 404.714
447.208 419.909
920.466 579.341
886.391 580.906
321.07 418.878
891.93 661.805
639.373 376.697
519.955 515.73
1009.86 688.104
1140.63 356.123
544.793 557.182
935.464 550.548
879.994 560.117
943.021 475.845
1169.74 790.357
856.268 502.459
617.06 581.167
217.677 512.364
240.83 507.142
329.892 322.801
1138.29 354.173
1133.91 352.204
939.314 651.431
606.181 521.198
575.739 560.353
541.795 414.926
559.845 382.144
971.86 516.633
1058.14 595.374
899.195 551.896
1135.8 327.434
1030.54 539.102
981.893 500.2
1125.68 355.474
853.536 666.499
1172.45 740.739
465.062 537.339
652.46 485.752
475.352 477.66
399.896 382.644
400.932 457.316
983.35 549.327
963.297 599.263
448.918 307.77
1042.7 552.23
396.776 599.28
282.517 359.706
624.244 549.896
1107.61 337.903
249.815 597.686
1166.24 724.915
268.834 416.406
909.681 481.126
1139.62 309.367
1003.82 636.212
919.034 657.252
1007.8 685.883
511.745 585.384
658.626 411.803
899.231 451.394
1236.85 534.719
885.167 543.278
237.904 327.503
1005.57 637.827
499.957 416.823
504.978 561.514
922.802 499.771
856.762 443.272
1043.72 613.061
221.273 587.341
645.227 566.571
564.252 429.76
866.122 469.537
198.118 418.67
838.816 501.858
630.985 519.499
202.204 550.158
279.118 609.616
374.928 527.648
859.19 699.383
917.884 563.587
562.344 441.646
1151.44 361.637
499.169 330.141
682.059 472.396
580.745 585.509
1114.21 357.352
629.407 307.871
612.164 556.93
521.855 584.832
980.157 498.801
597.217 402.295
1003.35 689.099
952.95 529.709
611.655 584.712
604.052 562.438
894.794 581.907
1142.88 354.135
893.291 482.944
280.57 293.116
628.085 323.944
863.644 563.324
567.871 409.662
967.261 515.322
902.551 539.123
195.225 532.855
501.767 519.564
1032.26 538.884
550.333 580.665
814.402 762.147
656.304 407.651
227.03 578.174
902.849 552.553
635.235 533.321
629.594 348.273
433.234 564.113
893.457 566.687
369.975 316.66
859.905 558.618
1126.41 353.34
448.699 306.192
847.185 559.216
623.513 559.828
1009.75 685.662
1003.53 684.617
195.225 532.855
865.193 577.342
865.886 467.398
974.456 494.441
641.357 586.336
549.507 422.167
401.557 568.852
1141.27 324.029
878.598 598.411
460.305 426.382
219.118 525.728
511.745 585.384
1101.45 341.673
305.085 501.344
226.545 576.035
481.704 366.629
334.654 426.589
507.68 576.119
209.91 474.722
846.301 626.122
390.622 591.226
1151.45 363.757
1142.79 350.742
656.445 415.555
897.641 600.051
663.274 346.338
630.681 402.629
1120.2 326.097
840.096 678.356
1111.55 326.424
402.144 449.199
203.149 479.147
989.786 725.93
1100.17 320.152
449.476 493.196
234.486 607.207
932.867 528.22
969.1 697.133
671.128 413.855
893.291 482.944
918.858 504.079
563.912 337.354
225.943 595.779
192.784 614.874
399.915 394.912
411.429 419.655
886.923 594.355
1010.81 690.917
938.863 550.956
446.917 485.748
397.547 570.869
536.881 564.934
432.828 297.533
574.744 315.403
383.836 438.283
966.956 513.655
863.745 505.908
966.004 548.019
323.414 377.02
979.788 671.307
580.745 585.509
915.234 499.369
1138.3 308.578
1169.28 342.459
613.008 581.955
849.384 669.981
379.841 441.96
976.146 457.648
575.584 339.439
326.637 377.336
998.68 680.52
988.854 735.505
835.504 530.775
513.219 522.73
656.78 414.451
1013.74 559.701
921.335 617.954
902.296 561.118
882.2 661.159
392.552 564.797
1020.84 734.91
933.253 508.25
922.84 469.465
411.429 419.655
856.338 466.548
402.165 569.74
1163.66 531.261
884.091 623.624
625.207 518.884
282.039 311.295
1138.22 352.584
443.344 304.773
1156.66 322.646
429.208 296.005
1103.41 341.637
233.406 319.586
935.45 589.219
852.067 672.974
399.896 382.644
406.758 423.992
521.168 480.597
1007.96 681.393
1113.76 337.719
1158.33 337.059
914.303 524.975
1153.18 345.925
901.798 481.565
581.933 565.218
667.432 557.765
501.676 319.479
331.372 449.299
536.682 321.156
669.742 311.13
650.926 532.644
922.84 469.465
347.937 430.723
850.55 621.385
576.092 314.296
860.992 588.314
901.196 514.754
915.166 467.566
509.428 588.502
282.913 403.398
832.772 743.121
859.753 546.095
886.186 583.085
822.745 662.341
942.29 551.245
375.262 441.685
835.583 593.368
1138.13 350.437
1140.39 338.603
319.403 462.697
273.257 571.939
665.669 566.239
1144.76 368.198
899.231 451.394
576.91 325.37
1245.65 639.758
919.246 498.75
557.158 423.158
424.823 565.936
1120.2 326.097
851.601 441.374
1153.18 345.925
581.67 569.506
1132.87 363.209
917.7 583.744
409.921 487.075
560.602 435.591
628.085 323.944
445.446 298.719
447.045 396.82
446.592 494.068
420.766 590.704
1224.39 355.253
449.861 397.656
982.463 549.357
901.196 514.754
511.93 366.433
913.647 565.96
652.247 486.883
895.554 513.651
627.337 403.296
638.417 387.193
254.951 506.763
852.825 469.967
659.439 559.101
494.225 337.236
1148.61 347.669
884.091 623.624
363.893 495.078
1073.67 541.348
313.01 601.882
1046.76 502.539
889.472 669.948
221.273 587.341
859.503 564.502
895.891 539.252
922.124 618.179
277.147 564.599
915.101 623.707
872.569 559.844
308.23 600.719
861.851 576.325
915.488 621.128
820.152 685.848
523.833 430.072
564.298 327.422
315.481 442.207
682.059 472.396
357.313 448.261
847.607 627.382
609.901 515.172
976.146 457.648
574.852 331.217
1008.3 688.986
417.953 391.736
879.994 560.117
1011.28 695.127
666.86 351.068
201.901 392.722
553.866 420.815
1142.79 350.742
660.769 492.492
1118.53 338.156
850.131 588.208
346.752 336.112
557.388 335.409
996.423 486.122
484.346 450.807
999.09 742.612
668.157 562.939
581.904 582.73
927.223 576.063
1134.31 325.005
894.939 467.589
1158.95 543.794
896.068 551.211
1028.05 554.492
667.569 561.382
912.626 472.475
944.985 531.923
889.255 479.755
442.446 369.782
534.008 570.271
660.769 492.492
547.63 563.402
888.079 620.731
851.342 629.136
449.197 405.409
425.318 540.555
1126.6 327.692
873.499 578.906
277.312 394.173
869.808 563.532
521.634 568.287
913.647 565.96
922.929 578.424
902.146 483.446
1230.55 778.514
564.131 406.263
945.391 463.739
441.578 374.44
889.284 662.689
596.193 572.063
967.531 588.177
571.882 335.001
594.088 365.862
1060.71 757.21
1146.81 339.624
628.657 540.522
628.281 514.826
981.375 556.598
630.985 519.499
893.461 563.742
482.502 561.412
854.085 575.067
1155.39 526.774
860.992 588.314
267.714 605.568
420.193 564.172
350.7 440.645
304.225 519.322
869.047 507.803
1131.42 355.6
1131.22 348.249
425.809 601.468
1121.92 347.875
537.174 559.3
277.885 396.634
584.316 344.848
1065.81 701.995
1126.09 324.468
390.481 310.295
869.808 563.532
1152.34 316.892
424.203 563.777
1234.58 531.665
308.769 551.348
229.59 506.85
442.069 371.003
1010.45 746.394
908.374 480.729
855.22 664.916
919.887 657.018
346.611 337.481
531.065 585.291
403.532 304.976
1128.55 368.853
534.5 317.365
1161.1 325.543
1010.1 559.337
643.905 480.126
449.681 301.234
1141.39 325.82
1107.57 335.927
1035.72 502.381
915.433 507.766
398.174 574.644
1168.66 336.283
507.162 510.766
835.185 546.757
563.35 552.144
1012.19 676.646
288.887 305.706
1021.16 503.851
471.412 489.016
422.423 571.743
1126.67 338.417
1144.62 340.318
583.147 444.144
915.222 495.99
388.825 363.989
221.866 538.873
496.122 391.724
912.365 509.621
887.925 486.693
998.68 680.52
558.711 422.907
970.749 460.099
341.784 322.106
574.633 478.4
412.141 417.21
890.889 525.669
451.693 472.859
420.193 564.172
389.352 445.094
1224.39 355.253
1079.17 757.409
893.481 567.408
1111.55 326.424
373.236 441.634
1078.14 732.815
417.55 569.36
1158.79 544.511
1146.06 339.233
522.796 306.305
831.3 694.112
833.551 598.335
1072.94 757.592
429.208 296.005
1124.29 345.71
821.573 679.8
611.765 560.589
1145.49 338.999
672.671 527.516
913.214 483.403
1144.82 317.116
1076.13 734.133
1135.45 354.244
1047.26 524.958
283.642 401.605
920.178 661.928
587.719 577.352
915.708 598.594
530.31 322.055
660.072 559.578
410.952 404.455
552.956 579.027
409.921 487.075
402.165 569.74
1140.6 329.213
1010.65 685.867
990.634 545.723
382.042 438.628
607.281 395.078
1075.35 614.882
482.502 561.412
529.768 586.87
1117.05 350.966
1103.41 341.637
659.435 556.27
1028 627.865
447.208 419.909
420.264 567.144
917.452 621.028
604.648 561.331
653.176 502.079
980.157 498.801
258.746 572.239
553.068 444.785
1007.8 685.883
1095.86 328.815
564.1 436.836
219.938 585.914
919.034 657.252
1076.13 734.133
636.116 490.293
402.212 385.146
879.841 598.03
226.208 496.239
257.283 589.043
505.993 535.225
880.229 563.58
579.812 323.895
859.893 559.844
521.067 572.224
850.344 562.892
1004.74 683.69
210.621 593.519
987.66 728.66
847.185 559.216
877 557.055
1008.3 688.986
901.426 586.414
902.121 589.837
1114.3 688.929
896.647 561.255
861.129 589.151
899.409 494.226
1123.7 353.405
890.852 429.647
315.481 442.207
235.903 396.223
676.837 519.778
828.276 605.829
1135.45 354.244
1161.2 346.347
449.197 405.409
238.83 501.866
909.681 481.126
605.552 311.671
933.073 510.047
825.313 764.843
419.405 564.325
426.19 568.38
615.577 343.406
925.681 598.788
892.573 520.833
920.672 666.483
1110.58 357.992
256.098 505.986
1167.39 690.351
990.745 479.634
1144.82 317.116
441.578 374.44
1169.72 339.376
254.951 506.763
628.169 536.247
920.178 661.928
1002.19 669.247
838.199 595.744
992.483 726.759
884.969 572.824
917.242 467.318
884.767 567.86
396.743 518.932
1141.02 350.359
231.256 418.258
911.344 472.559
1193.93 673.856
202.927 474.472
431.438 303.544
877.232 563.362
633.868 411.103
827.453 597.768
417.436 503.323
1020.29 550.771
578.585 331.161
863.644 563.324
966.004 548.019
865.886 467.398
1098.74 349.978
570.514 319.092
919.734 598.45
320.074 321.769
611.73 580.415
558.628 304.261
278 383.806
1010.65 685.867
841.365 578.259
896.647 561.255
456.332 517.228
1003.44 576.296
905.663 566.503
500.407 519.274
656.304 407.651
1129.22 321.379
885.671 663.667
200.893 585.475
628.281 514.826
855.623 589.135
952.95 529.709
1118.54 692.604
880.229 563.58
417.953 391.736
1007.96 681.393
1125.26 353.835
1043.31 743.656
283.642 401.605
557.12 442.57
1009.75 685.662
1147.08 351.796
852.067 672.974
823.049 682.575
1137.47 369.307
1119.36 354.873
1009.86 688.104
586.398 564.073
957.866 645.27
401.437 530.167
921.988 661.805
891.274 563.706
836.373 594.592
954.965 556.088
1141.27 324.029
861.282 698.105
857.518 588.691
1041.94 552.223
1103.41 341.637
905.663 566.503
917.951 504.48
581.235 441.124
505.702 309.342
639.184 387.159
897.939 585.664
975.491 557.06
652.601 484.195
884.091 623.624
433.306 307.789
831.3 694.112
867.349 598.46
897.682 597.767
853.083 586.731
859.905 558.618
860.386 445.497
269.793 468.376
386.622 435.185
1140.22 354.775
261.167 569.515
383.745 437.184
577.976 473.669
281.77 389.979
483.256 310.086
409.921 487.075
646.657 567.892
228.113 592.776
272.591 437.689
993.94 682.925
883.398 619.137
1076.13 734.133
895.683 442.395
489.312 341.082
586.661 562.933
385.979 308.007
879.692 386.09
888.706 441.275
1161.72 557.668
949.594 468.274
421.828 570.332
254.1 575.271
616.877 396.824
364.08 393.731
495.953 412.122
261.724 336.155
861.851 576.325
892.573 520.833
233.406 319.586
840.829 677.43
908.151 451.488
381.313 502.405
424.71 598.41
900.616 467.832
227.756 489.422
1132.87 363.209
526.598 576.212
411.239 573.712
1065.81 701.995
917.452 621.028
614.462 553.303
887.146 699.34
239.641 355.5
909.354 600.944
1145.69 329.269
854.085 575.067
296.18 536.348
648.222 527.79
935.464 550.548
866.541 564.616
983.35 549.327
1019.29 559.345
857.518 588.691
1140.63 356.123
447.063 471.268
855.623 589.135
883.161 661.134
905.653 524.698
510.866 587.475
1141.02 350.359
657.131 407.233
1133.55 350.105
640.09 384.716
603.133 557.967
663.274 346.338
1161.2 346.347
1166.87 352.58
968.614 586.542
426.046 536.288
1138.03 739.636
459.197 387.824
879.931 392.377
1107.57 335.927
997.432 473.352
919.734 598.45
1003.44 576.296
205.509 477.047
618.298 593.744
915.101 623.707
851.084 424.74
442.638 300.682
860.469 657.814
191.612 465.939
1123.34 354.988
