2500
1431.87 752.584
644.688 495.824
376.699 579.876
269.623 388.768
75.2245 678.805
783.163 238.148
1008.63 425.614
565.813 239.256
640.38 504.702
627.621 499.473
620.448 233.626
598.932 462.992
1060.89 539.951
1286.7 283.799
1268.1 550.206
1030.34 539.645
681.95 591.742
1025.74 367.82
704.882 296.232
107.568 541.667
1030.37 578.028
617.611 297.532
826.407 595.553
1161.94 702.12
643.477 502.779
825.322 772.229
288.149 330.836
1171.83 664.985
771.247 665.885
687.935 593.668
588.25 448.53
878.873 593.086
995.04 511.795
337.73 442.411
1282.25 321.48
1023.55 465.106
420.562 369.735
104.584 551.841
737.774 307.575
667.102 466.084
1297.13 309.723
746.032 303.734
95.3806 632.92
595.585 469.022
610.764 234.416
532.711 317.884
563.764 445.788
661.11 588.879
311.273 459.857
675.619 594.754
561.939 305.529
122.1 516.272
708.423 423.163
1226.34 565.705
291.894 324.402
644.514 367.266
652.055 506.39
149.234 467.032
1266.64 299.357
1098.61 574.04
330.424 253.833
998.559 651.804
358.689 638.798
583.567 302.641
551.327 230.565
1058.07 643.199
600.703 241.032
695.045 424.427
750.195 402.401
647.438 451.209
856.764 591.865
888.343 590.233
137.803 426.089
681.131 443.799
1046.06 498.102
859.81 591.427
781.43 587.545
768.735 228.937
643.579 502.877
1128.51 470.923
637.942 506.446
632.235 241.999
795.712 592.349
596.135 298.227
627.535 384.313
1256.97 704.651
764.332 230.975
543.521 503.447
403.846 491.731
1060.65 452.571
347.503 454.372
873.154 657.354
674.208 420.769
353.711 408.513
574.562 306.471
628.929 502.903
704.254 299.73
414.245 258.364
294.915 433.328
1078.67 488.122
669.719 310.289
108.569 643.104
890.982 592.85
298.803 635.899
604.083 503.167
200.604 493.804
1285.05 323.352
1252.06 712.375
150.943 486.691
869.817 593.877
1017.1 558.096
573.812 246.479
227.142 464.485
133.734 361.648
1112.51 626.797
173.179 429.077
610.028 467.583
394.799 500.743
772.303 404.257
206.734 405.756
732.299 468.661
572.504 445.011
1272.5 332.891
657.214 500.392
778.208 587.273
726.925 390.37
1299.27 312.917
217.632 396.746
676.959 415.656
1023.83 664.028
614.093 233.407
680.083 592.17
564.792 501.083
1244.37 314.159
706.186 243.177
703.213 390.899
697.15 443.731
625.494 396.462
561.079 304.182
1020.34 544.308
653.164 306.18
272.503 260.442
682.314 595.735
131.686 452.131
1016.93 575.019
133.077 447.448
820.161 370.162
191.634 344.398
799.372 665.271
835.401 592.457
192.677 435.692
709.58 240.426
1281.82 341.35
814.176 657.402
702.744 595.596
1040.06 478.295
1010.66 540.776
702.76 239.255
1309.36 304.269
569.996 504.106
763.304 296.271
109.918 533.157
1361.82 307.368
429.186 339.884
1188.87 667.775
581.004 449.671
1039.84 578.528
905.639 664.937
618.11 466.657
141.925 430.302
1306.17 306.604
402.78 585.648
1056.08 640.205
1087.67 575.536
1268.38 327.827
1141.18 452.415
1245.15 315.792
646.379 462.959
1090.58 640.593
754.695 229.62
1130.41 431.056
604.563 419.613
792.208 593.63
366.867 355.099
732.116 306.296
1091.26 641.237
1266.6 311.124
174.682 293.787
672.446 456.901
1009.86 606.648
1249.79 331.607
625.023 427.349
728.184 301.571
866.089 593.863
753.617 296.975
1173.68 656.776
750.355 451.264
408.844 488.393
741.783 362.1
636.915 237.52
725.151 592.547
1044.13 544.255
93.8633 532.5
390.252 533.507
1283.28 328.351
575.642 239.176
562.742 467.813
1128.39 500.109
661.126 233.602
659.628 597.679
646.412 295.217
1244.22 672.595
852.445 592.937
827.277 594.073
237.713 287.729
577.902 304.66
283.497 507.588
717.678 594.507
668.775 447.057
223.368 335.882
744.005 388.099
615.138 242.27
783.792 597.352
322.693 284.279
1297.26 301.605
762.282 595.399
1199.16 488.234
654.083 448.457
432.842 264.298
233.043 248.017
379.63 583.17
662.052 500.218
301.33 316.223
1077.7 477.51
1245.15 315.792
880.452 596.878
1125.4 434.148
207.884 417.328
743.771 229.962
655.694 296.78
269.559 686.196
171.596 294.487
686.221 305.459
658.963 501.435
677.759 743.854
773.638 412.971
731.808 417.19
705.472 293.685
584.065 447.381
679.182 591.505
570.799 294.006
1070.28 544.448
1020.71 451.113
555.497 504.656
823.7 229.048
357.642 581.282
1241.24 315.428
297.867 433.367
997.31 616.651
1004.67 527.435
558.555 502.701
1070.28 544.448
92.3045 592.495
613.005 458.421
1132.58 467.643
646.661 592.065
417.381 380.318
1035.72 660.885
585.074 424.023
1067.05 451.562
1285.33 326.248
815.096 590.037
1093.43 368.843
748.251 593.525
431.418 341.924
780.872 423.515
1001.08 374.667
638.26 426.096
1059.39 646.259
726.03 586.948
1294.67 322.583
715.511 235.858
618.59 368.651
328.609 255.191
1093.03 552.728
1049.36 547.158
850.355 591.005
1274.26 326.204
1145.74 545.402
672.518 595.119
949.411 668.446
650.387 505.112
85.3983 622.766
694.204 585.714
1294.71 318.413
678.005 459.796
1255.07 706.121
1289.23 323.912
788.837 590.5
1066.71 450.171
733.097 363.686
153.561 528.488
1147.15 569.037
705.472 293.685
702.213 296.953
623.143 369.466
657.187 594.843
567.385 295.729
650.728 495.948
731.075 295.149
1101.16 507.754
209.462 468.236
103.854 657.775
135.077 670.46
1038.66 640.693
695.211 426.44
837.701 229.893
604.244 503.27
1025.74 437.108
1077 443.146
579.604 242.097
562.564 507.417
630.091 242.225
1185.2 661.887
704.62 296.619
420.684 345.656
1308.61 308.085
628.381 299.475
1293.39 306.671
1202.11 702.678
750.735 292.412
637.173 296.886
224.486 645.454
1070.47 471.527
175.905 345.926
600.332 413.668
243.825 370.559
358.777 316.038
801.002 597.111
1110.47 528.328
328.808 388.271
721.306 591.594
735.821 295.073
761.651 231.711
632.147 244.126
882.125 591.305
651.664 589.136
1226.86 485.053
539.08 663.855
826.532 584.305
1260.2 508.21
64.0893 619.976
1280.84 298.534
1091.45 591.714
745.644 589.944
666.587 303.47
1268.67 322.467
425.149 405.758
169.031 309.722
1014.16 544.374
630.766 497.723
841.148 284.07
584.065 447.381
82.49 610.406
634.807 501.401
1206.28 595.794
1098.66 526.698
733.742 294.999
629.233 233.793
140.867 678.925
1039.23 495.268
571.679 470.06
1080.95 483.735
678.836 457.235
1059.32 553.732
597.91 504.856
585.972 306.033
675.205 378.13
1267.83 285.68
600.402 243.654
836.872 593.195
1020.53 452.756
703.223 232.574
1256.23 727.943
742.449 231.187
1297.13 309.723
861.258 590.304
444.223 274.267
1144.23 620.137
838.087 425.232
1282.33 297.203
786.521 366.192
1027.1 653.493
866.49 590.114
773.638 412.971
364.886 255.65
164.358 651.895
1119.27 437.47
703.386 229.2
547.831 505.807
606.223 300.431
585.808 366.7
1067.82 564.366
1099.33 460.372
378.178 639.777
832.797 231.639
890.982 592.85
1129.21 749.733
731.781 362.585
1068.05 450.081
131.982 617.582
777.072 366.828
1066.07 531.446
280.922 515.632
790.394 591.447
223.333 571.767
285.549 282.823
198.731 504.058
863.422 594.47
706.811 591.305
723.302 463.406
1168.06 700.205
588.174 452.479
702.308 593.835
250.493 568.801
1065.34 496.589
631.599 231.931
304.696 597.231
663.327 585.929
267.954 552.633
676.207 374.276
1159.93 521.268
647.438 451.209
96.6893 592.79
747.963 407.191
74.6461 672.424
879.008 594.946
714.739 468.646
778.809 587.631
341.649 320.801
643.579 502.877
279.515 294.916
821.63 231.984
639.982 495.992
702.76 239.255
558.534 507.03
1244.75 296.387
340.756 454.741
1082.5 480.32
1309.78 312.661
1016.69 560.264
653.094 232.496
760.66 233.583
179.908 294.269
592.234 509.28
1259.83 299.429
1264.3 323.063
734.446 297.217
819.267 369.649
1110.73 509.084
1060.3 645.062
753.422 465.879
496.787 686.452
540.915 421.129
1054.7 670.938
737.613 595.154
759.133 466.223
668.54 301.159
650.281 592.489
162.825 314.716
1070.26 462.359
1050.74 618.505
1019.14 553.871
566.432 501.107
1061.8 747.157
266.913 324.192
1065.91 432.817
279.625 415.371
1244.37 314.159
1259.44 302.613
778.245 298.519
1098.93 451.253
1087.48 570.36
641.997 364.93
1297.13 309.723
325.762 305.643
1110.47 528.328
776.923 294.663
705.288 239.631
762.522 231.107
1200.22 653.398
677.83 414.613
1102.61 444.476
274.012 406.388
1139.31 528.916
154.839 657.297
570.589 507.388
766.91 591.116
747.283 595.198
875.83 665.375
644.617 595.115
779.118 292.34
674.843 302.175
748.134 451.061
747.867 419.798
430.11 447.135
269.002 626.518
198.707 488.524
878.751 657.771
825.708 423.905
621.8 500.096
1065.5 525.747
146.286 648.243
734.492 482.088
593.124 405.705
272.469 387.913
153.488 295.953
585.813 503.808
738.487 295.958
1282.33 297.203
699.104 236.971
84.0349 542.007
601.645 501.236
1287.65 324.516
661.2 587.86
610.617 504.334
137.012 426.962
871.832 593.28
1290.88 657.914
1127.74 461.917
1277.66 341.153
760.301 444.445
1096.11 641.48
865.587 586.497
817.937 594.703
592.537 466.817
748.029 467.486
839.317 658.101
103.434 661.419
677.627 455.57
371.373 505.496
1052.93 485.769
1053.24 602.516
1025.31 645.767
649.502 298.03
604.107 373.906
184.521 269.18
750.355 451.264
1122.94 427.191
750.315 587.248
77.9754 670.479
658.615 231.445
1126.82 487.485
277.412 649.041
658.963 501.435
880.158 593.54
609.477 466.716
570.935 256.011
330.796 299.969
726.383 305.15
606.85 507.017
841.919 589.058
1023.41 332.667
1190.24 509.162
544.879 470.865
686.14 468.596
1132.99 619.897
1021.29 621.28
1285.28 324.516
1266.28 313.779
726.383 305.15
569.61 502.913
1183.17 663.179
1277.26 733.21
641.965 462.622
259.464 549.241
110.831 531.211
692.928 591.598
274.175 263.726
580.114 369.353
662.282 304.802
774.086 597.118
758.533 584.79
920.895 672.727
844.555 595.339
430.07 317.003
820.71 589.278
1346.78 671.802
630.338 233.97
126.945 455.044
613.127 305.596
1184.28 654.206
736.814 462.362
416.706 298.164
684.049 445.658
729.794 465.451
231.417 308.809
912.371 773.727
624.33 501.112
135.726 435.848
1083.02 483.792
91.5595 597.21
735.634 373.741
1109.41 468.443
775.587 587.54
711.83 303.713
542.399 378.709
789.257 595.716
827.277 594.073
443.864 331.638
753.408 303.653
1097.67 572.292
612.618 237.21
625.494 396.462
747.38 460.241
1396.2 501.451
1202.34 664.583
1038.23 469.326
172.664 535.674
232.816 652.704
744.921 465.522
715.578 587.551
627.163 304.686
273.692 514.649
900.9 589.388
687.981 298.034
168.519 315.012
1278.19 299.923
678.2 425.611
873.82 594.909
638.486 233.919
1000.77 665.26
1098.4 644.137
852.345 590.806
666.638 307.471
1030.58 557.778
1078.88 537.416
290.672 327.322
571.789 234.063
419.765 415.09
438.477 274.714
849.305 667.775
857.787 379.397
1010.39 576.956
574.525 505.795
1061.18 429.72
692.934 594.727
1045.52 461.205
622.626 465.86
203.416 490.295
1194.73 646.371
617.539 300.295
1271.38 326.178
109.724 449.533
649.463 502.254
845.229 230.546
589.434 506.238
544.066 505.709
214.517 432.965
642.274 506.817
420.895 286.591
815.096 590.037
570.857 295.658
627.981 500.828
216.765 399.501
152.177 656.974
654.946 497.902
186.201 690.378
745.028 446.755
1080.12 352.936
1130.12 570.234
858.656 378.261
998.239 582.807
720.357 590.459
1050.34 619.331
1132.58 467.643
655.925 364.443
1093.59 503.62
1236.15 311.826
302.439 676.564
579.691 428.836
1033.48 643.668
382.51 543.555
1173.28 700.653
323.606 380.852
741.676 589.387
666.78 402.657
566.682 239.016
871.519 417.799
206.607 282.287
826.86 664.107
159.984 293.968
710.526 297.151
1154.78 709.405
646.342 301.56
758.533 584.79
551.577 499.175
888.669 594.637
688.14 591.422
733.77 303.631
337.393 495.648
707.603 235.879
1268.23 294.615
588.169 470.521
1308.87 495.114
1156.03 659.26
657.841 588.618
711.683 444.602
107.568 541.667
1029.51 645.433
181.693 478.042
70.3569 658.345
782.61 298.36
875.859 592.442
837.701 229.893
164.71 296.235
748.652 233.176
1058.16 546.335
629.254 467.682
830.282 232.566
569.61 502.913
1059.14 567.743
634.753 301.049
717.232 465.546
668.377 232.661
1085.45 475.398
852.062 664.143
739.941 587.172
1000.82 729.148
211.713 611.969
1291.09 287.295
1014.19 612.345
1269.64 552.178
830.148 229.076
1298.7 309.185
1112.18 439.141
649.003 406.703
819.811 658.282
880.602 595.167
158.408 517.688
737.493 590.73
1055.01 484.575
1013.71 501.397
1201.39 654.259
1230.26 688.993
1295.17 661.651
1096.11 641.48
819.737 228.331
726.301 591.465
627.177 504.153
1023.24 539.534
1019.15 556.155
891.947 593.896
365.405 599.848
158.021 317.839
724.542 467.958
1154.98 645.46
586.532 298.706
893.231 594.832
163.829 317.419
1015.95 452.883
1431.52 751.928
702.762 464.761
657.592 296.305
606.116 236.818
84.1121 620.423
795.966 593.073
781.464 588.416
551.737 667.765
1010.49 683.675
1298.7 309.185
717.806 444.757
1283.06 323.053
808.962 230.651
548.215 467.876
1177.86 653.998
813.475 595.126
1027.13 556.967
1090.74 638.764
635.976 496.914
713.496 590.062
93.4451 587.772
635.297 505.833
253.406 535.992
125.297 636.39
778.837 302.924
1282.67 327
747.413 590.46
612.751 445.737
1032.3 444.159
332.994 377.599
1104.79 500.066
896.474 595.473
676.586 365.239
756.782 591.266
694.308 457.285
832.798 657.299
1299.69 313.698
688.719 302.311
690.126 444.667
667.631 298.779
101.278 550.869
1186.84 661.191
706.423 240.846
206.066 495.348
677.929 451.588
1096.87 504.226
382.319 546.008
775.664 238.733
246.039 571.681
140.169 430.068
162.269 321.105
574.681 369.763
1116.44 685.374
889.132 592.911
609.207 305.836
376.321 336.491
714.481 594.592
292.966 250.608
741.069 301.063
474.655 298.006
653.097 597.466
1063.51 641.561
1080.32 472.662
768.682 232.776
1184.46 655.317
649.641 452.805
573.583 507.772
871.433 589.194
430.365 343.325
93.6268 599.963
726.435 231.338
774.87 595.714
684.64 595.625
1288.43 301.329
172.664 535.674
997.254 583.02
820.71 589.278
1268.1 550.206
600.703 241.032
1050.02 551.952
706.639 239.485
1031.16 553.316
710.363 588.15
832.798 657.299
556.78 498.349
345.914 403.797
746.086 302.886
1067.05 451.562
315.911 256.704
788.324 232.445
361.07 256.267
621.571 243.33
622.177 292.936
763.122 370.975
742.343 449.186
734.847 294.961
617.265 467.395
548.743 502.224
706.028 246.462
622.592 305.136
156.826 451.129
601.033 302.136
1268.58 297.786
1083.66 575.921
276.435 618.113
579.919 504.211
245.211 682.348
608.511 301.578
760.226 295.086
331.874 445.292
866.523 666.482
589.583 305.629
1278.13 300.633
796.673 585.185
1070.65 483.256
725.482 590.058
81.5443 618.278
622.167 296.618
1161.84 557.255
574.011 239.121
1153.88 518.603
762.522 231.107
638.053 509.304
425.167 319.48
1009.81 567.846
259.183 641.261
1128.51 470.923
1277.26 733.21
1072.59 473.463
558.397 507.892
630.238 506.921
1027.95 454.454
693.296 588.49
267.954 552.633
419.187 388.403
399.996 322.52
334.855 336.767
1145.74 545.402
566.555 301.545
826.86 664.107
756.632 232.347
647.819 504.05
737.613 595.154
255.585 441.556
180.89 294.721
842.645 230.578
1016.61 570.873
367.201 254.165
252.25 553.626
188.121 301.735
1014.15 471.321
899.275 593.314
572.417 306.868
570.29 295.775
173.179 429.077
631.701 297.202
684.64 595.625
140.968 423.417
788.705 400.097
379.19 640.449
1007.87 674.522
615.143 501.109
646.164 302.958
133.331 548.218
634.807 501.401
660.152 306.409
620.625 232.445
1280.9 300.336
653.994 503.935
1226.34 565.705
571.612 500.513
653.036 598.29
847.746 363.22
1244.37 314.159
571.957 498.303
243.896 449.73
871.688 593.281
542.451 501.296
771.803 589.357
1137.94 696.466
624.512 498.037
901.668 596.772
1060.75 496.931
1290.77 289.812
702.714 292.286
621.473 307.074
1126.87 561.935
841.232 591.11
1027.76 573.647
579.604 242.097
578.923 466.941
632.889 301.744
1342.36 746.051
283.5 506.042
55.9346 635.757
880.199 589.398
599.408 414.569
778.245 298.519
671.443 590.396
1121.37 385.695
566.105 302.991
620.238 398.872
1026.31 645.24
663.157 308.174
677.854 304.363
1301.34 299.414
767.888 300.192
773.872 303.625
577.134 375.79
1085.12 602.787
407.165 322.595
735.616 297.214
1003.08 424.142
614.86 503.765
818.341 593.514
269.685 468.874
784.874 420.887
699.704 591.569
305.388 254.149
1059.31 576.889
309.584 431.638
723.029 594.885
1007.51 451.244
644.863 496.774
238.945 295.686
629.233 233.793
341.424 311.434
638.943 499.73
1110.38 500.813
777.142 297.343
1272.74 322.016
1272.5 332.891
737.161 449.814
334.861 645.739
787.86 416.736
1115.73 685.725
1300.14 302.713
853.875 596.448
157.1 657.358
816.731 230.776
640.322 499.109
102.007 551.387
169.56 300.868
153.488 295.953
1297.13 309.723
626.982 507.37
776.101 296.795
367.277 505.034
1309.87 316.16
709.958 290.299
661.11 588.879
1066.07 530.712
825.815 231.165
205.994 361.044
563.045 446.937
423.589 451.194
268.325 551.097
753.228 291.739
673.219 231.783
1268.35 296.358
777.179 292.076
655.84 293.858
185.697 430.016
706.245 224.752
1021.77 609.974
709.674 304.27
1022.08 569.972
234.192 567.727
247.035 628.355
861.146 588.874
185.498 427.563
994.686 383.753
1143.69 489.812
1036.62 679.529
137.803 426.089
288.149 330.836
733.742 294.999
668.665 296.115
606.704 233.86
64.0893 619.976
337.908 528.622
1177.21 642.373
619.985 389.247
739.646 301.438
993.093 506.751
542.497 220.589
585.808 366.7
558.818 501.602
699.901 468.667
1060.8 560.857
395.061 623.793
818.184 589.808
728.843 591.461
883.901 594.994
443.663 306.084
735.821 295.073
660.036 592.346
341.607 451.139
736.292 306.429
332.777 389.801
119.137 460.515
686.711 433.005
600.29 470.193
996.267 486.914
657.214 500.392
685.605 386.401
807.116 594.698
735.702 587.523
702.672 235.984
705.682 236.005
1250.42 301.69
704.392 300.523
566.631 369.47
311.486 413.613
742.343 449.186
174.081 556.273
715.783 585.366
424.175 352.529
162.276 456.251
1293.76 297.354
767.267 294.646
788.324 232.445
720.357 590.459
837.676 591.955
428.159 449.873
153.695 575.913
195.954 579.532
554.813 510.096
866.636 380.33
1143.71 666.857
545.992 225.017
1431.87 752.584
565.535 497.53
637.174 427.253
1190.01 642.077
1129.08 521.83
655.122 241.338
1173.68 656.776
673.05 450.316
732.364 300.402
187.846 258.394
346.773 456.254
711.822 426.712
278.146 543.082
706.638 224.176
577.76 244.119
743.771 229.962
1054.7 497.285
615.519 458.343
1112.95 497.304
718.759 443.603
1269.15 281.203
821.163 586.78
828.372 596.42
764.16 595.444
1283.32 290.264
669.756 371.895
760.148 590.467
277.412 649.041
619.098 504.701
681.678 451.419
817.345 230.618
1273.25 295.973
593.496 241.477
731.273 587.899
1186.52 658.512
148.418 315.373
1057.42 602.121
700.171 235.706
818.642 657.229
619.602 304.036
246.674 666.58
618.684 501.776
723.963 303.905
710.74 294.342
320.194 464.385
624.135 301.596
1030.79 637.629
1099.9 568.776
1154.98 645.46
789.102 368.427
750.18 460.802
1102.22 500.906
1300.14 302.713
1046.01 555.443
648.981 372.081
1166.62 554.373
1287.65 324.516
541.897 388.858
774.724 298.488
653.682 585.327
764.192 597.458
634 356.104
569.56 367.024
884.464 365.082
672.715 297.07
766.238 394.378
499.108 684.066
1134.21 563.33
1307.37 311.246
673.848 585.909
604.165 408.821
723.453 465.165
689.402 591.882
705.661 594.83
680.083 592.17
777.179 292.076
1023.88 621.265
1045.52 461.205
921.633 281.221
703.37 230.813
718.568 298.193
619.098 504.701
865.86 591.878
776.699 595.44
253.808 553.26
834.505 590.124
653.962 233.361
1039.22 454.722
112.195 527.78
1268.62 299.536
1036.47 641.047
714.98 589.789
554.788 505.555
332.483 407.243
705.661 594.83
889.58 598.345
589.949 458.217
231.869 573.175
744.069 591.277
551.327 230.565
668.233 595.841
1236.7 510.827
757.88 376.112
1148.25 707.262
856.821 664.288
852.819 595.721
1268.35 296.358
883.901 594.994
190.129 288.669
588.174 452.479
668.873 590.348
604.165 408.821
672.542 454.376
874.73 373.905
204.698 286.067
543.039 221.347
827.277 594.073
334.339 497.945
1274.47 312.181
1070.02 445.001
296.447 255.98
593.124 405.705
1152.16 504.871
744.327 392.566
88.3749 679.666
1000.42 748.957
738.314 231.312
598.24 468.804
1061.58 569.429
767.55 303.305
426.542 445.14
597.66 502.816
753.617 296.975
807.343 590.291
714.063 238.722
999.708 407.653
160.283 555.665
652.789 404.352
894.031 594.613
332.736 574.788
705.181 290.925
1052.39 562.936
317.564 484.646
871.589 591.307
654.659 590.117
253.265 499.71
1012.53 571.573
823.725 232.536
179.957 249.768
601.645 501.236
91.423 619.941
138.01 331.737
345.661 431.182
760.893 300.467
707.568 386.861
1103.51 501.221
740.308 422.141
737.432 299.676
654.268 296.778
717.068 377.671
1058.11 577.192
1191.26 719.731
212.654 621.489
837.676 591.955
109.98 534.025
731.3 594.974
1077.87 446.331
733.097 363.686
302.274 253.549
739.607 451.938
372.174 540.234
1016.62 610.79
594.128 503.059
1120.26 524.593
715.498 303.136
1013.74 466.635
302.562 679.935
883.842 248.615
657.749 294.492
757.88 376.112
835.401 592.457
1252.06 712.375
730.674 587.818
646.708 461.797
84.9706 633.707
188.525 588.559
922.446 281.873
1110 627.338
264.275 639.367
814.758 667.125
1035.97 578.416
607.637 244.737
391.22 508.71
638.842 502.551
1062.39 472.838
1195.68 488.388
668.037 438.752
370.309 572.579
574.102 466.943
183.762 255.052
292.924 322.755
677.072 296.632
677.759 743.854
573.589 506.708
738.426 298.71
627.89 235.612
606.116 236.818
98.8743 547.823
768.971 293.762
691.547 593.164
1064.3 496.059
100.432 536.769
1010.75 544.899
671.276 305.819
145.662 315.553
717.738 595.521
1259.83 310.73
88.7408 620.172
231.525 575.193
324.885 313.155
875.559 587.677
878.315 599.992
274.879 398.258
692.924 591.803
594.624 505.519
706.651 232.467
738.426 298.71
1068.05 450.081
653.703 300.826
577.139 503.945
817.937 594.703
1016.5 610.991
117.872 632.145
545.748 501.954
600.332 413.668
185.697 430.016
842.163 663.74
407.91 303.133
790.394 591.447
564.792 501.083
765.313 300.166
1004.67 527.435
624.182 426.584
606.223 300.431
219.977 332.282
84.1121 620.423
69.5356 677.173
402.828 534.265
176.146 269.014
346.226 497.371
1242.58 484.593
837.181 424.096
1042.74 637.268
762.609 294.818
566.555 301.545
938.601 687.146
1181.78 531.131
1090.7 543.807
651.417 591.998
665.369 590.455
1321.05 512.491
577.332 501.379
339.454 594.928
795.712 592.349
1175.02 653.888
680.809 468.639
709.871 464.254
109.918 533.157
149.002 318.379
799.36 230.491
759.931 297.242
148.381 520.736
1038.67 678.148
544.879 470.865
189.294 290.502
841.672 588.245
1031.62 555.598
1037.4 679.004
67.5833 615.088
668.205 594.89
254.936 567.757
1285.27 310.792
650.29 595.926
277.927 646.903
140.867 678.925
998.926 664.18
679.297 303.431
677.762 364.137
162.825 314.716
126.541 635.284
571.825 232.334
859.138 595.916
547.831 505.807
709.58 240.426
334.861 645.739
1127.64 473.578
1208.68 495.622
822.266 591.918
627.653 500.242
638.867 509.904
807.106 595.443
825.322 772.229
645.736 231.725
756.324 229.282
1305.57 306.149
710.353 230.327
1269.64 552.178
587.285 464.922
1020.2 448.768
650.551 503.649
1072.5 576.726
1345.79 757.788
758.577 588.778
896.216 664.591
1254.62 714.571
583.368 507.161
1178.62 493.635
1249.3 329.358
163.103 297.076
580.558 238.456
857.262 586.824
408.949 487.792
606.996 502.391
333.652 499.129
1061.84 416.45
248.634 651.918
573.834 248.86
1065.73 459.004
580.067 304.102
652.541 302.755
1025.01 652.782
860.625 373.953
1023.56 545.374
214.929 631.586
609.23 306.72
592.468 503.938
750.854 369.649
1342.61 744.44
1086.29 476.016
392.076 639.872
274.915 411.937
1194.77 489.078
320.194 464.385
593.124 405.705
858.656 378.261
635.596 498.927
659.937 500.219
1002.99 488.924
554.331 500.362
85.7833 650.634
1202.79 515.327
1046.58 523.337
790.085 585.646
767.55 303.305
1271.85 288.331
1120.19 505.372
837.983 596.058
138.628 430.645
548.577 500.31
1003.4 554.109
643.915 501.038
1294.4 333.463
604.808 497.848
650.281 592.489
1015.98 533.171
735.514 595.264
1003.83 556.85
1069.7 461.19
621.821 299.953
1137.94 696.466
1159.93 521.268
1127.68 468.857
554.893 366.247
1297.96 316.839
682.598 587.796
767.24 301.692
1168.06 700.205
577.208 498.143
824.254 597.684
86.6262 625.711
631.483 306.028
302.806 366.052
378.557 634.921
896.38 668.312
625.494 396.462
705.248 468.383
198.731 504.058
562.768 300.916
605.078 469.828
1057.19 514.833
770.417 592.132
631.599 231.931
149.571 314.069
624.794 417.681
761.651 231.711
557.156 420.725
790.083 587.024
674.843 302.175
1120.57 493.653
1015.96 658.586
1027.39 568.984
1068.05 450.081
1034.96 578.661
263.939 323.735
737.762 587.59
229.319 573.097
664.354 298.852
635.311 502.114
108.711 538.643
753.408 303.653
671.276 305.819
751.149 456.196
441.787 266.072
600.584 507.241
791.399 410.567
763.86 304.643
596.319 301.158
1280.9 300.336
783.163 238.148
572.864 246.813
580.114 369.353
1251.36 300.154
869.739 594.794
775.1 293.167
823.37 588.423
593.124 405.705
1005.46 671.423
1273.55 299.629
93.3021 601.831
217.632 396.746
750.315 587.248
797.299 595.627
732.892 443.699
1026.66 649.618
748.251 593.525
267.514 574.656
646.379 462.959
1001.11 731.091
619.377 235.605
715.403 304.035
823.636 590.634
637.805 456.29
188.121 301.735
1060.78 542.502
641.84 466.074
68.9234 650.467
717.932 588.402
1100.38 432.185
589.747 420.421
81.7706 563.259
500.809 687.718
830.916 592.891
259.138 570.943
706.639 239.485
1035.1 672.483
652.402 304.879
1081.83 600.596
330.474 468.792
1126.34 666.799
562.531 295.771
785.262 663.054
1198.01 508.318
1013.51 553.875
732.299 468.661
601.055 404.281
737.875 589.167
735.514 595.264
739.432 377.352
869.578 591.462
704.558 297.254
591.35 507.856
615.36 234.413
290.672 327.322
1093.55 639.209
884.628 587.334
649.502 298.03
1047.3 522.611
108.711 538.643
619.925 295.159
213.162 485.228
873.579 590.904
772.449 591.438
751.149 456.196
1000.77 665.26
127.059 517.347
861.094 597.179
342.755 616.29
278.961 395.499
583.809 302.802
327.492 308.029
830.432 592.073
1078.69 482.032
379.63 583.17
653.094 232.496
1423.47 692.656
675.674 595.779
823.942 589.657
753.422 465.879
673.05 450.316
132.929 362.3
669.601 297.947
1029.65 556.153
758.775 591.043
916.239 660.176
774.128 406.078
1177.86 653.998
635.297 505.833
540.8 668.509
995.086 656.675
747.18 597.378
582.657 238.929
1092.32 642.918
286.451 351.58
687.935 593.668
879.008 594.946
360.651 565.635
1102.03 456.116
1141.84 457.338
612.388 501.294
561.222 374.119
1119.12 530.967
684.718 587.545
1284.77 335.861
706.186 243.177
86.4246 612.979
730.492 305.069
1148.11 454.684
616.419 394.708
1089.55 485.164
745.201 368.924
1019.14 553.871
1148.5 458.7
869.1 589.114
1023.63 665.052
147.497 452.609
615.998 423.111
727.939 587.367
779.073 597.401
540.316 673.238
1172.56 481.16
72.3999 591.555
615.36 234.413
1007.91 574.057
185.498 427.563
1312.33 311.243
823.7 229.048
746.747 229.826
411.994 321.854
711.084 589.865
1023.45 543.61
620.238 398.872
689.402 591.882
596.2 449.692
155.424 631.784
774.724 298.488
1081.16 476.891
820.176 377.458
617.262 292.002
681.874 454.219
1090.21 576.055
420.429 287.803
696.132 595.593
657.46 300.329
341.696 448.26
736.095 593.453
1077.36 504.125
1040.9 542.827
104.958 550.44
684.049 445.658
1203.08 514.183
1051.44 546.933
667.421 457.045
699.112 597.22
161.559 290.082
797.731 238.152
566.096 507.12
359.634 530.244
758.775 591.043
759.689 354.687
776.923 294.663
1026.23 553.553
332.736 574.788
736.261 232.919
302.439 676.564
184.269 584.535
84.1121 620.423
549.612 470.736
725.198 365.133
585.837 299.687
666.665 301.649
720.478 297.594
175.471 293.593
620.625 232.445
322.656 606.524
259.147 642.473
742.615 591.348
606.938 372.671
883.716 591.237
1135.29 559.186
829.539 590.588
679.14 301.63
769.589 347.282
760.66 233.583
561.61 502.555
1086.64 563.211
615.36 234.413
631.838 238.129
218.06 273.828
622.544 504.858
1194.44 720.563
601.096 306.053
1054.7 670.938
667.421 457.045
1181.29 716.14
337.381 320.614
885.634 364.132
1282.33 297.203
699.901 468.667
301.775 467.049
1230.99 593.589
747.38 460.241
1130.41 431.056
1105.6 526.708
416.915 289.783
95.3806 632.92
889.388 591.587
715.403 304.035
1175.75 609.016
1088.96 555.28
1026.64 560.171
447.658 264.137
850.973 590.097
271.989 489.034
664.52 588.912
834.505 590.124
836.803 657.756
855.102 589.721
826.648 599.495
81.5443 618.278
1052.53 499.845
773.957 302.795
846.657 592.346
557.223 446.158
158.136 275.484
629.254 467.682
149.607 523.871
687.57 471.148
744.069 591.277
769.242 238.395
884.604 659.636
1000.7 510.467
572.95 293.849
720.455 593.677
890.982 592.85
141.286 434.429
1191.26 719.731
754.348 465.482
671.443 590.396
1064.25 564.233
792.043 592.668
870.115 595.38
322.621 625.322
1331.92 505.928
668.492 592.354
137.012 426.962
1173.45 596.29
687.632 587.738
635.119 233.473
822.266 591.918
157.611 293.23
1025.14 404.312
697.15 443.731
781.43 587.545
363.158 506.507
644.482 593.665
824.713 424.715
412.409 299.007
566.096 507.12
1278.77 328.743
693.092 593.49
672.542 454.376
289.349 432.281
1299.93 297.865
876.105 425.056
1039.04 558.796
82.5838 624.757
545.993 504.282
859.81 591.427
716.528 299.424
769.502 297.373
748.652 233.176
618.684 501.776
559.465 454.948
1273.55 299.629
650.387 505.112
609.016 298.153
766.88 408.981
283.546 417.413
1050.14 560.115
1008.34 675.363
625.407 304.188
98.1767 671.824
1046.58 523.337
721.039 586.451
1021.69 581.532
787.86 416.736
290.158 653.945
176.392 429.675
646.513 597.569
635.119 233.473
752.524 465.672
126.945 455.044
634.807 501.401
1093.52 634.076
705.901 589.752
315.575 498.369
1014.59 488.86
1013.6 426.269
830.148 229.076
368.423 573.681
995.845 535.514
666.6 445.451
770.417 592.132
899.241 597.011
98.8743 547.823
734.665 230.853
1026.19 480.838
1029.94 652.876
741.676 589.387
707.865 589.717
1285.27 310.792
71.1952 592.267
1070.84 576.619
1121.3 620.32
672.542 454.376
424.644 265.713
1127.74 461.917
1268.67 322.467
1184.33 679.475
754.348 465.482
677.627 455.57
415.899 296.532
239.904 383.125
1109.63 554.055
1274.26 326.204
641.726 502.626
700.936 467.718
742.215 585.438
1133.2 501.711
273.292 649.244
874.787 299.146
880.199 589.398
718.337 592.935
1082.12 538.7
200.019 269.737
730.311 445.234
1294.71 318.413
172.202 302.383
290.672 327.322
619.849 297.217
549.2 429.009
837.676 591.955
825.996 656.796
682.089 461.314
567.847 292.879
592.039 235.386
821.259 585.777
793.62 238.716
635.311 502.114
1170.22 709.158
133.971 660.066
1032.99 373.654
649.152 304.579
288.947 428.767
1020.73 331.331
939.368 687.849
92.3045 592.495
1058.04 599.647
878.873 593.086
627.878 233.987
170.007 271.596
163.777 341.448
679.212 426.49
830.352 663.702
191.004 502.009
781.392 592.814
1114.92 509.174
701.256 303.68
564.188 299.69
621.619 499.369
549.2 429.009
561.939 305.529
763.779 591.423
414.32 299.7
617.611 297.532
788.022 590.34
1060.8 560.857
272.696 628.017
633.421 499.177
829.833 595.372
129.567 614.975
1078.58 447.37
623.52 505.529
880.602 595.167
1227.71 718.335
618.787 496.522
759.427 447.562
1171.88 711.024
1122.66 562.646
566.747 294.364
405.519 360.34
382.145 547.235
595.389 466.339
610.875 235.258
660.961 594.707
1008.34 675.363
446.659 331.904
718.523 295.213
758.533 584.79
67.5833 615.088
1170.24 554.834
167.779 336.877
173.011 427.933
1025.46 649.849
776.101 296.795
630.317 235.831
859.01 594.464
636.335 301.747
744.635 587.258
778.284 290.765
243.896 449.73
1109.55 456.825
653.682 585.327
714.317 447.253
228.452 668.846
597.91 504.856
649.003 406.703
614.818 244.721
427.828 302.938
296.414 271.064
219.683 594.653
575.2 232.4
621.934 303.845
331.874 445.292
830.352 663.702
101.278 550.869
231.532 309.604
1251.03 292.555
821.147 229.921
699.712 591.603
410.877 404.794
416.592 471.473
1294.71 318.413
900.516 595.141
579.452 238.109
661.2 587.86
781.371 230.737
630.108 421.338
668.296 303.203
117.872 632.145
995.291 650.454
1194.15 720.317
745.644 589.944
574.011 239.121
637.942 506.446
1011.18 557.7
766.834 593.261
1019.77 608.198
685.605 386.401
739.19 591.242
690.37 468.632
699.646 591.966
1120.26 524.593
689.064 301.219
237.737 666.318
109.98 534.025
99.2014 596.831
1414.72 744.234
734.26 293.604
448.264 272.052
708.729 588.162
326.091 311.175
793.092 587.607
238.828 294.678
90.3796 627.171
1273.85 322.215
670.918 300.033
757.47 296.625
423.282 429.273
168.159 301.503
110.587 531.334
1271.38 326.178
804.88 595.603
743.315 304.513
1066.98 503.591
1010.63 581.839
263.334 320.031
846.608 595.386
128.325 461.135
725.482 590.058
664.028 590.072
623.237 242.175
337.918 527.098
577.648 504.068
588.229 435.835
617.429 505.176
750.342 591.175
85.3983 622.766
1017.1 558.096
1029.65 556.153
1036.89 544.989
87.647 613.859
563.435 502.986
1171.83 664.985
1126.76 486.296
392.794 511.956
89.4805 597.481
1185.85 647.355
741.405 448.452
828.506 597.855
241.856 668.604
598.32 231.089
194.596 285.12
786.117 230.064
1126.23 574.322
159.194 516.096
238.085 278.219
616.037 306.088
713.98 591.209
669.817 584.926
1283.2 325.09
992.95 457.805
832.499 416.974
1072.96 473.43
589.747 420.421
1254.62 714.571
821.63 231.984
578.585 233.544
653.434 400.561
679.297 303.431
646.164 302.958
189.294 290.502
1047.6 421.166
795.035 597.611
170.404 653.874
597.392 302.112
693.183 377.718
679.806 300.258
1174.18 542.083
435.795 324.72
608.504 382.272
838.12 232.017
1059.32 553.732
707.568 386.861
781.411 595.154
702.586 243.675
782.61 298.36
649.133 503.265
1132.19 435.668
1066.29 539.416
759.427 447.562
631.772 235.761
677.929 451.588
592.976 372.617
726.925 390.37
240.361 673.348
427.776 462.712
1001.33 739.585
1265.14 295.038
779.118 292.34
674.843 302.175
422.109 445.657
222.536 465.942
703.213 390.899
1040.71 640.137
722.092 589.593
568.586 238.972
601.042 306.9
1021.93 486.911
1212.97 717.762
273.124 261.221
748.481 366.149
578.713 235.345
151.023 364.648
549.61 340.151
997.259 512.386
634.286 236.556
737.432 299.676
1051.77 481.146
257.289 630.37
694.196 376.787
753.699 289.576
1279.77 341.226
684.832 597.595
1173.68 656.776
300.818 659.542
835.401 592.457
129.803 448.36
648.695 416.811
1040.06 478.295
428.811 402.557
1016.1 505.39
1097.09 384.241
1023.55 544.567
259.438 634.243
638.977 505.727
1098.44 638.629
696.79 587.756
840.879 601.066
1171.11 710.614
689.645 587.862
1266.26 294.702
377.64 638.147
1003.5 520.23
1140.65 473.072
92.9757 603.638
292.942 429.122
570.56 242.58
1157.07 653.791
704.659 293.664
807.343 590.291
704.558 297.254
742.436 457.268
837.676 591.955
209.042 262.287
662.277 298.238
597.92 300.65
428.309 279.142
783.598 595.561
137.012 426.962
278.776 256.934
208.29 468.232
717.31 467.123
198.731 504.058
1044.07 478.056
682.089 461.314
272.469 387.913
742.615 591.348
152.911 362.929
676.512 591.518
1271.22 327.57
1060.3 645.062
194.997 443.098
594.128 503.059
1275.6 322.372
643.708 504.528
706.814 229.213
1002.79 743.878
771.369 595.427
561.941 425.703
1124.99 503.691
343.96 299.688
650.014 304.952
1070.94 463.28
448.707 270.124
1012.77 531.477
206.998 600.76
617.892 385.187
739.19 591.242
1202.79 473.568
710.229 232.261
449.174 270.714
1343.31 657.826
601.2 504.402
736.191 594.258
1038.66 640.693
1007.25 452.568
624.794 417.681
1144.23 620.137
600.584 507.241
1299.69 313.698
721.187 295.596
423.282 429.273
704.653 409.6
658.963 501.435
670.918 300.033
916.239 660.176
834.948 595.898
1050.45 605.682
559.465 454.948
806.793 593.458
1114.3 504.568
280.922 515.632
1278.13 300.633
934.963 683.973
593.496 241.477
703.571 457.893
540.425 670.755
743.315 304.513
994.686 383.753
995.845 535.514
1205.68 753.674
1013.6 426.269
723.71 244.129
752.89 587.755
757.124 303.271
664.649 594.815
899.275 593.314
562.773 504.087
1024.31 646.179
377.303 686.286
1127.53 473.572
293.282 432.015
342.597 455.948
771.51 409.244
655.071 298.933
707.093 228.167
682.598 587.796
722.092 589.593
658.862 290.866
653.06 366.971
901.88 664.687
805.368 588.025
1297.13 309.723
586.28 462.539
380.73 636.397
1308.61 308.085
652.436 244.179
549.598 504.289
656.623 497.834
576.957 509.988
693.978 597.72
673.051 294.349
688.579 465.717
593.261 507.881
654.06 502.313
674.843 302.175
742.689 304.4
102.09 561.525
1046.06 498.102
613.005 458.421
227.142 464.485
677.83 414.613
410.1 258.744
440.609 264.619
292.924 322.755
998.926 664.18
92.0348 603.017
630.651 501.402
544.15 506.638
1126.82 487.485
205.19 349.756
619.82 507.711
738.981 306.291
1058.36 461.799
309.388 253.344
1129.01 500.605
278.372 524.984
997.254 583.02
751.137 360.734
776.195 410.177
1236.7 510.827
206.821 468.311
850.488 593.35
717.738 595.521
593.146 243.977
1065.69 492.815
816.731 230.776
197.415 499.987
172.202 302.383
1036.19 540.076
365.356 582.505
1280.84 298.534
603.514 296.041
710.173 243.349
638.622 504.594
72.4861 617.837
107.51 662.235
93.4451 587.772
839.122 655.183
77.27 568.382
444.223 274.267
731.585 303.218
550.106 428.099
377.667 512.241
1228.89 564.15
689.645 587.862
601.042 306.9
178.805 294.329
610.591 498.285
1038.67 678.148
1036.72 638.616
732.954 381.874
1055.64 545.136
1268.62 299.536
1284.24 334.259
147.625 649.302
1187.61 659.558
705.234 300.654
1192.23 525.559
1030.58 557.778
1039.74 498.933
150.339 310.72
1273.26 320.844
617.092 501.135
341.63 450.076
286.451 351.58
742.449 231.187
561.61 502.555
1060.75 493.091
1239.36 294.265
1161.84 557.255
826.547 591.968
628.128 300.855
598.24 468.804
1128.39 500.109
81.5167 562.34
720.693 381.378
1181.74 718.08
579.452 238.109
242.145 667.851
593.815 299.216
1427.29 757.875
653.094 232.496
116.548 430.786
1155.84 646.49
555.08 456.103
570.261 246.967
1100.16 572.255
884.464 365.082
864.885 424.801
1005.03 511.432
1226.69 496.797
725.151 592.547
595.262 394.332
574.174 420.455
299.986 379.159
744.642 418.501
575.476 228.707
737.978 373.901
625.687 502.898
1077.87 446.331
292.208 432.734
708.321 304.338
1253.36 283.611
862.67 591.776
1084.43 576.371
1023.68 579.309
1000.24 482.043
737.699 372.557
1070.65 483.256
1004.62 575.373
205.301 278.916
756.632 232.347
923.58 316.005
717.431 591.058
698.997 594.981
821.425 588.701
574.562 306.471
601.033 302.136
738.314 231.312
1019.14 553.871
778.733 585.502
1147.15 569.037
102.955 662.358
1060.78 542.502
557.223 446.158
679.642 737.602
783.598 595.561
149.377 311.787
1063.69 537.523
668.377 232.661
554.551 506.614
1014.16 544.374
420.316 292.389
631.624 305.253
780.716 292.238
1027.64 569.98
664.952 297.842
617.19 301.744
888.669 594.637
1018.15 622.943
1092.57 634.368
183.833 502.147
342.263 594.093
554.149 467.743
1001.11 731.091
613.658 469.806
624.33 501.112
880.185 592.681
617.144 232.731
820.82 594.2
652.124 445.127
810.692 591.477
821.147 229.921
1044.34 488.559
1170.25 656.248
634.564 503.303
698.997 594.981
1044.01 540.617
872.052 658.794
781.371 230.737
617.826 295.294
229.028 564.492
1088.66 472.706
626.982 507.37
654.659 590.117
635.943 367.41
1096.86 506.99
299.226 366.225
617.875 445.589
158.408 517.688
743.156 373.549
592.468 503.938
759.098 377.829
398.856 575.417
163.673 650.669
568.249 242.3
704.814 373.604
774.668 663.625
1044.26 542.996
640.675 294.605
133.687 451.251
892.197 657.849
1260.51 505.38
621.8 500.096
302.806 366.052
782.515 303.585
601.096 306.053
664.943 591.55
778.874 297.164
787.469 368.082
678.082 454.215
871.519 417.799
93.8051 612.691
728.168 303.625
1251.36 300.154
194.343 264.645
1226.69 496.797
420.705 469.449
781.411 595.154
683.222 466.805
662.223 233.709
1110.47 528.328
451.724 270.188
646.708 461.797
890.982 592.85
573.66 249.889
884.637 597.229
561.315 498.309
565.382 297.257
554.74 468.498
156.64 533.733
770.261 301.647
163.673 650.669
565.401 306.465
163.775 329.048
340.528 318.767
790.317 400.846
649.318 460.361
618.969 497.377
1135.54 560.61
899.49 586.549
350.204 689.348
660.339 451.004
94.467 598.143
1271.85 288.331
1418.17 656.177
185.868 268.497
455.82 597.163
1053.36 513.325
332.994 377.599
834.728 658.188
1134.21 563.33
932.659 738.177
598.231 509.551
642.317 304.853
152.669 295.913
175.905 345.926
821.276 594.813
597.039 382.999
689.428 443.775
408.797 517.497
270.337 265.839
152.669 295.913
1053.71 600.41
128.593 635.764
642.87 298.161
175.951 278.474
878.873 593.086
452.418 271.392
544.349 507.786
574.525 505.795
332.064 501.813
760.148 590.467
776.661 594.614
1027.64 569.98
894.825 599.121
578.585 233.544
729.312 300.841
664.952 297.842
1263.76 326.199
385.777 544.014
703.852 453.681
625.687 502.898
444.47 277.899
631.75 233.771
835.401 592.457
422.036 444.397
1221.71 716.761
572.417 306.868
883.716 591.237
739.858 593.821
1096.06 638.818
382.768 693.341
706.146 245.486
803.369 594.569
682.237 299.677
