1272
1060.89 539.951 978.28 581.749
1030.34 539.645 967.625 555.114
1030.37 578.028 927.875 565.693
1161.94 702.12 848.022 710.123
1171.83 664.985 889.12 711.114
1282.25 321.48 1341.89 732.674
1297.13 309.723 1367.45 745.891
1226.34 565.705 1015.66 737.921
1266.64 299.357 1364.26 713.545
1058.07 643.199 870.228 605.104
1256.97 704.651 879.048 797.475
1060.65 452.571 1073.05 557.661
1078.67 488.122 1041.05 583.908
1285.05 323.352 1341.57 736.274
1252.06 712.375 869.146 794.756
1017.1 558.096 943.541 549.262
1112.51 626.797 906.695 649.273
1299.27 312.917 1364.79 748.362
1023.83 664.028 839.162 582.715
1244.37 314.159 1330.24 692.403
1016.93 575.019 926.04 553.71
1281.82 341.35 1315.13 735.101
1309.36 304.269 1382.67 757.109
1188.87 667.775 892.149 726.882
1039.84 578.528 930.53 573.888
1306.17 306.604 1376.74 755.633
1056.08 640.205 873.327 603.702
1087.67 575.536 950.944 614.533
1268.38 327.827 1327.42 720.767
1245.15 315.792 1329.17 693.153
1090.58 640.593 884.192 633.991
1130.41 431.056 1127.88 614.764
1091.26 641.237 884.192 633.991
1266.6 311.124 1347.91 713.956
1044.13 544.255 967.572 568.686
1283.28 328.351 1334.92 734.669
1244.22 672.595 907.354 778.38
1077.7 477.51 1052.22 579.941
1245.15 315.792 1330.24 692.403
1070.28 544.448 977.005 591.149
1241.24 315.428 1328.13 689.11
1070.28 544.448 977.005 591.149
1132.58 467.643 1085.29 626.612
1035.72 660.885 845.725 591.42
1285.33 326.248 1337.78 737.294
1093.43 368.843 1184.22 562.311
1059.39 646.259 868.373 607.864
1294.67 322.583 1351.8 746.626
1093.03 552.728 976.822 613.118
1049.36 547.158 966.634 573.614
1274.26 326.204 1333.05 727.79
1145.74 545.402 1005.86 659.09
1255.07 706.121 876.69 795.735
1289.23 323.912 1344.42 740.442
1066.71 450.171 1078.43 562.253
1147.15 569.037 980.459 665.902
1101.16 507.754 1027.83 609.143
1077 443.146 1090.2 570.047
1185.2 661.887 898.31 723.551
1293.39 306.671 1370.37 741.338
1202.11 702.678 861.206 746.558
1070.47 471.527 1055.92 572.063
1110.47 528.328 1009.43 622.703
1226.86 485.053 1107.03 719.242
1280.84 298.534 1373.5 725.563
1091.45 591.714 935.103 622.657
1268.67 322.467 1334.51 721.2
1206.28 595.794 974.687 726.135
1098.66 526.698 1006.62 611.615
1256.23 727.943 854.69 801.658
1297.13 309.723 1367.45 745.891
1144.23 620.137 925.677 676.238
1282.33 297.203 1376.15 727.169
1027.1 653.493 850.363 582.256
1119.27 437.47 1114.04 606.326
1067.82 564.366 954.773 594.516
1099.33 460.372 1080.15 594.951
1068.05 450.081 1079.03 563.757
1066.07 531.446 989.008 583.922
1168.06 700.205 851.912 715.751
1065.34 496.589 1026.6 573.963
1159.93 521.268 1036.97 665.911
1244.75 296.387 1353.83 686.28
1082.5 480.32 1050.92 585.101
1309.78 312.661 1371.04 760.386
1264.3 323.063 1332.28 716.213
1060.3 645.062 869.979 608.207
1054.7 670.938 842.426 610.297
1050.74 618.505 893.045 593.583
1019.14 553.871 948.896 549.764
1244.37 314.159 1330.24 692.403
1259.44 302.613 1355.19 704.058
1098.93 451.253 1090.27 591.811
1087.48 570.36 955.811 612.813
1297.13 309.723 1367.45 745.891
1110.47 528.328 1009.43 622.703
1200.22 653.398 911.324 734.192
1102.61 444.476 1101.43 594.777
1139.31 528.916 1020.28 648.919
1065.5 525.747 995.313 581.936
1282.33 297.203 1374.31 727.463
1287.65 324.516 1339.9 739.995
1290.88 657.914 941.424 819.667
1127.74 461.917 1090.5 621.346
1277.66 341.153 1314.13 733.104
1096.11 641.48 886.051 638.271
1052.93 485.769 1035.48 561.704
1053.24 602.516 910.65 591.706
1122.94 427.191 1128.07 607.104
1126.82 487.485 1060.84 626.875
1132.99 619.897 921.397 665.782
1285.28 324.516 1339.14 736.392
1266.28 313.779 1344.74 714.771
1183.17 663.179 895.069 720.828
1277.26 733.21 856.72 822.561
1184.28 654.206 904.516 719.525
1109.41 468.443 1075.23 606.682
1097.67 572.292 958.832 624.035
1202.34 664.583 900.265 738.337
1038.23 469.326 1045.87 542.978
1278.19 299.923 1369.88 723.516
1098.4 644.137 884.171 641.291
1030.58 557.778 948.768 560.659
1078.88 537.416 987.379 596.797
1010.39 576.956 920.719 549.304
1061.18 429.72 1099.33 551.745
1194.73 646.371 916.586 727.34
1271.38 326.178 1329.71 722.664
1130.12 570.234 972.333 651.205
1050.34 619.331 892.096 593.356
1132.58 467.643 1085.29 626.612
1093.59 503.62 1028.83 601.466
1236.15 311.826 1330.42 682.825
1033.48 643.668 862.049 584.999
1173.28 700.653 853.154 720.243
1154.78 709.405 837.977 705.963
1268.23 294.615 1371.33 711.536
1308.87 495.114 1134.69 801.804
1156.03 659.26 888.662 695.744
1029.51 645.433 859.259 582.307
1058.16 546.335 971.075 581
1059.14 567.743 948.619 587.705
1085.45 475.398 1057.61 585.97
1291.09 287.295 1394.83 734.299
1269.64 552.178 1049.08 775.937
1298.7 309.185 1368.99 747.266
1112.18 439.141 1109.54 600.368
1055.01 484.575 1035.48 561.704
1201.39 654.259 910.877 735.085
1230.26 688.993 885.075 769.089
1295.17 661.651 939.353 824.676
1096.11 641.48 886.051 638.271
1023.24 539.534 965.062 549.176
1019.15 556.155 946.352 550.407
1154.98 645.46 903.272 691.648
1010.49 683.675 815.616 576.344
1298.7 309.185 1368.99 747.266
1283.06 323.053 1339.18 733.432
1177.86 653.998 902.433 714.083
1027.13 556.967 948.239 557.323
1282.67 327 1336.55 735.4
1104.79 500.066 1037.93 609.859
1299.69 313.698 1361.26 749.639
1186.84 661.191 898.31 723.551
1096.87 504.226 1030.1 604.17
1116.44 685.374 849.023 666.909
1063.51 641.561 874.693 610.001
1080.32 472.662 1058 580.885
1184.46 655.317 901.949 719.483
1050.02 551.952 962.098 575.303
1031.16 553.316 953.826 559.97
1268.58 297.786 1367.58 712.358
1083.66 575.921 948.901 610.628
1278.13 300.633 1369.88 723.516
1128.51 470.923 1083.07 622.667
1277.26 733.21 856.72 822.561
1072.59 473.463 1054.56 574.128
1145.74 545.402 1005.3 659.063
1280.9 300.336 1370.39 725.345
1226.34 565.705 1015.66 737.921
1244.37 314.159 1330.24 692.403
1060.75 496.931 1024.12 570.413
1126.87 561.935 980.269 646.169
1027.76 573.647 931.913 562.471
1121.37 385.695 1176.81 593.345
1026.31 645.24 858.126 579.527
1085.12 602.787 921.427 619.109
1059.31 576.889 939.273 590.487
1110.38 500.813 1039.81 616.018
1272.74 322.016 1337.02 723.216
1300.14 302.713 1379.05 747.416
1297.13 309.723 1367.45 745.891
1309.87 316.16 1366.3 760.714
1066.07 530.712 989.77 583.938
1268.35 296.358 1367.58 712.358
1022.08 569.972 933.236 556.476
1143.69 489.812 1065.13 642.68
1036.62 679.529 827.731 596.821
1060.8 560.857 956.706 587.284
1250.42 301.69 1351.27 695.167
1143.71 666.857 877.872 686.149
1190.01 642.077 919.083 722.024
1129.08 521.83 1023.83 637.62
1054.7 497.285 1022.13 564.703
1112.95 497.304 1044.45 616.92
1269.15 281.203 1390.48 709.716
1186.52 658.512 900.601 722.646
1030.79 637.629 867.318 581.987
1099.9 568.776 962.151 623.645
1154.98 645.46 903.272 691.648
1102.22 500.906 1035.1 608.623
1300.14 302.713 1379.05 747.416
1046.01 555.443 956.8 573.515
1287.65 324.516 1344.42 740.442
1134.21 563.33 982.166 653.221
1307.37 311.246 1373.33 757.268
1268.62 299.536 1364.26 713.545
1036.47 641.047 865.706 587.309
1236.7 510.827 1081.78 734.781
1148.25 707.262 836.478 701.026
1268.35 296.358 1369.44 711.597
1070.02 445.001 1085.24 564.071
1152.16 504.871 1052.12 654.787
1061.58 569.429 947.671 590.119
1052.39 562.936 951.279 580.678
1103.51 501.221 1036.24 609.4
1058.11 577.192 938.346 589.274
1016.62 610.79 889.852 562.543
1120.26 524.593 1018.4 630.352
1252.06 712.375 869.146 794.756
1110 627.338 905.045 647.36
1035.97 578.416 929.48 570.974
1062.39 472.838 1051.21 565.087
1064.3 496.059 1026.74 572.713
1259.83 310.73 1344.13 707.146
1068.05 450.081 1079.03 563.757
1016.5 610.991 888.732 562.548
1242.58 484.593 1115.47 734.005
1042.74 637.268 872.597 593.448
1181.78 531.131 1035.42 688.324
1090.7 543.807 985.341 608.945
1321.05 512.491 1119.91 818.18
1175.02 653.888 901.87 711.109
1031.62 555.598 951.329 560.954
1037.4 679.004 829 597.699
1285.27 310.792 1359.02 735.196
1127.64 473.578 1076.4 624.02
1305.57 306.149 1377.31 753.667
1269.64 552.178 1049.08 775.937
1254.62 714.571 867.988 797.507
1065.73 459.004 1068.03 564.08
1025.01 652.782 850.302 580.973
1023.56 545.374 959.13 551.172
1086.29 476.016 1057.33 587.041
1194.77 489.078 1088.32 689.874
1202.79 515.327 1061.76 703.885
1046.58 523.337 991.821 565.023
1069.7 461.19 1067.43 568.198
1137.94 696.466 845.68 688.313
1159.93 521.268 1036.97 665.911
1297.96 316.839 1357.53 747.686
1168.06 700.205 851.912 715.751
1057.19 514.833 1001.09 572.808
1120.57 493.653 1052.28 622.835
1068.05 450.081 1079.03 563.757
1034.96 578.661 928.715 570.013
1280.9 300.336 1369.8 726.716
1251.36 300.154 1351.84 695.631
1005.46 671.423 824.496 570.902
1273.55 299.629 1367.83 718.481
1026.66 649.618 854.148 581.098
1060.78 542.502 975.389 582.584
1100.38 432.185 1111.91 588.354
1035.1 672.483 834.224 593.968
1081.83 600.596 922.528 615.735
1126.34 666.799 871.167 671.033
1198.01 508.318 1067.18 697.513
1093.55 639.209 885.601 636.425
1047.3 522.611 991.821 565.023
1078.69 482.032 1047.64 581.997
1177.86 653.998 902.433 714.083
995.086 656.675 837.929 557.815
1092.32 642.918 883.108 635.227
1102.03 456.116 1085.1 595.511
1141.84 457.338 1101.26 632.405
1119.12 530.967 1009.25 631.022
1284.77 335.861 1325.05 738.915
1148.11 454.684 1106.79 637.641
1089.55 485.164 1048.14 592.913
1019.14 553.871 948.896 549.764
1023.63 665.052 837.76 582.601
1172.56 481.16 1089.13 666.475
1312.33 311.243 1372.22 762.314
1023.45 543.61 959.913 550.986
1081.16 476.891 1053.96 582.791
1090.21 576.055 950.868 616.854
1077.36 504.125 1022.75 586.899
1040.9 542.827 967.856 565.298
1051.44 546.933 967.339 575.463
1135.29 559.186 986.719 653.261
1194.44 720.563 840.563 743.146
1181.29 716.14 840.739 730.665
1282.33 297.203 1376.15 727.169
1230.99 593.589 986.956 748.461
1105.6 526.708 1009.33 617.895
1175.75 609.016 948.747 701.464
1088.96 555.28 972.225 610.343
1026.64 560.171 944.931 557.998
1064.25 564.233 954.201 591.092
1331.92 505.928 1133 827.517
1173.45 596.29 961.404 696.72
1278.77 328.743 1333.29 732.27
1039.04 558.796 950.695 568.165
1273.55 299.629 1367.83 718.481
1008.34 675.363 822.641 572.689
1046.58 523.337 991.821 565.023
1021.69 581.532 921.176 559.473
1093.52 634.076 892.438 634.354
1029.94 652.876 851.996 584.576
1285.27 310.792 1359.02 735.196
1070.84 576.619 943.421 599.924
1121.3 620.32 916.894 655.765
1127.74 461.917 1090.5 621.346
1268.67 322.467 1334.51 721.2
1184.33 679.475 878.58 725.519
1109.63 554.055 982.357 628.556
1133.2 501.711 1047.35 636.572
1082.12 538.7 986.518 600.118
1294.71 318.413 1354.14 745.638
1170.22 709.158 843.944 719.196
1058.04 599.647 915.213 595.054
1060.8 560.857 956.706 587.284
1078.58 447.37 1086.92 572.297
1227.71 718.335 854.356 773.467
1171.88 711.024 841.514 721.236
1122.66 562.646 977.574 642.485
1008.34 675.363 822.641 572.689
1170.24 554.834 1004.94 683.664
1025.46 649.849 853.481 580.104
1109.55 456.825 1088.18 602.873
1294.71 318.413 1354.14 745.638
1194.15 720.317 840.563 743.146
1120.26 524.593 1018.4 630.352
1273.85 322.215 1337.1 726.325
1271.38 326.178 1329.71 722.664
1066.98 503.591 1019.5 577.493
1010.63 581.839 917.233 550.129
1017.1 558.096 943.541 549.262
1029.65 556.153 948.768 560.659
1036.89 544.989 964.321 562.55
1171.83 664.985 889.12 711.114
1126.76 486.296 1060.84 626.875
1185.85 647.355 912.455 719.389
1126.23 574.322 966.904 648.753
1283.2 325.09 1338.85 734.842
1072.96 473.43 1055.63 573.295
1254.62 714.571 867.988 797.507
1047.6 421.166 1102.55 537.309
1174.18 542.083 1021.4 684.21
1132.19 435.668 1121.99 617.982
1265.14 295.038 1368.63 709.731
1040.71 640.137 868.298 590.546
1212.97 717.762 849.4 759.264
1051.77 481.146 1038.18 558.305
1279.77 341.226 1315.13 735.101
1023.55 544.567 959.913 550.986
1171.11 710.614 842.407 720.453
1266.26 294.702 1368.63 709.731
1140.65 473.072 1083.02 635.427
1157.07 653.791 895.54 695.17
1271.22 327.57 1329.71 722.664
1060.3 645.062 869.979 608.207
1275.6 322.372 1337.1 726.325
1124.99 503.691 1041.85 629.742
1202.79 473.568 1109.25 693.636
1343.31 657.826 963.112 871.04
1038.66 640.693 868.298 590.546
1144.23 620.137 925.677 676.238
1299.69 313.698 1361.26 749.639
1050.45 605.682 906.293 590.178
1024.31 646.179 856.383 578.181
1127.53 473.572 1076.4 624.02
1126.82 487.485 1060.84 626.875
1058.36 461.799 1062.09 558.426
1129.01 500.605 1047.56 632.205
1236.7 510.827 1081.78 734.781
1036.19 540.076 969.748 560.294
1280.84 298.534 1371.89 725.079
1228.89 564.15 1018.68 740.046
1038.67 678.148 829.912 598.436
1036.72 638.616 868.613 588.434
1055.64 545.136 970.975 578.718
1268.62 299.536 1364.26 713.545
1284.24 334.259 1325.56 736.674
1187.61 659.558 900.176 723.964
1192.23 525.559 1047.41 698.205
1030.58 557.778 948.768 560.659
1039.74 498.933 1014.13 552.257
1273.26 320.844 1337.02 723.216
1161.84 557.255 999.067 676.681
1181.74 718.08 838.183 732.171
1155.84 646.49 901.698 692.016
1100.16 572.255 960.316 627.321
1226.69 496.797 1093.05 721.909
1077.87 446.331 1087.38 571.263
1253.36 283.611 1376.52 692.854
1084.43 576.371 948.065 610.449
1023.68 579.309 923.781 560.263
1019.14 553.871 948.896 549.764
1147.15 569.037 980.459 665.902
1060.78 542.502 975.389 582.584
1063.69 537.523 981.845 583.358
1027.64 569.98 931.913 562.471
1044.34 488.559 1027.08 552.922
1170.25 656.248 897.435 707.724
1088.66 472.706 1061.75 588.55
1096.86 506.99 1027.3 605.051
1044.26 542.996 968.446 568.669
1260.51 505.38 1099.05 756.451
1251.36 300.154 1351.84 695.631
1226.69 496.797 1093.05 721.909
1110.47 528.328 1009.43 622.703
1135.54 560.61 985.078 653.739
1053.36 513.325 1004 567.75
1134.21 563.33 982.166 653.221
1053.71 600.41 913.11 591.501
1221.71 716.761 853.612 767.288
1096.06 638.818 886.051 638.271
376.699 579.876 578.592 429.463
337.73 442.411 422.774 416.4
95.3806 632.92 482.331 674.189
311.273 459.857 426.294 442.813
291.894 324.402 270.915 412.243
137.803 426.089 282.581 577.394
414.245 258.364 279.198 290.958
294.915 433.328 388.778 446.741
108.569 643.104 498.477 666.706
200.604 493.804 396.835 542.882
227.142 464.485 381.268 511.239
217.632 396.746 303.956 496.482
272.503 260.442 188.719 403.855
133.077 447.448 305.34 586.533
191.634 344.398 228.11 502.456
109.918 533.157 383.448 633.364
141.925 430.302 291.028 574.857
283.497 507.588 458.52 480.561
432.842 264.298 297.413 278.809
379.63 583.17 583.68 428.025
301.33 316.223 268.956 401.359
207.884 417.328 319.655 512.785
357.642 581.282 571.147 445.204
297.867 433.367 390.645 444.543
417.381 380.318 406.827 333.474
328.609 255.191 220.219 356.783
153.561 528.488 406.026 593.492
209.462 468.236 373.586 527.5
103.854 657.775 511.192 674.574
358.777 316.038 305.052 354.58
328.808 388.271 361.654 405.209
425.149 405.758 437.152 335.425
82.49 610.406 450.153 679.795
364.886 255.65 244.43 328.27
164.358 651.895 538.904 620.621
223.333 571.767 490.06 549.907
304.696 597.231 558.168 492.403
267.954 552.633 495.006 506.848
96.6893 592.79 437.779 664.345
341.649 320.801 299.007 371.069
340.756 454.741 438.658 420.095
162.825 314.716 174.577 516.934
279.625 415.371 359.926 453.077
325.762 305.643 272.559 378.165
269.002 626.518 569.45 527.519
198.707 488.524 390.856 543.135
146.286 648.243 525.256 634.616
272.469 387.913 328.455 449.893
103.434 661.419 514.366 676.654
371.373 505.496 504.901 410.485
184.521 269.18 136.033 484.417
77.9754 670.479 510.812 700.978
330.796 299.969 269.577 372.043
259.464 549.241 488.022 511.157
110.831 531.211 383.448 633.364
274.175 263.726 193.846 403.761
416.706 298.164 322.374 304.088
231.417 308.809 214.09 456.286
135.726 435.848 293.885 581.852
273.692 514.649 460.09 489.924
290.672 327.322 273.389 414.26
203.416 490.295 394.667 539.293
216.765 399.501 305.633 498.667
152.177 656.974 537.676 632.243
323.606 380.852 350.341 408.277
206.607 282.287 168.325 468.022
159.984 293.968 146.979 514.54
337.393 495.648 476.219 433.831
181.693 478.042 369.206 553.265
164.71 296.235 152.699 511.817
211.713 611.969 524.735 570.244
158.408 517.688 396.769 585.922
158.021 317.839 173.318 524.257
163.829 317.419 178.968 517.108
93.4451 587.772 431.19 665.729
253.406 535.992 470.578 512.664
101.278 550.869 397.458 646.176
382.319 546.008 551.09 416.013
246.039 571.681 502.612 531.079
93.6268 599.963 443.07 666.642
315.911 256.704 213.709 366.69
156.826 451.129 324.129 568.372
276.435 618.113 563.307 520.098
81.5443 618.278 456.307 683.299
259.183 641.261 578.644 539.053
267.954 552.633 495.006 506.848
419.187 388.403 416.485 333.558
334.855 336.767 311.722 382.748
255.585 441.556 375.625 482.645
188.121 301.735 177.337 491.692
173.179 429.077 311.675 546.836
379.19 640.449 637.919 450.366
243.896 449.73 376.969 495.604
283.5 506.042 456.975 480.083
305.388 254.149 204.152 374.798
238.945 295.686 205.556 444.959
334.861 645.739 619.28 482.375
102.007 551.387 398.506 645.832
268.325 551.097 493.274 506.259
185.697 430.016 318.844 535.304
247.035 628.355 558.239 548.431
185.498 427.563 318.844 535.304
137.803 426.089 282.581 577.394
337.908 528.622 508.973 443.98
341.607 451.139 433.343 416.075
332.777 389.801 365.564 402.86
174.081 556.273 446.863 584.268
332.483 407.243 386.732 409.904
231.869 573.175 495.655 542.39
334.339 497.945 477.446 436.559
296.447 255.98 199.411 383.897
160.283 555.665 438.414 595.235
317.564 484.646 458.27 445.121
91.423 619.941 466.218 675.311
109.98 534.025 383.448 633.364
372.174 540.234 541.119 421.892
188.525 588.559 487.715 581.016
292.924 322.755 270.277 411.68
88.7408 620.172 464.073 678.322
231.525 575.193 497.193 543.665
274.879 398.258 341.977 451.394
117.872 632.145 492.242 656.139
185.697 430.016 318.844 535.304
407.91 303.133 321.659 312.934
219.977 332.282 233.728 473.552
176.146 269.014 130.4 490.817
339.454 594.928 574.222 463.824
109.918 533.157 383.448 633.364
148.381 520.736 394.955 595.294
254.936 567.757 503.236 522.124
162.825 314.716 174.577 516.934
333.652 499.129 477.921 437.359
274.915 411.937 354.372 455.957
320.194 464.385 438.451 437.346
85.7833 650.634 493.203 689.3
86.6262 625.711 466.796 682.145
302.806 366.052 323.226 417.365
229.319 573.097 494.338 544.716
217.632 396.746 303.956 496.482
267.514 574.656 517.123 513.37
188.121 301.735 177.337 491.692
68.9234 650.467 483.182 704.422
259.138 570.943 509.845 518.056
330.474 468.792 445.754 430.572
290.672 327.322 273.389 414.26
213.162 485.228 394.571 530.503
127.059 517.347 376.149 614.647
342.755 616.29 597.301 468.108
278.961 395.499 337.946 446.415
327.492 308.029 276.019 377.781
379.63 583.17 583.68 428.025
286.451 351.58 297.963 425.892
360.651 565.635 557.262 437.94
86.4246 612.979 455.139 677.272
147.497 452.609 319.479 575.987
185.498 427.563 318.844 535.304
341.696 448.26 431.188 415.098
104.958 550.44 396.934 642.693
161.559 290.082 143.025 510.896
332.736 574.788 551.613 462.268
184.269 584.535 481.946 583.88
84.1121 620.423 461.252 680.622
175.471 293.593 157.121 501.622
322.656 606.524 576.609 480.332
259.147 642.473 579.24 540.742
337.381 320.614 295.944 374.921
95.3806 632.92 480.902 675.551
81.5443 618.278 456.307 683.299
149.607 523.871 394.955 595.294
141.286 434.429 294.286 576.408
137.012 426.962 282.581 577.394
157.611 293.23 146.979 514.54
363.158 506.507 501.319 417.637
412.409 299.007 320.016 307.736
289.349 432.281 384.462 451.181
126.945 455.044 309.902 593.842
368.423 573.681 569.427 434.568
98.8743 547.823 392.274 649.108
415.899 296.532 319.968 303.864
273.292 649.244 593.408 531.836
200.019 269.737 146.841 471.017
290.672 327.322 273.389 414.26
133.971 660.066 531.641 647.07
288.947 428.767 380.516 449.739
170.007 271.596 128.143 496.385
163.777 341.448 206.429 526.998
191.004 502.009 400.417 553.525
414.32 299.7 320.016 307.736
129.567 614.975 481.144 640.315
382.145 547.235 551.09 416.013
167.779 336.877 202.317 521.677
173.011 427.933 309.402 546.563
243.896 449.73 376.969 495.604
427.828 302.938 333.539 297.326
101.278 550.869 397.458 646.176
231.532 309.604 215.504 456.175
237.737 666.318 591.627 564.791
109.98 534.025 383.448 633.364
326.091 311.175 278.713 380.14
238.828 294.678 204.766 444.324
90.3796 627.171 471.479 678.534
110.587 531.334 383.448 633.364
263.334 320.031 248.45 433.664
128.325 461.135 314.794 593.052
337.918 527.098 507.575 443.617
87.647 613.859 455.139 677.272
89.4805 597.481 439.567 671.008
241.856 668.604 595.621 562.151
194.596 285.12 163.136 481.312
238.085 278.219 185.21 439.544
222.536 465.942 378.574 515.896
273.124 261.221 189.799 403.63
151.023 364.648 223.081 545.465
129.803 448.36 303.751 589.704
259.438 634.243 570.829 538.51
92.9757 603.638 450.605 669.321
292.942 429.122 384.411 446.15
137.012 426.962 283.347 577.122
278.776 256.934 189.75 397.196
208.29 468.232 373.586 527.5
272.469 387.913 328.455 449.893
152.911 362.929 221.972 540.7
194.997 443.098 340.118 531.427
206.998 600.76 510.747 571.126
293.282 432.015 386.543 446.899
227.142 464.485 381.268 511.239
292.924 322.755 270.277 411.68
309.388 253.344 205.774 371.098
278.372 524.984 473.98 490.31
206.821 468.311 373.07 529.833
197.415 499.987 401.538 547.716
365.356 582.505 575.657 439.817
107.51 662.235 517.826 672.537
178.805 294.329 160.508 498.419
341.63 450.076 432.469 415.667
286.451 351.58 298.195 425.162
242.145 667.851 595.621 562.151
299.986 379.159 335.593 424.472
102.955 662.358 514.366 676.654
183.833 502.147 396.059 559.719
342.263 594.093 574.87 460.967
299.226 366.225 321.19 420.839
158.408 517.688 396.769 585.922
163.673 650.669 536.098 621.869
302.806 366.052 323.226 417.365
194.343 264.645 135.377 472.677
156.64 533.733 412.264 592.383
340.528 318.767 296.412 371.837
94.467 598.143 443.07 666.642
185.868 268.497 136.033 484.417
175.905 345.926 216.421 518.33
270.337 265.839 194.173 407.429
128.593 635.764 503.181 645.643
332.064 501.813 478.901 439.522
385.777 544.014 550.062 410.757
644.688 495.824 844.48 315.688
565.813 239.256 551.766 248.808
627.621 499.473 837.964 329.5
620.448 233.626 579.178 207.307
598.932 462.992 788.046 332.205
681.95 591.742 947.185 334.795
617.611 297.532 641.959 241.536
643.477 502.779 849.44 320
687.935 593.668 952.411 331.944
737.774 307.575 721.944 167.124
667.102 466.084 830.449 286.697
746.032 303.734 723.211 159.417
595.585 469.022 792.29 338.151
661.11 588.879 934.809 347.365
561.939 305.529 613.904 284.022
583.567 302.641 625.285 267.519
647.438 451.209 803.382 293.305
681.131 443.799 816.358 267.749
643.579 502.877 849.869 320.479
637.942 506.446 850.069 325.867
627.535 384.313 729.157 275.233
543.521 503.447 795.184 390.191
674.208 420.769 791.146 262.322
574.562 306.471 623.776 275.817
604.083 503.167 826.071 348.389
573.812 246.479 564.033 246.434
610.028 467.583 799.139 326.801
772.303 404.257 829.618 190.705
778.208 587.273 990.687 270.711
726.925 390.37 792.178 213.471
614.093 233.407 575.656 212.244
703.213 390.899 781.214 226.378
561.079 304.182 613.904 284.022
653.164 306.18 671.292 221.575
682.314 595.735 951.287 336.636
702.744 595.596 960.826 322.888
702.76 239.255 636.409 156.183
569.996 504.106 810.126 372.016
581.004 449.671 765.406 336.42
754.695 229.62 657.662 118.31
792.208 593.63 1001.06 264.898
732.116 306.296 717.75 169.249
741.783 362.1 774.585 188.607
575.642 239.176 556.233 242.491
562.742 467.813 772.354 360.508
661.126 233.602 605.836 179.219
577.902 304.66 623.55 271.894
717.678 594.507 967.199 312.172
668.775 447.057 811.897 276.429
744.005 388.099 799.642 200.906
662.052 500.218 857.101 306.362
655.694 296.78 663.098 214.585
686.221 305.459 690.214 198.448
731.808 417.19 820.188 223.902
705.472 293.685 690.19 180.833
584.065 447.381 765.406 336.42
679.182 591.505 946.126 336.692
570.799 294.006 610.332 270.531
555.497 504.656 802.319 382.02
558.555 502.701 804.349 380.209
613.005 458.421 792.177 319.517
646.661 592.065 930.559 359.817
585.074 424.023 744.298 323.911
780.872 423.515 850.569 196.114
726.03 586.948 965.312 304.231
715.511 235.858 640.964 146.47
618.59 368.651 711.01 274.652
650.387 505.112 855.823 315.38
694.204 585.714 948.435 323.841
705.472 293.685 690.19 180.833
702.213 296.953 692.285 184.429
623.143 369.466 714.356 272.456
567.385 295.729 608.922 275.646
650.728 495.948 846.991 312.363
604.244 503.27 828.637 347.442
579.604 242.097 562.483 241.488
562.564 507.417 808.994 379.131
630.091 242.225 593.047 207.653
750.735 292.412 715.164 151.011
637.173 296.886 652.908 227.874
721.306 591.594 966.532 309.27
735.821 295.073 709.272 161.702
651.664 589.136 930.291 354.395
539.08 663.855 939.653 464.887
666.587 303.47 677.576 211.311
630.766 497.723 838.041 326.15
584.065 447.381 765.406 336.42
634.807 501.401 844.314 325.29
571.679 470.06 779.569 355.368
678.836 457.235 826.943 275.643
597.91 504.856 825.752 352.591
585.972 306.033 630.835 267.928
675.205 378.13 752.455 240.78
703.223 232.574 629.772 152.762
786.521 366.192 801.772 164.37
773.638 412.971 837.728 195.76
703.386 229.2 627.048 150.693
547.831 505.807 799.425 388.226
606.223 300.431 637.047 250.92
777.072 366.828 798.765 169.772
706.811 591.305 959.667 318.429
588.174 452.479 772.546 335.903
702.308 593.835 959.186 322.354
631.599 231.931 587.491 200.291
714.739 468.646 856.416 257.35
778.809 587.631 990.687 270.711
643.579 502.877 849.869 320.479
639.982 495.992 841.835 319.315
702.76 239.255 636.409 156.183
558.534 507.03 806.125 381.276
653.094 232.496 599.309 185.896
592.234 509.28 827.273 359.021
734.446 297.217 710.506 163.621
759.133 466.223 876.683 228.729
668.54 301.159 676.184 207.973
650.281 592.489 932.962 355.424
566.432 501.107 805.547 372.743
778.245 298.519 736.018 136.993
570.589 507.388 812.862 373.662
766.91 591.116 988.563 280.001
779.118 292.34 732.474 133.687
674.843 302.175 680.63 204.969
747.867 419.798 830.762 213.426
621.8 500.096 834.787 333.652
738.487 295.958 711.207 159.859
601.645 501.236 825.143 348.374
661.2 587.86 934.809 347.365
677.627 455.57 825.065 275.766
658.615 231.445 601.401 180.709
609.477 466.716 797.966 327.046
606.85 507.017 833.47 347.37
544.879 470.865 765.426 373.933
686.14 468.596 841.606 275.788
726.383 305.15 713.298 172.751
569.61 502.913 809.004 371.578
692.928 591.598 952.86 327.563
580.114 369.353 688.985 301.934
662.282 304.802 676.106 214.663
613.127 305.596 646.778 248.892
684.049 445.658 819.604 266.181
729.794 465.451 861.063 246.693
735.634 373.741 782.242 199.842
775.587 587.54 989.136 272.955
542.399 378.709 676.583 334.75
753.408 303.653 727.156 154.875
715.578 587.551 960.906 311.896
627.163 304.686 654.087 238.125
687.981 298.034 684.884 194.474
638.486 233.919 593.25 196.37
692.934 594.727 954.541 328.528
622.626 465.86 806.538 318.007
617.539 300.295 645.926 243.853
589.434 506.238 822.861 358.952
544.066 505.709 797.72 390.592
570.857 295.658 610.332 270.531
654.946 497.902 851.277 309.72
858.656 378.261 848.672 126.425
720.357 590.459 965.028 308.667
741.676 589.387 974.588 295.092
666.78 402.657 771.974 256.36
566.682 239.016 551.742 247.715
646.342 301.56 664.712 224.499
551.577 499.175 795.386 382.249
688.14 591.422 950.687 330.797
588.169 470.521 789.08 342.914
657.841 588.618 933.396 349.637
711.683 444.602 833.43 248.007
629.254 467.682 809.779 313.829
569.61 502.913 809.004 371.578
634.753 301.049 655.445 230.886
717.232 465.546 856.142 255.224
668.377 232.661 609.148 175.26
739.941 587.172 971.886 295.301
737.493 590.73 972.785 297.302
726.301 591.465 967.897 305.779
724.542 467.958 858.989 251.545
586.532 298.706 623.838 263.224
702.762 464.761 846.621 263.217
657.592 296.305 664.282 213.194
551.737 667.765 950.976 458.905
717.806 444.757 836.013 244.88
548.215 467.876 765.669 371.665
778.837 302.924 739.573 139.384
694.308 457.285 835.335 265.357
688.719 302.311 688.895 195.834
667.631 298.779 673.534 207.037
706.423 240.846 640.16 154.634
609.207 305.836 644.544 251.375
741.069 301.063 717.63 161.265
653.097 597.466 938.224 357.255
573.583 507.772 815.834 371.283
774.87 595.714 995.482 277.131
710.363 588.15 958.613 314.268
556.78 498.349 799.441 379.637
746.086 302.886 722.175 158.892
621.571 243.33 590.512 212.195
617.265 467.395 802.603 321.133
622.592 305.136 649.905 242.095
579.919 504.211 815.347 364.969
760.226 295.086 722.943 146.16
589.583 305.629 631.276 264.18
725.482 590.058 967.307 305.664
574.011 239.121 556.233 242.491
638.053 509.304 853.216 326.985
558.397 507.892 807.641 382.099
693.296 588.49 951.386 326.64
566.555 301.545 615.1 278.576
572.417 306.868 622.774 277.571
570.29 295.775 608.922 275.646
631.701 297.202 649.68 231.558
646.164 302.958 664.712 224.499
660.152 306.409 676.106 214.663
653.994 503.935 856.562 313.013
571.612 500.513 808.666 370.101
653.036 598.29 938.892 357.766
571.957 498.303 806.172 367.753
542.451 501.296 792.073 389.624
771.803 589.357 987.995 275.705
624.512 498.037 834.808 330.638
702.714 292.286 687.355 180.735
621.473 307.074 652.828 243.832
778.245 298.519 736.018 136.993
566.105 302.991 615.1 278.576
620.238 398.872 740.995 287.944
663.157 308.174 679.566 215.665
677.854 304.363 684.666 205.083
767.888 300.192 731.956 144.162
773.872 303.625 738.31 142.049
577.134 375.79 693.025 305.456
699.704 591.569 956.528 323.287
723.029 594.885 971.44 309.392
644.863 496.774 845.4 316.296
638.943 499.73 844.342 321.268
777.142 297.343 734.908 136.257
737.161 449.814 852.056 234.324
787.86 416.736 846.968 185.969
626.982 507.37 844.989 332.725
776.101 296.795 732.867 138.904
709.958 290.299 689.887 176.147
661.11 588.879 934.809 347.365
563.045 446.937 752.305 350.741
753.228 291.739 718.525 150.296
673.219 231.783 611.281 171.675
655.84 293.858 661.071 213.705
709.674 304.27 702.749 183.262
668.665 296.115 671.628 205.628
606.704 233.86 571.448 217.788
739.646 301.438 717.353 162.69
558.818 501.602 802.01 378.749
728.843 591.461 969.831 304.617
735.821 295.073 709.272 161.702
660.036 592.346 939.148 346.297
736.292 306.429 720.305 166.88
686.711 433.005 808.378 260.523
657.214 500.392 856.248 307.802
685.605 386.401 765.563 239.096
735.702 587.523 970.178 297.905
705.682 236.005 634.722 152.17
704.392 300.523 696.165 184.077
715.783 585.366 959.176 309.821
767.267 294.646 726.117 141.887
720.357 590.459 965.028 308.667
673.05 450.316 818.283 275.655
732.364 300.402 712.545 166.457
615.519 458.343 792.177 319.517
821.163 586.78 1008.59 244.143
760.148 590.467 984.464 283.869
681.678 451.419 823.232 269.768
731.273 587.899 968.198 301.1
619.602 304.036 649.187 243.498
618.684 501.776 834.792 336.807
723.963 303.905 710.873 173.583
750.18 460.802 868.775 230.407
648.981 372.081 731.891 255.107
774.724 298.488 733.466 138.416
672.715 297.07 674.222 203.325
604.165 408.821 741.225 303.09
723.453 465.165 858.989 251.545
689.402 591.882 950.687 330.797
680.083 592.17 946.087 336.169
777.179 292.076 729.488 133.97
653.962 233.361 601.246 185.76
554.788 505.555 803.67 383.617
705.661 594.83 961.752 320.469
589.949 458.217 779.72 335.564
744.069 591.277 977.372 294.919
604.165 408.821 741.225 303.09
598.24 468.804 792.917 335.761
767.55 303.305 734.495 146.433
597.66 502.816 824.328 351.698
753.617 296.975 720.072 150.936
652.789 404.352 763.044 266.254
705.181 290.925 686.132 181.312
601.645 501.236 826.071 348.389
760.893 300.467 728.861 149.436
707.568 386.861 779.489 222.003
654.268 296.778 664.256 217.503
717.068 377.671 775.85 212.897
731.3 594.974 974.015 304.632
733.097 363.686 770.95 196.637
594.128 503.059 823.227 354.725
715.498 303.136 705.456 178.759
657.749 294.492 662.895 212.751
730.674 587.818 968.198 301.1
638.842 502.551 847.059 323.45
574.102 466.943 778.35 352.318
677.072 296.632 677.163 201.289
627.89 235.612 585.652 205.219
717.738 595.521 968.402 313.213
692.924 591.803 953.429 328.458
594.624 505.519 825.028 355.371
738.426 298.71 714.334 162.333
653.703 300.826 666.672 218.244
577.139 503.945 814.044 366.888
765.313 300.166 728.834 145.761
624.182 426.584 769.168 298.085
606.223 300.431 637.047 250.92
762.609 294.818 722.943 146.16
651.417 591.998 933.032 355.68
665.369 590.455 938.215 345.716
577.332 501.379 812.098 365.729
680.809 468.639 838.694 279.598
544.879 470.865 765.426 373.933
668.205 594.89 943.563 345.715
677.762 364.137 741.248 232.066
547.831 505.807 799.425 388.226
627.653 500.242 838.657 329.941
638.867 509.904 853.216 326.985
710.353 230.327 632.467 146.887
587.285 464.922 783.715 341.855
573.834 248.86 566.073 247.833
580.067 304.102 626.557 270.38
652.541 302.755 668.876 218.996
609.23 306.72 645.449 251.72
592.468 503.938 822.592 356.861
858.656 378.261 848.672 126.425
767.55 303.305 734.495 146.433
643.915 501.038 848.084 318.861
604.808 497.848 824.405 344.715
650.281 592.489 932.962 355.424
735.514 595.264 976.858 301.762
767.24 301.692 733.844 146.688
631.483 306.028 658.427 236.041
625.494 396.462 741.205 282.517
705.248 468.383 851.122 263.61
605.078 469.828 798.263 331.608
557.156 420.725 724.87 342.635
790.083 587.024 994.392 262.976
674.843 302.175 680.63 204.969
737.762 587.59 971.57 297.045
664.354 298.852 671.82 210.597
635.311 502.114 844.314 325.29
753.408 303.653 727.156 154.875
671.276 305.819 681.211 208.881
751.149 456.196 863.577 227.302
763.86 304.643 733.844 146.688
596.319 301.158 632.159 256.628
775.1 293.167 731.252 136.523
646.379 462.959 814.807 297.242
715.403 304.035 706.39 179.274
823.636 590.634 1012.47 243.988
637.805 456.29 803.276 301.564
589.747 420.421 744.249 320.048
652.402 304.879 669.418 221.463
732.299 468.661 864.684 246.621
601.055 404.281 734.805 303.331
737.875 589.167 971.57 297.045
735.514 595.264 976.858 301.762
704.558 297.254 692.347 182.471
591.35 507.856 826.215 358.321
649.502 298.03 661.457 219.898
772.449 591.438 990.853 276.636
751.149 456.196 863.577 227.302
653.094 232.496 599.309 185.896
673.05 450.316 818.283 275.655
669.601 297.947 674.533 207.076
774.128 406.078 829.618 190.705
635.297 505.833 847 328.069
540.8 668.509 944.405 465.886
747.18 597.378 983.369 294.921
687.935 593.668 952.411 331.944
561.222 374.119 681.534 317.104
684.718 587.545 945.869 330.85
730.492 305.069 714.775 168.42
616.419 394.708 734.401 288.858
615.998 423.111 760.548 303.625
540.316 673.238 948.629 468.315
615.36 234.413 575.656 212.244
620.238 398.872 740.995 287.944
689.402 591.882 950.687 330.797
596.2 449.692 774.394 328.3
774.724 298.488 733.466 138.416
617.262 292.002 635.78 238.952
657.46 300.329 668.553 215.698
736.095 593.453 975.517 300.477
684.049 445.658 819.604 266.181
699.112 597.22 961.089 326.676
797.731 238.152 690.368 95.5914
566.096 507.12 810.835 376.194
759.689 354.687 779.938 173.124
736.261 232.919 650.153 131.743
585.837 299.687 624.705 264.721
720.478 297.594 702.722 173.156
742.615 591.348 976.798 295.845
561.61 502.555 805.428 376.271
631.838 238.129 591.694 203.094
601.096 306.053 639.834 257.078
667.421 457.045 818.064 282.121
715.403 304.035 706.39 179.274
664.52 588.912 937.153 345.767
773.957 302.795 737.608 141.713
557.223 446.158 748.748 354.013
629.254 467.682 809.779 313.829
744.069 591.277 977.372 294.919
572.95 293.849 609.484 270.961
792.043 592.668 1001.06 264.898
668.492 592.354 941.741 344.408
687.632 587.738 947.17 329.093
697.15 443.731 824.565 257.201
644.482 593.665 930.785 361.623
566.096 507.12 810.835 376.194
693.092 593.49 954.541 328.528
545.993 504.282 797.632 388.366
769.502 297.373 729.88 141.572
618.684 501.776 834.792 336.807
609.016 298.153 636.614 247.107
766.88 408.981 829.401 197.628
625.407 304.188 653.11 239.263
721.039 586.451 962.042 306.462
787.86 416.736 846.968 185.969
646.513 597.569 935.185 361.779
635.119 233.473 587.491 200.291
634.807 501.401 844.314 325.29
705.901 589.752 958.683 317.825
666.6 445.451 810.487 277.566
734.665 230.853 646.902 131.711
741.676 589.387 974.588 295.092
677.627 455.57 825.065 275.766
641.726 502.626 850.032 321.417
742.215 585.438 971.77 292.744
718.337 592.935 967.199 312.172
730.311 445.234 843.325 236.731
619.849 297.217 643.839 239.583
682.089 461.314 832.348 275.228
567.847 292.879 606.027 273.562
592.039 235.386 562.388 228.626
821.259 585.777 1007.88 243.683
793.62 238.716 690.368 95.5914
635.311 502.114 844.314 325.29
649.152 304.579 669.209 223.122
701.256 303.68 697.983 188.654
621.619 499.369 834.787 333.652
633.421 499.177 840.779 325.209
623.52 505.529 841.352 335.076
566.747 294.364 606.027 273.562
595.389 466.339 789.284 336.409
776.101 296.795 732.867 138.904
636.335 301.747 656.983 229.794
744.635 587.258 974.447 292.177
778.284 290.765 729.116 132.654
714.317 447.253 836.823 247.913
597.91 504.856 825.752 352.591
614.818 244.721 587.565 217.368
699.712 591.603 957.961 322.485
661.2 587.86 934.809 347.365
630.108 421.338 766.962 291.442
637.942 506.446 850.069 325.867
685.605 386.401 765.563 239.096
739.19 591.242 973.952 296.825
690.37 468.632 843.774 273.27
689.064 301.219 688.895 195.834
757.47 296.625 723.118 148.925
743.315 304.513 722.505 161.662
725.482 590.058 967.307 305.664
664.028 590.072 937.153 345.767
577.648 504.068 814.3 366.837
588.229 435.835 758.656 327.917
563.435 502.986 805.428 376.271
598.32 231.089 563.707 222.131
616.037 306.088 649.006 246.757
713.98 591.209 963.093 313.807
832.499 416.974 869.447 160.228
589.747 420.421 744.249 320.048
653.434 400.561 763.044 266.254
646.164 302.958 665.4 225.324
597.392 302.112 633.213 257.451
679.806 300.258 681.739 200.704
608.504 382.272 717.054 289.313
707.568 386.861 779.489 222.003
649.133 503.265 852.485 317.779
631.772 235.761 588.845 202.845
592.976 372.617 700.182 293.183
726.925 390.37 792.178 213.471
779.118 292.34 732.474 133.687
674.843 302.175 680.63 204.969
703.213 390.899 781.214 226.378
601.042 306.9 640.566 257.472
578.713 235.345 555.68 237.702
753.699 289.576 714.09 147.842
684.832 597.595 954.095 336.008
696.79 587.756 951.819 323.433
689.645 587.862 947.17 329.093
704.659 293.664 690.19 180.833
662.277 298.238 669.149 210.937
597.92 300.65 632.159 256.628
717.31 467.123 856.142 255.224
682.089 461.314 832.348 275.228
742.615 591.348 977.372 294.919
676.512 591.518 945.004 338.611
643.708 504.528 851.167 320.785
706.814 229.213 628.938 148.223
650.014 304.952 669.209 223.122
617.892 385.187 727.227 282.54
736.191 594.258 976.302 300.696
624.794 417.681 761.035 293.337
600.584 507.241 828.731 350.635
658.963 501.435 856.248 307.802
703.571 457.893 839.201 258.522
540.425 670.755 946.269 466.851
743.315 304.513 722.505 161.662
752.89 587.755 979.018 287.585
664.649 594.815 941.031 348.791
562.773 504.087 806.222 377.144
771.51 409.244 833.511 195.457
655.071 298.933 665.065 217.025
658.862 290.866 660.166 210.054
805.368 588.025 1003.09 254.703
652.436 244.179 610.283 191.183
576.957 509.988 819.073 370.135
688.579 465.717 840.241 273.573
654.06 502.313 854.04 314.394
742.689 304.4 722.505 161.662
544.15 506.638 798.55 391.217
619.82 507.711 842.127 339.752
738.981 306.291 721.861 165.177
717.738 595.521 968.402 313.213
603.514 296.041 631.875 250.347
638.622 504.594 848.727 324.421
689.645 587.862 947.17 329.093
601.042 306.9 640.566 257.472
610.591 498.285 827.366 340.417
705.234 300.654 697.289 183.768
617.092 501.135 834.792 336.807
598.24 468.804 792.917 335.761
720.693 381.378 781.723 211.683
593.815 299.216 628.328 258.449
653.094 232.496 599.309 185.896
570.261 246.967 561.83 249.117
595.262 394.332 723.888 303.952
744.642 418.501 827.489 214.845
737.978 373.901 782.852 198.066
708.321 304.338 702.749 183.262
574.562 306.471 623.776 275.817
557.223 446.158 748.748 354.013
668.377 232.661 609.148 175.26
554.551 506.614 803.67 383.617
631.624 305.253 657.454 235.428
664.952 297.842 669.827 208.906
617.19 301.744 645.926 243.853
613.658 469.806 803.114 325.921
617.144 232.731 575.656 212.244
635.943 367.41 720.476 265.007
617.875 445.589 782.843 311.506
743.156 373.549 786.094 194.957
592.468 503.938 822.592 356.861
759.098 377.829 797.086 185.151
704.814 373.604 765.451 216.789
640.675 294.605 652.911 224.334
621.8 500.096 834.787 333.652
782.515 303.585 742.989 136.746
601.096 306.053 639.834 257.078
664.943 591.55 939.148 346.297
778.874 297.164 734.908 136.257
678.082 454.215 824.155 274.567
728.168 303.625 713.315 170.9
662.223 233.709 605.836 179.219
561.315 498.309 800.324 375.225
565.382 297.257 608.922 275.646
770.261 301.647 734.903 143.801
618.969 497.377 831.534 334.256
598.231 509.551 830.647 354.84
642.317 304.853 663.924 228.12
689.428 443.775 820.634 262.094
642.87 298.161 657.241 224.106
544.349 507.786 800.116 391.705
664.952 297.842 669.827 208.906
703.852 453.681 836.423 256.935
631.75 233.771 587.491 200.291
572.417 306.868 622.774 277.571
