0.613476 -0.875147 1.09474 0.831887
0.847264 -0.729661 1.14005 1.33794
-0.292425 2.45512 -4.56859 -0.248546
0.178126 -1.08293 1.03731 0.194004
-0.571318 1.35917 -1.50841 -0.199133
13.4419 4.09227 -11.997 10.3831
0.743614 1.22579 -1.82858 -0.063525
1.72068 0.22994 -0.277787 1.5406
1.1763 0.033181 -0.280979 1.64223
-0.789446 2.01999 -1.5101 -0.768478
-0.853485 -1.02248 2.36834 -1.24214
-0.293825 1.69416 -1.03899 -0.215463
-0.238793 1.3686 -1.35204 -0.095733
0.881075 4.52314 -4.37294 -2.35164
-0.066468 1.33069 -1.34968 -0.188352
-0.380152 2.0724 -2.2598 -0.239683
-0.087965 5.0104 -3.02888 1.11231
-1.44254 -0.221967 -0.11108 -1.38266
-0.183056 -1.34464 1.06528 -0.356905
-1.15593 -0.233518 -0.140227 -1.34274
-0.246301 -1.43603 1.04467 -0.680206
0.683882 -0.840273 0.840273 0.683882
-0.742092 -0.74087 1.37695 -1.14148
-0.710611 -1.29517 2.45081 -1.21463
0.168161 -1.05981 1.23399 0.152426
-0.587218 1.54403 -1.31619 -0.159743
-0.152025 -1.21902 1.54953 0.003186
-0.120097 1.07729 -1.14331 -0.177306
0.652202 1.63658 -1.36124 0.300056
1.31486 0.80087 -1.15276 1.88929
1.07633 0.153168 -0.293415 1.85479
0.68408 1.25378 -1.53242 0.213742
-2.07368 -0.785846 -0.95794 -2.23131
2.29002 -1.46678 4.26758 3.59995
0.027883 -1.11495 1.19098 0.03127
-0.386618 1.31184 -1.2825 -0.063624
0.648714 -0.878497 2.74643 2.20779
2.05793 -3.17468 1.61157 2.29281
-0.985311 -0.825844 0.736593 -0.858728
2.16271 -1.26888 2.68147 1.51228
0.804222 -2.06754 1.33931 0.676204
-1.77216 -0.258336 0.808941 -4.69002
-1.3217 -0.188918 0.176321 -1.18798
-0.961872 0.576368 -0.754266 -1.1864
-1.03866 -0.279077 0.297404 -1.46674
0.574284 -0.866644 0.978847 0.693913
0.876973 0.700695 -1.12378 1.29821
0.43134 -2.02557 1.41311 0.332631
-7.39551 -2.44506 2.18584 -5.74866
-0.065908 -1.0603 1.23805 -0.030191
-0.079942 -3.32173 2.77142 -1.07007
-0.136866 2.02367 -2.19597 -0.423538
-6.08608 -2.65863 1.99733 -5.64584
0.947742 -0.895957 0.53385 1.14342
-0.572922 -0.903709 1.87802 -1.06112
-1.04586 -0.982462 2.98798 -1.40205
-0.784926 -1.24716 0.800325 -1.11976
0.19064 -2.01207 1.55891 -0.505588
-0.407379 2.20147 -2.50987 -0.286572
-0.38661 2.04165 -1.14686 -0.197588
2.6989 -0.560727 -0.094149 3.25453
1.21337 -0.288497 -0.170673 1.65386
0.725804 -0.760572 2.12167 1.70877
2.22403 0.302381 -0.719815 2.11051
0.140867 1.13928 -1.18774 0.386057
-0.673553 0.789358 -1.61871 -1.37039
1.45886 -0.706877 0.092442 1.98252
1.09996 -0.525586 0.659726 0.957501
-1.43584 2.04851 -2.1157 -1.13452
0.641958 -2.90591 1.84185 0.364269
1.29222 -1.29089 1.17168 0.791378
-0.206695 1.30393 -1.30419 -0.255399
-0.021629 1.11601 -1.37648 0.151822
0.88753 -0.638679 1.26073 1.09942
0.111842 -2.25077 1.50224 0.136106
-0.788541 1.1254 -0.973943 -1.16478
-1.09616 0.021699 -0.321345 -1.29551
-0.887509 -2.78009 2.29089 -1.38631
-0.491091 2.06468 -1.41187 -0.185743
1.06655 0.102659 -0.175545 1.38741
-0.40539 1.85613 -1.34116 0.189176
0.111281 1.48423 -1.40337 0.200964
0.911821 -1.39546 1.2756 0.875573
-1.05381 -0.254929 0.715257 -1.60686
3.31339 5.41738 -4.7632 2.95866
1.24059 -1.17665 0.584677 1.50155
-0.811953 0.698975 -0.698975 -0.811953
0.708585 -0.784338 0.969742 0.754132
0.729588 0.790093 -1.2015 1.21965
0.246691 -1.53545 1.51054 0.31351
-1.07022 0.04472 0.039198 -1.12086
0.833764 0.688516 -0.720429 1.17012
-1.45688 -0.336837 0.237205 -2.06118
1.44344 0.097313 -0.214957 1.64717
-1.06392 -0.670947 1.25737 -0.890764
-0.545235 1.07262 -1.00959 -0.387672
0.476741 -2.57029 1.44764 0.280215
-1.07035 -0.114031 0.066657 -1.19365
0.534552 1.08238 -1.23555 0.290426
-1.0795 -0.256142 0.197767 -1.03532
-0.463856 -1.02257 1.03599 -0.546858
-0.931247 -1.43582 2.18109 -1.31996
0.556956 3.66463 -2.56936 1.96173
-2.83453 -0.93934 -0.527854 -2.79217
0.620639 0.96773 -0.927925 0.618267
0.779227 -0.745577 0.919894 0.797628
-0.761511 -0.803037 0.78235 -0.72895
-1.18631 0.008915 -0.418841 -1.41751
-0.797229 -0.954988 0.932187 -0.637284
0.283507 -1.23575 1.27716 0.306595
0.661856 -8.24611 8.24611 0.661856
-0.648254 0.840835 -2.32375 -1.83845
0.138331 -2.39482 1.70154 0.13109
-0.888535 -0.848943 0.533885 -1.25128
1.10597 0.118546 -0.211043 1.26419
1.59002 -3.75553 1.89329 2.10938
0.686106 0.884995 -1.31417 0.734058
-0.37668 2.04877 -1.49027 -0.228077
0.97914 -1.03505 0.749872 1.13544
-0.306049 0.988522 -1.00133 -0.294735
-0.145289 1.07746 -1.40918 -0.033484
-0.422537 2.01891 -1.31399 -0.218142
1.02356 -0.887683 0.450613 1.2204
-1.07404 -0.190065 0.252707 -1.36666
0.355082 -1.97677 1.94032 0.10709
0.211797 -1.05639 1.42444 0.14433
-0.532356 -1.33418 0.993187 -0.951643
-8.49325 -3.87425 3.67092 -10.7957
-0.727521 -0.773704 1.4484 -1.39028
-0.94736 -0.667647 1.12624 -1.75033
0.961212 0.541196 -1.43683 1.59278
-0.454656 2.11268 -2.23635 -0.028984
1.02099 -0.979091 1.54307 1.2844
-0.27008 3.5597 -14.7166 -1.4659
1.33723 -0.09271 -0.425119 1.36378
0.334625 -1.34001 1.3795 0.033308
1.41479 -1.93484 2.17172 0.639825
2.33431 -3.29858 4.31361 2.18698
-0.358725 -1.2924 1.9778 -0.122035
0.334697 -1.21114 1.25264 0.033022
21.4455 -18.8028 16.8248 24.0674
2.50504 2.45558 0.469648 3.0518
-1.66751 7.1786 -13.7427 -1.55732
1.6849 -0.21237 -0.464422 1.52185
0.806395 -0.739789 1.00142 0.841748
1.1335 0.065902 -0.359016 1.60639
1.10874 -1.01576 4.67322 3.8714
0.219425 1.61064 -1.32218 0.784834
-0.356328 1.94485 -1.13707 -0.211672
2.54977 -3.4854 5.23811 3.17639
2.94471 1.39992 -0.275137 1.6812
5.31705 6.33677 -5.81145 2.96339
0.152038 -1.73153 1.07185 -0.025346
0.628412 -0.938636 1.90265 1.20205
-3.30144 14.8579 -11.7902 -2.38126
0.441934 1.32788 -1.60357 0.828726
-0.169306 -3.765 10.9384 0.830007
-1.14449 -0.158246 0.325799 -1.49329
0.180436 -1.2414 1.7687 0.231247
0.862734 0.597831 -0.695245 1.23221
0.210532 -1.02838 1.2199 0.34725
-5.62095 -2.42571 3.5376 -3.77666
-0.9566 -0.836848 0.650215 -1.37546
1.12452 -0.656935 0.181813 1.51254
-2.2056 -0.338183 -1.57422 -2.46852
1.1074 0.017281 -0.329229 1.55488
1.54738 0.399282 -0.255207 1.26826
1.58378 -1.31489 0.198325 2.21193
0.216694 -1.94602 1.89434 0.123631
0.368473 -1.85466 1.35101 0.347513
0.832242 0.915312 -0.999189 1.49633
-1.38191 -0.15799 0.345419 -1.56321
-1.7065 0.480809 0.294561 -2.65193
-0.911297 0.605937 -1.21516 -1.81551
0.565826 1.22313 -1.22313 0.565826
-0.105773 -1.71198 1.48248 -0.336062
-0.95706 1.32956 -0.823466 -1.12092
-0.96442 -0.682194 0.839513 -0.79763
-0.804723 -1.28731 1.9174 -0.877632
0.403973 -0.987425 1.05018 0.420284
0.833101 -0.774172 1.07365 1.41324
0.414196 -1.22831 1.52448 -0.133503
0.5706 -2.49446 1.79026 0.393889
-1.44443 -0.475705 0.308277 -1.07293
-1.36645 1.44016 -0.694285 -1.97939
1.45046 -1.35071 2.82977 0.414406
0.614856 -0.905205 3.01881 2.5641
-0.220642 1.44873 -1.64096 -0.141043
3.10971 1.82816 -0.256887 2.87959
-0.639127 1.64347 -1.99683 0.318631
-0.401156 -3.90132 3.67814 -2.95369
0.189667 -1.10502 1.52627 0.411527
-0.561249 2.15094 -1.59807 -0.051685
-1.58304 -0.887673 1.04808 -1.60582
0.342247 1.09846 -1.37266 0.778456
1.19455 0.06123 -0.26649 1.28115
1.58827 -0.975101 0.008555 2.3003
0.47553 1.42394 -1.09539 0.686479
-1.39976 0.054408 -0.17736 -1.45664
-0.892543 -0.597949 0.867227 -1.04116
0.617745 -0.872384 0.98378 0.773573
1.06112 -0.497735 1.20389 1.24024
0.899821 -0.641786 1.48985 1.34553
-0.354851 1.22376 -1.51659 -0.095946
-0.967031 -0.750424 1.01386 -1.70818
-0.958842 0.522547 -0.67494 -0.980877
-0.001386 -7.80552 9.75505 -0.430372
1.17397 -0.238342 -0.01741 1.49341
3.62282 -2.3544 2.3568 3.60004
0.915574 0.555644 -0.824808 1.05522
0.212318 1.21166 -1.13396 0.428751
1.32642 -1.294 1.86931 1.40544
-1.74624 -1.34879 2.72565 -1.52927
1.28528 -0.065713 0.050388 1.23659
1.16916 0.184247 -0.153174 1.10355
-7.86092 0.581323 0.484631 -9.75384
0.197321 1.07263 -3.66257 1.66209
2.23096 -5.4094 5.35625 2.97323
0.788242 -0.704688 2.18448 2.47217
1.36833 -6.16688 6.16267 3.39843
-0.996955 -0.770394 1.14292 -0.96018
-0.979055 0.486446 -0.448893 -1.53777
0.184416 -3.72286 3.67166 0.691265
-1.09804 0.012298 0.21484 -1.79329
-0.601025 0.880951 -2.32324 -1.93404
-0.800305 0.785341 -0.934113 -0.857734
-0.928978 -0.551693 0.745401 -1.01411
2.99118 -1.46282 1.33937 2.1916
0.662081 0.996809 -5.30599 2.35127
6.22837 -7.79126 11.3081 2.81275
-1.26497 -0.0506 0.150798 -1.25974
2.2685 1.83315 -2.44502 1.29541
0.125392 1.19957 -1.04555 0.150144
0.939017 -0.872166 1.41683 0.779121
-0.297743 3.28759 -2.68408 0.313293
-0.679422 0.826404 -3.97187 -3.35644
-1.32398 0.099467 0.177912 -2.10787
0.782323 -1.00009 0.902827 0.568492
-0.466312 -1.00706 1.31012 -0.491011
0.395659 -1.04887 1.18235 0.790953
0.419608 -0.992472 1.12078 0.384035
-0.005184 1.38037 -1.83146 -0.151974
-0.599263 1.7715 -1.80332 0.031473
-0.071527 1.13707 -1.09283 0.042205
0.145851 -1.04537 1.28161 0.117772
-0.905214 -0.711918 0.816222 -1.07987
-2.00793 -0.360547 0.317507 -2.0787
0.726926 -0.773707 2.40524 1.97752
-0.082222 1.08621 -1.26969 -0.038776
-0.651464 2.32094 -1.71182 -1.47138
0.896524 0.849691 -0.888244 2.07403
-0.646811 0.852958 -1.11703 -0.629528
-2.38397 -4.7745 4.86501 -0.253891
-1.38826 -0.191749 0.186688 -1.33562
-1.21698 0.363035 -0.898659 -1.18225
-0.450961 1.92358 -1.18763 0.006078
0.037139 -1.22186 1.41777 0.608934
0.290231 -2.21206 4.66935 0.478703
-1.45145 0.47464 -0.109674 -2.45465
1.10816 0.119446 -0.265108 1.15073
-1.05498 -1.12737 1.13663 -2.01129
1.10282 2.96488 -3.02616 1.26604
-0.496581 1.94104 -1.68524 -0.106335
1.10612 0.147766 -0.238701 1.08492
0.044082 1.41832 -1.44868 0.371223
0.237461 1.04615 -1.44557 0.424391
-1.0646 -0.592622 0.939159 -0.985054
1.10571 0.115289 -0.129808 1.3324
0.615252 -0.85853 3.66483 3.11616
-0.299917 1.49845 -1.4504 -0.105304
0.390237 -1.30283 1.46328 -0.08963
-2.21748 0.919573 -0.434874 -2.54172
-1.12629 -0.379044 0.643421 -1.08701
-2.22218 0.337717 -1.16465 -2.64641
1.06361 -1.39623 4.68206 3.82981
-0.668266 -1.2789 1.00282 -0.516859
-0.175973 1.55249 -1.38207 -0.160328
0.161927 -1.22653 1.04463 0.045393
0.547351 -2.05728 2.44929 -0.05375
0.306032 -1.21216 1.30916 0.250683
0.395853 -2.36315 2.75551 0.241465
0.156451 -2.24864 1.74183 0.103107
-0.890702 -0.788943 0.866093 -0.790072
-0.613415 1.84945 -1.2812 -0.351833
-1.12475 -2.26564 3.09139 -0.445177
-2.69362 -0.351162 0.252956 -2.06503
-0.612556 -0.87262 0.986955 -0.735623
0.969443 -0.691267 0.833709 0.789779
0.605027 -0.877526 0.862059 0.741088
0.453567 -1.9768 2.508 3.38166
4.52755 0.115333 -1.65258 8.25648
-0.064912 -1.43306 1.10849 -0.081489
-0.03187 1.47232 -4.59784 1.99112
-0.272003 1.4038 -1.47658 -0.225363
0.948952 -3.53235 4.35872 0.404171
0.293116 1.54166 -1.31544 -0.252261
0.988529 1.52353 -1.42779 2.56853
0.734154 -2.79161 1.96746 0.373131
0.495281 1.0327 -1.4877 0.731309
-0.924656 0.579081 -0.596555 -1.64571
-0.196291 2.22274 -2.09364 0.005616
-0.982331 0.555049 -1.11755 -1.62082
-4.36983 -1.5317 -1.66073 -4.83512
0.57803 -1.94306 0.988766 0.630661
0.401702 -2.00864 1.94649 0.396099
1.04214 1.86764 -1.32837 1.57979
1.44084 -0.392719 -0.097978 1.96531
-0.661088 0.839126 -1.08064 -0.822161
-0.749918 0.750947 -4.02401 -3.40797
-1.48465 -1.70563 1.1007 -0.958168
0.845993 -0.704756 1.90926 3.20473
-0.631751 -1.02787 2.02656 -0.959667
-0.722021 0.775535 -0.923748 -0.846927
0.213856 -1.87842 2.81073 -0.448659
-0.917707 -0.714107 0.819974 -0.789025
0.621183 -0.857222 1.02375 0.924591
0.674501 -0.821446 3.01743 2.55431
-1.17699 0.611795 -1.07953 -1.68297
-0.382982 1.88526 -1.29786 0.317995
-0.468566 -0.944686 1.32053 -0.587499
-0.469341 1.10352 -1.09536 -0.345404
0.834051 -0.831968 1.29168 0.989658
1.28414 -5.86205 6.40226 3.31574
-0.180644 -1.22759 1.4861 -0.172629
0.844542 -0.65831 2.27861 2.61648
0.728135 3.90106 -3.81295 -1.88095
-0.906999 -0.581712 0.889285 -1.61522
-1.22423 -0.743749 0.890855 -2.08669
-0.997501 -0.402746 0.494741 -1.87859
-2.50423 -1.51943 0.061332 -2.61817
0.802983 -0.703952 0.763104 0.903737
0.348229 -1.07759 1.26474 0.154113
-0.93059 -0.561473 0.571836 -1.26694
-0.998321 0.515241 -0.960906 -1.13806
-0.142598 1.41479 -1.51321 -0.019788
0.200776 -2.34039 1.72272 0.266375
0.002691 -1.4039 1.3434 -0.089642
1.26622 -0.039783 -0.18895 1.73384
-1.29293 -0.212408 0.231585 -1.26288
-0.282038 1.15738 -1.07851 -0.108122
0.878628 0.65135 -1.14336 1.10067
-1.05836 -0.129494 0.185859 -1.4429
0.398836 -1.75386 1.23771 -0.027346
-0.366154 1.98623 -1.58425 0.089026
-1.03201 -0.274125 0.421866 -1.36243
-0.836953 0.686169 -3.93875 -3.37509
-0.208857 -1.16568 1.47608 -0.486729
1.01144 -0.674517 0.960735 1.16818
0.594918 -0.89037 3.85428 3.22104
1.26546 -0.102777 -0.006959 1.93848
-0.364665 1.91829 -1.06386 -0.248927
-0.534709 -0.922628 1.17972 -0.538963
-1.03837 0.383851 -0.219485 -1.53976
0.713626 -0.81861 3.18338 2.70942
0.332732 -1.77964 1.77871 0.123642
-0.301404 1.37119 -1.09437 -0.10249
0.011711 -6.45156 7.76501 -0.050599
0.428036 1.18177 -1.15128 0.305875
-1.1655 0.452119 -0.018623 -1.8804
1.40907 -2.31659 2.79305 1.56804
1.09058 0.591885 -0.355548 1.2178
0.767775 0.725927 -0.722424 0.893064
2.73962 -0.447117 -0.426205 3.46107
1.00706 0.321068 -0.419651 1.53518
6.81685 -9.72695 11.8714 7.24752
1.14988 1.32145 -1.39282 1.70898
1.05141 -0.450858 1.05282 1.65284
-0.495045 2.64772 -1.96732 -0.178
-0.725698 2.13634 -1.3337 -0.551519
0.798442 1.31306 -1.47279 0.729586
-2.18064 8.74201 -3.48967 -0.583128
1.09089 -5.68501 5.34929 0.733938
0.78642 -1.10501 2.07979 3.60341
0.962958 0.614906 -0.446205 1.4629
0.858074 -0.637866 0.951134 1.47441
-1.08644 2.14605 -1.57651 -0.959163
0.800749 -1.13634 3.82791 3.19178
-1.57989 -5.38694 5.978 -1.78443
-0.995805 -0.943799 0.936307 -0.944124
-0.10273 -1.29573 1.4752 -0.608118
0.930598 -2.07478 1.41521 0.569646
0.449535 1.9344 -2.38886 -1.36176
0.501513 1.15568 -2.52822 1.09078
3.22208 0.540786 -0.494106 3.82071
0.245858 -1.51124 1.53354 0.165933
-0.110499 3.49322 -8.62722 -0.781125
0.046189 -1.33116 1.76945 0.038895
0.97595 1.28637 -0.846456 1.37765
0.079059 -1.34162 1.31166 0.123004
-0.192293 1.52779 -1.40209 0.283113
-1.05098 -0.070207 0.068743 -1.21757
-2.12396 2.87337 -4.06929 -1.09027
-0.410931 1.5854 -1.12598 -0.596639
0.329557 -1.19963 1.03556 0.571665
-1.01433 -0.349188 0.391944 -1.63507
-0.166102 1.05759 -1.07184 -0.168893
1.44994 -0.256331 -0.177206 1.89513
0.362841 -2.06806 2.30889 0.074526
-2.05033 0.06529 0.237708 -1.26002
0.273482 -1.88648 1.47868 0.197868
-1.37119 -0.781417 0.715155 -2.53015
-34.2072 8.70854 -17.147 -26.7113
-0.761668 -1.33284 0.91234 -0.668619
-0.938612 1.33094 -0.846782 -1.09025
0.866559 -1.81407 1.72825 1.80967
-0.556993 1.98212 -1.77471 -0.120136
-0.767604 -1.0673 0.935863 -1.07583
1.22807 1.85731 -1.73305 0.801706
0.998851 0.416225 -0.639697 1.26159
-0.010018 -3.59687 4.06223 0.507133
-1.7035 1.19089 -0.354992 -2.14379
-1.377 -0.085989 -0.053541 -1.09523
-0.337325 -1.0695 1.64042 -0.646981
0.882228 -0.908838 0.929459 0.933822
-0.462545 2.61407 -3.16934 -0.51127
-0.520721 -0.925902 0.972504 -0.576086
0.890469 1.48716 -5.32628 2.88388
-1.00642 -1.88903 2.35718 -1.23314
1.30798 0.050602 -0.271565 2.10961
1.51009 -0.88457 1.16192 1.72275
-1.58791 -0.087794 -0.312522 -1.60229
-1.71218 11.455 -36.6027 -2.20884
1.0258 1.04591 -0.635279 1.63792
0.813778 -1.01853 0.747862 1.01918
-1.46535 0.484016 -0.255437 -2.52147
-0.477261 -0.994044 1.25633 -0.778182
-0.317252 1.50571 -1.13848 -0.112817
0.66544 -0.784813 2.71809 2.34674
1.12551 0.279157 -0.409798 1.04217
-1.0064 0.370953 -0.806382 -1.44155
-2.51825 9.28822 -10.6015 -0.506866
0.129978 -1.25646 1.18451 0.088771
-1.94877 -0.356912 0.349441 -2.46324
-0.724346 -0.827473 0.889403 -0.665495
1.86923 -0.12596 -0.191389 2.52222
-0.223665 1.36278 -1.47427 0.005288
6.21124 0.321079 -0.711936 7.60285
0.477009 -1.04354 3.57451 2.9084
1.37747 -0.283247 -0.08766 2.01081
-0.444818 1.35218 -1.57871 -0.100383
0.241509 1.34204 -1.34656 -0.097286
0.137263 -1.05678 1.25964 0.074078
2.27526 0.352553 -1.34092 1.32367
-1.27909 0.753048 -0.471527 -1.52466
-1.01079 -0.404185 0.330316 -1.05034
-0.086526 1.0783 -1.43247 0.050522
-0.89146 -0.620459 0.549733 -1.07378
-0.058069 -1.09978 1.1265 -0.126686
-0.30327 1.35247 -1.34129 -0.258102
0.028102 -1.08227 1.2431 0.192876
-1.1035 -0.283257 0.167425 -1.61729
1.29293 -0.075635 -0.046375 1.08415
0.906771 0.594928 -1.26968 1.28365
-0.487276 1.10415 -1.00078 -0.391122
1.04947 0.866359 -0.605925 1.60256
-1.43165 0.054218 0.370621 -1.67652
-0.984954 -0.477512 0.576915 -1.26417
2.41915 2.25083 -2.81839 0.46398
0.942857 -0.554374 0.682023 0.880978
0.823071 -0.70244 3.01793 2.48337
0.695515 -0.860631 2.80038 2.32869
0.704677 1.20061 -0.805589 1.06805
1.05642 -0.145664 0.141656 1.03729
-0.599761 1.03983 -1.05455 -0.425849
-1.07174 -0.067396 0.212534 -1.70663
-0.301011 1.00327 -1.25976 -0.472896
0.634062 -1.67226 1.08022 0.857063
0.273649 1.97762 -1.80581 -0.831703
-0.211959 1.24488 -1.26302 -0.254283
-1.04621 0.394445 -0.837819 -1.52559
0.710826 -0.870961 2.91953 3.30222
-0.578195 -0.88514 2.32841 -1.15293
0.153011 -2.47489 1.74901 0.102677
-0.42048 1.58103 -1.26864 -0.392062
9.60437 0.430155 -2.52535 13.8471
0.714771 -1.04557 0.81999 1.25112
-0.200693 1.59664 -1.98517 -0.153081
-1.695 -1.08012 0.473107 -1.48571
0.497737 1.29634 -1.1959 0.434844
-1.32056 -0.738631 1.04559 -1.69415
-1.18786 0.043726 0.397813 -1.52255
0.608341 -4.26586 3.36649 0.261732
1.79837 -2.40221 2.3638 1.20051
1.0812 -0.734436 1.12628 0.776117
-1.03068 0.519307 -0.664611 -0.947842
-1.18762 0.719571 -0.799595 -1.08699
0.501159 1.09378 -1.19216 0.263868
-1.10191 -0.305113 0.336565 -1.71674
0.441878 -1.05847 1.42786 0.321602
-2.32853 0.412552 0.351972 -2.2761
0.865651 -0.673192 0.817883 1.02783
-1.1548 -0.284868 0.113902 -1.1503
-1.36236 3.5755 -3.48602 -0.953027
0.09595 2.48592 -5.31232 -3.86003
1.03015 0.397143 -0.683924 1.28337
0.555189 1.30699 -1.15995 0.148377
-1.13245 -0.009879 0.482211 -2.08271
-1.15757 0.522489 -0.340403 -1.87182
-1.28284 3.22853 -5.00484 -0.585954
12.6465 0.523101 -2.15115 5.71713
-0.595273 0.877978 -1.54429 -1.32807
-1.15155 -0.541437 0.665839 -1.77279
1.17727 -1.36502 1.77425 1.24893
0.128855 -1.37058 1.32214 0.1401
-1.69957 -0.469557 0.37833 -1.65964
-0.618304 -0.861039 1.0057 -0.626711
0.624752 -6.36184 9.51653 0.733145
-0.491734 2.33902 -2.1808 -0.056337
-1.38234 0.194385 0.332156 -2.73401
-0.071938 2.64972 -5.0507 0.018818
1.373 0.169423 -0.338566 1.68116
-1.13683 -0.583667 0.520476 -1.76944
0.213002 1.05378 -1.25477 0.152388
-1.08419 1.2863 -2.06008 -2.29627
1.42357 0.702318 -0.431237 2.46958
-0.061248 -1.34617 1.70884 0.2774
-19.3812 27.5701 -36.8138 -26.8845
1.79411 -0.055412 -0.323236 2.43164
0.520278 1.04476 -1.19411 0.678104
0.655994 1.22294 -0.881506 1.17416
0.063491 1.92975 -1.26389 0.210519
-0.570056 1.89236 -1.3449 -0.276048
-0.952007 2.01045 -2.24335 -0.080722
-1.0729 0.341805 -0.875322 -1.59131
-0.533275 1.38731 -1.50148 -2.15165
-0.60077 2.82924 -1.84825 -0.308786
0.842608 -0.656941 1.61897 1.44517
-1.03565 -0.240621 0.334907 -1.64743
-0.776269 3.70097 -3.43645 -0.520873
-2.27519 2.05088 -0.976893 -3.01274
14.4475 -12.2207 29.3362 20.7457
-0.175712 -1.25328 1.75842 -0.437117
0.429113 -0.97138 1.17985 0.638676
-0.354198 1.53428 -1.59744 -0.346169
-0.173921 1.1194 -1.26537 -0.063771
-0.857658 -0.991794 1.45943 -0.895223
-1.11286 -0.209739 0.270582 -1.67719
-0.544121 0.901564 -1.0636 -0.604935
-6.724 7.33736 -6.3337 -3.85928
1.92292 -0.436496 0.065528 3.04693
-1.98865 -0.134175 -0.148063 -2.07945
-0.373474 1.03539 -1.20724 -0.23454
2.68112 -3.58551 3.50483 3.9578
-0.327385 -1.17641 1.16981 -0.699021
-0.880322 -0.840289 0.736689 -1.06478
0.660061 -0.82269 3.92567 3.25804
-1.78516 -2.52561 1.36475 -0.944165
-0.792787 1.05411 -3.67816 -2.21238
-1.1419 -0.689054 0.761237 -1.95173
0.385997 -3.70646 3.71315 0.199918
-0.470092 1.10039 -0.986139 -0.406494
0.718539 -0.841794 0.813317 0.690727
0.436865 0.962345 -1.50325 0.671693
1.03562 -1.08096 1.43534 1.07621
0.943737 -1.21199 4.11361 3.40859
-0.865804 0.623995 -0.8879 -0.928255
-0.312404 1.75646 -1.83564 -0.216644
-1.06885 0.213222 0.025537 -1.7714
0.399417 1.01399 -1.04659 0.504538
0.93971 -0.579682 0.558879 0.91889
-0.700602 0.791051 -4.00375 -3.4022
0.603925 1.29217 -2.04645 0.831799
0.833263 -0.725405 1.09869 0.877378
0.904098 3.12959 -11.1897 -0.805393
0.929975 0.54352 -0.48131 1.01632
0.941167 0.561604 -1.28286 1.35802
-0.159728 1.26875 -1.39799 -0.063841
0.565408 -0.905521 3.51648 2.94163
0.619073 2.37975 -2.99773 -1.70134
1.87269 2.14329 -2.93708 2.56457
-0.876397 -1.21914 1.58743 -0.439808
-0.422872 1.46909 -1.73143 -0.209257
1.30577 -0.772405 0.467474 1.78358
0.382329 -1.40369 0.996661 0.389487
-0.671162 -1.25195 0.924572 -0.527173
-1.10757 -0.207916 0.442824 -1.55007
-0.747818 -0.778078 1.21682 -0.964715
-0.400495 1.43497 -1.3473 -0.262855
1.16491 0.663428 -0.477742 1.68466
-0.13257 -1.11377 1.48456 -0.094086
-0.673113 0.827008 -1.19773 -1.05419
1.09946 -8.6971 8.28599 0.852277
0.540178 -0.937772 3.60472 3.04568
0.775312 -0.945255 0.945255 0.775312
-0.453651 1.45561 -0.981987 -0.483055
0.17013 -1.1238 1.38579 0.012305
-0.869915 0.648666 -0.847113 -0.869328
0.677852 -3.1577 3.38091 0.236526
5.17538 -0.028792 -1.48633 8.38574
0.999817 0.843436 -1.04214 0.902103
-1.27108 -0.12409 -0.24374 -1.36484
1.11609 -0.697106 0.769304 1.42175
1.83359 -0.134706 -0.657937 4.6952
0.393193 -1.79577 1.98208 0.227396
0.882435 0.732403 -0.610962 1.07901
8.32838 -3.13473 2.48138 9.44468
0.466034 0.994106 -1.02963 0.408537
-2.65827 4.57803 -16.3217 -0.706825
-1.4737 0.306207 0.256529 -2.03981
1.03796 0.440087 -0.585771 0.98687
1.00641 -0.466647 1.09115 1.33067
0.031638 -1.1865 1.28068 -0.297847
2.28756 0.458605 -0.898021 3.06736
0.347442 -1.22926 1.4763 0.066205
1.30181 0.21923 -0.574618 1.90516
1.94592 0.074418 -0.322979 1.97827
0.03394 1.04448 -1.08307 0.058286
-0.259997 2.29005 -4.89196 -0.381963
0.219565 -1.91881 1.09159 -0.097447
-0.936509 -0.880791 0.819037 -0.746395
0.453291 1.18376 -0.978314 0.67983
-1.04235 0.369204 -0.291195 -1.40668
2.61353 -0.256228 0.126352 3.09061
-0.130339 -1.11031 1.35932 -0.291331
-1.17102 -0.392611 0.447424 -1.62537
0.973783 0.516996 -0.46429 1.63374
0.840456 -0.654913 0.726779 0.932174
0.92496 -0.716771 0.631165 1.05987
-0.79203 0.751715 -0.997161 -0.765889
-0.828689 -1.42198 1.83166 -0.963746
0.657622 -0.910682 0.879465 0.824382
1.03157 -0.849083 1.31958 1.90728
0.820741 0.811852 -0.663012 1.12829
-0.757526 -0.904668 0.814266 -0.995602
0.72599 -0.803221 0.991766 0.976572
0.652059 0.882393 -1.52977 1.24306
-0.512399 1.38761 -0.995202 -0.717077
0.779579 -0.731297 3.0311 3.51162
0.882247 -2.43448 5.76684 0.626347
-0.791514 2.74612 -1.81205 -0.390862
0.01273 1.37964 -1.38658 -0.254984
-0.632323 -1.02877 0.915346 -0.605658
-0.58664 0.963986 -0.960646 -0.646053
-0.403238 2.52448 -1.73137 -0.237887
-0.563266 2.49655 -1.75232 -0.153946
-1.33051 0.706015 -1.42276 -2.23477
4.42981 1.71441 1.4934 4.7734
1.1607 0.140584 -0.336338 1.21504
-0.46433 1.54237 -0.978067 -0.508097
0.289583 1.51961 -1.36272 0.655224
-0.742001 0.789887 -0.879986 -0.744213
-1.0512 -0.41391 0.540154 -1.45209
1.19812 0.156535 -0.331704 1.46831
1.02966 0.189388 -0.306696 1.61488
-0.192404 -1.7218 1.10581 -0.425125
0.245557 -1.02019 1.41246 0.156592
-0.633092 0.883729 -0.967598 -0.662754
8.19662 -1.22284 -0.059584 10.8201
-0.201674 -1.11453 1.27689 -0.01442
0.755571 -2.0709 1.54138 0.377493
1.27214 0.497694 -0.627921 2.57945
0.867836 -0.744834 0.733337 0.965793
-2.70372 0.837042 -2.05757 -2.77181
6.90889 -11.4235 13.3849 7.95578
1.06692 -0.377126 0.707384 1.19246
6.57528 9.28408 -9.70965 6.20228
-0.677514 -1.04417 1.15606 -1.12866
-0.33924 2.3112 -2.11607 -0.350548
-0.958544 3.05408 -2.26286 -0.540023
-0.845788 0.667795 -0.861045 -0.845827
1.18039 0.193745 -0.436782 1.56736
-1.13264 -0.811008 0.961416 -1.513
1.09668 -0.329084 0.755104 1.38229
-1.23607 -2.31868 1.92092 0.46905
-1.21435 -1.3225 0.098065 -2.59739
2.08477 0.296819 -0.7081 2.20712
-0.895026 0.694313 -0.74508 -0.804967
1.71998 -0.848039 0.12194 2.38836
-0.11215 2.3181 -1.95472 -0.052752
-1.37057 -0.300748 0.902212 -1.14758
-0.654513 0.830538 -3.50099 -2.96367
-0.223063 -1.47691 1.20484 -0.798252
0.8598 -0.630177 0.755045 0.898384
1.10836 0.819539 -0.994678 1.54709
-0.88986 -1.003 0.668575 -1.22416
-3.02555 1.52973 -0.167066 -4.89911
-0.215758 -2.83834 2.89235 0.028384
-0.231235 1.32951 -1.11089 -0.149611
-0.526905 2.87713 -1.81232 -0.191014
-0.513668 2.01898 -1.50362 -0.273259
-1.06462 -0.010986 -0.032685 -1.58741
-0.937804 -0.699806 0.51079 -1.28678
-0.235523 1.18592 -1.08958 -0.238933
-0.524166 -0.909172 2.14035 -1.03396
0.13329 -1.06486 1.55164 0.121255
0.155665 -1.31506 1.05716 0.128859
1.24659 0.077706 -0.376086 1.18291
-0.413047 -1.28978 1.28851 -0.739146
0.964095 0.682503 -0.839887 0.797365
-0.795185 0.752517 -0.956033 -0.802602
-0.797972 -2.0091 1.62749 -1.14459
-5.26327 -5.08265 12.7847 -11.6494
1.06425 0.252411 -0.374156 1.70977
0.959918 -1.1931 4.43218 3.70176
0.464088 -1.86079 1.54136 0.067159
1.07967 -0.468358 0.34649 1.22698
3.06961 -4.80228 6.04555 3.31854
0.654818 -0.800484 0.800484 0.654818
-1.06142 -0.313058 0.513112 -1.6299
-0.345976 -1.30962 1.07509 -0.817197
-0.623152 1.27833 -0.924566 -0.885343
-22.4382 4.27579 -4.58378 -23.915
-0.647034 2.49772 -1.45052 -0.060026
-0.981296 -0.982365 1.10936 -1.13639
-0.894837 -0.607633 0.778967 -0.907602
0.491143 -0.945678 0.965348 0.488081
0.443703 -1.90982 1.3587 0.472943
-0.878976 0.699077 -0.655595 -1.37766
0.842125 -0.73899 1.87003 3.14736
-0.522654 -1.22447 1.7829 -0.081785
0.338981 -1.09811 1.55667 0.014291
1.57366 -0.015232 -0.066273 1.56461
0.012379 -1.96098 1.41191 -0.052737
0.934196 0.578525 -1.13658 1.23855
-0.917958 -0.521168 0.51544 -1.18394
0.732092 0.966859 -0.868886 0.743449
-0.54221 -2.02209 2.44049 -0.580012
0.609502 -2.21363 1.66649 0.179169
1.28437 0.020627 -0.509637 1.84713
-0.812798 -0.703832 0.917407 -0.939514
0.559601 -1.86111 1.1288 0.486528
0.878024 -0.656965 2.98173 2.45563
1.39847 -5.72352 8.02097 1.07098
0.85587 -0.630907 1.28137 1.82122
1.25035 -13.4845 11.7887 1.61961
-1.47806 0.02984 0.197068 -1.36247
1.70488 0.2238 -0.229458 1.45851
0.401712 1.3041 -1.10715 0.666314
-1.96702 -0.113711 0.304873 -1.98829
0.42342 -1.03292 1.06092 0.782226
0.167259 1.35375 -1.48129 1.13787
-0.750471 0.756707 -1.62085 -1.94328
1.10084 -0.100949 -0.191084 1.37143
0.870599 -0.970823 1.04619 0.743455
-0.205735 -1.21103 1.42946 -0.242039
0.69042 -0.846589 0.846589 0.69042
-0.732154 1.48651 -1.30016 -0.637039
-1.64683 -0.323826 -0.328545 -1.64545
-2.18429 5.82627 -7.10451 -1.28862
-1.01699 -0.541027 0.299928 -1.58143
0.353304 -1.8531 1.44323 0.027275
1.89156 -0.425892 -0.18185 1.71984
-1.4631 0.522498 -1.22881 -2.17145
-1.04421 0.986467 -0.695695 -0.841819
0.656785 -1.04628 1.05617 0.854046
-1.08937 -0.193189 0.210913 -1.8862
-0.015838 1.21582 -1.66974 -0.578846
0.47516 -2.11838 1.65288 0.227972
-0.141403 1.07857 -1.11094 -0.220106
0.237489 -2.2976 1.8911 0.265965
-0.996847 -0.657957 0.517411 -0.960184
-0.327245 1.17493 -1.37494 -0.045206
1.82005 0.252066 -0.440401 1.67368
-1.04928 0.087255 -0.146315 -1.38226
0.549338 -2.303 2.29001 -0.21687
21.3156 8.0569 -14.6289 13.8707
22.0921 -17.9841 33.8898 18.5163
-1.45985 0.375277 -0.088311 -1.44124
0.457302 -5.02069 5.02069 0.457302
0.361554 1.02897 -1.69295 0.165077
0.395651 -2.02747 1.66599 0.159965
-1.05657 -0.252781 0.283768 -1.41306
4.16601 1.66024 -2.69541 8.50093
0.896123 -0.621762 1.16635 1.07227
0.719496 -0.788902 0.823408 0.897229
-1.12103 -0.417212 0.670494 -1.85043
-1.30637 -0.544281 0.398969 -2.19511
1.39391 -0.386697 -0.236218 1.79777
0.113931 -1.79019 1.52227 -0.483593
0.803146 0.667722 -0.680092 0.79591
-0.510874 1.55492 -1.61329 -0.497624
1.381 -0.6126 0.812783 1.56186
0.169493 1.07337 -3.46774 1.50138
-0.542638 3.22714 -2.85268 -0.029854
-0.365283 -1.45794 1.69816 -0.199639
1.49114 -0.227101 -0.326821 1.8404
1.18201 0.406489 -3.90529 3.49476
1.52636 3.37376 -16.583 7.27822
0.660719 1.67686 -1.54384 0.022054
1.23294 0.170878 -0.396801 1.57373
0.315362 -1.37751 1.43374 0.021762
0.902435 -0.77354 0.997561 1.16596
0.072633 -1.12451 1.46638 0.130807
1.01342 -0.474483 0.541138 1.04367
0.862552 -0.634743 0.662733 1.0751
-6.57546 -8.81505 9.37247 -6.85096
-1.09416 0.53244 -0.099914 -1.78077
1.15697 0.276326 -0.368412 1.77138
0.781055 0.775902 -0.86381 0.726649
-0.781366 0.732217 -1.15211 -1.073
-5.1796 0.821164 6.74436 -6.33017
0.687473 -0.789715 0.796837 0.675037
1.82866 0.253684 -0.411975 1.48879
-0.592581 0.910559 -1.35518 -1.0267
0.345358 2.59449 -11.9058 -1.05592
1.09633 0.018787 -0.0449 1.07707
-2.66244 2.89424 -14.3308 -0.729114
-0.340747 1.0339 -1.41671 -0.309726
0.918284 -0.593099 1.03637 1.5157
-0.651708 -3.46832 11.444 0.886019
1.25773 0.035606 0.13637 1.3683
0.904404 -1.23101 2.68063 1.61796
0.811649 0.89994 -1.0923 0.645125
-2.1065 -0.179549 -0.257942 -2.63005
0.704529 -1.05118 0.835872 1.25128
-0.44706 2.34085 -2.00252 -0.160964
-1.21311 -0.327994 0.352713 -1.32965
-1.72472 1.09205 0.667788 -2.18231
-0.95762 -0.841271 1.31927 -1.32393
1.06728 0.513827 -0.419459 1.3704
1.40665 -0.676597 0.400355 1.32674
-0.261202 1.87386 -1.08533 -0.069245
1.2258 -2.08476 4.5416 3.09277
0.408612 -2.26819 3.06747 0.843073
-0.460099 -1.93972 1.65728 -1.60606
-0.354593 2.36832 -1.64272 -0.104233
-0.377085 1.06799 -1.13487 -0.21108
-0.545151 2.23255 -1.36806 -0.007542
-6.22713 -6.08884 6.94323 -6.67995
-2.58001 0.351319 0.505325 -4.1418
-0.635232 1.07169 -1.08605 -0.413761
0.891064 0.660756 -0.793936 0.814938
0.234316 -1.16472 1.01791 0.27812
0.400543 -1.45952 1.55201 -0.074714
1.47436 0.052164 -0.072303 1.46353
3.55701 -12.7404 11.5081 2.78514
1.05344 3.14403 -2.59373 1.31573
-1.28987 -0.318482 0.379201 -1.19614
0.49973 -1.37828 1.00937 0.576302
0.580882 -1.11642 1.31833 0.288592
0.814333 -0.704106 0.901191 0.872633
0.17648 -1.81422 1.34114 0.209201
-1.57679 2.54464 -9.23124 -0.322241
-0.882571 -1.42334 1.96931 -1.00813
0.467788 3.14411 -2.92276 1.28046
0.551303 -1.15868 0.937802 0.985193
8.235 1.20175 -1.43218 8.65574
0.685222 -0.804286 2.02661 1.63248
1.21845 2.79362 -2.62773 1.34417
0.523278 -0.953835 3.16726 2.64991
0.988277 0.43143 -0.459458 1.77806
0.486231 1.21757 -1.25405 0.469889
0.111344 -2.56431 2.4749 1.11491
0.242774 -1.0855 1.05768 0.196606
3.10558 0.885107 2.26629 3.93545
13.3082 -7.97563 20.6288 17.166
-0.559055 2.00901 -1.57743 -0.147259
-0.466208 1.35527 -1.37929 -0.257173
-0.882967 -0.64273 1.20695 -1.13106
0.712931 0.869967 -1.18666 0.970832
-0.944835 -0.605946 0.700686 -1.70835
-0.83499 -1.34064 1.83472 -0.809738
-0.833263 0.675104 -0.864966 -0.853309
0.404253 -1.03239 3.60886 2.92006
-1.01496 1.08566 -1.89511 -1.49645
-0.587136 2.69223 -2.45541 -0.071831
-1.36918 -0.633093 0.679168 -1.4411
1.12365 -0.224163 -0.11365 1.52731
-0.263439 1.48567 -1.5335 -0.210976
-0.911934 0.623464 -1.15677 -1.08145
0.286604 -1.23466 1.19911 0.33207
1.0252 -0.92866 1.43643 0.840904
-0.625832 -0.862069 1.0143 -0.65148
0.666223 -0.871722 0.97761 0.684693
-0.798625 -0.974638 0.908194 -1.32215
1.06185 0.086741 -0.35219 2.13221
-0.656318 -0.868723 2.23666 -1.13763
-1.56255 1.43607 -1.35314 -2.32323
0.270038 -1.58986 1.06105 0.285163
-0.773426 -0.696414 1.06236 -0.99674
0.826167 -0.681073 1.33273 1.21309
0.019176 -1.35616 1.7894 0.125727
0.550353 1.26869 -1.44023 -0.084014
-4.18882 -4.94186 2.1674 -10.9274
-0.560389 -1.04453 0.908108 -0.718024
-2.90918 0.061166 -0.220757 -2.83457
1.15722 -1.31441 3.91906 3.22435
0.489403 -0.955608 3.90513 3.28236
0.158539 -2.70018 1.7107 -0.424773
0.750217 -0.765684 1.27814 0.999002
-1.57863 0.059503 0.389654 -1.98733
0.245535 -1.43692 1.10276 0.170549
1.11181 0.089309 -0.008366 1.10925
-0.099984 1.53178 -1.07774 0.102413
4.69747 0.254113 -0.803 6.45241
1.20394 -0.269574 0.336895 1.64668
-1.35369 -0.235388 0.484502 -1.4509
-0.738678 2.68177 -1.81036 -0.318343
0.40609 -2.41493 2.85793 0.244032
0.236356 -1.417 1.57616 0.17677
1.37977 0.119597 -0.274983 1.47788
0.360192 -2.09352 1.60721 0.199872
0.61544 0.947212 -1.07608 0.564086
-2.35017 10.5006 -12.5333 -1.74952
1.2407 0.275302 -0.882983 1.48931
0.523579 -0.960307 1.57 1.27816
0.850974 -1.01899 1.01899 0.850974
0.190302 1.91331 -1.56232 0.088689
1.06849 0.104598 -0.241443 1.11948
0.206715 -1.6507 1.08006 -0.005282
-1.02986 -0.354888 0.346696 -1.46078
2.83281 3.73547 -4.13409 2.4312
0.460109 0.994834 -1.13569 0.870009
-0.295142 -2.18799 1.74202 -1.44561
-0.030884 -2.00156 1.66076 -0.281546
-29.9036 -24.7941 37.9655 -22.6209
-0.952978 -0.580583 0.800155 -1.03532
0.52188 0.92962 -1.08482 0.561391
0.914294 -1.57956 1.21781 1.02664
1.36331 0.084214 -0.372741 1.17278
-0.880897 0.641041 -1.24275 -1.80033
-1.22929 2.72403 -1.7237 -1.09085
1.50949 -0.444877 0.132284 2.30024
0.583358 0.975147 -1.30512 1.48612
1.32155 1.03606 -0.808593 1.05313
-0.222451 -1.54074 2.26865 0.318295
0.844826 -1.42328 1.04008 0.581748
-0.841017 -0.824863 1.0601 -1.7248
-0.026648 1.32189 -2.01327 0.808261
4.85385 -0.153176 -1.33419 7.85588
0.879961 -0.633774 0.784181 1.14913
0.647306 -0.951462 2.80834 2.32559
0.751923 0.888714 -0.733565 0.953957
-0.691104 -3.37775 3.99008 -0.130778
2.88563 1.02984 -1.97342 2.78138
-0.318705 1.13442 -1.20975 -0.052299
1.20108 0.109797 -0.070413 1.1141
0.266299 -3.765 3.4829 0.045026
0.363456 -1.62656 1.46867 0.457841
0.963876 0.507374 -0.510577 1.89748
0.556262 -0.945595 3.80461 3.13799
0.886162 -0.733543 0.853967 0.770989
-0.92283 0.996483 -0.795768 -2.1673
1.26652 -0.596224 0.773891 1.13275
0.247511 -1.48249 1.3146 0.259335
-1.16565 -0.361049 0.184197 -1.9602
-0.473686 1.64146 -1.58416 -0.245905
0.662424 1.72045 -1.34574 0.171099
-0.479276 1.80561 -1.22711 -0.690013
-1.34372 -2.0395 1.24843 -0.552706
-1.05749 -0.171552 0.46661 -2.05876
2.51004 -1.95785 3.25317 2.0208
1.46226 -0.74748 1.14932 1.85082
-0.316671 1.80425 -1.62064 -0.198408
-1.10161 0.38709 -0.386984 -1.00117
-0.258317 1.21872 -1.28939 -0.245813
-0.704419 0.763769 -1.529 -1.1949
0.731622 1.89296 -1.75931 0.408695
0.22452 -7.30319 7.55653 0.466086
-0.411946 1.79656 -1.00901 -0.346395
-0.764573 1.41605 -0.976101 -1.07061
-1.11344 -0.188922 0.4248 -1.35718
-0.689133 0.793305 -0.927621 -0.824362
5.28028 -6.86217 11.4402 7.80575
1.36469 -0.323698 0.355954 1.70389
0.253925 -1.92463 1.59563 0.180672
2.12252 0.283953 -0.701865 2.3224
1.15944 -0.164265 -0.061572 1.30501
-0.029523 1.77496 -1.50687 -0.180766
0.844222 0.664408 -0.994431 0.919221
-1.12104 -0.24347 0.187659 -1.13041
1.1219 0.164551 -0.14418 1.06692
0.614983 1.07503 -1.0643 0.365346
0.072464 -1.15258 1.67871 0.280406
0.746018 -0.821948 0.973655 0.801582
3.63171 0.416361 -0.697496 4.03587
-1.30037 1.02037 -1.24519 -1.64366
-9.01671 -5.20492 4.7709 -10.3285
-1.06439 0.112122 0.161004 -1.90667
1.13255 0.145308 -0.380062 1.14116
1.35514 -1.32985 1.85132 1.42021
-2.21883 -0.008206 -0.331683 -2.47657
3.49281 -0.288033 0.042685 3.75423
2.16688 0.278643 -0.715954 2.09442
-1.07632 -0.238262 0.419367 -2.04183
-1.03742 -0.368368 0.467861 -1.01944
-0.384575 -0.987857 1.14837 -0.475793
-0.306859 1.86388 -1.29372 -0.363032
0.442632 1.25845 -1.00047 0.690609
0.688422 -0.805417 1.20165 0.893561
-0.665865 -1.08133 1.72838 -0.853716
-1.12526 0.132635 0.143432 -1.68605
-0.816393 7.94525 -6.23415 -0.500773
-0.122595 1.67136 -1.24758 0.050156
-2.75064 -0.627426 0.720355 -3.12235
-0.966675 -1.57916 2.37764 -0.239836
-0.702707 1.82859 -1.9051 0.040804
1.08143 0.342577 -0.957781 1.37064
-0.296433 1.18997 -1.15994 -0.06091
0.52505 -0.971673 2.77672 3.10415
0.964529 -1.17671 4.73678 4.00378
-3.62598 0.109763 -0.947537 -1.61498
-0.952792 -0.472235 0.80621 -1.55384
-1.04857 -1.51504 0.793954 -1.01478
0.329786 -1.2708 1.08114 0.186468
-0.936886 1.08188 -0.908477 -1.55628
-1.10029 4.57941 -4.89866 -2.2715
-3.43733 0.59902 1.68264 -2.89057
-2.31503 -2.52972 0.927061 -4.74079
0.787303 0.737216 -0.90954 0.953444
-0.565389 2.34167 -1.6866 -0.534117
0.807215 -0.710092 3.848 3.28998
-0.917429 -0.591636 0.866023 -0.985327
0.875925 -0.736913 2.91831 2.31312
1.15547 0.097313 -0.260838 1.33045
0.706853 -0.791606 3.09682 2.58561
0.114714 -9.41479 17.1472 1.41413
1.34877 0.148228 -0.369406 1.27634
0.474063 -2.52359 2.73305 0.381074
-7.1519 -2.92757 2.592 -7.38467
-0.295053 1.24913 -1.34886 -0.240627
-1.10019 -0.140826 0.19889 -1.09538
-0.566625 3.09972 -1.93341 -0.279557
1.11387 0.000735 -0.213786 1.3584
-1.44912 0.035526 -0.22934 -1.42435
-0.482264 2.16874 -1.808 -0.218066
1.06708 -1.07261 1.39011 1.05992
-0.853704 0.731956 -1.19431 -0.878138
-0.48408 -1.00052 1.74098 -0.768293
-1.05753 -3.42601 13.9598 1.09012
2.0461 0.764513 -0.512976 1.88702
1.03516 -0.711855 1.59246 1.29795
0.450429 -2.34282 1.6951 0.311723
0.672836 -3.25166 2.82725 1.36979
0.200682 1.33772 -1.26881 -0.265486
0.970424 -0.831018 0.858015 1.08582
-0.57187 -0.913319 1.06917 -0.575476
-0.277749 -1.01297 1.15265 -0.37485
-0.989878 -0.499433 0.661771 -0.960573
0.810735 -0.653452 1.13134 1.63102
-0.790324 0.723795 -3.72714 -3.17505
-0.896347 0.652206 -0.875203 -0.898383
0.353464 -2.0664 2.91637 0.20996
-13.4214 -17.4011 18.3295 -14.4275
0.54673 -2.41725 1.82671 0.262599
-0.656655 -0.972322 0.85777 -0.631543
-1.12906 0.026591 0.36815 -1.71229
-1.22066 -0.452885 0.530232 -1.29499
-0.328563 -1.04287 1.6017 -0.585851
-0.834356 -0.726178 0.88268 -0.840183
-1.24644 1.16608 -1.44023 -1.35815
0.368403 -2.26554 1.73049 0.108806
0.999762 -1.2848 0.834036 1.11764
0.548351 -2.4925 1.3105 0.184862
2.99478 2.58342 -1.92144 0.931747
-0.294525 1.25533 -1.48033 -1.25785
0.017283 -1.50997 1.88978 0.072324
0.539496 -1.49337 1.22914 0.471451
0.610985 0.887975 -3.0562 1.35084
-1.2386 -1.14427 0.872882 -2.04443
-0.48186 1.28763 -1.94875 -0.272041
1.24134 -0.219221 1.43252 1.76246
-9.78013 -9.03015 8.37358 -10.911
0.105764 -8.17847 10.3833 1.01897
1.14577 -0.074104 0.109099 1.85159
0.755514 0.745947 -0.858995 0.932133
-0.560874 -0.993989 1.09061 -0.424346
-5.30469 -3.68156 0.045485 -5.55214
-0.546214 2.27974 -1.59457 -0.210369
-0.694093 -0.789581 0.83869 -0.756667
2.6426 -0.067579 -1.01247 5.34852
-1.0771 -0.151117 0.151117 -1.0771
0.688068 -2.31337 2.19742 0.403748
-0.660806 2.08508 -2.77313 -0.217379
1.0593 0.258547 -0.288352 1.60679
0.419983 -1.55401 1.11643 0.176037
-0.606049 -1.55795 1.04619 -0.939332
-0.781947 0.735265 -0.770426 -0.907376
1.27173 0.062145 -0.137522 1.3296
0.823868 -0.78093 1.60141 1.16127
0.809339 -0.805548 2.00315 3.36163
0.222175 -1.80854 1.36381 -0.376201
1.31799 -0.262681 -0.137368 1.81379
0.373381 1.28651 -1.10594 1.09691
0.845106 -0.757966 0.893981 0.919195
-1.11227 1.41833 -0.804046 -1.23185
0.548977 -1.99135 1.0786 0.491832
0.932773 0.560656 -1.32555 1.48901
-0.572724 1.22041 -1.22826 -0.15976
1.40223 0.052225 0.69967 1.4055
-0.442453 -0.954308 1.31907 -0.611891
-1.10625 0.152838 0.172337 -1.63693
-0.631607 0.881972 -1.20313 -0.994971
-0.52073 -1.55953 1.26876 -1.09864
-0.469887 -0.987275 0.992801 -0.618147
1.07571 -0.207222 -0.188135 1.84757
0.762284 0.827763 -0.922579 0.668799
2.62214 2.63393 -4.43773 3.90846
-0.523308 1.49769 -1.05777 -0.28668
0.506305 -1.97325 1.67916 0.441149
0.77537 0.761941 -0.986493 1.04939
-1.15949 0.400966 0.026078 -1.9155
0.435087 -0.969928 1.00248 0.415311
-1.29355 -0.360433 0.136743 -1.98378
0.279456 -1.6863 1.29068 0.031739
-0.854639 -0.792736 0.876669 -0.687273
-1.55735 -4.24523 4.04543 -2.68741
0.415486 0.985473 -1.47387 0.600373
-1.01589 2.79118 -3.59302 -0.655993
-0.462957 -1.02186 1.96056 -0.308933
-1.47854 1.654 -1.88179 -2.74009
0.704683 -0.80117 3.89484 3.26551
1.12928 -0.546228 1.11705 1.33435
0.404823 -1.79882 1.49985 0.035353
0.909774 -0.722334 0.930834 0.810085
6.43753 -2.69544 3.02345 9.35136
-0.462428 -3.868 4.88399 -0.397948
-0.74624 0.742579 -3.36881 -2.87537
0.523656 0.965751 -1.18705 0.697694
1.25233 0.176367 -0.177908 1.43745
9.24366 -1.2298 0.40711 11.4037
0.807057 0.664911 -0.711799 0.813547
2.23449 0.014387 1.411 3.30037
0.882517 -0.65881 3.39956 2.80241
0.403916 -1.50829 1.07373 0.376202
0.468517 1.25625 -1.0897 0.97531
-1.33814 -0.870311 0.931142 -2.11914
-2.19657 -0.17841 -0.126814 -2.05981
1.37994 -0.037006 -0.415873 1.55183
-2.16838 9.37959 -7.94194 -1.84882
0.54075 -1.51054 1.42358 -0.110036
0.368964 1.45407 -1.32445 0.676211
7.32222 1.11708 -1.56022 6.66147
-0.326975 1.47564 -1.85743 -0.276217
-0.831314 1.42195 -1.85018 -0.637373
0.893699 -1.52 1.16009 0.941369
0.951064 0.551686 -0.428974 1.4643
-0.513173 0.962741 -1.37231 -0.561667
0.13869 -2.20806 1.6809 0.060337
-0.453358 2.04255 -1.37599 -0.273642
-1.40236 -0.292465 1.41432 -1.52111
1.25194 0.156252 -0.476361 1.30406
0.634802 -1.00326 1.099 0.422242
-0.798691 0.840857 -0.85183 -0.765836
0.718296 -0.79171 1.72361 1.38428
1.68038 1.32464 -1.65848 1.69541
2.06295 -0.134934 -0.544934 1.95433
-0.739694 0.773807 -0.860688 -0.75423
0.558551 -0.953052 0.951897 0.629447
-0.14947 1.09279 -1.7846 -0.147116
22.0634 17.9846 -16.006 24.6848
0.996588 0.434179 -0.420607 1.47093
1.7193 1.419 -1.4664 2.30053
-1.14773 -0.401891 0.419652 -1.58039
0.656201 -1.10063 1.48391 1.10191
1.94592 0.229366 -0.418964 1.97829
-0.079321 1.4659 -1.09917 0.222878
-1.64168 0.09429 0.406929 -3.17617
-0.245984 -1.20419 1.75278 0.362806
1.1176 0.927444 -0.608613 1.78477
-0.524174 1.90276 -1.44124 -0.151291
-0.892697 -0.616655 0.544622 -1.30611
1.15045 -0.066782 -0.257608 1.65834
1.05455 0.865693 -5.32881 2.53829
-1.10399 -0.420387 0.56199 -1.65829
-0.993792 0.505339 -0.668119 -1.05994
0.426929 -1.16733 2.48324 2.73004
-2.1626 0.989219 -2.32945 -3.14127
0.242343 1.2501 -1.2557 0.757378
16.6396 -12.2104 16.298 10.5641
-0.565719 2.09473 -1.87237 -0.413922
0.573575 -0.920704 1.08523 0.762924
0.630232 -0.872226 3.86783 3.25353
-1.3851 -0.202455 -0.06533 -1.38832
0.633089 -2.5984 2.33722 0.097703
-0.206017 -3.50811 6.37457 0.220839
0.130329 -1.1629 1.07357 0.235812
0.466085 1.12568 -1.03691 0.801014
0.425455 -3.19718 2.88637 -0.118613
-1.10796 0.296218 0.009512 -1.33716
-0.673044 1.19537 -1.44029 -0.530742
0.994633 -0.454062 1.13415 1.62825
0.288027 -1.74169 1.08484 0.334453
-1.09757 -0.686231 0.79283 -1.32986
1.21795 0.106416 -0.315617 1.14385
-1.55088 0.617816 -1.33713 -2.22994
0.178602 -1.17061 1.47408 0.086397
1.10618 0.633901 -1.22304 0.978526
-0.841495 0.676362 -0.846918 -0.874529
1.04668 0.205474 -0.249926 1.03041
1.21159 -0.119463 -0.15273 1.8679
-0.592036 0.86489 -1.72643 -1.33118
0.741333 0.878142 -4.75693 2.26391
-0.615223 -1.6512 1.37811 -1.24565
-0.704118 0.775609 -1.43279 -1.1664
-0.239898 2.37959 -1.59354 0.154795
0.14237 -1.533 1.4086 0.233363
0.657228 -2.08421 1.60475 0.111687
1.36483 -0.807701 -0.098959 2.15406
-0.447546 1.54805 -1.00248 -0.502139
0.653837 -0.865086 2.90574 2.39969
-0.6281 2.34878 -1.7152 -0.216778
1.00368 0.475138 -0.504105 1.93084
0.633151 -1.24416 1.66065 -0.035117
-0.365937 1.7738 -1.35935 -0.032948
-1.03274 0.264113 -0.358451 -1.61274
0.010107 2.08848 -1.47603 0.013075
-0.442542 1.25713 -1.77088 -0.275416
-0.204827 2.02983 -3.82666 -0.359702
-0.441162 1.22366 -1.77697 -1.68319
-0.610768 0.921647 -1.0756 -0.518474
0.505405 -0.973358 3.80594 3.18058
5.7952 9.51262 -9.67533 4.7938
-0.457162 1.94056 -1.82088 -0.204597
-2.08811 -0.923157 0.689749 -2.34338
-0.448214 0.952253 -1.13932 -0.440442
-0.428197 -1.00658 1.03881 -0.404163
0.172225 -1.54603 1.28389 0.088023
-1.03326 0.339156 -0.873863 -1.68076
-1.32164 -2.20022 2.99905 -1.44982
-2.10289 9.1208 -5.17701 -0.16211
8.44305 -1.97141 -1.8598 14.3596
1.20404 1.00868 -1.29021 0.743029
0.306607 -1.32436 1.44131 0.139298
-0.406359 2.6794 -6.30876 -0.755939
-0.882415 0.611943 -0.655338 -0.885967
-0.574056 -0.916563 1.51062 -1.42714
0.824718 -0.708885 0.955038 0.858879
-0.52086 -0.969603 0.995014 -0.455117
0.16705 4.68517 -4.06903 0.3862
-0.4117 2.1818 -1.28278 -0.269097
0.640889 -0.829363 3.87587 3.16439
5.91023 0.911425 -1.25807 5.28486
-1.02757 -0.358886 0.49233 -1.09984
-0.984854 0.520439 -0.418605 -1.19335
1.114 0.79398 -1.69904 0.712167
-0.6915 -1.22441 0.811533 -1.01665
0.573301 -0.896457 0.96575 0.586196
-0.466504 -1.48277 1.73837 -0.187462
-6.01256 9.34441 -6.02455 -7.42194
-1.44206 0.328976 -0.726422 -1.414
-0.661025 0.835948 -1.53609 -1.17101
-1.48959 -2.03257 2.56959 -1.75514
0.642455 1.40799 -1.1167 2.33398
0.137521 1.08955 -2.84248 -0.288908
-0.284294 2.40306 -1.72192 -0.196442
-0.377006 -1.00075 1.01801 -0.491946
0.590214 -1.09547 1.14326 0.573563
-0.4738 -0.954165 2.61164 -1.2717
-1.31001 -0.199996 -0.021146 -1.3051
-4.7102 5.96821 -5.29244 -2.56995
-1.62627 1.04406 0.698867 -2.36472
-1.90809 0.333255 -1.36967 -2.58285
-1.48545 1.07702 -3.72764 -2.812
1.08092 0.237476 -0.298799 1.04747
-0.567396 -0.86807 0.947138 -0.676576
-1.50099 0.944298 0.755953 -2.57223
0.777447 0.757358 -1.1459 0.959312
0.45082 -2.23768 1.8951 0.363004
0.597958 0.967809 -1.11586 0.5508
0.372309 2.23823 -1.62156 0.258806
0.694945 -1.79248 0.967785 0.746716
-1.35313 -0.249189 0.24806 -1.21635
2.30514 -0.325463 -0.478974 4.58476
-7.50159 0.344699 3.20825 -13.4061
0.820588 0.712823 -0.792517 0.784001
0.25737 1.47692 -1.20472 0.684209
3.03348 0.411968 -0.66561 2.74949
0.11451 -1.36469 1.35313 0.07491
-1.15941 -0.398383 0.420464 -1.48387
1.40878 0.152449 1.23896 2.64965
-0.327071 1.25607 -1.23786 -0.096829
1.03012 0.233911 -0.261361 1.63844
-0.904819 0.634139 -1.17379 -1.08727
3.35692 -7.08414 8.62515 3.44227
1.01251 -0.514628 0.430113 1.37196
0.604508 -4.33633 3.43022 0.277182
-0.493981 1.73506 -1.52048 -0.01581
0.386004 -1.39866 1.57272 0.894444
-0.920362 0.611166 -0.730363 -0.882845
0.98184 -0.544779 3.30002 2.72611
1.90183 -0.901837 0.840866 1.27047
0.698924 -1.42338 1.49183 1.20558
-1.61562 0.598378 -1.20865 -1.3563
0.561667 -0.905725 1.2933 1.02643
-1.40038 0.527806 -1.35439 -2.191
-0.832102 -0.94475 1.09786 -0.609425
-0.619775 2.15341 -2.20369 0.016773
-0.847752 0.813576 -0.656044 -1.33107
1.34933 0.282229 -0.399016 1.23861
0.175275 -1.059 1.19056 0.116384
0.685715 1.43583 -1.19229 0.909616
-0.90327 0.56527 -0.681711 -0.99149
-0.727976 -1.02841 2.37748 -1.19358
0.238657 -3.88585 6.23229 0.4959
-0.319578 1.14342 -1.09369 -0.176199
-2.89434 41.3074 -58.9231 -3.54397
0.014516 1.30954 -1.35686 -0.528038
-1.30926 -0.323619 0.360432 -1.32788
-1.18186 0.336004 -0.853714 -1.78318
-1.92141 1.18697 -1.06165 -1.45283
-0.722054 0.758669 -3.52085 -2.96353
-2.98741 1.6338 -1.16875 -3.09173
0.353472 1.09957 -1.69293 0.206114
-0.479826 1.34613 -0.961472 -0.535412
-0.532259 -1.1224 1.54846 -0.695144
2.03357 0.261985 -0.436627 2.20755
2.00969 0.266464 -0.31871 1.79653
-2.92559 -0.121287 -2.44419 -4.33946
2.05101 -0.019634 -0.632738 2.06799
-0.253087 1.22989 -1.08392 -0.11454
-0.370086 -1.23693 1.93434 -0.095992
-1.91943 -0.50481 -0.012615 -2.00231
1.11077 0.046553 -0.317027 2.05516
-0.583685 0.867444 -3.87673 -3.25224
-2.68075 4.87227 -5.63349 -1.90388
-0.59796 2.33983 -1.40758 -0.027973
1.2905 1.48168 -2.05005 1.1376
-1.02175 0.204291 -0.194804 -1.37466
0.984563 0.404189 -0.528867 1.26239
-1.20369 0.254397 0.126024 -2.03536
0.123449 -4.23127 4.64506 0.193392
3.02627 -3.97652 5.91197 2.08196
1.03339 1.22636 -0.706184 1.3473
1.98607 -1.90683 2.54949 1.83205
0.528564 1.17096 -1.25878 0.191032
1.4744 -0.304361 -0.133343 1.93991
-0.366486 1.00668 -0.9977 -0.362442
-0.246109 1.02305 -1.59463 -0.185829
1.16783 -0.319504 -0.140884 1.78425
-1.11466 1.08273 -0.572427 -1.31228
-0.260125 1.68698 -1.48206 -0.041835
0.103278 -1.23031 1.22584 -0.214082
1.0652 0.260298 -0.378152 1.93797
-0.583258 1.11558 -1.29693 -0.247274
-0.976873 -0.433529 0.683637 -1.31765
-0.233588 -1.28975 1.57254 -0.21709
-0.323273 1.65605 -1.91802 0.319216
-1.59287 0.075724 -0.645136 -1.28679
0.285714 -1.54429 1.81743 0.221462
-1.79383 2.69288 -2.73301 -1.4004
1.11221 -3.69183 5.68379 0.806813
1.14191 -0.241708 0.008825 1.16199
0.417126 1.96931 -1.54135 -0.797845
-0.128664 -1.05176 1.06834 -0.179224
1.82072 -0.233626 -0.533487 2.77517
-1.27999 4.83233 -2.39128 -1.02915
-0.188348 1.14955 -1.05131 -0.12204
0.59897 -1.34134 1.35871 0.034521
7.59458 -7.84579 21.0183 5.05032
0.696107 0.894926 -0.952647 0.565338
-0.936136 5.28021 -6.57459 -0.573636
0.339848 -1.28913 1.45456 0.026432
0.095076 1.22801 -1.10691 -0.003312
-1.36917 -0.072317 0.374656 -1.33847
0.226042 1.2648 -1.70363 -0.248667
-2.09291 -0.478691 0.466704 -2.63426
-1.91863 7.77571 -14.4473 -7.47365
0.173793 -4.07744 4.07744 0.173793
17.3261 -11.8938 30.8002 23.3955
0.43171 1.65904 -1.16781 0.641535
-1.69224 -0.008275 0.003404 -1.63259
-1.60269 1.18452 -1.26125 -1.16171
-0.853593 2.87673 -2.01348 -0.267229
0.048666 -1.28385 1.62519 -0.043092
0.732181 -0.908318 0.88651 0.914267
3.56653 0.720742 -1.13499 3.62946
-0.591142 0.988981 -0.928724 -0.487559
-0.516538 -0.962328 0.98632 -0.477293
-0.293634 1.95629 -1.12199 -0.05309
-0.636292 2.26221 -2.34953 -0.318593
0.294696 -1.47243 1.20776 0.1113
1.47803 0.743467 0.032109 1.61439
-0.728318 14.2415 -12.0821 -0.693842
22.5695 16.581 -14.2971 14.6358
-7.77908 -3.94022 3.44002 -5.75015
-1.48723 -2.35377 1.67217 0.234928
1.62931 -3.72405 12.9371 1.6369
-0.373003 1.41805 -1.27215 -0.195055
-0.434211 -1.03001 1.06572 -0.331012
0.17881 1.18869 -1.8203 -0.320896
-0.684956 0.826052 -3.85851 -3.26556
1.35592 0.261464 -0.436437 1.54926
-0.352188 1.72782 -1.6847 -0.253075
-9.62494 -8.42087 11.7996 -6.83382
0.871447 -0.624312 0.905116 0.957508
14.9158 75.4095 -108.487 5.05914
-2.10985 9.20302 -5.36809 -0.170657
0.450449 -2.24052 1.17891 -0.060429
0.59786 -0.947207 3.89462 3.24096
1.04891 0.260165 -0.333506 1.1012
2.30843 0.99146 -0.399189 1.36861
-1.06533 -0.053193 0.282041 -1.48179
1.01079 -0.506918 0.676459 1.18158
-5.51506 4.78128 -5.06294 -4.77099
1.45427 -1.33375 2.32156 1.88367
0.25441 1.05067 -1.39626 0.537554
0.701276 -0.884272 1.04018 1.06117
0.730916 -0.794598 0.839881 0.72284
0.893721 -0.715565 0.91111 0.794285
1.64908 0.223394 -0.268405 1.67585
0.04225 1.06352 -1.23013 -0.015897
1.35007 -0.407378 0.08258 2.14468
1.45376 -0.242303 0.092119 1.70007
-1.63596 0.468676 -1.83528 -2.14415
0.538277 -0.905421 1.12457 0.898107
-1.08077 0.423059 -0.289653 -1.81696
-0.271484 1.82281 -1.34375 -0.082734
7.5204 2.07769 -4.30568 14.1343
-1.03073 -0.380939 0.614292 -2.45334
-1.06844 -0.267789 0.288036 -1.02587
1.87149 -2.7692 1.5814 2.62284
-0.478396 -1.14383 1.60016 -0.628963
1.12701 -0.102509 -0.135351 1.37119
1.23072 -0.277578 0.294151 1.59018
-0.587297 -0.916572 1.44075 -0.70043
1.39832 2.16857 -1.98715 1.70979
-0.472987 -0.964088 1.20421 -0.501632
-2.12574 -1.42823 1.15832 -4.16974
0.346578 -1.55234 1.58509 0.213623
-1.34991 2.97001 -3.03173 -0.857662
-0.520835 -0.922988 1.47626 -0.724826
0.05348 1.20199 -1.17892 -0.206043
-0.886576 -1.25043 1.83632 -0.893514
1.25735 -0.662417 0.786704 1.23051
-0.321189 1.11916 -1.32606 -0.199337
0.745234 -0.76683 3.92125 3.2552
2.06593 0.522442 -0.066999 2.68081
1.12812 0.117887 -0.228328 1.17121
-0.607091 -0.926577 0.926577 -0.607091
-6.43958 -0.104055 0.686586 -8.63471
0.870292 -0.784908 0.784046 1.08163
2.30582 -1.91933 4.11837 0.632366
-0.013063 1.36461 -1.43388 -0.654739
-1.13691 -0.026556 0.017223 -1.06806
0.892644 0.619606 -0.915621 1.3457
-1.04169 -0.252842 0.389318 -1.8188
0.037831 -1.86021 2.23349 0.096541
-0.830804 -1.08562 0.711008 -1.17684
-0.415725 1.35649 -1.36821 -0.129267
-0.514315 2.07799 -1.38999 -0.210916
-0.357558 1.30083 -1.32235 -0.113738
1.07476 0.284156 -0.310671 1.39287
-0.829574 0.684903 -1.16685 -1.09093
0.477866 -2.52696 2.44505 -0.033493
16.5314 -13.5866 18.8607 16.0797
-1.09472 0.358646 -0.805214 -1.57097
-0.090175 1.89108 -2.12156 0.068665
-0.166848 -1.13976 1.17907 -0.336492
1.22774 -0.983571 1.53967 1.25827
-1.03945 0.425903 -0.288229 -1.2188
1.24485 0.175478 -0.238994 1.34575
1.16868 -0.609109 0.191251 1.52769
-0.866746 -0.662395 0.727979 -0.984691
5.42832 -6.32728 5.13627 9.26365
-0.76648 0.742822 -3.7226 -3.15469
-0.979462 0.652505 -0.967789 -1.32172
-0.552196 -0.909223 1.02133 -0.510769
-1.27627 3.09491 -4.42373 -3.19629
-1.15818 -0.992522 1.05255 -1.84236
-1.72686 5.95925 -7.77557 -0.681719
0.984577 -0.526781 0.57163 0.929438
0.848051 -0.679557 3.13778 2.5805
-0.495215 1.28913 -1.48903 -1.70018
0.880549 0.974651 -0.781665 1.24931
1.42118 -0.589845 1.30165 2.31567
0.829639 -0.691171 3.4513 2.83178
1.03048 0.34321 -0.482635 1.24153
0.007984 1.08116 -1.08624 0.060326
0.634108 -1.12201 0.915073 0.727803
-0.75093 0.76126 -1.62264 -1.33017
-1.16426 -2.00004 1.43777 -0.775109
0.539843 -3.8722 3.50268 0.82007
-1.69442 -0.708828 0.874038 -1.60399
0.422367 -2.09457 1.97188 0.154206
-0.658106 0.923727 -1.06934 -0.523514
-0.072256 -1.39636 1.51512 0.113095
-0.3579 1.94988 -1.30967 -0.198733
2.09486 -5.77664 5.91168 3.28795
-0.842625 -0.714136 0.8471 -0.766255
0.912656 -0.766623 0.798255 0.76001
1.27333 0.674381 -0.918451 2.1309
1.58356 0.520602 -0.334004 1.43238
-0.19524 1.28474 -1.61006 0.565367
-1.04941 -0.189917 0.372178 -1.62877
-0.998995 -1.52675 1.69704 -0.46873
1.89429 -1.5973 2.45522 2.57086
0.512315 -0.932046 1.05473 0.605363
0.122054 1.34691 -1.28847 -0.253013
-0.057035 -1.31908 1.06359 -0.209526
-2.59699 -0.397536 1.72019 -4.80415
0.878241 -1.04483 1.10711 0.701903
1.12597 1.2102 -0.659752 1.45873
-1.44887 -0.110537 0.462161 -1.35919
-1.14397 -0.171175 0.113591 -1.07828
-0.500435 1.5477 -1.11488 -0.513574
-0.837556 0.689878 -1.44665 -1.33765
-1.23507 -1.06359 0.977062 -1.13451
-7.44815 -8.58876 3.221 -16.3081
0.27467 -1.35732 1.20229 0.391372
0.352068 1.29868 -1.0615 0.768626
1.01353 -0.447425 0.695484 1.04354
-0.508005 -0.967855 1.87371 -1.00398
0.174665 -1.76739 1.80259 0.067543
0.507404 0.941848 -2.27507 1.07787
1.37523 0.026914 -0.307225 1.35921
-1.42495 -0.25396 0.219996 -2.19213
1.11457 0.164588 -0.199055 1.12715
-1.04642 -0.643927 0.950675 -1.72246
-0.33729 1.5282 -1.44998 -0.242895
0.586889 -2.89497 1.79423 0.233231
-0.476891 -0.95442 1.02619 -0.536623
0.917662 0.746814 -1.19058 0.981618
0.67569 -2.53052 2.54919 0.308645
-1.02969 0.244419 -0.410753 -1.4009
1.52387 0.202019 -0.573556 2.12247
-0.818483 0.708407 -1.27462 -1.10315
0.482644 0.973682 -1.52597 0.640734
-1.12977 -1.73973 1.74111 -1.17336
1.081 2.18868 -1.769 0.414726
-1.63596 -0.034883 0.030221 -1.57246
0.240167 -1.04891 1.37333 0.228191
-18.6887 -9.64027 3.08767 -30.2993
-0.383236 0.992712 -1.57867 -0.359834
0.849483 -1.138 0.671154 1.00538
-0.018085 -2.28494 3.69419 0.331707
0.899861 0.615305 -0.684018 1.12743
1.10333 -1.24626 2.2068 3.64595
0.740309 -0.754874 3.41669 2.87784
0.072449 -1.25689 1.82453 1.13434
0.870458 1.88233 -1.88233 0.870458
1.37252 0.28113 -0.393782 1.52908
0.656653 0.880204 -0.834764 0.793168
-0.941351 0.562988 -0.625447 -0.915529
-0.252254 -1.85255 3.50413 0.102024
-0.835398 0.707311 -0.707311 -0.835398
39.8035 -81.6608 102.271 34.8065
1.04262 -0.891389 1.40391 1.88536
0.929999 -0.534502 0.534502 0.929999
0.583129 1.15504 -2.44897 1.11994
0.393914 -1.66179 1.3206 0.062601
1.07925 -0.119017 0.09696 1.03931
-1.06146 0.678044 -0.851585 -0.875405
-1.31205 -2.39756 2.19331 -1.5311
-0.259727 1.05906 -1.04582 -0.357797
3.85655 -2.51946 4.44157 4.84118
-0.648027 1.35632 -0.961663 -0.909365
3.90026 -4.3794 7.72892 1.32589
-1.10208 0.265901 -0.777239 -1.47866
1.36307 0.110303 -0.432398 1.96813
-0.292918 -1.07145 1.7574 -0.127431
0.992815 1.79651 -2.16153 1.31572
5.08621 -3.19118 5.13839 4.57429
0.083559 1.83305 -1.71306 -0.029556
0.588538 -0.908065 4.01455 3.37635
-1.14531 -0.145989 0.255514 -1.24498
-1.1719 -0.309288 0.032224 -1.21938
0.498326 -1.39196 1.52295 0.258564
1.40182 -0.297779 -0.097527 2.31903
1.13644 0.083402 -0.282461 1.137
-1.26095 0.019208 0.379458 -1.99333
-0.732606 0.761359 -3.41835 -2.87613
4.05067 -0.306039 -1.15445 6.82641
0.642772 -0.926238 1.14232 0.85623
0.576714 -7.9254 10.8994 0.99525
0.63272 -0.859521 2.69425 2.26137
-0.88635 -0.636404 0.733445 -0.889068
-4.68195 -1.94023 2.65952 -8.15825
-1.12779 -0.965668 0.746721 -1.95783
-0.511647 1.71453 -1.83663 -0.36825
1.07517 0.183866 -0.247834 1.36751
1.01045 -0.375945 0.49303 1.25121
-1.25184 0.600839 -0.702193 -1.22397
0.780816 1.44 -1.47345 0.468286
-2.98689 5.16026 -5.57075 -3.11783
-0.71306 -1.1583 1.21932 -0.303988
-1.16352 -0.243825 0.347153 -1.77615
-0.987069 0.523198 -0.421499 -1.19454
-0.584396 -1.24829 1.05201 -1.24971
-0.238719 -1.25057 1.1088 -0.530416
-0.931455 -0.542563 0.875163 -1.76758
0.629929 -0.856652 2.76059 2.34493
0.38261 -2.09254 1.51106 0.899496
0.072372 -1.09203 1.33853 0.065445
0.673647 -0.838661 2.71099 2.27302
0.444494 -1.22091 1.40929 0.214948
0.508305 1.01347 -1.27217 0.490496
1.08899 -0.312635 1.23415 1.87383
0.865243 0.995649 -1.55671 1.27405
0.855546 -5.40021 8.44106 0.825445
1.36044 -0.455879 -0.084718 2.03844
0.967726 0.359643 -0.425417 1.1735
0.470664 -0.984565 3.31314 2.75591
-0.928893 0.548508 -0.751427 -1.11746
-0.689921 3.50011 -1.59967 -0.133812
1.27509 -0.073141 -0.349334 1.2902
-0.189365 1.77488 -1.22415 -0.064391
0.837461 2.87143 -1.95111 2.66213
-1.18912 -0.143945 0.250113 -2.02967
-0.059225 -4.67906 8.99312 1.27059
2.47181 0.899782 1.57828 2.70336
0.948039 -0.766143 1.14978 1.63869
0.694124 1.188 -1.01432 0.433019
-1.83037 1.17376 0.6545 -2.05873
-1.07482 -0.116228 0.327618 -1.49193
-1.01021 2.6028 -2.73707 -1.12426
-0.600157 -1.03161 0.89956 -0.799188
2.30847 0.513366 -3.37044 3.06587
-0.718287 0.795338 -1.61108 -1.28043
-0.860459 -1.88653 1.56249 -0.527489
-1.10468 -0.181383 0.30767 -1.93706
0.511236 -2.66862 1.31938 0.263419
-1.14353 -0.765453 0.882027 -1.85223
-0.75976 -0.854497 1.14186 -0.661415
-1.15851 -0.386494 0.126638 -1.22316
0.522207 -0.935391 3.86341 2.99649
0.608321 0.872484 -1.024 0.756019
-0.642133 2.598 -2.33475 -0.107762
-0.1526 -1.91802 1.59678 -0.426083
0.910101 1.31255 -1.13523 0.672282
0.020096 -2.00957 2.21313 0.040775
1.49288 -4.00523 2.14631 1.93233
1.07397 0.180265 -0.319975 1.85121
-0.966833 -0.487695 0.610176 -1.01135
-2.13487 -1.00487 -0.092583 -1.56778
-8.52644 -12.5801 12.6266 -8.31386
-0.34566 1.03781 -1.11073 -0.309874
0.395304 1.93958 -1.41456 0.845797
0.682896 -2.45297 1.43776 0.448652
3.12324 -2.31639 1.54232 2.40937
2.1882 -9.84011 9.19506 2.05073
-0.89639 0.68957 -0.930554 -0.822877
6.05907 0.879737 -1.4867 5.15654
0.080965 2.03448 -1.82504 0.764696
-1.06153 0.557149 -0.555049 -1.75866
2.12941 -2.10489 2.97934 2.33764
0.502185 -2.34268 1.84758 0.193244
-1.05065 -0.419029 0.39913 -1.77187
1.19786 0.786945 -1.17828 0.781272
-4.57389 0.088553 0.844491 -7.25082
1.64437 0.080169 -0.395594 1.69009
1.38833 -0.440967 -0.019921 2.22741
0.344633 -1.11215 1.76547 0.058021
1.09302 -0.312626 0.278928 1.78281
-1.34479 -0.179048 0.200268 -1.40366
-1.03283 -0.46364 0.630255 -1.76983
0.183354 -1.39253 1.45503 0.277864
-0.656964 0.858523 -1.14361 -0.999103
0.616833 1.27932 -2.07501 0.930868
0.873746 0.777714 -1.18426 1.70428
-0.732843 -1.2297 1.32424 -0.540878
-1.05006 -0.687257 0.939695 -1.17297
-0.357121 1.08257 -3.07121 -2.45506
1.07235 -0.409567 0.742542 1.10802
-0.678381 2.6642 -2.91077 -0.311155
1.4243 -0.501096 -0.073488 2.09965
0.917801 1.48561 -1.05631 1.77379
0.138061 -1.09372 1.15099 0.205475
-1.39014 -1.56035 1.10828 -1.31444
1.64752 1.75741 -0.571641 2.56191
0.977306 -1.71539 1.95957 1.48121
-1.16139 -0.250577 0.306559 -1.05892
0.891241 0.781303 -0.901144 0.726286
-0.39149 2.00456 -2.12767 -0.395765
-0.963193 0.582377 -0.714847 -1.58878
0.015593 -1.2086 1.21752 -0.215111
1.12494 0.768785 -0.071109 2.08374
0.091602 -1.05738 1.2367 0.257236
2.67619 -1.22666 1.10796 2.84718
1.91535 -0.795591 2.03934 1.19533
0.233 -2.14442 2.18573 0.457575
9.68144 1.43448 -2.60376 10.8521
1.14211 2.28781 -1.69962 0.346775
-0.680406 1.5215 -0.999428 -0.997283
0.746441 1.02138 -1.03878 0.954625
1.12269 0.133496 -0.203348 1.12917
-0.539818 1.60071 -1.94696 0.315334
-0.254679 1.24911 -1.84487 0.511431
1.52205 -0.459801 0.898827 1.66419
0.95106 0.867247 -0.494532 1.29674
2.0256 0.021241 -0.326983 2.34629
-0.852003 -0.671103 0.828678 -0.890359
0.516895 -1.20377 1.19477 1.06604
1.1579 0.224634 -0.748799 1.30803
-0.577286 -0.994072 0.982256 -0.554645
0.172542 -4.27827 4.34531 0.840515
-1.04166 -0.293926 0.4026 -1.31311
1.14107 0.086467 -0.227145 1.52531
0.095603 -1.39689 1.12443 -0.197335
-0.481823 2.14773 -1.51962 -0.057183
-0.43205 1.01359 -1.29384 -0.550941
0.82983 -0.637959 0.773077 0.86746
-1.55074 -6.95919 8.51774 -0.537345
0.618831 -0.840563 3.93305 3.30208
6.60869 -3.93725 5.59302 5.76342
21.551 -14.9199 21.2161 15.5612
-0.534248 1.40984 -1.24262 -0.130319
-2.30461 -0.064706 -0.026386 -2.04304
-1.07851 0.857803 -1.43031 -1.10275
-1.41287 11.7596 -9.64754 -1.66978
1.78629 1.0369 -1.56971 2.04734
-0.222028 2.02943 -1.36258 -0.379991
-0.215108 1.20621 -1.85102 -0.151755
-1.17729 -0.254548 0.182177 -1.25173
-0.830803 -0.67278 0.884418 -0.850227
0.816064 -0.694686 2.57941 2.95508
0.294069 -1.63931 1.42943 0.187815
-1.07928 0.900055 -0.921586 -0.845975
-1.10647 -0.235176 0.302939 -1.53661
0.97408 0.572997 -0.546967 1.69771
-0.96543 -0.513836 0.683252 -1.12492
-0.505562 1.27944 -1.40138 -2.06222
0.507649 -2.09093 1.68376 0.336954
0.318432 -2.13085 1.17654 0.040826
0.29302 -6.60589 8.48087 0.399584
0.724403 -0.780775 0.847054 0.76114
-1.20905 -0.100051 0.404601 -1.52917
-0.870768 -0.634925 0.780122 -1.09338
3.52818 -1.68484 0.981259 0.947001
-0.657045 -0.976093 2.81751 -1.40487
-0.024622 -1.71419 1.47325 -0.348788
0.370917 -2.0942 1.69933 0.222373
-1.10174 -0.369691 0.272412 -1.06181
3.24984 1.44659 0.028753 3.50679
2.26575 2.06719 -2.3045 1.64897
0.648228 -1.2511 0.846497 0.983621
4.24582 0.74002 -0.517015 4.78913
-0.298198 2.06842 -1.7093 -0.237145
0.825164 1.79688 -1.39062 0.240213
0.800372 -0.679784 0.801065 1.06074
-0.10879 -1.18 1.19052 -0.428608
0.101761 1.07889 -1.26209 0.273201
1.52579 0.235026 1.01203 2.06767
0.442654 -1.13899 1.34887 0.155658
0.374248 -1.01521 1.17855 0.652023
-1.31779 -1.3018 1.38287 -1.39788
0.249086 1.07612 -3.33158 1.43358
1.13625 -0.200275 1.22312 2.11671
1.07665 0.345722 -0.816423 1.41269
-0.584724 -1.19284 1.07229 -0.642503
1.15698 -0.451785 0.295653 1.51484
-0.818577 -0.691782 0.779345 -0.808487
-0.28114 1.03254 -1.24275 -0.359324
-1.3504 0.186809 -0.484089 -1.26512
1.46399 0.283552 -0.333179 1.39322
-0.686924 2.63487 -1.79167 -0.269861
-0.83501 -0.723629 0.828471 -0.797511
1.24334 -1.43382 1.55909 1.51205
-1.11484 0.231331 -0.517487 -1.24312
1.33307 -0.480194 1.30518 2.03095
0.516615 -0.942972 1.06253 0.675025
-0.001939 -1.54777 1.40509 -0.340987
-10.8968 -3.48841 2.90781 -10.0649
-0.98244 0.482392 -0.522017 -1.09201
-0.699031 0.808887 -0.801355 -0.782478
-0.138866 1.07933 -1.57981 -0.186331
-0.69844 1.00341 -1.43311 -0.79795
0.957755 1.34045 -0.85209 1.3208
-0.503198 2.75848 -1.72945 -0.312021
-1.58964 -0.239523 0.33709 -1.58798
0.767267 0.75196 -0.917794 1.00279
0.195471 -1.33196 1.33196 0.195471
-1.47765 -0.962169 0.944719 -1.77836
1.14537 -0.682443 0.705117 1.11245
0.61577 -3.0785 1.5406 0.350711
0.3306 -1.01065 1.09402 0.34565
1.06531 -0.768188 0.798671 1.26411
1.42366 -0.444934 -0.026576 2.10711
0.094202 -1.2432 1.22865 -0.10935
-0.626321 1.13549 -1.35973 -0.497448
0.39998 -1.00228 1.02229 0.373886
1.14417 0.181672 -0.315949 1.44223
-0.16757 1.12793 -1.14155 -0.32111
1.70247 0.041623 0.719235 1.9559
4.78592 0.768183 -2.50555 2.50245
-0.843743 0.663831 -0.770318 -1.18516
-1.88752 -0.367637 0.443457 -2.02093
0.627804 0.874936 -1.36056 0.730768
0.326419 -1.85398 1.26607 0.190488
-1.49012 -0.029542 0.032259 -1.11735
0.933573 0.609831 -0.712113 0.885438
0.781798 1.77485 -5.24043 2.78898
-1.10626 0.848398 -0.921658 -0.816496
-0.345686 1.84453 -1.27935 -0.00302
-1.01196 -0.32708 0.498605 -1.44777
1.10489 -0.696155 0.748353 1.00778
0.859547 -1.3413 1.26376 0.823712
1.10768 -0.919949 2.95072 1.76665
2.3679 0.296477 -5.39295 4.90247
-1.29389 1.08096 -2.65949 -1.90203
0.164445 1.10872 -1.44365 0.161323
1.05491 0.301045 -0.396729 1.89681
-0.345029 -1.14738 1.10204 -0.166827
-1.35776 0.028168 0.18934 -1.82447
-0.446898 -1.03527 1.34224 -0.860705
-2.43152 -0.302486 -0.065518 -2.09679
1.17712 0.121271 -0.287384 1.50587
1.10331 0.309573 -1.49041 1.92842
0.807325 -0.658475 0.81127 1.04718
-0.444837 1.89745 -1.1261 -0.305698
-1.08504 0.51851 -0.778326 -1.24904
0.560801 -0.991041 1.16199 0.807763
0.009889 -1.17334 1.43761 -0.215367
0.651641 0.956501 -1.39981 0.803979
-1.13432 0.462202 -0.179717 -1.28896
0.423108 1.12892 -1.05142 0.676975
0.917854 -0.874906 0.974109 0.963449
0.981195 0.468857 -0.655122 1.07658
-0.241671 1.29631 -1.30815 -0.243205
1.20773 -2.16923 3.67104 2.57915
-0.475739 -1.21406 1.28079 -0.422878
-0.670704 0.834333 -3.92705 -3.3264
1.21014 -0.461975 -0.048143 1.91503
-0.805059 -0.722094 0.828893 -0.829874
0.975037 -0.560431 0.67376 0.929703
-1.07291 -0.072011 0.335895 -1.72125
-0.927248 0.555044 -0.649619 -1.21961
-1.02719 -0.202206 0.314863 -1.61333
-0.995573 -0.451074 0.570678 -1.52893
0.233661 1.26542 -1.12445 0.523205
-0.163569 1.27118 -1.46964 -0.097431
0.226765 2.06631 -1.95406 1.04226
-2.15616 2.1721 -1.16373 -3.13525
0.204458 -2.34169 1.50142 0.074279
-0.957798 1.94027 -1.90666 -0.270127
-0.96597 0.842725 -1.30616 -2.01117
-0.920423 -0.543265 0.543265 -0.920423
0.177763 1.06752 -1.31267 0.448653
-0.674101 0.988728 -1.04396 -0.611524
-1.12988 1.63111 -2.559 -0.436723
-0.069459 -2.10038 1.77086 -0.462278
-0.240311 -1.06192 1.36771 -0.370346
1.03783 0.193208 -0.33742 1.8262
0.334249 -9.06596 8.49236 0.417456
0.831925 0.87724 -0.670596 0.977917
-1.05117 -0.549279 0.389285 -1.25566
0.83324 0.68301 -0.701064 0.818489
0.918552 -14.3161 11.8843 1.11092
-1.33241 3.35215 -6.23717 -1.05768
-0.306673 -5.43466 10.5198 1.59083
-0.710273 0.871248 -0.959084 -0.584507
0.887823 1.08967 -0.705975 1.14164
2.65066 -0.858697 0.957279 2.49941
-0.759487 0.758718 -3.90237 -3.30406
0.778308 0.862985 -1.39371 0.717425
-0.628904 2.30044 -1.73203 -0.220098
-1.29072 -0.468785 0.36948 -1.28753
0.981331 0.68206 -0.544355 1.68964
2.61364 -2.14818 3.22161 2.35567
0.758216 0.876648 -0.779948 1.15829
0.560034 0.946427 -1.30436 0.544958
-0.218403 -1.26899 1.08152 -0.150964
-1.37842 0.195894 0.345352 -2.2185
0.179953 1.57099 -1.13511 0.703909
0.180654 -1.07273 1.66668 0.042432
-0.945614 0.554224 -0.720741 -1.01334
-0.545465 -0.940063 1.2108 -1.1521
-1.49946 -0.198254 0.533977 -2.48577
-0.535268 -1.23844 1.31945 -0.540774
0.06899 -2.82665 2.91672 0.22039
0.693332 -0.81468 3.97556 3.30582
-1.26045 -0.231233 0.185605 -1.22476
0.51152 0.971193 -3.6978 1.68662
0.313649 -1.52335 1.21474 0.6429
-1.12808 1.0946 -0.275881 -1.66045
1.03186 1.41176 -1.73388 0.452281
-0.557141 -0.908747 1.29014 -0.92738
-9.7433 -0.402763 0.373168 -11.8708
1.1758 0.194644 -0.379774 1.08403
-1.1853 0.341441 0.044747 -1.55332
0.860471 -0.618816 1.42674 1.30312
-0.135466 -1.09326 1.26693 0.006444
0.375142 -1.44652 1.31077 0.219525
-0.051052 -1.27512 1.15363 -0.233117
0.605859 -0.864759 2.85283 2.38493
-0.953251 0.552426 -0.674935 -1.12538
0.701363 -1.353 1.03666 1.22007
1.06414 0.27923 -0.339537 1.28464
0.206466 -2.14064 1.70528 0.285441
-0.569864 2.61319 -1.76657 -0.205959
1.62358 -1.52494 0.620623 2.15169
-0.133264 1.20914 -1.66873 -0.356576
0.845865 -0.669297 1.46253 1.26156
0.311401 1.06358 -1.25398 0.146406
0.2948 1.20846 -1.13438 0.526585
-1.31237 -0.634927 0.010071 -1.36152
1.72332 -0.348064 1.33382 1.48817
3.0594 -1.32256 0.813596 1.08711
0.592172 -0.918634 4.01035 3.34861
-0.433814 1.08244 -1.99688 -0.277786
-2.58827 0.464766 0.441316 -4.00719
1.17012 -0.08441 -0.166149 1.50757
0.797693 -9.56125 9.56125 0.797693
0.267562 -1.91812 1.5265 0.20146
-6.27773 -0.233075 0.63108 -8.06717
0.106752 -1.24461 1.95533 0.060434
1.06928 -0.592079 0.767913 1.15791
-1.43777 -1.32383 1.12955 -1.10032
1.29919 -0.045191 -0.376329 1.41513
-0.280723 -1.10255 1.41705 -0.883391
-0.375929 1.2711 -1.24404 -0.267073
0.15431 -1.36155 1.23743 0.176923
0.351899 -1.00289 1.4135 0.396832
-0.984489 0.379676 -0.428823 -1.55454
1.31574 0.295414 -0.535326 1.81153
0.565389 -1.44324 1.16981 0.548945
0.25817 -1.11689 1.46704 0.269724
-0.65359 -0.99958 0.876031 -0.972107
-0.340331 -1.23345 1.20559 -0.893685
0.94338 0.552946 -0.518529 1.82817
-0.154391 -3.63643 2.58701 -1.27167
-9.93684 -0.928327 0.462801 -11.393
-1.11771 -0.161065 0.129636 -1.06099
-0.781325 0.713508 -0.976668 -0.840209
-1.01744 0.458413 -0.614253 -1.41893
0.745598 0.761428 -0.991246 0.910631
0.704407 1.36162 -1.35636 0.789661
1.68425 -0.187163 0.795138 1.21196
-0.667401 2.79813 -1.63587 -0.238634
0.794749 0.777417 -1.11843 0.781352
-0.204942 -1.54457 1.73086 -0.201549
0.079228 -1.31009 1.1716 -0.003148
-0.867258 -0.631943 1.08165 -1.2836
-0.257824 1.5047 -1.34162 -0.062007
-1.05696 2.36279 -3.0948 -0.286936
-1.57137 0.215176 -0.936077 -1.21229
0.178754 -1.03318 3.79675 0.451492
0.210226 -4.22997 5.39646 0.628038
0.732204 1.30813 -1.20609 0.64309
0.994125 0.544511 -0.52583 1.85615
9.45849 -5.69158 12.8979 9.40222
-1.14848 0.019758 -0.075443 -1.85297
7.58528 1.48084 -4.17274 4.32946
0.150413 -1.81933 1.81119 0.244865
1.24014 -0.366459 -0.096155 1.76914
0.662826 -1.58805 2.11455 -0.00444
-7.9214 -3.39863 2.63939 -6.63989
-1.11474 -0.278312 0.466588 -1.19106
1.29164 -0.941763 1.67206 1.00363
-0.470928 1.89993 -1.41389 -0.152491
-0.525902 -1.26756 1.2529 -0.141611
-1.16928 -0.299016 -0.137105 -1.46233
-2.00554 -0.615852 -0.051101 -2.37097
1.04539 -0.537087 0.949932 1.07033
0.17629 -1.26365 1.20131 0.412936
-1.12178 0.045208 -0.307863 -1.97087
0.472989 -1.89185 1.69492 -0.978659
0.305576 -2.33399 1.84152 1.19899
0.561608 -1.8373 0.980269 1.72997
1.09057 -0.815387 1.25916 1.50697
-0.653113 -0.925048 1.18668 -0.614101
0.647649 -0.831042 3.32671 2.7826
-1.33671 0.025581 0.122617 -1.56581
-1.06251 0.302781 -0.363909 -1.02742
-0.795746 0.729766 -0.933531 -0.957168
12.8403 -6.55936 10.8531 6.8234
-0.528924 1.62134 -1.12712 -0.7316
-0.932032 -0.560087 1.05225 -1.34093
0.569898 -0.924794 2.74929 2.33887
-0.133486 1.62707 -1.2106 0.248803
-0.775932 -0.923256 1.06748 -1.55889
-1.21378 -0.987072 0.493907 -1.66898
-92.6806 12.9064 -31.5367 -84.0608
1.68535 -0.50708 -0.024713 2.23257
0.979497 -0.513263 1.03056 1.21116
2.35417 -4.1325 7.31011 5.18587
0.600786 0.88092 -1.12974 0.583931
1.25043 -0.946918 2.79676 2.25985
0.536665 -2.25545 2.43903 -0.015152
-0.688386 -0.906251 0.988864 -0.598365
0.743017 2.07628 -2.28009 1.085
-0.530219 -0.977931 1.09185 -1.01631
-0.088643 -1.23396 2.06216 -0.263201
-0.355506 1.9769 -2.37053 -0.078046
0.305588 -2.16253 1.85006 0.145854
0.069998 -1.60718 1.5607 0.153942
-0.877488 0.727615 -0.773915 -0.767494
1.02374 0.657128 -0.527156 1.19115
0.491036 0.9589 -1.18964 0.526402
1.45742 -1.18908 1.20795 1.38297
9.90832 0.969465 -0.419331 3.71281
-0.702947 1.05258 -1.87706 -0.303991
0.100473 -2.56423 1.48405 0.129684
-1.21368 1.98039 -1.77031 -0.595829
-0.731724 -0.83995 1.02037 -0.649478
0.174347 -1.58742 1.26704 0.456439
0.480232 1.28828 -1.48149 -0.088988
1.12551 0.229489 -0.332055 1.23232
-0.82556 1.13873 -1.74835 -0.166227
0.913865 -0.585883 0.585883 0.913865
0.387733 2.33085 -2.23499 1.04753
5.49092 -2.19116 2.34116 7.74401
0.080791 -1.24205 1.10955 0.097473
-0.002621 1.06394 -1.22307 -0.017978
2.03723 2.1159 -2.82589 1.77835
-0.302023 2.00083 -2.94277 -0.425016
0.07463 -1.54044 1.10353 -0.184994
0.792871 -0.712672 0.907612 1.01903
33.552 17.2735 -13.4927 35.0961
-0.764255 0.795545 -1.1879 -0.895086
0.211373 -1.64815 1.68684 0.1491
0.484532 1.00795 -1.00795 0.484532
-1.03672 -0.236033 0.327867 -1.57366
-1.544 -0.037556 -0.191231 -1.4785
-0.19534 1.25686 -1.37307 0.283501
0.707238 -0.819427 2.72234 2.26745
0.815773 -0.711583 3.84534 3.20281
-1.41044 0.076083 0.37941 -1.88025
0.141041 1.14505 -1.09873 0.03378
0.842712 -0.621894 1.60044 1.7999
1.02566 1.16861 -0.953419 1.48151
0.961224 1.02805 -1.55333 0.894968
-0.884894 0.617231 -1.42228 -1.83655
-0.589441 -0.980208 1.56956 -0.799542
1.07365 -0.046746 -0.138778 1.73108
-0.345137 2.67541 -1.96566 -0.152258
-1.00414 -1.61306 3.61072 -0.135011
0.946211 5.36197 -5.37629 -2.1798
0.066267 -1.74657 1.4284 -0.252694
0.025122 -1.25013 1.77125 0.059643
0.029958 1.37606 -2.31905 -1.37375
0.870532 0.946109 -0.753708 1.0022
-0.204293 2.33316 -2.33291 0.292475
0.13372 -2.80416 5.69933 0.414122
1.21417 -1.25486 1.01162 0.637187
1.35305 0.007289 -0.253558 1.36899
0.742347 -0.741565 3.51663 2.96785
0.650307 -0.846303 3.30576 2.77516
2.40721 -0.36224 -0.505117 4.83209
-0.832276 -1.55013 2.27411 -1.17031
-0.522319 1.59178 -1.64602 -2.24564
-1.03774 0.681378 -0.647437 -0.85576
-1.44831 -1.00652 1.38328 -0.843903
-0.569053 1.30932 -1.06466 -0.391749
-0.352748 1.08909 -3.9159 -3.18466
0.900645 0.92421 -0.550187 1.26681
-58.6382 0.644006 -13.3815 -52.9488
-1.12531 -0.118358 0.310555 -1.40513
0.736893 0.947202 -1.42607 0.445275
0.539164 3.62388 -11.0608 -0.353533
-0.562589 -0.988158 1.02192 -0.577396
1.21205 -0.403718 0.26128 1.7287
-1.55415 -0.162318 -0.373325 -1.54079
-1.13361 0.5363 -0.53058 -1.74114
0.067795 -1.56462 1.57359 -0.013719
-0.676105 1.07371 -1.07995 -0.453612
0.82164 -0.733482 2.90768 2.39225
0.761445 0.781419 -0.905035 0.958568
-0.167912 -6.04226 9.48997 0.21126
-0.264208 1.82654 -1.08854 0.149264
-2.0641 5.41145 -7.20095 -3.65985
1.11522 0.423166 -0.281326 1.1588
-0.638609 0.995297 -3.80021 -3.19241
1.32342 -1.34444 1.68047 1.82714
-0.906161 -0.726785 1.03636 -0.860418
0.798996 0.708911 -0.817732 0.870697
1.19044 1.05421 -1.50961 1.04462
-0.698508 0.795688 -3.69986 -3.1115
-0.710461 1.42584 -1.73464 -0.497834
1.03387 0.349552 -0.421053 1.84227
0.593241 -2.62491 1.63379 0.255069
-0.304891 1.34346 -1.34485 -0.164144
-0.777906 -1.5364 1.22964 -0.527249
1.21635 -0.058589 -0.39496 1.46046
1.34845 -0.127427 -0.255135 2.06587
1.01752 -0.638343 0.572837 0.923625
0.247758 -1.11351 1.43142 -0.086072
-0.529336 0.896194 -1.08896 -0.610797
0.371329 0.995812 -1.53084 0.652518
-0.944814 1.40427 -2.16089 0.321077
-0.974122 0.56914 -0.448259 -1.89574
-0.847645 -0.965113 1.1489 -0.540046
-3.06927 -0.259776 2.06621 -4.88642
-2.62352 -1.22707 -0.154376 -2.80699
-1.49135 0.140661 -0.718666 -1.62768
0.21342 -1.04541 1.40982 0.102917
0.35233 1.05795 -1.39688 0.458734
1.03468 0.377465 -1.05967 1.72499
-0.757287 -1.61015 6.54549 -3.24465
-0.888777 1.62723 -2.68854 -0.338185
-3.38182 -1.54997 -0.24791 -3.68884
1.13542 0.029105 -0.149972 1.69
1.05732 0.238087 -0.365977 1.77746
0.661097 -0.84044 1.07555 0.853167
-0.716729 0.795401 -1.49399 -1.21175
-0.775323 0.74747 -0.796431 -0.972064
-0.014859 2.37618 -2.29905 0.468269
1.99067 0.159637 -0.25088 2.06575
0.552665 -0.957157 1.14733 0.845114
-0.174651 1.31205 -1.43623 -0.48943
-1.30451 -0.312429 0.537606 -1.30771
1.19888 0.105676 -0.340664 1.12597
-1.2797 1.34046 -0.786188 -1.87681
-0.241309 2.65115 -1.9512 -0.376405
-0.805421 -0.78059 1.34772 -0.871844
-0.697992 0.980969 -1.50377 -1.72283
-4.46681 0.740623 -0.459765 -4.76817
-0.602983 2.06857 -1.44418 -0.316893
-0.071856 -1.78094 1.71975 0.9501
-0.931238 1.25569 -0.895412 -1.40568
-1.52624 -0.451088 0.951975 -1.01822
-0.538879 -0.964769 1.66168 -0.838463
-1.30192 0.358641 -0.036493 -1.29449
-0.951985 -0.876236 0.489245 -1.37601
0.464209 -2.23321 1.48692 -0.22131
1.93881 -0.461485 -0.155893 1.62217
-2.44609 3.10788 -3.61551 -2.10179
1.02936 0.204977 -0.453863 2.13185
-0.839035 -0.664687 0.753399 -0.861749
-0.027488 1.22062 -1.17202 -0.304357
1.76876 -0.027501 -0.307019 2.14408
-2.13006 -3.63005 5.24342 -2.41464
-0.72858 -0.747691 0.879319 -0.921744
1.2627 -0.811921 0.486286 1.24525
3.14905 0.44153 -0.813975 3.2446
-1.19857 0.347278 -0.547093 -1.21514
-1.15269 -0.103152 -0.050207 -1.16821
-0.220015 3.02846 -5.36302 -0.382099
0.954855 -0.58597 2.21547 1.93482
-4.76464 3.06853 -3.02668 -4.53327
-1.2041 0.092851 0.040568 -1.391
-0.609242 1.93543 -1.85515 -0.4429
5.37306 -19.0824 13.3787 5.58297
-0.185547 -2.75506 2.4981 1.25424
0.219464 -2.48148 1.96765 0.192808
-0.141084 5.47864 -8.28193 -0.421181
-0.33944 -1.00193 1.61962 -0.6338
-0.125156 -1.08846 1.68969 -0.003898
1.59852 -1.96493 3.43535 2.5148
-0.628923 -0.906044 0.906044 -0.628923
-0.6181 2.16421 -1.81231 -0.284929
-1.11003 0.457893 -0.295231 -1.49806
-1.41134 -0.107441 0.403971 -1.37349
0.45382 1.32582 -1.87785 0.434193
-0.611286 -0.914988 0.914988 -0.611286
-0.27568 1.13002 -1.21547 -0.044955
-0.547652 0.937164 -3.66538 -3.06018
-0.747742 -1.19737 1.8499 -1.22614
1.56565 -1.47702 1.48194 1.78717
-0.448335 -0.978662 2.20358 -0.918303
-0.31299 2.48542 -5.60256 -0.497206
-0.320697 1.06313 -1.12263 -0.17654
4.5518 2.57368 0.541821 3.96745
-1.26547 1.24491 -1.43841 -1.06851
-0.044182 1.37256 -4.35522 1.91268
0.608647 -1.12367 3.37583 2.70343
-0.659924 0.933153 -0.846776 -0.788009
0.216334 -1.95862 1.30583 -0.099984
-1.08113 -2.53334 2.30407 -0.890088
11.9184 0.219597 -0.178647 14.3575
0.062278 1.08254 -1.23404 0.202782
-1.49821 -2.7936 3.12393 -1.45772
0.609476 -0.880187 3.91848 3.31124
-0.516706 -0.938437 3.10779 -1.52421
-0.281802 1.15466 -1.35024 0.011896
-0.593957 -0.970741 1.00535 -0.592629
-0.975683 -0.542713 0.455677 -1.0357
-3.14185 -1.58101 0.093363 -3.39276
-1.44075 0.601776 -0.085843 -1.44514
0.205591 -1.37186 1.31184 0.051747
-0.033183 -1.09808 1.58556 -0.351528
-0.248056 2.47476 -1.75645 -0.320785
0.575294 -2.00326 1.56229 0.108402
-1.75506 -0.177069 0.229886 -1.31991
2.59983 -2.99723 4.99277 3.07909
-3.46921 0.862618 -0.310437 -4.25869
-2.53339 8.03593 -8.32107 -3.89361
1.15676 -1.08194 1.573 1.20485
1.14489 -0.888686 1.07093 1.0876
-0.436111 -0.963263 2.04513 -0.869756
0.374252 1.2122 -1.07759 0.59753
-0.097068 -1.68167 1.27656 -0.423968
-0.850952 -0.66425 0.733052 -0.874165
-0.073338 1.22303 -1.93996 0.670005
0.157287 -1.66442 1.40152 0.320721
0.377672 -1.36391 1.13029 0.131766
-1.17428 0.156766 0.018257 -1.13495
-0.730207 -0.808647 1.39576 -0.873792
1.24806 -0.427726 -0.118077 1.8984
1.05378 -2.30622 1.25733 0.889408
0.689149 -0.977911 2.68665 4.57281
-0.783051 -0.695152 1.32811 -1.246
0.210985 -1.05104 1.09446 0.241068
1.1244 0.05932 -0.058972 1.20653
-11.9932 -1.33055 2.46417 -14.9886
0.067338 1.2668 -1.0682 0.115952
-1.17453 0.133256 -0.441918 -1.20007
0.866202 0.65681 -0.821577 0.879936
0.605911 0.88302 -1.20264 0.9609
0.952345 -0.543456 1.18326 1.83518
-0.327157 -1.03955 1.44802 -0.813035
-0.490383 -3.53592 16.625 1.46703
20.0528 0.919901 -4.52565 18.3787
1.36757 -0.031442 -0.363148 2.6814
-1.10889 0.441865 -0.493231 -1.33565
0.676969 -4.40501 3.05759 0.220412
-1.16999 0.415881 -0.669294 -1.15298
-1.04705 0.004199 0.002921 -1.03152
1.15974 0.114553 -0.184154 1.30508
-0.264593 1.3031 -1.04878 -0.27935
-0.168172 -1.07046 1.16285 -0.084033
-1.68916 5.64676 -5.82307 -3.77558
1.40064 -0.171473 -0.236581 1.87479
-0.006519 -1.11825 1.37777 0.02875
-0.265154 2.01425 -1.60971 -0.242932
0.032855 -1.05055 1.99865 0.253437
-3.22845 -4.39735 4.6303 -3.26033
0.590285 -1.49341 1.60001 0.546094
1.07536 -0.460446 0.706434 1.17932
-1.15175 -0.241639 0.013362 -1.49655
-1.43365 -0.086928 -0.529674 -1.51284
-0.265981 -1.47861 1.41903 -0.637703
0.706463 -2.22532 1.54701 0.487014
-1.29846 -0.270356 0.405159 -1.88551
-0.871696 0.650655 -0.977142 -0.906143
-1.37492 -0.633056 -0.134525 -1.47258
0.668188 -2.18572 1.19091 0.675048
-0.052157 -1.06912 1.13218 -0.078822
1.08083 -0.486023 0.545501 0.949847
-0.219447 1.06532 -1.17798 -0.125137
0.597699 -0.851079 2.95946 2.48842
0.325188 -2.25997 1.61004 0.277416
-1.08577 -0.752292 0.757031 -1.81114
-0.820981 0.685465 -0.944451 -1.48167
-0.045488 -1.66401 1.24936 0.123677
-0.932103 -0.611655 0.714036 -0.884179
1.23108 -0.061978 -0.464555 1.45222
-0.941811 0.522849 -0.544427 -1.42821
-0.097759 1.45486 -1.3336 0.166145
-0.835642 0.759993 -1.11117 -1.63743
0.447672 -2.31922 1.332 0.296284
-2.16793 -0.085841 0.703426 -4.07733
0.626399 -2.77268 1.6705 0.398337
-1.02707 0.585698 -0.741946 -0.966054
-1.00433 0.508889 -0.764588 -1.19117
-2.19977 -0.243666 0.243665 -1.99516
0.164957 -3.38016 5.80365 0.458591
-1.01511 -0.550211 0.456963 -1.0663
-0.183122 1.09481 -1.06962 -0.135468
1.09087 0.069872 -0.149527 1.1218
1.44707 -0.255913 -0.380008 2.16281
-1.3008 0.107895 0.615432 -1.61973
-0.265242 -1.01883 2.36793 -0.361036
-0.164612 -1.80028 1.42766 0.94475
2.12165 0.705118 -0.591295 0.96279
-0.568709 -0.991724 1.31157 -1.47511
0.223337 1.02521 -1.14173 0.263903
6.88004 -3.15045 1.39163 1.51849
0.931313 1.39941 -1.38469 0.715786
0.715409 -0.801732 1.10017 0.859766
-3.24134 -1.12971 -2.06746 -3.87233
-0.755909 0.729123 -1.17528 -0.926697
0.763392 0.869904 -0.753202 0.825265
0.277255 -1.04911 1.13601 0.462406
0.855435 -0.671686 1.96773 1.66171
-1.36048 -6.58191 7.36195 -1.51704
-0.38614 2.03077 -2.41022 -0.469779
-0.496151 1.15767 -1.14116 -0.26223
1.55 -0.776247 0.049029 2.1711
-1.31218 4.03459 -3.53777 -0.738191
1.44217 0.052635 -0.148481 1.69398
3.05833 -1.51064 0.887774 0.796532
-0.455513 1.53614 -1.94924 -0.20696
0.057618 -1.17527 1.39213 0.504949
0.306351 -1.04142 1.16577 0.405033
0.375577 -2.073 2.23639 0.038962
0.225561 -5.36111 8.46962 0.821608
1.22253 1.47462 -2.09028 0.115342
-0.546336 -0.914211 0.91172 -0.555863
-0.325881 1.69267 -2.08733 -0.178
0.518881 2.09119 -2.69594 1.25172
2.72537 -3.36124 10.7334 1.39983
0.72267 0.932678 -0.806112 1.1983
-0.311217 2.90843 -3.22306 -0.527637
0.62192 -4.39733 3.8001 0.340226
-0.493943 2.99561 -3.34255 -0.320604
-0.955512 0.900324 -0.9766 -0.917701
-1.25496 0.555756 -0.111404 -1.84163
-2.00782 -0.144657 -0.002068 -1.87925
-1.22869 -0.42416 0.514271 -1.45853
-0.616815 -0.892196 1.40159 -0.731841
1.2636 1.87374 -1.69871 2.25818
-1.70127 -0.191134 -0.488284 -1.24305
1.33551 0.146678 -0.534069 1.15155
-1.16252 0.400459 -0.838511 -1.55663
1.44191 1.10977 -0.13884 2.25067
1.07029 -0.822372 2.75823 4.6189
1.22425 0.204227 -0.228487 1.05106
-0.309332 1.45419 -1.01946 -0.313347
-2.293 1.37968 -0.882046 -2.78339
-1.1915 0.819901 -0.339048 -1.50147
0.04421 1.42637 -1.83152 -1.11007
2.23376 -1.29745 2.49296 2.99339
-0.118666 -1.0805 1.24811 -0.123325
-0.473031 1.07462 -1.05219 -0.321906
-0.125726 -1.04122 1.09694 -0.169769
0.397601 1.09996 -1.05079 0.639971
-1.42945 -0.33222 0.352337 -1.3281
-0.567461 1.27996 -1.27702 -0.307498
0.974013 -1.08054 4.27976 3.56928
10.5515 -8.86803 25.686 5.09223
0.87966 -0.773499 0.766174 0.84353
0.880372 -0.759506 0.767115 0.84658
-1.40069 2.16727 -3.67996 -2.36358
-1.2434 0.043671 -0.676579 -1.48042
0.142527 1.21494 -1.2172 0.128181
0.384813 -1.55805 1.37146 0.202648
-0.012627 1.41507 -1.74769 0.598925
-0.650328 1.80932 -2.53435 -0.441003
0.716497 -0.85999 0.85999 0.716497
-0.429725 1.91003 -1.08355 -0.303503
0.352761 -1.0598 1.416 0.34187
1.37254 0.15933 -0.302899 1.45012
1.73658 -0.578406 -0.110441 2.38317
0.334228 1.36841 -1.49795 -0.384316
-1.05499 -9.53325 16.1534 2.15991
2.66937 1.58714 -2.30634 2.20769
0.727791 -0.797606 0.854178 0.709569
-9.66941 6.43169 -6.13046 -9.12546
-0.811264 -12.3837 11.5801 -1.72428
0.337138 -2.36816 2.05338 0.035392
-1.03492 -0.347094 0.506829 -1.76297
-0.438884 1.71168 -1.192 0.132171
-0.846319 -0.719478 0.953967 -1.61102
-0.871958 0.662792 -1.41823 -1.27327
-2.41149 0.852432 -0.668879 -3.43175
-1.06647 -0.221377 0.266525 -1.40743
12.3481 62.968 -78.002 2.5526
-0.697537 -1.43568 1.22819 -1.39404
-0.47919 3.14373 -2.05357 0.00673
0.955495 1.17821 -1.14789 1.4342
-0.896671 -0.653908 0.811392 -0.863762
0.438397 0.935276 -1.39655 0.646776
0.645286 0.9542 -1.36923 0.803927
-0.46581 -2.45327 1.88655 -2.66739
-1.03852 -0.525428 0.552586 -1.21388
-0.060123 -1.25079 1.1193 -0.180454
-0.862408 0.677438 -1.01446 -1.24904
4.3092 0.457036 -1.92576 1.96846
0.418076 -4.2438 4.2438 0.418076
3.79299 2.54341 0.168351 3.4437
-0.112922 -1.82092 1.73096 0.920616
-0.070287 -1.33177 1.41322 0.118172
-0.778799 0.7568 -1.09265 -0.889836
0.128803 1.07516 -1.08573 0.156272
1.77966 -1.45538 0.512317 2.2499
-1.66111 1.03948 -3.77207 -2.9644
1.44241 -0.164157 -0.175101 1.52492
3.37366 4.91006 -4.94779 2.87858
-1.02668 -0.178522 0.301999 -1.47386
-0.851888 0.672962 -0.93204 -0.904634
1.03792 0.323889 -0.505837 1.17544
0.634941 -1.26841 1.77465 0.041178
5.21412 -3.95587 3.38928 3.854
-0.999416 -0.559047 1.32911 -1.4182
-1.84414 -1.49289 -0.287936 -2.98151
-0.050112 1.99326 -1.41512 0.019544
-0.603595 -1.04378 2.03727 -1.00826
1.03271 0.58365 -0.779248 0.945948
0.372588 -1.3058 1.08205 0.134128
13.6455 -16.3083 9.8311 16.216
0.326921 -2.21843 2.05406 0.143199
-0.324581 1.13353 -1.1274 -0.149874
-0.598542 1.26966 -1.32586 -2.00559
3.35554 -2.07095 3.6157 3.68289
1.193 -0.320777 -0.330402 2.06257
-0.88273 -0.712863 0.759208 -0.937631
1.11783 0.132457 -0.285188 1.11395
0.635316 -0.836518 3.4465 2.89346
1.60636 -1.34642 1.38879 1.32967
0.889009 -0.591311 1.02927 1.13529
0.966303 -0.494882 0.940714 1.41853
0.926685 0.573645 -1.08121 1.46867
-0.876254 -0.581699 0.804289 -1.20435
-11.4465 11.5518 -12.7228 -12.0611
-0.49189 1.68242 -1.61817 -0.179711
0.242496 1.18478 -1.04548 0.439536
0.853993 -3.07699 10.7327 0.882788
3.2236 0.330834 -0.771784 3.17866
-0.179382 1.92867 -2.19844 -0.279104
0.898104 1.26241 -0.87394 1.01468
-0.49689 -0.961626 3.42932 -1.67416
-2.15158 -0.43359 0.231259 -2.11747
1.10466 1.37172 -1.14868 1.62411
1.50346 -1.58162 1.20594 1.55958
0.878749 0.611417 -0.852769 0.959014
-0.78172 -1.07127 1.44837 -0.892617
-0.752033 -0.757975 0.909052 -0.896836
-3.98349 18.3968 -20.1675 -0.424174
-2.38975 -0.030094 0.573109 -3.10131
-0.555776 0.973628 -1.51382 -1.65521
0.871356 0.63938 -1.38499 1.43006
-0.839863 2.41854 -2.0619 -1.52933
-0.759455 -0.751938 1.35536 -1.20938
1.35997 -0.058061 -0.191326 1.97276
-0.277641 1.09094 -1.116 -0.223378
1.1952 -0.310069 0.824836 1.5391
1.06169 0.126696 -0.369835 1.71809
2.12825 -1.19167 0.890668 2.25788
5.56553 23.7039 -22.2151 5.32274
0.185557 1.30045 -2.45246 -0.311596
-37.6763 9.18553 -13.8977 -46.3946
-0.25485 1.10309 -1.24381 -0.181251
-0.827472 -1.02755 0.978524 -0.801337
-1.13748 -0.109396 0.563317 -1.65787
1.14633 -0.092949 -0.300212 1.6388
-0.546287 1.63528 -1.2284 -0.394921
-0.419187 1.3429 -1.47045 -0.158524
0.851665 -0.71872 0.925851 0.812194
-1.29694 -0.206978 0.217231 -1.22591
0.569468 -0.922493 3.95416 3.30938
-1.13137 -1.17237 1.31627 -0.988241
-2.26123 6.43087 -7.7124 -1.44721
1.06683 -0.723396 0.755148 1.01911
1.17505 -0.614816 1.08164 1.68187
0.791031 -4.84057 2.32896 0.221679
-0.220047 -1.07576 1.65172 -0.009243
-1.19806 -0.213765 0.17429 -1.05807
0.075064 -1.06292 1.1951 -0.032986
-0.247498 -1.00337 1.12948 -0.236332
1.24278 -0.050039 -0.324776 1.76669
-1.40641 0.533886 0.013568 -1.85882
1.39894 0.28386 -0.462998 1.30106
0.744834 -0.828664 1.25666 0.755942
-1.18898 -0.342976 0.379327 -1.11375
0.708489 0.829566 -1.08429 0.673457
0.128637 -1.10407 1.87209 0.138611
0.411711 -0.973062 1.24421 0.619282
-0.118733 1.27958 -1.17921 0.223074
0.433774 -1.3225 1.30892 -0.111298
9.40004 1.65237 -5.25226 5.57904
-0.839387 -0.723345 0.807245 -0.778983
0.258455 -1.37014 1.13464 -0.033012
-0.232945 1.05365 -1.35821 -0.311061
-0.730042 0.753682 -1.776 -1.44474
0.892011 0.840732 -0.528055 1.25681
-1.03413 -0.108663 0.138263 -1.561
-1.10875 -0.052187 0.159895 -1.13138
-1.01891 0.897628 -0.968683 -2.01269
0.384593 -1.88955 1.3047 0.240531
-0.479764 2.13068 -2.28785 -0.076733
-0.370134 2.16807 -2.96759 -0.202179
-1.01751 -1.00684 0.730471 -1.58659
0.795689 1.18635 -3.61092 2.00788
1.80035 1.65443 -1.97579 1.27717
-0.431795 1.99051 -1.41324 0.04395
1.44865 0.163838 -0.315757 1.4095
-0.912907 0.732972 -1.12937 -1.38843
-0.461434 2.82532 -2.89097 0.019096
-0.833884 2.29914 -7.39212 3.25029
1.06874 0.872068 -0.424274 1.53632
-0.607311 1.20436 -0.863157 -1.00424
-0.423079 1.74908 -1.42788 -0.076673
-0.87383 -0.977017 1.43727 -0.490578
6.53307 -3.40639 5.44672 6.08162
2.80433 -0.880255 0.764467 1.1193
-0.223776 1.09753 -1.3387 -0.108846
0.669851 -2.69982 3.4765 -0.105959
0.658464 -0.82274 2.6212 2.19127
0.841789 -0.637261 1.1053 1.26027
0.794208 -0.937346 1.02125 0.597366
0.008968 -6.76833 6.99094 0.280735
1.29244 1.20747 -1.05725 0.613157
5.76315 2.98402 1.18054 6.21334
-1.6019 -0.359804 -0.167425 -1.92773
-0.942826 -0.540736 0.494734 -1.08299
-1.10442 3.6946 -7.02729 -1.02589
0.407447 -1.11717 0.971023 0.462009
34.9537 -24.8736 33.3744 22.5335
1.53642 -0.703502 0.017733 2.1881
-0.745451 2.94818 -1.88032 -0.195719
-1.29691 -0.325624 0.73517 -1.22053
0.701759 -0.835363 0.875174 0.910544
1.1557 0.126927 -0.348836 1.36076
-0.288589 1.2047 -1.85836 -0.308851
0.370119 -1.98292 1.33019 0.076728
1.05941 0.148785 -0.19925 1.64463
0.824913 -0.690552 2.5447 2.11581
-0.767793 0.748668 -0.906483 -0.871234
0.690377 -1.03391 2.48915 4.26292
0.973013 0.549739 -0.370789 1.53548
0.279103 -2.10639 1.64894 0.111917
0.567841 -1.16475 2.97313 3.30278
-1.42815 -0.094884 -0.464072 -1.2549
-6.30708 -1.69278 -0.267543 -6.83478
0.652244 1.06784 -1.00428 0.488433
-7.37146 -1.11265 1.1459 -4.76757
1.38477 -0.459793 -0.00957 2.08496
0.480858 -2.36489 1.81929 0.25446
-1.51623 -0.167642 1.20015 -1.37297
-0.322001 1.91322 -1.08006 -0.167687
-1.0748 0.107162 0.185898 -1.96122
1.17968 0.357672 -0.316345 1.30681
0.681649 1.19671 -1.05142 1.20925
-0.397127 1.79532 -1.72385 -0.195454
1.71866 -0.676293 0.705184 1.42574
0.687008 0.958134 -0.997093 0.593078
0.230673 -1.93989 2.21693 0.408151
0.832523 0.932762 -1.23023 0.813538
0.601958 -0.877774 3.47934 2.93785
-1.87352 0.597372 -0.598595 -2.3332
-0.720899 -1.04174 1.07036 -0.544953
0.795159 -0.933562 0.933562 0.795159
-1.04362 -0.219604 0.230262 -1.21769
-0.420651 1.71653 -1.51752 -0.034767
0.515267 -1.24258 1.20106 0.614504
0.628322 -1.10598 0.965072 0.746576
-0.249405 -1.05487 1.60526 -0.047016
-0.053984 -1.67278 1.75782 0.120445
0.704266 -2.03358 1.19235 0.65041
