2500
1086.78 545.829
811.402 574.387
450.155 687.244
212.479 749.495
413.331 686.159
521.531 363.692
973.175 465.265
441.854 380.708
363.652 685.642
360.441 367.096
1166.99 483.008
382.332 297.098
380.905 363.56
1292.67 657.617
320.382 581.243
336.791 365.648
442.838 538.042
298.661 366.543
381.06 692.184
1072.07 522.76
460.644 695.075
587.846 458.706
562.415 498.669
1177.89 469.382
451.34 311.83
373.22 368.153
419.375 380.484
462.723 306.366
1083.25 535.295
328.085 685.906
372.188 301.252
1077.96 570.205
1188.47 746.46
766.834 299.039
1079.78 558.281
401.648 532.458
700.199 552.688
418.759 555.487
358.601 592.182
1312.77 630.344
363.847 690.36
432.476 560.853
459.919 310.736
1098.72 518.186
389.563 684.728
884.625 719.069
472.178 459.282
462.155 391.164
461.97 511.681
568.864 708.382
368.233 549.812
393.941 501.189
456.832 471.518
1324.95 643.362
997.818 564.675
1213.79 662.711
523.541 703.07
361.918 375.574
320.743 290.913
464.832 694.423
699.327 398.944
535.622 705.233
696.615 556.33
277.426 432.733
1042.89 551.768
718.859 650.909
271.781 585.774
1195.95 465.836
387.605 543.823
456.554 386.156
978.301 386.977
374.256 495.325
1091.87 515.352
1076.04 568.866
492.621 703.456
492.463 310.813
1146.62 529.602
1203.05 680.137
399.648 688.068
381.06 692.184
334.541 586.533
311.676 580.891
788.842 313.132
370.604 372.395
1275.27 772.495
364.01 689.117
172.37 562.237
654.146 525.621
858.15 610.641
1128.83 534.734
532.745 779.396
331.603 683.78
493.649 695.698
318.463 300.653
723.072 204.738
343.262 587.905
347.639 374.494
1098.64 535.856
1132.56 541.192
321.38 299.15
567.015 704.054
994.023 561.721
448.587 544.592
1179.63 709.386
1402.35 708.746
562.872 454.125
765.36 612.736
1070.17 528.307
357.99 593.181
447.863 313.937
533.005 700.625
540.877 428.688
493.026 696.58
385.106 688.517
373.049 689.56
446.97 554.461
1307.3 761.355
409.449 302.178
968.322 481.397
807.65 649.925
500.948 379.883
499.731 696.003
329.216 588.142
453.203 315.362
402.495 379.93
525.724 780.151
518.735 699.478
423.022 475.062
687.323 565.86
264.23 526.427
940.665 715.36
308.893 436.284
510.536 391.302
547.449 702.101
491.409 507.055
427.309 516.681
1029.16 557.626
1336.91 645.983
423.552 383.754
339.107 507.721
981.27 682.256
1288.76 648.001
203.667 769.613
1007.11 561.018
569.267 492.142
404.673 685.748
535.554 415.652
949.743 387.383
379.256 298.964
1340.42 738.595
1216.21 704.322
1263.37 794.106
569.613 784.288
1169.13 634.703
174.464 762.267
1109.8 522.993
506.81 698.882
407.776 690.143
401.039 385.644
1013.31 555.97
580.781 709.252
488.628 512.297
405.645 694.563
323.628 533.148
1304.76 653.759
270.37 580.468
505.511 382.079
256.146 583.932
539.778 779.94
333.251 684.074
481.79 698.002
388.583 377.049
379.517 370.096
1096.34 523.712
1045.62 465.244
515.503 700.659
458.626 692.223
552.109 490.317
1191.46 465.116
1095.73 540.131
1072.33 527.028
300.725 357.891
465.826 385.401
473.282 540.235
340.317 682.188
599.394 306.83
560.16 519.282
456.825 302.912
1290.24 632.552
1002.6 565.735
512.508 512.672
213.749 746.281
334.956 590.932
413.44 377.56
1110.44 522.419
341.302 588.78
256.967 580.922
1278.95 632.668
1307.86 758.356
409.496 376.616
883.172 719.56
1137.8 500.811
518.235 414.333
422.069 684.762
334.541 586.533
811.819 692.806
318.565 297.525
1049.13 554.086
453.361 317.541
783.641 674.107
1044.65 550.942
768.916 304.042
372.955 152.245
564.64 707.661
370.939 556.273
372.984 450.039
966.417 500.559
1275.27 772.495
204.188 501.334
1271.37 745.517
1039.73 537.621
353.382 293.778
287.239 544.556
378.754 301.192
826.255 743.614
187.004 504.111
740.186 592.329
1211.08 672.416
996.06 488.053
582.626 311.998
339.679 477.335
1202.05 569.377
529.611 315.129
502.437 392.008
699.327 398.944
505.689 470.7
465.872 380.825
807.289 564.384
1110.37 544.35
561.612 319.858
1022.09 548.769
362.917 584.118
1043.71 548.924
471.813 771.93
403.082 381.414
1137.75 537.15
340.413 496.781
615.633 482.372
464.134 771.437
365.796 533.616
463.038 464.303
842.842 613.311
1301.64 645.632
321.496 460.66
1206.19 713.393
257.901 576.82
358.158 534.417
315.489 589.718
389.566 302.521
471.537 382.109
352.855 688.946
455.645 307.671
339.825 588.869
425.238 691.644
1005.07 570.559
987.862 487.208
1001.77 555.853
575.774 705.735
485.79 458.875
788.454 369.912
357.336 376.958
322.544 538.154
843.299 609.348
1185.04 723.242
596.201 466.464
1075.42 521.519
531.008 313.968
538.835 779.562
316.424 548.104
351.982 533.103
433.473 690.973
383.903 694.273
588.137 709.229
270.37 580.468
468.111 562.998
322.551 459.906
832.392 712.315
552.109 490.317
921.793 729.141
1288.76 648.001
263.919 496.143
333.654 551.796
949.331 508.876
318.467 296.742
366.753 372.971
1120.81 547.312
466.251 462.611
364.669 686.391
1034.52 542.161
949.657 700.879
402.984 375.51
1099.33 524.316
1191.29 709.014
503.456 702.078
411.459 514.154
297.294 583.563
265.283 581.795
837.126 747.796
528.862 490.322
1062.4 529.232
1001.34 652.864
1188.13 464.211
813.808 730.62
296.291 525.073
609.694 493.138
919.209 729.097
667.665 612.342
1093.23 519.472
252.448 578.423
1096.37 514.077
566.082 701.373
778.236 305.356
1311.75 723.262
443.573 377.723
198.089 497.35
1279.11 649.969
252.961 576.233
260.426 579.164
466.594 699.32
1131.44 613.085
581.751 702.772
1036.63 538.303
378.229 307.684
1130.19 498.915
452.847 305.515
304.01 585.488
378.037 691.237
479.88 390.488
454.112 311.326
398.575 686.149
518.731 461.83
539.198 313.686
481.79 698.002
402.308 373.272
232.059 466.354
602.119 552.262
1033.17 542.8
820.691 575.207
540.834 502.883
240.708 575.043
375.761 295.853
1189.42 469.252
512.837 311.344
566.175 524.219
432.189 698.722
397.522 687.057
321.697 494.631
358.862 589.231
465.161 691.738
1335.48 643.435
455.632 515.678
912.895 714.182
368.233 549.812
570.626 320.71
1321.88 738.207
442.968 692.477
1099.33 524.316
396.665 685.897
364.353 369.427
1134.51 540.34
296.884 437.743
297.596 498.643
1012.96 673.44
512.837 311.344
1075.77 524.505
445.098 690.368
611.269 562.493
335.712 471.063
410.305 381.029
1009.68 562.69
334.956 590.932
1302.27 662.019
994.279 485.983
399.632 508.715
553.734 771.674
257.929 580.002
380.148 550.95
364.581 297.835
575.645 710.132
393.264 367.398
406.374 312.411
469.562 540.639
386.189 686.402
493.165 312.672
402.833 301.797
459.795 304.374
268.335 580.54
338.106 506.589
468.793 564.276
446.409 695.44
530.374 703.901
304.944 469.14
1054.28 534.614
458.316 691.367
217.08 509.475
340.359 585.938
848.82 600.647
1098.64 553.264
542.274 699.931
290.426 547.059
1199.13 680.365
388.591 542.154
1032.35 553.006
1076.77 560.679
407.996 528.399
832.16 709.631
1320.34 757.827
1009.5 552.036
465.872 380.825
1103.1 525.984
886.012 725.858
353.403 369.174
336.456 684.164
971.347 481.741
336.197 551.014
1107.86 522.299
264.493 579.807
478.412 450.385
632.866 408.965
1073.21 533.426
300.973 427.757
372.223 691.446
495.967 387.764
592.624 507.255
465.826 385.401
348.753 547.957
406.618 511.784
697.304 550.214
499.731 696.003
341.546 582.332
1071.42 571.332
529.866 781.114
602.007 306.751
487.993 692.511
1110.36 508.376
458.101 770.228
352.496 590.168
344.672 593.888
351.304 586.542
518.315 321.894
295.877 363.936
1046.9 538.837
561.327 460.776
561.855 700.949
449.554 694.785
390.299 372.403
434.936 689.904
897.081 809.568
528.407 455.231
658.885 515.877
657.196 601.304
477.333 694.24
825.096 669.134
405.598 377.196
339.159 294.703
306.901 523.408
387.662 692.702
1182.29 517.029
293.222 433.737
1072.64 529.143
204.041 503.84
1164.54 478.652
523.51 705.735
356.819 363.491
274.366 478.392
353.871 297.85
500.495 766.806
1333.91 641.087
312.323 587.409
263.676 532.801
231.371 467.882
346.1 543.106
1329.53 645.682
1224.55 559.359
1131.3 495.689
1180.56 473.532
1092.15 561.192
331.525 297.595
470.824 322.798
355.245 546.771
1099.16 555.86
1066.15 526.389
392.654 539.876
654.616 612.876
870.132 756.737
1128.77 543.603
282.22 581.703
336.456 684.164
303.303 353.785
606.218 804.195
788.237 713.902
262.347 579.808
776.126 307.935
349.853 595.833
356.318 591.946
525.384 422.704
404.948 543.124
346.096 527.581
490.048 375.165
655.386 314.454
357.331 369.104
496.343 697.017
359.082 585.81
1195.1 479.58
336.197 551.014
267.523 542.154
899.77 766.671
454.063 381.609
1173.49 492.026
478.788 694.807
240.708 575.043
268.335 580.54
297.994 355.811
1077.58 531.268
1059.61 540.074
340.561 368.993
842.414 678.35
381.124 302.339
466.857 456.472
414.693 543.554
1235.94 608.861
1098 511.746
887.923 721.399
460.401 307.556
513.007 693.649
1042.8 537.906
569.897 782.32
897.424 721.359
620.509 400.982
1344.99 667.48
887.556 732.892
378.044 683.301
203.232 498.753
560.137 705.286
351.673 591.624
594.104 470.721
1087.21 520.1
1249.85 795.751
452.288 386.757
430.482 377.983
434.355 688.044
732.329 595.17
1038.18 540.475
775.554 306.643
573.205 447.032
1016.89 427.395
380.635 680.81
367.902 295.785
816.262 727.748
1076.88 560.123
680.389 618.261
1152.48 490.057
508.323 408.201
367.199 687.247
802.89 578.191
579.278 480.256
450.944 307.215
526.135 490.615
1301.64 663.991
192.492 489.184
502.437 392.008
346.981 583.593
241.35 582.992
452.148 319.386
1183.63 505.607
395.9 381.923
497.847 449.696
377.392 686.213
552.756 703.819
425.996 380.156
767.618 694.251
303.111 495.284
503.141 473.685
565.827 440.886
506.752 311.914
392.854 534.817
592.703 509.62
366.753 372.971
287.424 494.223
1105.66 549.574
409.767 533.149
1181.03 684.128
432.476 560.853
1025.1 551.124
548.228 770.978
448.727 474.07
1021.37 556.727
606.926 814.253
382.67 366.717
525.831 457.675
1131.58 499.26
515.005 704.675
356.276 443.492
1039.73 537.621
401.125 374.529
402.495 379.93
827.864 668.889
557.626 699.432
466.594 699.32
918.274 635.078
906.134 638.411
488.717 695.294
1051.54 540.597
1025.59 546.724
392.316 685.954
501.668 309.906
207.802 535.879
1105.83 519.204
528.321 450.609
1000.87 553.814
915.484 719.169
1077.39 527.212
811.634 587.656
350.071 591.346
884.778 728.046
970.627 395.157
473.339 691.138
194.62 496.744
348.067 691.884
273.575 581.908
394.792 500.48
910.69 619.438
1109.81 508.146
461.92 378.288
328.807 364.341
1091.87 521.392
1191.29 709.014
404.533 375.019
503.328 311.478
1367.14 676.148
533.791 455.18
264.493 579.807
391.929 558.375
419.639 305.054
299.716 589.234
522.075 780.138
860.781 767.796
420.645 507.894
413.141 695.136
335.628 592.307
492.607 381.356
190.219 488.769
1298.99 636.922
1286.88 725.725
1123.75 516.734
1280.93 760.308
1298.55 624.405
343.681 368.98
356.276 443.492
551.351 472.394
440.705 536.535
321.535 305.061
1188.77 505.395
1188.47 746.46
511.198 497.296
366.981 442.26
658.319 594.814
335.09 373.457
491.758 689.817
301.584 357.635
526.135 490.615
535.622 705.233
829.125 707.127
436.444 690.489
304.681 587.227
442.838 538.042
460.21 556.88
556.518 698.631
533.57 697.271
246.797 576.385
385.971 299.939
384.895 309.692
576.63 702.618
1166.33 477.97
314.711 374.179
408.817 313.861
366.12 441.153
1113.12 521.497
552.109 490.317
721.731 648.139
1177.16 682.491
732.639 296.564
419.827 303.664
553 430.196
437.956 694.456
1270.87 784.544
1193.77 569.172
602.752 468.924
456.39 380.697
517.947 702.223
305.709 583.21
1208.61 787.121
256.967 580.922
788.454 369.912
592.614 504.808
331.707 688.093
506.476 703.469
362.317 297.787
1004.01 657.49
1321.04 638.271
803.324 563.841
569.681 705.51
553.036 701.577
579.28 477.88
377.609 310.379
190.219 488.769
383.83 537.75
290.555 583.495
345.665 687.823
737.81 597.352
462.143 694.688
660.339 519.404
300.51 515.016
1086.15 524.593
366.489 493.535
348.753 547.957
441.519 382.368
1008.66 571.735
428.665 691.792
1146.62 529.602
200.87 748.76
211.212 506.272
556.486 705.351
756.717 298.562
1105.66 549.574
650.256 510.837
544.774 696.988
1071.49 568.188
329.04 446.058
526.376 698.386
484.621 698.113
1043.71 548.924
1074 530.544
851.326 618.23
979.915 482.55
528.816 695.912
291.277 543.215
291.525 586.515
327.64 292.264
366.876 307.76
581.506 705.523
345.276 526.37
440.818 373.965
294.861 588.936
355.245 546.771
518.853 355.36
1028.87 446.809
959.778 386.602
372.411 687.969
1021.8 427.901
444.111 695.398
309.797 584.14
289.001 436.649
865.863 595.4
881.161 720.099
398.111 558.821
527.835 699.051
336.448 587.836
360.413 374.847
667.41 541.227
324.919 292.963
1157.3 498.471
950.93 508.27
209.949 750.812
409.975 383.93
360.413 374.847
588.798 319.26
1001.9 482.028
1071.49 568.188
537.042 696.769
440.538 464.458
884.778 728.046
372.893 694.475
1097.37 516.828
1104.56 518.146
40.5855 390.457
379.105 296.814
419.639 305.054
658.319 594.814
724.738 653.125
687.859 331.367
667.41 541.227
443.139 374.125
764.709 691.731
512.869 695.64
802.326 650.309
606.788 813.025
382.529 538.864
1077.58 531.268
559.564 710.756
317.759 584.721
1213.99 709.399
231.343 458.211
1266.03 780.034
354.633 299.33
470.046 382.868
591.099 708.918
228.761 481.863
971.22 488.909
510.674 316.069
959.778 386.602
377.487 298.748
730.562 572.73
1301.89 631.715
252.533 582.433
461.983 691.464
474.024 381.189
257.612 577.727
501.809 507.09
448.587 544.592
406.874 376.962
674.617 573.619
449.074 316.697
357.336 376.958
312.122 299.367
308.613 487.01
1272.15 778.195
351.982 533.103
478.133 700.223
315.149 367.375
542.628 437.17
384.096 692.876
606.48 807.594
1038.92 536.034
1134.97 650.057
360.705 299.176
303.111 495.284
656.763 523.106
1274.56 784.286
544.181 508.279
470.396 692.674
1131.13 534.455
1167.75 549.222
553.734 771.674
1189.88 704.545
1329.31 662.505
377.867 365.944
474.024 381.189
538.779 481.632
195.974 521.308
353.018 687.768
1104.46 545.091
654.146 525.621
700.336 550.396
1136.28 501.284
373.268 372.806
977.562 485.154
517.947 702.223
457.691 306.101
510.803 405.85
510.193 703.217
1360.21 654.965
525.831 457.675
782.473 308.48
363.652 685.642
392.688 303.562
1164.2 481.184
1052.2 539.101
340.023 686.737
968.855 489.932
727.286 588.606
441.666 384.813
1076.04 568.866
205.902 598.909
349.861 593.343
292.807 539.956
658.721 518.563
508.846 478.583
532.624 704.251
571.152 456.237
402.308 373.272
435.305 562.706
446.121 313.823
571.197 316.778
422.527 471.297
1267.82 785.82
404.533 375.019
268.706 581.817
433.359 692.246
338.629 596.541
344.481 591.738
446.277 692.627
1092.86 539.401
213.012 749.02
304.169 547.62
468.746 444.328
606.886 474.968
484.576 309.39
342.743 589.399
461.936 698.807
472.276 317.35
1298.91 761.281
913.606 648.868
252.863 583.651
556.012 705.186
370.266 197.379
475.965 381.927
1134.41 511.281
452.148 319.386
345.276 526.37
1098.36 526.389
471.949 460.842
495.969 699.274
946.885 709.836
885.031 721.582
300.573 371.1
1298.55 624.405
252.448 578.423
954.542 502.861
283.651 497.585
1089.23 531.274
654.187 514.731
801.838 582.103
464.008 564.221
305.774 542.048
402.987 445.252
447.863 313.937
462.666 463.466
310.53 587.395
371.222 295.816
595.176 462.757
609.694 493.138
1056.75 545.75
1195.95 465.836
351.74 592.457
336.635 300.211
472.877 381.604
1081.53 533.919
301.951 581.465
1082.15 519.591
354.379 444.731
1200.7 569.325
1097.05 519.086
378.795 686.949
538.347 772.213
323.959 293.316
521.09 446.87
1103.1 525.984
383.13 506.994
470.396 692.674
323.481 586.754
319.74 372.945
793.096 710.746
1338.47 653.835
319.223 588.658
453.369 700.711
346.096 527.581
562.584 704.718
319.246 585.692
495.575 444.715
341.757 495.842
456.865 311.175
1102.6 524.632
396.566 386.821
357.99 593.181
345.186 501.782
1110.92 509.596
449.195 478.494
369.946 295.727
807.289 564.384
760.811 299.698
1306.76 756.619
462.666 463.466
308.893 436.284
466.922 696.998
848.19 611.795
1119.74 532.854
512.617 312.959
309.797 584.14
551.38 474.807
1184.05 468.873
572.228 318.767
393.279 452.51
392.316 685.954
353.504 534.843
1303.22 635.501
1005.64 566.884
879.557 624.714
373.825 683.069
207.43 507.5
569.049 526.756
654.562 313.704
334.941 584.68
1055.02 534.875
291.482 586.171
360.943 295.886
1339.42 681.675
501.275 517.935
199.59 598.974
799.855 697.823
454.278 690.961
675.282 618.827
634.653 540.137
703.041 555.432
558.673 701.263
554.395 431.21
376.694 544.992
317.175 369.088
414.529 691.085
449.172 508.688
575.088 700.392
788.782 671.252
532.504 698.023
515.503 700.659
365.177 590.327
454.212 377.992
758.133 296.205
508.187 401.308
1093.49 510.577
538.805 699.609
508.316 386.12
511.18 395.898
333.457 683.103
273.457 544.509
329.414 524.866
312.323 587.409
894.196 710.206
1076.88 558.444
801.336 572.025
1087.91 527.156
615.351 560.857
510.841 438.239
251.909 586.438
59.4358 393.915
244.549 585.58
910.69 619.438
347.101 680.682
365.861 594.944
1095.47 512.302
472.775 384.557
1163.99 516.135
485.715 695.609
326.748 592.277
377.583 378.757
1196.89 717.868
481.77 473.163
445.141 386.031
1011.35 553.965
989.429 491.206
495.969 699.274
444.089 371.11
1136.76 502.632
452.977 490.58
344.698 514.775
492.597 700.431
797.847 579.398
1131.3 495.689
1180.93 696.637
335.649 368.789
206.83 498.125
288.407 498.66
512.88 504.736
389.928 374.917
337.046 677.805
498.755 313.614
395.9 381.923
521.708 700.113
1111.66 507.259
570.403 706.083
971.249 380.192
988.792 631.438
345.665 687.823
264.508 581.254
574.359 321.524
358.601 592.182
276.892 579.975
464.832 694.423
687.323 565.86
413.122 372.173
1201.09 719.553
1178.72 470.6
572.194 320.752
787.817 711.246
364.01 689.117
1152.28 520.927
433.383 772.406
1022.09 548.769
194.484 488.786
368.28 367.461
454.188 316.338
851.326 618.23
468.247 690.827
291.939 588.788
338.234 301.665
460.739 463.64
890.699 715.139
1189.14 679.767
1040.94 539.167
389.467 531.939
1013.22 422.357
1182.77 684.33
639.862 586.644
1131.58 499.26
441.893 694.841
548.283 441.741
1210.87 686.294
338.855 461.578
591.256 543.114
1031.36 544.841
575.774 705.735
423.022 475.062
738.308 633.913
1091.7 527.371
577.28 450.399
568.042 319
368.888 682.705
452.531 385.827
393.941 501.189
373.22 368.153
349.001 461.274
304.169 547.62
1008.05 571.914
326.752 484.916
351.705 583.006
388.554 539.737
316 304.835
383.612 300.537
504.345 382.585
323.597 590.531
354.211 360.108
966.163 400.296
401.648 532.458
1006.44 555.904
186.409 507.179
707.73 567.85
292.669 581.849
1042.02 553.48
616.156 524.821
934.214 740.823
334.561 361.678
981.27 682.256
506.752 311.914
322.544 538.154
405.896 305.195
1091.76 558.389
428.665 691.792
341.112 292.638
492.461 382.406
973.629 462.351
297.312 586.706
250.473 574.379
924.383 721.279
456.39 380.697
1069.02 455.058
365.95 685.96
1025.31 557.718
211.601 512.545
1293.98 637.052
754.148 356.063
563.571 319.253
544.737 695.68
931.645 741.322
518.708 481.77
394.792 500.48
372.043 373.165
361.386 591.357
373.165 307.61
435.346 690.694
350.826 546.647
1013.31 555.97
445.489 378.002
1085.51 519.208
299.716 589.234
338.175 593.001
406.874 376.962
1076.88 535.116
388.257 557.825
1207.77 498.734
513.625 438.157
738.308 633.913
463.346 389.321
842.414 678.35
1069.02 455.058
363.652 685.642
710.595 606.129
514.052 378.037
513.648 320.488
288.14 586.813
255.957 584.635
498.755 313.614
612.474 479.907
330.835 591.154
373.256 296.158
462.145 544.346
331.316 584.26
354.633 299.33
493.649 695.698
393.331 531.659
584.57 774.145
1175.29 520.391
471.568 386.707
628.717 579.718
1292.78 735.707
344.945 589.235
357.916 535.888
890.699 715.139
1120.85 534.785
453.582 700.032
1077.39 527.212
1211.08 672.416
298.29 441.86
269.592 492.016
1360.21 654.965
541.205 525.202
455.163 446.585
23.4414 387.364
955.149 494.662
569.215 489.795
743.821 636.162
701.346 400.494
377.487 298.748
693.668 553.896
334.348 481.165
471.537 382.109
548.228 770.978
208.545 741.876
302.55 588.143
743.821 636.162
499.186 391.455
199.958 489.76
1097.44 549.175
645.366 551.706
1329.53 645.682
465.746 468.015
529.351 323.344
476.955 689.696
376.79 687.61
843.003 567.933
1166.32 474.929
340.338 465.627
616.788 403.141
230.352 486.648
1068.96 529.844
808.391 364.451
380.136 683.827
879.637 751.58
231.078 482.257
966.311 487.611
402.689 311.797
1133.14 509.838
353.16 295.254
402.789 694.269
324.205 296.238
432.433 559.05
227.822 466.557
762.888 647.344
952.667 387.858
383.651 549.431
459.777 315.276
968.322 481.397
1065.01 544.204
331.349 363.989
367.387 300.674
571.152 456.237
454.531 312.01
389.266 310.844
346.694 540.035
337.848 582.869
1063.81 528.666
677.705 580.849
660.282 516.904
1191.46 465.116
978.331 476.99
1211.02 713.99
1090.26 557.066
1086.55 519.174
475.221 389.169
1011.29 560.261
363.853 296.936
450.944 307.215
487.183 776.89
548.527 697.889
939.256 708.692
1205.97 673.046
380.151 524.852
471.537 382.109
575.3 759.715
458.572 557.426
459.777 315.276
1075.77 524.505
649.479 428.485
626.22 572.605
270.833 520.167
316.117 362.345
539.198 313.686
1179.43 471.069
401.479 377.337
442.482 381.639
1188.44 703.082
1006.9 569.619
498.816 694.015
422.784 383.937
1086.11 554.37
466.922 696.998
673.445 614.846
326.944 456.38
257.185 578.508
1130.95 509.193
293.825 586.517
1011.35 556.736
464.832 694.423
344.604 498.982
488.628 512.297
353.871 297.85
1356.88 655.085
1078.08 566.496
357.018 684.378
858.376 728.868
421.471 370.911
353.018 687.768
365.03 685.273
373.727 687.053
439.871 697.337
372.772 299.259
414.591 686.664
965.442 482.648
445.489 378.002
1044.4 543.811
460.796 559.173
487.537 774.001
388.554 539.737
303.746 363.014
873.666 627.799
1281.86 653.375
375.056 689.627
375.372 371.689
434.877 539.166
457.691 306.101
305.871 549.726
470.517 388.523
737.299 589.903
197.381 756.257
323.698 451.065
493.873 692.736
427.309 516.681
460.796 559.173
160.395 770.009
1268.34 637.044
475.199 694.894
1253.62 615.769
476.789 691.579
324.919 292.963
645.654 425.961
368.722 369.041
380.811 547.702
915.484 719.169
392.654 539.876
377.392 686.213
830.774 671.236
468.247 690.827
449.273 375.511
391.929 558.375
1131.92 675.732
403.727 474.156
901.389 789.437
481.558 501.875
1182.42 740.981
276.697 582.862
502.825 691.522
1024.76 553.105
460.188 560.787
518.708 481.77
388.583 377.049
320.905 363.297
372.591 164.019
606.854 523.886
717.244 794.581
296.884 437.743
463.038 464.303
531.176 412.27
852.863 729.305
1217 701.855
341.112 292.638
1095.63 517.695
326.752 484.916
820.99 406.74
1006.68 557.864
1323.86 640.327
830.774 671.236
488.328 423.847
455.254 311.57
906.331 645.077
495.959 700.72
323.789 539.222
848.682 573.003
820.294 559.101
336.456 684.164
493.661 375.779
282.527 440.513
223.857 517.046
785.14 633.859
409.319 546.381
1115.32 503.279
397.522 687.057
319.395 589.397
1189.77 466.864
448.288 310.465
1046.9 538.837
225.427 521.151
394.865 383.892
613.022 406.389
1038.18 540.475
414.626 312.133
1102.28 541.569
1101.43 514.925
565.849 699.263
588.653 466.261
1052.2 539.101
342.957 591.119
107.294 337.237
371.466 483.281
835.603 561.812
597.809 307.424
1073.8 537.566
784.791 628.68
1296.26 622.793
464.251 699.209
408.902 384.364
303.66 585.696
341.832 585.569
401.103 688.064
422.321 687.393
536.724 314.935
618.146 560.895
368.459 372.938
540.32 391.063
1072.33 527.028
746.561 291.791
546.149 706.171
506.004 389.815
433.926 694.996
439.345 380.972
365.587 687.428
924.711 745.788
1009.25 681.236
583.644 534.263
211.847 503.403
477.079 392.26
487.282 473.51
358.54 684.43
317.501 427.837
502.772 403.784
618.218 482.109
1188.88 513.867
293.525 583.031
1089.24 529.346
597.855 467.394
1010.68 556.896
855.636 729.133
575.774 705.735
624.303 533.872
1071.7 520.642
454.527 561.456
416.813 376.611
343.962 590.845
407.388 379.216
583.275 707.365
416.757 302.946
1301.51 748.526
651.742 528.104
894.196 710.206
346.613 683.542
834.413 580.512
492.11 508.873
406.133 690.057
506.004 389.815
970.026 469.522
811.819 692.806
409.767 533.149
454.429 698.622
513.34 509.9
749.688 294.705
360.943 295.886
317.48 478.022
462.723 306.366
405.896 305.195
680.237 615.728
413.53 381.791
192.858 600.087
408.185 693.956
329.216 588.142
1102.6 524.632
1038.13 545.714
565.6 707.32
1164.2 481.184
409.496 376.616
339.056 298.269
450.582 314.575
336.448 587.836
379.503 684.56
339.86 373.948
425.238 691.644
629.143 400.002
284.597 584.304
826.627 592.86
399.555 377.516
588.708 468.659
977.934 491.252
25.1223 387.681
1079.61 539.563
460.401 307.556
401.354 383.89
213.942 599.371
549.379 325.795
458.614 695.084
1312.46 634.708
291.482 586.171
997.739 648.635
631.09 576.812
490.44 499.643
1045.97 464.245
349.275 588.429
850.368 608.901
1021.37 556.727
1315.26 634.004
37.3298 404.22
372.348 277.661
1079.34 521.171
965.123 591.262
1166.99 483.008
436.702 692.63
827.864 668.889
231.343 458.211
453.361 317.541
579.908 701.929
468.772 480.039
519.247 696.788
592.158 309.364
1209.39 727.714
361.865 371.382
424.663 383.241
1132.91 536.27
486.35 503.83
314.949 585.979
594.215 548.162
470.237 384.796
1337.27 815.697
316.039 369.25
461.015 387.667
341.962 587.146
280.516 579.905
631.09 576.812
288.407 498.66
883.301 721.217
370.024 523.943
603.916 556.201
721.264 615.157
287.424 494.223
495.959 700.72
416.813 376.611
453.203 315.362
902.029 710.079
1093.69 516.595
1078.08 566.496
390.341 506.457
961.402 417.734
419.639 305.054
548.228 770.978
360.316 690.589
515.503 700.659
255.186 576.27
583.812 536.628
357.411 296.719
494.272 768.348
632.709 580.566
315.058 369.563
1134.19 531.797
1201.17 470.135
192.642 487.384
376.694 544.992
398.417 691.11
538.835 779.562
571.888 445.876
1120.12 510.697
486.152 375.172
1010.41 564.784
524.121 314.091
414.362 545.303
337.201 295.312
244.502 579.341
1191.52 706.067
1074.11 526.405
884.778 728.046
228.1 484.351
502.259 693.68
292.807 539.956
574.08 706.881
587.767 316.428
561.68 481.199
1119.61 538.47
369.932 299.734
490.81 391.007
265.283 581.795
1194.84 464.295
1055.65 529.291
722.159 570.383
740.186 592.329
372.043 373.165
556.43 703.676
1099.38 555.306
393.579 512.314
446.539 556.347
374.794 300.362
800.145 576.178
1178.6 707.807
495.91 503.61
561.152 699.119
478.788 694.807
381.861 376.879
192.492 489.184
284.31 509.131
586.223 701.434
326.944 456.38
389.764 370.633
357.348 298.009
543.338 523.699
445.098 690.368
221.048 514.196
1395.6 765.163
378.412 445.873
405.451 374.254
504.106 700.228
304.921 357.677
335.285 304.516
464.533 311.321
278.55 587.174
308.878 592.207
790.664 713.727
1025.47 563.056
264.23 526.427
1111.99 541.085
409.496 376.616
667.665 612.342
1131.89 504.672
444.665 371.387
334.95 374.255
340.23 681.023
351.188 508.896
1052.52 531.243
283.278 541.16
979.131 476.665
326.719 298.956
508.233 433.693
351.897 440.831
1054.62 536.06
329.699 687.822
1056.39 543.873
512.879 322.775
1274.56 784.286
1314.38 630.558
417.063 462.688
313.671 467.637
1076.88 535.116
521.708 700.113
461.949 436.039
309.627 296.735
1040.7 547.808
997.646 570.875
1190.31 472.643
363.853 296.936
470.046 382.868
698.665 577.664
492.358 502.357
303.577 548.714
1020.03 554.792
280.529 549.591
808.879 590.221
443.123 310.107
318.052 306.832
350.794 683.784
506.325 382.693
605.419 525.154
465.091 513.091
521.63 484.096
465.091 513.091
371.595 179.168
373.901 368.257
459.704 452.698
962.545 420.953
367.32 465.048
323.067 525.083
525.82 695.095
567.049 696.572
312.829 584.792
589.084 710.285
199.088 498.795
318.463 300.653
637.275 410.78
568.042 319
470.21 690.752
968.105 484.835
1059.61 540.074
385.63 379.025
466.922 696.998
330.936 501.361
858.743 731.619
393.914 380.414
924.535 742.676
1075.28 451.755
1164 478.519
517.227 704.586
509.743 700.512
311.923 588.712
1341.7 684.872
1356.88 655.085
302.55 588.143
414.171 464.933
325.989 581.672
1076.4 536.386
884.883 733.962
545.188 705.098
747.901 291.078
1175.29 520.391
1001.77 555.853
889.595 725.313
1018.25 554.183
947.666 509.735
1186.37 485.223
287.101 588.312
915.703 617.717
1278.95 632.668
637.34 542.39
586.394 782.158
425.557 374.545
318.467 296.742
357.351 685.626
694.209 561.211
887.556 732.892
884.778 728.046
1206.75 726.589
1065.24 528.777
545.343 703.563
1292.78 735.707
910.69 619.438
1110.36 508.376
339.212 363.127
503.941 384.191
364.114 296.148
344.736 365.751
428.2 689.979
796.333 578.143
544.695 300.802
454.188 316.338
1131.13 534.455
491.006 390.137
912.78 702.69
1105.17 517.916
403.155 692.222
324.76 303.264
443.573 377.723
444.567 697.669
355.846 366.278
358.661 364.155
1062.4 529.232
596.471 307.905
1183.63 505.607
463.351 312.221
1123.16 509.135
423.168 561.29
425.996 380.156
634.362 523.752
1325.92 759.999
1187.73 469.905
404.274 686.836
337.532 367.917
1134.33 538.323
977.562 485.154
1205.39 566.462
578.574 324.556
1216.21 704.322
317.663 364.231
375.087 298.603
1021.46 551.552
493.661 375.779
1110.44 522.419
339.435 466.388
307.183 296
939.877 718.099
885.155 730.613
159.14 770.726
1101.47 551.798
937.203 706.376
1034.62 540.276
1107.84 553.909
1169.39 587.388
1047.23 549.769
805.875 569.952
825.199 671.833
314.563 490.209
1195.86 717.902
1113 504.877
518.653 484.365
395.316 693.654
699.268 596.717
525.751 455.291
353.025 369.245
923.207 710.174
419.639 305.054
276.869 583.378
1169.39 587.388
315.535 295.372
949.408 389.275
409.319 546.381
495.969 699.274
1042.02 553.48
1096.19 528.948
509.656 512.958
1017.56 558.71
409.207 379.69
768.247 343.885
903.308 628.824
1107.52 548.925
521.732 311.939
401.334 520.607
805.31 584.645
804.309 581.727
884.098 715.294
389.422 483.901
361.386 591.357
247.674 579.597
674.617 573.619
522.157 695.173
1025.44 559.113
626.281 570.155
1205.91 571.702
250.504 573.589
311.923 588.712
367.642 298.425
490.815 504.207
1324.95 643.362
1131.7 527.229
901.666 708.215
379.839 368.98
507.285 696.079
1212.42 493.256
360.512 589.998
955.64 497.029
381.861 376.879
1078.46 557.723
292.807 539.956
573.739 453.746
382.508 443.147
975.689 497.172
491.375 309.999
951.361 704.344
1211.02 713.99
646.274 567.329
367.32 465.048
317.755 366.88
368.888 682.705
498.637 432.411
586.394 782.158
330.447 688.156
431.664 694.944
614.031 564.702
1155.46 498.855
353.871 297.85
556.518 698.631
306.192 588.399
399.883 689.342
399.642 693.286
301.715 367.876
548.103 434.643
586.223 701.434
1007.51 568.298
1166.39 547.105
964.001 463.935
1213.79 662.711
539.337 501.676
449.103 370.975
448.97 543.27
264.493 579.807
415.955 690.805
446.654 696.277
370.851 487.998
904.048 747.884
1103.63 514.661
737.318 574.203
373.901 368.257
879.557 624.714
571.028 702.081
339.614 552.85
899.101 745.641
1067.09 573.756
398.02 380.594
452.687 322.967
468.711 391.27
848.326 601.727
231.371 467.882
369.946 295.727
418.717 556.762
364.476 499.6
1095.73 540.131
615.364 558.395
1054.28 534.614
699.169 594.274
977.562 485.154
1215.02 676.025
481.6 379.982
1110.19 547.102
441.854 380.708
448.806 385.933
887.861 741.747
260.685 574.796
299.942 354.444
460.188 560.787
497.102 326.167
355.49 505.82
1307.86 758.356
375.761 295.853
522.931 299.411
492.597 700.431
592.158 309.364
309 593.162
271.7 586.684
302.603 550.841
465.933 500.093
404.533 375.019
1204.04 569.381
332.816 366.631
1097.48 550.678
828.176 595.631
1065.83 564.403
961.402 417.734
783.242 581.411
1393.31 714.13
363.091 550.258
452.174 560.812
464.8 476.467
193.29 491.413
1046.13 537.824
655.721 600.1
1011.35 553.965
743.821 636.162
747.245 672.225
506.999 385.276
476.789 691.579
858.15 610.641
585.786 541.16
340.714 291.377
250.473 580.006
220.253 522.163
277.978 685.021
335.649 368.789
1132.74 498.244
729.354 471.482
1028.92 559.863
515.591 399.153
441.264 465.397
896.761 713.339
1312.29 757.157
825.644 586.598
468.793 564.276
403.582 446.159
512.781 698.779
578.218 706.783
696.305 591.886
383.229 683.9
1024.67 561.76
197.637 520.194
576.078 704.048
305.924 356.012
336.197 551.014
1006.9 569.619
407.388 379.216
1267.03 781.413
1074.79 570.258
470.237 384.796
302.282 355.576
1198.66 695.713
1134.32 651.185
1209.31 681.599
552.874 708.648
1089.84 516.758
1347.52 744.378
471.993 773.734
459.839 697.34
909.149 719.596
674.201 676.884
961.402 417.734
319.431 297.048
1067.18 455.724
421.238 305.638
589.955 704.103
391.223 367.856
678.712 534.834
568.279 449.293
401.947 372.566
581.751 702.772
202.357 498.366
333.251 684.074
1349.28 741.507
22.7511 389.899
1038.18 540.475
569.613 784.288
496.278 379.683
654.562 313.704
1282.69 635.109
903.962 627.506
474.422 393.326
1296.9 664.616
808.573 587.377
383.558 367.601
575.188 705.925
977.201 388.103
476.37 384.064
626.22 572.605
629.823 578.131
432.576 557.393
1032.18 543.624
1059.97 540.866
1019.88 557.637
1115.1 665.426
539.295 699.313
675.282 618.827
522.948 697.514
224.293 720.297
355.411 369.171
1211.02 713.99
331.522 683.734
185.801 507.974
323.481 586.754
1149.93 529.937
353.871 297.85
569.681 705.51
475.408 384.782
618.55 484.941
968.105 484.835
465.3 530.649
434.385 768.593
472.959 467.068
779.906 584.713
484.118 455.184
209.892 532.367
1091.87 515.352
800.145 576.178
311.484 368.02
570.369 525.343
443.139 374.125
377.487 298.748
399.642 693.286
537.498 693.799
1119.08 537.579
754.148 356.063
452.288 386.757
1104.74 522.438
838.773 609.388
895.621 722.279
1020.85 563.842
291.59 522.333
1054.89 544.749
507.616 392.66
512.508 512.672
1266.88 738.613
1092.79 550.446
316.791 374.21
315.149 367.375
326.32 684.584
1130.57 494.247
306.927 355.369
1308.19 717.787
569.897 782.32
378.754 301.192
936.784 708.782
688.705 587.831
1110.25 510.748
394.807 370.624
352.429 507.921
1063.97 529.809
298.661 366.543
411.845 689.06
376.593 529.64
336.502 681.602
408.837 534.146
1093.11 513.148
1195.36 510.341
1136.88 646.929
358.54 684.43
1265.8 737.048
364.581 297.835
304.921 357.677
1042.1 541.218
1015.94 556.961
524.674 699.858
366.357 377.524
1044.4 543.811
631.364 401.778
398.741 299.044
740.817 633.71
1337.27 815.697
1049.15 550.233
1020.13 551.165
873.666 627.799
1113.12 521.497
391.106 550.66
362.696 590.294
358.661 364.155
246.873 577.076
540.877 428.688
30.938 388.707
1010.63 555.032
412.148 690.842
247.406 509.319
1131.44 613.085
495.967 387.764
410.219 437.72
1171.45 477.704
1246.84 697.887
507.964 395.3
133.833 317.299
477.133 380.69
333.251 684.074
440.538 464.458
968.35 452.835
118.157 330.22
376.593 529.64
679.196 619.656
1006.31 561.572
897.435 715.132
1114.99 499.146
566.12 701.351
357.877 681.611
1203.28 716.516
633.054 408.462
956.909 504.979
851.869 673.594
914.672 620.267
480.523 390.584
1066.82 529.898
389.422 483.901
317.755 366.88
1020.13 551.165
587.383 542.114
1163.19 476.392
404.986 369.235
186.409 507.179
918.294 705.616
1132.22 614.336
1133.39 652.562
443.286 697.771
1098 511.746
301.905 582.731
289.442 585.704
380.148 550.95
1304.76 628.843
346.694 540.035
473.178 477.172
769.874 303.417
819.71 406.097
1118.58 499.702
992.378 482.79
479.88 390.488
658.745 560.265
1038.13 545.714
337.041 690.059
319.74 372.945
1029.42 545.256
1020.85 563.842
263.877 585.82
278.989 585.625
1008.63 665.237
602.673 497.403
874.645 709.67
802.713 577.636
174.464 762.267
528.656 312.379
1086.78 545.829
606.832 490.809
965.348 485.294
1096.34 523.712
1005.12 565.462
350.678 589.914
598.912 791.28
490.81 391.007
944.701 704.658
410.259 558.798
588.611 703.081
807.65 649.925
448.806 385.933
331.292 289.17
677.705 580.849
657.157 619.797
270.37 580.468
570.783 710.249
382.272 689.044
524.625 323.116
30.938 388.707
1023.83 555.841
1135 509.342
977.761 479.649
1090.26 557.066
877.889 631.026
367.148 687.062
465.346 387.909
531.364 437.592
1265.36 736.427
503.494 701.257
570.785 708.389
485.827 421.715
316.682 292.902
650.405 597.838
450.992 690.688
480.523 390.584
1116.67 518.273
1267.82 785.82
634.362 523.752
540.9 704.476
360.705 299.176
469.905 378.907
1117.93 517.639
461.015 387.667
447.696 548.447
457.724 386.651
1186.74 472.838
1101.47 551.798
393.579 512.314
380.151 524.852
356.772 588.528
553.734 771.674
568.79 703.79
363.389 374.612
458.882 547.21
1010.32 421.412
284.089 544.747
1217.11 708.824
946.885 709.836
523.573 766.701
1073.51 451.798
1123.54 515.373
696.736 558.749
1189.88 704.545
633.928 574.166
1098.64 535.856
348.184 307.16
630.169 500.865
326.752 484.916
315.614 489.438
475.965 381.927
352.855 688.946
356.08 446.416
454.506 315.226
1075.88 451.806
440.348 370.085
344.203 307.163
355.296 594.932
349.794 449.942
358.376 515.855
897.113 810.644
858.376 728.868
464.046 772.173
1078.67 562.801
331.522 683.734
458.614 695.084
354.29 364.064
343.648 550.243
422.581 691.874
1113 504.877
462.143 694.688
359.933 588.565
321.354 301.907
1040.94 539.167
471.949 460.842
973.629 462.351
311.712 286.651
1070.36 529.112
1056.39 541.918
987.35 629.146
451.34 311.83
509.234 310.613
1203.05 680.137
365.95 685.96
1177.83 698.993
757.203 282.519
398.282 428.761
375.923 685.313
423.469 693.793
1009.18 567.656
323.443 297.789
417.26 687.386
555.573 432.419
442.486 376.582
185.801 507.974
186.409 507.179
633.619 413.501
946.443 700.34
1049.74 538.633
388.583 377.049
1007.11 561.018
383.874 533.744
626.813 488.429
465.161 691.738
305.333 527.345
377.392 686.213
1199.13 680.365
1074.3 541.106
285.063 583.649
268.819 513.489
647.868 560.664
40.5855 390.457
442.092 522.96
459.828 462.689
501.479 696.004
252.961 576.233
333.768 587.539
493.729 455.851
327.667 536.21
539.192 315.854
710.041 755.838
275.556 585.247
344.074 677.883
445.401 689.203
694.374 563.816
1106.09 525.381
1362.11 657.339
421.138 551.699
848.806 607.23
347.359 594.195
1188.77 505.395
597.809 307.424
328.088 587.928
1208.18 703.758
1306.36 715.061
410.646 695.279
677.202 610.829
1076.88 560.123
268.662 585.4
815.4 371.892
1048.48 544.146
1296.31 761.266
410.2 303.048
613.637 527.356
900.865 771.675
315.972 547.204
748.42 282.265
970.627 395.157
512.397 494.193
476.83 690.734
1183.09 466.752
1296.13 620.367
319.74 372.945
998.992 681.543
401.479 377.337
400.394 685.328
1058.23 538.731
755.317 288.003
256.967 580.922
1161.68 525.566
375.923 685.313
549.41 510.279
746.561 291.791
837.938 601.336
1209.39 727.714
865.188 715.141
946.335 503.342
719.38 415.956
405.451 374.254
1006.37 573.634
444.839 693
207.986 756.794
357.048 584.764
492.463 310.813
1130.87 492.344
375.346 494.562
293.804 583.873
316.594 307.56
648.885 525.804
1004.76 555.767
825.199 671.833
598.912 791.28
356.276 443.492
213.603 509.165
641.88 530.344
365.796 533.616
581.852 480.148
458.844 380.226
389.285 554.606
1167.46 516.481
353.025 369.245
312.515 295.938
1208.61 787.121
459.315 448.58
217.008 540.909
339.449 365.088
1076.77 560.679
296.544 360.392
213.773 754.732
247.002 575.551
406.746 371.742
548.182 439.326
323.959 293.316
609.857 561.336
1089.04 515.266
342.695 443.638
1155.14 522.544
1093.23 519.472
432.576 557.393
547.142 324.663
458.838 312.743
437.452 699.181
590.077 509.68
479.789 382.395
481.665 696.916
541.205 525.202
892.109 744.721
323.916 300.691
1189.42 469.252
405.29 387.338
846.684 569.238
392.459 370.695
303.577 548.714
589.213 310.5
658.319 594.814
342.893 688.406
388.591 542.154
578.887 462.692
385.106 688.517
383.612 300.537
816.262 727.748
1055.24 538.135
465.346 387.909
277.426 432.733
445.586 687.491
387.662 692.702
1301 771.226
1358.22 655.048
397.176 364.629
427.24 694.301
1167.46 516.481
395.172 368.888
957.123 504.058
494.819 503.35
522.948 697.514
436.444 690.489
503.456 393.074
481.558 501.875
1214.07 667.54
456.734 375.739
309.448 548.632
634.088 581.726
818.326 571.377
1296.13 620.367
386.855 506.543
1138.54 500.907
1196.19 709.804
1065.28 563.548
851.826 607.442
586.388 705.397
529.611 315.129
370.266 197.379
264.079 584.834
261.198 580.874
1033.17 542.8
1123.37 535.256
539.295 699.313
305.089 370.197
342.393 686.337
472.825 314.714
614.748 488.12
705.179 634.199
1010.78 668.854
521.708 700.113
486.757 698.718
208.289 508.877
292.545 541.863
1271.37 745.517
1025.31 557.718
463.296 551.94
402.89 693.197
326.701 594.029
1205.21 675.112
375.087 298.603
371.222 295.816
915.703 617.717
365.03 685.273
434.38 685.914
1188.47 469.769
1027.24 556.775
266.661 542.843
1112.86 548.654
588.614 543.366
271.607 519.768
1162.43 518.966
545.602 424.149
534.799 316.789
407.835 684.94
354.833 592.396
577.252 705.775
549.379 325.795
581.754 706.206
402.89 693.197
