2500
659.379 690.73
898.973 378.887
1275.08 435.677
456.079 771.08
611.766 785.238
870.726 383.799
574.359 311.146
994.436 296.811
1302.74 375.007
428.229 746.159
553.756 641.064
893.719 173.131
1065.47 396.052
1299.22 402.453
781.386 703.645
814.391 636.158
486.863 968.804
662.247 443.105
409.352 685.331
835.322 666.211
857.122 661.181
1125.73 655.057
683.643 553.208
999.654 428.167
858.329 670.619
638.704 758.061
510.941 519.187
550.688 861.598
1037.71 231.734
561.558 583.36
501.477 538.357
1014.79 581.464
835.849 354.437
440.958 740.793
628.134 581.411
525.604 908.897
737.844 633.116
386.614 286.684
828.825 198.59
1067.36 227.012
806.302 273.282
398.453 660.78
740.911 416.329
1013.27 545.801
624.655 807.937
986.75 294.036
945.848 81.0969
1025.43 414.501
491.911 386.225
850.399 396.831
688.75 675.682
623.877 530.828
726.336 733.15
565.293 565.378
551.17 313.906
510.578 745.058
471.76 667.582
566.875 882.421
554.34 619.839
448.734 761.648
875.632 176.788
951.724 243.284
424.283 151.102
935.111 364.973
1140.02 300.22
887.381 660.889
793.324 279.264
645.336 725.255
691.873 627.708
1236.88 387.383
717.115 174.7
469.379 813.082
506.818 732.772
886.745 664.977
1170.32 266.301
916.716 376.227
552.926 871.252
508.83 282.473
639.404 595.881
433.446 725.64
424.47 676.377
813.562 326.548
803.763 201.705
938.796 357.083
420.878 331.561
831.431 434.787
542.122 616.649
768.678 159.557
856.924 341.685
853.636 330.383
634.085 398.273
418.043 238.285
1412.07 349.809
1259.12 437.805
1109.56 386.001
833.617 344.8
736.911 160.196
460.355 737.145
1152.75 479.21
536.898 611.496
1141.88 276.684
1065.47 396.052
576.075 352.774
277.485 427.103
621.602 809.195
563.137 308.679
837.083 122.569
470.513 669.693
919.281 161.355
853.138 619.468
595.906 855.044
500.222 807.344
527.208 777.73
545.458 859.406
928.169 166.718
514.402 884.255
446.365 147.636
588.099 845.378
569.673 836.168
409.873 150.868
1052.33 516.676
487.225 286.526
1147.15 263.189
990.184 281.271
680.732 446.825
944.828 354.583
919.051 372.837
725.856 423.615
461.949 346.949
605.332 744.984
317.702 551.684
892.739 381.03
516.028 280.349
215.723 593.368
1406.67 409.177
401.752 154.921
520.378 297.706
516.728 841.819
553.37 869.069
429.281 607.533
719.859 789.274
871.777 640.183
747.915 164.818
527.313 513.568
550.788 816.837
504.324 281.332
582.203 379.024
540.903 611.693
1308.1 384.809
977.211 249.528
952.969 359.039
746.685 599.108
472.752 679.369
489.115 212.893
827.785 717.03
738.967 587.929
489.826 558.503
991.94 287.4
664.079 522.093
403.985 297.916
414.462 703.339
446.82 752.233
961.77 261.295
834.505 439.653
751.236 168.162
623.009 825.456
450.768 212.66
588.965 386.723
1020.17 419.585
686.83 429.283
520.62 513.122
877.985 180.94
635.146 583.644
725.856 423.615
452.713 732.766
589.699 384.202
755.684 154.808
728.223 734.271
1021.87 524.235
162.336 572.858
414.139 280.443
737.022 168.829
459.332 729.138
693.733 191.333
718.739 762.377
932.308 359.449
1338.95 642.296
1139.18 472.791
497.802 297.023
1038.71 526.431
558.841 797.056
875.544 349.821
858.237 288.08
503.181 822.749
911.956 322.566
1378.32 457.133
560.836 789.118
498.533 298.036
829.362 206.285
581.118 630.636
862.202 335.215
549.059 618.609
122.592 533.837
631.344 641.665
453.041 775.048
1124.68 240.491
526.125 822.72
507.286 743.328
510.13 798.645
673.395 444.609
779.624 146.786
801.17 578.93
520.624 517.463
914.231 101.342
462.146 776.12
870.772 124.77
916.327 366.228
609.141 801.761
1090.47 415.193
986.226 306.629
500.222 807.344
443.629 747.916
478.177 807.123
428.367 608.452
935.43 358.793
650.288 767.607
729.553 181.42
604.025 575.78
622.467 394.069
595.313 847.339
508.723 791.219
547.82 772.522
484.864 670.857
719.648 760.317
882.634 622.591
495.239 801.202
786.488 220.09
513.86 257.248
896.284 375.098
630.715 711.122
491.976 853.436
541.908 843.846
402.809 641.147
737.061 638.999
496.481 297.82
745.869 351.565
520.904 277.397
630.985 517.474
631.274 842.196
593.701 353.433
942.702 533.346
817.382 410.028
415.284 725.099
801.124 212.221
1128.63 386.363
1021.64 422.294
645.336 725.255
810.006 635.423
625.289 528.611
631.612 650.672
995.058 420.76
679.374 523.128
844.916 550.3
1376.76 456.711
1256.63 430.319
398.318 666.841
536.392 841.454
875.544 349.821
856.763 395.832
490.095 906.086
827.785 717.03
875.11 394.486
1037.8 194.592
711.162 599.825
865.039 675.305
1305.62 377.022
784.171 576.331
852.094 337.15
658.362 583.571
721.379 171.247
616.151 474.363
848.805 184.158
404.65 651.055
863.197 576.236
812.548 209.867
724.391 172.142
512.604 820.316
923.176 89.5745
565.387 887.06
519.38 150.819
992.368 424.165
1246.34 368.743
540.142 505.014
639.963 723.904
885.598 111.167
517.76 873.533
923.207 310.214
1306.35 373.839
630.217 407.568
1112.4 403.308
536.529 906.375
773.324 724.753
947.153 322.688
770.33 150.491
600.045 727.642
472.462 175.098
644.935 586.689
515.599 585.511
178.276 513.812
551.192 781.409
960.948 219.279
1143.63 568.774
885.589 657.023
1240.45 387.915
645.727 563.627
409.062 153.649
578.335 610.739
561.287 366.843
450.212 718.828
640.716 766.619
411.323 150.065
1053.72 396.8
679.29 524.098
995.219 289.784
628.659 582.885
755.094 670.273
833.078 284.69
749.518 291.428
397.37 292.689
864.823 635.275
935.111 364.973
754.616 229.199
360.417 736.523
604.8 805.224
780.462 147.606
940.237 520.19
850.279 581.34
646.355 518.11
437.151 695.748
398.842 169.549
912.162 636.816
859.312 363.274
490.113 827.034
1002.64 250.823
587.846 582.836
567.572 328.08
881.665 600.346
531.456 558.034
479.77 533.461
715.664 361.158
936.119 365.714
423.391 727.963
493.09 843.833
772.816 217.273
801.257 674.933
747.658 716.191
793.724 278.236
428.22 605.15
952.275 239.827
607.244 665.774
620.117 820.756
461.207 653.95
421.363 170.218
1262.99 321.172
826.386 421.415
671.346 511.315
805.692 630.221
704.22 759.169
877.464 386.688
1137.53 301.254
877.985 180.94
857.254 115.426
922.035 219.369
832.037 670.469
601.167 790.026
694.831 543.142
633.807 587.574
903.489 370.392
551.395 590.09
869.007 176.812
834.175 333.472
908.781 375.815
822.88 617.629
847.574 306.593
130.293 511.374
1094.84 581.412
662.449 517.981
927.272 308.878
840.674 445.773
966.337 663.689
1180.23 443.549
996.412 429.948
901.801 659.766
578.154 587.375
395.926 687.844
597.38 575.651
874.3 504.619
936.347 324.31
541.933 874.232
940.165 301.939
742.442 594.381
527.093 740.966
500.787 210.835
1284.61 729.29
784.582 690.338
862.678 570.626
1120.26 343.45
714.09 718.344
409.591 292.004
519.281 809.347
1300.14 382.869
635.281 706.204
722.437 169.054
1137.2 462.215
1006.61 296.06
442.355 758.272
1318.06 635.06
857.788 191.698
434.54 755.848
1041.35 566.861
566.574 587.676
517.46 275.007
996.423 56.1684
495.187 919.719
377.996 284.146
805.707 208.044
281.354 575.762
503.326 852.366
905.441 666.377
1026.69 583.8
1013.72 414.364
626.625 815.668
531.151 552.22
616.754 826.911
487.16 276.711
409.258 289.561
612.372 376.384
253.993 458.411
899.723 665.287
448.297 149.169
528.159 906.639
1007.37 207.769
1049.23 447.94
550.688 861.598
632.025 497.013
865.265 578.693
389.136 299.061
560.11 880.826
1088.98 417.189
548.814 809.834
504.806 523.303
733.608 319.72
932.122 365.666
877.035 389.166
1324.99 586.86
862.401 633.097
735.053 398.917
408.792 151.721
823.417 415.813
626.636 492.869
532.563 746.362
795.712 706.257
1289.99 393.155
910.871 94.6532
839.817 676.917
525.604 908.897
397.271 686.313
858.414 356.072
1076.1 470.552
655.348 558.741
492.378 533.995
870.231 180.587
369.934 147.617
702.721 470.589
535.902 782.982
965.124 315.576
1239.84 397.615
1129.45 337.34
543.105 852.057
563.251 804.097
867.996 618.141
515.958 796.114
557.452 876.375
860.676 113.598
542.069 634.402
536.732 160.603
1047.81 524.462
457.384 158.369
600.481 731.283
556.655 644.646
547.468 593.809
186.261 526.656
1186.69 615.775
989.008 248.545
472.352 196.498
561.409 605.926
518.296 723.401
565.387 887.06
716.352 175.096
817.201 198.849
599.393 731.731
511.87 717.379
265.56 465.393
483.555 783.036
500.278 537.205
733.144 351.902
1341.18 649.887
795.617 148.798
793.072 204.574
1071.65 552.096
534.287 832.181
506.676 569.797
628.479 822.472
616.459 813.079
1078.42 453.541
835.209 125.392
890.166 680.362
566.134 834.611
505.22 530.716
994.31 428.608
782.97 219.553
863.957 576.66
468.996 643.689
483.144 767.347
1038.15 528.649
255.38 570.626
467.513 798.83
722.118 673.133
735.904 431.715
438.694 344.188
675.315 755.294
404.947 703.699
522.355 602.547
1317.24 640.748
553.828 788.74
902.883 656.133
712.56 392.727
822.058 616.33
1073.26 411.729
666.756 528.831
531.984 898.989
597.55 620.367
1097.85 390.912
1245.59 431.945
761.624 225.957
1300.14 382.869
630.834 843.96
795.981 215.143
852.147 562.791
426.62 687.423
550.747 636.887
431.545 721.897
512.549 748.144
903.667 159.407
490.397 569.321
1145.53 227.624
786.335 142.073
821.764 648.067
642.474 724.898
731.665 729.203
481.633 898.414
536.627 903.949
391.399 676.614
1172.16 384.547
1034.44 563.576
1136.22 266.536
560.846 796.22
1037.7 411.735
532.448 646.088
1084.69 387.835
634.318 711.366
1260.3 547.148
466.452 751.565
1034.01 533.221
1221.93 381.021
705.649 596.896
921.267 291.245
397.206 671.662
862.202 335.215
527.075 769.287
855.688 700.526
860.102 116.885
211.792 531.803
1011.68 419.796
712.56 392.727
437.832 350.809
454.72 722.448
578.576 858.625
533.408 784.733
804.083 205.96
689.507 470.351
572.438 636.197
921.529 310.239
562.839 834.138
517.633 756.359
600.757 421.392
1133.46 253.96
1002.64 250.823
922.654 162.133
788.607 145.813
479.795 827.897
658.448 559.572
1021.53 545.07
905.492 322.449
574.371 346.268
486.374 670.094
398.207 679.505
1098.33 405.019
831.868 204.61
1010.75 419.853
629.229 541.861
602.591 798.222
968.548 242.904
529.187 515.27
606.442 798.761
541.753 599.333
478.566 808.804
479.323 769.721
637.049 660.756
817.382 410.028
513.736 587.143
1077.55 409.869
433.112 721.267
629.376 646.168
890.971 672.844
433.078 746.858
560.35 573.656
947.337 79.3689
850.409 280.35
593.723 573.71
628.954 579.76
912.87 283.423
1154.7 259.103
514.952 981.76
723.854 786.874
1228.22 386.591
410.773 278.014
570.118 818.277
457.205 767.2
861.32 608.952
1058.49 443.981
897.449 171.623
555.659 821.104
454.653 727.711
535.675 151.39
357.735 555.391
277.274 580.39
676.852 773.097
428.08 687.684
1098.36 414.24
945.258 323.702
748.403 765.491
344.266 559.092
526.542 886.776
504.89 476.23
713.214 221.323
977.881 239.859
784.171 576.331
743.925 738.152
512.846 822.363
285.257 599.393
478.937 696.383
421.123 308.174
601.795 665.275
967.977 526.945
344.695 144.358
532.713 570.049
635.281 706.204
1313.93 635.729
457.205 767.2
503.909 537.691
958.479 295.045
400.085 352.698
389.132 789.674
780.265 702.214
550.817 857.149
714.577 392.28
922.3 166.419
882.287 181.482
961.951 292.115
559.868 644.406
792.204 716.847
526.601 558.186
530.93 828.859
258.444 429.02
423.603 157.178
639.375 718.914
686.29 734.948
930.034 162.626
527.729 611.6
443.848 636.569
403.154 683.898
779.4 696.801
488.524 777.247
1191.64 546.826
749.092 157.433
535.173 752.084
528.966 826.91
491.795 913.638
417.766 724.767
500.73 923.582
630.994 830.737
544.787 852.676
590.239 573.897
495.698 793.744
368.803 292.71
631.264 519.126
568.605 844.244
679.374 523.128
553.382 540.526
859.496 255.151
562.22 831.816
617.563 394.679
505.258 789.892
735.098 745.67
103.679 546.507
634.318 711.366
432.828 698.366
554.936 781.354
455.74 780.915
268.408 606.144
943.642 321.285
368.417 358.197
1035.48 407.412
668.72 435.309
934.578 358.678
1330.21 542.769
471.644 803.571
754.568 230.989
561.64 794.877
390.83 148.381
531.456 558.034
679.242 543.223
413.344 714.27
1238.74 602.159
572.221 314.816
517.508 604.425
536.894 836.354
404.882 685.276
405.911 274.883
398.472 353.293
800.912 737.247
698.188 751.368
128.203 500.509
737.844 633.116
1316.96 486.549
649.411 777.59
517.508 604.425
709.664 441.282
495.239 801.202
846.035 123.268
474.866 756.496
500.269 991.184
451.733 727.679
855.976 288.354
517.633 756.359
502.931 531.365
397.49 268.819
125.892 504.221
949.612 215.456
629.9 516.233
1292.83 454.365
396.781 632.82
822.835 633.003
561.795 582.461
401.626 148.257
535.295 873.222
734.04 266.954
514.683 828.232
1304.1 366.299
423.404 708.648
772.816 217.273
509.642 874.074
485.503 898.122
411.542 146.206
846.538 199.179
553.22 498.612
758.317 356.523
711.5 406.321
744.885 443.642
1130 226.715
793.172 142.402
906.439 157.805
1031.44 414.243
419.722 150.953
784.582 690.338
886.966 174.341
461.672 742.411
801.797 204.653
567.26 835.744
784.171 576.331
885.065 662.46
658.662 633.675
858.772 391.02
837.381 295.555
812.219 209.201
545.088 594.592
939.831 237.984
883.7 172.191
694.775 739.88
549.404 858.154
1146.02 269.779
799.203 599.204
648.499 772.974
537.536 753.516
892.993 668.617
500.378 993.732
779.505 222.83
851.368 341.386
588.672 418.891
491.631 909.168
1099.33 332.257
802.258 137.238
608.299 399.883
1056.35 397.245
663.144 693.777
530.67 861.396
511.483 542.699
754.451 301.486
824.165 621.625
432.613 354.362
423.682 599.446
1162.63 219.609
610.127 551.808
930.076 153.402
409.488 711.567
440.481 155.251
455.576 651.675
525.222 890.191
486.621 675.575
698.071 637.802
400.257 669.868
1062.02 397.251
709.011 597.655
487.237 278.959
688.289 463.59
932.098 322.223
639.446 833.885
996.315 422.539
535.173 752.084
1016.08 607.269
623.935 488.678
883.805 177.05
1094.34 410.811
410.215 713.758
863.957 576.66
841.402 127.302
517.76 873.533
927.3 151.015
806.302 273.282
520.122 876.052
465.266 242.912
138.318 507.665
105.614 542.664
999.025 46.8852
1022.96 523.581
602.133 795.367
553.94 812.687
530.288 771.609
677.695 714.327
653.87 553.336
623.648 690.946
873.601 345.961
806.269 282.955
497.894 798.57
571.768 820.095
383.826 293.019
1120.66 391.498
1053.94 518.497
737.595 688.649
606.786 397.038
998.807 424.073
698.136 693.113
556.655 644.646
1392.83 318.586
994.897 424.071
783.68 142.602
460.256 628.643
763.145 219.323
461.672 742.411
386.933 615.147
547.103 502.153
1123.35 562.411
1038.04 532.205
692.759 804.172
563.316 801.341
491.549 828.493
751.273 696.708
1353.72 303.852
729.871 429.338
568.837 639.484
1027.81 513.614
1142.2 280.879
1143.28 476.412
693.727 425.758
564.631 841.333
889.36 663.35
462.92 637.414
699.699 564.838
1166.45 553.64
1246.15 466.065
1055.08 571.892
668.101 797.79
428.964 687.66
900.803 172.859
685.513 455.37
504.165 734.627
414.462 703.339
1025.71 602.535
1158.72 263.16
735.852 163.04
560.35 573.656
881.665 600.346
615.095 807.577
911.304 373.984
646.29 730.831
509.251 826.435
509.599 870.362
642.681 836.942
836.358 358.256
544.241 650.18
617.306 327.329
611.378 798.088
1135.31 360.537
387.522 147.786
792.71 699.932
859.282 685.305
547.142 853.303
804.455 277.956
590.954 426.407
973.843 236.663
1139.73 292.905
1329.48 412.106
1132.72 618.219
834.05 130.144
892.871 676.406
730.245 173.024
767.148 687.136
341.868 149.581
619.089 794.188
853.029 189.362
940.816 226.727
835.923 357.273
609.904 588.645
913.058 282.517
489.693 910.172
502.931 531.365
548.821 508.787
645.929 723.143
899.034 173.123
567.889 841.269
838.75 658.145
779.889 216.094
480.101 658.134
411.542 146.206
714.755 706.996
797.421 215.905
419.448 153.411
524.331 739.86
513.325 720.133
1294.92 458.209
697.804 629.079
520.026 846.074
103.146 552.571
723.419 707.784
769.26 631.842
781.737 283.865
847.574 306.593
348.202 461.511
853.16 691.644
1032.84 188.051
491.791 540.718
758.317 356.523
861.225 628.654
858.179 343.006
862.726 690.655
584.459 583.996
612.905 804.103
661.595 540.803
321.893 665.959
1012.65 418.672
783.943 144.936
617.14 806.912
762.833 618.197
489.417 795.172
566.133 518.154
892.208 374.803
1009.83 583.263
1059.1 395.725
528.393 154.955
1239.58 600.904
1150.15 260.936
612.691 787.062
641.934 798.214
1150.59 630.056
911.262 252.059
930.278 87.607
761.223 224.618
404.345 702.043
802.258 137.238
239.363 594.091
385.16 782.469
1315.01 372.972
1128.73 245.194
1155.82 389.763
405.456 651.227
439.794 732.55
623.836 394.298
506.386 786.23
589.569 850.78
367.36 144.913
427.677 681.589
550.383 815.717
770.833 628.34
480.866 689.356
662.882 565.905
618.703 389.226
507.329 295.633
857.817 397.93
403.922 147.774
924.171 369.493
819.764 629.064
487.64 786.673
429.71 685.62
522.103 764.245
918.667 309.434
278.141 590.953
1028.98 410.886
408.129 641.806
1095.77 410.932
1051.93 523.488
425.128 152.424
706.882 457.285
745.727 597.964
619.88 567.944
479.77 533.461
843.227 198.254
383.826 293.019
399.2 685.955
520.341 885.856
417.858 147.428
561.679 879.114
404.882 685.276
690.804 462.685
419.251 721.18
522.715 811.141
748.888 414.744
423.281 146.447
530.419 886.753
897.133 672.251
1125.39 246.827
950.922 254.603
1047.3 399.368
1139.38 399.66
684.804 609.776
1063.87 402.084
842.409 444.265
591.894 563.597
1037.13 411.008
873.558 584.492
527.204 897.606
512.177 876.684
672.472 814.594
674.956 818.481
622.219 326.658
719.23 410.297
698.87 759.136
509.645 710.294
796.832 601.598
438.694 344.188
790.709 287.821
654.841 677.702
779.889 216.094
888.806 532.114
418.891 663.523
697.673 640.387
1294.44 718.858
378.276 282.437
623.072 697.561
762.308 150.732
482.626 778.499
519.913 900.882
917.55 651.521
890.551 655.411
411.513 274.635
633.632 542.241
434.272 609.852
887.499 170.246
861.626 568.75
774.789 751.162
490.416 906.792
744.415 767.812
636.755 715.206
849.433 558.682
1313.39 373.816
429.392 686.942
837.6 135.914
469.96 752.711
509.175 829.233
456.079 771.08
618.765 806.551
854.268 662.102
467.537 756.212
644.209 564.672
935.456 214.639
519.373 802.341
1127.61 337.584
721.106 782.724
803.847 323.804
391.331 670.86
419.722 150.953
408.837 649.034
359.837 733.839
534.287 832.181
642.586 802.758
773.719 218.434
122.569 511.37
1319.79 531.55
554.936 781.354
541.338 632.294
838.75 658.145
441.025 756.381
510.349 281.653
627.248 563.838
781.84 572.322
1208.61 570.936
682.16 729.233
1122.35 510.659
655.889 535.073
745.354 157.09
478.182 771.067
850.135 281.578
997.588 429.363
844.394 125.797
899.855 165.935
1081.46 474.824
939.628 359.72
882.421 250.101
777.775 703.287
600.406 579.905
500.603 926.067
739.362 594.077
754.462 699.687
786.842 213.379
487.7 675.21
744.354 691.727
389.187 167.326
869.424 355.514
404.591 295.882
957.376 294.961
771.8 750.395
634.97 653.325
642.274 665.8
307.512 348.772
240.235 596.344
836.247 128.49
409.062 153.649
654.118 630.848
517.327 562.834
889.285 378.304
446.843 148.444
853.336 701.686
844.974 363.931
882.028 247.027
550.448 637.011
824 330.334
452.379 755.819
985.703 248.964
1029.77 407.448
526.386 608.112
864.527 391.302
426.641 680.15
511.263 818.399
740.38 165.124
858.07 123.946
493.1 524.102
903.402 627.344
874.55 322.717
882.247 667.62
609.847 807.864
624.859 561.8
215.874 587.66
858.029 337.868
1143.35 225.849
500.681 515.145
404.87 290.084
517.321 510.711
353.387 330.715
422.121 595.102
564.899 800.199
851.872 680.165
730.388 395.61
607.762 673.323
870.49 266.273
1044.56 191.687
430.425 607.415
380.992 153.512
670.026 432.544
484.573 693.837
628.642 785.069
505.696 810.391
354.857 563.671
312.905 563.273
600.481 731.283
478.325 831.398
99.1503 555.9
898.146 337.063
802.831 211.168
512.16 825.043
219.109 525.199
430.419 716.296
512.146 864.576
878.783 648.088
886.966 174.341
672.442 418.673
546.122 806.374
926.175 317.342
454.294 206.324
515.672 829.911
443.24 738.702
691.716 680.172
814.535 204.366
657.194 536.378
896.284 375.098
636.117 437.002
555.863 873.695
482.813 218.079
449.752 758.68
1164.1 669.301
1042.97 204.381
902.445 321.657
477.247 556.317
515.599 585.511
535.377 749.858
467.371 789.138
200.941 587.748
605.633 328.966
947.268 280.776
1131.58 306.845
627.237 490.935
412.211 662.721
649.855 396.729
836.247 128.49
878.054 636.766
557.426 878.715
566.669 640.661
546.199 851.8
777.811 573.279
925.39 240.741
996.22 234.681
134.616 506.808
418.699 278.867
543.382 794.206
689.667 180.506
1022.57 410.654
908.594 639.298
413.374 283.253
535.675 151.39
675.214 439.096
869.58 172.796
930.601 366.318
1028.81 589.858
475.183 787.735
821.999 413.987
667.482 642.859
492.337 847.218
494.289 789.791
1083.03 410.986
437.179 735.28
537.089 630.784
830.86 318.23
897.077 660.223
867.996 618.141
779.12 640.296
780.117 283.348
536.157 788.594
858.571 605.829
420.878 331.561
928.833 228.826
862.243 353.658
413.362 692.44
745.441 422.267
1335.87 652.049
544.578 653.883
725.952 716.356
1289.51 594.021
258.127 556.336
666.449 584.378
531.133 831.911
687.304 181.389
1128.39 250.291
1144.29 221.99
639.963 723.904
515.958 796.114
542.32 504.946
449.556 722.81
898.815 171.066
1018.48 588.436
685.078 769.739
380.992 153.512
720.352 609.64
426.62 687.423
295.739 581.747
1044.56 191.687
501.993 868.795
737.86 403.58
544.694 877.673
508.64 534.437
674.849 558.86
973.314 287.159
1330.14 415.261
524.736 291.557
578.731 823.486
658.999 823.345
934.852 231.115
559.398 883.359
682.649 671.31
872.269 110.159
563.967 883.394
492.485 293.034
1293.29 384.086
615.095 807.577
392.59 669.264
610.927 371.635
865.147 627.732
1081.03 389.122
653.443 781.508
775.383 747.759
514.789 603.563
1090.47 415.193
1068.33 386.655
853.213 621.819
941.589 249.606
522.081 892.342
620.173 479.791
397.627 689.904
1371.94 500.798
1019.35 416.676
820.847 411.789
659.665 693.688
611.331 404.638
484.506 675.123
862.856 351.896
1127.58 250.171
513.975 793.775
400.956 634.367
1260.3 547.148
419.448 153.411
825.63 658.63
697.804 629.079
861.396 345.543
710.966 595.856
1310.07 595.014
255.329 460.514
544.666 769.384
664.079 522.093
575.884 816.678
577.205 347.3
386.072 234.481
456.079 771.08
1038.96 186.572
1019.7 414.258
1065.94 496.478
463.092 772.786
431.097 718.259
743.396 221.442
465.335 662.629
501.05 727.891
508.642 792.259
1378.37 328.442
908.637 167.311
698.348 447.065
597.691 335.856
831.063 717.653
412.246 700.213
736.676 163.241
875.07 647.788
842.846 298.962
749.465 427.828
874.951 309.03
1172.16 384.547
553.193 499.766
496.416 722.696
494.742 970.037
1062.37 391.318
404.65 651.055
418.989 271.133
443.726 360.922
636.237 587.443
691.647 192.344
878.048 387.275
774.95 221.429
595.922 380.327
514.886 877.58
731.989 169.47
487.476 824.987
574.404 819.917
847.834 618.342
857.729 571.404
563.099 836.763
746.442 441.941
1248.81 394.324
928.251 158.314
742.661 646.775
940.21 529.343
722.514 673.809
812.298 618.127
1069.87 222.289
446.072 411.776
390.639 356.537
689.983 182.481
901.651 372.749
185.515 583.375
537.66 603.168
676.55 572.256
576.626 614.624
738.967 587.929
678.105 724.796
1259.23 449.237
250.554 460.971
493.126 707.151
1014.43 205.491
551.093 864.961
672.13 534.85
473.09 684.821
1103.62 404.832
545.041 854.954
672.406 434.155
886.65 305.108
681.186 547.397
267.808 577.713
549.875 804.271
797.737 139.601
284.721 608.71
618.922 807.783
655.609 625.654
898.39 627.04
759.759 711.191
558.966 793.75
961.951 292.115
606.411 804.495
1333.2 580.213
731.743 262.051
534.357 744.051
341.371 148.252
676.174 423.765
215.218 532.896
978.274 308.635
578.957 627.202
487.828 270.133
703.32 555.402
883.182 175.807
653.768 530.128
891.769 255.607
409.531 708.146
380.677 152.12
440.333 174.389
482.285 784.318
428.573 679.336
841.851 130.109
495.084 799.784
366.377 241.244
909.632 290.629
676.533 540.288
734.645 428.121
952.886 314.069
859.055 188.69
797.108 671.767
529.348 151.155
716.245 706.231
428.666 688.355
898.479 275.232
561.893 581.483
105.368 561.233
478.115 813.249
445.842 152.658
530.109 562.248
1280.13 276.095
619.88 567.944
737.96 273.559
614.213 789.692
868.776 397.338
756.324 224.335
638.663 594.045
845.211 195.985
711.173 768.292
1372.52 372.582
758.339 664.067
604.632 862.768
408.386 275.476
634.363 823.783
396.699 354.01
911.242 368.63
590.948 412.823
852.539 397.542
670.068 648.986
407.201 292.808
645.651 588.784
1047.12 447.762
490.811 789.416
561.287 366.843
496.481 297.82
213.311 528.378
911.809 370.6
1145.79 280.825
1036.91 239.993
455.349 762.133
531.908 780.071
825.45 202.253
470.373 173.221
1392.33 320.486
661.253 638.021
964.979 672.797
505.342 535.382
987.126 434.699
496.139 689.307
693.152 629.85
1073.86 420.467
642.474 724.898
794.637 205.59
820.347 329.177
1021.08 517.661
960.708 296.336
1021.66 591.016
840.531 195.628
514.119 747.933
427.869 603.741
474.187 401.776
540.593 793.65
281.746 583.739
897.077 660.223
588.051 318.335
518.198 549.844
375.532 149.807
498.345 720.575
548.076 629.149
597.053 411.911
1083.93 359.116
634.289 713.56
811.799 336.173
795.892 207.449
515.041 602.826
621.905 820.82
430.194 271.091
913.315 367.835
210.632 590.265
1306.35 373.839
720.438 786.23
854.851 364.435
1014.56 590.425
860.74 396.057
936.096 84.818
358.561 146.645
403.188 642.618
869.215 684.38
437.179 735.28
647.522 387.291
510.814 308.62
1053.36 420.562
1057.93 402.16
341.868 149.581
526.706 907.721
1208.61 570.936
526.125 822.72
871.91 623.691
536.94 877.783
480.765 694.598
611.146 804.475
635.273 789.13
496.393 798.802
1139.82 279.607
519.83 604.369
1082.67 379.849
869.68 580.779
819.579 195.819
534.357 744.051
1055.57 416.729
687.921 676.976
429.71 685.62
647.07 569.186
633.519 501.401
745.727 597.964
467.306 639.864
1123 336.665
1156.93 555.364
490.78 974.797
546.33 849.855
405.286 709.161
211.744 523.111
548.079 638.798
480.946 777.803
423.487 277.331
519.55 843.116
266.194 542.852
911.416 95.8353
200.281 559.113
985.621 433.122
548.375 646.586
846.468 197.392
782.163 143.63
614.299 805.459
642.586 802.758
493.085 296.729
909.521 326.171
235.429 471.748
417.826 167.843
538.098 873.311
844.916 550.3
488.682 784.457
1190.62 372.118
810.814 136.273
938.72 532.389
847.48 193.145
1101.32 394.782
450.591 752.32
440.809 761.761
751.009 158.963
788.974 663.359
515.483 888.74
504.641 533.313
710.286 751.874
418.055 345.428
388.74 299.784
880.871 391.581
1165.97 266.872
912.908 288.636
537.666 827.846
843.124 125.788
664.353 422.83
360.078 141.291
635.859 578.607
747.69 601.619
629.376 646.168
387.219 664.201
464.315 333.201
789.965 697.221
1050.8 517.569
1196.17 461.735
953.214 237.18
423.333 674.934
120.814 537.117
924.576 254.166
942.081 317.209
404.178 145.653
491.512 854.171
629.889 582.172
669.807 438.576
513.322 553.527
878.078 386.709
1047.17 405.383
649.447 670.641
140.857 544.641
1085.61 441.147
527.208 777.73
495.084 799.784
845.647 261.284
821.831 206.207
360.649 141.308
878.47 386.705
535.324 155.073
512.793 794.552
860.684 390.255
906.508 367.739
664.455 764.174
462.997 633.26
759.398 710.456
1205.05 255.803
492.516 828.901
639.028 656.213
639.598 830.843
462.09 744.988
430.442 720.441
538.459 153.047
793.724 278.236
521.162 887.613
1234.84 574.389
864.181 110.493
828.438 620.642
520.099 505.99
595.244 424.073
1120.19 635.149
763.279 307.718
906.821 163.558
837.138 128.343
501.477 538.357
486.604 791.583
310.863 650.721
841.443 198.078
601.701 394.27
486.993 827.499
509.664 717.246
825.971 420.575
712.812 466.404
1173.09 553.811
404.591 295.882
490.416 906.792
257.121 602.827
600.481 731.283
522.103 764.245
986.053 84.6133
258.266 569.3
380.675 363.925
1140.64 243.304
847.353 689.702
1366.52 481.672
879.098 337.083
408.64 692.289
1165.85 431.005
1050.8 517.569
675.942 516.94
254.625 568.17
838.75 658.145
1149.47 269.969
133.923 512.868
499.95 860.085
626.621 577.492
1037.27 188.793
544.263 510.162
774.419 639.708
1334.27 434.682
643.676 835.695
1073.89 460.292
547.975 622.166
413.362 692.44
531.3 781.67
911.261 162.013
511.898 172.766
615.937 558.104
500.671 925.794
718.942 671.087
368.364 755.629
695.054 545.012
748.766 599.344
289.4 631.803
487.64 786.673
622.22 401.135
505.342 535.382
794.752 579.936
802.77 592.263
527.131 356.592
499.593 543.74
709.1 601.81
517.298 760.543
629.366 570.418
538.477 606.733
502.128 727.422
828.661 277.647
432.252 734.232
534.667 531.214
550.487 775.654
810.195 138.358
443.879 153.314
535.76 787.192
1282.63 393.331
1002.7 200.448
420.529 147
415.769 664.719
1099.36 423.236
898.479 275.232
1134.25 282.343
938.792 525.719
495.95 804.088
1323 650.139
426.181 736.509
1065.9 480.743
1051.86 134.852
249.338 582.821
517.508 604.425
429.392 686.942
762.833 618.197
774.95 221.429
669.149 652.594
404.418 169.872
852.511 595.528
403.947 682.918
670.068 648.986
413.535 664.995
812.147 335.096
501.806 810.945
896.178 383.224
855.118 190.795
498.277 803.277
866.326 607.659
439.103 717.435
878.25 386.267
558.966 793.75
778.17 751.778
926.411 163.173
693.178 740.615
1222.67 420.878
599.227 341.946
578.627 607.083
888.125 664.087
430.608 734.815
917.55 651.521
609.581 404.223
437.631 352.046
942.388 220.705
132.854 566.836
527.093 740.966
934.463 156.552
924.15 249.716
492.345 910.37
616.089 404.891
545.382 494.723
459.391 652.801
553.37 869.069
917.847 653.168
622.778 834.087
517.76 873.533
453.99 731.919
534.842 373.292
910.233 170.76
445.707 541.96
871.212 388.633
475.837 683.112
682.699 574.316
546.853 452.805
1003.81 586.615
549.119 776.31
235.51 463.726
641.46 722.937
928.857 313.11
801.985 731.044
255.38 570.626
857.209 394.909
422.499 668.851
613.961 554.395
511.221 830.556
811.28 603.869
416.647 714.039
888.571 677.569
632.606 815.85
1127.61 337.584
459.982 799.801
733.878 431.368
677.182 443.376
425.325 745.468
949.338 293.516
563.866 794.238
1012.32 578.229
1009.38 417.826
1029.89 521.01
520.385 280.255
871.314 643.542
631.344 641.665
471.811 762.34
255.329 460.514
931.707 357.801
746.749 363.212
801.224 213.942
598.179 860.665
453.824 398.64
524.344 773.828
479.512 827.693
1299.36 360.809
920.985 159.811
544.952 596.374
657.209 682.781
630.799 828.59
765.124 154.914
647.281 808.7
467.879 750.866
604.274 745.739
652.18 570.466
782.143 221.348
638.386 784.787
693.752 564.298
977.93 224.658
786.335 142.073
893.193 169.061
523.433 514.09
1014.58 204.218
1139.38 399.66
558.749 634.087
627.693 536.267
1075.33 481.107
1014.07 546.848
752.791 217.953
761.342 152.921
615.854 682.728
799.281 140.94
543.226 840.864
683.05 613.858
857.804 698.914
898.646 648.795
521.162 887.613
683.669 421.591
610.157 795.977
619.943 690.207
831.891 126.615
500.805 691.514
897.397 376.119
833.606 346.078
484.66 788.418
891.694 170.21
415.73 669.405
629.325 701.363
851.802 400.248
464.719 811.402
619.262 819.866
1067.17 228.011
737.061 638.999
424.47 676.377
533.038 781.581
814.535 204.366
856.697 391.944
686.401 613.382
553.94 812.687
1113.02 520.127
881.179 333.037
684.804 609.776
859.552 184.139
714.329 699.559
515.814 746.138
657.933 558.982
388.889 616.757
443.903 893.164
1143.62 258.639
467.32 665.659
896.033 175.597
505.557 287.814
372.01 143.206
868.868 109.832
535.401 870.577
714.261 717.828
662.652 760.346
523.64 769.117
640.922 838.974
823.914 203.837
209.883 527.371
854.273 361.699
939.831 237.984
765.124 154.914
786.247 147.228
500.671 925.794
913.059 379.178
691.341 566.12
500.329 523.668
1097.53 407.044
806.668 634.448
240.821 537.752
571.138 312.681
1175.28 668.852
1173.31 395.322
1053.94 518.497
697.447 173.156
480.632 778.904
578.367 578.781
507.094 786.211
543.06 646.977
752.61 703.351
985.895 418.211
624.941 818.545
1089.77 428.886
965.659 665.604
679.29 524.098
631.184 822.616
608.565 673.34
627.051 701.398
521.189 837.599
923.176 89.5745
1027.33 412.77
400.611 288.447
1033.46 412.614
406.589 821.639
457.257 386.785
886.966 174.341
130.904 505.845
413.956 663.012
514.603 867.809
851.409 693.12
522.523 638.017
365.871 142.201
401.019 640.565
944.315 223.897
889.218 172.398
648.096 570.833
534.024 837.443
380.11 296.557
688.703 469.289
422.322 678.914
568.66 886.624
829.463 203.833
1046.95 183.591
541.306 799.844
513.325 720.133
522.239 314.697
372.014 292.6
156.844 575.626
642.029 805.801
341.868 149.581
1016.39 579.19
1331.48 358.109
842.059 194.079
495.181 550.679
622.354 530.721
290.889 544.61
909.036 162.908
406.051 678.851
757.569 155.426
838.773 201.508
383.34 150.608
635.146 583.644
847.013 251.299
435.735 754.735
405.097 646.76
1156.37 242.636
495.698 793.744
1037.76 555.396
926.779 366.624
552.078 633.346
466.162 635.722
837.074 356.721
941.755 357.201
749.286 167.78
1113.27 533.924
533.054 749.364
512.956 604.603
1000.89 240.911
417.701 660.687
434.85 727.892
826.438 319.25
896.633 676.314
800.754 682.235
652.18 570.466
665.299 794.658
414.934 720.99
749.335 230.079
393.229 353.474
437.832 350.809
530.014 830.951
574.457 581.898
761.223 224.618
740.421 586.459
831.063 717.653
489.523 255.476
574.438 617.994
649.265 543.754
802.373 146.667
610.59 554.308
930.638 529.188
915.152 162.52
525.869 737.282
1020.61 536.314
878.954 175.724
1149.41 270.593
295.739 581.747
929.122 241.895
890.467 380.95
535.881 567.735
840.272 189.871
510.276 342.72
912.908 288.636
503.231 732.079
821.999 413.987
588.926 381.487
437.197 702.406
1137.26 286.403
1229.08 487.219
528.173 778.05
396.91 168.622
807.793 354.494
1259.23 449.237
1176.55 676.269
870.842 300.815
458.605 175.334
852.102 394.161
833.455 133.067
885.211 383.584
1048.73 177.915
632.857 572.1
612.843 398.735
736.151 271.365
525.664 835.608
466.452 751.565
647.281 808.7
924.15 249.716
563.297 804.667
614.148 682.226
389.916 677.793
737.078 164.677
443.898 359.033
685.988 168.081
641.186 386.061
890.467 380.95
522.513 814.903
716.677 724.131
944.845 298.98
866.189 697.024
920.824 323.165
1173.93 398.672
843.155 367.364
414.558 693.94
776.471 147.657
1043.51 199.267
526.723 664.61
536.151 503.217
725.116 171.614
399.956 638.87
402.37 671.952
481.37 218.656
531.151 151.304
511.332 799.628
847.079 396.124
1124.25 664.13
512.897 744.833
413.821 718.234
832.09 660.102
784.867 212.345
617.351 400.483
404.109 350.934
698.87 759.136
1366.89 507.024
782.613 291.654
658.448 559.572
421.363 170.218
610.149 680.263
987.357 301.364
768.632 226.687
516.84 715.856
257.814 463.989
566.69 616.506
420.138 708.363
989.008 429.952
378.712 143.431
800.954 209.768
464.76 330.144
612.838 818.573
1113.76 392.165
800.376 625.057
832.902 191.618
1310.99 653.049
508.103 293.323
1011.55 544.652
522.103 764.245
1146.42 663.92
742.539 641.579
1020.82 413.348
778.179 700.482
676.421 811.69
543.136 873.246
1153.29 260.231
381.5 542.671
392.343 631.486
520.641 722.24
432.408 729.983
1056.92 441.607
815.459 202.232
869.021 307.141
394.507 679.496
801.259 590.247
636.731 711.835
747.634 222.617
638.758 722.24
732.752 264.246
487.2 556.585
388.083 675.162
1351.59 595.743
581.623 583.531
587.195 381.208
877.054 354.359
899.845 653.904
1228.63 393.586
1284.06 703.468
572.438 636.197
765.996 721.495
885.589 657.023
648.172 540.709
1149.41 270.593
787.414 209.657
581.045 432.625
735.793 636.376
617.614 766.627
463.042 743.745
476.815 174.853
775.911 224.329
565.663 519.327
481.015 810.508
683.709 454.333
551.093 864.961
1299.52 377.203
930.601 366.318
649.265 543.754
807.162 207.154
1147.92 472.144
918.029 370.995
890.363 676.165
551.488 639.113
833.771 435.064
693.152 629.85
942.958 519.341
893.435 178.24
570.186 839.31
385.712 152.675
1247.17 427.166
779.4 696.801
921.888 327.832
1139.82 279.607
809.587 212.984
681.904 422.793
520.341 885.856
459.233 742.782
1099.85 396.822
469.99 747.822
519.148 813.182
662.761 546.397
779.094 698.352
1056.17 399.684
540.593 793.65
810.109 636.339
1303.85 374.189
1151.66 218.88
910.313 366.911
679.546 546.365
1279.86 424.599
710.966 595.856
559.437 821.709
474.494 760.656
852.758 273.117
689.756 463.728
848.355 199.91
521.742 817.659
892.796 615.724
401.881 641.505
1012.32 578.229
645.389 832.762
909.857 332.755
837.41 197.298
538.946 866.626
251.031 459.365
730.898 396.838
747.452 742.946
1015.67 413.921
501.435 722.978
999.892 43.8649
882.028 247.027
445.707 541.96
520.209 514.05
863.197 576.236
626.218 563.184
389.19 168.201
756.879 667.077
678.212 664.125
257.844 434.596
438.694 344.188
541.668 851.822
603.478 389.646
436.631 761.268
647.281 808.7
1323 650.139
1362.49 449.967
900.634 267.768
621.487 397.534
699.167 446.544
612.763 809.52
422.034 673.644
903.063 376.929
1125.31 338.221
756.366 669.353
516.378 754.345
1053.72 396.8
570.833 587.728
542.784 356.632
851.203 617.315
1181.57 232.966
638.633 531.567
450.35 722.147
1310.62 632.386
1395.38 342.777
1053.18 407.767
411.765 703.728
491.631 909.168
1036.43 550.332
516.707 837.166
1020.64 606.088
378.389 143.499
614.348 475.147
1315.48 725.263
792.064 150.993
580.906 830.881
879.755 635.083
628.823 645.417
1137.25 306.498
522.157 582.141
519.122 506.749
783.419 195.56
889.383 381.286
614.741 786.19
1293.74 390.009
948.085 362.819
671.788 648.634
1040.92 555.833
947.268 280.776
870.347 172.675
588.206 416.718
953.453 303.613
658.842 581.551
567.848 802.815
729.406 393.699
996.423 56.1684
1131.15 299.469
245.496 532.438
529.446 570.754
535.295 873.222
474.548 546.483
549.119 776.31
715.257 413.626
519.052 882.914
699.135 634.517
494.147 716.762
897.397 376.119
785.184 654.109
1142.5 557.516
837.352 351.894
470.668 816.909
490.108 297.379
852.115 124.077
668.412 644.813
673.637 575.104
1006.8 201.497
350.727 555.583
1247.17 427.166
466.104 644.234
462.359 329.622
1027.84 588.727
434.062 697.559
498.049 924.4
783.943 144.936
539.655 506.893
535.319 638.731
463.092 772.786
725.63 167.536
473.327 190.735
869.98 119.085
997.792 433.27
404.825 511.317
850.241 188.721
861.938 386.755
634.324 552.221
1257.06 434.33
828.835 202.425
633.79 450.4
1111.54 355.979
397.423 147.666
473.388 818.403
570.645 637.865
572.579 614.261
726.464 177.216
568.837 639.484
661.838 637.259
851.03 300.351
733.853 748.137
1117.23 278.294
859.826 627.026
878.715 658.3
710.743 766.212
398.768 268.885
905.125 248.588
1317.24 640.748
931.06 663.281
747.452 742.946
214.337 530.65
1032.3 579.822
756.116 427.93
898.451 371.968
363.321 151.279
916.842 319.285
744.782 278.916
572.221 314.816
786.187 357.329
527.729 611.6
891.757 532.646
526.943 663.279
594.797 415.831
758.903 309.873
690.267 466.933
438.265 761.16
651.675 552.119
617.624 502.121
824.023 655.05
533.711 827.533
600.926 862.68
635.349 588.955
678.18 442.067
922.571 333.543
905.441 666.377
939.888 353.95
1354.35 506.519
404.455 668.63
525.305 882.652
488.739 566.537
674.024 437.228
503.117 817.584
1054.47 396.971
870.951 637.104
722.207 610.613
904.541 176.939
646.799 762.231
1146.26 473.684
806.382 139.325
917.304 321.652
613.867 342.392
603.351 736.796
822.058 616.33
418.241 696.426
854.62 616.869
865.147 627.732
740.209 157.74
742.961 441.206
1284.46 704.287
691.203 777.854
471.654 549.459
459.376 731.844
574.404 819.917
847.48 193.145
761.342 152.921
1120.69 564.625
704.445 419.832
625.827 828.17
799.605 579.694
864.271 633.031
914.231 101.342
806.375 680.313
691.023 625.615
417.516 152.408
565.601 805.394
951.559 244.95
502.128 727.422
631.509 836.866
695.19 779.778
493.545 805.321
590.314 384.217
920.206 363.092
833.808 279.853
996.601 280.823
1319.79 531.55
533.337 780.439
489.589 790.781
447.174 775
510.689 926.396
1247.99 571.563
495.402 528.897
462.997 633.26
499.177 154.067
681.479 448.949
1299.63 723.751
884.781 340.572
900.453 664.956
812.869 144.203
871.991 588.765
1073.34 521.255
1138.38 502.477
105.368 561.233
631.056 579.142
774.789 751.162
695.524 470.091
982.876 249.107
952.886 314.069
1068.85 402.573
510.814 509.38
619.085 799.649
944.446 242.012
430.425 607.415
671.683 433.815
1319.6 637.132
1313.28 639.409
1059.15 401.903
496.285 856.932
613.321 798.522
963.215 259.118
242.531 462.54
710.629 425.857
487.778 906.328
895.634 180.417
560.335 363.116
407.803 684.107
716.246 693.214
639.375 718.914
1221.3 445.59
529.543 545.521
638.099 397.779
592.769 423.142
202.8 588.232
488.207 484.754
628.823 645.417
858.428 593.537
950.922 254.603
992.188 307
174.303 580.308
1301.84 486.083
496.139 689.307
739.673 585.572
532.301 838.612
609.872 407.121
492.852 712.657
636.429 435.893
808.071 210.253
853.029 189.362
487.327 709.092
