0 4387
1 750
2 2541
3 2196
4 2873
5 1851
6 3744
7 836
8 2550
9 780
10 5899
11 1082
12 5403
13 3568
14 3181
15 4829
16 1534
17 5304
18 5684
19 1230
20 3028
21 3192
22 4873
23 1088
24 4595
25 5532
26 593
27 4387
28 703
29 3549
30 4742
31 4039
32 4424
33 3400
34 3742
35 5069
36 4405
37 5509
38 2860
39 2809
40 2021
41 5338
42 519
43 5299
44 871
45 2112
46 4471
47 4411
48 5233
49 699
50 149
51 3519
52 1301
53 1657
54 98
55 3195
56 1889
57 1256
58 1523
59 1562
60 5107
61 16
62 1280
63 4428
64 5626
65 1126
66 2937
67 1256
68 4378
69 1656
70 2985
71 4062
72 2701
73 2198
74 3667
75 2685
76 1235
77 2391
78 2463
79 2126
80 5651
81 5823
82 2851
83 840
84 2932
85 1513
86 4905
87 2178
88 2030
89 3770
90 4930
91 5218
92 5740
93 3563
94 167
95 1948
96 3438
97 5004
98 2142
99 6029
100 1554
101 5416
102 1813
103 1456
104 1963
105 5337
106 1196
107 3929
108 5907
109 5107
110 3920
111 5846
112 5397
113 4504
114 2231
115 1033
116 2387
117 3517
118 1904
119 5243
120 1490
121 5253
122 1578
123 5788
124 2452
125 4457
126 1906
127 483
128 5922
129 2890
130 378
131 3463
132 3361
133 4212
134 3180
135 3004
136 859
137 828
138 2958
139 4400
140 3517
141 1242
142 745
143 4725
144 2772
145 5342
146 3189
147 2578
148 1689
149 3711
150 3259
151 777
152 4389
153 1381
154 3041
155 5389
156 3546
157 5685
158 3522
159 2207
160 2169
161 1811
162 519
163 1513
164 1126
165 100
166 3027
167 1804
168 793
169 4203
170 4205
171 2166
172 3342
173 2784
174 1307
175 4940
176 5510
177 3441
178 2439
179 74
180 3731
181 2890
182 817
183 1183
184 1744
185 3254
186 2634
187 1576
188 3036
189 3483
190 750
191 2464
192 3775
193 1901
194 836
195 489
196 1906
197 5310
198 3687
199 649
200 5012
201 2561
202 178
203 5487
204 3028
205 1894
206 1032
207 828
208 840
209 3028
210 1257
211 3248
212 1582
213 1302
214 751
215 2178
216 700
217 5691
218 4081
219 928
220 3631
221 2556
222 2947
223 5404
224 828
225 973
226 5115
227 2913
228 1798
229 840
230 5402
231 1966
232 5422
233 734
234 2747
235 750
236 5080
237 3059
238 4383
239 1906
240 1334
241 4380
242 788
243 773
244 2599
245 1478
246 2414
247 3645
248 3487
249 3035
250 962
251 19
252 5910
253 4529
254 513
255 3220
256 1122
257 3195
258 2162
259 3631
260 973
261 2956
262 3231
263 489
264 505
265 5149
266 4569
267 2464
268 5862
269 4970
270 4967
271 2658
272 5470
273 4020
274 3585
275 1688
276 4013
277 5695
278 2161
279 3727
280 1645
281 2738
282 4414
283 1963
284 2083
285 5221
286 1901
287 1923
288 5772
289 1445
290 2642
291 3748
292 2568
293 4372
294 2335
295 5089
296 5828
297 4264
298 746
299 1701
300 5061
301 5395
302 839
303 4628
304 723
305 2299
306 3537
307 1172
308 3900
309 1966
310 3721
311 508
312 155
313 1659
314 3344
315 5243
316 419
317 551
318 2888
319 759
320 3014
321 2671
322 3033
323 5787
324 2344
325 4978
326 2018
327 1512
328 3315
329 446
330 812
331 5063
332 2285
333 1854
334 4711
335 88
336 2480
337 2956
338 2676
339 2999
340 2675
341 3222
342 2641
343 4530
344 4229
345 2533
346 777
347 170
348 218
349 759
350 2773
351 46
352 3224
353 3285
354 730
355 742
356 2029
357 5476
358 3284
359 772
360 2061
361 4361
362 3015
363 2537
364 4026
365 4022
366 1926
367 1230
368 4415
369 3116
370 5140
371 3008
372 2721
373 2711
374 2991
375 4571
376 1358
377 1909
378 1674
379 5147
380 3684
381 902
382 778
383 2779
384 320
385 139
386 3523
387 3698
388 25
389 5649
390 367
391 3202
392 4995
393 57
394 1301
395 451
396 102
397 3689
398 1913
399 2787
400 2701
401 5648
402 3658
403 3084
404 4411
405 1883
406 5304
407 2178
408 2227
409 1075
410 4263
411 4340
412 2286
413 2558
414 5460
415 3747
416 5186
417 3941
418 2765
419 3375
420 419
421 3364
422 5042
423 5404
424 2898
425 997
426 275
427 4326
428 4482
429 5582
430 4994
431 2958
432 4075
433 3252
434 3648
435 3510
436 553
437 3567
438 4684
439 1353
440 5422
441 976
442 5338
443 3491
444 3642
445 3153
446 1056
447 4479
448 1530
449 3283
450 608
451 3897
452 5437
453 718
454 2557
455 407
456 1966
457 5243
458 21
459 1812
460 2740
461 4261
462 514
463 712
464 4981
465 2052
466 4635
467 2708
468 3380
469 2162
470 4796
471 5476
472 1181
473 923
474 5552
475 920
476 2695
477 5746
478 1208
479 1151
480 4721
481 1256
482 1886
483 5552
484 3557
485 3064
486 1487
487 1363
488 3631
489 321
490 386
491 4073
492 5817
493 2884
494 3654
495 155
496 3008
497 3457
498 2307
499 998
500 3195
501 1061
502 4259
503 749
504 5247
505 108
506 5377
507 1061
508 5150
509 342
510 816
511 3666
512 3920
513 878
514 3379
515 2286
516 3517
517 4380
518 4156
519 679
520 5475
521 5664
522 3178
523 1916
524 4906
525 233
526 2188
527 785
528 157
529 5852
530 2994
531 978
532 2330
533 2001
534 2701
535 2178
536 2803
537 1230
538 1508
539 3040
540 981
541 1345
542 3567
543 2528
544 2046
545 522
546 3298
547 1066
548 2694
549 3927
550 4208
551 840
552 3028
553 5190
554 1492
555 650
556 1122
557 1085
558 4378
559 4899
560 1854
561 2038
562 2958
563 261
564 2455
565 329
566 3005
567 4359
568 1318
569 5308
570 4395
571 4746
572 782
573 2575
574 3139
575 5493
576 976
577 2304
578 5013
579 874
580 1130
581 1072
582 4189
583 4962
584 935
585 2946
586 3248
587 1950
588 4518
589 864
590 3248
591 341
592 3265
593 2700
594 1339
595 3472
596 548
597 979
598 2244
599 1264
600 2038
601 3885
602 5589
603 5672
604 3425
605 3235
606 228
607 2490
608 843
609 1874
610 2162
611 955
612 5628
613 3666
614 3945
615 130
616 4071
617 1992
618 801
619 19
620 5764
621 5313
622 840
623 4004
624 662
625 3189
626 3342
627 5390
628 4516
629 4724
630 2633
631 2785
632 170
633 5301
634 2874
635 4253
636 2253
637 640
638 3468
639 4721
640 3776
641 5511
642 986
643 2662
644 10
645 937
646 248
647 1797
648 1951
649 2491
650 1997
651 5804
652 4127
653 2119
654 942
655 3620
656 3714
657 6035
658 2701
659 2783
660 649
661 5056
662 2239
663 1256
664 35
665 1645
666 1693
667 786
668 246
669 1739
670 3896
671 5680
672 5699
673 983
674 712
675 3251
676 5041
677 3948
678 2901
679 5048
680 3980
681 878
682 229
683 870
684 2023
685 2346
686 808
687 712
688 2957
689 3822
690 5804
691 355
692 3478
693 3219
694 201
695 5505
696 4416
697 4460
698 786
699 87
700 2650
701 1879
702 3920
703 380
704 4360
705 2145
706 3523
707 4976
708 1833
709 1419
710 3615
711 4390
712 1797
713 2765
714 4262
715 453
716 4417
717 5432
718 5409
719 1528
720 4205
721 5027
722 3861
723 4523
724 4736
725 828
726 4145
727 196
728 5061
729 4386
730 2962
731 579
732 1043
733 5191
734 5967
735 666
736 3738
737 5508
738 2591
739 3575
740 2883
741 5493
742 2261
743 2018
744 780
745 5759
746 772
747 3743
748 4827
749 4379
750 3339
751 2702
752 1553
753 4976
754 2791
755 764
756 3021
757 2934
758 1478
759 996
760 3646
761 1681
762 3495
763 2727
764 3549
765 1225
766 2677
767 1036
768 4983
769 3113
770 4923
771 5691
772 1938
773 3457
774 6012
775 1071
776 4874
777 3200
778 5459
779 2581
780 4741
781 4362
782 5193
783 4383
784 4725
785 1091
786 802
787 4402
788 2087
789 788
790 4013
791 3694
792 3631
793 706
794 4049
795 5480
796 1714
797 3494
798 2194
799 457
800 816
801 3124
802 2727
803 4729
804 2692
805 2958
806 3801
807 2055
808 2592
809 584
810 3518
811 6020
812 5199
813 5369
814 734
815 2701
816 3208
817 186
818 24
819 1776
820 3317
821 2697
822 3573
823 3399
824 2270
825 3945
826 3021
827 4403
828 2113
829 2858
830 3233
831 3699
832 1879
833 4015
834 3648
835 1913
836 3594
837 1150
838 2645
839 777
840 2501
841 2162
842 2909
843 2488
844 3945
845 3211
846 3517
847 5070
848 2976
849 5045
850 1089
851 3025
852 354
853 480
854 5858
855 56
856 1941
857 863
858 5389
859 3517
860 4952
861 772
862 2733
863 3270
864 1230
865 1097
866 2902
867 3389
868 2460
869 4367
870 622
871 4957
872 3233
873 4183
874 587
875 2713
876 4620
877 4026
878 3937
879 4390
880 5950
881 3185
882 3110
883 4046
884 3003
885 3195
886 5003
887 3434
888 1622
889 1660
890 3549
891 2103
892 2516
893 1832
894 2452
895 761
896 4323
897 821
898 3609
899 3858
900 5610
901 1495
902 3260
903 1951
904 5116
905 1546
906 2066
907 4210
908 3371
909 2565
910 3306
911 1277
912 5988
913 4068
914 1903
915 5664
916 4990
917 5085
918 1854
919 804
920 3700
921 663
922 2188
923 1665
924 2996
925 894
926 755
927 4403
928 30
929 3132
930 2884
931 3118
932 85
933 4781
934 2298
935 3585
936 1175
937 1256
938 4665
939 3222
940 3988
941 3082
942 1554
943 367
944 2029
945 1256
946 1266
947 380
948 703
949 5116
950 764
951 2694
952 5082
953 5004
954 6011
955 5211
956 2072
957 1266
958 3517
959 1134
960 5757
961 2691
962 826
963 3200
964 4985
965 4971
966 867
967 5438
968 2548
969 5449
970 5451
971 4726
972 5639
973 3605
974 5661
975 3920
976 1813
977 750
978 1833
979 3137
980 3990
981 3318
982 1978
983 3517
984 1911
985 3066
986 1856
987 4645
988 1926
989 3065
990 2514
991 2493
992 1946
993 2838
994 517
995 942
996 3238
997 5065
998 793
999 2261
1000 386
1001 983
1002 1692
1003 769
1004 1629
1005 1360
1006 3253
1007 1798
1008 5101
1009 150
1010 1162
1011 2117
1012 2772
1013 1946
1014 4428
1015 1452
1016 2611
1017 3354
1018 5391
1019 3522
1020 5391
1021 1268
1022 3218
1023 4353
1024 4410
1025 921
1026 1828
1027 749
1028 1976
1029 5318
1030 3080
1031 3033
1032 1999
1033 3920
1034 5250
1035 5628
1036 1010
1037 5504
1038 5638
1039 5101
1040 3020
1041 816
1042 393
1043 2249
1044 2127
1045 1839
1046 5004
1047 3029
1048 2125
1049 4230
1050 1859
1051 3784
1052 722
1053 252
1054 2381
1055 1918
1056 3232
1057 2629
1058 2659
1059 1914
1060 2123
1061 5690
1062 5804
1063 5804
1064 354
1065 3163
1066 3325
1067 2178
1068 1856
1069 3639
1070 5831
1071 2722
1072 5083
1073 3735
1074 865
1075 4469
1076 2345
1077 1054
1078 2697
1079 4698
1080 1972
1081 2150
1082 3990
1083 5356
1084 3179
1085 6042
1086 3251
1087 2924
1088 1883
1089 3041
1090 4020
1091 2874
1092 4400
1093 2694
1094 4265
1095 2734
1096 1161
1097 4428
1098 882
1099 2952
1100 1006
1101 3931
1102 801
1103 1038
1104 3722
1105 969
1106 3111
1107 2874
1108 937
1109 2304
1110 3523
1111 2659
1112 945
1113 822
1114 4408
1115 5690
1116 349
1117 1478
1118 2686
1119 2537
1120 4721
1121 3028
1122 5732
1123 2281
1124 2712
1125 5212
1126 2926
1127 3423
1128 3040
1129 2677
1130 3631
1131 5457
1132 5400
1133 2154
1134 2210
1135 3751
1136 822
1137 5911
1138 730
1139 1274
1140 5779
1141 1912
1142 5636
1143 2073
1144 5630
1145 1745
1146 3519
1147 3230
1148 2207
1149 2795
1150 3517
1151 4013
1152 4401
1153 4773
1154 380
1155 5219
1156 2332
1157 142
1158 3554
1159 1891
1160 2387
1161 3517
1162 2695
1163 5779
1164 5155
1165 2800
1166 3454
1167 4936
1168 4994
1169 1296
1170 1865
1171 2084
1172 1715
1173 1047
1174 1208
1175 4755
1176 1097
1177 3687
1178 819
1179 1854
1180 4637
1181 386
1182 5068
1183 2499
1184 4174
1185 3510
1186 529
1187 2497
1188 3231
1189 5405
1190 4918
1191 3196
1192 1256
1193 1230
1194 2813
1195 5523
1196 6007
1197 3846
1198 3517
1199 805
1200 793
1201 192
1202 285
1203 3631
1204 1941
1205 3200
1206 5707
1207 3250
1208 651
1209 395
1210 759
1211 4944
1212 1423
1213 848
1214 2897
1215 1954
1216 3685
1217 937
1218 1911
1219 752
1220 1910
1221 2848
1222 3642
1223 761
1224 2015
1225 4320
1226 3052
1227 2577
1228 170
1229 4957
1230 1994
1231 65
1232 3180
1233 4362
1234 2560
1235 1055
1236 47
1237 4514
1238 3393
1239 3637
1240 3926
1241 4493
1242 1176
1243 1085
1244 723
1245 2003
1246 5392
1247 1256
1248 5233
1249 2076
1250 486
1251 3515
1252 1251
1253 4026
1254 789
1255 3238
1256 3731
1257 2355
1258 5738
1259 2914
1260 802
1261 3072
1262 2947
1263 4026
1264 4345
1265 5276
1266 4359
1267 5301
1268 4430
1269 49
1270 945
1271 1268
1272 1268
1273 694
1274 938
1275 5422
1276 2958
1277 5517
1278 3624
1279 836
1280 3837
1281 3691
1282 3887
1283 5623
1284 4428
1285 1690
1286 225
1287 912
1288 1913
1289 2624
1290 1736
1291 1495
1292 5404
1293 5038
1294 489
1295 518
1296 5491
1297 2446
1298 4483
1299 3954
1300 2688
1301 1094
1302 175
1303 5471
1304 742
1305 3194
1306 2817
1307 4161
1308 5138
1309 940
1310 2551
1311 2410
1312 1097
1313 2874
1314 3288
1315 3299
1316 824
1317 3028
1318 822
1319 3347
1320 5756
1321 86
1322 2650
1323 5213
1324 4031
1325 4977
1326 4684
1327 5479
1328 3638
1329 30
1330 212
1331 4697
1332 5914
1333 2101
1334 1012
1335 5432
1336 5813
1337 2839
1338 25
1339 3914
1340 4305
1341 4458
1342 831
1343 4903
1344 5691
1345 1905
1346 404
1347 4718
1348 4400
1349 703
1350 3585
1351 699
1352 1573
1353 3153
1354 126
1355 3642
1356 746
1357 2539
1358 5712
1359 5157
1360 3696
1361 897
1362 3984
1363 2154
1364 797
1365 2047
1366 723
1367 126
1368 3472
1369 3676
1370 4602
1371 5945
1372 1561
1373 2874
1374 445
1375 3306
1376 3120
1377 2784
1378 519
1379 2780
1380 5321
1381 6015
1382 801
1383 3533
1384 1885
1385 1018
1386 2268
1387 2234
1388 5816
1389 98
1390 4966
1391 5523
1392 1807
1393 4411
1394 2307
1395 3485
1396 4403
1397 5338
1398 730
1399 4412
1400 2021
1401 3410
1402 2260
1403 4403
1404 3439
1405 4977
1406 1222
1407 2641
1408 1698
1409 5122
1410 3567
1411 770
1412 1747
1413 3661
1414 4604
1415 5570
1416 3231
1417 840
1418 5900
1419 1150
1420 905
1421 2813
1422 2858
1423 1367
1424 840
1425 2496
1426 4985
1427 3095
1428 2019
1429 3645
1430 390
1431 2694
1432 4631
1433 2161
1434 5093
1435 696
1436 781
1437 4635
1438 5636
1439 2024
1440 1854
1441 2370
1442 1036
1443 3271
1444 4665
1445 2756
1446 4191
1447 5678
1448 1537
1449 3736
1450 3180
1451 1070
1452 3523
1453 3785
1454 2897
1455 6007
1456 2362
1457 840
1458 2694
1459 4659
1460 4523
1461 3635
1462 1417
1463 5945
1464 3594
1465 2746
1466 401
1467 4400
1468 5731
1469 619
1470 5137
1471 3703
1472 3663
1473 127
1474 511
1475 2384
1476 254
1477 1671
1478 4561
1479 3768
1480 1042
1481 2654
1482 3491
1483 1497
1484 5917
1485 3517
1486 3322
1487 737
1488 4352
1489 3640
1490 124
1491 2146
1492 784
1493 1752
1494 5767
1495 5415
1496 5710
1497 1347
1498 492
1499 777
1500 3079
1501 3036
1502 448
1503 1910
1504 5564
1505 2837
1506 4747
1507 870
1508 864
1509 2295
1510 5624
1511 3920
1512 3441
1513 251
1514 4468
1515 4403
1516 1339
1517 12
1518 4378
1519 3495
1520 5029
1521 3730
1522 3481
1523 1461
1524 5998
1525 5008
1526 6035
1527 1041
1528 5482
1529 259
1530 1208
1531 105
1532 220
1533 4109
1534 812
1535 143
1536 594
1537 705
1538 1339
1539 2017
1540 2845
1541 3638
1542 2148
1543 3335
1544 1893
1545 4212
1546 4264
1547 3041
1548 4491
1549 2446
1550 5645
1551 5663
1552 4097
1553 2958
1554 1230
1555 4697
1556 1524
1557 3585
1558 3139
1559 721
1560 1179
1561 1951
1562 5984
1563 2819
1564 1284
1565 5542
1566 3005
1567 2749
1568 822
1569 681
1570 3115
1571 1266
1572 3130
1573 723
1574 2111
1575 878
1576 665
1577 4014
1578 2615
1579 1812
1580 3040
1581 4980
1582 3631
1583 4827
1584 297
1585 505
1586 4986
1587 829
1588 403
1589 3673
1590 4980
1591 4021
1592 1587
1593 377
1594 762
1595 4073
1596 4335
1597 1073
1598 1071
1599 1122
1600 2138
1601 778
1602 2358
1603 3467
1604 3839
1605 2334
1606 777
1607 3457
1608 5804
1609 2526
1610 24
1611 1806
1612 2926
1613 3123
1614 795
1615 3695
1616 1072
1617 2694
1618 2738
1619 4156
1620 4299
1621 3792
1622 5141
1623 1866
1624 3444
1625 3607
1626 829
1627 2985
1628 2706
1629 2267
1630 1164
1631 778
1632 6036
1633 5542
1634 5546
1635 1126
1636 5309
1637 435
1638 3713
1639 2178
1640 358
1641 5912
1642 3263
1643 2330
1644 5149
1645 2990
1646 25
1647 4755
1648 1874
1649 2056
1650 4334
1651 374
1652 3093
1653 738
1654 773
1655 941
1656 2091
1657 2267
1658 3464
1659 1298
1660 4403
1661 710
1662 2679
1663 4498
1664 3194
1665 4734
1666 2528
1667 715
1668 1910
1669 1945
1670 4408
1671 2630
1672 2340
1673 5053
1674 997
1675 5609
1676 1914
1677 4698
1678 1465
1679 2869
1680 5808
1681 21
1682 2230
1683 2292
1684 1812
1685 124
1686 937
1687 2185
1688 1266
1689 4774
1690 1771
1691 21
1692 942
1693 3144
1694 5166
1695 4395
1696 4205
1697 5523
1698 1966
1699 5543
1700 4075
1701 2856
1702 3487
1703 3631
1704 2572
1705 4975
1706 2301
1707 2524
1708 5310
1709 666
1710 4161
1711 1268
1712 5328
1713 5928
1714 1949
1715 3013
1716 3607
1717 1319
1718 3238
1719 535
1720 3298
1721 78
1722 156
1723 4839
1724 5986
1725 5192
1726 5292
1727 1144
1728 4988
1729 723
1730 937
1731 539
1732 5405
1733 2031
1734 5651
1735 4308
1736 1265
1737 3450
1738 396
1739 2370
1740 3638
1741 791
1742 1973
1743 3033
1744 5242
1745 5846
1746 3994
1747 1813
1748 608
1749 2662
1750 2938
1751 3046
1752 5422
1753 514
1754 5050
1755 3024
1756 1949
1757 2491
1758 3779
1759 3114
1760 306
1761 4684
1762 3101
1763 801
1764 62
1765 492
1766 364
1767 3743
1768 5422
1769 5804
1770 2943
1771 723
1772 2319
1773 4414
1774 51
1775 126
1776 3926
1777 5050
1778 4738
1779 737
1780 2141
1781 4426
1782 1085
1783 3248
1784 2263
1785 4401
1786 2874
1787 2954
1788 4323
1789 1803
1790 4165
1791 313
1792 745
1793 1811
1794 6025
1795 1775
1796 2946
1797 3662
1798 331
1799 3178
1800 5789
1801 5912
1802 4403
1803 1776
1804 143
1805 2697
1806 5532
1807 2694
1808 3248
1809 5070
1810 2958
1811 1314
1812 2929
1813 2027
1814 4963
1815 4406
1816 3258
1817 971
1818 3167
1819 889
1820 987
1821 1259
1822 2009
1823 5804
1824 175
1825 4378
1826 1251
1827 4807
1828 3005
1829 1819
1830 3393
1831 1130
1832 1924
1833 5746
1834 4987
1835 232
1836 1467
1837 1970
1838 5836
1839 761
1840 4037
1841 2746
1842 3092
1843 3531
1844 523
1845 2837
1846 812
1847 5635
1848 829
1849 306
1850 1939
1851 819
1852 6006
1853 5003
1854 2038
1855 419
1856 2229
1857 2537
1858 2736
1859 126
1860 2577
1861 518
1862 822
1863 1976
1864 3515
1865 2825
1866 1894
1867 3886
1868 3720
1869 4619
1870 3947
1871 5570
1872 5687
1873 1622
1874 2633
1875 3523
1876 2474
1877 5299
1878 2821
1879 1232
1880 777
1881 4634
1882 793
1883 5389
1884 3985
1885 2958
1886 2105
1887 5945
1888 218
1889 4402
1890 2304
1891 2697
1892 2680
1893 2790
1894 828
1895 2049
1896 752
1897 4346
1898 5389
1899 3189
1900 4413
1901 5053
1902 782
1903 3218
1904 4966
1905 4976
1906 742
1907 723
1908 1039
1909 1549
1910 4750
1911 5266
1912 3305
1913 745
1914 781
1915 4952
1916 3457
1917 942
1918 1470
1919 3285
1920 2919
1921 3999
1922 1171
1923 1236
1924 819
1925 518
1926 2694
1927 5412
1928 2985
1929 2852
1930 469
1931 1917
1932 5792
1933 4394
1934 4717
1935 3920
1936 2679
1937 3104
1938 4151
1939 2490
1940 821
1941 4218
1942 4559
1943 3561
1944 346
1945 3305
1946 2023
1947 730
1948 3040
1949 5101
1950 3103
1951 781
1952 5765
1953 3940
1954 3095
1955 5609
1956 3040
1957 4468
1958 785
1959 3920
1960 1235
1961 4988
1962 3463
1963 5359
1964 2656
1965 945
1966 3328
1967 4998
1968 462
1969 1949
1970 2642
1971 1817
1972 4559
1973 2280
1974 2692
1975 1570
1976 2126
1977 2351
1978 1242
1979 2894
1980 3248
1981 759
1982 3517
1983 2094
1984 3819
1985 702
1986 3205
1987 3051
1988 4557
1989 4212
1990 3285
1991 6007
1992 3084
1993 1699
1994 5118
1995 1427
1996 1046
1997 403
1998 2232
1999 1975
2000 5510
2001 999
2002 3322
2003 4604
2004 3614
2005 4528
2006 4993
2007 4823
2008 5474
2009 1713
2010 4976
2011 6029
2012 1905
2013 2707
2014 908
2015 2178
2016 4298
2017 4402
2018 3515
2019 4530
2020 898
2021 2866
2022 3590
2023 840
2024 5404
2025 1172
2026 1256
2027 1334
2028 2039
2029 2142
2030 5525
2031 1230
2032 4881
2033 5066
2034 700
2035 5493
2036 1628
2037 109
2038 3646
2039 1061
2040 4202
2041 3482
2042 3949
2043 3933
2044 3186
2045 2182
2046 3126
2047 4218
2048 3622
2049 3212
2050 89
2051 1021
2052 4268
2053 5838
2054 2178
2055 25
2056 546
2057 777
2058 2439
2059 1622
2060 4372
2061 2999
2062 212
2063 3749
2064 1814
2065 2019
2066 1350
2067 1857
2068 1166
2069 5907
2070 3179
2071 4029
2072 665
2073 3841
2074 2198
2075 4020
2076 518
2077 4575
2078 3517
2079 4408
2080 4508
2081 3306
2082 2254
2083 509
2084 1772
2085 5647
2086 2907
2087 801
2088 2016
2089 2255
2090 1570
2091 3897
2092 3450
2093 99
2094 1257
2095 5201
2096 2897
2097 5254
2098 4661
2099 1991
2100 887
2101 5719
2102 5926
2103 4697
2104 4357
2105 4260
2106 2662
2107 5123
2108 3458
2109 724
2110 1789
2111 5848
2112 871
2113 1558
2114 945
2115 6006
2116 2337
2117 5017
2118 5782
2119 2044
2120 4359
2121 1676
2122 5615
2123 2460
2124 5461
2125 2990
2126 2839
2127 4674
2128 3219
2129 1551
2130 5804
2131 1015
2132 3020
2133 2223
2134 1433
2135 4962
2136 1338
2137 3926
2138 897
2139 4681
2140 2874
2141 5038
2142 170
2143 937
2144 829
2145 761
2146 6017
2147 1772
2148 2093
2149 3595
2150 4990
2151 3736
2152 2694
2153 2816
2154 4394
2155 1036
2156 1043
2157 912
2158 4328
2159 2403
2160 3188
2161 1931
2162 5783
2163 2530
2164 0
2165 3922
2166 745
2167 2591
2168 3033
2169 5618
2170 2077
2171 344
2172 4395
2173 786
2174 2178
2175 1197
2176 2053
2177 1454
2178 3437
2179 2543
2180 4990
2181 1684
2182 4421
2183 5259
2184 5096
2185 5602
2186 3218
2187 745
2188 1353
2189 25
2190 5010
2191 2137
2192 1066
2193 4466
2194 2228
2195 1664
2196 5781
2197 3662
2198 4237
2199 2836
2200 1620
2201 5096
2202 1256
2203 3101
2204 840
2205 1334
2206 1038
2207 725
2208 1875
2209 2848
2210 3195
2211 2550
2212 1583
2213 790
2214 3642
2215 5755
2216 3517
2217 1061
2218 1910
2219 5870
2220 1913
2221 1068
2222 5991
2223 3005
2224 2701
2225 3
2226 3339
2227 1977
2228 5114
2229 1085
2230 5339
2231 4595
2232 1150
2233 3609
2234 2702
2235 2140
2236 5779
2237 5051
2238 5665
2239 5651
2240 2347
2241 2295
2242 4966
2243 4437
2244 3176
2245 5851
2246 3474
2247 625
2248 3387
2249 6032
2250 1762
2251 548
2252 3779
2253 5372
2254 182
2255 799
2256 3990
2257 3216
2258 1562
2259 1837
2260 4769
2261 732
2262 322
2263 1736
2264 3986
2265 3556
2266 3522
2267 2178
2268 1672
2269 3851
2270 975
2271 4839
2272 3452
2273 1557
2274 5073
2275 5581
2276 5225
2277 1172
2278 3157
2279 2178
2280 1257
2281 63
2282 3457
2283 1811
2284 68
2285 3922
2286 1826
2287 740
2288 2005
2289 2547
2290 1924
2291 4435
2292 4268
2293 948
2294 2186
2295 584
2296 5447
2297 4916
2298 730
2299 5391
2300 2018
2301 1566
2302 1636
2303 5325
2304 5405
2305 3398
2306 3631
2307 472
2308 2105
2309 2740
2310 2178
2311 3216
2312 4395
2313 4293
2314 3227
2315 4071
2316 1287
2317 1202
2318 682
2319 5835
2320 669
2321 5468
2322 4879
2323 1952
2324 916
2325 1465
2326 2958
2327 1992
2328 5510
2329 1227
2330 1270
2331 3995
2332 2304
2333 947
2334 1222
2335 2636
2336 1545
2337 2144
2338 1868
2339 1643
2340 2536
2341 865
2342 2440
2343 1545
2344 1224
2345 4670
2346 3549
2347 1185
2348 2284
2349 629
2350 4395
2351 3597
2352 4086
2353 759
2354 3605
2355 1085
2356 2475
2357 2934
2358 2813
2359 5308
2360 220
2361 694
2362 4218
2363 2454
2364 1950
2365 2735
2366 2266
2367 864
2368 983
2369 4330
2370 944
2371 1280
2372 25
2373 935
2374 2591
2375 1314
2376 932
2377 1015
2378 3040
2379 3528
2380 3028
2381 698
2382 681
2383 5816
2384 4827
2385 4498
2386 6029
2387 2730
2388 545
2389 977
2390 1899
2391 1590
2392 3095
2393 1910
2394 2671
2395 2203
2396 780
2397 2921
2398 4359
2399 1585
2400 5073
2401 997
2402 4185
2403 518
2404 777
2405 904
2406 1913
2407 4681
2408 4413
2409 5059
2410 4866
2411 4437
2412 2379
2413 5409
2414 5073
2415 4086
2416 5507
2417 1563
2418 5301
2419 99
2420 5206
2421 4736
2422 4738
2423 791
2424 785
2425 2340
2426 2178
2427 3623
2428 126
2429 4077
2430 694
2431 955
2432 4940
2433 811
2434 3482
2435 5056
2436 1478
2437 5406
2438 4420
2439 705
2440 1828
2441 246
2442 4
2443 1932
2444 3062
2445 1467
2446 919
2447 4424
2448 5632
2449 1130
2450 3990
2451 1119
2452 1813
2453 4174
2454 4725
2455 3041
2456 2249
2457 3621
2458 788
2459 551
2460 1960
2461 781
2462 3784
2463 3194
2464 3821
2465 1935
2466 1374
2467 719
2468 4523
2469 1913
2470 4515
2471 3801
2472 608
2473 2702
2474 2173
2475 130
2476 4945
2477 5479
2478 5658
2479 5930
2480 3803
2481 620
2482 149
2483 1055
2484 971
2485 3231
2486 1130
2487 5914
2488 1934
2489 389
2490 1401
2491 4966
2492 2722
2493 5306
2494 5364
2495 5846
2496 5041
2497 2053
2498 5134
2499 694
