2500
968.215 526.737
1189.94 361.874
653.712 380.338
634.585 372.266
1171.05 668.49
237.896 542.144
1069.03 702.047
843.462 359.832
1070.76 231.621
197.102 557.512
1181.74 458.242
1118.71 405.713
1073.57 679.943
243.869 498.565
338.607 490.28
270.887 485.501
281.136 505.748
841.567 415.298
241.346 489.966
226.009 567.74
1211.45 446.464
1078.16 341.68
993.731 350.514
1215.62 389.209
1192.02 697.828
302.095 631.689
846.197 396.587
995.615 340.473
422.203 801.448
1055.38 261.017
904.988 433.832
886.333 364.362
664.86 366.225
915.327 351.55
425.616 774.213
851.683 406.362
1063.85 661.88
281.404 491.573
1082.13 241.146
331.629 427.923
612.292 381.323
847.705 392.923
962.76 519.534
386.841 591.128
1121.88 307.417
263.243 478.945
624.133 403.682
328.946 699.687
662.173 387.213
1113.74 477.054
989.388 520.337
843.46 402.183
638.21 408.673
594.386 603.275
855.804 389.111
672.873 408.627
1081.71 679.969
330.915 448.18
908.999 451.607
1268.2 602.839
1064.42 654.377
675.392 391.384
675.307 404.927
1295.09 479.884
633.171 400.343
863.976 396.232
1259.62 631.044
1068.85 698.622
360.38 525.265
280.691 476.614
677.823 399.193
1025.16 590.434
1233.19 416.751
885.335 385.514
903.261 433.123
1083.37 684.865
1011.18 632.317
372.864 461.913
1125.64 385.181
1218.94 531.398
1037.05 624.131
907.993 455.298
1127.71 310.735
970.588 365.033
985.886 523.245
852.497 374.418
421.824 453.704
1244.85 600.418
272.491 448.91
1084.1 693.177
1068.72 525.791
1121 735.343
415.178 447.777
1032.8 412.062
662.842 401.772
1196.44 483.145
1115.08 405.785
1059.83 445.619
350.39 534.117
615.191 408.676
1046.43 507.286
670.596 407.397
1177.27 565.067
641.348 391.71
1110.74 736.632
356.342 473.629
975.232 361.396
1176.81 703.602
842.987 367.219
662.842 401.772
623.887 412.676
674.344 401.069
254.619 581.76
901.513 394.35
1034.29 410.172
989.591 336.541
940.985 393.256
1090.14 408.984
246.111 494.967
283.921 620.995
337.239 420.626
656.123 387.246
970.735 543.514
846.49 393.941
246.111 494.967
1028.16 519.226
982.327 379.686
1147.56 493.621
371.598 416.38
1117.6 728.952
1202.54 480.899
964.168 513.335
671.802 396.352
1334.8 539.923
1299.85 488.12
880.056 386.983
214.735 553.64
456.621 485.946
946.752 520.894
282.388 488.458
239.04 496.523
422.714 715.579
670.401 414.119
958.959 334.692
318.056 394.85
913.915 513.461
877.164 412.887
998.117 443.577
204.528 553.442
362.236 443.524
259.156 476.915
838.56 376.354
675.533 403.189
953.234 498.271
848.038 390.684
1094.23 483.012
219.581 604.562
389.395 600.522
1208.28 375.709
1164.11 672.178
922.38 342.195
661.169 381.208
218.33 571.765
225.623 496.121
409.559 692.78
960.418 402.581
973.573 531.51
1069.35 233.329
1287.94 509.998
659.586 372.331
1142.07 321.98
905.625 349.807
917.356 508.103
313.895 614.858
848.45 403.919
924.878 355.745
1019.48 602.978
312.746 427.531
328.068 537.988
961.997 537.582
878.661 402.1
641.694 381.415
1205.51 373.255
282.388 488.458
1020.6 622.062
1135.48 674.679
1138.71 675.849
1183.15 675.639
1198.91 615.13
1030.97 476.31
1047.97 505.201
185.739 538.91
868.578 395.699
1041.08 301.384
1180.67 672.895
1209.37 480.855
361.31 591.27
223.377 520.267
1302.06 486.794
661.163 388.524
274.282 543.85
271.309 571.949
1088.15 425.394
418.701 766.894
874.358 409.067
1076.53 340.437
1077.62 241.339
1206.14 387.217
1291.63 544.763
1138.93 420.205
672.873 408.627
389.395 600.522
159.787 647.162
964.853 529.353
307.336 631.159
874.633 386.598
635.171 388.876
956.41 517.6
848.069 400.803
693.589 430.618
366.331 510.699
1073.16 533.697
1096.24 431.224
1162.06 724.793
1339.28 542.189
1058.2 423.982
999.085 446.529
1316.81 598.287
240.425 494.479
407.808 600.767
902.562 487.971
229.26 562.389
1009.01 550.884
1277.09 596.556
639.082 417.827
292.282 489.504
905.518 502.91
607.324 402.517
640.219 417.986
1245.41 519.645
1205.21 376.253
612.341 397.51
625.9 384.37
843.46 402.183
359.884 472.675
635.794 377.683
1078.95 687.181
1066.2 521.589
659.903 405.964
848.038 390.684
266.363 469.627
306.596 521.382
1262.34 510.338
932.88 315.311
370.308 537.875
277.467 476.81
352.848 437.143
642.207 410.234
268.235 509.61
651.873 407.997
1256.96 466.867
654.992 408.242
679.315 401.921
1120.8 261.411
1068.04 652.067
392.59 526.435
415.178 447.777
386.841 591.128
1263.69 468.002
999.542 485.921
963.64 534.968
674.595 375.452
640.26 407.74
1131.96 677.166
663.303 396.388
993.731 350.514
401.685 458.034
1285.04 636.355
968.215 526.737
1266.75 451.795
1066.03 669.144
227.167 560.662
1146.32 340.526
324.281 449.279
1131.63 731.941
327.988 448.655
1064.62 699.85
1292.26 499.924
611.726 397.273
281.94 479.22
1162.4 547.211
1167.75 536.397
970.956 528.588
247.194 639.453
407.808 600.767
967.826 534.884
1125.64 385.181
268.542 486.718
1243.27 550.409
1271.82 452.707
1248.42 601.329
362.558 456.853
861.385 418.052
1089.8 430.491
284.197 677.157
120.611 618.624
316.352 719.924
873.66 404.216
894.689 354.842
1237.98 524.213
670.874 373.678
1045.85 501.589
297.144 525.196
1210.3 368.948
331.182 458.322
1089.5 676.967
1060.82 542.782
952.645 509.663
648.635 374.703
841.36 411.767
997.353 517.189
624.133 403.682
656.138 380.333
641.453 414.143
659.586 372.331
1061.68 567.301
1168.07 694.35
296.751 443.777
1132.9 672.332
636.348 388.091
242.825 489.603
261.656 480.917
1056.19 498.079
360.523 447.465
948.424 544.129
970.956 528.588
306.442 627.888
1216.23 393.172
948.424 544.129
1194.43 515.364
677.886 382.83
427.382 815.977
1132.75 423.555
1059.42 233.279
1219.38 392.745
654.677 381.529
1056.19 498.079
296.573 422.308
247.238 494.068
1226.83 620.602
354.258 480.357
864.87 391.817
645.962 379.673
315.981 395.321
266.367 508.632
653.403 384.431
326.258 493.322
1215.62 389.209
275.921 474.223
653.682 421.237
319.809 395.016
1078.16 341.68
881.809 349.754
908.463 343.601
862.163 388.47
351.217 376.661
632.812 375.079
1063.88 426.653
1084.21 432.996
1251.35 475.045
1241.14 612.722
657.747 407.315
961.925 382.492
1021 490.229
948.317 287.12
837.673 388.727
875.825 414.703
294.323 525.206
386.111 533.317
290.215 486.859
129.572 614.175
611.726 397.273
631.38 399.381
931.43 317.608
205.448 553.166
1074.96 341.614
282.741 540.221
970.956 528.588
675.392 391.384
1166.2 687.074
1196.44 483.145
399.751 530.172
660.184 388.018
966.454 533.217
1142.76 558.788
1251.35 475.045
300.421 486.819
641.981 419.303
857.284 419.34
970.588 365.033
1034.06 645.872
967.69 526.106
1141.82 452.486
977.496 539.266
630.539 414.225
859.296 389.681
333.392 602.248
1180.64 367.125
242.825 489.603
1288.65 565.818
634.237 399.295
455.164 537.206
843.46 402.183
216.947 550.125
1324.39 597.286
631.38 399.381
298.927 622.958
1174.87 535.204
676.838 402.522
265.05 508.463
630.592 386.234
456.013 493.666
657.961 362.596
960.833 515.525
1166.26 668.4
1032.33 326.111
631.483 362.226
1120.09 421.305
1175.41 565.619
197.916 558.592
930.297 528.805
1187.62 489.694
1055.25 647.754
1328.38 596.374
953.025 514.5
401.022 746.799
1076.74 688.195
533.153 696.285
367.044 445.074
149.582 613.245
289.629 506.849
227.167 560.662
1096.56 689.572
632.812 375.079
860.041 390.015
633.428 422.256
367.044 445.074
1215.88 370.583
1181.67 665.174
426.816 535.144
1245.41 519.645
1270.76 516.665
1168.07 694.35
1067.26 460.386
281.404 491.573
305.083 465.618
997.44 262.359
1168.95 483.888
341.655 668.636
348.351 690.729
609.721 407.421
1070.91 702.623
1216.02 692.709
948.424 544.129
750.734 279.841
227.303 519.747
913.915 513.461
908.57 450.808
908.999 451.607
892.251 464.918
374.286 382.519
1045.85 622.699
531.151 560.344
1223.73 389.609
1065.56 512.198
1069.88 526.497
1080.64 686.436
249.175 655.237
1274.47 499.269
921.918 302.539
275.045 543.196
661.422 415.65
1124.13 657.409
302.144 711.94
986.776 411.043
621.648 390.255
525.822 556.472
284.328 540.507
456.7 492.536
282.101 432.559
258.544 493.891
1002.27 568.859
928.867 299.606
874.16 323.666
1075.1 530.767
853.841 354.96
1101.25 711.783
1070.7 285.438
1029.75 644.963
1208.73 474.793
1125.14 432.51
332.022 443.923
1142.4 705.826
1039.1 379.806
369.194 591.223
1075.44 660.721
661.719 403.14
336.141 588.44
366.688 444.027
288.85 485.807
289.036 489.065
1106.78 408.916
905.355 435.866
951.236 516.597
228.14 564.034
1114.98 738.105
1195.66 691.413
338.739 439.433
1170.24 526.118
325.876 699.843
648.788 407.802
1105.55 503.732
1293.7 500.403
1157.8 285.232
613.854 381.967
1027.78 605.42
342.963 531.681
846.48 365.249
639.573 400.187
1030.84 325.442
620.115 396.248
1113.83 708.661
276.162 443.865
266.083 483.689
325.414 539.296
903.011 489.392
1130.85 445.267
300.677 705.263
305.233 492.446
1054.4 666.834
522.885 576.382
945.5 556.368
867.916 391.189
1111.02 407.643
229.26 562.389
961.191 528.336
1055.83 577.732
316.427 494.37
1260.44 501.554
275.045 543.196
658.454 409.565
386.111 533.317
627.868 406.861
645.962 379.673
879.495 414.87
993.388 353.88
675.533 403.189
884.998 371.242
1132.9 672.332
1055.96 567.406
419.421 428.371
1146.78 330.702
229.826 490.093
1069.03 246.68
640.39 376.354
850.265 391.11
1051.16 623.151
361.779 471.31
1162.69 571.96
1022.64 586.895
1194.58 579.668
225.667 521.22
296.573 422.308
1034.29 410.172
987.118 492.385
1187.74 352.782
1070.3 648.894
1230.61 508.63
626.623 397.898
418.701 766.894
227.303 519.747
648.654 379.245
967.234 550.9
929.54 524.586
356.562 476.903
1085.85 288.882
202.535 552.354
1150.67 530.897
379.261 385.871
630.029 400.757
870.465 410.357
279.888 493.81
336.451 452.007
1145.44 323.125
1062.89 551.706
630.997 406.109
281.404 491.573
873.869 417.62
337.239 420.626
961.925 382.492
359.697 443.701
614.795 383.656
218.143 551.378
1289.25 565.103
639.573 400.187
924.253 310.976
676.197 392.468
857.841 405.805
1067.79 659.122
232.209 517.274
1214.73 384.138
1181.53 676.343
1083.38 659.606
642.378 406.197
955.8 283.159
945.5 556.368
1030.13 326.794
939.637 545.838
1266.18 547.595
258.557 481.739
1061 706.116
1021.58 598.357
1219.38 392.745
247.194 639.453
623.399 419.054
960.418 402.581
622.157 410.92
882.88 447.401
264.53 673.625
1094.89 478.48
1031.96 529.192
324.281 449.279
273.921 508.059
372.393 479.318
1052.36 503.251
1144.57 603.929
1010.66 623.202
422.544 533.457
258.544 493.891
638.419 410.773
944.028 554.691
442.145 814.16
1063.99 542.494
542.968 638.588
936.195 290.907
274.832 440.566
633.633 376.323
389.642 332.863
1116.9 401.73
285.653 676.644
1114.98 738.105
1157.8 285.232
618.752 397.845
314.608 532.51
215.2 549.83
255.151 576.161
304.885 488.818
994.799 352.331
1198.29 555.493
675.533 403.189
185.783 613.729
928.968 369.307
595.43 601.528
674.595 375.452
958.911 306.324
670.183 394.114
353.613 476.963
329.288 609.137
369.194 591.223
1212.21 380.969
856.93 414.341
967.826 534.884
1156.39 655.053
389.395 600.522
1062.73 657.801
356.342 473.629
655.539 413.234
1252.11 439.148
1201.6 551.813
1121 735.343
1127.11 494.406
1165.44 559.662
638.139 388.886
1124.88 332.509
629.096 402.161
1053.91 670.083
846.825 364.327
1176.55 675.585
653.118 378.643
272.192 483.463
671.149 376.307
1299.55 569.108
842.987 367.219
258.544 493.891
269.778 657.299
999.973 337.432
269.76 512.255
665.827 400.867
1123.64 733.943
1180.99 701.943
605.332 392.645
1197.4 690.739
670.183 394.114
1019.68 587.604
379.328 414.285
924.507 315.801
1077.8 290.274
1149.31 494.97
1125.14 432.51
1030.97 476.31
258.022 504.904
389.444 448.988
1162.23 666.578
1094.89 478.48
278.205 541.016
394.613 430.639
254.05 528.954
308.978 633.153
875.659 401.46
307.714 633.645
266.083 483.689
291.605 694.02
1217.17 446.857
1275.19 497.639
955.087 507.064
907.993 455.298
1129.39 718.226
1075.66 341.686
1150.8 429.153
304.885 488.818
665.827 400.867
884.998 371.242
315.277 475.896
654.677 381.529
363.981 436.654
1015.91 601.056
1059.67 423.192
1030.66 623.801
628.043 403.415
308.346 508.358
1211.58 447.115
894.689 354.842
880.502 410.021
1060.89 663.864
266.215 655.558
1226.11 604.338
999.085 446.529
1093.63 707.147
1283.36 502.002
1110.06 273.696
971.854 541.143
261.948 483.659
328.946 699.687
1262.44 485.139
348.351 690.729
661.315 397.225
219.743 552.64
1030.57 321.812
322.78 466.246
1091.78 751.201
365.627 471.136
284.027 519.331
1264.91 467.619
1170.35 545.061
283.028 621.02
640.96 411.303
356.562 476.903
1284.7 509.123
202.884 551.366
844.032 367.699
1046.04 492.02
197.916 558.592
1273.78 530.666
634.237 399.295
994.947 352.486
1108.95 277.26
1038.96 364.427
955.267 503.824
636.388 361.138
654.753 385.269
835.1 387.89
626.152 368.34
647.649 376.877
627.794 382.583
1081.18 408.158
961.191 528.336
905.631 501.246
382.722 398.071
659.903 405.964
651.022 421.805
636.735 402.177
1291.63 544.763
652.291 385.366
658.6 412.146
652.78 396.272
996.69 483.904
374.403 730.503
292.134 474.851
626.275 401.765
310.793 631.041
270.887 485.501
628.059 405.529
902.052 436.307
649.587 381.862
961.925 382.492
917.356 508.103
1042.03 392.296
1065.07 604.676
612.341 397.51
1026.73 633.216
448.453 542.04
1021.33 622.314
847.761 392.25
1080.64 686.436
292.285 522.719
659.083 416.62
630.997 406.109
121.404 610.372
1285.86 522.351
607.767 404.524
1122.35 289.296
307.336 631.159
686.41 422.797
641.785 407.173
1175.24 343.332
205.106 532.505
899.441 431.133
1059.66 578.96
1217.86 693.749
680.041 403.671
1072.82 663.411
625.9 384.37
266.215 655.558
1302.06 486.794
876.427 334.102
1094.89 478.48
1087.86 691.09
276.451 469.236
1322.42 607.611
1162.23 666.578
1090.68 434.203
392.426 435.937
306.67 636.312
376.01 363.218
300.421 486.819
1056.85 674.592
958.67 506.398
258.264 571.888
460.682 387.83
214.735 553.64
289.283 507.479
664.913 394.732
295.313 523.801
943.934 523.163
954.455 285.699
838.56 376.354
428.945 466.603
625.654 395.42
885.335 385.514
1074.17 549.254
1295.09 479.884
666.617 398.721
628.043 403.415
1147.48 447.564
272.192 483.463
1079.7 656.346
176.158 555.372
402.387 457.22
1082.24 290.924
1008 508.276
267.866 463.794
995.064 356.616
620.115 396.248
300.253 527.088
283.266 432.408
1186.34 357.338
1007.73 347.746
956.41 517.6
282.596 517.692
1247.09 603.102
860.38 393.565
973.897 527.288
1064.62 699.85
192.1 563.267
1060.96 578.956
850.414 395.153
1284.5 495.699
874.256 415.875
862.343 403.692
1096.56 689.572
1180.68 687.875
1154.25 427.224
669.729 414.375
1021.58 598.357
1264.91 467.619
1088.1 675.255
263.243 478.945
1228.64 447.34
430.267 459.441
247.869 653.912
1084.04 514.181
255.574 531.927
894.098 350.244
842.839 395.927
1002.38 615.535
324.281 449.279
668.804 369.156
1208.73 474.793
380.915 330.631
1182.07 461.123
698.143 425.38
1244.69 602.64
1051.62 504.471
1235.75 420.24
1090.97 409.264
347.16 504.258
890.174 414.532
1031.54 442.829
283.023 477.868
1283.36 502.002
1299.72 564.794
971.854 541.143
631.079 385.325
1083.37 684.865
1052.14 422.439
290.423 477.69
1123.68 676.964
279.281 540.309
623.399 419.054
1058.23 543.574
869.12 404.434
1202.4 379.804
1164.84 543.588
288.618 573.242
1097.28 431.266
1298.63 560.263
884.161 370.604
633.428 422.256
1277.09 596.556
1051.26 665.675
1008.05 317.143
277.548 544.405
463.229 701.088
606.201 384.827
1085.5 245.171
636.735 402.177
198.412 567.814
642.378 406.197
1061.27 548.275
957.686 526.72
1118.24 656.898
361.867 444.288
1191.85 613.986
995.988 483.125
853.265 392.129
457.024 712.182
1181.67 665.174
662.335 366.586
614.795 383.656
1075.13 272.899
846.48 365.249
1268.2 602.839
1366.73 580.758
407.084 457.644
616.842 412.268
880.879 410.479
660.963 414.253
313.574 426.962
884.348 415.188
1170.56 546.19
630.539 414.225
958.959 334.692
320.274 678.263
479.832 518.866
1025.13 613.194
1263.69 468.002
625.1 396.836
280.691 476.614
854.626 431.795
364.124 543.743
1150.67 530.897
1243.34 428.806
334.796 588.748
1082.92 484.34
1091.7 682.453
1033.78 500.182
1072.82 663.411
657.747 407.315
632.377 415.411
621.655 381.14
421.154 428.042
1120.55 736.855
1089.8 430.491
1295.69 500.892
984.331 541.934
656.091 362.358
1205.11 502.546
645.962 379.673
310.827 523.62
1152.18 441.767
633.752 406.323
1090.32 679.111
880.502 410.021
1041.58 559.457
1028.33 614.178
627.363 416.878
988.219 265.225
310.793 631.041
656.106 401.375
1245.41 519.645
307.542 524.198
276.298 542.54
911.747 427.228
659.083 416.62
1117.6 728.952
200.306 555.543
1006.33 574.278
294.167 629.709
671.149 376.307
652.291 385.366
1041.07 317.696
721.745 433.166
628.043 403.415
1234.53 421.523
352.848 437.143
1055.96 567.406
270.887 485.501
948.987 544.353
278.205 541.016
287.381 505.298
1000.17 296.471
1136.42 326.424
273.971 507.379
460.833 491.658
967.826 534.884
872.666 393.712
1144.27 445.148
1131.96 677.166
1330.45 542.235
1127.88 444.188
693.589 430.618
1284.5 495.699
621.852 413.925
859.61 433.631
713.317 444.197
653.403 384.431
402.387 457.22
661.163 388.524
1144.57 420.717
1118.67 725.211
637.63 404.327
851.753 385.816
942.169 366.381
1027.78 605.42
254.726 498.458
252.136 530.549
1135.72 671.816
966.019 531.46
850.538 398.215
361.11 524.904
628.059 405.529
427.382 815.977
1131.65 680.53
323.237 620.468
316.903 625.209
1008.61 347.681
665.777 412.207
295.03 707.422
292.144 521.975
856.597 394.839
610.837 408.973
967.663 358.256
1081.25 241.989
1205.48 374.307
1028.75 591.945
378.225 484.404
854.812 432.922
626.834 404.363
258.557 481.739
615.783 381.698
335.172 447.842
1266.05 450.184
626.275 401.765
1011.96 625.933
871.646 397.294
952.645 509.663
877.947 411.026
962.76 519.534
362.227 454.15
1012.65 608.191
918.538 350.516
1092.42 595.032
1189.87 359.424
901.696 487.668
653.118 378.643
1233.19 416.751
347.843 447.491
1048.38 625.924
302.095 631.689
254.116 492.192
1034.56 497.729
279.888 493.81
334.635 440.46
1116.18 270.917
1072.45 233.17
661.196 410.262
884.317 420.818
1063.23 235.431
278.205 541.016
1021.25 594.917
1190.63 694.579
254.05 528.954
842.588 354.077
455.164 537.206
428.122 484.087
1175.68 562.769
857.983 434.279
1038.07 624.352
1000.22 565.879
1068.85 698.622
1157.98 336.621
405.506 491.031
1195.97 695.911
1142.4 705.826
337.188 452.788
351.217 376.661
305.083 465.618
1157.23 575.245
1165.44 559.662
1186.34 357.338
836.465 362.932
316.427 494.37
376.198 538.245
407.03 735.519
1145.35 421.54
379.261 385.871
628.157 365.918
867.18 385.996
268.811 482.075
1257.61 635.602
847.761 392.25
1263.19 470.863
313.375 425.688
1020.65 621.193
376.198 538.245
663.649 400.404
375.656 428.282
1113.74 477.054
1090.8 676.107
676.206 407.225
835.019 351.889
913.136 341.001
337.239 420.626
631.773 416.858
531.151 560.344
1021.54 615.177
627.711 363.339
924.253 310.976
426.79 518.383
661.196 410.262
281.554 508.005
272.798 450.113
948.424 544.129
412.999 339.407
845.626 395.165
1066.03 669.144
926.766 417.166
1189.4 355.282
1028.16 519.226
312.746 427.531
988.378 516.732
638.872 386.756
634.237 399.295
309.088 631.979
1080.67 238.083
937.185 544.666
339.397 463.868
671.802 396.352
846.825 364.327
859.296 389.681
1069.4 247.977
1319.26 711.783
254.116 492.192
1212.86 368.165
1120.09 421.305
850.265 391.11
311.82 494.844
312.64 427.656
1030.9 644.923
1220.65 379.872
637.63 404.327
1332.71 603.104
1006.73 320.416
1127.17 390.569
341.951 532.848
674.734 404.945
880.262 404.972
660.834 392.638
1084.05 702.925
625.294 412.607
1134.91 450.77
258.557 481.739
1173.78 548.255
281.554 508.005
1027.43 584.955
274.221 443.246
679.369 392.113
295.806 694.179
668.127 368.244
351.425 470.611
858.121 344.727
870.371 393.543
356.751 446.659
466.648 512.802
1023.35 614.966
303.396 510.851
626.913 394.808
1205.11 502.546
1237.98 524.213
1105.55 503.732
1175.23 666.235
924.507 315.801
1148 503.083
1012.56 609.143
1000.89 611.166
1192.02 697.828
289.283 507.479
568.853 638.806
629.623 421.709
847.555 403.475
412.999 339.407
234.742 493.181
647.427 408.75
425.616 774.213
638.139 388.886
1019.42 493.026
175.198 552.82
250.608 653.416
677.823 399.193
971.352 526.392
862.343 403.692
364.124 440.388
1012.21 599.51
430.278 702.929
1085.84 670.992
1110.82 289.594
1000.99 614.607
352.358 448.144
280.336 499.054
362.236 443.524
1248.42 601.329
1020.76 491.142
361.226 407.562
1181.53 676.343
1044.47 310.952
1313.34 609.814
1139.37 698.464
1044.86 581.075
627.794 382.583
1059.67 423.192
1067.79 659.122
629.096 402.161
993.659 552.873
303.158 514.855
283.023 477.868
174.656 558.584
1051.79 674.951
1157.23 576.163
663.232 385.576
383.798 415.273
268.941 570.409
458.145 490.678
300.421 486.819
850.538 398.215
282.388 488.458
353.613 476.963
643.292 408.958
1101.18 732.056
1104.32 588.281
543.871 572.157
1069.3 531.439
1222.88 388.84
1025.13 613.194
236.085 485.626
662.615 389.066
180.663 556.425
1005.8 617.599
1147.39 323.802
1211.45 446.464
647.786 380.235
1070.75 580.411
658.6 412.146
1103.16 560.302
1063.91 698.696
359.003 442.511
1169.01 565.593
351.425 470.611
310.827 523.62
1254.88 641.039
407.949 451.423
288.618 465.804
1004.68 615.325
1121.95 255.608
1077.94 342.567
1093.64 432.825
893.84 419.887
1127.83 697.13
1293.7 500.403
1051.62 504.471
1214.79 373.153
642.207 410.234
629.726 362.76
1123.08 295.961
847.555 403.475
1125.99 382.919
1150.2 497.736
661.89 406.191
857.044 415.558
1141.82 452.486
200.306 555.543
149.582 613.245
637.17 405.789
323.133 634.145
287.497 481.865
1247.14 605.123
967.826 534.884
316.392 507.475
272.192 483.463
1029.75 644.963
1012.12 633.896
854.067 397.955
1271.08 602.257
956.883 516.677
879.319 406.17
651.401 410.114
1241.14 612.722
377.13 507.043
1198.29 555.493
1124.13 657.409
1222.88 388.84
248.646 481.384
1345.4 540.36
254.726 498.458
1262.63 473.306
937.185 544.666
642.207 410.234
401.077 747.536
333.168 457.694
841.205 414.183
286.227 489.54
1191.27 363.671
1272.78 460.014
268.811 482.075
1120.14 258.284
638.21 408.673
1240.6 436.046
1030.13 326.794
456.26 485.667
841.567 415.298
856.625 418.363
836.108 359.109
1148.72 687.379
1097.04 688.613
1100.56 701.329
339.114 534.375
1282.61 560.883
1188.11 663.35
970.735 543.514
1065.33 524.283
430.221 433.023
1033.74 484.23
854.136 419.2
1039.54 682.043
630.649 403.917
1038.78 674.873
327.988 448.655
636.735 402.177
1148.4 449.856
250.31 490.089
653.729 397.726
876.556 417.969
354.47 476.789
282.078 621.814
1031.54 442.829
1162.13 465.611
1223.81 392.214
1002.87 421.127
661.719 403.14
1072.93 702.975
1055.42 513.308
654.753 385.269
679.404 389.877
613.342 400.349
1182.59 455.998
1063.03 236.584
1264.91 467.619
622.829 379.702
305.533 411.088
1183.28 465.114
1243.6 604.397
1195.94 552.724
1286.05 498.59
908.436 342.365
826.851 376.743
1326.14 518.4
908.57 450.808
1226.11 604.338
282.388 488.458
1118.24 656.898
1258.29 455.331
615.783 381.698
879.117 461.244
1184.01 524.379
1057.38 426.869
1042.15 621.076
1085.49 689.659
254.608 478.765
627.711 363.339
986.147 491.305
860.224 355.798
1154.71 496.488
228.14 564.034
1177.29 584.191
848.069 400.803
1114.84 743.84
376.01 363.218
1038.28 621.492
1085.57 686.464
1060.96 578.956
1178.32 668.97
930.273 369.793
632.377 415.411
1278.57 510.91
267.817 656.487
281.593 497.431
648.635 374.703
332.18 458.614
1050.88 676.864
1149.31 494.97
627.745 396.826
881.014 411.665
347.57 468.341
1211.67 682.191
640.26 407.74
1004.68 615.325
1125.14 432.51
1010.13 321.121
1065.56 512.198
1162.58 436.993
857.983 434.279
1012.12 633.896
292.282 489.504
981.178 535.062
442.326 458.389
628.157 365.918
1205.96 380.779
630.997 406.109
431.605 423.677
531.151 560.344
661.196 410.262
1056.91 422.99
352.358 448.144
306.596 521.382
1165.78 572.146
676.197 392.468
621.273 414.989
401.685 458.034
862.888 387.496
1166.8 569.341
1075.31 231.848
377.13 507.043
1136.36 677.714
938.478 296.456
366.688 444.027
1047.62 634.845
1030.92 323.301
1278.62 500.377
985.92 522.221
478.336 543.735
627.745 396.826
120.611 618.624
875.13 371.58
653.729 397.726
1083.21 729.251
975.253 468.323
1197.49 553.516
1207.59 381.054
962.451 533.011
968.243 530.299
674.856 387.643
952.113 372.867
185.805 558.903
225.149 566.495
223.377 520.267
1067.33 490.99
675.307 404.927
1138.26 603.753
308.978 633.153
257.013 504.629
310.404 627.177
269.081 501.341
297.397 693.198
1020.56 631.496
192.1 563.267
279.217 490.773
299.089 525.762
294.066 487.848
1270.76 516.665
306.67 636.312
624.372 394.743
651.613 375.677
1051.32 666.31
963.255 513.379
362.227 454.15
1042.51 620.999
953.478 505.703
648.788 407.802
642.939 392.255
1008.29 619.167
1113.55 273.937
162.468 568.025
1094.23 483.012
621.655 381.14
1015.49 374.338
1101.18 732.056
846.825 364.327
379.328 414.285
1155.07 427.11
998.117 260.107
1069.85 533.331
364.426 534.145
254.224 575.293
671.593 406.35
285.771 478.895
639.082 417.827
1088.36 750.044
303.427 513.948
1042.03 240.931
1100.56 701.329
621.682 400.223
1214.83 683.11
295.65 627.672
269.778 657.299
1264.11 651.738
987.636 547.189
1264.91 467.619
357.935 421.353
272.112 474.258
1135.48 674.679
338.739 439.433
521.525 623.584
1166.2 707.08
614.795 383.656
1280.33 512.691
1051.26 507.862
989.275 493.571
1123.08 295.961
266.083 483.689
1322.65 552.208
995.615 340.473
1209.01 690.448
994.947 352.486
1100.56 701.329
678.186 404.266
315.415 508.126
388.579 678.766
698.143 425.38
916.684 511.666
267.817 656.487
382.64 417.138
1300.37 485.639
902.562 487.971
673.76 406.277
1075.32 525.218
1279.21 493.38
989.275 493.571
403.816 342.165
392.426 435.937
654.753 385.269
392.426 435.937
307.336 631.159
1132.96 455.664
1089.52 749.598
665.777 412.207
973.573 531.51
866.108 386.226
1183.49 702.38
383.798 415.273
244.716 492.286
343.905 493.049
1061.74 669.611
1169.01 565.593
904.771 346.121
1030.84 325.442
1103.94 679.584
305.784 483.871
904.66 376.288
338.608 435.325
1073.57 679.943
670.401 414.119
1017.19 631.088
249.407 656.971
1230.4 592.34
629.726 362.76
901.202 437.624
1063.39 427.691
1189.94 361.874
871.629 414.248
255.151 576.161
361.579 772.07
1268.79 502.132
676.098 394.876
287.497 481.865
621.273 414.989
411.805 529.914
1098.29 685.155
1052.66 423.6
961.693 517.313
998.117 443.577
1141.84 419.415
332.822 459.373
403.164 334.658
862.163 388.47
1212.86 368.165
1213.69 369.27
973.336 535.652
1127.11 494.406
669.092 411.504
910.642 445.247
1028.33 614.178
1148.17 451.859
282.741 540.221
661.89 406.191
871.164 398.766
967.166 361.412
1131.65 680.53
1072.25 716.182
612.341 397.51
975.253 468.323
1211.64 680.546
1103.84 472.74
985.92 522.221
959.573 539.792
1076.72 289.538
1070.43 322.097
656.138 380.333
283.023 477.868
1014.48 630.978
629.623 421.709
1090.97 409.264
318.271 478.73
680.094 397.644
252.288 531.254
1254.01 635.633
1039.1 379.806
284.328 540.507
1065.1 693.849
375.861 400.239
1174.07 547.498
407.03 735.519
625.9 384.37
255.602 482.006
247.238 494.068
1175.22 348.494
991.801 487.678
932.88 315.311
930.529 530.054
1166.25 664.499
1270.76 516.665
1138.41 672.418
521.908 576.686
1134.13 558.821
905.614 450.714
622.829 379.702
656.106 401.375
522.885 576.382
1037.05 624.131
1154.15 720.191
221.333 521.294
1242.48 619.387
1094.89 478.48
311.82 494.844
1072.45 233.17
921.305 435.408
431.12 432.128
964.853 529.353
1053.44 576.785
1059.66 578.96
1089.69 686.539
258.557 481.739
365.82 770.215
1198.29 555.493
871.762 393.738
970.597 275.591
1175.24 343.332
847.705 392.923
881.746 370.809
988.864 336.089
876.907 405.848
1120.8 261.411
851.683 406.362
669.092 411.504
975.679 530.443
306.119 582.913
304.665 525.163
625.097 402.101
1092.42 595.032
1168.07 694.35
360.84 472.2
1064.42 654.377
1163.66 666.837
652.291 385.366
288.808 673.159
1015.49 374.338
353.31 477.629
219.581 604.562
594.084 599.826
132.773 597.413
660.184 388.018
1299.55 569.108
1128.5 717.741
904.409 490.842
299.145 413.242
1211.67 682.191
316.422 643.673
1308.12 594.958
651.708 386.624
366.072 544.858
640.66 423.227
1330.45 542.235
844.545 392.937
226.995 504.676
855.523 375.684
282.388 488.458
355.033 475.469
627.448 420.826
959.782 547.063
1184.01 524.379
1138.26 603.753
626.834 404.363
1018.36 390.8
280.171 496.314
843.089 401.459
1148.17 451.859
401.685 458.034
380.36 481.628
1248.16 614.282
299.043 519.587
1092.91 683.224
268.998 479.731
669.729 414.375
1176.4 589.479
1138.41 672.418
192.321 564.148
967.69 526.106
631.773 416.858
670.874 373.678
1072.93 702.975
1271.08 602.257
1191.85 613.986
1127.88 444.188
1051.06 505.895
355.868 418.025
1268.2 602.839
282.388 488.458
626.913 394.808
304.885 488.818
624.057 417.744
1113.83 708.661
312.19 485.662
939.195 490.485
310.404 627.177
1090.14 408.984
360.372 442.552
272.491 448.91
953.478 505.703
982.054 351.003
1030.19 498.622
361.867 444.288
1162.06 724.793
653.403 384.431
471.642 531.118
279.888 493.81
616.129 404.127
671.761 409.908
667.612 395.284
1019.48 602.978
1334.8 539.923
960.418 402.581
659.903 405.964
283.023 477.868
967.083 362.111
1180.68 687.875
667.612 395.284
622.157 410.92
870.138 409.952
860.041 390.015
1119.29 398.485
1064.22 695.654
280.691 476.614
1084.21 432.996
1161.62 457.715
1068.28 254.262
360.38 525.265
1061.72 657.67
1164.72 570.244
276.418 514.849
258.624 612.622
200.929 552.236
1062.73 657.801
1070.91 702.623
1191.27 363.671
625.294 412.607
1053.17 670.887
1212.39 453.115
633.613 403.77
199.715 559.213
653.712 380.338
289.629 506.849
1052.66 423.6
1060.82 542.782
1106.78 408.916
286.24 522.16
1088.15 425.394
267.866 463.794
1099.27 718.428
282.741 540.221
1089.69 686.539
292.323 423.36
1157.38 700.864
658.6 412.146
1121.95 255.608
1125.8 657.053
1119.65 300.668
1129.53 443.932
1287.94 509.998
1120.14 258.284
352.848 437.143
647.786 380.235
1030.86 592.305
863.746 397.145
1120.09 421.305
666.404 367.272
951.893 509.514
667.122 375.12
1016.25 443.932
1085.85 288.882
1222.53 627.091
1185.61 357.468
1178.45 550.16
1280.64 504.833
1055.38 261.017
1089.5 676.967
1041.07 317.696
995.988 483.125
1274.47 499.269
1213.69 369.27
1010.4 317.06
1135.68 707.738
607.324 402.517
1015.41 549.617
1071.16 251.085
298.112 623.898
273.921 508.059
630.997 406.109
612.292 381.323
261.788 508.819
1002.38 615.535
969.403 533.339
1122.86 302.579
670.183 394.114
987.151 455.179
380.36 481.628
286.46 521.19
970.636 535.887
1029.75 619.897
1182.14 706.13
864.56 415.386
1126.78 656.754
867.576 357.333
294.167 629.709
857.437 421.022
1032.33 326.111
631.229 387.288
389.328 683.277
665.827 400.867
1082.63 679.943
375.861 400.239
1163.66 666.837
1114.96 502.466
355.868 418.025
627.448 420.826
990.3 443.941
1015.91 601.056
1015.38 395.159
464.265 492.047
641.785 407.173
946.178 516.749
329.989 538.302
374.331 731.672
835.1 387.89
1265.01 504.012
1107.83 723.792
891.886 310.643
623.887 412.676
1139.38 699.918
661.169 381.208
1093.63 695.573
1003.72 535.835
972.391 536.473
1078.29 270.663
303.396 510.851
407.424 599.997
336.791 538.765
374.331 731.672
1010.99 627.84
1080.81 679.958
839.439 371.101
1066.12 519.838
1067.26 460.386
673.603 398.19
291.017 614.813
1028.75 591.945
240.425 494.479
266.363 469.627
902.077 382.35
1078.16 341.68
1166.25 664.499
1269.85 456.209
258.544 493.891
976.144 470.584
1122.86 302.579
437.822 484.255
874.358 409.067
850.414 395.153
1319.19 605.128
1054.4 666.834
847.761 392.25
1118.24 656.898
850.206 363.403
1075.26 269.087
382.642 485.35
276.451 469.236
1298.11 485.004
338.686 380.555
966.562 529.791
1080.71 381.697
974.044 526.008
671.761 409.908
1089.52 749.598
1116.63 742.928
653.118 378.643
1271.62 600.88
375.836 394.911
1147.56 504.448
1147.39 323.802
432.277 530.378
1175.41 565.619
932.04 316.166
913.642 505.387
366.331 510.699
640.96 411.303
338.607 490.28
901.513 394.35
350.252 377.053
986.147 491.305
176.844 558.34
277.123 574.705
883.009 370.603
319.52 675.627
1215.85 683.067
316.352 719.924
543.871 572.157
1086.91 750.091
407.949 451.423
1190.63 694.579
311.675 480.534
275.921 474.223
1029.15 326.407
293.107 575.877
1033.74 484.23
255.869 497.599
918.538 350.516
613.342 400.349
380.36 481.628
1166.53 572.948
931.43 317.608
205.448 553.166
926.875 316.481
924.507 315.801
359.103 436.4
361.11 524.904
173.095 555.362
275.921 474.223
663.649 400.404
1292.26 499.924
627.868 406.861
676.098 394.876
952.087 285.215
169.426 567.849
432.277 530.378
1030.92 323.301
407.084 457.644
1067.33 490.99
654.821 400.734
375.836 394.911
223.377 520.267
129.572 614.175
649.761 373.704
1163.66 698.636
750.734 279.841
1010.99 627.84
630.649 403.917
924.878 355.745
1032.57 608.12
1073.88 532.929
672.12 371.858
876.427 334.102
291.605 694.02
240.615 493.804
1153.78 441.444
387.327 472.763
624.372 394.743
1070.82 658.437
675.764 385.22
628.043 403.415
1017.26 585.673
627.363 416.878
923.183 310.748
654.821 400.734
379.328 414.285
673.874 373.777
977.496 539.266
970.956 528.588
1056.19 498.079
1295.69 500.892
654.821 400.734
334.635 440.46
870.465 414.816
1216.23 393.172
438.72 501.635
1087.35 679.161
354.059 398.564
1120.76 726.313
1080.64 686.436
293.74 503.505
629.726 362.76
839.112 372.613
361.779 471.31
1147.56 493.621
1216.72 380.266
264.756 657.673
234.766 488.142
263.243 478.945
1159.38 461.381
205.145 517.154
339.114 534.375
1082.92 484.34
860.224 355.798
1155.22 728.187
1174.42 704.551
359.884 472.675
1145.35 421.54
971.854 541.143
401.685 458.034
930.297 528.805
446.358 460.078
1309 616.793
261.948 483.659
296.184 488.432
1244.34 603.935
616.842 412.268
334.083 393.883
662.173 387.213
930.273 369.793
1152.74 459.113
1243.39 659.723
303.427 513.948
994.384 261.863
1237.23 628.787
837.216 367.866
420.069 296.759
353.31 477.629
1118.24 656.898
363.828 771.444
342.364 668.679
1030.9 644.923
439.793 501.268
968.215 526.737
328.229 526.6
989.388 520.337
524.999 557.569
1045.23 410.811
1217.86 693.749
535.855 576.578
1157.8 285.232
1252.78 636.299
871.646 397.294
926.08 315.662
1319.26 711.783
661.422 415.65
647.427 408.75
457.567 522.044
399.957 459.645
651.873 407.997
275.037 513.528
639.573 400.187
169.426 567.849
897.6 431.28
1115.51 688.481
409.557 462.608
666.617 398.721
1262.54 498.631
1153.35 509.405
1319.82 606.325
286.728 674.986
615.783 381.698
1131.65 680.53
847.705 392.923
174.028 553.963
270.077 681.675
611.726 397.273
272.844 513.032
238.135 496.926
1101.44 448.368
1077.8 290.274
288.85 485.807
1076.74 688.195
1010.64 484.23
630.029 400.757
904.849 352.84
991.801 487.678
279.217 490.773
402.387 457.22
969.259 525.539
401.685 458.034
376.01 363.218
362.227 454.15
993.731 350.514
721.745 433.166
626.623 397.898
1174.87 535.204
656.106 401.375
1278.62 500.377
1116.15 405.132
658.67 412.999
359.003 442.511
1065.72 678.58
651.613 375.677
1256.91 467.95
615.191 408.676
1000.33 448.775
1074.4 278.698
364.124 440.388
389.253 469.828
213.142 549.374
928.968 369.307
971.712 532.914
605.191 394.429
616.129 404.127
1035.65 501.099
239.112 490.638
231.345 564.276
1043.01 498.047
1115.08 405.785
464.265 492.047
1299.85 488.12
858.121 344.727
902.077 382.35
372.025 416.986
343.908 501.013
1316.81 598.287
357.961 477.34
671.78 412.158
1094.08 683.937
1125.17 727.769
661.89 406.191
633.752 406.323
282.078 621.814
1085.89 381.321
1340.01 546.593
1291.73 488.216
463.804 492.873
1205.07 366.476
304.745 628.113
634.457 422.672
260.354 666.063
1240.29 600.996
669.225 375.901
870.465 414.816
1067.33 490.99
1042.03 392.296
631.483 362.226
1183.23 666.559
1184.01 524.379
850.206 363.403
840.484 393.361
1282.4 470.302
646.44 378.961
1049.32 624.474
1217.25 392.123
1148.4 449.856
439.793 501.268
991.836 490.427
1291.9 579.353
1155.31 727.207
1146.78 330.702
1028.16 519.226
1010.13 321.121
662.173 387.213
1148.67 332.675
1063.26 578.567
264.53 673.625
973.401 363.743
1185.09 608.905
645.394 376.358
674.734 404.945
310.633 508.472
310.793 631.041
257.454 571.715
663.6 365.314
277.677 491.302
1101.25 711.783
871.859 395.086
1120.11 262.688
638.419 410.773
885.335 385.514
854.136 419.2
625.1 396.836
1117.53 292.307
880.183 462.204
267.817 656.487
640.26 407.74
1078.95 687.181
261.656 480.917
1147.93 502.628
1129.53 443.932
463.229 701.088
645.962 379.673
1308.88 568.057
838.825 408.535
374.286 382.519
317.841 675.46
180.663 556.425
1039.31 409.362
406.795 599.921
401.685 458.034
1115 704.643
662.335 366.586
1188.11 663.35
1093.63 695.573
1048.26 508.085
1000.76 336.746
957.798 511.482
316.903 625.209
850.296 362.602
225.149 566.495
670.401 414.119
409.559 692.78
382.64 417.138
285.771 478.895
264.756 657.673
1075.92 680.6
1228.64 447.34
1239.77 580.018
1147.93 502.628
644.373 377.597
924.507 315.801
647.786 380.235
620.895 405.158
1070.43 322.097
645.753 408.361
1070.47 710.695
852.497 374.418
839.455 369.717
927.81 312.738
1104.1 690.336
276.119 488.519
259.156 476.915
1067.25 474.383
1011.96 625.933
1071.16 251.085
595.43 601.528
204.528 553.442
251.57 578.138
673.76 406.277
288.618 465.804
999.542 485.921
656.123 387.246
630.168 394.623
430.327 421.574
1058.06 666.616
1173.26 555.593
383.026 418.242
930.297 528.805
924.453 354.494
279.281 540.309
343.905 493.049
361.226 407.562
931.291 535.284
960.896 533.888
276.298 542.54
868.351 412.236
967.083 362.111
961.997 537.582
867.18 385.996
864.87 391.817
924.453 354.494
1185.09 608.905
634.457 422.672
846.49 393.941
1152.34 490.849
659.083 416.62
1174.62 342.436
856.349 398.263
259.421 506.312
925.833 305.067
231.345 564.276
208.847 553.442
1156.39 655.053
1071.59 513.919
423.307 533.85
658.67 412.999
185.783 613.729
430.165 537.3
1028.75 591.945
249.175 655.237
254.05 528.954
643.292 408.958
1260.83 640.066
1067.33 666.368
1020.56 631.496
1067.25 474.383
1262.54 498.631
1168.95 483.888
1016.09 631.097
1198.29 555.493
365.517 779.626
1117.2 269.482
836.976 352.139
640.219 417.986
1310.88 546.479
261.948 483.659
1067.33 490.99
1076.53 340.437
422.203 801.448
1280.33 512.691
643.482 392.202
409.391 323.718
1083.38 659.606
1204.84 385.753
987.118 492.385
1020.32 251.14
645.962 379.673
646.808 406.152
944.7 485.612
1346.92 544.149
1259.62 631.044
260.354 666.063
856.597 394.839
970.636 535.887
953.025 514.5
1029.15 326.407
1091.83 432.639
1134.91 450.77
1071.59 513.919
274.282 543.85
605.826 387.443
1030.97 476.31
653.118 378.643
1127.83 697.13
1268.79 502.132
897.731 424.558
656.123 387.246
851.683 406.362
656.345 389.861
1075.92 680.6
1012.21 599.51
1083.37 684.865
202.884 551.366
839.112 372.613
862.343 403.692
339.842 534.138
1021.25 594.917
951.893 509.514
1284.7 509.123
675.533 403.189
1034.44 498.452
202.535 552.354
1110.74 736.632
359.672 357.46
676.838 402.522
955.463 521.645
633.171 400.343
1324.39 597.286
843.884 397.971
264.756 657.673
1075.97 439.926
669.729 414.375
389.395 600.522
357.935 421.353
1040.19 674.85
305.784 483.871
634.174 374.374
672.994 401.277
1150.8 429.153
255.151 576.161
361.31 591.27
948.205 482.562
633.613 403.77
311.312 717.468
1078.23 738.298
1012.11 617.894
654.821 400.734
372.025 416.986
649.587 381.862
1260.66 448.215
658.454 409.565
1125.14 432.51
621.682 400.223
1094.23 483.012
1271.42 457.779
987.151 455.179
1244.69 602.64
457.567 522.044
1295.09 479.884
858.2 361.645
316.903 625.209
300.677 705.263
303.396 510.851
1113.69 744.529
1112.82 277.157
305.233 492.446
1061.68 567.301
1116.14 738.59
1085.85 288.882
1174.62 342.436
646.44 378.961
425.616 774.213
884.317 420.818
163.364 566.314
1286.05 498.59
366.259 786.09
630.029 400.757
1291.73 488.216
1099.23 282.023
1205.51 373.255
928.867 299.606
462.997 493.286
349.979 414.19
650.401 406.871
1075.13 272.899
338.936 371.818
1069.35 233.329
299.043 519.587
647.649 376.877
841.205 414.183
249.599 490.908
1000.33 448.775
347.16 504.258
1056.85 674.592
1263.23 628.46
945.285 554.95
879.495 414.87
338.739 439.433
314.647 671.834
1126.78 656.754
1188.73 356.675
1015.41 549.617
987.473 411.89
644.613 360.739
855.523 375.684
625.097 402.101
1211.64 680.546
1134.04 453.345
955.087 507.064
939.195 490.485
399.031 460.569
1217.17 446.857
960.466 510.39
1138.52 707.153
1072.93 268.096
641.785 407.173
844.74 406.769
1272.78 460.014
1006.32 313.372
1223.73 389.609
281.796 542.74
1116.15 405.132
366.322 474.98
1029.75 619.897
1048.5 418.077
1266.16 606.377
615.783 381.698
388.579 678.766
1011.07 574.886
1281.08 512.542
1048.7 255.514
638.21 408.673
1107.8 724.536
