0 2170
1 2077
2 1586
3 139
4 1385
5 47
6 1641
7 1355
8 1878
9 547
10 800
11 385
12 2062
13 492
14 563
15 1895
16 1119
17 129
18 1375
19 63
20 382
21 413
22 1869
23 508
24 1336
25 164
26 754
27 2124
28 2141
29 2159
30 1021
31 349
32 591
33 2136
34 651
35 616
36 2030
37 1240
38 454
39 873
40 1571
41 324
42 2039
43 1703
44 1293
45 1734
46 1588
47 639
48 1586
49 403
50 194
51 317
52 1605
53 186
54 1292
55 155
56 669
57 489
58 1019
59 726
60 2021
61 1783
62 1621
63 1214
64 1592
65 766
66 1960
67 1023
68 1581
69 15
70 1621
71 2027
72 829
73 2153
74 741
75 2030
76 1813
77 899
78 2076
79 1198
80 1164
81 1187
82 1371
83 1944
84 1425
85 2146
86 58
87 996
88 1098
89 1255
90 1010
91 707
92 1317
93 358
94 146
95 534
96 1055
97 1046
98 592
99 87
100 804
101 612
102 1512
103 107
104 1814
105 1765
106 1060
107 1452
108 1978
109 1619
110 1782
111 610
112 587
113 2147
114 1322
115 825
116 1295
117 373
118 883
119 947
120 941
121 110
122 1340
123 324
124 1892
125 40
126 802
127 1667
128 876
129 1530
130 1309
131 1007
132 499
133 1363
134 297
135 1401
136 1623
137 801
138 1464
139 2167
140 881
141 646
142 159
143 817
144 1096
145 226
146 1195
147 1352
148 1758
149 509
150 1717
151 1041
152 1622
153 277
154 1035
155 1432
156 1501
157 168
158 1083
159 683
160 811
161 1595
162 595
163 854
164 1924
165 2153
166 2039
167 1877
168 1389
169 126
170 1370
171 801
172 793
173 187
174 2032
175 1064
176 2024
177 1232
178 935
179 2093
180 266
181 88
182 1223
183 2167
184 225
185 1264
186 453
187 687
188 1387
189 2143
190 1188
191 1077
192 1203
193 475
194 226
195 1208
196 554
197 1123
198 374
199 122
200 580
201 83
202 1404
203 2161
204 1956
205 416
206 1374
207 1516
208 1458
209 379
210 1622
211 1626
212 733
213 2027
214 1792
215 1354
216 102
217 1005
218 337
219 1479
220 1623
221 282
222 798
223 813
224 1356
225 1057
226 1973
227 1089
228 1375
229 931
230 1890
231 2053
232 1423
233 2158
234 1598
235 523
236 686
237 1621
238 1579
239 1670
240 846
241 504
242 1885
243 1970
244 1764
245 88
246 2087
247 730
248 1784
249 1974
250 1546
251 1375
252 1048
253 342
254 598
255 486
256 890
257 1610
258 35
259 148
260 782
261 148
262 613
263 545
264 715
265 119
266 1995
267 1704
268 1067
269 1285
270 325
271 129
272 1604
273 479
274 134
275 1859
276 565
277 200
278 1511
279 815
280 872
281 1773
282 801
283 2050
284 965
285 1105
286 969
287 2091
288 1915
289 495
290 1284
291 1346
292 1174
293 2009
294 632
295 1337
296 1304
297 1737
298 1347
299 391
300 721
301 537
302 1023
303 1299
304 1140
305 855
306 1778
307 711
308 1600
309 1480
310 607
311 1188
312 62
313 425
314 18
315 672
316 272
317 1931
318 1593
319 869
320 1426
321 1591
322 90
323 519
324 484
325 1339
326 522
327 1470
328 989
329 1508
330 1375
331 1101
332 2098
333 514
334 712
335 1958
336 622
337 406
338 712
339 1431
340 129
341 2083
342 1363
343 864
344 1419
345 125
346 2099
347 1375
348 883
349 1660
350 50
351 1205
352 1600
353 1094
354 907
355 1595
356 560
357 2147
358 1545
359 158
360 1096
361 432
362 1463
363 209
364 629
365 1926
366 77
367 1056
368 794
369 1438
370 2096
371 147
372 297
373 1189
374 842
375 1651
376 1195
377 575
378 943
379 897
380 2083
381 589
382 1600
383 1690
384 1507
385 432
386 1123
387 1958
388 607
389 678
390 883
391 606
392 116
393 707
394 1477
395 2137
396 526
397 1579
398 2072
399 1219
400 1083
401 1174
402 1512
403 34
404 143
405 1039
406 192
407 57
408 1235
409 475
410 1588
411 341
412 1782
413 46
414 394
415 1601
416 618
417 1982
418 1622
419 533
420 589
421 121
422 129
423 1341
424 1266
425 412
426 591
427 1439
428 287
429 1907
430 1117
431 340
432 1450
433 1657
434 2030
435 961
436 252
437 474
438 902
439 2151
440 550
441 572
442 665
443 77
444 2174
445 1621
446 1902
447 1928
448 989
449 157
450 1703
451 2133
452 1432
453 1457
454 2052
455 1829
456 435
457 1850
458 637
459 1630
460 591
461 894
462 1945
463 1973
464 1687
465 898
466 6
467 738
468 1967
469 288
470 109
471 710
472 2169
473 843
474 1344
475 1010
476 2018
477 1136
478 2005
479 827
480 1776
481 801
482 1162
483 1803
484 1524
485 1423
486 635
487 585
488 942
489 1096
490 497
491 242
492 1339
493 2041
494 1281
495 1402
496 698
497 1338
498 676
499 1253
500 1363
501 1103
502 1418
503 1240
504 1623
505 1159
506 1619
507 945
508 1746
509 26
510 1179
511 1426
512 741
513 1337
514 1243
515 1954
516 1049
517 1236
518 744
519 178
520 142
521 193
522 1270
523 1687
524 605
525 1947
526 937
527 1355
528 110
529 411
530 1600
531 958
532 1097
533 1998
534 541
535 1501
536 362
537 1926
538 540
539 2170
540 958
541 1946
542 772
543 382
544 1243
545 1005
546 1270
547 1763
548 1643
549 580
550 1605
551 1314
552 110
553 1583
554 1836
555 21
556 1622
557 782
558 683
559 1952
560 38
561 1295
562 7
563 861
564 1580
565 324
566 1931
567 559
568 722
569 1645
570 272
571 1376
572 2113
573 962
574 1012
575 1440
576 518
577 430
578 117
579 1500
580 633
581 938
582 1451
583 1484
584 922
585 2125
586 1529
587 703
588 1712
589 1914
590 1029
591 1085
592 500
593 1225
594 1279
595 601
596 143
597 747
598 1242
599 2092
600 505
601 497
602 935
603 237
604 1595
605 1863
606 607
607 1399
608 1158
609 1471
610 1127
611 1944
612 1050
613 1600
614 421
615 315
616 1692
617 2106
618 1523
619 1720
620 1453
621 991
622 1567
623 1132
624 591
625 1718
626 126
627 1454
628 1798
629 1432
630 1490
631 1237
632 538
633 1767
634 1017
635 1334
636 2051
637 614
638 497
639 136
640 974
641 451
642 717
643 1473
644 835
645 1097
646 1519
647 460
648 385
649 1140
650 2032
651 372
652 88
653 933
654 554
655 1130
656 1924
657 1217
658 1828
659 1621
660 2156
661 1093
662 186
663 129
664 1484
665 1729
666 1560
667 1494
668 163
669 1410
670 1022
671 1953
672 445
673 168
674 711
675 557
676 2092
677 684
678 303
679 1961
680 1479
681 361
682 1577
683 1048
684 596
685 1483
686 2038
687 685
688 1780
689 1735
690 1571
691 2033
692 1045
693 1740
694 955
695 1680
696 541
697 127
698 204
699 1305
700 882
701 851
702 136
703 1957
704 147
705 1862
706 1069
707 2036
708 801
709 2142
710 900
711 1242
712 689
713 2132
714 960
715 901
716 188
717 1921
718 762
719 1138
720 1997
721 2014
722 1928
723 364
724 1179
725 2032
726 654
727 432
728 2109
729 1140
730 897
731 782
732 1732
733 1586
734 1314
735 1269
736 356
737 1267
738 1780
739 1125
740 1069
741 1426
742 1197
743 1514
744 2013
745 1391
746 1034
747 6
748 2092
749 1312
750 2028
751 484
752 1800
753 1076
754 179
755 134
756 76
757 1081
758 524
759 2047
760 120
761 558
762 1310
763 1018
764 144
765 130
766 1765
767 1284
768 1315
769 777
770 818
771 918
772 855
773 1587
774 1670
775 528
776 819
777 715
778 145
779 111
780 1996
781 1579
782 1586
783 85
784 1483
785 1275
786 494
787 780
788 147
789 158
790 1595
791 1878
792 1588
793 1388
794 111
795 1016
796 187
797 509
798 115
799 626
800 888
801 120
802 1191
803 1582
804 360
805 1995
806 1679
807 1451
808 1572
809 1382
810 162
811 225
812 1035
813 1328
814 571
815 1967
816 1594
817 1144
818 194
819 150
820 1016
821 624
822 890
823 1601
824 1815
825 1471
826 1191
827 1949
828 2156
829 613
830 2063
831 85
832 1139
833 374
834 1856
835 1455
836 1520
837 1718
838 286
839 1815
840 357
841 1750
842 627
843 1054
844 1747
845 216
846 715
847 76
848 937
849 548
850 1761
851 134
852 927
853 762
854 1079
855 1976
856 70
857 1587
858 1932
859 809
860 374
861 460
862 596
863 1211
864 1734
865 1355
866 33
867 1768
868 1412
869 1453
870 6
871 1465
872 82
873 62
874 1096
875 2077
876 822
877 1176
878 1124
879 721
880 1202
881 266
882 2072
883 44
884 1949
885 761
886 1434
887 747
888 1391
889 199
890 679
891 1215
892 26
893 1947
894 1310
895 672
896 491
897 2123
898 583
899 619
900 1455
901 45
902 718
903 1032
904 1163
905 1996
906 591
907 1281
908 1377
909 389
910 890
911 1182
912 734
913 1144
914 373
915 720
916 1025
917 1495
918 1915
919 824
920 1400
921 1260
922 589
923 1150
924 1055
925 499
926 675
927 1912
928 1621
929 270
930 2035
931 420
932 299
933 104
934 1060
935 1400
936 782
937 72
938 1492
939 691
940 1221
941 65
942 188
943 158
944 454
945 123
946 564
947 135
948 269
949 1340
950 479
951 1744
952 2092
953 300
954 1038
955 961
956 1946
957 1783
958 1739
959 1087
960 2038
961 1824
962 334
963 1126
964 607
965 1290
966 1407
967 1711
968 1200
969 735
970 1615
971 1861
972 636
973 947
974 1911
975 1986
976 117
977 1550
978 129
979 1131
980 1524
981 451
982 616
983 1200
984 210
985 732
986 1261
987 1620
988 1615
989 79
990 910
991 974
992 2075
993 1448
994 252
995 129
996 427
997 1583
998 1911
999 1212
1000 1781
1001 1521
1002 1958
1003 1452
1004 1807
1005 1783
1006 667
1007 1794
1008 1456
1009 1702
1010 579
1011 580
1012 1398
1013 1260
1014 2085
1015 914
1016 239
1017 620
1018 1579
1019 123
1020 844
1021 1596
1022 1780
1023 2074
1024 1108
1025 997
1026 1896
1027 1621
1028 931
1029 545
1030 1496
1031 678
1032 909
1033 124
1034 998
1035 1040
1036 1301
1037 1426
1038 2157
1039 362
1040 890
1041 2135
1042 1782
1043 1011
1044 630
1045 1583
1046 1769
1047 2048
1048 1070
1049 691
1050 1600
1051 771
1052 804
1053 991
1054 501
1055 1316
1056 382
1057 262
1058 1842
1059 1581
1060 1594
1061 1322
1062 1456
1063 951
1064 70
1065 1076
1066 605
1067 635
1068 927
1069 2173
1070 591
1071 2108
1072 702
1073 1223
1074 1269
1075 584
1076 129
1077 120
1078 479
1079 1307
1080 1109
1081 424
1082 1591
1083 1307
1084 1037
1085 711
1086 1837
1087 1341
1088 2048
1089 232
1090 1362
1091 1856
1092 429
1093 1501
1094 105
1095 1864
1096 503
1097 710
1098 1624
1099 886
1100 733
1101 851
1102 482
1103 1345
1104 1878
1105 611
1106 1024
1107 865
1108 1912
1109 236
1110 1236
1111 1618
1112 323
1113 778
1114 936
1115 729
1116 316
1117 691
1118 695
1119 2066
1120 1086
1121 934
1122 1986
1123 1863
1124 894
1125 1095
1126 1235
1127 716
1128 362
1129 1307
1130 1294
1131 553
1132 1599
1133 1501
1134 2041
1135 466
1136 1782
1137 1042
1138 1730
1139 704
1140 1664
1141 1438
1142 1232
1143 225
1144 127
1145 1619
1146 155
1147 1602
1148 301
1149 156
1150 315
1151 1066
1152 2050
1153 1579
1154 170
1155 1167
1156 1621
1157 824
1158 1248
1159 1785
1160 1756
1161 1233
1162 1973
1163 803
1164 1665
1165 1260
1166 765
1167 1516
1168 1623
1169 2140
1170 1144
1171 1589
1172 110
1173 626
1174 354
1175 819
1176 524
1177 924
1178 1355
1179 1260
1180 1311
1181 445
1182 1894
1183 962
1184 2082
1185 1664
1186 916
1187 619
1188 676
1189 1484
1190 1601
1191 1981
1192 832
1193 396
1194 937
1195 1621
1196 263
1197 1179
1198 655
1199 941
1200 2171
1201 1720
1202 736
1203 542
1204 694
1205 1097
1206 145
1207 176
1208 591
1209 546
1210 1683
1211 1040
1212 511
1213 154
1214 1347
1215 1529
1216 110
1217 1950
1218 2152
1219 193
1220 280
1221 820
1222 1201
1223 988
1224 228
1225 1305
1226 550
1227 645
1228 1621
1229 1941
1230 1854
1231 1628
1232 148
1233 1805
1234 106
1235 1286
1236 522
1237 1250
1238 149
1239 263
1240 2102
1241 892
1242 1269
1243 644
1244 981
1245 1413
1246 690
1247 895
1248 531
1249 1744
1250 1822
1251 1189
1252 1881
1253 986
1254 1369
1255 1855
1256 979
1257 453
1258 21
1259 1680
1260 2020
1261 1780
1262 323
1263 924
1264 1738
1265 534
1266 741
1267 716
1268 115
1269 882
1270 83
1271 597
1272 1748
1273 759
1274 1506
1275 46
1276 1610
1277 2122
1278 702
1279 1437
1280 281
1281 2146
1282 996
1283 436
1284 1914
1285 713
1286 1376
1287 1854
1288 1525
1289 1583
1290 699
1291 1718
1292 712
1293 309
1294 1897
1295 2070
1296 1233
1297 930
1298 994
1299 1706
1300 1551
1301 2022
1302 1876
1303 1080
1304 1062
1305 1025
1306 1417
1307 989
1308 1825
1309 1306
1310 140
1311 145
1312 851
1313 983
1314 1219
1315 1353
1316 1620
1317 309
1318 1287
1319 918
1320 1472
1321 1597
1322 629
1323 1899
1324 276
1325 1953
1326 568
1327 491
1328 2067
1329 681
1330 759
1331 1653
1332 710
1333 1200
1334 148
1335 1342
1336 1740
1337 737
1338 1502
1339 1459
1340 3
1341 229
1342 679
1343 1065
1344 1059
1345 1613
1346 961
1347 894
1348 545
1349 26
1350 2077
1351 815
1352 488
1353 1707
1354 133
1355 1441
1356 410
1357 480
1358 416
1359 308
1360 1294
1361 216
1362 665
1363 2125
1364 264
1365 313
1366 2043
1367 2095
1368 294
1369 555
1370 1427
1371 803
1372 974
1373 596
1374 1485
1375 1996
1376 1596
1377 1213
1378 483
1379 604
1380 747
1381 921
1382 151
1383 2154
1384 1882
1385 792
1386 1153
1387 146
1388 1932
1389 668
1390 1583
1391 145
1392 101
1393 1063
1394 1092
1395 1067
1396 1575
1397 1096
1398 1359
1399 275
1400 1288
1401 1034
1402 808
1403 984
1404 1985
1405 1829
1406 564
1407 1115
1408 479
1409 1407
1410 510
1411 1195
1412 1426
1413 1297
1414 990
1415 1148
1416 471
1417 129
1418 1226
1419 348
1420 1494
1421 2053
1422 1652
1423 1029
1424 1174
1425 1054
1426 1332
1427 766
1428 993
1429 1385
1430 1059
1431 143
1432 1052
1433 167
1434 1519
1435 1591
1436 506
1437 746
1438 1204
1439 110
1440 1200
1441 539
1442 1500
1443 132
1444 1163
1445 1674
1446 407
1447 2097
1448 809
1449 742
1450 1813
1451 523
1452 243
1453 1361
1454 605
1455 1696
1456 1594
1457 1121
1458 1137
1459 2052
1460 793
1461 1901
1462 2113
1463 723
1464 1783
1465 605
1466 1630
1467 1206
1468 279
1469 1093
1470 205
1471 220
1472 1368
1473 516
1474 1383
1475 1866
1476 795
1477 1664
1478 952
1479 1588
1480 1927
1481 1357
1482 589
1483 767
1484 387
1485 1288
1486 1696
1487 255
1488 1003
1489 1579
1490 366
1491 1446
1492 929
1493 2002
1494 1428
1495 1622
1496 698
1497 953
1498 512
1499 1790
1500 31
1501 959
1502 1768
1503 1623
1504 1115
1505 927
1506 519
1507 2134
1508 1796
1509 1605
1510 590
1511 691
1512 714
1513 1903
1514 762
1515 1179
1516 148
1517 594
1518 223
1519 1078
1520 1471
1521 2132
1522 1575
1523 1068
1524 1402
1525 69
1526 880
1527 378
1528 436
1529 281
1530 109
1531 80
1532 153
1533 17
1534 126
1535 1461
1536 1770
1537 449
1538 1417
1539 1595
1540 1858
1541 1135
1542 1100
1543 1636
1544 252
1545 1067
1546 474
1547 481
1548 2064
1549 2049
1550 1487
1551 1419
1552 518
1553 1052
1554 1014
1555 379
1556 1872
1557 1106
1558 1282
1559 1408
1560 1410
1561 1072
1562 1460
1563 613
1564 925
1565 1632
1566 1993
1567 1238
1568 632
1569 14
1570 374
1571 1859
1572 1622
1573 1847
1574 1534
1575 1283
1576 1922
1577 528
1578 1588
1579 1749
1580 1791
1581 789
1582 1872
1583 612
1584 1174
1585 1042
1586 1651
1587 1891
1588 542
1589 1767
1590 705
1591 1280
1592 368
1593 1693
1594 1381
1595 529
1596 756
1597 1641
1598 1329
1599 1039
1600 222
1601 621
1602 359
1603 129
1604 1019
1605 352
1606 1307
1607 1027
1608 1245
1609 647
1610 692
1611 1783
1612 502
1613 1782
1614 2168
1615 1258
1616 790
1617 1341
1618 2104
1619 380
1620 18
1621 459
1622 1206
1623 1927
1624 850
1625 706
1626 1490
1627 155
1628 263
1629 1168
1630 713
1631 931
1632 609
1633 1037
1634 810
1635 1456
1636 1265
1637 1617
1638 305
1639 962
1640 733
1641 1576
1642 1522
1643 2177
1644 1497
1645 1586
1646 878
1647 222
1648 129
1649 1688
1650 1591
1651 152
1652 66
1653 254
1654 427
1655 1778
1656 309
1657 1542
1658 736
1659 2162
1660 525
1661 477
1662 1892
1663 1411
1664 1192
1665 823
1666 2174
1667 692
1668 1433
1669 221
1670 958
1671 1477
1672 857
1673 79
1674 1608
1675 1926
1676 691
1677 1454
1678 507
1679 1424
1680 1997
1681 1906
1682 867
1683 1492
1684 555
1685 1274
1686 1333
1687 993
1688 1151
1689 479
1690 192
1691 1828
1692 1040
1693 426
1694 689
1695 1665
1696 1049
1697 825
1698 1200
1699 862
1700 641
1701 1622
1702 263
1703 608
1704 579
1705 1591
1706 812
1707 365
1708 556
1709 1180
1710 987
1711 110
1712 633
1713 377
1714 46
1715 2162
1716 1230
1717 193
1718 2048
1719 1192
1720 654
1721 302
1722 869
1723 2161
1724 755
1725 1484
1726 118
1727 603
1728 591
1729 1459
1730 324
1731 1415
1732 1459
1733 1115
1734 1765
1735 1621
1736 1931
1737 479
1738 1818
1739 596
1740 805
1741 1187
1742 317
1743 287
1744 1768
1745 3
1746 592
1747 1595
1748 210
1749 1104
1750 159
1751 1475
1752 1642
1753 76
1754 1958
1755 87
1756 591
1757 894
1758 283
1759 1335
1760 796
1761 1014
1762 1099
1763 726
1764 1506
1765 1588
1766 536
1767 610
1768 1926
1769 120
1770 463
1771 623
1772 1688
1773 505
1774 1233
1775 1179
1776 814
1777 657
1778 509
1779 357
1780 111
1781 1133
1782 1163
1783 604
1784 1622
1785 680
1786 1169
1787 2100
1788 1481
1789 1620
1790 495
1791 810
1792 1812
1793 2020
1794 1598
1795 325
1796 1272
1797 1367
1798 309
1799 1549
1800 794
1801 397
1802 861
1803 95
1804 983
1805 278
1806 42
1807 877
1808 544
1809 1641
1810 2028
1811 1307
1812 1615
1813 762
1814 1405
1815 1597
1816 554
1817 1915
1818 1761
1819 1851
1820 1665
1821 1073
1822 575
1823 2121
1824 1544
1825 202
1826 1913
1827 664
1828 1415
1829 371
1830 2092
1831 863
1832 688
1833 713
1834 1675
1835 1416
1836 452
1837 1999
1838 97
1839 1269
1840 1975
1841 1372
1842 591
1843 1963
1844 1584
1845 1495
1846 1335
1847 1171
1848 1411
1849 1682
1850 475
1851 1498
1852 671
1853 819
1854 1016
1855 1863
1856 1871
1857 836
1858 657
1859 1459
1860 2068
1861 2111
1862 1134
1863 88
1864 601
1865 1579
1866 530
1867 2022
1868 1957
1869 1372
1870 487
1871 312
1872 464
1873 575
1874 706
1875 1267
1876 208
1877 1023
1878 688
1879 1654
1880 1135
1881 1189
1882 1694
1883 102
1884 642
1885 613
1886 669
1887 1543
1888 1945
1889 1426
1890 1991
1891 591
1892 1500
1893 2024
1894 930
1895 602
1896 135
1897 142
1898 1246
1899 187
1900 946
1901 1296
1902 967
1903 1073
1904 605
1905 979
1906 1591
1907 1327
1908 362
1909 999
1910 444
1911 54
1912 632
1913 1246
1914 960
1915 1501
1916 1152
1917 1044
1918 1013
1919 2144
1920 74
1921 946
1922 2065
1923 2113
1924 1545
1925 1658
1926 838
1927 692
1928 815
1929 1740
1930 1086
1931 2110
1932 402
1933 1957
1934 1038
1935 528
1936 1511
1937 1665
1938 1720
1939 341
1940 1088
1941 584
1942 476
1943 1214
1944 1414
1945 1003
1946 818
1947 1004
1948 155
1949 1858
1950 1174
1951 1586
1952 1009
1953 44
1954 318
1955 803
1956 1923
1957 1654
1958 1055
1959 1995
1960 1129
1961 1613
1962 1767
1963 1460
1964 580
1965 295
1966 415
1967 939
1968 1049
1969 636
1970 1858
1971 183
1972 351
1973 1869
1974 1977
1975 2049
1976 527
1977 1546
1978 1692
1979 595
1980 2127
1981 501
1982 2106
1983 101
1984 1128
1985 1183
1986 394
1987 1758
1988 821
1989 820
1990 889
1991 95
1992 522
1993 10
1994 146
1995 1333
1996 1588
1997 610
1998 421
1999 1558
2000 1232
2001 837
2002 2006
2003 2130
2004 94
2005 1759
2006 1114
2007 1322
2008 130
2009 379
2010 372
2011 985
2012 120
2013 806
2014 234
2015 1184
2016 129
2017 855
2018 1141
2019 397
2020 1212
2021 59
2022 1588
2023 677
2024 607
2025 596
2026 323
2027 607
2028 824
2029 567
2030 1890
2031 129
2032 1174
2033 1174
2034 1345
2035 2083
2036 1747
2037 1724
2038 750
2039 1721
2040 599
2041 1153
2042 1231
2043 1147
2044 2087
2045 1446
2046 1621
2047 866
2048 1764
2049 329
2050 1317
2051 2059
2052 1234
2053 1735
2054 169
2055 667
2056 937
2057 1648
2058 1677
2059 1964
2060 6
2061 556
2062 1216
2063 1176
2064 1768
2065 2155
2066 657
2067 1499
2068 1595
2069 525
2070 275
2071 1783
2072 1227
2073 122
2074 1983
2075 42
2076 749
2077 1771
2078 854
2079 202
2080 335
2081 1862
2082 1560
2083 1720
2084 1142
2085 637
2086 731
2087 1247
2088 1511
2089 73
2090 1635
2091 635
2092 1403
2093 1488
2094 564
2095 1687
2096 996
2097 1037
2098 1075
2099 1687
2100 1292
2101 138
2102 1786
2103 923
2104 1104
2105 913
2106 118
2107 40
2108 1200
2109 670
2110 2007
2111 613
2112 1679
2113 919
2114 1230
2115 1140
2116 491
2117 1717
2118 1664
2119 1229
2120 957
2121 491
2122 543
2123 12
2124 1462
2125 2177
2126 1555
2127 325
2128 733
2129 1915
2130 1427
2131 2033
2132 2004
2133 565
2134 1174
2135 373
2136 1982
2137 908
2138 816
2139 1862
2140 601
2141 1054
2142 1607
2143 2126
2144 385
2145 1475
2146 893
2147 1380
2148 1779
2149 782
2150 74
2151 1663
2152 856
2153 1900
2154 547
2155 554
2156 797
2157 1957
2158 702
2159 510
2160 193
2161 8
2162 578
2163 1287
2164 385
2165 602
2166 2155
2167 361
2168 387
2169 1926
2170 1244
2171 718
2172 1117
2173 159
2174 341
2175 1254
2176 1784
2177 130
2178 617
2179 818
2180 374
2181 1464
2182 602
2183 1306
2184 950
2185 72
2186 628
2187 1343
2188 1579
2189 1835
2190 2128
2191 1936
2192 1621
2193 1946
2194 1418
2195 778
2196 456
2197 2062
2198 1600
2199 1166
2200 987
2201 1858
2202 2055
2203 297
2204 1705
2205 1064
2206 1440
2207 1705
2208 474
2209 1586
2210 1358
2211 697
2212 631
2213 359
2214 1338
2215 90
2216 1622
2217 1318
2218 626
2219 76
2220 591
2221 510
2222 1989
2223 769
2224 1091
2225 139
2226 1401
2227 1066
2228 1605
2229 1413
2230 1485
2231 167
2232 1603
2233 1328
2234 1993
2235 825
2236 1061
2237 1634
2238 1600
2239 1683
2240 152
2241 109
2242 636
2243 447
2244 1360
2245 632
2246 1769
2247 1419
2248 607
2249 1523
2250 2086
2251 804
2252 401
2253 1179
2254 177
2255 1047
2256 1909
2257 1247
2258 642
2259 1548
2260 1551
2261 1252
2262 2062
2263 1406
2264 731
2265 1201
2266 1580
2267 1862
2268 1600
2269 717
2270 2155
2271 1418
2272 384
2273 1459
2274 335
2275 1303
2276 667
2277 1997
2278 472
2279 1545
2280 1265
2281 2112
2282 186
2283 548
2284 576
2285 155
2286 17
2287 2071
2288 1588
2289 118
2290 1797
2291 2082
2292 456
2293 1107
2294 1485
2295 1064
2296 931
2297 569
2298 871
2299 663
2300 255
2301 1776
2302 1026
2303 1857
2304 1337
2305 1977
2306 2037
2307 1985
2308 827
2309 1621
2310 1665
2311 1988
2312 1038
2313 1472
2314 323
2315 520
2316 826
2317 1775
2318 1578
2319 445
2320 2128
2321 614
2322 126
2323 2151
2324 157
2325 2024
2326 1799
2327 1123
2328 1611
2329 1272
2330 1155
2331 1401
2332 1457
2333 355
2334 1960
2335 222
2336 737
2337 648
2338 811
2339 1050
2340 87
2341 1043
2342 1725
2343 2129
2344 838
2345 1448
2346 1980
2347 107
2348 2150
2349 545
2350 1516
2351 1964
2352 700
2353 96
2354 138
2355 489
2356 1985
2357 1959
2358 1793
2359 1514
2360 705
2361 2031
2362 410
2363 1209
2364 1512
2365 2129
2366 1776
2367 158
2368 1456
2369 938
2370 1658
2371 403
2372 1021
2373 1587
2374 368
2375 118
2376 1256
2377 1386
2378 2017
2379 2080
2380 1044
2381 1350
2382 937
2383 1947
2384 1006
2385 1295
2386 1621
2387 733
2388 912
2389 1375
2390 1414
2391 1621
2392 1275
2393 117
2394 1690
2395 754
2396 2058
2397 1744
2398 1039
2399 1626
2400 473
2401 463
2402 1751
2403 77
2404 610
2405 1365
2406 1245
2407 271
2408 800
2409 125
2410 641
2411 116
2412 1384
2413 137
2414 364
2415 1588
2416 451
2417 1881
2418 1847
2419 1596
2420 1997
2421 815
2422 1200
2423 1819
2424 615
2425 374
2426 781
2427 59
2428 726
2429 1563
2430 1174
2431 814
2432 1754
2433 2094
2434 1548
2435 2092
2436 195
2437 1583
2438 1806
2439 1969
2440 1241
2441 1361
2442 1399
2443 941
2444 1110
2445 1468
2446 2125
2447 2094
2448 602
2449 872
2450 142
2451 858
2452 1096
2453 866
2454 495
2455 90
2456 129
2457 483
2458 322
2459 678
2460 388
2461 1640
2462 696
2463 1837
2464 2012
2465 171
2466 1869
2467 984
2468 1273
2469 1048
2470 591
2471 2146
2472 115
2473 1927
2474 791
2475 1179
2476 463
2477 566
2478 382
2479 1007
2480 208
2481 1310
2482 132
2483 705
2484 815
2485 841
2486 1226
2487 66
2488 790
2489 562
2490 2023
2491 1298
2492 724
2493 2077
2494 182
2495 999
2496 786
2497 1486
2498 1605
2499 967
