819
340.613281 592.636292
341.639740 579.657288
346.353394 601.810181
377.681763 462.227081
380.099518 618.295593
388.637970 482.791595
389.159973 432.664154
395.486725 495.772156
395.918518 509.741150
396.359528 505.315979
397.284973 488.405334
398.273285 521.330505
400.457367 487.002686
403.222473 425.337982
404.655823 506.872314
404.816193 509.159912
406.817688 517.750305
409.180939 369.168793
410.355499 479.387878
415.215485 394.121552
414.869690 440.341736
415.320892 472.797272
415.643005 554.395752
416.598969 475.788605
416.897186 419.359039
416.944946 458.820465
417.399567 468.758575
417.743286 491.375092
418.633911 457.404907
418.686066 512.121826
419.351501 470.032196
419.395172 503.666656
419.853088 287.888153
419.819244 369.673065
420.073120 438.357910
421.074097 434.277374
420.856110 457.742218
421.235901 513.219482
421.648346 468.232910
422.095764 354.651123
422.169556 505.608887
422.688538 284.848969
423.117981 436.109283
423.145172 437.594452
422.856293 478.278412
423.143707 511.226959
422.944061 516.117981
423.724365 350.392334
423.768097 460.836731
423.705627 474.909302
424.573914 283.312195
424.656830 345.887360
425.225800 457.292694
425.824493 332.377441
426.190094 466.303711
426.245483 323.377594
426.708649 450.397766
426.802246 514.765564
427.394897 493.653198
427.610962 507.790344
428.179169 419.785004
427.818451 505.254761
428.293762 512.760864
429.178223 462.223358
429.870087 427.340332
430.550476 513.746338
431.157715 543.374451
431.313843 422.593109
431.685425 436.825104
431.673553 453.861603
431.321655 479.235413
431.757660 393.145935
432.600067 410.757202
432.651062 413.371216
433.652374 504.797913
434.225220 279.273651
434.141754 356.728699
433.877716 428.850067
434.186096 450.398315
434.243469 317.552399
434.775696 393.125793
434.768555 395.602356
435.031891 489.747437
435.628235 385.229279
435.888519 410.876617
435.880859 435.211761
435.745239 485.675140
436.618988 369.862244
436.408356 377.331696
436.596375 506.768768
437.120880 314.672882
437.198303 350.813904
437.193237 517.271118
437.361755 345.381958
437.379456 352.701080
437.318634 402.164581
437.572876 487.119995
438.122559 307.346130
438.112946 393.194824
438.175018 436.305359
437.778656 489.300568
438.898895 385.238281
439.609863 350.642639
439.614532 362.819244
439.564056 485.424866
439.572510 535.206177
440.219696 434.556885
441.125458 362.572052
441.663239 395.316315
441.766144 403.731873
442.070221 418.830658
442.173767 421.649872
442.125305 427.898285
442.375488 350.313568
442.614075 356.186920
442.724701 362.397339
442.387482 499.308868
442.349945 501.876404
443.128876 369.138672
443.323151 376.656036
444.153107 300.874084
444.145020 441.165497
444.174652 467.916351
444.798035 418.657501
444.963257 491.624725
445.259369 503.825470
445.359497 357.815399
446.128387 427.607300
446.368317 376.331757
446.415771 511.722595
446.276825 545.178345
446.873596 382.117767
446.799011 384.311859
447.755615 409.743347
448.118317 505.745911
448.643402 433.858521
448.721649 435.758606
449.270477 398.233002
449.111908 517.878784
449.364716 418.698029
450.135559 493.395172
451.132507 409.136505
451.422913 411.666534
451.307739 488.756165
452.587891 418.220276
453.146637 420.644226
452.889557 435.277618
453.860138 505.226379
454.346222 408.768585
454.210754 425.295135
456.143738 417.579590
456.591125 502.846466
457.226776 433.129883
457.290619 496.577026
457.930389 487.699615
459.414886 463.327759
459.384827 492.937225
459.365082 500.297943
459.748444 504.745270
460.039673 483.310730
461.191467 295.584106
461.329895 371.812988
462.378693 502.209808
465.804840 472.271057
466.725189 510.680817
468.671234 464.161285
468.321686 475.586243
468.616455 541.183716
470.177795 468.132660
471.248749 425.402527
470.785309 492.569122
472.309082 461.906708
472.892273 503.734161
473.485382 470.794800
474.138397 510.143158
474.084106 547.190308
475.370270 469.078369
475.303589 479.214417
476.138763 489.774353
476.305023 492.273193
478.089417 511.657623
478.748627 490.709839
479.488251 483.034058
479.493652 488.231628
480.811188 479.249725
485.953125 513.291138
487.135956 484.707581
489.247314 517.347778
491.224854 499.418762
491.214264 517.397766
491.569031 493.130188
491.899384 487.222809
494.977081 486.782684
495.658142 496.064880
501.237366 532.238586
503.267273 518.648621
505.617767 511.152435
507.168579 515.393066
513.808411 549.900574
518.147583 536.587280
520.093445 550.833862
520.399170 590.301147
521.150818 536.380371
521.655212 528.615234
524.110046 527.780884
523.762268 583.847168
525.385986 597.639954
527.036133 493.413483
527.710022 501.120300
527.686829 569.169739
528.421509 564.279419
530.719177 510.247986
532.771484 541.204041
534.085205 564.645569
534.286133 536.405334
537.671509 541.127197
539.232727 540.676147
541.217041 540.187744
541.284485 537.666443
542.792297 538.689392
549.836426 558.841370
550.228638 568.161438
553.703796 568.851807
562.731079 563.792908
956.596191 388.335876
968.292664 415.644806
969.377625 320.666504
971.776001 386.198425
972.819641 336.322601
973.709534 338.751892
975.298462 388.350555
981.076355 394.814270
981.818970 349.087250
982.831848 362.385101
984.673950 351.192627
984.757874 334.043060
990.375122 367.166290
993.718811 341.814545
994.308411 344.394409
996.357361 348.405273
997.672974 335.197235
998.651489 343.701874
999.120056 331.815735
998.861633 427.290405
1001.411133 338.363922
1001.885498 350.794586
1003.831909 342.673401
1008.097839 336.883667
1007.765137 338.578003
1011.468201 352.143799
1012.276062 349.777283
1013.717285 334.096649
1014.629028 367.356781
1015.207458 344.419464
1015.028259 357.268219
1020.045837 370.770325
1020.497925 359.178528
1021.873352 343.864594
1022.022949 358.552155
1024.724854 340.764404
1033.611938 376.111938
1038.332397 493.121887
1044.310425 364.916656
343.574097 584.526184
345.341705 545.707703
346.342102 573.722229
370.651642 508.390686
372.092804 536.770752
377.378082 534.517639
383.231384 521.883301
388.267548 454.542938
388.241577 519.279724
388.635193 527.657166
393.760895 434.045868
394.375275 498.739655
394.780090 518.117615
394.876343 525.921021
396.198242 485.100708
396.287872 496.004669
396.762634 492.585449
399.683868 500.842346
399.764313 498.233673
402.232086 444.609619
405.232544 500.442719
405.494720 497.779846
407.187164 491.758942
408.056702 486.688965
410.008240 514.890808
410.290527 439.167511
411.137512 497.299957
410.948700 499.982208
411.811432 400.322418
414.169678 513.085083
415.149200 477.875397
415.391510 370.290405
415.860321 464.557129
416.429321 461.263245
416.927429 496.381653
417.572418 471.537109
418.365356 488.952332
422.443542 335.438934
422.628754 472.393188
422.613159 496.409210
422.346649 498.979675
423.043610 436.956024
423.556854 284.558502
423.395142 490.691132
424.539185 341.798096
425.473694 465.061829
425.340820 494.032166
426.171204 545.546082
427.439301 436.641083
428.342316 454.319092
428.288116 495.857849
430.086029 357.661926
431.423340 280.316498
431.662445 436.172485
431.994598 456.802795
431.892792 525.468811
432.753693 545.839905
433.533508 497.998169
434.148865 402.062286
433.990509 439.386810
434.998474 488.048004
434.852631 492.576355
435.951050 435.797363
436.678802 278.812347
436.567871 499.366913
437.720032 485.694550
440.215363 435.601257
439.795624 452.467285
439.825867 497.626831
439.937317 539.851257
440.406281 487.501465
443.101074 306.542297
444.468018 435.059326
445.200989 497.379150
445.471191 494.546265
446.513641 290.043152
446.346924 401.083130
446.287170 488.507324
447.720337 347.263489
447.251617 519.051575
448.251312 352.938263
448.737823 434.829376
448.821472 358.626099
448.798798 484.751038
449.466492 365.414307
450.239471 372.022522
451.098267 379.766174
451.596008 486.486298
451.666626 488.134003
452.310120 387.272614
452.940948 434.113586
453.505402 395.741302
455.682556 546.919312
455.507355 550.022034
456.662354 451.650604
456.592072 493.376495
456.490387 544.155945
456.750031 496.504364
458.942200 422.281311
459.902069 461.878204
461.577728 433.207703
461.949127 471.119995
462.224182 493.021515
462.313629 495.667480
462.872711 487.104980
466.184357 449.822540
466.897583 429.565582
467.765442 495.228394
467.955505 484.338165
470.182190 459.461151
470.643066 508.126892
472.837860 526.763367
473.532440 494.665619
473.834839 484.620209
475.024750 470.013794
477.241364 488.161194
479.022888 493.842560
479.427246 485.375305
484.407959 491.131714
490.690002 493.120758
490.532471 517.453064
491.373352 483.907318
492.845856 495.988403
496.319214 510.110962
496.343414 518.811035
501.373688 531.551636
502.559448 511.138947
503.999725 546.119263
506.989410 512.668274
506.949768 540.991028
507.625122 523.354492
507.633362 532.532227
509.383118 543.578369
512.153076 537.286316
512.918579 546.215515
513.681519 524.197998
514.728455 532.338623
514.901672 535.483643
519.400452 537.269409
526.621338 577.547058
526.954895 493.382355
526.815186 535.286133
527.357971 579.522156
528.454407 537.148376
528.912781 567.442139
531.694580 536.355896
535.964172 524.515259
536.854980 581.791138
540.944275 565.220032
540.973267 569.309875
541.724915 557.501343
541.947815 533.803040
543.825500 556.960266
544.539734 548.259033
545.169006 540.942505
545.464417 537.613098
547.809509 543.129211
547.893616 557.097168
550.602234 590.960693
554.073181 585.219971
937.591187 368.919922
944.102905 417.655609
954.203247 387.189362
957.200562 424.216827
972.173523 387.849884
973.480408 394.919586
974.416504 390.208252
977.801208 388.938965
980.589661 346.340576
991.119751 371.648987
1004.245972 346.081390
1007.588135 346.614105
1008.914185 397.689667
1009.619568 369.580322
1010.388550 348.929749
1010.961304 373.525116
1011.506836 352.917755
1012.371521 368.339233
1013.623474 370.273224
1014.570129 333.960205
1016.644714 359.731049
1019.735229 357.643005
1020.527893 355.910858
1020.270569 373.968445
1024.094727 368.123901
1025.188232 360.028320
1025.210327 411.241119
1026.421021 350.926056
1028.895874 407.504395
1031.565186 378.640808
1033.398804 363.564484
1033.848022 372.730774
320.957214 608.623779
396.129150 487.132660
399.834473 499.522583
401.778534 426.160614
401.662689 445.344757
405.336884 499.048462
407.325500 490.796906
411.107635 498.655060
416.720795 460.037567
419.357727 289.809204
422.481171 497.729980
424.890472 284.300964
435.155884 451.220093
436.615417 311.081818
438.828278 539.623657
441.666901 535.648438
445.571167 496.163086
448.067169 518.935120
455.941925 495.021790
462.514282 494.286621
479.237305 492.838806
479.824860 484.162720
490.663269 491.970917
493.068878 487.108917
511.493713 546.955994
518.239441 549.859131
526.228516 565.219727
527.329712 578.561096
528.563110 538.714722
531.264038 534.264404
534.267517 566.972412
540.772217 557.215088
546.845947 553.400330
558.460266 565.275513
560.276062 568.024414
943.207336 418.080566
972.578308 394.378937
977.543396 392.649933
982.986206 394.892365
989.758606 341.524139
1001.209595 359.078583
1003.040649 345.803650
1008.606445 346.883270
1008.735168 369.919464
1012.625183 353.032440
1013.539551 362.934418
1020.775085 354.707672
1027.729858 408.101471
1028.970581 361.463928
1032.576294 372.492279
1032.866455 392.581177
340.119080 597.971497
364.696808 518.659668
419.252594 290.742798
419.634857 475.936432
421.986298 482.928711
425.449432 470.891083
482.653870 526.833313
558.258423 564.333069
561.005981 567.837280
956.077393 386.569366
971.317749 392.988831
974.315613 372.502716
978.346741 347.299164
1007.223633 398.658356
1007.470276 370.251343
1014.256775 352.177185
1019.557739 363.457764
1020.725403 353.798248
1024.416260 359.110657
1028.666992 366.813263
395.280762 485.027893
400.452545 445.496948
543.892761 547.177185
551.350647 553.168091
956.591614 384.729767
976.756226 348.705048
987.624573 347.699341
1009.859741 361.968262
1026.029175 358.894409
413.740845 399.075806
420.530060 293.394287
428.744263 285.236633
458.482483 285.466583
543.308777 546.412048
553.481079 552.116699
1004.460022 397.719116
1019.078003 350.154663
558.447693 548.892761
427.204987 293.347565
454.363464 289.112793
548.909485 538.028381
444.533966 300.038635
445.630157 320.119751
543.295593 599.902039
357.645935 604.839233
441.809601 381.480988
967.196777 427.403931
440.626709 529.216980
400.457367 487.002686
416.944946 458.820465
435.031891 489.747437
479.488251 483.034058
1011.468201 352.143799
433.533508 497.998169
453.505402 395.741302
506.949768 540.991028
541.724915 557.501343
340.613281 592.636292
340.613281 592.636292
380.099518 618.295593
395.486725 495.772156
397.284973 488.405334
397.284973 488.405334
403.222473 425.337982
404.816193 509.159912
415.320892 472.797272
416.598969 475.788605
416.598969 475.788605
417.399567 468.758575
417.743286 491.375092
418.686066 512.121826
419.853088 287.888153
420.073120 438.357910
420.856110 457.742218
421.648346 468.232910
421.648346 468.232910
422.095764 354.651123
422.169556 505.608887
422.688538 284.848969
425.225800 457.292694
426.245483 323.377594
427.610962 507.790344
427.818451 505.254761
431.685425 436.825104
433.652374 504.797913
434.225220 279.273651
433.877716 428.850067
435.888519 410.876617
437.120880 314.672882
437.318634 402.164581
438.122559 307.346130
438.112946 393.194824
438.112946 393.194824
438.175018 436.305359
438.898895 385.238281
438.898895 385.238281
439.609863 350.642639
439.614532 362.819244
439.614532 362.819244
439.572510 535.206177
441.766144 403.731873
442.070221 418.830658
442.173767 421.649872
442.125305 427.898285
442.724701 362.397339
442.724701 362.397339
443.128876 369.138672
443.128876 369.138672
443.323151 376.656036
444.174652 467.916351
444.174652 467.916351
444.798035 418.657501
445.259369 503.825470
446.128387 427.607300
447.755615 409.743347
448.721649 435.758606
449.111908 517.878784
449.111908 517.878784
449.364716 418.698029
450.135559 493.395172
451.132507 409.136505
451.422913 411.666534
452.587891 418.220276
452.587891 418.220276
453.146637 420.644226
453.146637 420.644226
453.146637 420.644226
452.889557 435.277618
453.860138 505.226379
456.591125 502.846466
457.290619 496.577026
459.384827 492.937225
459.384827 492.937225
459.365082 500.297943
459.365082 500.297943
459.748444 504.745270
460.039673 483.310730
462.378693 502.209808
468.671234 464.161285
468.321686 475.586243
468.616455 541.183716
470.177795 468.132660
471.248749 425.402527
470.785309 492.569122
473.485382 470.794800
475.303589 479.214417
478.748627 490.709839
478.748627 490.709839
479.488251 483.034058
479.493652 488.231628
479.493652 488.231628
491.224854 499.418762
491.569031 493.130188
491.899384 487.222809
491.899384 487.222809
503.267273 518.648621
513.808411 549.900574
518.147583 536.587280
518.147583 536.587280
521.150818 536.380371
521.150818 536.380371
521.655212 528.615234
524.110046 527.780884
523.762268 583.847168
525.385986 597.639954
527.686829 569.169739
527.686829 569.169739
530.719177 510.247986
532.771484 541.204041
534.085205 564.645569
541.217041 540.187744
541.284485 537.666443
542.792297 538.689392
562.731079 563.792908
971.776001 386.198425
971.776001 386.198425
975.298462 388.350555
981.818970 349.087250
984.757874 334.043060
993.718811 341.814545
997.672974 335.197235
999.120056 331.815735
1013.717285 334.096649
1014.629028 367.356781
1020.497925 359.178528
1022.022949 358.552155
1038.332397 493.121887
370.651642 508.390686
388.267548 454.542938
388.635193 527.657166
394.375275 498.739655
396.198242 485.100708
396.287872 496.004669
399.764313 498.233673
402.232086 444.609619
411.137512 497.299957
410.948700 499.982208
411.811432 400.322418
415.391510 370.290405
415.391510 370.290405
415.860321 464.557129
422.628754 472.393188
422.613159 496.409210
423.556854 284.558502
427.439301 436.641083
431.892792 525.468811
443.101074 306.542297
447.251617 519.051575
447.251617 519.051575
447.251617 519.051575
456.750031 496.504364
461.577728 433.207703
462.224182 493.021515
462.313629 495.667480
462.872711 487.104980
466.897583 429.565582
467.955505 484.338165
472.837860 526.763367
473.532440 494.665619
479.427246 485.375305
484.407959 491.131714
491.373352 483.907318
496.319214 510.110962
496.343414 518.811035
514.728455 532.338623
514.901672 535.483643
519.400452 537.269409
519.400452 537.269409
526.621338 577.547058
527.357971 579.522156
528.912781 567.442139
531.694580 536.355896
535.964172 524.515259
536.854980 581.791138
536.854980 581.791138
540.944275 565.220032
540.973267 569.309875
541.724915 557.501343
541.724915 557.501343
541.724915 557.501343
541.947815 533.803040
543.825500 556.960266
544.539734 548.259033
547.809509 543.129211
554.073181 585.219971
937.591187 368.919922
944.102905 417.655609
954.203247 387.189362
957.200562 424.216827
972.173523 387.849884
972.173523 387.849884
973.480408 394.919586
974.416504 390.208252
974.416504 390.208252
980.589661 346.340576
991.119751 371.648987
1004.245972 346.081390
1008.914185 397.689667
1010.961304 373.525116
1013.623474 370.273224
1016.644714 359.731049
1020.270569 373.968445
1020.270569 373.968445
1025.210327 411.241119
1025.210327 411.241119
1026.421021 350.926056
396.129150 487.132660
399.834473 499.522583
401.778534 426.160614
401.778534 426.160614
401.662689 445.344757
405.336884 499.048462
407.325500 490.796906
411.107635 498.655060
419.357727 289.809204
424.890472 284.300964
438.828278 539.623657
441.666901 535.648438
448.067169 518.935120
448.067169 518.935120
528.563110 538.714722
531.264038 534.264404
540.772217 557.215088
546.845947 553.400330
558.460266 565.275513
1003.040649 345.803650
1008.606445 346.883270
1027.729858 408.101471
1032.576294 372.492279
1032.866455 392.581177
419.252594 290.742798
956.077393 386.569366
971.317749 392.988831
971.317749 392.988831
1007.223633 398.658356
1020.725403 353.798248
543.892761 547.177185
956.591614 384.729767
420.530060 293.394287
428.744263 285.236633
458.482483 285.466583
543.308777 546.412048
543.308777 546.412048
454.363464 289.112793
444.533966 300.038635
445.630157 320.119751
543.295593 599.902039
357.645935 604.839233
441.809601 381.480988
400.457367 487.002686
541.724915 557.501343
541.724915 557.501343
541.724915 557.501343
