4281
420.188538 62.763294
422.271149 53.149681
425.426697 59.774120
429.257019 58.729507
436.296936 138.379532
439.654663 136.098129
440.663727 138.629684
441.584412 56.856190
441.418488 74.340698
445.237793 62.274830
445.722626 187.160995
456.744965 55.785038
458.336578 60.661072
462.652863 41.416870
463.206116 65.084045
464.889954 73.903358
465.736176 75.438194
479.800568 36.384739
487.359985 79.589493
489.843475 55.867676
491.568420 76.743225
491.345123 79.911194
493.340424 83.643196
499.469849 48.618244
501.107819 49.169296
501.824310 109.855568
697.204285 859.387512
891.738159 755.867737
902.243713 762.163879
910.902832 769.638123
924.348145 762.937073
926.047974 723.696533
942.281799 764.107422
943.910706 782.690186
945.006653 770.165894
945.544983 757.845215
946.336426 654.306824
948.545166 788.326660
950.239929 753.875488
953.161255 617.717651
958.213623 665.868347
958.781799 608.807556
960.456299 776.202271
961.098328 786.863708
962.270691 572.720886
962.755188 723.790527
963.448425 758.730225
965.216370 581.710022
965.634583 781.397644
965.896179 591.753845
966.463440 751.899109
970.189819 706.794617
970.267883 743.702026
972.283386 710.869812
973.108276 521.236755
974.337769 699.026978
975.758606 699.683594
976.299683 840.843140
976.798157 510.759552
977.389648 729.097290
977.362976 741.223572
979.880371 607.619507
980.188293 688.605347
979.933350 698.307556
981.291138 689.679993
981.642700 745.420715
982.864685 611.348145
983.318909 608.625671
984.261902 611.093872
983.900757 701.788818
984.103149 740.870117
984.621033 509.362701
985.657898 678.625549
985.638184 681.760803
986.810730 509.312805
987.202637 617.544312
987.747742 717.383606
988.618958 609.829346
988.854614 613.734680
990.122925 608.134949
989.869934 690.528198
990.615662 539.625366
991.395020 537.817383
991.235291 601.198486
991.661011 687.582214
991.835876 805.283020
992.426880 699.227234
992.740112 474.793671
992.772278 504.172363
993.344727 602.646606
993.965393 710.846130
994.918701 536.254028
995.096497 473.727753
994.832703 499.314026
994.897583 608.821350
995.399780 628.703979
995.771240 634.454956
995.885132 753.337646
996.741028 636.215393
996.366394 645.927490
997.285461 607.141052
996.881775 628.521667
996.877502 653.123779
997.698853 674.850525
998.252563 635.731323
998.374939 649.701538
998.833008 646.598816
1000.189392 539.594788
1000.213745 670.399048
1000.584351 545.869812
1000.295776 621.171021
1000.730713 645.209106
1000.272583 654.195374
1002.722412 334.623077
1002.355347 509.751678
1002.313354 590.331238
1003.176575 351.080719
1004.130188 615.176636
1004.665222 647.396667
1004.526733 649.716248
1004.291504 724.103088
1005.139893 368.616394
1005.072815 627.150879
1004.756348 642.165283
1005.156616 673.941589
1005.689392 350.631317
1005.286316 618.745056
1005.761536 609.338318
1006.295105 329.879059
1006.646912 535.398743
1006.893860 332.718445
1006.913452 339.860046
1007.200012 449.710846
1006.857666 462.918365
1006.820862 532.569214
1007.598877 335.391754
1007.528015 669.793945
1008.158752 382.142365
1008.539917 329.650574
1008.648254 352.159637
1008.671387 386.166870
1008.682007 634.415771
1008.335999 655.194702
1009.522095 439.641418
1009.705505 641.696411
1009.809753 352.361633
1009.862854 615.909790
1010.827454 390.665833
1010.824768 410.722504
1011.273987 408.701019
1011.861145 396.386871
1012.230896 406.652039
1012.661499 400.257324
1012.638489 405.197998
1013.214722 389.334778
1013.097351 402.713715
1013.235779 433.856232
1013.097595 633.878845
1013.441406 626.640381
1013.834045 532.314758
1014.607056 421.305725
1014.850159 410.841797
1015.048584 417.330444
1014.867371 423.876526
1015.328003 400.746979
1016.188843 430.376038
1016.097778 573.688354
1016.346741 437.895294
1016.809753 440.377533
1017.740112 257.252991
1018.110413 579.867493
1018.140015 603.669495
1018.095764 737.273254
1018.733582 586.635742
1018.870056 654.323975
1019.726318 580.077576
1019.322998 582.334045
1019.364075 640.746521
1020.106079 625.777405
1021.185852 278.770966
1021.168457 315.737823
1021.616089 302.794434
1021.702209 527.470459
1021.900635 276.347260
1022.193726 588.053833
1022.682373 522.434631
1022.344849 529.168945
1022.629089 564.692200
1022.758423 611.167236
1022.426575 681.196106
1023.031067 650.467651
1023.221619 775.358337
1023.719727 625.407776
1024.121582 523.613464
1024.212524 574.899841
1024.661621 316.422424
1024.873047 297.038696
1024.854736 321.402039
1025.377686 583.296692
1026.203491 523.809998
1025.833740 528.406311
1026.119751 560.892517
1026.311890 316.639862
1026.593872 613.271362
1027.293213 321.116425
1027.580322 526.213074
1027.970947 677.246887
1028.296631 316.251343
1028.429321 359.684601
1028.260864 590.247253
1028.908936 639.881165
1029.627319 371.398895
1029.704590 554.356873
1030.164307 296.033081
1030.099731 374.837891
1030.162109 377.692871
1029.792603 527.553772
1030.025146 579.852295
1029.813477 584.659241
1030.139893 649.688843
1030.287476 316.164551
1030.665405 320.798584
1031.136230 369.475006
1030.844482 457.917236
1030.768555 460.248016
1031.681763 301.927155
1031.327393 320.713593
1031.287964 329.853668
1031.689087 553.061340
1031.684937 576.334961
1031.255615 634.378113
1032.171265 315.940918
1031.825684 357.197723
1032.225708 368.265808
1032.104980 403.112183
1032.219238 632.167419
1032.724487 407.107666
1032.302490 526.225159
1033.155884 320.307434
1032.758057 365.781311
1032.836548 379.595886
1033.177856 466.255005
1032.855347 515.936584
1032.907104 570.307983
1033.332031 343.252075
1033.689697 370.781433
1033.675415 591.913757
1034.243042 368.097382
1034.427002 397.866394
1034.603271 410.775787
1034.435181 667.074890
1034.777222 380.337952
1034.881592 393.147522
1034.822266 504.628723
1035.057373 513.131958
1034.913208 604.302246
1035.557983 301.347961
1035.306641 320.053772
1035.304565 405.353943
1035.317139 442.642517
1035.378540 478.388611
1035.730835 480.428711
1035.299805 488.025818
1035.263672 494.124023
1035.366211 501.871002
1035.667236 530.275269
1035.774658 610.264587
1035.736328 680.799988
1036.157104 315.492096
1035.794312 359.373718
1036.239380 517.649109
1036.179932 666.083984
1036.295044 350.617828
1036.736084 395.845856
1036.361694 420.477417
1036.281250 428.244171
1036.609985 487.888611
1036.210571 651.817993
1036.761597 426.738190
1036.872314 478.083893
1037.233398 631.689575
1037.361206 319.837799
1037.349121 530.462402
1037.609619 600.084900
1037.466919 633.518738
1038.101318 428.658844
1038.107300 451.694763
1037.958618 502.458771
1037.799194 617.928040
1038.233398 653.192139
1038.313843 350.593384
1038.789307 367.226105
1038.354980 507.195190
1038.387939 645.789185
1038.908813 314.079285
1039.214233 390.428833
1038.801758 433.340485
1039.096924 488.660004
1039.058228 505.222595
1038.922119 583.698853
1039.354614 337.776764
1039.729736 358.620697
1039.327393 501.183655
1039.434692 581.523132
1039.500732 650.161377
1040.214233 376.079803
1040.060791 472.713654
1039.846313 651.805115
1039.830200 659.250488
1040.769897 433.268890
1040.611938 462.285950
1040.720093 635.571838
1040.631958 638.009583
1040.657349 663.874329
1040.763306 375.832611
1041.032104 588.903748
1041.077759 648.891296
1041.595337 385.767914
1041.282715 569.674377
1041.604004 719.678040
1042.186890 388.704071
1042.182983 482.453644
1042.242554 576.621704
1043.085938 376.777252
1042.824585 433.107330
1042.864380 529.625183
1043.233643 583.673218
1043.586426 396.627106
1043.842163 360.871796
1044.191162 423.277313
1043.844727 426.137299
1044.135742 537.605591
1044.101685 612.144226
1044.194336 676.908081
1044.368774 411.900574
1044.703369 461.792511
1044.400269 647.817749
1045.117554 323.814606
1045.625122 371.623932
1045.294800 493.406769
1045.737793 369.682343
1045.856323 421.161255
1046.101807 424.564331
1045.838501 451.124329
1045.879761 476.685822
1045.957886 487.661591
1046.737427 482.173981
1046.281860 667.969360
1046.788086 357.657562
1046.860474 373.810852
1046.784058 591.333984
1046.892212 630.810425
1047.150635 658.505310
1047.262451 387.894257
1047.639038 529.289124
1047.538452 540.705627
1047.524170 660.874512
1047.897827 368.111359
1047.970215 379.164886
1047.770020 438.966644
1048.079224 501.649994
1047.852417 623.318420
1048.664429 660.196472
1049.118530 366.640991
1048.827881 383.607849
1048.933228 396.271881
1048.785400 453.376617
1048.933838 531.873230
1048.864868 560.603760
1049.478760 381.829529
1049.412354 398.361115
1049.348755 463.950989
1049.564941 650.869629
1049.895630 469.315735
1050.413452 409.717590
1050.332153 420.647400
1050.378540 485.190613
1050.619385 500.406921
1051.124390 537.240601
1051.171509 651.720947
1051.721924 440.908905
1052.061279 392.330444
1051.875000 408.360962
1052.334473 637.809814
1052.854370 374.754486
1053.641724 255.860947
1053.558228 409.115448
1053.506226 724.847168
1054.147583 375.926605
1054.449585 398.105774
1054.344971 435.056641
1054.690918 481.834778
1054.725342 644.090820
1055.104736 415.838593
1055.156738 438.318298
1055.141602 460.381927
1054.929077 528.778931
1055.147095 718.138000
1056.341553 510.985687
1056.318726 513.413147
1056.394775 536.185547
1056.669922 662.967041
1056.961670 477.623474
1057.611694 413.314850
1058.020264 421.893097
1057.828247 428.436920
1058.153198 494.210510
1057.977051 530.295654
1057.816406 649.330322
1058.385132 448.464508
1058.281372 622.255981
1058.436890 662.430847
1059.153687 528.265381
1059.289307 483.593414
1059.382324 522.780151
1060.012085 481.918701
1060.619995 513.289246
1061.070068 421.344421
1061.167969 444.881683
1060.810547 449.928345
1061.402710 431.137146
1061.653931 479.527771
1061.679932 486.077972
1061.680420 529.760376
1061.631714 719.355225
1062.742920 419.409363
1063.745239 467.669403
1063.456177 507.809021
1063.899902 423.257690
1064.771484 515.867920
1065.274902 612.610779
1066.051514 438.840363
1065.821899 441.743774
1065.911133 499.805908
1066.542725 630.268738
1067.621094 436.377716
1067.282715 445.006714
1067.553223 453.901398
1067.569214 497.539948
1068.116211 492.342834
1068.247437 522.398193
1068.068115 644.149719
1067.829224 715.765381
1068.361816 482.879944
1068.351074 508.880188
1068.294189 512.404663
1069.727173 659.223267
1069.961426 452.887421
1071.072876 509.384888
1070.897705 627.015625
1071.737915 646.423340
1071.367310 658.713440
1072.367920 451.114258
1072.400269 468.663574
1073.185425 358.727905
1072.704346 460.665955
1072.901611 643.591675
1073.506958 484.513184
1073.654663 491.190369
1074.090942 451.564514
1073.877563 634.177490
1074.853149 466.822754
1074.947388 469.256927
1075.112793 474.367615
1075.268921 460.736694
1075.425659 492.707825
1075.636230 614.269409
1075.888062 580.116455
1075.834351 680.871521
1076.368774 490.346558
1076.428955 526.667175
1076.359741 528.643738
1076.299561 582.074463
1077.541138 506.698059
1077.902466 439.355804
1077.891479 478.363007
1077.988037 484.109314
1077.940796 579.951172
1078.675293 526.308777
1078.619141 583.936157
1078.705078 648.462097
1079.625000 484.627960
1079.667603 533.727478
1079.716675 579.631226
1079.831787 668.154907
1080.678955 489.639740
1080.708618 506.109283
1080.396851 581.772705
1081.366821 511.372864
1083.218140 469.986877
1082.894409 476.301727
1083.034424 496.787262
1083.130127 656.651672
1083.244019 719.612732
1083.828369 628.858521
1083.791138 631.545532
1083.704468 690.791748
1084.800781 474.827759
1084.731201 500.350769
1085.102905 520.723511
1085.176392 657.186340
1085.703003 490.850311
1085.685181 528.328796
1085.904541 532.360535
1085.774780 720.282471
1086.745605 527.297791
1087.637207 496.389496
1087.356689 624.858032
1088.335205 491.052185
1088.762085 523.420593
1088.785034 525.358459
1089.455078 510.167053
1089.755371 520.358582
1089.557739 626.682556
1089.627930 644.510986
1089.813477 512.643860
1090.258667 734.230347
1090.876709 525.246582
1091.153564 644.600952
1091.684937 507.078613
1091.649536 626.336182
1092.181641 641.615540
1092.212891 656.443665
1092.581787 643.287720
1092.795044 630.800659
1093.140503 632.608398
1093.755371 513.202271
1095.611084 618.643616
1096.123779 633.907104
1097.044312 656.138062
1097.861328 508.904419
1098.707275 533.891235
1098.372681 606.864319
1098.881348 512.833679
1098.906494 528.637939
1098.834595 608.549622
1098.963867 645.606323
1098.998535 655.738586
1099.026123 656.424561
1099.128662 683.587280
1099.606079 526.792603
1099.602783 724.686523
1100.164185 676.927856
1099.811279 718.284607
1100.345703 558.639709
1100.609131 608.059692
1101.285889 518.758789
1101.218872 535.266174
1101.103882 668.162109
1101.868652 655.147644
1102.132446 719.697998
1102.704468 520.576416
1103.606201 596.317810
1103.256836 631.933044
1104.190552 518.288513
1104.070679 655.508667
1105.944946 655.455200
1106.851685 471.810120
1107.739624 513.615540
1107.641235 675.196350
1108.633789 617.235596
1109.231567 576.594727
1109.776855 606.618652
1110.742432 535.517090
1111.250854 624.931091
1111.391479 547.306763
1111.658691 591.798279
1111.732300 626.712463
1111.442017 639.598938
1112.432739 630.493408
1112.811890 410.145477
1112.795654 412.810211
1113.038330 638.203003
1113.150879 656.359802
1114.121460 624.266174
1114.593262 638.720154
1115.386597 591.614014
1117.977051 656.867126
1118.458618 616.300842
1118.326782 623.666931
1120.035767 642.303833
1119.819946 657.128601
1122.234253 572.732056
1121.846313 593.583191
1122.291992 580.962891
1123.239990 595.757874
1123.352295 582.788635
1125.853027 580.350220
1128.275024 608.857361
1128.343018 589.116150
1128.856445 610.422119
1128.769775 652.871399
1130.031128 640.784058
1130.137939 701.599792
1130.313965 462.175110
1130.703491 608.886353
1132.242310 582.044373
1133.856201 594.603088
1133.837524 659.628052
1135.621094 577.262207
1135.726074 580.054138
1135.313354 602.567017
1135.844360 519.880920
1136.671997 597.628601
1137.228027 600.370728
1137.855225 621.201050
1137.836914 644.307617
1138.649292 629.320496
1138.726929 660.745850
1139.528076 620.475769
1140.188477 660.997314
1140.671509 624.010925
1141.206055 607.180725
1140.796997 655.347412
1141.224609 709.810669
1140.777222 713.752747
1142.652222 651.619995
1143.389160 714.413635
1144.202515 628.662964
1147.547119 640.880493
1147.953735 638.120544
1147.797852 657.756165
1149.548218 638.643921
1150.390015 657.834290
1151.191528 576.858032
1151.636230 600.857300
1152.363770 617.620300
1152.260010 620.164978
1152.350220 666.386475
1152.831421 641.651917
1153.632568 602.789795
1155.541382 603.677063
1156.680054 641.368652
1157.852539 605.590454
1158.614014 611.244019
1159.086426 603.636108
1159.083130 613.711365
1159.636230 605.270630
1159.682129 622.217407
1159.690430 637.116638
1161.133423 743.887146
1161.836304 659.690308
1162.694214 640.317871
1165.312256 604.378296
1166.626587 640.380005
1167.157104 602.373962
1167.140259 604.179077
1166.810791 610.774170
1166.993286 613.525330
1167.184937 638.814453
1167.338013 635.629639
1168.092041 615.714111
1168.315918 523.611206
1168.668823 611.120789
1169.214600 525.568604
1168.725342 626.215942
1169.234619 545.718994
1169.312134 636.660828
1169.758179 655.496399
1172.305298 657.353149
1172.387207 682.317932
1174.721802 626.223267
1176.189575 639.370178
1176.326416 685.135681
1177.809448 627.647400
1178.634399 685.113586
1180.311646 719.669128
1182.332642 668.135010
1182.621948 690.629822
1184.607178 652.369080
1186.123169 671.624878
1186.639771 692.131348
1190.110596 693.125671
1190.707520 654.339600
1190.645874 690.408447
1191.306274 667.825562
1193.677124 702.096375
1194.224731 670.439026
1194.352905 697.107483
1194.807373 658.224243
1195.159424 695.636536
1195.345947 704.321106
1197.628052 570.892761
1197.612793 706.644348
1199.363281 689.264099
1200.871704 710.291809
1205.370728 691.058289
1206.485352 711.165894
1207.366577 675.287781
1208.285156 713.155396
1207.853271 721.356750
1208.541992 701.781921
1210.130859 724.291382
1212.352905 723.197876
1212.736938 741.764221
1213.634888 676.750977
1215.474731 701.104553
1217.575562 680.828430
1218.473511 694.755066
1220.314575 752.159302
1221.402344 663.156738
1221.780273 603.425964
1222.583618 693.681091
1223.643066 662.864502
1224.513550 687.634216
1227.134521 746.707703
1228.866089 718.752502
1232.286499 699.308899
1232.614990 738.389282
1233.985840 623.800720
1234.117798 672.032776
1233.860474 718.202698
1234.537109 726.763977
1235.606079 685.198059
1235.717407 762.275696
1236.125977 794.880981
1236.707275 744.911682
1236.916870 713.866760
1237.099487 776.647522
1237.262695 671.870300
1237.740112 733.147522
1238.080322 691.184570
1238.376221 700.882263
1238.827759 681.264771
1239.504761 689.281799
1239.905151 692.143860
1241.249634 717.906738
1241.864624 690.355042
1241.797363 724.272034
1241.245728 750.380981
1242.369629 673.130310
1243.101929 691.357483
1243.336182 686.161255
1245.152710 803.113831
1246.764648 702.675720
1247.400269 682.186829
1248.859375 643.230530
1248.826050 758.284424
1249.179199 761.577942
1249.529907 764.191345
1249.572632 771.336548
1250.115479 703.132813
1251.675659 700.301147
1252.252197 719.146484
1253.752075 759.883118
1253.907837 719.803711
1255.743652 774.753235
1255.874878 697.097229
1255.842163 717.343140
1256.071045 777.146484
1256.254272 705.926208
1256.378540 709.916809
1256.604492 771.349670
1257.948486 693.168579
1257.400635 711.630920
1257.808350 704.420349
1257.738647 707.885132
1257.858643 773.718506
1258.646240 713.190796
1258.591309 717.283142
1259.178101 705.527039
1259.924561 708.104431
1259.815796 711.101990
1260.693481 694.382019
1260.607544 709.817200
1261.101074 692.237549
1262.085327 710.885437
1264.368042 693.090454
1264.243530 751.881104
1265.164307 702.542847
1267.068604 703.308044
1266.848633 708.599060
1267.573975 702.242432
1267.241577 712.918091
1267.932129 777.667053
1268.334961 710.670532
1268.581665 780.753296
1268.736206 700.281982
1269.200928 702.707825
1269.647827 775.712524
1270.171509 758.388428
1270.812622 706.236633
1271.116699 710.843689
1271.212891 735.720093
1272.253662 690.115295
1272.268066 708.837769
1272.243408 775.739319
1272.951416 736.355286
1273.293823 708.094421
1274.197998 674.810303
1273.969971 738.216248
1274.426758 732.005676
1274.691040 777.422729
1274.753662 708.966248
1275.695068 676.390137
1275.717407 726.546753
1278.290649 705.984619
1281.247437 774.767151
1285.334961 739.190857
1287.889038 740.744385
1288.188599 743.437988
1287.908936 765.844055
1288.904907 714.829102
1290.685059 792.387207
1291.241821 694.629944
1293.218384 696.831787
1293.864136 770.658020
1297.145630 791.631165
1297.616089 737.876892
1299.233276 711.137573
1299.296387 796.139832
1299.796021 760.261841
1300.853149 757.748901
1300.832153 788.790100
1301.900635 706.757141
1304.374146 791.143860
1305.140625 750.217102
1304.860840 789.382568
1305.601563 739.226013
1305.853638 752.933167
1305.904297 780.695068
1307.741333 799.635803
1307.798096 745.118958
1313.132935 758.234802
1319.741943 728.502747
1322.334106 732.086914
1323.340820 734.190613
1324.303223 735.851624
1324.956177 737.649658
1325.780029 735.229736
1325.840820 739.729309
422.299316 55.639637
435.085541 145.726257
437.911072 43.033680
438.944824 76.554054
446.368042 73.271729
446.707458 76.285645
447.666290 137.149994
448.516418 62.385212
452.903198 53.580044
453.736572 56.861187
454.000092 60.098289
454.970917 69.570686
459.850525 77.881683
461.343140 105.946220
461.829437 61.675308
464.540924 52.984985
467.420654 72.550934
469.595520 81.373222
470.940704 51.049294
473.423767 47.970440
474.467804 59.841427
476.156372 62.968750
481.139709 69.958267
484.960999 71.560730
485.746124 55.179726
488.381531 64.098862
491.412231 91.712608
492.439362 57.064587
493.537415 99.611771
494.209229 59.994682
493.725098 89.756111
497.621490 47.912540
497.408081 187.332764
499.711334 71.216431
524.114929 112.596252
932.053467 790.151306
935.709717 801.304321
939.921936 765.841370
939.968933 788.968140
946.136414 757.659851
946.512390 761.090210
947.899292 817.579041
951.427979 766.454834
953.497375 779.298340
954.603760 760.162781
955.570068 735.225220
961.429993 735.080322
961.953430 821.331543
967.681458 776.314819
967.559814 790.555847
968.456360 731.676208
969.023193 767.614868
973.570679 701.235718
976.387756 699.677063
976.576233 750.667847
976.931274 704.404785
978.727539 277.824402
980.063293 612.605591
982.499573 685.401794
983.823853 717.363037
985.542175 698.150513
985.947205 712.851074
987.284912 604.129883
987.679749 732.604492
988.136902 608.731079
987.979004 675.109558
988.924133 504.943176
990.160278 603.395264
990.689758 409.729889
990.619385 672.956116
991.843750 678.053101
994.080444 547.961487
994.218872 671.405457
994.885925 511.870514
996.226990 608.014404
995.872620 655.555115
996.635986 603.352905
996.863464 509.063873
997.258240 650.759216
996.848450 696.735352
998.101440 361.456055
998.109985 445.556976
998.047791 656.361267
998.996094 709.897461
999.786194 547.637634
1000.043579 685.438660
1000.293518 540.230469
1000.422974 642.870056
1000.433960 651.144775
1000.876465 632.304993
1001.586426 618.514526
1002.233276 463.028778
1002.089355 605.715210
1001.766907 630.003113
1002.685547 277.539001
1002.437622 611.744690
1003.232117 635.099609
1002.945801 644.955383
1002.988953 652.519836
1003.064819 701.846069
1003.438049 655.849548
1003.341675 688.939514
1003.924377 504.421478
1004.928589 650.969177
1005.774963 387.157410
1005.972290 621.677368
1006.144958 650.216553
1006.695129 641.900391
1006.416443 672.589355
1006.756165 634.719788
1006.817139 651.882874
1007.609009 648.288330
1007.637695 655.677612
1008.249939 529.721619
1007.902832 683.307373
1008.473999 453.506805
1008.313232 651.699402
1009.136719 344.202545
1009.041809 362.549072
1008.941101 506.368561
1009.257141 352.335175
1009.971680 384.500488
1010.302368 255.545441
1010.184265 369.299316
1010.916870 685.752502
1012.221313 382.413239
1012.806152 682.711670
1013.490356 533.001282
1013.984314 640.973389
1014.350891 438.240692
1015.848267 435.768127
1016.393860 613.986694
1017.328491 497.230286
1017.263672 640.859802
1018.756042 611.758728
1018.595947 633.847290
1019.164551 619.957275
1019.527283 686.416382
1020.150085 530.603027
1020.480896 754.529358
1021.457092 296.195862
1022.324097 536.920959
1022.400757 579.664124
1022.319580 633.280701
1022.588928 647.231018
1022.327209 650.717834
1022.422974 684.148926
1023.224670 561.367065
1023.324890 611.356262
1023.309875 640.176941
1024.052979 314.686615
1023.884277 590.511414
1024.067383 682.279175
1025.263428 302.113922
1025.049805 580.453064
1025.061035 619.314026
1025.799194 525.769226
1025.717163 526.728699
1025.947754 632.598816
1026.180664 650.289551
1026.608398 646.706421
1026.888794 340.894196
1026.801147 654.015381
1027.732422 275.495880
1027.393799 346.988617
1027.518921 348.461792
1027.429688 596.617859
1028.118652 354.541229
1028.201660 570.138855
1028.139771 632.825317
1028.326416 356.579681
1028.586792 604.435486
1028.626099 669.764160
1029.153442 561.346558
1028.899292 593.561340
1028.847046 678.304382
1029.359131 365.532837
1029.407715 564.737671
1030.431030 381.442780
1030.261841 516.980164
1030.543457 598.250061
1031.013062 384.246765
1030.777954 462.594879
1030.843628 567.398865
1031.124634 590.796326
1031.192139 294.734039
1031.374634 298.170349
1031.348267 387.967773
1031.417236 391.636230
1031.684326 563.689392
1031.467163 668.400513
1032.174805 314.223511
1031.986816 395.487030
1031.911621 618.710632
1031.924805 624.294006
1031.699219 663.185242
1032.591187 291.671509
1032.508911 399.194855
1032.742798 583.812805
1033.114990 567.588623
1032.993530 574.174072
1033.145386 599.881592
1033.004517 639.270203
1033.202271 670.055664
1033.427368 377.599182
1033.540405 530.262695
1033.593872 611.174438
1033.502808 674.331177
1034.168579 525.563049
1033.854004 557.639282
1034.085571 631.802856
1034.420898 413.552032
1034.287720 419.700287
1034.623169 570.971069
1034.897095 387.744324
1035.140625 433.295349
1035.072388 530.032410
1035.260132 639.172668
1035.343262 666.285767
1035.401123 377.421356
1035.654419 424.108734
1035.395752 631.651978
1036.060059 313.343994
1036.212402 390.788147
1035.942017 398.861633
1035.843506 446.785248
1035.811523 469.375549
1035.787964 496.692444
1036.179321 534.883972
1035.942749 564.380493
1036.719360 387.614746
1036.247925 412.299500
1036.538330 437.724609
1036.551758 461.828217
1036.436523 510.545654
1036.368286 538.052185
1036.235840 638.890381
1036.474976 742.259277
1036.816895 300.204559
1037.081909 493.799103
1037.074829 507.736938
1037.101563 552.453857
1037.401489 401.969299
1037.530884 410.769989
1037.288696 422.456635
1037.664429 425.258392
1037.696533 665.198120
1037.350586 667.710510
1038.175049 398.522675
1038.044434 407.423553
1037.917480 531.738342
1037.852661 649.284546
1038.230835 659.948792
1038.581055 438.875397
1038.536011 466.952576
1038.679932 482.443329
1038.412231 515.186462
1038.552856 589.608459
1038.393921 603.698792
1038.693115 638.656799
1038.801758 414.190399
1039.191040 423.779572
1039.158691 463.351807
1038.745605 485.652679
1038.887573 498.388123
1039.400024 410.638123
1039.365356 450.344238
1039.596802 452.905334
1038.939819 664.653809
1039.606934 670.556152
1039.993652 387.324524
1039.826294 420.251343
1039.992676 525.075989
1040.470581 427.418976
1040.313477 449.579742
1040.474854 468.067566
1040.553955 483.833405
1041.316162 411.695160
1041.070679 423.548920
1040.863037 497.337921
1041.015503 499.868378
1040.969360 510.252594
1040.819702 514.480469
1040.972168 529.649170
1040.913452 601.489624
1041.016724 667.148193
1041.407837 367.403015
1041.678955 398.181061
1041.584595 441.180817
1041.650513 447.777191
1041.388184 504.021698
1041.369019 524.844788
1041.516968 631.701660
1042.098877 455.302185
1041.926147 617.871155
1041.886841 645.322205
1041.782837 648.924438
1041.756348 663.003418
1042.401611 463.026947
1042.766235 470.817139
1042.258789 529.527649
1042.362183 563.505371
1042.688110 638.382385
1043.221558 410.081421
1042.712036 422.109406
1042.900513 424.590118
1042.757690 478.538300
1043.110596 486.088745
1043.189819 590.863403
1043.308960 494.501526
1043.465088 502.022705
1043.309204 512.054749
1043.356812 551.610291
1043.552612 630.935730
1044.183350 480.369019
1044.056152 615.088623
1044.223999 661.933472
1044.413696 367.142303
1044.409668 438.636169
1044.429688 450.023773
1044.543701 452.553497
1044.667236 529.397766
1045.053467 386.899414
1044.988403 423.144836
1045.263428 471.601318
1044.834229 524.596680
1045.231323 557.903076
1044.979248 621.577454
1045.387695 481.123138
1045.639648 509.813568
1045.688232 531.081726
1045.348877 600.824524
1045.426025 667.945251
1046.118896 376.583771
1044.667236 529.397766
1046.212891 644.887939
1045.784302 648.664246
1046.552124 349.507721
1046.355225 366.941437
1047.087280 397.790710
1047.168457 410.833740
1046.860474 450.993408
1047.120850 652.264526
1046.768066 654.710510
1047.240479 664.182495
1047.226318 504.359039
1047.550781 524.394775
1047.624390 533.885498
1047.683838 580.031311
1047.400146 613.221252
1047.694580 648.462097
1047.296997 659.461060
1048.185181 498.080475
1048.484253 376.302490
1048.511963 386.573334
1048.266602 572.625793
1048.307617 637.784241
1048.954834 464.700500
1048.846680 467.742950
1049.509277 409.843536
1049.296387 528.930725
1049.297363 554.997131
1050.053711 479.154236
1050.156372 484.601349
1050.417969 386.311279
1050.644897 397.463043
1050.323730 495.683777
1050.440063 513.549683
1051.040649 394.414429
1051.050415 630.573486
1051.476685 644.509033
1051.510986 648.161621
1051.311890 665.232178
1052.061890 410.949249
1052.127441 422.785278
1051.936157 523.914978
1052.364502 400.514618
1052.812378 397.247223
1053.006348 622.937866
1053.215698 630.157715
1053.595337 409.295349
1053.313599 482.233856
1053.439819 661.622498
1053.615723 733.345337
1053.754150 385.920959
1053.868774 405.872375
1054.181885 420.986694
1054.075684 455.351593
1053.910767 494.401245
1054.649414 423.513611
1054.606079 523.787415
1054.732178 630.110474
1054.899536 657.837158
1055.751343 409.130066
1055.402710 412.717987
1055.276489 480.053375
1055.700684 644.205200
1055.530884 647.872986
1056.226196 396.670959
1056.094116 422.067963
1056.292114 432.666534
1055.785767 436.588348
1055.786011 523.680359
1056.085083 532.073608
1056.044800 550.630676
1056.500610 418.513123
1056.659058 469.843048
1056.309082 497.539459
1056.673950 528.310608
1056.818848 630.199585
1056.892212 651.458923
1057.643555 410.270996
1057.680908 425.301422
1057.730469 434.968964
1057.474731 486.372986
1057.281860 647.741516
1057.441040 662.846558
1057.896973 482.437653
1058.459473 479.265808
1058.811768 480.346558
1059.346924 408.604736
1059.600220 420.226746
1059.301392 484.179657
1059.271606 523.319763
1059.313477 535.956238
1059.533813 601.671265
1060.142456 280.985840
1059.973877 422.768372
1059.844604 426.392456
1059.886597 432.086639
1059.901123 502.531799
1059.793823 529.730408
1060.337769 428.363159
1060.509033 492.289703
1060.294678 532.801392
1061.238892 406.646027
1060.817139 539.001282
1060.779907 629.775879
1061.405884 429.403900
1061.485352 439.262573
1061.385254 507.926636
1061.723145 535.761963
1061.270264 647.359802
1062.197754 410.331512
1061.974854 421.124237
1062.149292 425.413879
1061.789795 435.493408
1061.943604 500.011993
1062.405762 450.678467
1062.703003 527.628723
1062.346436 722.986877
1063.048462 522.962646
1063.045044 629.370239
1063.437012 612.873352
1063.933594 445.577454
1063.884888 527.491333
1064.020142 660.726501
1064.292847 418.411499
1065.263916 453.404205
1065.211426 535.535828
1065.260376 464.997833
1065.485229 495.449493
1065.665771 507.736084
1065.661377 643.308716
1065.457764 646.858154
1065.775024 434.465210
1065.802979 502.454071
1066.291992 509.569519
1067.071777 447.509155
1067.222900 450.283356
1066.881714 463.301056
1066.881836 646.756836
1067.142456 650.447693
1067.405151 465.733795
1067.414917 478.607513
1067.695068 635.858032
1068.189819 452.040649
1068.615967 466.416321
1068.479858 482.154785
1069.085938 448.469788
1068.947754 460.367126
1068.958618 475.566925
1068.757935 494.265961
1068.954834 522.500977
1069.583984 480.143646
1069.463379 615.287292
1070.067383 620.625488
1070.402100 467.894958
1070.242432 522.318115
1070.682983 635.518372
1070.498413 659.022827
1071.124634 526.874023
1070.896240 535.184631
1071.008301 646.482483
1071.482178 450.197388
1071.357422 478.330811
1071.637085 682.793030
1072.030273 444.852448
1071.965332 462.309601
1071.995483 493.680450
1073.476318 475.466614
1073.517944 498.253540
1073.591309 526.603210
1073.714355 620.398743
1073.782959 522.143005
1074.259644 528.410950
1074.695068 531.447571
1074.244019 534.758789
1074.801514 509.211395
1075.233521 642.406921
1074.974731 646.007080
1075.426392 495.616211
1076.276733 464.555511
1076.078857 521.852051
1076.460327 477.312714
1076.640137 534.250061
1076.257568 537.584229
1076.287964 584.360840
1076.649780 645.886658
1076.402832 649.645386
1076.920166 493.932587
1077.211182 526.389648
1077.450562 496.469299
1077.575806 634.985779
1077.282227 657.657104
1078.119507 500.912567
1078.187988 503.911072
1077.873779 510.762848
1077.944702 714.750000
1078.569214 465.483765
1078.588257 491.174286
1079.936279 476.160950
1080.062866 486.384552
1080.516602 483.428772
1080.481079 498.279663
1080.572998 525.902954
1080.579224 645.556274
1080.852051 413.761292
1080.899536 521.265137
1080.828613 583.846375
1081.056152 634.802124
1081.266479 479.825714
1081.759033 493.083099
1082.254272 495.599640
1081.678711 506.278259
1083.057617 364.023773
1083.699951 493.962524
1083.207764 521.141296
1084.044434 525.644714
1084.628174 508.094391
1084.292725 521.007996
1084.645020 547.709473
1084.457153 622.444214
1084.609009 645.180542
1084.247803 656.848633
1084.986450 641.461487
1085.597656 491.527924
1085.435913 525.446045
1086.662109 505.498505
1086.662720 627.458557
1086.709229 634.526306
1086.442993 644.990601
1086.323486 648.684082
1087.033447 489.701782
1087.819092 509.660706
1088.389771 527.016113
1088.331055 613.233704
1089.262085 618.986145
1090.482544 520.367432
1090.611694 634.161255
1090.310303 641.008423
1090.479126 644.586365
1090.478638 658.849854
1091.117188 656.221863
1091.749512 508.950653
1091.739014 520.234131
1092.079712 524.908508
1092.642212 550.129639
1092.770020 626.521912
1093.635742 707.969543
1093.926392 634.207886
1094.497681 640.461426
1094.406128 644.221741
1095.042725 555.804871
1094.909668 612.629517
1095.029541 626.528992
1094.869995 658.576294
1095.321533 519.750977
1095.295044 687.487061
1095.920288 522.007202
1096.138428 644.030945
1095.893311 647.711914
1096.921387 546.128601
1097.679810 519.751709
1097.433350 629.888611
1097.448975 669.726379
1098.077515 552.555603
1097.968872 656.027588
1098.590088 608.630432
1098.851807 519.551819
1098.934448 626.055298
1099.294189 442.270630
1099.693604 567.081299
1100.123413 532.301025
1100.035645 643.654297
1100.449585 633.287354
1101.624023 658.304199
1102.326538 557.690430
1102.397827 633.379822
1102.743164 608.141296
1103.331787 574.441345
1104.135620 545.748718
1104.092651 639.500793
1103.984619 643.281494
1104.965454 655.884888
1104.861206 718.052307
1105.546631 563.648926
1105.265747 595.456848
1105.664185 646.800171
1105.855225 632.825500
1105.952026 643.070618
1107.036987 570.109497
1107.322021 607.790222
1107.302734 611.198853
1108.130127 655.553711
1108.680420 586.002808
1108.456421 658.389832
1108.786377 550.392944
1108.970093 719.126648
1109.751709 517.883118
1109.493042 556.972839
1109.490967 639.086304
1110.047363 603.834717
1110.225952 632.068909
1109.843628 642.691956
1111.300049 575.401489
1111.419556 656.071411
1112.456421 507.289703
1112.742554 594.237976
1113.031860 551.725220
1112.972168 563.518494
1113.603149 590.538391
1114.137573 610.483215
1113.770264 638.412415
1114.050293 642.177429
1115.060547 581.919861
1115.203857 616.399597
1115.236694 658.760315
1115.699219 631.388977
1115.384521 642.028442
1115.847534 645.958679
1117.223389 589.297119
1117.639038 567.867249
1118.690308 654.362854
1119.137451 574.975952
1119.171509 641.621704
1118.942505 657.073853
1119.457275 630.901978
1119.796753 651.596252
1119.872803 654.748352
1121.010376 564.106201
1121.593506 630.951904
1122.002319 659.513184
1122.479614 609.676025
1123.216553 581.855469
1123.069214 652.178345
1122.915527 657.717590
1123.661011 620.334595
1123.776001 623.368347
1124.494995 718.202209
1125.160645 570.927612
1125.119385 630.369385
1125.250000 645.054077
1126.095703 609.108704
1125.898315 658.063904
1126.371704 601.527588
1127.034424 655.910034
1126.897583 713.087402
1128.251953 586.712952
1128.531982 651.838440
1128.655762 660.559021
1129.212769 629.859192
1130.332764 594.345947
1132.675659 656.821411
1132.248901 659.351807
1133.197266 655.723816
1133.271606 609.846741
1134.070068 653.713379
1134.718384 629.367920
1134.291626 657.280029
1135.442139 654.163269
1135.549805 662.019714
1137.156860 589.899536
1136.930176 650.393799
1139.207764 651.332642
1139.143677 655.003601
1139.434692 620.456665
1139.425415 661.051331
1140.842529 658.873535
1141.785889 658.087402
1141.886597 663.869629
1142.636230 656.157349
1142.876831 613.283325
1143.270630 621.360291
1144.937134 601.201904
1145.256104 604.683167
1145.263672 606.888550
1145.724976 662.853027
1145.629395 712.594238
1146.276001 612.971130
1146.866821 620.800293
1147.618530 627.671997
1148.486572 657.689392
1148.531982 666.080627
1148.836670 638.386169
1150.430176 620.300232
1152.328003 615.614197
1153.095337 612.190857
1152.761475 665.112793
1154.916138 668.305664
1157.384521 603.937073
1157.861816 626.754395
1159.461426 667.700439
1160.831665 671.374756
1161.432251 610.368164
1163.644653 626.507080
1163.431274 660.917969
1164.173706 671.799866
1168.060181 636.023010
1168.492310 618.552185
1169.122681 639.657288
1169.458740 667.595825
1170.702515 618.137390
1170.387939 626.645203
1172.435791 614.906677
1174.176025 667.726196
1178.378296 654.185425
1180.103760 671.941772
1180.996582 656.884644
1188.357910 658.527954
1189.052246 691.063660
1190.574341 631.787842
1197.646729 690.353455
1197.650391 710.449768
1200.455322 663.951965
1202.911865 696.108582
1203.989258 680.187500
1205.505249 691.629211
1205.494507 707.322815
1206.806030 675.570557
1207.875366 710.002625
1209.103760 713.574707
1209.461548 695.443970
1209.864502 714.431763
1213.182495 716.610779
1217.622559 662.885193
1217.880493 703.963440
1218.429565 722.601624
1218.841187 657.883667
1218.991577 678.130981
1220.309570 684.172607
1220.616577 726.509277
1221.716309 666.212585
1221.909180 758.344116
1222.652100 715.853638
1223.584473 683.192261
1224.171265 730.636169
1224.506470 700.634338
1224.334229 727.393555
1225.549927 820.502258
1226.125854 685.436646
1228.449341 704.780701
1234.179688 669.161011
1235.622803 704.293579
1235.428101 720.276550
1235.480713 743.550781
1236.128052 741.991455
1237.464722 745.027527
1238.153931 681.482300
1239.847534 721.623596
1240.089600 725.233032
1240.255493 716.753662
1243.297241 748.663391
1245.088623 701.805786
1245.801636 734.814819
1247.061279 713.576721
1247.565674 783.121643
1248.400879 719.063049
1248.716797 764.070801
1249.483521 758.414490
1251.164673 770.213806
1251.814819 766.783691
1252.761963 747.653931
1254.267578 807.326294
1254.416504 769.450195
1257.645996 695.495850
1258.893311 702.311279
1259.140991 735.941833
1260.614136 748.626770
1261.031128 704.591064
1264.128784 712.463745
1264.542114 709.099487
1265.971313 738.968323
1268.061768 697.024841
1268.358521 694.107483
1268.532349 704.930908
1268.273315 736.530212
1269.643677 698.977722
1269.386108 758.109741
1270.608398 713.460938
1272.055908 750.380005
1272.915649 700.833191
1272.825684 781.797852
1274.021606 734.787170
1275.289917 729.326965
1276.074097 705.790283
1276.156006 708.618469
1277.210571 711.157532
1290.642944 756.019653
1291.318604 783.919128
1296.768433 718.496033
1297.556274 781.397095
1299.430664 801.201782
1301.356079 706.628235
1302.215698 753.298523
1303.279907 786.325317
1304.193848 740.593933
1305.136475 710.858154
418.972046 197.133713
422.995117 55.991356
434.922333 144.553909
443.121002 93.720482
443.232086 147.260391
454.789612 70.530502
456.259247 97.973473
459.851013 70.368385
459.817780 78.689377
460.890472 62.745979
460.770966 73.005554
476.162903 71.864876
477.258392 63.087208
485.569489 70.400215
486.989319 90.035866
488.167938 80.158989
487.604584 95.169456
493.747864 94.230019
494.577515 78.922035
494.595978 89.048492
497.706757 137.831482
500.909821 58.025639
530.960388 153.363541
551.459473 148.083542
920.809692 796.254944
934.322021 778.968994
939.476807 787.693848
951.180054 764.634705
950.842957 786.655029
952.144897 743.655334
952.969543 761.379761
957.134644 751.894836
957.814270 684.577942
958.602661 785.969482
964.115662 759.797241
968.227295 750.587952
970.558716 745.816345
974.170837 703.386292
975.032959 717.411011
975.020020 750.147156
977.982117 606.832764
980.330322 725.544006
980.707153 608.125732
980.950073 612.352173
981.969666 680.779785
983.558777 699.569031
985.869019 508.405426
986.534119 603.077332
987.712280 617.710815
988.492493 676.978516
988.525635 543.521362
989.192383 690.133484
989.903320 538.875244
991.040405 266.801697
991.824585 601.465759
994.096802 474.216614
994.627136 537.075745
995.591614 697.094910
999.426697 546.690552
999.722961 541.146118
1001.599243 343.026611
1001.571350 411.693176
1002.114319 618.109619
1001.833984 636.192993
1001.671204 651.757263
1002.726563 641.176880
1002.723572 656.222778
1003.986328 350.788147
1004.047913 505.463684
1006.093323 614.709167
1007.509460 329.653778
1007.034668 533.876038
1007.119141 640.660217
1007.102661 643.638428
1008.492249 384.241821
1008.140015 670.791321
1009.513550 252.952652
1010.401062 439.848907
1010.877258 368.936310
1010.531677 376.969116
1010.644958 684.496460
1013.757629 414.257324
1013.829590 417.492462
1014.362488 423.045197
1015.035645 430.812256
1015.241089 606.862000
1016.413330 533.309937
1015.780212 572.533142
1016.099609 634.788513
1015.637207 675.646606
1018.970886 617.575562
1020.739624 634.412048
1021.416138 639.529114
1022.026978 615.346558
1022.175903 624.670227
1022.827332 270.454865
1023.068542 389.461700
1023.485901 686.312744
1024.298340 275.256805
1024.004150 301.349762
1023.763489 620.435181
1024.614990 314.863403
1025.618896 565.590942
1025.471558 616.057434
1026.193970 578.910156
1025.541382 596.684448
1026.023682 612.038940
1026.059814 638.840759
1026.400635 641.896301
1026.411743 608.380310
1028.440674 355.541718
1028.004761 643.700256
1028.096069 682.252014
1029.183472 364.131500
1029.199585 522.991638
1028.549316 530.434204
1028.795410 569.986816
1028.523438 623.539368
1030.137817 373.335114
1030.351074 559.818665
1030.100098 611.771423
1029.731445 633.368713
1031.086060 383.177551
1030.552612 388.058777
1030.817749 587.502014
1031.626709 627.452576
1032.205444 295.240234
1032.087769 394.288727
1032.191284 599.832886
1032.361084 603.510681
1032.735352 300.743164
1033.084717 405.473999
1032.717041 557.988098
1032.912720 562.920044
1032.944458 664.174011
1033.135864 678.586609
1034.480835 588.073120
1034.288330 611.061707
1034.521362 418.658569
1034.552124 424.214691
1035.273315 431.876587
1035.056152 555.102539
1035.415527 623.413696
1035.579102 437.812775
1036.222778 451.744965
1036.352905 514.773254
1036.289429 582.898315
1036.082275 586.365051
1036.362793 603.401794
1035.839722 607.085144
1036.314087 672.869080
1036.873535 398.789551
1037.006470 467.003876
1037.014404 482.359497
1037.148315 498.128021
1036.760620 509.608551
1036.504517 653.012512
1036.905151 663.182312
1038.038696 656.930664
1039.254517 454.173553
1039.234375 563.609863
1039.470459 586.623047
1039.463501 417.292847
1040.107178 423.777832
1040.314331 495.835175
1040.300171 552.149902
1040.116455 582.865234
1040.300659 622.916138
1039.945313 632.000366
1039.961548 638.476563
1040.001099 661.300720
1039.645874 666.767578
1041.349365 437.231262
1040.975220 526.350403
1041.748413 444.557770
1042.242676 451.477875
1042.313843 459.419312
1042.506958 566.737061
1041.527710 579.471802
1043.263794 425.825134
1043.378662 466.886353
1042.859619 474.807922
1043.302612 482.335052
1043.149780 486.981628
1043.538452 490.731995
1043.263428 510.905212
1042.957153 590.081665
1044.194580 498.255096
1043.539063 503.170258
1044.238647 642.141724
1044.244995 660.731201
1045.320557 329.163300
1045.186401 453.866608
1045.048706 507.268707
1044.660034 526.175964
1044.620972 560.948547
1045.147095 594.182922
1044.722900 599.696716
1045.760254 463.911285
1045.877319 479.657623
1046.226685 484.939911
1045.736938 640.195190
1046.151489 663.879639
1046.870605 353.563080
1046.885986 436.995392
1046.939087 512.295837
1046.767456 648.582703
1047.087769 655.772766
1047.804443 450.990784
1048.217651 525.825195
1047.534912 557.801453
1048.953369 361.842133
1048.568237 422.613617
1048.807495 466.489563
1048.946655 482.048218
1049.495117 497.870880
1048.786743 592.000000
1049.273804 631.580139
1050.148315 389.804626
1050.111206 579.988281
1049.593628 622.088806
1049.778931 668.973206
1051.189697 371.197815
1051.124756 453.594055
1050.556519 572.746643
1051.176880 658.708557
1051.824951 397.313721
1051.854370 555.029236
1052.399658 661.283142
1053.092773 403.284180
1052.946777 469.717255
1053.152588 497.055786
1053.757080 381.068451
1053.536377 512.635986
1054.608765 409.205353
1055.447266 525.330200
1055.962036 415.683746
1055.695068 526.567810
1055.774048 654.678894
1055.483154 666.500427
1056.750732 452.916595
1057.024048 551.309021
1057.526978 421.912720
1058.328613 499.463959
1057.589355 512.641541
1059.223999 450.064697
1059.377686 485.389374
1059.220337 630.726074
1058.517578 665.460876
1059.606445 428.907318
1060.531372 435.745667
1060.355469 469.192657
1060.178833 489.053833
1061.119507 496.306366
1060.534790 510.118195
1062.212524 452.274536
1062.021973 501.405975
1061.691284 520.242798
1061.829102 664.200195
1062.623291 442.501678
1063.300537 493.345551
1062.875488 525.661743
1064.040771 465.264099
1064.352661 511.881775
1064.755005 449.250488
1064.925659 479.828735
1064.840576 504.842896
1064.721680 507.852875
1064.829224 663.336670
1066.233276 462.255737
1066.385132 524.616638
1066.079224 550.618164
1066.759766 457.065735
1067.260376 467.246307
1068.104614 451.239868
1068.012573 662.325867
1068.581421 480.315948
1068.726318 613.188721
1068.599243 616.558044
1068.821289 619.673218
1068.797729 634.825012
1069.406860 717.554871
1070.086426 448.365021
1069.696045 464.075439
1070.140503 525.476440
1069.537476 625.106506
1070.673828 477.260895
1070.570190 511.233063
1071.274780 661.778809
1072.274902 445.885468
1071.626953 471.922333
1071.695557 482.637787
1074.272217 479.208191
1073.789673 496.050598
1074.408691 510.438171
1073.579956 615.899048
1074.979980 462.973907
1075.208374 483.872498
1075.394531 487.398895
1074.555786 660.865723
1076.271118 612.447571
1075.778076 645.952454
1076.878052 498.245453
1077.045898 523.323730
1077.150635 615.581482
1076.707642 653.342041
1076.959839 713.557678
1077.905640 481.128174
1078.256104 581.928650
1077.698120 660.392151
1079.807739 478.011566
1079.592896 494.870728
1079.635620 634.060608
1080.801392 499.467834
1081.252075 528.928406
1081.081055 659.833313
1081.791382 491.679169
1081.792480 718.633728
1083.339233 479.130951
1083.953613 518.260681
1084.341309 506.822632
1084.220215 522.457031
1084.071411 548.649658
1083.808472 633.457153
1084.174561 636.746826
1085.255493 493.567474
1084.740112 502.880402
1085.391235 645.066772
1085.544922 623.008118
1088.285156 507.679840
1087.604126 611.248596
1087.522217 614.448425
1088.131104 618.215942
1088.342163 628.063110
1087.880493 659.135315
1089.605713 639.663513
1090.233887 699.806763
1092.011963 523.664856
1091.875854 614.331543
1092.137573 617.915100
1092.388794 707.901428
1093.197754 633.254089
1094.299194 507.693512
1095.244629 521.084229
1095.183350 610.500854
1095.229736 644.123596
1096.049438 613.687927
1096.673950 525.313110
1096.548218 617.424438
1097.032227 626.263428
1096.778320 651.240845
1098.715332 520.560852
1099.114014 633.242065
1100.797241 545.892822
1101.176147 575.377563
1100.678223 669.240234
1103.417236 560.815308
1103.287354 634.867981
1103.929321 717.002258
1105.024780 636.650879
1105.089966 658.781189
1105.621826 556.916138
1106.575317 625.575134
1106.234253 635.318604
1107.047119 514.408020
1106.580566 612.519348
1107.289673 616.179504
1109.103271 517.914063
1108.757446 573.808289
1108.909790 603.564636
1108.711914 631.745728
1108.807983 637.651794
1110.203857 553.938049
1110.161987 587.391479
1110.121460 608.861572
1111.038452 549.760498
1111.280396 615.843140
1112.157959 560.154724
1112.220703 578.692322
1112.037598 625.816711
1113.218140 633.701843
1112.806030 644.683289
1114.753418 574.785767
1116.134766 615.375305
1116.434204 619.303467
1117.654297 630.297241
1117.738770 648.865967
1119.122192 571.864685
1118.536133 608.904968
1119.641113 582.010132
1119.698975 592.353394
1121.360962 624.466125
1122.002319 578.246216
1121.656250 595.125000
1123.189209 598.320679
1122.986450 654.901611
1123.893066 609.988098
1125.532593 594.331299
1125.182739 624.417847
1126.174438 583.742004
1126.505981 648.345215
1126.593384 597.212769
1126.655884 655.217163
1127.563232 651.774841
1129.759277 590.774475
1130.234253 655.912842
1131.242432 624.753357
1131.252075 652.195679
1131.236206 601.490051
1132.320068 609.821777
1131.759766 628.909180
1133.883667 597.825684
1134.571289 587.831909
1135.415039 601.193481
1135.453613 652.029724
1136.525024 628.355774
1136.623535 647.699951
1137.710815 657.097656
1139.247314 652.733765
1140.632935 600.473694
1140.727905 613.266052
1141.072510 627.388550
1143.149902 653.437134
1143.404053 659.854553
1143.853882 608.174927
1143.836060 684.193604
1144.711914 612.306885
1145.531006 617.547058
1145.538330 627.250427
1146.173828 656.117615
1147.184082 600.016357
1149.383789 657.780151
1152.058960 719.897705
1153.977661 621.457092
1157.279907 610.413025
1159.987427 623.210815
1161.442261 606.826111
1164.719604 609.660522
1166.290771 614.751404
1167.581299 619.413940
1168.458374 654.899414
1170.297119 626.032654
1170.801392 618.999084
1172.966919 667.750488
1182.625488 670.072510
1191.048950 656.668945
1194.447144 669.790222
1208.147583 708.998657
1214.974854 702.174988
1218.739136 676.914490
1218.511841 693.606140
1220.925415 660.824402
1220.935181 665.382629
1220.586304 717.168030
1226.254517 726.093811
1228.855591 721.222534
1230.981689 638.805664
1232.106323 623.680237
1232.005493 725.615234
1235.264648 670.839233
1237.453003 682.766602
1237.061279 712.640625
1237.235840 717.738403
1238.848389 654.713623
1239.181396 724.919739
1242.098389 714.691467
1244.047241 733.945251
1245.145874 749.289856
1245.917358 653.538269
1246.382690 731.283569
1247.573120 763.414429
1249.195801 707.144165
1250.970947 748.853149
1250.909302 771.795715
1253.107422 776.205505
1255.380981 758.659912
1256.651123 692.725891
1257.388184 696.104858
1257.206787 772.219727
1258.230103 716.686707
1260.340820 750.337341
1264.717285 694.133972
1266.587036 702.873535
1267.675171 757.372681
1269.820923 733.967957
1271.972900 737.647461
1272.756958 702.573059
1273.040161 776.620789
1274.273071 733.564087
1276.253296 728.372681
1289.334106 755.871155
1290.889282 784.791321
1295.691895 789.894836
1296.606689 796.004639
1302.249146 757.818604
1302.614868 751.517944
1303.261719 786.977112
1303.902954 741.537903
412.831116 143.683823
460.200195 71.947861
471.111420 158.770981
489.538239 104.034660
490.886475 84.026726
509.505432 67.737953
520.906433 78.025009
530.602905 152.415359
534.839539 147.186310
548.866455 80.742683
940.843445 768.827209
945.016235 790.844849
946.676025 785.893982
951.263123 762.997131
953.893372 757.256775
958.374573 734.151367
957.556885 761.995056
960.243958 789.370178
963.517822 653.503723
963.807068 749.793884
967.597717 754.584412
966.835388 776.978027
966.448120 789.327942
968.095459 728.895508
978.344482 559.092834
981.310791 742.796448
982.232727 523.178894
983.788391 608.015076
985.136780 675.764099
985.334473 695.090088
986.438171 269.372864
986.260986 509.320160
986.302551 681.166931
986.401550 715.468567
989.103882 544.109863
993.674561 675.047302
994.821472 508.989044
994.593384 688.626282
997.423035 672.279480
996.747742 711.271362
999.447998 507.714386
1000.487488 687.695007
1002.601990 671.965759
1004.358582 255.211716
1004.010986 464.038300
1003.952515 624.888916
1005.122986 632.146545
1006.298096 686.161011
1007.428894 614.381226
1006.588135 637.171082
1006.912354 639.504761
1009.588501 361.736328
1011.280762 636.385132
1011.777039 532.806946
1011.812134 639.469421
1012.338806 680.057617
1014.536926 252.406082
1016.220154 636.198669
1021.356812 628.516052
1021.190796 638.089172
1022.381958 622.344482
1023.191284 681.731384
1024.265747 596.531677
1025.266357 315.191833
1025.401489 566.339294
1024.630127 589.743896
1026.268555 280.651703
1025.572998 635.242310
1027.326782 559.966492
1028.203857 300.478516
1028.252319 576.463501
1027.658569 622.048279
1027.723755 627.218872
1029.606323 566.863159
1030.996704 580.550659
1031.258179 627.942383
1030.812134 637.704590
1030.915771 667.396301
1031.853271 623.036133
1033.383789 271.671417
1032.812378 295.633636
1033.799194 528.011169
1035.073120 314.130798
1035.407227 637.774841
1036.106689 444.994232
1035.804688 622.219543
1037.073608 459.741486
1037.278687 475.135468
1036.682251 508.656738
1037.561890 491.979401
1039.910522 485.337830
1040.114990 501.459961
1039.738281 512.790405
1040.341309 619.914917
1040.148682 626.842102
1040.759399 428.235107
1042.420532 655.774963
1043.315796 572.389893
1042.634888 580.072510
1043.644165 507.178741
1043.863037 597.108887
1044.712646 526.744324
1045.409790 554.016296
1045.259644 625.697205
1044.619873 632.428101
1045.864258 576.509949
1047.167358 501.052155
1047.551270 600.638611
1048.519897 592.906921
1050.456177 573.702209
1050.120239 579.168457
1049.594116 627.558838
1049.510498 632.953308
1049.967773 635.650146
1051.189331 436.932617
1052.212524 556.338684
1052.865234 468.997742
1053.065308 532.140869
1054.372437 562.596130
1053.881348 627.861816
1054.623169 632.156860
1056.288330 391.163452
1059.154663 402.580688
1059.129028 525.321594
1058.876587 626.940063
1060.491943 468.223450
1062.272095 414.854126
1063.587036 626.641296
1063.748901 631.599731
1065.210205 420.479675
1065.744263 428.039673
1067.290405 530.539734
1066.918823 555.039429
1067.979980 618.301208
1069.596802 441.480682
1069.781738 495.838257
1070.861206 468.738708
1072.125366 617.164978
1072.494629 613.191895
1073.544678 682.764832
1074.126343 455.637695
1074.177002 637.053040
1076.692871 487.426697
1078.141357 616.373291
1078.983032 470.715637
1078.590576 511.139740
1080.755615 523.677734
1082.758179 503.089691
1084.296143 486.320129
1087.227905 616.797668
1088.031250 522.522278
1088.601685 632.580811
1090.771484 502.036285
1090.732910 551.489746
1091.363037 611.171692
1091.781616 522.554565
1092.154297 616.506226
1092.575195 555.904663
1095.653564 553.099365
1095.942017 610.339844
1097.041260 615.518311
1097.243774 621.515991
1098.505737 670.870239
1099.255737 555.797607
1101.465088 623.067505
1103.940552 571.001099
1105.857544 608.999573
1106.371948 614.741333
1106.287476 621.921448
1107.473511 547.552551
1106.557983 587.306580
1108.052856 573.723633
1110.474243 543.625854
1111.167725 614.703369
1111.114990 621.560730
1112.204712 619.683899
1113.441772 599.378784
1112.499878 629.562744
1113.859131 547.380432
1116.223633 565.044128
1116.392456 620.257019
1116.686401 626.188232
1117.247314 628.832703
1120.490112 567.008362
1119.930786 571.949280
1119.902344 614.712769
1121.300171 620.048035
1121.398804 625.527161
1120.919556 725.329529
1121.911377 628.736877
1126.981323 569.639709
1127.091064 583.468506
1126.871826 628.653137
1130.917603 590.740540
1131.724854 585.662048
1141.259521 617.443054
1141.043701 626.500549
1144.299805 610.560181
1145.305786 616.535278
1145.353027 622.979614
1145.631348 625.580322
1149.085938 611.238953
1149.821655 604.789612
1149.755493 616.733154
1150.280884 622.052856
1161.627930 603.333313
1163.143799 608.302795
1165.663208 624.775696
1168.844727 614.166138
1169.942261 630.278381
1180.637207 654.689087
1186.075684 655.726624
1193.344482 653.867798
1195.224609 692.276855
1198.746582 659.185425
1200.689941 693.712891
1203.115723 717.529968
1203.741577 677.715088
1205.921997 694.252075
1209.309326 698.306519
1211.423828 693.169006
1213.914551 679.641235
1213.529907 696.748962
1218.081299 718.692261
1219.980347 699.043335
1222.059814 702.608887
1224.339722 697.588013
1225.477051 719.147522
1227.463379 625.369629
1228.505005 702.094482
1234.974609 719.261597
1236.208984 740.662781
1244.068115 745.669495
1245.114746 685.499878
1248.004150 750.560303
1250.345337 779.287476
1252.239136 679.512817
1251.513306 773.064575
1260.531372 751.754456
1270.538452 779.344299
1275.777344 713.331543
1306.921875 739.704468
1308.507935 745.604309
413.122559 141.808228
438.530212 144.466187
509.307098 69.261162
532.316101 148.121735
906.699341 829.829468
936.398315 811.001038
954.370728 784.226685
966.325256 787.005066
971.239685 748.802307
979.841919 608.360962
986.517395 271.689911
992.455994 509.497559
995.683899 603.749939
1000.178711 614.395935
1003.117432 343.449707
1003.745972 537.729797
1007.197815 506.110992
1021.484802 308.738983
1025.748169 575.499695
1024.691895 586.944763
1030.743286 636.267151
1038.229004 306.511597
1044.982300 607.928040
1047.503418 586.658813
1050.553589 566.444275
1053.271851 505.646851
1058.836182 553.148193
1067.852417 488.210205
1072.384521 503.794342
1082.951416 617.106750
1092.007935 622.105408
1093.758301 699.471313
1096.345703 562.283630
1102.161255 615.117188
1104.829468 580.607056
1105.107666 601.470032
1104.956665 621.388733
1106.753296 516.890930
1118.467773 558.190735
1129.610229 576.459656
1132.071045 587.045654
1141.487793 595.226746
1160.719116 684.355591
1165.024536 622.873840
1220.955444 662.100586
1223.346802 615.648682
1229.265625 724.407288
1234.954468 630.919250
1236.481201 706.095154
1242.757080 685.835449
1247.119141 695.974060
1253.484131 773.895447
1258.023438 698.074768
1261.616455 754.488647
1279.621338 727.318665
1301.387817 787.190430
435.965973 111.483246
444.359375 70.726662
470.665955 64.690620
486.108887 83.580070
492.477264 68.174149
494.770477 139.264893
520.090271 76.604668
522.487366 84.317047
956.128540 671.817200
980.547729 522.978088
995.912048 543.184326
998.881104 612.374634
1001.061035 259.345276
1004.092773 344.024780
1080.409302 552.539856
1204.894165 717.036133
1241.781616 642.959167
1271.930542 717.103271
1282.123779 715.432373
1282.208618 728.463257
1299.207153 787.209106
1301.745850 745.680359
989.385498 274.105652
993.702942 610.036133
1080.095093 557.451965
1236.526733 708.781128
1002.535400 264.343903
1005.038330 462.017517
1263.950195 681.537476
1280.326782 702.414734
1293.229736 723.286743
1296.790527 748.074219
1275.947144 700.077454
1315.401978 769.942688
1045.388184 273.144104
1076.410278 586.101440
1024.102295 284.836334
1295.234497 785.140686
923.172668 848.820129
1025.568481 336.280823
934.612915 813.823120
1217.088989 775.894226
1026.293701 472.449982
926.047974 723.696533
960.456299 776.202271
966.463440 751.899109
980.188293 688.605347
996.881775 628.521667
1000.584351 545.869812
1023.031067 650.467651
1034.435181 667.074890
1035.057373 513.131958
1037.466919 633.518738
1037.958618 502.458771
1039.434692 581.523132
1046.101807 424.564331
1046.281860 667.969360
1047.524170 660.874512
1052.854370 374.754486
1056.669922 662.967041
1057.828247 428.436920
1058.385132 448.464508
1058.436890 662.430847
1067.553223 453.901398
1067.569214 497.539948
1071.072876 509.384888
1070.897705 627.015625
1073.506958 484.513184
1078.619141 583.936157
1089.627930 644.510986
1097.044312 656.138062
1098.998535 655.738586
1099.026123 656.424561
1100.609131 608.059692
1104.070679 655.508667
1105.944946 655.455200
1111.658691 591.798279
1112.432739 630.493408
1117.977051 656.867126
1122.291992 580.962891
1130.031128 640.784058
1140.188477 660.997314
1169.758179 655.496399
1233.985840 623.800720
1249.572632 771.336548
1255.874878 697.097229
1259.924561 708.104431
1273.293823 708.094421
1324.956177 737.649658
454.000092 60.098289
494.209229 59.994682
1001.586426 618.514526
1001.766907 630.003113
1008.473999 453.506805
1009.971680 384.500488
1013.490356 533.001282
1031.467163 668.400513
1031.986816 395.487030
1039.993652 387.324524
1051.476685 644.509033
1052.364502 400.514618
1056.500610 418.513123
1060.817139 539.001282
1071.995483 493.680450
1074.801514 509.211395
1077.450562 496.469299
1086.662109 505.498505
1122.002319 659.513184
1163.644653 626.507080
1180.996582 656.884644
1203.989258 680.187500
1205.505249 691.629211
1207.875366 710.002625
1207.875366 710.002625
1225.549927 820.502258
1269.643677 698.977722
1290.642944 756.019653
1050.556519 572.746643
1095.183350 610.500854
422.271149 53.149681
440.663727 138.629684
440.663727 138.629684
456.744965 55.785038
462.652863 41.416870
464.889954 73.903358
464.889954 73.903358
479.800568 36.384739
479.800568 36.384739
491.568420 76.743225
501.824310 109.855568
697.204285 859.387512
910.902832 769.638123
910.902832 769.638123
924.348145 762.937073
924.348145 762.937073
926.047974 723.696533
942.281799 764.107422
943.910706 782.690186
945.006653 770.165894
945.544983 757.845215
946.336426 654.306824
948.545166 788.326660
950.239929 753.875488
953.161255 617.717651
953.161255 617.717651
958.213623 665.868347
958.781799 608.807556
958.781799 608.807556
960.456299 776.202271
960.456299 776.202271
961.098328 786.863708
962.270691 572.720886
962.270691 572.720886
962.270691 572.720886
962.755188 723.790527
962.755188 723.790527
963.448425 758.730225
963.448425 758.730225
965.216370 581.710022
965.896179 591.753845
965.896179 591.753845
965.896179 591.753845
966.463440 751.899109
970.189819 706.794617
970.267883 743.702026
972.283386 710.869812
973.108276 521.236755
975.758606 699.683594
975.758606 699.683594
977.362976 741.223572
979.880371 607.619507
979.933350 698.307556
981.642700 745.420715
984.261902 611.093872
983.900757 701.788818
984.103149 740.870117
985.657898 678.625549
985.638184 681.760803
987.202637 617.544312
988.854614 613.734680
990.122925 608.134949
989.869934 690.528198
991.835876 805.283020
992.740112 474.793671
992.772278 504.172363
993.965393 710.846130
994.918701 536.254028
994.832703 499.314026
997.285461 607.141052
997.698853 674.850525
998.252563 635.731323
1000.189392 539.594788
1000.213745 670.399048
1000.584351 545.869812
1000.730713 645.209106
1000.272583 654.195374
1000.272583 654.195374
1002.355347 509.751678
1004.130188 615.176636
1004.665222 647.396667
1004.665222 647.396667
1004.526733 649.716248
1005.072815 627.150879
1004.756348 642.165283
1006.646912 535.398743
1006.893860 332.718445
1006.913452 339.860046
1007.598877 335.391754
1007.528015 669.793945
1008.158752 382.142365
1008.158752 382.142365
1008.539917 329.650574
1008.671387 386.166870
1008.682007 634.415771
1008.335999 655.194702
1009.522095 439.641418
1009.705505 641.696411
1010.827454 390.665833
1011.273987 408.701019
1011.273987 408.701019
1011.273987 408.701019
1011.861145 396.386871
1012.230896 406.652039
1012.661499 400.257324
1012.638489 405.197998
1012.638489 405.197998
1013.097351 402.713715
1013.097351 402.713715
1013.097351 402.713715
1013.097595 633.878845
1013.441406 626.640381
1013.441406 626.640381
1014.850159 410.841797
1015.328003 400.746979
1015.328003 400.746979
1016.188843 430.376038
1016.097778 573.688354
1016.809753 440.377533
1018.095764 737.273254
1019.364075 640.746521
1020.106079 625.777405
1021.616089 302.794434
1022.682373 522.434631
1022.629089 564.692200
1022.758423 611.167236
1023.031067 650.467651
1023.031067 650.467651
1023.221619 775.358337
1023.719727 625.407776
1024.121582 523.613464
1024.212524 574.899841
1024.212524 574.899841
1024.661621 316.422424
1024.661621 316.422424
1024.854736 321.402039
1026.311890 316.639862
1026.311890 316.639862
1027.293213 321.116425
1027.580322 526.213074
1028.296631 316.251343
1028.296631 316.251343
1028.908936 639.881165
1030.164307 296.033081
1029.792603 527.553772
1029.792603 527.553772
1029.813477 584.659241
1030.287476 316.164551
1030.287476 316.164551
1030.665405 320.798584
1030.844482 457.917236
1031.681763 301.927155
1031.327393 320.713593
1031.287964 329.853668
1031.684937 576.334961
1031.255615 634.378113
1031.255615 634.378113
1032.171265 315.940918
1032.171265 315.940918
1032.219238 632.167419
1032.724487 407.107666
1032.302490 526.225159
1032.302490 526.225159
1033.155884 320.307434
1032.855347 515.936584
1032.907104 570.307983
1032.907104 570.307983
1033.332031 343.252075
1033.332031 343.252075
1034.603271 410.775787
1034.881592 393.147522
1035.057373 513.131958
1035.306641 320.053772
1035.304565 405.353943
1035.304565 405.353943
1035.667236 530.275269
1035.667236 530.275269
1035.774658 610.264587
1035.794312 359.373718
1036.179932 666.083984
1036.295044 350.617828
1036.736084 395.845856
1036.736084 395.845856
1036.210571 651.817993
1036.872314 478.083893
1037.233398 631.689575
1037.466919 633.518738
1038.101318 428.658844
1038.107300 451.694763
1037.799194 617.928040
1038.233398 653.192139
1038.233398 653.192139
1038.313843 350.593384
1038.789307 367.226105
1038.354980 507.195190
1038.354980 507.195190
1038.387939 645.789185
1038.387939 645.789185
1038.908813 314.079285
1038.801758 433.340485
1039.096924 488.660004
1039.096924 488.660004
1039.058228 505.222595
1039.058228 505.222595
1038.922119 583.698853
1039.729736 358.620697
1039.327393 501.183655
1039.434692 581.523132
1039.500732 650.161377
1039.500732 650.161377
1040.214233 376.079803
1040.060791 472.713654
1040.060791 472.713654
1039.846313 651.805115
1039.846313 651.805115
1039.830200 659.250488
1040.611938 462.285950
1040.720093 635.571838
1040.720093 635.571838
1040.657349 663.874329
1040.763306 375.832611
1041.077759 648.891296
1041.077759 648.891296
1041.604004 719.678040
1042.186890 388.704071
1042.186890 388.704071
1042.186890 388.704071
1042.182983 482.453644
1042.182983 482.453644
1042.242554 576.621704
1043.085938 376.777252
1042.824585 433.107330
1042.864380 529.625183
1042.864380 529.625183
1043.233643 583.673218
1043.586426 396.627106
1043.586426 396.627106
1043.586426 396.627106
1044.191162 423.277313
1044.191162 423.277313
1044.191162 423.277313
1043.844727 426.137299
1043.844727 426.137299
1044.135742 537.605591
1044.135742 537.605591
1044.101685 612.144226
1044.368774 411.900574
1044.400269 647.817749
1044.400269 647.817749
1045.625122 371.623932
1045.625122 371.623932
1045.294800 493.406769
1045.737793 369.682343
1045.856323 421.161255
1045.838501 451.124329
1045.838501 451.124329
1045.879761 476.685822
1045.879761 476.685822
1046.737427 482.173981
1046.860474 373.810852
1046.860474 373.810852
1046.784058 591.333984
1046.784058 591.333984
1046.892212 630.810425
1047.262451 387.894257
1047.262451 387.894257
1047.262451 387.894257
1047.639038 529.289124
1047.970215 379.164886
1047.970215 379.164886
1048.079224 501.649994
1048.079224 501.649994
1048.079224 501.649994
1048.664429 660.196472
1048.664429 660.196472
1048.827881 383.607849
1048.827881 383.607849
1048.933228 396.271881
1048.933228 396.271881
1048.933838 531.873230
1048.933838 531.873230
1048.864868 560.603760
1049.478760 381.829529
1049.478760 381.829529
1049.412354 398.361115
1050.413452 409.717590
1050.332153 420.647400
1050.378540 485.190613
1051.124390 537.240601
1051.124390 537.240601
1051.171509 651.720947
1051.171509 651.720947
1051.721924 440.908905
1051.721924 440.908905
1052.061279 392.330444
1052.061279 392.330444
1052.061279 392.330444
1051.875000 408.360962
1051.875000 408.360962
1052.334473 637.809814
1053.558228 409.115448
1053.558228 409.115448
1053.506226 724.847168
1054.449585 398.105774
1054.449585 398.105774
1054.449585 398.105774
1054.690918 481.834778
1054.725342 644.090820
1054.725342 644.090820
1055.104736 415.838593
1055.104736 415.838593
1055.141602 460.381927
1054.929077 528.778931
1054.929077 528.778931
1055.147095 718.138000
1056.318726 513.413147
1056.318726 513.413147
1056.394775 536.185547
1056.394775 536.185547
1056.961670 477.623474
1057.611694 413.314850
1057.611694 413.314850
1058.020264 421.893097
1058.020264 421.893097
1058.020264 421.893097
1058.153198 494.210510
1058.153198 494.210510
1057.977051 530.295654
1057.977051 530.295654
1057.816406 649.330322
1057.816406 649.330322
1057.816406 649.330322
1059.153687 528.265381
1059.153687 528.265381
1059.289307 483.593414
1059.289307 483.593414
1059.382324 522.780151
1059.382324 522.780151
1060.012085 481.918701
1060.012085 481.918701
1060.619995 513.289246
1061.070068 421.344421
1061.167969 444.881683
1061.167969 444.881683
1060.810547 449.928345
1060.810547 449.928345
1061.402710 431.137146
1061.653931 479.527771
1061.679932 486.077972
1061.680420 529.760376
1061.680420 529.760376
1061.631714 719.355225
1066.051514 438.840363
1066.051514 438.840363
1065.821899 441.743774
1065.821899 441.743774
1065.911133 499.805908
1066.542725 630.268738
1066.542725 630.268738
1067.282715 445.006714
1067.553223 453.901398
1067.569214 497.539948
1068.116211 492.342834
1068.116211 492.342834
1068.247437 522.398193
1068.247437 522.398193
1068.351074 508.880188
1068.351074 508.880188
1068.294189 512.404663
1069.961426 452.887421
1069.961426 452.887421
1071.072876 509.384888
1070.897705 627.015625
1071.737915 646.423340
1071.737915 646.423340
1071.737915 646.423340
1072.400269 468.663574
1072.400269 468.663574
1072.704346 460.665955
1072.704346 460.665955
1072.704346 460.665955
1072.901611 643.591675
1073.877563 634.177490
1073.877563 634.177490
1074.853149 466.822754
1074.853149 466.822754
1075.425659 492.707825
1075.636230 614.269409
1075.834351 680.871521
1076.428955 526.667175
1076.359741 528.643738
1076.359741 528.643738
1076.299561 582.074463
1077.541138 506.698059
1077.891479 478.363007
1077.891479 478.363007
1077.891479 478.363007
1077.940796 579.951172
1078.675293 526.308777
1078.675293 526.308777
1078.619141 583.936157
1080.708618 506.109283
1080.708618 506.109283
1080.396851 581.772705
1083.034424 496.787262
1083.828369 628.858521
1083.828369 628.858521
1083.791138 631.545532
1083.704468 690.791748
1085.102905 520.723511
1085.102905 520.723511
1085.685181 528.328796
1085.685181 528.328796
1085.904541 532.360535
1086.745605 527.297791
1086.745605 527.297791
1087.356689 624.858032
1088.762085 523.420593
1088.785034 525.358459
1089.455078 510.167053
1089.455078 510.167053
1089.755371 520.358582
1089.755371 520.358582
1089.557739 626.682556
1089.627930 644.510986
1089.627930 644.510986
1089.627930 644.510986
1090.258667 734.230347
1090.876709 525.246582
1091.153564 644.600952
1091.153564 644.600952
1091.649536 626.336182
1092.181641 641.615540
1092.181641 641.615540
1092.181641 641.615540
1092.581787 643.287720
1092.581787 643.287720
1092.581787 643.287720
1095.611084 618.643616
1097.861328 508.904419
1098.707275 533.891235
1098.707275 533.891235
1098.906494 528.637939
1098.906494 528.637939
1099.128662 683.587280
1099.606079 526.792603
1099.602783 724.686523
1099.602783 724.686523
1100.164185 676.927856
1099.811279 718.284607
1100.345703 558.639709
1101.218872 535.266174
1101.218872 535.266174
1101.103882 668.162109
1102.704468 520.576416
1103.256836 631.933044
1106.851685 471.810120
1107.739624 513.615540
1108.633789 617.235596
1109.231567 576.594727
1109.231567 576.594727
1110.742432 535.517090
1111.250854 624.931091
1111.250854 624.931091
1111.391479 547.306763
1111.391479 547.306763
1111.732300 626.712463
1111.732300 626.712463
1111.732300 626.712463
1111.442017 639.598938
1112.432739 630.493408
1112.432739 630.493408
1114.121460 624.266174
1114.593262 638.720154
1118.458618 616.300842
1118.326782 623.666931
1118.326782 623.666931
1120.035767 642.303833
1120.035767 642.303833
1121.846313 593.583191
1122.291992 580.962891
1122.291992 580.962891
1123.239990 595.757874
1123.352295 582.788635
1123.352295 582.788635
1123.352295 582.788635
1125.853027 580.350220
1125.853027 580.350220
1128.769775 652.871399
1128.769775 652.871399
1132.242310 582.044373
1132.242310 582.044373
1133.856201 594.603088
1135.313354 602.567017
1135.844360 519.880920
1136.671997 597.628601
1136.671997 597.628601
1138.649292 629.320496
1141.206055 607.180725
1140.796997 655.347412
1142.652222 651.619995
1144.202515 628.662964
1144.202515 628.662964
1147.953735 638.120544
1147.953735 638.120544
1147.797852 657.756165
1149.548218 638.643921
1149.548218 638.643921
1149.548218 638.643921
1150.390015 657.834290
1151.191528 576.858032
1152.363770 617.620300
1152.260010 620.164978
1152.260010 620.164978
1153.632568 602.789795
1156.680054 641.368652
1157.852539 605.590454
1159.636230 605.270630
1161.836304 659.690308
1165.312256 604.378296
1167.157104 602.373962
1167.140259 604.179077
1166.993286 613.525330
1167.338013 635.629639
1168.668823 611.120789
1169.234619 545.718994
1169.234619 545.718994
1169.758179 655.496399
1174.721802 626.223267
1180.311646 719.669128
1180.311646 719.669128
1180.311646 719.669128
1182.332642 668.135010
1184.607178 652.369080
1186.123169 671.624878
1190.707520 654.339600
1190.707520 654.339600
1190.645874 690.408447
1190.645874 690.408447
1194.224731 670.439026
1194.224731 670.439026
1194.807373 658.224243
1195.159424 695.636536
1195.159424 695.636536
1199.363281 689.264099
1205.370728 691.058289
1206.485352 711.165894
1206.485352 711.165894
1207.366577 675.287781
1208.285156 713.155396
1208.285156 713.155396
1212.736938 741.764221
1213.634888 676.750977
1215.474731 701.104553
1215.474731 701.104553
1217.575562 680.828430
1218.473511 694.755066
1218.473511 694.755066
1220.314575 752.159302
1221.402344 663.156738
1223.643066 662.864502
1232.286499 699.308899
1234.117798 672.032776
1234.117798 672.032776
1235.606079 685.198059
1236.125977 794.880981
1236.125977 794.880981
1236.707275 744.911682
1236.916870 713.866760
1237.099487 776.647522
1237.099487 776.647522
1237.262695 671.870300
1237.740112 733.147522
1238.376221 700.882263
1241.864624 690.355042
1241.245728 750.380981
1248.826050 758.284424
1255.743652 774.753235
1255.874878 697.097229
1256.254272 705.926208
1256.378540 709.916809
1257.858643 773.718506
1259.178101 705.527039
1259.178101 705.527039
1264.368042 693.090454
1265.164307 702.542847
1267.068604 703.308044
1266.848633 708.599060
1267.573975 702.242432
1267.241577 712.918091
1267.932129 777.667053
1268.334961 710.670532
1269.200928 702.707825
1269.200928 702.707825
1270.812622 706.236633
1270.812622 706.236633
1272.268066 708.837769
1274.426758 732.005676
1274.426758 732.005676
1278.290649 705.984619
1293.864136 770.658020
1297.145630 791.631165
1297.145630 791.631165
1300.832153 788.790100
1300.832153 788.790100
1304.860840 789.382568
1305.601563 739.226013
1307.741333 799.635803
1307.741333 799.635803
1313.132935 758.234802
454.970917 69.570686
461.343140 105.946220
467.420654 72.550934
473.423767 47.970440
481.139709 69.958267
485.746124 55.179726
488.381531 64.098862
491.412231 91.712608
492.439362 57.064587
493.537415 99.611771
493.537415 99.611771
497.408081 187.332764
524.114929 112.596252
524.114929 112.596252
935.709717 801.304321
935.709717 801.304321
939.921936 765.841370
946.136414 757.659851
946.512390 761.090210
951.427979 766.454834
953.497375 779.298340
954.603760 760.162781
955.570068 735.225220
961.429993 735.080322
961.953430 821.331543
961.953430 821.331543
967.559814 790.555847
968.456360 731.676208
973.570679 701.235718
976.576233 750.667847
976.931274 704.404785
983.823853 717.363037
983.823853 717.363037
985.542175 698.150513
985.542175 698.150513
985.947205 712.851074
990.160278 603.395264
990.689758 409.729889
990.689758 409.729889
990.619385 672.956116
990.619385 672.956116
991.843750 678.053101
994.218872 671.405457
994.218872 671.405457
994.885925 511.870514
996.226990 608.014404
996.863464 509.063873
998.101440 361.456055
998.101440 361.456055
998.109985 445.556976
998.996094 709.897461
999.786194 547.637634
1000.043579 685.438660
1000.293518 540.230469
1000.422974 642.870056
1000.876465 632.304993
1002.089355 605.715210
1002.685547 277.539001
1003.232117 635.099609
1002.945801 644.955383
1002.945801 644.955383
1002.988953 652.519836
1004.928589 650.969177
1005.774963 387.157410
1005.972290 621.677368
1006.144958 650.216553
1006.695129 641.900391
1006.695129 641.900391
1006.416443 672.589355
1006.756165 634.719788
1006.756165 634.719788
1006.817139 651.882874
1007.609009 648.288330
1007.637695 655.677612
1007.902832 683.307373
1008.313232 651.699402
1009.041809 362.549072
1008.941101 506.368561
1009.971680 384.500488
1009.971680 384.500488
1010.302368 255.545441
1010.184265 369.299316
1010.184265 369.299316
1010.916870 685.752502
1010.916870 685.752502
1012.806152 682.711670
1013.490356 533.001282
1013.984314 640.973389
1014.350891 438.240692
1014.350891 438.240692
1014.350891 438.240692
1017.263672 640.859802
1017.263672 640.859802
1018.595947 633.847290
1019.164551 619.957275
1020.480896 754.529358
1020.480896 754.529358
1022.319580 633.280701
1022.588928 647.231018
1022.327209 650.717834
1023.224670 561.367065
1023.324890 611.356262
1023.309875 640.176941
1023.309875 640.176941
1024.052979 314.686615
1023.884277 590.511414
1025.263428 302.113922
1025.061035 619.314026
1025.947754 632.598816
1025.947754 632.598816
1026.180664 650.289551
1028.201660 570.138855
1028.139771 632.825317
1029.153442 561.346558
1029.407715 564.737671
1030.543457 598.250061
1030.777954 462.594879
1030.843628 567.398865
1031.374634 298.170349
1031.684326 563.689392
1031.911621 618.710632
1031.924805 624.294006
1031.924805 624.294006
1032.742798 583.812805
1033.114990 567.588623
1033.114990 567.588623
1033.114990 567.588623
1033.145386 599.881592
1033.004517 639.270203
1033.202271 670.055664
1033.593872 611.174438
1034.085571 631.802856
1034.085571 631.802856
1034.623169 570.971069
1034.623169 570.971069
1035.260132 639.172668
1035.260132 639.172668
1035.401123 377.421356
1035.395752 631.651978
1035.395752 631.651978
1036.060059 313.343994
1036.212402 390.788147
1036.212402 390.788147
1036.179321 534.883972
1036.719360 387.614746
1036.551758 461.828217
1036.436523 510.545654
1036.368286 538.052185
1036.235840 638.890381
1036.235840 638.890381
1036.474976 742.259277
1036.474976 742.259277
1037.081909 493.799103
1037.101563 552.453857
1037.401489 401.969299
1037.696533 665.198120
1037.350586 667.710510
1038.175049 398.522675
1038.044434 407.423553
1038.044434 407.423553
1037.917480 531.738342
1037.917480 531.738342
1037.852661 649.284546
1038.230835 659.948792
1038.230835 659.948792
1038.536011 466.952576
1038.679932 482.443329
1038.887573 498.388123
1039.400024 410.638123
1039.365356 450.344238
1038.939819 664.653809
1039.606934 670.556152
1039.993652 387.324524
1039.993652 387.324524
1039.993652 387.324524
1039.992676 525.075989
1040.553955 483.833405
1041.316162 411.695160
1041.316162 411.695160
1041.070679 423.548920
1040.863037 497.337921
1041.015503 499.868378
1041.015503 499.868378
1040.969360 510.252594
1040.969360 510.252594
1041.016724 667.148193
1041.407837 367.403015
1041.407837 367.403015
1041.678955 398.181061
1041.369019 524.844788
1041.516968 631.701660
1041.926147 617.871155
1041.886841 645.322205
1041.886841 645.322205
1041.782837 648.924438
1041.782837 648.924438
1041.756348 663.003418
1042.401611 463.026947
1042.258789 529.527649
1042.362183 563.505371
1042.362183 563.505371
1043.221558 410.081421
1042.712036 422.109406
1042.712036 422.109406
1042.900513 424.590118
1042.900513 424.590118
1042.757690 478.538300
1043.308960 494.501526
1043.308960 494.501526
1043.465088 502.022705
1043.552612 630.935730
1044.183350 480.369019
1044.413696 367.142303
1044.409668 438.636169
1044.409668 438.636169
1044.429688 450.023773
1044.543701 452.553497
1044.667236 529.397766
1044.667236 529.397766
1045.053467 386.899414
1044.988403 423.144836
1044.988403 423.144836
1044.834229 524.596680
1044.834229 524.596680
1044.979248 621.577454
1044.979248 621.577454
1045.387695 481.123138
1045.639648 509.813568
1045.688232 531.081726
1045.348877 600.824524
1045.348877 600.824524
1046.118896 376.583771
1046.118896 376.583771
1044.667236 529.397766
1044.667236 529.397766
1046.212891 644.887939
1045.784302 648.664246
1047.087280 397.790710
1047.168457 410.833740
1047.168457 410.833740
1047.168457 410.833740
1047.120850 652.264526
1046.768066 654.710510
1047.226318 504.359039
1047.683838 580.031311
1047.694580 648.462097
1047.296997 659.461060
1047.296997 659.461060
1047.296997 659.461060
1048.185181 498.080475
1048.185181 498.080475
1048.511963 386.573334
1048.511963 386.573334
1048.266602 572.625793
1048.266602 572.625793
1048.307617 637.784241
1048.954834 464.700500
1048.846680 467.742950
1049.509277 409.843536
1049.296387 528.930725
1049.297363 554.997131
1049.297363 554.997131
1050.053711 479.154236
1050.644897 397.463043
1050.644897 397.463043
1050.323730 495.683777
1050.440063 513.549683
1051.040649 394.414429
1051.050415 630.573486
1051.476685 644.509033
1051.510986 648.161621
1052.127441 422.785278
1051.936157 523.914978
1051.936157 523.914978
1052.364502 400.514618
1052.812378 397.247223
1053.215698 630.157715
1053.215698 630.157715
1053.595337 409.295349
1053.595337 409.295349
1053.615723 733.345337
1053.615723 733.345337
1053.615723 733.345337
1053.868774 405.872375
1053.868774 405.872375
1054.181885 420.986694
1054.075684 455.351593
1054.649414 423.513611
1054.649414 423.513611
1054.732178 630.110474
1054.899536 657.837158
1055.402710 412.717987
1055.402710 412.717987
1055.276489 480.053375
1055.700684 644.205200
1055.530884 647.872986
1056.094116 422.067963
1056.094116 422.067963
1056.292114 432.666534
1056.292114 432.666534
1055.785767 436.588348
1055.785767 436.588348
1056.500610 418.513123
1056.500610 418.513123
1056.659058 469.843048
1056.659058 469.843048
1056.309082 497.539459
1056.309082 497.539459
1056.673950 528.310608
1056.818848 630.199585
1056.892212 651.458923
1057.643555 410.270996
1057.643555 410.270996
1057.680908 425.301422
1057.680908 425.301422
1057.730469 434.968964
1057.730469 434.968964
1057.474731 486.372986
1057.281860 647.741516
1057.896973 482.437653
1058.459473 479.265808
1058.811768 480.346558
1059.600220 420.226746
1059.600220 420.226746
1059.301392 484.179657
1059.301392 484.179657
1059.271606 523.319763
1059.271606 523.319763
1059.533813 601.671265
1059.973877 422.768372
1059.973877 422.768372
1059.886597 432.086639
1059.886597 432.086639
1059.901123 502.531799
1059.793823 529.730408
1059.793823 529.730408
1060.509033 492.289703
1060.509033 492.289703
1060.779907 629.775879
1061.405884 429.403900
1061.405884 429.403900
1061.485352 439.262573
1061.485352 439.262573
1061.270264 647.359802
1062.149292 425.413879
1061.943604 500.011993
1061.943604 500.011993
1062.703003 527.628723
1062.346436 722.986877
1063.045044 629.370239
1063.045044 629.370239
1063.933594 445.577454
1063.933594 445.577454
1063.884888 527.491333
1065.263916 453.404205
1065.260376 464.997833
1065.485229 495.449493
1065.485229 495.449493
1065.661377 643.308716
1065.457764 646.858154
1065.802979 502.454071
1067.071777 447.509155
1067.071777 447.509155
1067.071777 447.509155
1066.881714 463.301056
1066.881714 463.301056
1066.881836 646.756836
1067.405151 465.733795
1067.405151 465.733795
1067.414917 478.607513
1067.695068 635.858032
1068.189819 452.040649
1068.615967 466.416321
1068.615967 466.416321
1068.615967 466.416321
1068.947754 460.367126
1068.947754 460.367126
1068.958618 475.566925
1068.757935 494.265961
1068.757935 494.265961
1069.583984 480.143646
1069.583984 480.143646
1069.463379 615.287292
1070.067383 620.625488
1070.402100 467.894958
1070.402100 467.894958
1071.124634 526.874023
1071.124634 526.874023
1071.008301 646.482483
1071.357422 478.330811
1071.357422 478.330811
1071.637085 682.793030
1071.965332 462.309601
1071.965332 462.309601
1071.995483 493.680450
1073.476318 475.466614
1073.476318 475.466614
1073.591309 526.603210
1073.782959 522.143005
1073.782959 522.143005
1074.259644 528.410950
1074.259644 528.410950
1074.801514 509.211395
1074.801514 509.211395
1074.801514 509.211395
1075.233521 642.406921
1074.974731 646.007080
1075.426392 495.616211
1075.426392 495.616211
1076.460327 477.312714
1076.460327 477.312714
1076.649780 645.886658
1076.402832 649.645386
1076.920166 493.932587
1077.211182 526.389648
1077.450562 496.469299
1078.187988 503.911072
1077.873779 510.762848
1078.588257 491.174286
1080.062866 486.384552
1080.516602 483.428772
1080.516602 483.428772
1080.481079 498.279663
1080.481079 498.279663
1080.572998 525.902954
1080.572998 525.902954
1080.579224 645.556274
1080.852051 413.761292
1080.852051 413.761292
1080.899536 521.265137
1080.899536 521.265137
1081.759033 493.083099
1082.254272 495.599640
1082.254272 495.599640
1081.678711 506.278259
1083.057617 364.023773
1083.057617 364.023773
1083.699951 493.962524
1083.699951 493.962524
1083.699951 493.962524
1084.044434 525.644714
1084.628174 508.094391
1084.628174 508.094391
1084.645020 547.709473
1084.609009 645.180542
1085.435913 525.446045
1086.662109 505.498505
1086.662720 627.458557
1086.662720 627.458557
1086.442993 644.990601
1086.323486 648.684082
1087.819092 509.660706
1088.389771 527.016113
1088.389771 527.016113
1088.331055 613.233704
1089.262085 618.986145
1090.482544 520.367432
1090.611694 634.161255
1090.479126 644.586365
1091.739014 520.234131
1092.079712 524.908508
1092.642212 550.129639
1092.642212 550.129639
1092.770020 626.521912
1093.635742 707.969543
1093.926392 634.207886
1094.497681 640.461426
1094.406128 644.221741
1094.909668 612.629517
1095.321533 519.750977
1095.321533 519.750977
1095.920288 522.007202
1096.138428 644.030945
1095.893311 647.711914
1097.679810 519.751709
1097.679810 519.751709
1097.433350 629.888611
1097.433350 629.888611
1098.077515 552.555603
1098.851807 519.551819
1099.294189 442.270630
1099.294189 442.270630
1099.693604 567.081299
1099.693604 567.081299
1100.035645 643.654297
1102.397827 633.379822
1103.331787 574.441345
1104.135620 545.748718
1104.092651 639.500793
1103.984619 643.281494
1105.664185 646.800171
1105.952026 643.070618
1107.036987 570.109497
1107.302734 611.198853
1107.302734 611.198853
1108.786377 550.392944
1109.490967 639.086304
1109.843628 642.691956
1111.300049 575.401489
1111.300049 575.401489
1112.742554 594.237976
1112.972168 563.518494
1112.972168 563.518494
1113.603149 590.538391
1113.603149 590.538391
1114.050293 642.177429
1115.203857 616.399597
1115.203857 616.399597
1115.699219 631.388977
1115.384521 642.028442
1115.847534 645.958679
1115.847534 645.958679
1117.639038 567.867249
1119.171509 641.621704
1119.171509 641.621704
1119.457275 630.901978
1121.010376 564.106201
1121.593506 630.951904
1121.593506 630.951904
1123.216553 581.855469
1123.216553 581.855469
1123.069214 652.178345
1126.371704 601.527588
1128.251953 586.712952
1132.675659 656.821411
1132.675659 656.821411
1133.197266 655.723816
1133.197266 655.723816
1133.197266 655.723816
1134.718384 629.367920
1134.291626 657.280029
1134.291626 657.280029
1139.207764 651.332642
1139.143677 655.003601
1140.842529 658.873535
1140.842529 658.873535
1142.636230 656.157349
1142.876831 613.283325
1142.876831 613.283325
1145.256104 604.683167
1147.618530 627.671997
1148.486572 657.689392
1148.836670 638.386169
1148.836670 638.386169
1150.430176 620.300232
1152.328003 615.614197
1153.095337 612.190857
1153.095337 612.190857
1160.831665 671.374756
1161.432251 610.368164
1163.644653 626.507080
1168.060181 636.023010
1169.458740 667.595825
1170.387939 626.645203
1170.387939 626.645203
1172.435791 614.906677
1174.176025 667.726196
1178.378296 654.185425
1180.103760 671.941772
1180.996582 656.884644
1188.357910 658.527954
1190.574341 631.787842
1190.574341 631.787842
1202.911865 696.108582
1203.989258 680.187500
1205.505249 691.629211
1206.806030 675.570557
1207.875366 710.002625
1209.103760 713.574707
1209.461548 695.443970
1218.841187 657.883667
1220.616577 726.509277
1221.716309 666.212585
1221.909180 758.344116
1222.652100 715.853638
1223.584473 683.192261
1224.334229 727.393555
1225.549927 820.502258
1234.179688 669.161011
1235.480713 743.550781
1237.464722 745.027527
1237.464722 745.027527
1237.464722 745.027527
1239.847534 721.623596
1239.847534 721.623596
1240.089600 725.233032
1243.297241 748.663391
1245.801636 734.814819
1245.801636 734.814819
1247.061279 713.576721
1247.565674 783.121643
1248.400879 719.063049
1249.483521 758.414490
1251.164673 770.213806
1251.164673 770.213806
1252.761963 747.653931
1254.267578 807.326294
1254.267578 807.326294
1258.893311 702.311279
1260.614136 748.626770
1261.031128 704.591064
1264.542114 709.099487
1268.532349 704.930908
1268.532349 704.930908
1272.825684 781.797852
1274.021606 734.787170
1276.074097 705.790283
1296.768433 718.496033
1296.768433 718.496033
1296.768433 718.496033
1297.556274 781.397095
1299.430664 801.201782
493.747864 94.230019
494.577515 78.922035
497.706757 137.831482
500.909821 58.025639
530.960388 153.363541
530.960388 153.363541
920.809692 796.254944
957.134644 751.894836
957.814270 684.577942
968.227295 750.587952
968.227295 750.587952
970.558716 745.816345
975.032959 717.411011
977.982117 606.832764
980.707153 608.125732
988.525635 543.521362
989.192383 690.133484
994.627136 537.075745
999.722961 541.146118
999.722961 541.146118
1001.599243 343.026611
1001.571350 411.693176
1001.571350 411.693176
1001.833984 636.192993
1004.047913 505.463684
1007.509460 329.653778
1007.509460 329.653778
1007.034668 533.876038
1007.119141 640.660217
1008.492249 384.241821
1009.513550 252.952652
1010.401062 439.848907
1010.401062 439.848907
1010.877258 368.936310
1010.531677 376.969116
1010.644958 684.496460
1013.757629 414.257324
1015.035645 430.812256
1016.413330 533.309937
1016.413330 533.309937
1016.099609 634.788513
1016.099609 634.788513
1015.637207 675.646606
1023.763489 620.435181
1023.763489 620.435181
1026.023682 612.038940
1026.059814 638.840759
1026.059814 638.840759
1026.411743 608.380310
1028.523438 623.539368
1028.523438 623.539368
1030.351074 559.818665
1030.100098 611.771423
1029.731445 633.368713
1030.817749 587.502014
1031.626709 627.452576
1031.626709 627.452576
1034.288330 611.061707
1035.056152 555.102539
1036.289429 582.898315
1036.314087 672.869080
1036.314087 672.869080
1036.905151 663.182312
1038.038696 656.930664
1039.234375 563.609863
1039.234375 563.609863
1039.470459 586.623047
1039.463501 417.292847
1040.116455 582.865234
1040.116455 582.865234
1040.116455 582.865234
1040.300659 622.916138
1039.945313 632.000366
1039.645874 666.767578
1040.975220 526.350403
1041.748413 444.557770
1041.748413 444.557770
1042.313843 459.419312
1042.506958 566.737061
1043.263794 425.825134
1043.263794 425.825134
1042.859619 474.807922
1042.859619 474.807922
1043.538452 490.731995
1043.538452 490.731995
1045.186401 453.866608
1045.186401 453.866608
1045.048706 507.268707
1045.048706 507.268707
1044.660034 526.175964
1044.660034 526.175964
1044.620972 560.948547
1045.760254 463.911285
1045.760254 463.911285
1045.760254 463.911285
1046.226685 484.939911
1046.226685 484.939911
1046.226685 484.939911
1046.885986 436.995392
1046.885986 436.995392
1046.767456 648.582703
1047.087769 655.772766
1048.217651 525.825195
1047.534912 557.801453
1048.568237 422.613617
1048.568237 422.613617
1048.807495 466.489563
1048.946655 482.048218
1049.495117 497.870880
1049.273804 631.580139
1050.148315 389.804626
1050.148315 389.804626
1050.148315 389.804626
1051.824951 397.313721
1051.854370 555.029236
1053.092773 403.284180
1053.092773 403.284180
1053.536377 512.635986
1053.536377 512.635986
1055.447266 525.330200
1055.962036 415.683746
1055.962036 415.683746
1055.695068 526.567810
1055.774048 654.678894
1055.774048 654.678894
1057.589355 512.641541
1059.377686 485.389374
1059.606445 428.907318
1059.606445 428.907318
1060.534790 510.118195
1062.212524 452.274536
1062.021973 501.405975
1062.021973 501.405975
1062.623291 442.501678
1062.623291 442.501678
1063.300537 493.345551
1064.040771 465.264099
1064.352661 511.881775
1066.233276 462.255737
1066.385132 524.616638
1066.385132 524.616638
1066.759766 457.065735
1066.759766 457.065735
1067.260376 467.246307
1067.260376 467.246307
1068.104614 451.239868
1068.104614 451.239868
1068.581421 480.315948
1070.140503 525.476440
1070.673828 477.260895
1070.570190 511.233063
1071.626953 471.922333
1071.626953 471.922333
1071.695557 482.637787
1071.695557 482.637787
1071.695557 482.637787
1074.272217 479.208191
1073.789673 496.050598
1074.408691 510.438171
1074.408691 510.438171
1075.208374 483.872498
1075.208374 483.872498
1075.394531 487.398895
1075.778076 645.952454
1076.878052 498.245453
1076.878052 498.245453
1076.878052 498.245453
1077.045898 523.323730
1077.905640 481.128174
1077.905640 481.128174
1078.256104 581.928650
1078.256104 581.928650
1078.256104 581.928650
1079.592896 494.870728
1084.341309 506.822632
1084.220215 522.457031
1083.808472 633.457153
1083.808472 633.457153
1084.740112 502.880402
1085.391235 645.066772
1088.285156 507.679840
1090.233887 699.806763
1092.011963 523.664856
1092.011963 523.664856
1095.244629 521.084229
1095.229736 644.123596
1096.673950 525.313110
1097.032227 626.263428
1098.715332 520.560852
1100.678223 669.240234
1105.621826 556.916138
1105.621826 556.916138
1106.575317 625.575134
1107.047119 514.408020
1110.121460 608.861572
1111.280396 615.843140
1112.157959 560.154724
1112.157959 560.154724
1112.220703 578.692322
1112.037598 625.816711
1112.037598 625.816711
1112.806030 644.683289
1114.753418 574.785767
1116.134766 615.375305
1116.134766 615.375305
1116.434204 619.303467
1116.434204 619.303467
1117.738770 648.865967
1118.536133 608.904968
1119.641113 582.010132
1119.698975 592.353394
1121.360962 624.466125
1122.002319 578.246216
1121.656250 595.125000
1123.893066 609.988098
1125.532593 594.331299
1125.182739 624.417847
1126.174438 583.742004
1126.655884 655.217163
1131.242432 624.753357
1131.242432 624.753357
1131.236206 601.490051
1131.759766 628.909180
1131.759766 628.909180
1133.883667 597.825684
1135.415039 601.193481
1139.247314 652.733765
1140.632935 600.473694
1140.632935 600.473694
1143.853882 608.174927
1143.853882 608.174927
1143.836060 684.193604
1144.711914 612.306885
1144.711914 612.306885
1145.531006 617.547058
1149.383789 657.780151
1166.290771 614.751404
1166.290771 614.751404
1167.581299 619.413940
1167.581299 619.413940
1170.297119 626.032654
1182.625488 670.072510
1194.447144 669.790222
1214.974854 702.174988
1218.511841 693.606140
1218.511841 693.606140
1220.925415 660.824402
1220.925415 660.824402
1220.935181 665.382629
1237.235840 717.738403
1237.235840 717.738403
1237.235840 717.738403
1238.848389 654.713623
1244.047241 733.945251
1245.145874 749.289856
1246.382690 731.283569
1250.909302 771.795715
1253.107422 776.205505
1257.206787 772.219727
1264.717285 694.133972
1266.587036 702.873535
1267.675171 757.372681
1273.040161 776.620789
1274.273071 733.564087
412.831116 143.683823
489.538239 104.034660
509.505432 67.737953
530.602905 152.415359
953.893372 757.256775
953.893372 757.256775
963.517822 653.503723
966.448120 789.327942
982.232727 523.178894
985.334473 695.090088
986.438171 269.372864
986.302551 681.166931
986.401550 715.468567
989.103882 544.109863
994.821472 508.989044
994.593384 688.626282
999.447998 507.714386
1002.601990 671.965759
1004.358582 255.211716
1004.010986 464.038300
1003.952515 624.888916
1005.122986 632.146545
1006.298096 686.161011
1006.298096 686.161011
1007.428894 614.381226
1006.588135 637.171082
1006.588135 637.171082
1006.912354 639.504761
1011.280762 636.385132
1011.812134 639.469421
1012.338806 680.057617
1014.536926 252.406082
1016.220154 636.198669
1016.220154 636.198669
1021.190796 638.089172
1022.381958 622.344482
1025.572998 635.242310
1025.572998 635.242310
1025.572998 635.242310
1028.203857 300.478516
1028.252319 576.463501
1027.658569 622.048279
1027.658569 622.048279
1029.606323 566.863159
1031.258179 627.942383
1031.853271 623.036133
1031.853271 623.036133
1033.799194 528.011169
1035.073120 314.130798
1035.407227 637.774841
1035.407227 637.774841
1035.804688 622.219543
1035.804688 622.219543
1039.910522 485.337830
1040.114990 501.459961
1039.738281 512.790405
1040.341309 619.914917
1040.148682 626.842102
1040.148682 626.842102
1042.420532 655.774963
1042.634888 580.072510
1043.644165 507.178741
1043.644165 507.178741
1044.712646 526.744324
1044.619873 632.428101
1044.619873 632.428101
1047.167358 501.052155
1047.167358 501.052155
1049.594116 627.558838
1051.189331 436.932617
1051.189331 436.932617
1052.212524 556.338684
1054.623169 632.156860
1059.129028 525.321594
1059.129028 525.321594
1060.491943 468.223450
1063.748901 631.599731
1069.781738 495.838257
1069.781738 495.838257
1073.544678 682.764832
1076.692871 487.426697
1076.692871 487.426697
1078.590576 511.139740
1080.755615 523.677734
1080.755615 523.677734
1082.758179 503.089691
1082.758179 503.089691
1088.031250 522.522278
1091.781616 522.554565
1098.505737 670.870239
1098.505737 670.870239
1099.255737 555.797607
1107.473511 547.552551
1108.052856 573.723633
1111.167725 614.703369
1112.499878 629.562744
1112.499878 629.562744
1116.392456 620.257019
1116.392456 620.257019
1116.392456 620.257019
1121.300171 620.048035
1121.300171 620.048035
1121.398804 625.527161
1121.911377 628.736877
1121.911377 628.736877
1127.091064 583.468506
1141.259521 617.443054
1141.259521 617.443054
1144.299805 610.560181
1144.299805 610.560181
1145.305786 616.535278
1149.755493 616.733154
1150.280884 622.052856
1200.689941 693.712891
1200.689941 693.712891
1200.689941 693.712891
1209.309326 698.306519
1213.529907 696.748962
1219.980347 699.043335
1219.980347 699.043335
1224.339722 697.588013
1245.114746 685.499878
1250.345337 779.287476
1252.239136 679.512817
1251.513306 773.064575
1306.921875 739.704468
413.122559 141.808228
438.530212 144.466187
509.307098 69.261162
532.316101 148.121735
906.699341 829.829468
906.699341 829.829468
906.699341 829.829468
986.517395 271.689911
992.455994 509.497559
992.455994 509.497559
1003.117432 343.449707
1003.117432 343.449707
1003.745972 537.729797
1003.745972 537.729797
1003.745972 537.729797
1030.743286 636.267151
1067.852417 488.210205
1072.384521 503.794342
1072.384521 503.794342
1093.758301 699.471313
1104.956665 621.388733
1236.481201 706.095154
1253.484131 773.895447
1301.387817 787.190430
435.965973 111.483246
470.665955 64.690620
995.912048 543.184326
998.881104 612.374634
1001.061035 259.345276
1080.409302 552.539856
1282.208618 728.463257
1301.745850 745.680359
989.385498 274.105652
993.702942 610.036133
1002.535400 264.343903
1005.038330 462.017517
1315.401978 769.942688
1076.410278 586.101440
1076.410278 586.101440
1024.102295 284.836334
926.047974 723.696533
960.456299 776.202271
960.456299 776.202271
966.463440 751.899109
1000.584351 545.869812
1023.031067 650.467651
1023.031067 650.467651
1035.057373 513.131958
1037.466919 633.518738
1037.466919 633.518738
1039.434692 581.523132
1039.434692 581.523132
1039.434692 581.523132
1046.101807 424.564331
1047.524170 660.874512
1067.553223 453.901398
1067.569214 497.539948
1071.072876 509.384888
1071.072876 509.384888
1070.897705 627.015625
1078.619141 583.936157
1089.627930 644.510986
1111.658691 591.798279
1112.432739 630.493408
1112.432739 630.493408
1122.291992 580.962891
1122.291992 580.962891
1122.291992 580.962891
1169.758179 655.496399
1001.766907 630.003113
1009.971680 384.500488
1009.971680 384.500488
1013.490356 533.001282
1013.490356 533.001282
1039.993652 387.324524
1051.476685 644.509033
1052.364502 400.514618
1052.364502 400.514618
1056.500610 418.513123
1056.500610 418.513123
1071.995483 493.680450
1074.801514 509.211395
1074.801514 509.211395
1074.801514 509.211395
1077.450562 496.469299
1077.450562 496.469299
1086.662109 505.498505
1163.644653 626.507080
1180.996582 656.884644
1203.989258 680.187500
1205.505249 691.629211
1207.875366 710.002625
1207.875366 710.002625
1225.549927 820.502258
