0 2014
1 1684
2 115
3 571
4 2570
5 2663
6 2014
7 2203
8 1725
9 2528
10 3146
11 3839
12 4085
13 3816
14 2081
15 1486
16 3645
17 594
18 2432
19 2549
20 224
21 1015
22 1468
23 4090
24 963
25 3281
26 1029
27 1826
28 3304
29 1829
30 1806
31 1166
32 2200
33 520
34 1774
35 1773
36 245
37 1887
38 1825
39 3826
40 1444
41 2200
42 2238
43 2238
44 2257
45 2427
46 2441
47 1743
48 304
49 1855
50 825
51 1742
52 1510
53 703
54 2071
55 1729
56 4004
57 2426
58 2276
59 2331
60 1802
61 1865
62 2440
63 2297
64 1844
65 2426
66 1965
67 1073
68 4095
69 2275
70 594
71 1777
72 1035
73 1091
74 2198
75 2213
76 1782
77 1393
78 1900
79 2150
80 1810
81 1842
82 1938
83 1810
84 1872
85 2233
86 1936
87 233
88 1035
89 1116
90 2220
91 1001
92 120
93 1001
94 1007
95 2062
96 1937
97 1758
98 1863
99 4095
100 2294
101 301
102 2743
103 2743
104 1959
105 1995
106 1780
107 2425
108 2867
109 340
110 3506
111 2843
112 3454
113 1128
114 1128
115 2753
116 1983
117 1994
118 2753
119 2753
120 1803
121 2062
122 3666
123 1241
124 1987
125 2198
126 2515
127 301
128 1169
129 2424
130 2017
131 349
132 1451
133 3695
134 1386
135 1780
136 4095
137 349
138 3986
139 2843
140 3984
141 1148
142 340
143 2007
144 1885
145 340
146 4095
147 3635
148 1215
149 3971
150 1215
151 1829
152 4149
153 3630
154 2025
155 1855
156 1848
157 3329
158 3681
159 2033
160 872
161 872
162 3681
163 379
164 2064
165 2812
166 4010
167 950
168 3433
169 2175
170 851
171 2032
172 3695
173 1184
174 2081
175 2091
176 1855
177 3433
178 1527
179 611
180 2081
181 3053
182 2083
183 4031
184 1116
185 1557
186 2093
187 1091
188 1559
189 2102
190 1191
191 4034
192 3763
193 3014
194 2370
195 4039
196 2371
197 2388
198 2368
199 1694
200 1157
201 39
202 3808
203 2419
204 4081
205 2122
206 3781
207 872
208 4067
209 2391
210 2131
211 1738
212 1016
213 322
214 742
215 2076
216 2076
217 1831
218 3177
219 100
220 798
221 2149
222 1772
223 2399
224 1657
225 2210
226 2586
227 5
228 8
229 835
230 837
231 270
232 337
233 1940
234 834
235 1800
236 1665
237 2076
238 840
239 4212
240 1964
241 2288
242 3314
243 863
244 1668
245 603
246 2579
247 3188
248 1303
249 854
250 4162
251 3138
252 861
253 4204
254 1094
255 2016
256 2130
257 2073
258 2352
259 24
260 1706
261 663
262 2166
263 1685
264 1604
265 2167
266 2175
267 1696
268 2170
269 1708
270 3513
271 2195
272 2198
273 4069
274 1722
275 1734
276 3832
277 926
278 2203
279 2202
280 2211
281 2209
282 1718
283 1751
284 1750
285 2217
286 1752
287 1793
288 3141
289 1780
290 2233
291 2201
292 1829
293 1787
294 3818
295 4101
296 214
297 1750
298 1795
299 2250
300 1726
301 1845
302 1876
303 2270
304 2238
305 2200
306 1879
307 2208
308 2262
309 2276
310 1940
311 1832
312 1869
313 1906
314 1755
315 826
316 4095
317 2275
318 2296
319 1976
320 1939
321 1839
322 1973
323 1937
324 1944
325 4202
326 825
327 2298
328 2295
329 4202
330 2289
331 1971
332 1999
333 2300
334 1789
335 4202
336 2308
337 1992
338 2236
339 3372
340 2306
341 1870
342 4151
343 1891
344 4202
345 2279
346 2311
347 2283
348 2287
349 2287
350 2005
351 2317
352 2291
353 4202
354 2297
355 1500
356 2345
357 2315
358 2021
359 165
360 2029
361 2309
362 2322
363 3664
364 2032
365 2338
366 2044
367 2042
368 2034
369 3990
370 2349
371 2055
372 1287
373 2073
374 2084
375 2074
376 4013
377 2351
378 2352
379 2087
380 4030
381 2092
382 3870
383 2102
384 2096
385 2366
386 2367
387 4038
388 2370
389 2104
390 387
391 2371
392 3391
393 2374
394 2375
395 2173
396 4040
397 3450
398 2378
399 2109
400 4180
401 2103
402 2132
403 474
404 4203
405 2133
406 4203
407 2372
408 2426
409 2393
410 2600
411 1641
412 2291
413 2144
414 1646
415 2147
416 3781
417 1774
418 1650
419 923
420 2275
421 2152
422 3335
423 4063
424 1659
425 817
426 935
427 5
428 2477
429 2475
430 837
431 971
432 3186
433 3079
434 1671
435 1679
436 1675
437 4162
438 2160
439 1672
440 1675
441 1676
442 878
443 4085
444 1094
445 2143
446 2198
447 2260
448 3781
449 1681
450 2658
451 2165
452 1976
453 2163
454 2419
455 1712
456 2413
457 4089
458 4195
459 3184
460 2216
461 2217
462 2420
463 1790
464 4071
465 2269
466 4092
467 2426
468 2417
469 2427
470 4206
471 2308
472 4150
473 2004
474 2338
475 2357
476 2354
477 2364
478 29
479 1847
480 3405
481 2391
482 4209
483 862
484 2
485 2453
486 1477
487 2454
488 2154
489 2399
490 2460
491 617
492 2308
493 131
494 2062
495 2441
496 4212
497 1420
498 1675
499 2521
500 2161
501 2165
502 2403
503 3726
504 1662
505 3004
506 2405
507 3222
508 4079
509 2322
510 2422
511 2423
512 2442
513 4218
514 2399
515 2400
516 2483
517 2456
518 851
519 4203
520 2424
521 2460
522 2756
523 2658
524 766
525 3188
526 2467
527 4213
528 2467
529 2477
530 2400
531 851
532 2457
533 2459
534 766
535 2483
536 2478
537 2482
538 2490
539 2473
540 2487
541 2461
542 2460
543 2485
544 4221
545 2490
546 2488
547 2492
548 2495
549 3205
550 3743
551 3743
552 2426
553 3082
554 4085
555 3281
556 1938
557 2083
558 854
559 1939
560 2297
561 3391
562 3131
563 3199
564 3200
565 4280
566 4082
567 1721
568 191
569 4059
570 2062
571 788
572 2343
573 1780
574 3327
575 2011
576 1182
577 4079
578 2238
579 4038
580 3865
581 3866
582 1733
583 2253
584 2213
585 2198
586 54
587 2016
588 3694
589 2216
590 1980
591 2200
592 3635
593 2780
594 3176
595 1481
596 984
597 3695
598 1170
599 2233
600 1863
601 269
602 2151
603 2742
604 244
605 3978
606 331
607 1185
608 3923
609 1201
610 3495
611 3431
612 2767
613 1350
614 3372
615 3665
616 1432
617 503
618 3934
619 2767
620 2753
621 2233
622 2660
623 2014
624 3699
625 2008
626 3397
627 2827
628 3910
629 3676
630 1877
631 358
632 3929
633 1996
634 3681
635 3982
636 2029
637 1147
638 567
639 3673
640 580
641 3597
642 3991
643 1401
644 3012
645 2052
646 878
647 1495
648 93
649 4016
650 2916
651 4022
652 2270
653 336
654 2085
655 3137
656 2086
657 3736
658 3444
659 2455
660 2097
661 2105
662 1837
663 3806
664 419
665 1695
666 657
667 2424
668 2438
669 1617
670 3792
671 1775
672 1008
673 3831
674 2098
675 4277
676 100
677 807
678 2141
679 818
680 3836
681 1659
682 4045
683 816
684 2596
685 4203
686 4204
687 1726
688 1660
689 2755
690 1094
691 3649
692 665
693 4067
694 1256
695 4073
696 3820
697 2110
698 4082
699 4089
700 3816
701 3850
702 3964
703 4080
704 1720
705 3819
706 2227
707 1175
708 3906
709 2213
710 4090
711 4140
712 3303
713 2692
714 4150
715 2319
716 3625
717 3660
718 1128
719 1083
720 4001
721 2023
722 4011
723 4028
724 3249
725 2085
726 3698
727 1610
728 2103
729 2103
730 4263
731 1185
732 3495
733 4022
734 4053
735 4054
736 4174
737 3642
738 3818
739 2615
740 49
741 577
742 493
743 3131
744 658
745 2269
746 3795
747 2333
748 1572
749 1652
750 3210
751 2162
752 1117
753 2157
754 2647
755 168
756 3175
757 1663
758 1576
759 4217
760 2454
761 844
762 1036
763 3799
764 4062
765 3797
766 3798
767 2824
768 3381
769 3801
770 3802
771 1735
772 1594
773 2209
774 4196
775 2411
776 3280
777 4095
778 4096
779 4202
780 2468
781 4079
782 4203
783 2431
784 2319
785 4151
786 4064
787 2450
788 1424
789 2654
790 3763
791 3840
792 1671
793 4190
794 2487
795 2420
796 4071
797 4187
798 4188
799 2401
800 2461
801 399
802 2397
803 4203
804 4219
805 2468
806 2468
807 4061
808 1973
809 2213
810 4226
811 4226
812 874
813 133
814 1568
815 2205
816 2144
817 658
818 2269
