-2.51996 -3.60913 6.88635 -1.44309
-0.279467 1.261 -1.3926 0.102039
2.46528 -0.006245 1.16055 2.88532
-1.67622 -0.983067 1.14151 -2.32921
-1.14798 -2.46236 3.59984 -0.420491
2.16229 0.94607 0.421849 2.53191
-2.67461 -5.27128 6.58406 -2.42083
1.70726 -1.2627 2.2324 2.32757
-0.00126 -1.20796 1.16377 0.005866
0.001887 1.28871 -1.28871 0.001887
-1.26289 -0.555142 0.530991 -2.97653
1.19753 0.066337 -0.184622 1.4119
-1.12998 -0.014339 -0.008781 -1.07121
-1.36596 -0.665361 0.073925 -2.76396
-1.43915 2.55509 -2.78623 -1.14833
0.736376 -3.77768 3.00416 0.356414
1.24027 0.881171 0.067063 2.3657
-0.757262 -1.61354 3.3049 0.087362
1.19725 -0.34576 0.345141 1.40096
1.0922 0.713237 -0.380909 1.30239
8.86 2.02066 -5.07453 9.22612
-0.100996 -1.1104 1.83747 -0.174639
-2.15791 0.445789 -0.406718 -1.05967
1.28547 0.311622 -0.240049 1.4348
-0.02921 -1.36215 1.89038 -0.268678
-1.40056 -0.308711 0.291455 -2.02108
-1.28828 0.012427 0.100717 -1.21968
0.127462 -1.17876 1.76233 -0.059985
4.11494 -0.045683 0.985797 3.06555
-0.329478 -1.09003 1.5918 -0.048446
1.13945 -0.239422 0.290674 1.03207
-1.57778 -1.42849 0.96145 -1.012
-5.22258 -1.28821 1.20363 -4.29078
0.19142 -1.09302 4.18553 -0.373518
-1.25302 0.459971 -0.995387 -2.36011
-2.08614 -0.115591 0.33982 -7.20818
0.400294 1.1017 -1.42269 0.325286
1.16967 -0.316734 -0.169986 1.58205
-1.06101 0.328952 -1.01058 -2.37718
9.38204 1.37818 -2.70595 10.2505
-0.348993 -1.02813 3.89681 -0.242806
-0.085159 1.08439 -2.33852 0.192925
6.67812 18.6178 -18.5723 6.12571
-1.21011 -0.22628 0.713681 -3.50616
-1.0753 0.079073 -0.097939 -2.10447
-1.32469 0.063122 -0.38454 -2.42621
-2.11444 -0.412635 0.217539 -4.42052
-0.353517 1.14298 -1.14298 -0.353517
-1.93303 0.36052 -0.84993 -2.94226
0.883946 -2.9272 3.8879 1.89207
-1.26311 0.119552 -1.1571 -1.93269
3.16873 -1.70621 -1.76694 6.69718
-1.00782 0.760329 -3.87175 -1.85738
-8.44636 -4.14522 6.22682 -6.3277
2.44173 -0.485748 0.279607 1.40997
5.00584 -3.12939 1.67579 7.67546
-0.195874 -1.04141 1.10549 -0.241194
3.21972 -1.88095 3.49127 5.25225
-0.166325 1.04531 -1.16412 -0.172702
-2.56274 -0.180545 0.273057 -5.32492
-1.14248 -0.481905 0.182388 -1.40762
1.10443 -0.423726 0.502043 1.4952
-1.14563 0.132231 -0.574396 -1.45158
-2.10477 -0.111328 -0.112784 -1.70796
-0.383133 -1.04471 1.04471 -0.383133
-1.21623 4.36778 -4.69603 -1.72367
-1.45648 0.133611 0.112239 -1.35514
16.3752 -4.66353 2.41313 16.1301
1.26293 -0.415986 -0.834046 3.62615
-2.51583 4.79142 -7.27821 -3.68393
-30.2188 -1.27288 1.58145 -33.7559
0.702417 1.69804 -2.74559 -0.767837
1.26672 1.58302 -0.07928 2.79004
-0.692306 0.818037 -1.09677 -0.814168
-0.41274 -1.1526 4.53267 -0.311392
-1.06293 0.767805 -2.0521 -1.21625
0.870017 2.33057 -2.13629 1.34624
1.20785 0.175182 0.520134 2.32343
0.685935 -4.43133 4.16518 -0.311338
-1.86929 -0.212142 0.433062 -4.30031
-2.15676 -0.440945 0.345267 -1.90874
1.12215 0.087786 0.087217 1.50247
1.73968 1.43379 -1.82408 2.80565
0.897643 -0.688352 0.735355 1.33956
-0.88418 0.733272 -0.605021 -1.13568
-0.570844 1.83877 -7.97759 -0.200429
-0.597067 -2.66231 2.50606 -0.716347
-0.039486 -1.87653 5.5738 -0.290787
1.55414 -1.36806 2.2201 3.0229
0.072967 -1.853 1.35527 -0.873436
1.10036 -3.73295 6.45434 0.517609
-0.03133 -1.09557 1.69405 -0.355544
1.21723 -1.66183 1.60706 1.49309
5.17309 -0.326594 -0.625019 3.69277
1.19951 -0.119653 -0.115646 3.1275
0.068591 1.50326 -2.56479 2.37953
0.03009 -1.17043 1.5199 0.46243
1.81208 0.283889 -1.7974 1.8136
-1.08594 -0.107626 0.051276 -1.67494
-1.22472 0.487977 0.038464 -1.35955
0.006985 8.18717 -6.02353 1.75457
-0.023132 -7.91108 10.7683 0.801003
1.18684 0.163946 -0.318792 1.15108
-0.315428 2.61005 -2.11165 -0.423545
-1.77555 -0.465008 1.15567 -1.38788
1.01699 1.18382 -2.44811 0.765516
-2.80828 -0.443795 -0.138966 -4.99478
0.370229 1.01114 -1.93607 0.404414
-0.261426 -3.10103 2.92484 -0.237612
-2.56001 0.543492 -0.871241 -3.41595
-1.54608 -0.31103 0.172737 -1.89436
1.16983 1.92151 -1.64188 1.13966
-0.085748 1.75401 -4.6386 -0.542322
0.824515 -1.25217 0.764141 1.90919
-2.22999 0.963565 -0.133802 -6.73424
0.307646 -1.65654 3.0379 0.19339
-0.446719 4.36248 -3.90311 0.181291
1.72185 -0.575064 0.514498 1.05178
1.12797 0.640497 -0.126747 2.4995
1.17047 0.415096 -0.847918 1.05743
-0.282971 -1.25752 1.38309 -0.13736
0.016073 -5.83064 4.68635 -0.718433
6.53934 4.8468 -6.53521 8.35583
7.23308 19.777 -21.7178 7.27149
1.01339 -1.09667 4.24007 0.786525
-1.04745 1.11695 -4.54162 0.135957
-1.9716 0.758029 -0.509787 -3.90402
0.171371 -1.49892 1.89608 -0.241692
69.1664 -0.573917 2.2843 64.2872
-0.345174 -1.83903 2.5988 -0.535214
-1.40447 -0.396973 -0.053674 -2.52915
1.05061 -0.324655 0.536615 1.82575
0.013567 1.25769 -2.20869 0.229871
1.48553 0.798903 0.204579 1.84213
0.07223 1.4821 -1.15505 -0.117208
1.0106 3.40927 -5.11177 1.45605
-1.59725 -4.45942 3.72817 -2.35707
1.62442 -0.349501 0.153521 1.98873
-1.07998 0.369601 -0.274166 -1.76104
0.343999 1.0579 -2.7231 0.249812
1.55 1.05529 0.372019 4.14198
-1.10178 0.1521 -0.1521 -1.10178
-0.23396 -1.15306 1.0277 -0.370459
-1.26135 0.105131 -0.08622 -3.47867
-1.33161 -0.806876 1.56347 -1.06021
-1.08387 -0.171252 0.091553 -1.71039
-2.51715 -1.37538 1.04405 -2.83378
-1.56738 -6.39135 6.49617 -1.23125
-0.816071 -1.02235 1.84566 -0.412694
-0.373167 4.07256 -1.97903 -0.893848
1.48214 -0.504561 -0.867033 2.09222
-5.588 -14.9781 17.38 -6.37266
2.03147 0.214871 0.895882 1.5928
2.47788 -0.317005 0.036589 1.39493
4.55847 24.1668 -41.2437 2.5778
3.51481 1.91356 -2.65743 4.66171
-0.056594 -1.94713 1.085 0.022904
-0.808531 -0.838565 1.62672 -1.05434
-7.77288 -3.68658 6.62064 -8.69561
1.56415 1.21876 -1.33538 2.41602
1.05147 -0.339293 0.218038 1.71449
-1.01867 0.185085 -0.208177 -1.50591
2.02621 1.81732 -2.35007 1.4028
0.485403 1.27715 -1.01878 0.87994
-0.7581 1.3423 -1.42102 -0.641743
2.59988 5.33328 -8.20967 0.612357
-3.53821 0.368617 -0.272729 -6.1263
1.8411 -0.479833 0.257452 1.88637
-3.82799 -0.890556 -0.050486 -6.93905
1.03194 -0.215037 0.220144 1.40331
1.55925 0.955204 -1.14454 0.905992
0.821629 4.23009 -7.05967 0.583571
0.902528 -0.698284 0.941807 1.13814
7.38009 0.207833 -1.38108 7.24551
1.1526 -0.352396 0.604462 1.09976
0.035062 1.59581 -1.16937 -0.039626
-1.01651 -0.993924 1.06601 -0.654694
-0.23691 -2.14095 1.97814 -0.428446
-0.250469 -1.06769 1.52621 -0.394597
-0.220264 -1.05215 2.34645 -0.30913
-0.089354 1.13612 -2.33513 -0.33959
-0.253895 -1.76343 1.69874 -0.55709
-1.22976 -0.017454 0.011643 -1.42565
-1.04336 0.345975 -0.270655 -1.80048
1.61904 -0.142812 0.359662 1.31661
-1.29518 -0.54428 0.653968 -1.33092
0.078418 -1.22837 1.14995 -0.026938
3.03881 -1.67834 0.191966 10.2196
-5.70666 0.406774 0.45344 -4.51152
2.28353 0.291772 -2.11392 1.21941
1.10454 0.31105 -0.146649 1.77232
-2.64414 0.02732 -0.121499 -7.98759
0.137022 1.39766 -1.49418 1.08456
0.410158 1.08482 -1.21108 0.182209
2.90688 -0.929063 -0.527477 3.60082
0.809125 0.748629 -0.856333 1.47858
0.159022 1.0537 -2.19121 -0.037529
1.13876 0.555362 -1.53635 2.38519
-1.63296 -6.83022 6.32811 -1.54414
-0.329878 -2.18071 1.7319 -0.281679
1.12058 0.299474 0.1207 1.86345
-0.560609 -1.24734 1.77727 -0.68796
1.92648 0.968067 -0.403695 5.16152
-0.188864 -2.59218 6.09015 -0.389296
0.04945 -1.09543 1.53354 0.106821
0.638445 1.3041 -2.52193 -0.237658
-3.98522 -0.54956 0.783854 -5.30837
-0.300936 -1.18675 3.96092 -0.282585
18.3174 2.12292 2.16863 14.7767
-1.01506 1.18138 -2.35253 -1.32441
0.233031 1.3369 -1.5266 0.14468
-1.52686 -0.520297 0.401727 -1.88397
-0.113214 -1.36826 4.2304 -0.855545
-0.01101 -1.57572 1.7349 -0.050685
-5.65306 -6.74288 9.69283 -7.36025
-0.027649 -1.66789 2.53934 -0.406311
-0.331302 -1.06292 4.75796 -1.09815
1.33784 -0.747417 1.59 0.759964
-1.02235 -0.327155 0.327511 -1.09883
-0.983911 0.457635 -0.564755 -2.49406
-0.053459 -1.17019 1.24585 -0.346103
-0.165187 2.04057 -1.421 -0.126948
3.21782 -4.9543 6.83528 1.75497
3.85332 4.07267 -2.99956 3.00253
-0.034353 1.58536 -1.34139 -0.027576
1.1081 0.879204 -0.992024 1.32974
1.87883 4.72193 -6.0112 1.50355
-0.252467 -3.07627 8.81106 -0.779949
0.017571 -1.27075 1.3265 0.464136
49.3014 -0.956942 0.677385 45.7636
-0.591857 -1.03192 3.243 -1.24261
1.56535 0.115929 -0.186258 1.21445
-0.149352 -1.81298 2.53858 -0.042931
0.033339 1.11765 -1.55515 0.104017
2.25893 0.421065 -2.2305 2.59807
-0.125601 -1.9185 2.47578 -0.299177
-1.76813 -0.531217 0.607961 -8.579
0.836642 -1.18007 1.83507 0.499834
1.08503 0.001244 -0.035528 1.86436
0.261666 1.22191 -1.4368 0.0749
0.472631 -1.95082 1.8941 0.459921
0.517383 0.955748 -3.01266 1.24099
4.10951 0.98466 -0.247798 3.10094
0.671213 2.80386 -2.75651 0.59099
-0.087095 -1.03727 1.68462 -0.205728
-1.35777 -1.58173 0.342013 -2.17131
-0.236606 -1.97421 9.48946 -0.617753
1.47185 -0.283004 0.226525 1.05169
-0.398753 -1.89852 4.58403 -0.479344
1.8911 -1.23103 2.32358 1.70488
-1.33114 0.206823 0.18758 -2.90217
1.19137 -0.598075 -0.047673 1.9929
-1.61778 -5.62656 7.98821 -5.85443
1.08434 0.981237 -0.121034 2.83643
-0.212615 -2.58905 1.67137 -1.27844
-0.007332 1.4064 -1.21165 0.141061
-2.96148 3.04247 -3.88266 -4.04292
-3.554 -4.25981 5.43726 -3.86687
0.810749 2.98698 -4.2852 1.18778
1.92491 0.534636 -1.31449 3.26518
-0.011659 1.76098 -1.61162 -0.137956
0.29382 -4.14564 4.36199 -0.570248
0.201954 -2.19078 7.98428 -0.712808
1.19446 -1.27789 0.992212 2.50129
-0.116584 1.06351 -1.81312 -0.019286
-3.92466 0.482647 0.175637 -4.33949
1.13934 -0.143391 0.544318 5.56095
-1.01744 0.178536 -0.206571 -1.64611
1.10577 -0.121241 0.113874 1.91395
-1.72852 -1.06728 0.370881 -3.05785
-0.080677 1.07094 -4.164 0.070332
-0.692104 1.0369 -1.61589 -0.250455
0.631976 1.20126 -1.48992 0.674609
0.91305 -1.45264 1.26195 1.8156
0.075176 1.48819 -5.24978 0.288574
-0.231623 1.6699 -1.63583 0.069818
-1.05316 -0.645481 1.68804 -1.19746
-1.82893 -0.788363 0.809646 -3.24372
-0.078966 -1.45979 1.7133 -0.109182
-4.40905 0.092617 0.519077 -9.59586
-2.84646 -19.4647 19.5301 -2.29605
-0.282902 1.2298 -1.91017 -0.870244
0.886128 0.727618 -0.959951 1.42624
0.494957 -4.34551 3.84234 -0.176423
-0.178753 -2.80081 1.69966 -0.570137
1.33055 0.077959 0.805362 2.32441
10.3384 -1.11954 3.99938 9.19789
-1.40936 -0.775104 3.09537 -1.85994
-0.1605 -1.16028 2.22455 -0.195052
-0.376483 1.61048 -1.54213 -2.21417
2.08062 -0.378936 -0.03233 1.8817
-1.34575 0.656818 -0.923674 -0.867279
0.944132 2.82411 -5.55204 0.591777
1.02575 -0.269939 0.194968 1.64072
-0.316258 1.10717 -1.66481 -0.998389
-0.158784 -1.52066 1.94633 -0.4028
-0.156557 -1.70139 1.41436 0.002615
1.60569 0.39698 -0.181276 4.59533
0.279169 1.09846 -1.03592 0.291148
-1.36886 -0.381061 0.217082 -1.92696
-1.0308 0.171243 -0.225351 -1.50915
1.86544 3.49933 -7.13773 1.05469
1.43174 0.252646 -0.145689 4.2564
-1.96493 -0.787406 1.46677 -1.45102
-16.2398 1.23773 -0.746013 -14.603
0.306912 -2.68679 6.03421 0.276531
-0.270505 -1.84281 1.71322 0.041674
-0.100408 -1.19617 1.77832 -0.3547
-11.9143 -2.6107 1.30905 -22.6898
-1.15475 0.005149 -0.174129 -2.12704
-0.393681 2.31042 -2.41371 -0.355155
-0.133855 -1.46585 1.04794 -0.181802
-1.10019 0.262464 0.012394 -1.58885
0.289007 1.71128 -2.08788 0.032387
2.58969 0.324355 0.833183 1.83019
0.767543 1.23142 -1.93433 0.704679
2.45342 -1.00118 0.494329 2.82389
-1.19093 0.571831 -2.32793 -2.18509
0.021237 -1.38737 4.11722 0.796648
1.68285 -0.090955 -0.363127 1.53342
-0.205484 2.25698 -1.62914 -0.169828
-1.23864 0.216463 0.503365 -1.98807
0.281943 1.03275 -1.23072 0.2724
1.16195 -0.422809 0.62897 1.10096
3.16309 -2.51447 0.180134 12.4392
1.4199 -0.532722 1.82341 1.33604
1.05478 0.174972 -0.023948 1.99834
1.57996 -0.169763 1.23366 1.99571
-1.49244 0.094482 -0.059708 -1.27901
-0.141323 2.23169 -1.80791 -0.088273
2.57959 -0.44816 0.251241 3.21821
2.77959 4.84542 -3.76528 3.70408
1.72589 -0.451588 -0.386205 8.0379
4.05964 0.961486 -0.678828 4.89209
-1.51675 -1.74587 2.6162 -0.751148
1.34238 0.106119 0.044797 2.71276
-0.525635 -1.35986 0.973718 -0.630798
-2.39032 -0.980588 0.978463 -3.78291
-3.25569 -0.547379 1.08251 -3.29531
-2.0396 -0.151124 0.427154 -2.84252
2.67286 -0.316581 0.437561 2.1022
0.179828 -4.01078 2.36188 -0.211356
1.11459 0.175722 -0.00517 2.05942
0.191226 5.94345 -8.43724 1.97181
-1.23798 -0.068718 0.053416 -1.58341
-1.71981 -1.26793 1.72427 -1.0914
-6.56477 -2.52925 5.27321 -5.99503
0.583763 2.21814 -2.02637 0.585333
-1.12128 -0.356708 -0.172772 -3.64301
-0.112348 -1.5089 2.79133 -0.360277
-1.43925 -0.142507 0.278302 -1.65894
0.090507 1.50352 -2.75101 0.056555
1.6841 -0.734438 0.73961 1.68887
1.12767 0.066622 0.071588 1.23024
1.88084 0.053928 0.865315 1.29497
-0.027769 1.59478 -1.42663 -0.1141
-1.05197 0.356122 -0.881503 -2.06353
-0.992415 -1.65608 2.70058 -0.232451
-1.08929 -0.042939 -0.022166 -1.83763
-1.50842 -0.289193 -0.188937 -1.22479
0.554155 1.03064 -1.87382 0.187406
-1.43126 -0.263493 0.188213 -1.58382
0.196264 1.56557 -1.49422 0.150004
0.794926 5.62393 -3.64103 0.710122
-1.06673 -0.909524 1.24741 -0.608685
0.770555 -2.53799 4.09117 1.09831
1.32256 3.59941 -5.19386 0.979407
1.08758 0.340729 -0.086473 1.89606
0.301412 1.19082 -1.04817 0.200037
1.58399 1.22099 -0.014146 4.54963
-1.40071 0.32336 -0.01309 -1.71945
0.508306 4.16468 -2.63618 -0.21932
0.122546 -2.07606 1.15891 0.403092
-1.2174 0.705692 -0.342258 -1.29317
-0.933508 -5.75542 9.01855 -0.496576
0.099891 1.16865 -2.17387 0.151657
-1.06885 0.263974 -0.24478 -1.25946
0.06887 1.94857 -1.06174 0.013919
1.1969 -0.806308 0.530195 1.53289
1.46052 -0.334096 0.371593 1.53684
1.30028 0.026225 -0.034558 1.75487
1.09911 0.229588 -0.044597 2.04985
-4.20613 0.628252 -0.323754 -7.09622
-0.780432 -0.840273 0.968389 -0.837058
3.88678 -0.922033 0.124477 6.85427
0.043297 1.50615 -1.35143 -0.005659
0.639047 0.915205 -1.01948 0.527742
0.64737 -1.89668 2.80375 0.432831
0.121861 1.24031 -2.32738 0.155304
1.32458 0.016335 -0.174893 1.81148
2.88433 0.957735 -1.23081 2.63247
0.914607 2.99515 -2.40227 1.34851
0.087428 -4.94289 2.81036 0.844217
0.755583 0.764704 -1.25294 1.61658
-1.72316 40.4155 -54.5052 -1.29032
3.89815 0.994 -1.12019 4.94511
0.866376 0.710293 -1.0797 1.50417
-0.137665 -1.09885 1.78682 -0.023568
0.025879 1.72593 -1.52355 -0.085321
0.512542 -3.24733 3.29815 1.38302
0.603086 -2.70437 1.73004 1.25417
1.16033 -3.44961 3.4492 0.883147
0.498755 -1.40883 1.00853 1.02532
1.18784 2.44922 -1.39492 1.69937
-0.688384 0.815787 -1.94266 -1.59855
1.84527 0.320029 0.913853 2.52995
17.7431 -1.68008 0.15647 18.0811
1.61786 0.389145 -0.590088 1.27457
0.594613 1.76677 -1.23729 1.27592
0.054694 -4.92481 5.05319 -0.254674
162.804 17.5403 -15.6743 154.048
1.85596 0.812589 0.265839 2.45409
1.14502 -0.249974 0.132108 1.20297
0.256971 -1.05324 1.83122 0.133491
-12.3707 -13.5857 13.0656 -13.9509
0.163819 1.26248 -2.1333 1.0572
-0.273734 -1.10425 3.91029 -0.26443
1.47743 -0.403996 0.36376 0.995314
1.7363 -2.9699 5.055 0.611384
0.537504 -1.39921 1.40627 0.1514
-1.07393 0.235709 -0.022973 -2.67504
0.012148 1.88677 -1.08865 -0.109686
-0.201522 -1.62152 1.3969 -0.508186
-0.441638 -2.62398 2.70272 1.47294
0.90127 0.626299 -0.778926 2.54042
-1.43795 -0.213032 -1.65856 -2.72892
1.14338 -0.009444 -0.056377 2.70852
1.72253 -0.587833 0.280313 1.37195
1.50703 1.29156 0.071978 2.40837
0.013141 5.18313 -2.54719 -0.904825
-0.667741 0.939853 -0.977072 -0.908766
-1.21355 1.90516 -1.90361 -0.904555
-0.44548 -1.20463 1.39122 -0.634939
-8.11276 2.77125 1.67277 -9.67472
0.622775 2.14254 -2.82585 0.942919
0.523708 1.02864 -2.3609 0.342257
1.39939 -0.049811 0.186362 1.26402
-0.046646 -2.41017 1.36006 0.009447
-0.226865 -1.48877 1.81105 -0.158201
-0.159089 2.41682 -2.89248 0.149745
1.10652 -0.156362 0.151744 1.56263
-1.10575 -0.020679 0.501683 -4.91847
-1.02852 0.336609 -0.574107 -1.31526
-2.04365 -7.48826 9.05866 -3.41768
1.70175 -1.91558 5.29041 -0.086268
-0.749872 1.58456 -5.1362 -0.013469
-1.26698 0.669019 -0.333575 -1.17588
1.61106 -0.010976 0.100884 2.00072
0.417511 -1.022 1.01027 0.432615
-0.026498 1.11344 -2.82926 -0.746953
0.243155 1.12617 -2.11044 0.036174
0.008414 1.54382 -1.71709 1.49954
0.431404 -1.37626 0.9734 0.53043
1.46927 1.72327 -0.00675 2.8292
-2.37507 0.0858 -0.688265 -2.59732
-0.012783 1.32264 -1.32768 0.023905
1.11079 -0.033825 -0.091572 2.20042
-3.74599 2.29314 -4.56153 -3.55843
-1.20993 -0.201167 0.229243 -1.71366
4.82067 0.241752 -0.424219 2.50862
0.870878 0.918569 -1.23383 1.55386
-0.286334 -1.03947 1.5578 -0.57314
1.08045 0.258207 -0.457369 1.19224
-4.14191 -4.03348 4.89738 -3.17918
-0.520837 1.33261 -1.36096 -0.543279
0.920627 -1.10204 1.63784 0.387535
1.40658 -1.62946 5.29823 -0.152931
-8.40209 1.46072 -1.57514 -10.9138
0.157679 1.23855 -2.02405 1.03199
1.7565 0.607732 -0.460839 7.88156
-0.303102 1.25924 -2.05886 -0.466833
-0.368277 -1.42468 1.28466 -0.268772
-1.73204 1.06107 0.77348 -2.32277
-0.298467 2.36442 -2.31681 0.893421
2.0821 0.023357 0.816526 2.53764
3.92983 -1.1879 0.474836 8.11786
2.13504 0.018133 0.012247 2.64413
-1.12904 0.409447 0.135482 -5.47802
1.49765 0.157359 -0.211647 3.71859
-0.561961 3.72153 -6.40748 -0.098847
-4.52287 8.91935 -7.37575 -2.70508
1.14652 -0.376159 -0.06933 2.03355
1.11775 -0.596618 0.408894 1.92194
-1.1077 -0.130072 0.058267 -1.86322
-0.550642 -0.961345 1.8407 -0.504133
0.851294 1.62003 -0.709675 1.47326
-0.073002 -1.48312 2.5417 0.161689
1.02822 0.739463 -0.763419 1.52177
0.97086 0.580297 -0.909108 1.43936
-1.12192 0.264888 0.568706 -3.94038
0.896381 -0.657249 1.14202 1.73397
-0.079907 1.29626 -2.25952 -0.243083
0.629043 -1.09643 1.45078 1.12642
1.12693 -0.01176 -0.66029 4.55582
-0.352861 4.93394 -3.61883 -0.950724
5.40063 -2.33651 2.49291 5.5738
1.2762 -3.82604 2.57014 1.00136
4.8192 4.53581 -6.73723 8.98368
0.138804 -1.81145 1.32798 0.829785
1.50192 0.44485 -0.11006 1.50224
-2.14001 0.057984 -0.148443 -4.1625
-0.071844 -2.25187 1.24856 -0.090638
-1.0535 0.163009 -0.232332 -1.99673
1.8731 0.474041 0.864407 2.84004
-1.34959 1.12173 -2.38293 -2.79223
5.80437 -4.93232 6.87842 4.83842
1.18268 -1.4648 1.13291 1.1857
-3.3747 -70.2419 57.0188 -5.17243
0.146434 -1.41431 2.45574 0.11996
-12.843 -20.1676 26.0814 -10.4077
0.97586 -0.549559 1.11151 1.37676
-1.10491 -0.171876 0.059992 -1.48916
-0.941197 1.67826 -6.78091 -0.304236
2.05778 -2.09154 3.56671 1.18317
0.55967 4.51789 -11.4196 -0.598752
1.29212 -0.00465 0.021472 1.87889
1.03162 0.317827 -0.144295 1.58205
1.02192 0.402883 -0.388125 1.03408
1.99998 0.570286 -0.230944 1.83198
0.567793 1.35027 -2.85765 -0.204621
-1.69674 -2.20201 3.32101 -0.430807
-1.0591 0.28891 -1.66515 -2.85194
1.39679 0.893265 0.596943 5.89888
-0.858723 -2.63192 2.676 0.29156
0.994627 -3.77238 10.8699 -1.28953
-1.06737 2.87229 -2.25447 -1.42827
-0.62418 1.34067 -1.5414 -0.353176
-1.35717 -1.11072 2.17198 -3.6478
-2.34426 -0.744547 1.8103 -2.06664
1.8845 -1.01483 0.770814 1.35787
-11.9765 -11.4787 12.5126 -12.9241
0.174299 -6.4202 5.92649 -0.507891
-0.097487 -1.27405 2.20247 1.05349
-1.10172 -0.228047 0.190934 -1.37116
3.55974 0.681469 0.168841 2.67028
-0.313628 1.05423 -1.05423 -0.313628
4.13826 0.146182 -2.14434 1.11566
1.91239 -0.246058 -0.221094 6.4223
-1.07535 -0.208966 0.386974 -2.43745
1.25768 -0.416377 0.280321 1.59195
0.316998 2.3716 -3.6964 0.183372
-0.185665 -1.54296 2.07683 -0.377978
-0.108526 1.03561 -1.37311 -0.253117
0.475936 1.5701 -2.20339 0.004485
-0.828609 -1.01561 1.77159 -0.429523
2.29464 3.10444 -2.61822 0.241167
2.48319 1.2094 -0.840513 3.72191
0.246873 -1.1883 1.61279 0.404818
1.1641 -3.36 3.53619 -0.14074
-5.07858 9.56687 -12.0754 -5.66851
0.325941 -3.0845 1.73756 0.987637
0.239325 2.22872 -2.12833 -0.832278
-1.21309 3.65098 -5.61508 -1.02281
-1.56194 -0.260493 0.300779 -1.3573
1.25977 -0.705903 0.454836 1.09279
0.289365 -2.02172 1.26077 0.465244
1.34388 -0.628619 0.48524 0.986963
-1.2088 -0.00729 -0.004908 -1.20211
-2.18881 -0.191745 0.43507 -4.59429
1.34692 -0.184873 0.163511 1.11981
11.2903 -2.63025 4.41313 9.91793
0.282848 -1.01173 1.38446 0.409909
-13.6587 -0.757075 4.11092 -14.1209
-0.006647 1.07772 -1.07772 -0.006647
-0.642522 -4.22932 4.09617 -0.612835
0.43348 -1.15854 2.44064 0.611453
1.39776 -9.57558 8.16463 -3.0965
-1.57346 -2.30352 1.91521 -0.547361
0.044929 1.07888 -1.25282 0.180068
3.1059 -0.445134 1.22224 3.50139
1.98961 1.0842 -0.434219 3.82629
-0.185858 -1.2458 1.28812 -0.130898
0.14311 -1.45378 2.11072 0.421385
-1.31461 0.905056 -0.436142 -1.01602
1.14904 0.049859 0.259152 1.35674
1.0736 -0.07035 0.153396 1.24364
-0.162354 -1.05413 3.81923 -0.245997
-0.053101 -1.37834 1.75951 0.09018
-1.13534 -1.30034 1.34989 -3.22036
-0.101286 1.04363 -1.54285 -0.010003
-0.525153 -1.05851 1.2003 -0.842513
-1.474 0.712134 -1.2416 -2.59944
-1.66249 0.119252 0.198028 -1.51418
1.12582 -1.12817 1.27226 2.80866
-1.37275 0.391383 -0.004255 -2.14389
-1.51113 0.825018 -2.3226 -1.91004
1.59151 0.022352 0.904515 1.40081
-0.578364 -1.30978 1.39485 -0.261748
1.131 0.599576 -0.036282 2.22401
-1.13957 -2.15448 2.97667 0.052348
-3.73656 -2.455 2.06133 -4.94993
0.976608 0.581505 -0.802869 1.50453
-1.09441 -0.131394 -0.105037 -1.48974
-1.31997 -2.2061 3.31735 -1.72568
-0.107797 1.58941 -2.7197 -0.057764
0.098298 -2.29744 2.48993 -0.008289
-1.51166 -1.43745 1.44046 -1.45934
-2.85301 -0.394443 0.84431 -4.08553
-2.38599 5.92576 -5.24734 -1.67682
0.728586 -0.833675 0.832183 0.736873
2.60592 1.47317 -0.421024 4.60748
-0.280171 -1.2741 1.62896 -0.544071
1.4652 -0.929245 0.048963 1.81888
0.139894 -1.22737 2.84433 0.709669
-0.341343 1.43496 -2.85476 -0.048168
-0.630376 -0.874008 2.78696 -2.30475
0.152041 1.02845 -1.5577 0.406431
-1.29156 1.94266 -2.93666 -4.17939
0.015375 -1.4331 5.4961 -0.235703
-0.247422 -1.26647 1.12357 -0.072867
30.251 0.267043 -3.90099 26.9212
-0.750636 -1.57322 1.5538 -1.26391
-0.028098 1.06597 -1.34211 -0.0322
1.95456 -0.341055 0.121602 2.81104
1.56444 -0.391355 0.191576 2.23839
1.79819 -8.77875 10.2233 0.858431
1.22331 -2.08446 2.46916 1.10209
-0.294084 1.9211 -1.79408 1.05816
-0.215656 1.07378 -2.47052 0.097008
2.42291 -1.06863 0.702844 3.68605
3.54002 -0.287568 -0.279272 9.78292
1.20375 -1.39024 4.41113 -0.069361
-1.2241 -0.151573 0.678859 -2.16656
0.846085 1.49938 -3.60841 0.366284
-1.33749 -2.23895 2.77551 -1.02539
-1.48845 -2.1779 3.03238 -0.052318
0.292944 1.54649 -1.53796 0.755499
-1.24632 0.178402 0.53735 -2.04075
0.954026 -4.29263 3.34974 0.795076
4.78488 1.33242 -0.798051 4.50257
-0.638823 -4.32539 4.24391 -0.638759
-1.31481 0.024572 -0.023288 -3.47901
1.16859 0.035917 0.024508 1.8123
1.30997 -0.160366 -0.257092 1.54422
-1.34618 -0.573961 0.550191 -3.22107
-0.724601 2.38558 -2.89537 -0.599335
-0.847376 -2.68835 3.03746 -1.49611
-2.72145 2.0059 -0.427003 -3.85377
-2.47065 0.380073 -0.343216 -3.18521
3.03749 0.176634 0.96583 2.14786
1.43429 1.54187 -3.57666 1.66927
1.74845 -0.659302 2.19095 2.26419
-0.962464 0.474075 -0.453742 -1.8261
-0.057464 2.49587 -3.55888 -0.389632
-0.365229 2.91992 -1.38844 -0.627964
-0.206935 1.13121 -1.04457 -0.183504
3.77409 -4.28089 4.03379 4.48875
-4.76119 0.574437 -0.068059 -4.28281
1.93822 -0.26514 0.233059 1.98669
-1.1421 0.257516 -0.192846 -4.09717
-0.083097 1.51742 -1.05643 -0.003578
-0.67584 -0.947918 1.82298 -0.618003
-5.42553 -1.18086 2.03279 -3.63841
1.19086 1.42192 -0.603851 1.39572
1.51354 0.407914 -0.353453 1.43027
1.1642 -0.228991 0.303903 1.03135
-0.231478 -2.12028 2.69853 -0.154577
0.047424 1.0956 -2.38806 0.256375
15.8708 0.344853 -1.27436 21.3152
0.067793 1.51709 -1.03751 -0.021307
0.104405 1.94397 -2.87562 0.075553
-1.2819 -0.266066 -0.070589 -2.77639
2.55265 -1.87696 2.51011 1.92679
0.098104 -1.32576 1.14471 0.356637
0.342833 1.31416 -1.86567 2.18955
2.6038 2.54835 -2.39668 1.97503
-1.55663 -1.42515 1.40539 -3.24319
-2.84584 1.45443 -1.32621 -5.64774
1.2215 0.380101 -0.179861 1.14861
-0.908693 -0.710813 0.669182 -1.37846
1.45587 0.443663 -0.890052 2.04231
1.85939 -1.90099 1.89382 1.19284
0.580822 -1.18349 2.33532 1.3704
1.88871 -0.151803 -0.104675 3.91378
1.97212 -3.7466 5.14725 2.1416
-0.397112 -2.34684 7.19131 -0.555378
4.0611 -1.17885 1.29737 7.49332
2.76082 -1.70404 0.786267 2.56458
-1.81886 -2.24561 2.08482 -1.58764
0.808006 1.09408 -2.22737 1.3976
-1.18299 -0.565416 0.163032 -1.73727
1.09773 0.560925 0.011187 2.75824
1.5433 2.9653 -7.50167 0.235249
1.14144 0.056488 0.017392 2.21878
-1.09346 0.271652 -0.25626 -2.01963
0.403464 1.13769 -1.39679 0.794618
-0.300016 1.29451 -1.97173 -1.72183
-0.083071 1.70612 -1.34034 -0.014972
0.64514 2.03559 -2.99003 0.00787
3.50177 0.104078 0.820368 2.52237
2.12964 -0.785192 -0.573373 2.45106
0.179163 1.14586 -2.44109 -0.154945
5.70788 4.65309 -6.68503 4.83814
-0.297556 -1.1566 2.08231 -0.267987
-1.64683 -0.780287 1.8057 -1.88868
-1.09543 0.120144 -0.140293 -2.10364
-4.95144 6.30911 -7.76737 -5.0038
-0.151372 1.41718 -1.72018 -0.079535
-18.1124 -0.559988 2.28685 -16.2678
-11.1036 -2.14067 4.77424 -11.2368
0.695068 3.32582 -2.77445 1.63014
-0.272087 1.03707 -1.53028 -0.515435
-0.009848 -1.58528 5.62331 -0.266976
-0.087461 1.27237 -2.15079 -0.407067
0.326959 -3.24193 7.27006 0.076335
-0.106643 -1.39447 1.30311 -0.291309
-0.089955 -1.2791 1.64691 0.038874
-0.100682 -1.14626 3.10595 0.111749
8.3392 8.57314 -9.31781 6.49833
0.029673 1.07337 -1.14229 -0.005719
-1.03306 -0.34781 0.561382 -1.41628
0.954647 -0.597874 1.32058 2.42226
-0.032073 -1.04663 1.61864 -0.027173
2.04825 5.65165 -4.87687 3.47995
-0.501166 -0.966263 1.71613 -1.05845
1.15151 2.45274 -4.7003 0.579355
1.06139 0.247393 -0.074067 1.93285
-0.271385 1.48883 -1.76449 0.468048
-0.023113 1.6895 -1.22378 -0.281796
-0.06759 1.48498 -2.72191 -0.018724
-0.511609 -0.917293 1.23902 -0.560985
0.196046 -1.14337 1.23572 -0.043948
0.086733 -1.28241 1.6646 0.570967
1.71141 0.520882 0.572718 2.59392
1.34118 -0.586154 0.244769 1.13404
2.04305 -0.20161 -0.0486 1.1347
2.62348 0.004118 -0.166776 4.46048
0.702536 -0.814759 1.39828 0.861462
-0.111656 -2.81932 5.9009 0.089568
2.84308 0.218914 0.386166 1.84302
0.046585 -1.80698 1.34218 -0.898371
3.10279 0.102757 0.196212 3.83756
1.50203 0.176699 0.728756 2.10724
2.43462 0.302895 -0.586185 3.23321
0.148545 -2.80646 2.13727 0.876948
1.33193 -0.437425 0.587052 2.16366
1.30348 0.13211 -0.044597 1.55801
0.450352 -1.25299 2.66282 -0.53878
-0.598172 2.28709 -2.21562 -0.723298
1.9898 2.08639 -6.84307 1.63875
-1.1703 0.311582 -0.08337 -1.17942
0.015952 -1.09997 1.09997 0.015952
1.56277 -0.351899 -0.094348 1.68481
-0.305344 -1.0365 2.5776 -0.365475
-0.031648 1.609 -1.84677 0.155508
-1.04447 0.154454 -0.14901 -2.00003
-3.11743 -0.465934 0.564991 -12.6822
1.72458 -0.385068 -0.060011 1.98097
-0.151993 -1.23611 1.86522 -0.135414
1.52126 -0.821821 0.646358 1.11532
-0.294953 -1.23813 1.01356 -0.402046
-1.14426 -0.440098 0.841488 -1.1861
0.868083 0.940036 -0.856667 1.46987
-0.344623 3.87103 -2.00707 -0.91164
-0.658881 -5.51763 5.27169 0.304152
8.39669 3.62307 -6.88151 12.6784
-0.812638 0.731161 -2.04939 -1.48271
-0.997852 -0.810016 0.912775 -0.940998
1.04738 0.20983 -0.220535 1.34867
1.17778 -0.225266 -0.128063 2.16948
0.969014 -0.687816 0.543946 1.51364
-1.88067 -0.628307 0.407722 -3.8677
1.07375 0.493662 -0.218667 1.8365
-2.92694 0.586861 -1.07756 -4.71681
1.03486 -0.432031 1.09009 1.85084
1.45253 -0.504117 0.062921 1.29291
2.78729 1.3121 -0.814096 4.18751
-1.03441 0.341951 -1.35888 -2.39782
0.351528 -1.07256 1.91241 0.461411
0.041856 -1.69138 3.83867 -0.113073
-1.05042 0.221515 -0.266935 -1.81954
1.56254 -3.7e-005 -0.7031 1.51479
2.89126 0.000624 0.718723 3.06226
-0.691162 3.53213 -5.51414 -0.10513
-0.211665 1.50509 -1.43763 -0.481408
-2.17018 0.948232 0.645899 -1.63696
-0.081193 2.21566 -1.98499 0.188512
-0.120705 -1.55378 4.65786 -0.263825
1.096 0.742835 -0.199127 2.07147
-1.71444 0.400637 -0.104266 -1.80541
-1.09847 -0.008563 0.064824 -2.05496
1.47057 -1.28903 1.72427 0.46118
0.562744 -3.44319 2.68402 0.172113
-1.73293 -0.371535 0.490824 -1.922
-8.27048 4.10129 2.02559 -14.3783
1.99316 0.2779 -1.37267 1.66384
-0.109108 1.72514 -1.22662 -0.031615
-1.09058 0.175469 -0.160036 -2.12897
0.118734 2.17642 -3.31758 0.700929
0.799337 -1.07166 2.08088 0.303266
0.847553 -1.64851 2.14495 1.15527
12.6087 -1.52902 3.55374 11.0145
-1.05753 0.18202 -0.243498 -1.99278
0.34852 1.39487 -1.76341 0.171205
0.467983 2.38504 -4.09107 0.293336
-0.780328 -1.13506 1.27015 -0.65668
-0.592465 -1.59753 7.73274 -0.51934
-1.73221 -0.327432 0.316712 -3.1635
-1.06427 -0.17362 0.037964 -2.7571
0.861432 -0.966106 2.88406 1.88086
0.781911 -1.09359 0.761627 1.60758
-10.8774 -2.4837 2.91886 -10.4905
0.606846 1.2408 -3.20394 0.261225
0.079145 -1.26366 3.7933 0.775482
6.05242 -2.01807 -1.17073 13.4482
2.75676 -1.11758 0.182388 7.93019
12.0846 1.02717 -4.14144 14.6492
-1.48234 0.680731 -0.318078 -3.31716
1.18656 -0.765943 0.902372 1.06438
-2.54122 -0.869729 0.672768 -4.37487
6.16347 -3.5215 4.0643 4.4471
-1.05472 0.529636 -0.353558 -2.55678
-5.19565 3.00646 -4.55778 -6.34768
0.11403 1.9264 -1.08503 0.012032
-1.32987 0.584347 -0.022226 -1.43772
1.56976 0.035771 -0.273266 1.47981
1.99889 1.76467 -1.79135 2.73788
-0.486674 1.11432 -1.40192 -0.080554
0.081089 1.30024 -1.65352 0.164372
-1.18686 -5.78643 4.93013 -0.77408
-1.05969 0.529448 -0.16438 -2.49108
-0.105709 2.48888 -2.47053 -0.747597
-6.0721 -1.65138 3.03781 -5.31708
1.53702 -3.80298 2.04865 -0.278348
1.01972 -0.40767 0.529298 1.31097
-2.33399 -0.163351 0.146848 -5.84237
1.50157 0.411892 -0.393198 6.9468
0.036112 1.18966 -1.04388 0.041171
-0.913964 0.59226 -0.81056 -0.883637
-0.585306 0.914037 -1.37578 -0.66901
0.700005 -1.56591 0.920463 0.743493
-0.954142 -0.687447 0.517935 -1.09513
1.15813 -0.269331 1.37243 2.08225
15.9788 -2.82524 0.528869 16.4445
1.4161 0.401161 0.268899 2.15615
0.309612 -1.12329 1.7836 0.360496
-0.061006 -1.18098 1.7872 0.00056
-3.76716 -1.48373 3.62441 -2.50543
-1.11469 -0.175226 0.018915 -4.95923
1.82518 -1.22155 0.94971 1.75895
-1.04558 -0.13224 0.172381 -1.51165
-1.09306 0.240104 -0.218061 -2.05291
3.48013 1.21128 -0.238801 5.32909
-0.646238 -1.56843 2.25987 -2.41547
-0.729124 0.865524 -0.834472 -0.673848
1.46245 -0.714385 0.594928 1.81926
2.3596 -0.304321 -0.173598 2.45787
0.251582 -1.31992 1.38701 -0.238546
-0.883948 1.11662 -1.89748 -2.98299
-1.32879 -0.207563 0.186571 -1.57196
3.20656 0.230086 -0.408692 2.40328
-0.734946 -1.10499 1.82439 -0.467653
1.13263 -0.211608 1.35703 2.37066
0.051234 1.10207 -1.66308 -0.184232
-2.75811 -1.07489 1.19673 -2.26258
-1.05612 0.085675 -0.088882 -2.12484
-0.854167 -0.649762 0.782511 -1.07012
1.38593 0.035404 1.62319 2.55195
-0.181496 -1.09682 3.99075 -0.849751
2.17055 4.46651 -6.85853 1.79952
0.734832 -1.36485 1.95167 1.14314
-0.153306 1.12366 -1.73125 -0.275842
0.210477 1.12108 -1.36185 0.047685
3.54803 -2.12521 3.10348 4.35794
0.198191 1.29143 -1.93057 0.19713
0.756556 -0.892534 1.71151 1.18935
-0.289027 -1.01018 1.04457 -0.337743
-1.27513 -0.40407 0.537586 -2.67304
-0.010098 1.07613 -1.62551 -0.180186
-0.022961 -3.91325 2.19934 0.820832
7.14266 1.40545 -0.974194 8.14674
-1.09653 -0.408002 0.180268 -1.61175
-1.19408 3.15476 -2.76173 -1.02617
-0.098892 -2.39391 2.89516 -0.364181
3.1111 -0.495671 0.056057 4.26798
-4.95702 -2.3457 1.81513 -7.95006
1.63086 -2.02051 2.61426 0.127985
-1.55598 -1.688 2.43971 -1.6218
0.542255 -0.935435 1.51071 0.986647
5.40472 -1.92089 2.21162 3.77053
1.31452 -0.29506 0.299344 1.10726
-0.177558 1.69808 -1.30938 -0.183888
-1.01456 0.453519 -0.597409 -1.14404
-0.674589 -1.56088 2.11527 0.383169
0.266316 1.09159 -1.38773 0.006754
-0.532083 -1.03182 2.13046 -0.506931
-0.166012 -1.42115 2.48795 -0.40731
3.55826 4.01061 -6.05636 3.49149
0.754695 -1.48777 6.03743 -0.271809
7.30818 -2.07598 1.22664 7.40014
0.742002 -1.29355 4.65992 -0.935184
-0.86577 -1.53174 1.66287 -0.01555
-0.277737 -2.29074 7.06898 -0.452215
0.772517 0.784714 -1.04156 1.45684
-1.27902 -4.45516 5.53354 -4.10109
-0.015175 1.10158 -1.38626 -0.108235
1.69216 -0.599216 0.294557 1.74956
-1.21486 0.005781 0.072491 -1.61888
-5.15977 3.01749 -2.3664 -5.41929
-0.196989 -1.1023 2.03411 -0.336356
1.1086 -0.039049 -0.043184 2.07054
-0.884223 -1.17912 0.959013 -0.626603
-0.765923 -1.13968 1.4761 -0.789472
1.06128 -0.013561 0.101765 1.97528
-1.11739 -0.762843 1.40745 -0.924672
-1.22425 0.28082 -0.224203 -2.34526
0.05498 1.30278 -1.06241 -0.012926
0.068775 3.55989 -3.47704 3.52953
1.14701 -0.196812 0.213047 1.10845
-6.14924 -3.3437 6.44797 -5.36826
-0.293522 3.25649 -3.06014 0.306639
3.72766 4.62968 -6.37271 3.27776
1.3684 -0.240347 0.437349 1.03774
3.73823 1.72339 -1.37103 4.24568
1.27673 -0.65751 0.523606 1.66318
0.078916 -1.10271 3.72077 -0.136219
0.269888 1.14919 -1.3993 -0.079996
-0.778796 -0.730014 1.14539 -1.14826
0.479117 -3.67031 3.15356 -0.141873
-0.014515 1.02862 -1.48354 -0.029904
0.074109 1.08964 -1.31944 -0.016422
-6.74316 0.431781 0.391423 -4.05678
-0.88257 -1.16093 2.07808 -0.455622
-1.07608 0.010172 -0.094392 -2.13168
1.09963 -0.396687 0.819482 1.50352
23.635 -4.04968 0.082154 27.3263
-0.146491 2.25056 -2.2006 1.24868
-2.57057 -0.976333 0.802405 -2.59881
-1.37458 -0.203677 0.216676 -1.75591
0.186013 1.63889 -2.2498 -0.039483
1.02302 0.324923 -0.325434 1.09949
0.109665 -5.96884 3.38792 1.00851
-1.35394 -2.07463 2.41761 0.157436
-1.3479 0.406857 -0.760325 -2.45814
-0.259931 -2.92881 2.41974 -0.392741
0.180659 -1.3259 1.05602 0.263538
1.18911 0.90274 -1.11311 1.7135
-0.020007 -1.02904 1.48347 0.005963
-0.164811 1.16314 -3.08593 0.0666
1.41138 -0.214114 0.851838 1.44823
0.255637 1.39224 -1.38051 -0.402302
2.37548 4.10435 -4.84072 3.1037
-0.464542 -1.02069 1.28175 -0.766697
-0.176254 1.60903 -2.05576 -0.092595
-1.29458 0.531957 -0.357836 -2.66221
-1.44814 -0.205962 -0.032585 -1.14244
-1.69092 -0.96672 1.18129 -1.57429
1.07036 -1.72969 2.17962 1.59673
-1.39665 0.408223 -0.669636 -1.61264
-1.81349 -0.713332 0.260783 -2.89442
0.010956 -1.90353 1.83563 0.738572
0.103324 1.387 -1.09753 -0.069141
0.399133 -1.21336 1.39977 0.012058
-2.67136 -0.50024 -0.669767 -3.36704
2.45548 -1.44868 1.8609 1.99139
-4.17826 3.33948 -3.49852 -3.13449
0.069605 1.05853 -1.52409 0.143021
1.99695 -1.65867 -0.653189 6.62592
1.34444 -0.067466 0.067466 1.34444
1.07741 0.720503 -0.363714 5.44585
0.4526 1.27073 -0.991177 0.795257
-0.175239 -2.47638 1.51316 -1.3516
0.339641 -1.16963 1.80303 0.455166
6.37775 -1.46256 -1.32934 12.6047
-0.929308 0.488184 -1.03999 -1.48533
0.565667 1.02634 -1.03863 0.691495
-0.04958 -1.18587 1.205 0.231853
0.580373 -1.0773 1.84172 1.05316
1.10625 -0.234229 -0.035989 2.57021
6.20614 5.54644 -5.92956 5.56548
1.27846 0.015132 0.02644 1.47808
2.40412 7.86999 -9.64673 1.33396
-1.22157 0.494155 -0.351434 -1.7312
-2.31001 0.831085 -0.852535 -3.99759
-16.4792 2.21295 -4.06787 -19.5581
-2.70996 -4.72125 7.19333 -5.88067
1.19235 -0.125052 -0.064985 1.47735
-2.66813 -0.823539 0.249875 -3.69975
-0.974064 1.3536 -0.43062 -2.27522
-0.306255 -1.51655 1.91873 -0.633804
-0.449835 -5.55872 6.58384 -3.98278
4.20764 -2.4392 4.07513 2.56494
-0.173216 -1.07419 2.25938 0.110764
-0.50574 2.29381 -1.80426 -0.223164
0.347626 -2.13458 1.35588 -0.400634
-1.82819 -1.19668 0.896262 -1.65794
-9.36555 7.24799 -8.81175 -9.39523
-2.41859 -0.093707 -0.047041 -5.609
1.23067 -0.362719 0.222542 2.22431
-1.08672 -3.07005 9.05206 -0.923514
-0.882824 4.43087 -3.88261 -1.16755
0.026477 -1.06155 1.32465 -0.003467
-0.116911 1.14314 -1.33264 0.002269
-2.03007 1.45494 -2.86469 -1.98234
1.1283 -0.274217 0.021532 1.5265
0.020297 -1.28384 1.07132 0.14257
-1.23971 0.027436 0.089772 -1.12248
0.615474 1.0038 -2.67114 2.52602
0.565924 1.27435 -2.48892 0.305415
1.85641 -1.98323 3.20489 1.28815
2.56784 -0.708062 0.427469 2.28101
0.851816 -2.92918 2.58853 1.15839
-0.997283 0.566277 -0.58718 -1.37466
0.977342 -3.49265 2.96361 0.129498
-2.19798 -0.795874 0.557263 -1.83196
-1.81032 0.796325 0.142795 -7.86475
0.463754 -1.4168 0.945952 0.575618
-1.03045 -0.452616 0.524816 -1.67332
1.25211 -0.822603 0.733058 1.17938
-0.189142 -2.53273 1.59313 -1.30186
0.976258 -0.598113 0.559293 1.63656
-1.17885 0.122522 -0.155414 -2.49411
-0.059416 1.75405 -1.29938 -0.059777
-2.09001 -0.748581 0.012585 -2.89762
-1.43349 0.035543 -0.006903 -1.66121
-2.44675 -0.538747 0.504331 -2.89142
-0.865013 -1.42611 2.61304 -0.479561
0.022364 2.34972 -3.4157 -0.980449
1.05978 0.118612 -0.01287 2.12326
-0.177264 -1.24597 1.3832 -0.030823
-4.76736 -3.79941 4.45334 -5.00371
0.441815 -0.978031 1.47316 0.598219
-0.012805 1.38998 -1.11807 -0.006477
-1.28785 0.453671 0.381743 -2.0998
12.2338 -10.1837 11.1026 10.9682
1.10846 -0.037737 0.04142 1.86738
1.05427 0.093283 0.043026 1.51597
-1.38034 0.225843 -0.502718 -2.34627
-1.30728 -0.263538 0.50699 -5.11825
-0.17685 1.21863 -5.9701 0.066348
0.788104 -0.902406 0.716486 1.12695
1.56748 -0.874697 1.04827 1.53119
-1.41725 -1.05249 1.85691 -2.29803
-1.15239 -0.081299 -0.0584 -1.67282
-3.3447 1.49285 -3.32171 -2.69708
-2.61947 1.19381 -1.1255 -5.26541
-1.34129 -1.07121 -0.097819 -1.88533
0.023005 -1.41516 1.05491 0.113358
-0.044006 -1.62291 1.37549 0.053272
0.872634 -1.43667 2.42092 -0.136306
1.45358 -0.487064 0.603278 2.90135
-2.30175 -1.92527 2.90164 -1.37328
-1.05089 0.159196 -0.179755 -1.9689
0.506267 -0.953992 1.36949 0.561976
0.147818 -3.43635 4.26084 0.219076
0.176918 -1.10071 1.43766 0.368811
1.33339 0.892075 -0.950935 1.66004
0.439334 -1.45036 1.28227 0.221225
1.00779 0.528932 -0.432116 1.17309
1.10142 -0.179822 0.15187 1.75247
0.312386 -2.18743 2.36756 0.220931
4.91258 -2.49992 0.893628 9.33088
1.21318 0.135407 0.624233 2.09907
1.09892 0.088489 0.006238 2.22094
-0.742786 1.08956 -1.23985 -0.32145
1.53365 0.147045 -0.548562 1.93116
-7.53883 5.03252 -1.50128 -5.61661
-0.461975 -1.79281 0.98162 -0.562989
-0.216388 -2.30908 3.29427 0.210684
-3.88705 -12.3084 13.7241 -6.96241
-6.09889 2.61998 0.897742 -13.344
-1.29027 0.093515 -0.301717 -2.13071
-0.300525 2.34195 -2.16586 -0.42004
2.04305 0.967302 -0.24793 1.60201
-1.22444 1.83693 -2.62759 -1.53725
-0.223963 -1.3053 2.02207 0.008845
-9.58436 0.762163 3.10808 -20.1313
-1.57952 0.952434 -0.397623 -1.68638
-1.06224 0.106884 -0.155565 -1.27895
-0.310432 4.15593 -3.88652 -0.389111
1.23094 0.536487 0.357897 2.72129
1.45692 -0.457229 0.75873 1.60742
0.796441 1.53106 -1.05011 0.970974
-0.169412 -1.4517 1.66565 -0.446696
1.17711 -0.044726 -0.555971 2.02873
-1.17586 -0.432232 0.624573 -3.43283
-0.074638 -1.48344 2.1471 0.141392
1.10635 0.386976 -0.153557 1.72605
0.406104 -1.2404 1.60802 0.463955
-7.64793 5.47642 -7.18495 -5.21839
-1.07827 0.120438 -0.201034 -2.08808
1.12125 -0.706877 0.17604 1.75351
0.459039 -1.1355 2.26411 0.190087
0.652438 -1.35199 2.98632 -0.790971
0.627702 -0.85408 1.54706 0.97698
1.1091 -0.202768 0.133619 1.48799
0.072612 -6.89218 3.8881 -0.573567
-0.139045 1.65228 -1.39985 0.051419
-0.184661 -1.4086 1.2933 -0.761208
0.637171 -1.28664 2.73198 -0.118759
-0.104021 1.14573 -3.26594 0.134927
-1.31866 -0.185373 0.382279 -3.95299
-32.8848 -152.396 160.217 -28.5269
-1.05978 0.238151 -0.245929 -1.13486
-0.059545 -1.06769 3.46023 -0.203101
-1.09299 -0.035415 0.070324 -1.07701
1.30177 0.183579 -0.546835 1.12978
-0.013428 1.399 -1.13018 -0.006655
-1.26968 -0.449075 0.129741 -1.99771
2.47353 0.690492 -0.260322 2.71795
-2.25926 -9.2384 10.8891 -4.36248
-0.37858 -1.41926 1.78609 -0.540082
-0.223295 -2.0588 1.69308 -0.095879
1.07307 -0.181598 0.170165 1.93877
-0.552577 -0.909297 1.03191 -0.589982
-1.37289 -0.130882 0.219195 -2.93551
1.39303 0.062508 -0.423623 1.65693
-0.464858 -1.82076 3.66399 0.270799
-1.00603 2.24205 -2.26779 -0.998003
-1.13885 -0.347607 0.360333 -1.45148
0.398808 1.01293 -2.59255 0.411554
0.087537 2.35573 -1.80257 -1.20429
1.87737 0.475554 -0.219627 3.54836
0.229087 1.49025 -2.53241 -0.070225
1.24425 -3.08799 2.37831 1.03649
1.06272 -0.380392 0.537194 2.852
20.8449 -3.1536 -1.44067 23.8591
0.094184 -2.37732 3.70878 0.080318
0.723607 -1.75176 1.89803 0.231512
-1.82 0.27019 0.385132 -1.31725
-2.48194 -0.806784 0.746594 -3.14751
-0.381842 -1.05163 1.97471 -0.188826
-0.100816 -1.06143 1.15367 -0.03097
-2.90083 0.005101 -0.116778 -6.03733
-1.54409 -0.037418 -0.02447 -1.34418
-0.427169 -1.47326 1.53908 -2.31086
0.771066 -1.85991 2.48045 0.378936
0.053161 -1.11048 1.13568 0.189248
1.4718 0.701396 -0.732727 1.12266
-0.901695 -0.904454 1.01202 -1.15518
-0.839588 -7.16257 8.03531 -1.30633
0.481963 1.24722 -2.29015 -0.066285
-2.43464 -9.90688 12.0925 -0.28393
-0.114374 1.76955 -1.42476 0.008164
0.012188 1.20213 -1.20875 -5.1e-005
0.11764 1.89924 -2.36144 0.950643
-0.012106 -1.12342 2.12436 0.086562
1.49736 -0.223871 1.11319 1.26918
0.572977 1.0387 -2.78783 2.63163
-1.69067 0.047236 -0.024832 -2.33125
0.903293 2.49326 -3.08711 0.684898
-1.15976 0.237602 0.227991 -1.59585
-1.04401 0.245149 -0.016876 -2.91385
1.03353 -1.19332 2.4429 0.075009
-1.01094 -0.351123 0.529905 -2.32813
-0.46201 -1.08413 0.968023 -0.468688
-1.16896 -0.714424 1.44719 -1.12747
-0.068017 -1.13448 2.38512 -0.175832
-0.462201 -1.20791 2.02048 -2.23684
-1.337 0.810775 -4.28345 -2.06996
0.986834 3.20273 -7.21019 0.508389
-0.084634 1.69325 -1.43741 0.103055
-4.67828 12.0042 -17.7812 -1.4653
0.037026 1.88106 -1.07792 -0.054993
-0.585058 -1.13497 1.19992 -1.05932
1.27733 -0.177684 0.352495 2.12535
0.479097 -1.70539 1.05947 0.743156
-2.03481 0.082151 -0.103121 -1.99351
-1.23321 -0.265083 0.839357 -1.32984
-1.2393 -0.09307 -0.252437 -2.46424
-0.492901 0.948133 -1.31293 -0.611778
1.40824 1.35663 -2.99652 1.79704
2.39173 1.84341 -0.402155 2.49302
-0.028228 -1.2694 4.37728 -0.671249
-0.215223 -1.09019 1.4125 -0.42514
-1.28524 0.555897 -0.173832 -1.73142
-1.0604 0.133201 -0.162844 -2.07924
3.21455 7.47497 -5.32588 6.06803
3.1193 -0.841829 -0.971676 8.67594
11.6255 -12.2127 14.8574 11.5208
-0.554977 1.77109 -1.90746 0.217842
0.244398 1.19197 -2.00092 -0.301684
0.800196 -2.53581 3.37268 -0.297104
-0.072866 -1.81133 1.96945 -0.096268
0.274523 1.13671 -2.36976 -0.104818
-1.04987 -0.217867 0.207577 -2.58031
1.56445 0.311704 0.843888 2.64984
0.916374 -1.48183 3.1841 -0.23274
-0.081513 -1.08422 2.32306 -0.588139
-0.683521 -0.823719 0.872218 -0.724355
0.411297 -1.11996 1.15918 0.719926
0.347469 -1.02869 1.06493 0.483009
0.065112 -1.1456 1.06288 0.030284
-0.349571 -1.08193 1.02633 -0.509826
-1.15838 0.007467 -0.38042 -1.91499
1.08723 -0.02504 0.032726 1.71876
1.07173 0.089979 0.04848 2.08156
1.32985 0.619902 -0.634417 1.48838
0.78855 1.13235 -1.43473 0.732307
-0.14577 -4.80733 7.09446 0.505533
3.8396 1.25616 -1.43638 4.72314
-1.30502 -0.242589 0.62372 -1.14903
0.297487 -1.37681 1.48207 1.58663
-0.111794 -1.0657 1.31635 -0.166385
-0.810099 -0.869604 1.30262 -0.614569
2.86016 -0.78798 0.011796 3.61905
0.312426 1.41594 -1.16983 0.380497
-6.39529 11.7317 -5.97777 -4.56132
-1.27815 -0.00125 -0.038446 -1.47816
-0.890792 0.59132 -1.56852 -2.89892
0.834297 -1.5156 1.64788 0.562151
0.212967 -3.12275 1.73665 0.811549
0.100239 1.0991 -1.78931 0.000566
1.1229 0.159486 0.02039 2.03156
-0.440268 -1.06458 1.6263 -0.53897
-1.07281 0.008672 -0.012631 -1.13636
-0.263778 3.4991 -1.8948 -0.609014
-0.12275 -1.22357 2.4162 -0.44618
0.134939 1.62145 -3.12509 0.0822
-0.22742 1.14139 -1.39353 0.085573
0.388635 -1.23859 1.09128 0.182337
1.10921 -0.946789 0.719928 1.89604
-6.50251 3.25645 0.400244 -12.2643
-0.280129 1.56905 -1.94262 0.096154
0.977533 -2.13663 4.65809 1.65809
0.975377 2.60075 -3.16067 0.819543
-1.20558 0.086647 -0.164583 -4.02018
-0.042371 1.73667 -1.19142 0.078517
1.06995 0.179935 -0.003855 1.98044
0.073428 -1.4152 1.37357 0.393495
-1.04644 0.338882 -0.261222 -1.8511
-0.223132 -1.50942 1.98421 -0.20386
-1.30625 -0.408438 0.195441 -2.1024
-12.3801 -0.066661 1.64189 -11.1206
0.872716 -1.21061 2.46522 -0.182469
-3.00544 -0.146562 -0.573548 -4.81627
-0.544643 -1.0518 1.738 -1.41961
1.114 0.048258 0.009132 2.14354
0.607458 2.1838 -3.53897 0.372898
2.41907 -1.42179 -0.841139 3.53817
0.20507 1.76211 -1.87452 0.067922
0.11285 -1.10076 1.12014 0.006964
-1.62139 1.25302 -2.65599 -0.045238
1.05763 -0.644265 0.187846 2.60698
0.040429 1.32264 -5.22686 -0.170778
-1.1237 0.255797 -0.222365 -2.0056
0.010798 -2.0877 1.20904 0.178233
1.07094 -0.046517 0.119897 1.33125
0.110028 -1.3127 1.60722 -0.255514
-0.023766 -1.06296 1.06296 -0.023766
-1.48637 1.30372 -3.67576 -2.50258
2.02757 -0.025354 -0.382391 1.3052
0.242632 1.11646 -1.93469 -0.015428
1.69218 0.549376 0.771417 2.72746
0.354888 2.30007 -2.57888 0.643458
-0.078144 1.37385 -1.45104 -0.01039
-0.825655 -9.35204 9.98206 -4.98988
1.01296 -0.438942 1.05874 2.35935
6.40993 0.593153 -1.55725 4.66595
1.09209 0.833615 -0.080269 2.57957
1.18678 -0.141188 0.059459 2.28599
-0.552167 -1.03733 2.32656 -0.363382
-1.40588 -0.176981 -0.353621 -1.92023
-1.44633 -0.40646 0.14038 -1.52704
2.07761 -0.026655 -0.063379 2.92269
-1.08469 0.197973 -0.18297 -2.05315
0.709457 -0.814066 1.18063 0.688372
1.92364 -1.34257 1.46081 2.33912
-3.55084 1.15181 -0.034963 -9.71914
2.50766 1.12199 -0.900542 3.2325
2.67207 4.17993 -5.26308 0.670186
-0.304106 -2.16783 5.25663 0.065588
-0.971487 -1.23149 2.12915 -0.20828
-0.171211 -2.41658 4.41826 -0.39294
-2.48588 -5.4198 7.87413 -6.04624
-1.18363 -8.94233 9.16902 -3.65324
-3.03761 2.70138 0.343962 -3.14607
-1.30081 0.141041 -0.212024 -1.8075
1.1255 -0.350799 0.31922 1.55728
1.43978 -0.060524 0.244749 1.2227
0.277523 1.02164 -1.22302 0.279911
-1.06539 0.796097 -0.346003 -1.72562
-1.3812 -0.129752 0.513923 -2.00585
1.04831 0.075789 -0.002031 1.64199
-1.24386 -2.80217 4.65364 0.171545
-0.490372 1.23876 -1.25226 -1.77973
0.866484 0.691541 -0.722135 0.80834
2.95505 -0.535105 -0.645693 5.78015
1.05973 0.012931 0.050973 1.91709
0.869217 0.737822 -0.660062 0.99882
-1.06702 0.214598 -0.22753 -1.91445
-0.831851 2.00194 -2.3047 -0.908999
0.195545 -1.05293 1.33641 0.089915
-12.3597 -8.72195 10.1409 -14.2244
-3.46391 0.1447 -0.085335 -2.60187
-0.092325 1.64448 -1.28523 -0.0579
1.36198 0.125032 0.783727 2.07981
-1.59642 0.963221 -4.15769 -0.600259
-0.155929 1.4969 -1.89741 0.253887
-0.086315 -1.22405 1.73039 0.00964
-10.7614 3.59199 1.43211 -12.6872
-0.110856 -2.59155 8.74311 -0.763858
2.30334 -0.224346 -0.123628 2.68209
5.39409 -2.71648 4.96749 2.78011
-2.40497 -1.65758 0.002532 -2.58454
1.18802 1.35576 -4.68986 -0.92635
-1.14566 1.97042 -2.74995 -4.03311
0.314107 -6.88933 8.5504 -4.07196
-151.159 -0.416485 1.91995 -138.179
1.61262 -0.271859 -0.382924 1.56152
-1.07133 -0.05057 0.166711 -1.19497
0.118152 -1.65434 7.05534 -0.423101
-1.3775 -0.154787 0.037969 -1.11137
0.401146 -2.18638 2.96157 0.128035
-0.01926 1.08923 -1.08923 -0.01926
-2.54283 0.540941 0.197209 -2.28986
4.48249 -2.0956 2.93813 3.086
1.58145 0.386194 -0.025574 1.58782
-0.602592 -0.971836 2.98168 -1.12525
-5.38068 14.5882 -21.2492 -1.87298
-1.10766 -0.023774 0.07698 -1.4899
2.68245 0.117943 0.385341 1.31855
-55.7346 -14.42 12.4974 -68.9401
-0.980617 0.406169 -0.807988 -2.66198
0.019366 1.11697 -1.31409 0.241807
2.7735 0.676025 -1.43034 3.42904
1.216 1.93993 -5.21348 0.520712
0.327366 1.49422 -2.8622 0.112189
1.81568 5.50175 -2.86241 2.52487
-0.193207 2.08413 -1.49948 -0.298252
-0.631089 -2.6318 4.57378 -0.029908
-0.351757 2.69051 -2.46219 -0.790684
-2.46311 -0.017733 0.279874 -1.94161
-0.708461 1.20633 -2.13142 -1.24569
-1.39987 1.04581 -1.50787 -1.37033
-0.628268 0.887351 -0.890322 -0.858772
21.9817 -0.495216 -1.5643 20.3759
1.15413 -0.289013 0.136076 1.36934
-3.02023 -0.285949 0.386566 -10.3526
0.62933 0.859186 -1.27444 0.67212
-1.07546 0.550527 -0.34569 -2.41265
-0.160928 -1.93005 1.63414 -0.01167
-1.18011 0.288355 -0.249588 -1.21947
0.118666 1.63622 -1.4611 0.3085
-1.01221 0.776295 -1.29204 -0.771425
0.47099 -2.05351 3.5867 2.0074
0.069784 1.90735 -3.26496 0.068466
-0.724976 0.791039 -1.60291 -1.19571
-0.213796 2.2699 -1.70583 -0.151681
0.738235 -1.10203 4.56093 -0.126895
1.30662 0.913392 -0.63587 1.28948
-0.071025 1.2632 -1.8101 -0.242503
-0.414265 -1.01428 1.38581 -0.591909
-1.32313 -0.285512 0.607715 -1.63334
-0.628208 1.67139 -2.17682 -0.918743
-0.292812 -1.14054 3.07643 -0.237673
-1.2178 -0.017128 0.216721 -1.3905
0.416487 -1.04468 1.6426 1.0636
-2.13275 21.6791 -32.9442 -2.74515
-1.21659 0.197528 -0.550179 -1.98265
1.19557 0.185383 0.04888 1.91608
-0.170148 2.01859 -1.62276 -0.049936
-1.04411 0.262995 -0.243094 -1.75302
-0.032698 -1.08658 1.95549 -0.190107
-1.7107 -0.194161 0.133832 -3.77497
-0.133608 -1.34027 1.78736 -0.160211
-0.146171 -2.0984 3.81981 -0.314455
11.1407 -0.798854 4.46599 40.8802
-1.04473 -0.156568 0.113937 -1.39286
-0.417101 -1.3962 5.7608 -0.387673
-1.82608 -0.545778 1.9239 -1.06385
-0.278139 1.24955 -2.45953 0.167813
0.537018 1.0705 -2.34146 0.305554
1.51235 -0.857613 2.06822 1.55378
-2.13703 0.086463 -0.520307 -3.99747
1.44867 -0.205846 -0.1415 1.19583
-1.08167 0.068231 -0.123051 -2.00789
0.715715 3.61704 -2.66014 2.4067
0.581856 -2.46076 5.21839 -0.699737
0.410836 -9.35946 7.33287 -0.370138
-1.8434 -0.515909 0.424308 -3.88259
-0.022823 -1.29654 1.29654 -0.022823
2.03005 -1.01125 1.90981 1.80096
0.542024 -2.68323 2.63778 0.712268
-0.836512 -0.716604 1.04536 -1.47745
4.15559 7.92326 -7.99537 5.00429
1.18117 -0.874442 0.591027 1.95506
-1.09058 0.801602 -1.16157 -1.53422
-1.24457 0.247301 -0.069379 -3.202
1.016 -1.20514 1.697 0.802845
-1.27241 -1.40143 1.6051 -1.20251
-1.50291 0.234704 -0.099268 -1.92
-1.89465 -0.159319 0.341219 -6.42504
1.17196 -0.048538 0.065815 2.10012
-0.81055 -0.725749 1.05483 -1.26545
-1.32197 0.074053 0.089399 -6.29274
2.04584 -0.479608 0.088898 3.61295
-1.29239 -0.2013 0.070104 -1.45213
0.972205 -1.12655 3.66469 -0.068587
-1.2128 -0.749242 1.33111 -0.802763
0.232768 1.5563 -1.71925 0.251761
1.20065 0.261826 -0.136977 1.27413
-1.19325 0.558051 -0.622495 -2.10997
-16.6151 -3.25057 3.069 -18.8503
-0.811775 -0.857019 2.27292 -0.918673
-0.124708 -1.39164 1.47392 -0.369832
0.783934 -1.24646 1.34208 0.811426
6.47005 -1.87379 3.54479 3.13792
-0.222693 1.49554 -2.20088 0.25433
1.08736 0.110071 0.071063 1.22994
-5.14431 1.09337 1.299 -5.73936
1.11318 0.084729 -0.144991 5.46244
0.06405 -1.07802 1.17388 0.028148
-0.391897 1.98386 -1.19879 -2.17073
0.179187 1.2786 -2.83075 0.033998
1.38253 0.004732 0.102101 1.78679
2.60709 2.64356 -4.13388 5.00822
1.06322 0.005393 -0.056368 1.47493
-0.76388 -0.775304 1.06281 -1.55673
12.0986 1.30455 -3.54311 12.3621
1.26398 -2.15718 1.97792 0.90527
1.07591 -0.830806 0.901918 1.01138
-1.20073 0.086704 -0.141894 -2.0935
6.02274 -1.87762 0.097659 8.15983
-1.09685 0.013134 -0.15892 -2.18971
4.85838 4.08269 -6.87744 5.06647
1.67871 -0.272408 -0.700978 2.64406
-0.04966 1.11391 -1.56868 0.293377
-0.850813 -7.68196 9.9068 -0.572999
-1.9338 0.010651 2.91058 -3.41358
-1.03478 -0.620559 0.692677 -1.16706
1.93752 -3.58377 9.39806 -0.162805
1.40744 0.252314 -0.118445 1.63215
0.146794 2.31618 -1.31725 0.086479
1.34308 0.516712 0.588669 2.18699
0.051928 -2.63035 2.07003 -1.21335
9.78909 1.03054 -0.431161 12.0471
2.88655 -0.363517 0.017349 1.54537
1.34232 3.79855 -7.20904 0.824191
0.185637 -1.3054 1.4101 0.253894
-1.40113 0.202423 -0.020438 -1.6318
-1.72397 0.237813 0.384799 -1.25399
-0.620197 -1.10594 1.27623 -0.640228
0.649494 -2.63641 2.06906 0.229598
1.1003 -0.08897 -0.01262 2.05305
2.13526 -0.355411 1.38398 2.77352
1.68867 -0.83425 0.626377 1.77091
-2.6618 -0.029098 -0.021606 -3.46887
0.902828 0.666643 -0.864215 0.981444
11.5 2.0505 -1.17765 11.9205
-0.172667 -1.957 3.10636 -0.391378
46.8218 -3.81118 8.48226 58.2608
-1.00397 -0.354105 0.527384 -2.26233
2.24552 0.289911 -0.683672 2.3214
-0.754326 0.91309 -1.65302 -0.739072
-0.08059 -1.72681 6.30098 -0.325286
-4.02623 64.1226 -66.5243 -4.73529
-1.23396 0.382921 -0.977115 -3.48953
6.15819 -2.66854 0.880416 9.25068
0.051968 1.06351 -1.21802 0.034295
4.59121 7.23869 -7.87227 7.28569
0.533825 1.20747 -2.64907 0.123017
1.06626 -0.51994 1.82419 1.8248
1.94474 0.951714 -0.438598 3.85509
1.45636 -2.38838 4.25192 -0.090064
0.075994 -1.12909 1.43225 0.440945
-0.807917 1.06822 -2.66254 -0.336088
1.23213 0.142695 -0.205984 1.68785
-0.70908 -1.35224 3.12787 -0.504901
0.150429 4.99415 -2.45594 -0.855739
1.49455 -0.995919 -0.563544 2.55318
-1.04095 0.189717 -0.219437 -1.28896
-2.82352 1.05732 -1.096 -5.23047
1.10213 0.167696 -0.016657 2.12959
-1.05741 -0.091249 0.32092 -3.37488
0.293522 2.14684 -2.22936 0.500665
-0.186728 -1.28767 3.38634 -0.431176
0.922598 -0.775287 0.808651 0.959695
-9.87712 0.077678 0.983102 -17.9353
0.000553 -1.12994 1.20929 -0.061543
-1.21365 0.522173 -0.395368 -2.25877
0.250255 -1.52179 1.81355 -0.016105
1.04174 4.34994 -5.99296 0.852206
-2.08461 -6.79401 8.46393 -2.54873
-0.538079 -1.715 3.48348 -1.33181
1.02424 1.67579 -2.57569 -0.055685
-1.31663 -0.09868 0.111809 -1.70516
-0.01308 2.94091 -2.49815 0.040664
-0.141282 -1.03863 1.19946 -0.168638
-0.494932 -1.13741 3.13263 -0.247134
-5.85131 5.63456 -6.27998 -5.47624
-1.09595 0.062844 -0.081001 -2.22182
-1.52725 -1.78349 2.31412 -1.02356
2.43185 -0.727751 0.571889 2.84973
3.71006 -0.784961 1.26645 3.43507
0.484414 1.23878 -1.23516 0.139678
1.90185 -0.129543 0.448619 1.0395
1.09669 0.229208 0.018538 2.07895
0.950538 0.789404 -0.679863 1.01324
-0.208395 1.83187 -1.17828 -0.59158
-0.496093 -1.04735 2.95719 -0.301439
0.165224 -1.23698 1.26564 0.346467
-0.908551 -5.22025 7.16142 -5.40447
0.399258 -1.06021 1.16834 0.582879
1.22276 -0.213594 1.0432 2.0121
-0.288851 1.23055 -1.13239 -0.368193
-1.15311 0.32432 0.14433 -1.6771
0.185877 1.0519 -1.24142 0.260937
4.46327 -3.80323 8.08764 2.58617
-1.50271 0.009081 0.190897 -6.83136
1.86025 4.33629 -6.32864 1.82196
-2.73132 -0.376948 0.998108 -2.03427
-0.243799 1.09673 -1.9291 -0.400577
-2.35106 0.026003 0.288655 -4.01626
1.44027 0.868695 -3.66975 0.688416
-1.04599 -0.181571 0.069663 -1.63367
1.80664 -0.197402 -0.113395 1.6419
4.83325 -2.38521 3.44114 6.11565
-1.07309 -0.467522 1.10876 -1.21193
-0.960112 -7.12686 5.85113 -1.69568
-4.17495 1.0011 -0.994299 -4.25615
0.55386 1.3216 -1.03957 0.310793
0.275569 -1.94498 1.83847 0.075174
-0.425965 -1.34626 1.8164 -0.121581
-0.802689 -1.11058 1.16488 -1.6119
0.818835 0.708936 -2.02601 1.9168
-1.06966 0.051878 0.009108 -1.69923
0.869335 -1.03805 0.943161 1.09673
0.468296 1.48576 -1.21727 0.487203
-0.752932 -0.908373 0.911012 -1.25691
9.53577 2.85426 -4.10103 8.34606
-1.56156 -0.446574 0.006479 -3.44723
1.92456 1.34588 -0.593215 3.94631
1.34192 -0.257104 0.031973 2.15863
-0.656609 1.69664 -3.32546 -0.109018
1.60717 -0.862916 2.25838 1.43762
0.882991 -0.997417 1.56942 0.459294
-0.235277 -2.50183 4.65418 -1.04312
-1.07534 1.07752 -1.23447 -0.810829
-1.27528 -0.544864 0.833091 -2.76811
1.54722 0.253182 0.071777 1.64413
-0.149627 1.08518 -5.34986 0.163684
1.58246 -0.140835 0.161102 1.37487
1.31223 1.88298 -4.77448 0.452114
-1.73366 0.478402 0.089046 -1.55373
8.97075 -1.65083 3.384 9.02061
-1.09555 0.289909 -0.237278 -1.95305
-1.84047 -0.99879 1.30732 -1.85749
-1.18792 0.024256 -0.073457 -2.01227
19.857 -3.71749 -0.58845 31.1735
1.0775 0.0277 -0.162099 1.49881
6.39873 -1.93986 3.0936 3.80409
-1.09344 0.263657 -0.227624 -1.54815
0.198272 -5.37547 2.7998 0.853628
-1.13927 0.050529 -0.072392 -2.21892
-1.82519 -0.0221 -0.007284 -1.49699
1.33023 0.120152 -0.233889 1.04991
1.05964 -0.071566 0.085977 1.77913
-1.46428 3.06064 -2.37681 -1.95289
-2.7132 -0.023044 -0.17303 -3.38936
2.8818 -0.614174 0.389283 1.97563
1.24327 0.255751 -0.057896 2.34813
0.479521 1.3241 -1.91656 0.415045
1.36077 0.120662 -0.016168 2.40716
-1.50341 -1.01853 0.490092 -1.19732
1.67109 -0.864151 0.358118 2.72449
0.938617 -12.362 12.5717 -1.30564
0.114224 1.16724 -1.497 -0.034723
1.07088 -1.0009 0.846504 1.11999
-1.59939 -2.3975 7.22774 -0.846318
0.681902 1.70479 -1.64811 1.07323
-1.07932 -0.293781 -0.0802 -4.19505
-1.13885 -0.03391 -0.018853 -2.14823
-1.0703 -2.1259 4.71447 -4.82232
-0.591375 0.879446 -1.4488 -0.795314
0.463649 -3.08248 5.77998 0.440991
-7.47858 7.26861 -9.88737 -8.48896
-3.21448 -0.671156 0.971293 -6.83842
-0.130787 1.43324 -3.14704 -0.52504
-0.134148 1.0589 -1.60915 -0.025243
-7.82081 -0.020403 0.991602 -3.92661
1.19511 -0.145357 0.252286 1.62321
-0.921515 0.629203 -0.840485 -1.18755
-1.20211 -0.627699 1.57533 -1.44219
1.27816 0.783147 -1.87136 1.12293
-1.06352 0.280592 0.040566 -5.22299
1.49541 0.210429 -0.560161 1.51899
0.505626 -1.09906 2.73609 0.214734
0.31422 -1.12064 1.95499 0.721705
1.35464 -1.60327 4.24058 -0.038126
-1.16034 0.145383 -0.074944 -1.85459
-1.00623 -0.573275 0.489887 -1.99747
1.96641 -1.35604 1.95471 1.54586
-4.93419 -0.695431 0.765353 -9.6349
1.0673 0.388903 -0.155411 1.84124
1.05889 0.229709 -0.109308 1.43883
-77.4606 -12.085 12.8743 -87.9075
1.27521 0.303768 -0.055718 2.29836
1.78 0.238898 0.448596 2.02777
1.61092 -0.072713 0.160066 2.07584
2.61464 -1.53371 1.99473 1.98341
1.3104 -3.71733 2.64784 0.10241
-0.134022 2.64998 -3.34074 0.150509
-1.77324 0.584647 -0.434813 -1.40149
-0.46766 1.12656 -5.46713 -0.016207
16.4951 0.177239 -1.44237 19.078
-1.45116 -1.77566 1.31757 -0.518013
2.52448 -0.483301 0.247959 1.45893
0.678015 -1.78579 2.59192 0.882544
1.04382 -1.0175 1.39908 1.19164
1.04423 0.3375 -0.239613 1.30903
0.116035 1.15744 -1.16551 0.10372
-0.369645 1.56969 -1.27277 -1.80197
0.255825 2.19913 -2.53001 1.02688
-1.22212 0.019036 0.53397 -1.48925
0.878041 1.78578 -3.18434 -0.845129
1.12106 -0.645509 0.091204 2.54969
-0.317463 -1.28701 3.17859 -1.27576
-1.23592 0.189517 0.525482 -2.00906
1.74643 0.921079 -1.68032 1.93158
0.047681 -1.91947 1.43007 -0.946187
-0.078136 -5.40047 7.24401 -0.384624
-0.587574 2.33133 -2.80511 -1.44343
1.71273 0.129751 -0.104636 3.77773
1.3189 -0.861198 0.577751 1.46153
-2.75393 -1.78355 0.273204 -2.9502
1.77746 3.24384 -6.58291 -0.50777
-0.733099 -1.15962 1.42033 -2.0695
-5.38664 -10.9278 12.1516 -6.57652
1.0597 0.407009 -0.16215 1.72528
4.0535 -0.960413 2.21064 2.45049
0.152049 -3.37056 2.69992 0.776785
0.358561 1.05413 -1.37177 0.263859
-1.08124 -0.174221 0.121209 -1.8812
1.39665 -0.548825 0.309644 1.96948
0.26204 1.74859 -2.40014 -0.00357
1.41379 -2.15325 4.91155 -0.346949
-1.56949 -1.00316 1.22352 -1.15934
-1.32743 -0.00533 -0.108947 -1.6481
-5.97674 -0.170551 1.01066 -7.13809
0.503497 2.35625 -3.66934 0.201578
0.275936 -1.50126 2.19484 -0.218032
-1.30416 -0.687908 1.3525 -0.944167
0.881891 0.737319 -0.737319 0.881891
-0.672848 -1.11311 1.39517 -0.393684
0.669265 0.883803 -1.28226 0.773318
-0.090932 -1.12813 1.35376 -0.124461
-0.718561 1.07056 -1.02256 -0.511411
-8.15078 8.37938 -9.40749 -8.9149
0.361902 8.9042 -10.2039 3.14954
0.767227 2.47317 -1.79446 0.167853
-1.06971 -0.300292 0.171844 -1.71757
0.446982 -1.29585 1.61082 0.484161
-1.08521 0.849402 -2.14789 -1.59911
0.458091 -1.32923 1.07568 0.838984
-3.82105 -2.71906 3.23118 -2.28187
1.14422 0.270566 -0.494221 1.19383
0.83302 -0.845899 1.2148 0.837237
-1.47453 -1.18552 1.77583 -2.75759
-1.07536 0.328897 -0.892469 -2.7865
19.6113 -5.67537 4.22161 22.2123
-1.01376 -0.432016 0.795949 -1.11894
-1.42186 -1.83113 2.58887 -1.91159
-1.41372 -0.48081 0.571358 -0.999376
1.22465 -0.126586 0.112587 1.42012
1.74966 -0.22152 0.412043 1.38777
0.122505 1.93467 -1.79693 0.298577
0.297658 -2.17886 3.68567 -0.02831
0.462134 -1.06708 2.29069 0.517138
1.43328 -0.518574 0.307586 1.58224
-1.221 0.326309 -0.383271 -1.51474
-3.38998 0.768954 -0.247116 -9.608
0.464019 -2.65166 2.04407 -0.071737
-0.171663 1.18507 -1.1414 -0.365047
1.99774 0.814936 -1.03211 2.04828
-1.901 -3.65576 4.08965 -2.50543
0.843299 -0.993555 1.05722 0.744615
1.46228 -0.492515 -0.104965 1.72477
-0.084765 1.44466 -1.33753 -0.331282
0.084399 -1.05974 2.32034 -0.187863
1.40827 2.37456 -1.96243 1.27884
-0.886583 1.38693 -4.71594 -0.365143
-0.494559 1.02828 -0.952829 -0.507052
1.02046 -0.977184 1.64314 0.882241
-1.37087 0.126555 -0.289969 -1.47648
-2.97132 -0.536191 1.49769 -1.28885
0.496928 -1.10992 0.965249 0.663313
0.31847 1.813 -3.36882 0.085954
-1.41107 0.058037 0.069874 -4.99936
1.05725 -1.0733 2.39271 0.279485
1.38165 -0.412025 1.26717 1.47537
-3.87939 -0.31579 0.347951 -5.14212
-1.25649 -0.334673 1.51371 -1.63847
0.386686 -1.01243 2.09443 1.08983
-1.25443 0.373369 -0.369389 -1.41998
0.041227 -1.96404 1.12019 0.202447
1.08765 0.214022 -0.048169 1.8778
-0.574002 -1.32359 2.6485 0.024438
1.98419 -0.766361 0.434907 1.59215
0.829898 0.890638 -0.739248 1.32493
-1.05423 0.70146 -0.367603 -2.12573
-1.15253 0.632699 -3.80584 -1.81167
0.019598 -1.8594 1.39854 0.036045
-3.77828 4.04328 -5.18308 -3.16671
0.515454 -1.09334 3.90843 -0.182066
-1.2466 -0.513008 0.810899 -0.947972
1.07665 -0.193059 0.165124 1.93261
1.47835 0.880904 -2.60875 0.64173
-2.57811 -1.893 0.610911 -3.18338
1.05493 -0.073855 0.056673 1.47523
-0.044841 -1.08848 1.08848 -0.044841
-2.65732 2.15644 -0.611791 -5.04691
-0.705094 -1.0041 2.24205 -2.02163
0.964631 3.8266 -10.8427 -0.192198
-1.2806 -0.436776 0.886433 -1.4082
-1.92522 0.219911 -0.210972 -3.9087
-3.58075 4.21055 -5.5399 -2.09624
1.88955 1.28358 -1.62391 1.05302
1.68431 -0.057463 0.040444 3.94698
0.80474 -2.01893 1.31759 0.202093
1.42818 0.89673 -3.69944 0.754386
-0.210957 -1.15478 1.28427 0.011666
-1.32535 -0.458558 0.661047 -1.41825
0.369189 -1.3167 2.28485 0.204247
-1.20162 0.26088 0.102529 -1.89491
-1.45717 0.425916 0.161043 -1.74241
-1.02398 0.341611 -1.12962 -2.09025
1.0331 -0.748616 1.59636 1.00529
-0.852497 -14.5869 18.4256 3.17472
-1.70915 0.171413 -0.117715 -5.02726
-0.15558 -2.21696 1.4087 -1.09247
-0.136315 -1.1058 2.00654 -0.45173
1.04164 -0.33404 0.157744 1.49234
-1.21228 -1.00936 1.93652 -1.88121
1.29599 1.93671 -1.50831 1.28234
1.3957 -0.239744 1.13855 1.85058
0.955648 -0.47744 1.41538 2.37456
-2.10827 -0.525374 -0.196814 -2.78985
1.139 0.068777 0.000364 2.1474
-2.82558 -3.58993 5.38389 -2.46951
-0.590354 -0.927678 1.01702 -0.511765
-1.94544 0.707771 -0.663294 -4.08906
-2.42855 3.31923 -5.06902 -2.52373
-0.504488 1.46672 -1.99525 -1.16226
0.22143 1.09838 -3.03388 0.160207
1.94559 0.763539 -0.528158 2.09953
-24.0929 -1.62676 1.98592 -36.8124
0.104742 1.1563 -1.08288 0.087178
0.368968 -1.96525 2.04241 -0.194238
-0.408765 -1.94702 6.40542 -0.716568
-0.084356 1.21819 -2.09766 0.956578
0.44978 -1.54587 2.21914 -1.09044
0.363351 -2.91773 1.95637 0.957296
1.03707 -0.22649 0.093167 2.41008
1.46291 -0.806286 0.178079 1.84124
-2.61877 6.36337 -8.1191 -1.76011
-0.89155 -1.83706 2.57018 0.282873
-12.672 -3.15016 2.1863 -11.4403
1.08577 0.013229 0.079097 2.009
1.72169 -0.729237 -0.583946 2.06847
0.427915 -1.11016 1.08687 0.688522
-0.021114 -1.07071 1.78678 0.054596
-0.178379 -61.9745 45.9142 -2.75997
1.06424 -0.390808 0.600348 1.08197
1.39363 0.585296 -0.344933 2.92877
-1.21919 0.407995 -0.031987 -1.69639
1.18929 0.033789 -0.377215 1.35993
-8.24717 6.43014 -4.17806 -7.20866
-1.56045 0.133733 -0.431959 -3.97545
1.24273 7.04563 -7.4567 0.94639
-3.24637 1.19077 -1.2765 -5.33371
1.5222 1.02811 0.018564 3.10629
1.22578 -0.01145 0.89762 2.24073
1.49221 0.276829 0.733045 1.57432
0.679042 -0.94231 0.988149 1.50565
0.886814 -0.915748 0.872015 0.753745
1.06694 -0.038967 0.13263 2.10814
2.39292 3.7229 -8.9161 -0.572094
-1.09442 -0.398817 0.416258 -2.81507
-0.299744 1.23826 -1.37702 0.151986
-5.68427 -2.27849 3.68297 -5.26521
-1.53917 0.467641 0.200655 -6.94327
0.02845 18.0927 -17.7438 1.54959
-0.474025 -1.65311 1.47456 -0.185732
-0.007663 -1.84165 1.83933 -0.001018
1.05752 -0.212012 0.067814 1.50254
0.793281 -1.26246 0.860906 1.87998
1.25677 0.587598 0.420816 2.31641
-1.20189 0.592675 -0.340613 -1.5868
0.254239 -5.86454 3.26253 0.989684
-3.14005 2.89529 -3.02261 -5.51983
0.312411 1.10917 -1.51568 0.916966
1.01253 3.87696 -4.58078 1.90202
-54.2897 -3.8233 5.13923 -40.255
1.61027 1.60121 -3.51896 1.17679
0.9949 0.991194 -3.34981 3.26653
4.76722 0.382569 -2.19986 1.46685
-0.236814 1.13801 -2.1282 -0.006183
-0.295734 1.3232 -1.69653 -0.158435
-3.92256 -0.756173 0.097223 -6.48183
-2.57117 -3.17512 2.93095 -2.70957
0.178225 1.16174 -1.51081 -0.23608
1.3112 -0.637989 0.486866 1.74689
-11.4818 2.74869 2.86109 -17.2463
-2.45321 -4.97808 5.91752 -3.23537
-0.594672 1.16646 -1.93728 -2.98072
-1.45549 -0.600208 1.35203 -1.68046
0.093504 1.17402 -2.3166 -0.311206
-1.88635 0.587532 -0.94071 -2.90259
1.18741 0.015141 -0.106484 1.73838
0.249915 -1.13881 1.37074 0.621936
-0.170835 -1.04476 1.60567 -0.174326
1.26505 -0.219954 -0.438531 1.60638
0.602655 3.81774 -3.05002 0.402937
-0.082495 -1.11431 2.38599 0.101162
1.38218 -1.44201 1.53109 1.15479
0.066565 -1.16622 1.0645 0.089361
0.322898 1.05992 -2.06083 0.233792
0.193754 1.5467 -1.26499 0.092923
0.877665 -0.670947 0.814847 1.13292
-1.17031 -1.70594 2.61125 -0.720336
2.95264 -0.264042 -0.317522 2.24574
-0.947806 -0.990117 1.84921 -0.394773
-1.44269 -0.870344 1.40928 -0.940697
-1.3259 -0.345478 0.469998 -1.61658
-4.98554 -2.63261 2.59561 -3.23356
-0.539086 1.11283 -1.78752 -0.517968
-3.11066 -114.262 97.771 -15.5547
1.36276 0.119507 0.186964 1.46402
-0.745376 -1.25954 0.836171 -1.42305
2.07508 -0.112797 1.78711 3.00701
2.68984 3.19245 -3.21551 0.517882
-10.1532 -2.02282 3.2161 -11.5623
0.790086 1.84631 -1.87799 0.756304
-0.234321 1.83101 -1.99959 -0.57338
2.32448 0.550917 -1.76221 0.999716
-1.79603 0.72793 -0.853752 -2.20576
-1.03898 -0.14717 0.174387 -1.52217
19.6819 -0.921154 1.4656 19.578
0.643766 -1.68849 2.11736 -0.991222
2.18373 -1.32603 2.95194 3.94143
-1.70143 -0.856769 0.540505 -4.03425
-1.0878 -0.739026 0.840542 -1.54978
-2.63891 1.1215 -3.25743 -3.03351
0.169265 1.13082 -1.33751 0.185285
0.040678 1.83279 -1.07712 -0.048072
0.524108 1.30461 -1.50181 0.456198
-1.24043 0.450959 -0.397329 -2.07994
-0.091962 -1.46253 6.5361 -0.558332
1.63786 -1.04349 1.87747 1.29135
-0.095532 1.45175 -2.27768 -1.26314
-0.18777 -1.6695 1.35509 -0.456437
-10.6074 6.73989 -6.50447 -9.15895
-91.6165 -29.0396 34.2822 -111.6
-3.42886 2.13478 -3.6447 -2.83601
1.03859 0.415334 -0.19428 1.54934
-5.1295 -2.11549 4.51762 -3.48035
-0.710177 -0.812404 1.00317 -1.14141
0.153336 1.16653 -1.39385 -0.21587
-1.09346 0.098499 -0.162601 -2.11282
-0.010641 -1.30854 1.03709 0.044459
0.01097 1.49703 -1.82517 -0.019077
-2.55097 -0.210139 0.31609 -3.27799
-0.756173 -1.13627 1.25595 -1.69727
-0.122572 2.1153 -3.82065 0.166244
-0.171446 -1.74052 4.53689 -0.308824
-0.098142 1.36388 -1.06583 -0.052724
1.73647 1.08621 -0.405786 4.43225
2.56934 1.33088 -0.888767 3.11722
0.321399 1.47318 -1.36384 0.160455
-1.47891 -0.295817 0.095451 -1.29998
-0.27626 -2.47608 7.12471 -0.474657
0.529495 -1.9177 2.01238 0.082567
-0.123031 -2.44373 2.02426 -0.647961
-1.15199 0.554738 0.303199 -2.557
-1.11348 0.001633 -0.035051 -2.14408
-1.07413 -0.629352 0.362641 -1.14632
2.24697 -0.599805 0.482616 1.47362
-6.62623 5.73127 -8.48827 -5.51174
-0.448785 -1.69231 8.42944 -0.529849
-1.26417 0.488019 0.015024 -1.5374
-1.06348 -0.274548 0.130957 -1.26222
-0.034369 -1.28826 1.28826 -0.034369
-0.799993 0.806065 -1.93762 -1.15339
-0.453487 -1.15405 2.7441 -3.12123
-0.206197 1.67262 -1.57653 -0.176111
-1.57002 -0.258567 -0.293272 -1.69523
-0.025883 1.33661 -2.08365 0.911497
1.49368 -0.806684 -0.14232 1.57448
-1.34334 -0.431232 0.315674 -1.73566
-0.942691 -1.64371 3.63545 -0.549543
0.432361 1.10517 -1.26765 0.686358
1.11023 0.079725 -0.18666 1.09789
1.24024 0.441123 -0.183973 1.3167
0.86857 -1.11137 0.688423 1.88676
2.17108 -0.461327 0.33017 1.28139
-0.135648 1.91584 -1.47387 0.018937
1.22758 0.820819 0.289384 2.82383
-1.28006 0.239826 -0.717194 -2.08762
-0.069247 -1.16851 2.25359 -0.311863
3.82201 -0.460021 0.857954 1.91742
-0.058885 -1.06446 1.06446 -0.058885
0.070049 1.44277 -1.24404 0.02532
-0.99357 -0.55304 0.758146 -1.04966
1.26375 -0.263258 -0.013404 1.54262
-1.05978 -0.006409 0.28603 -2.71163
-14.7987 -14.8219 13.5434 -17.4901
0.136729 -3.64378 2.04321 -0.079194
2.97167 -5.37214 6.45543 2.18791
-1.66498 -1.38777 0.537723 -2.91278
-0.088258 -1.21105 2.47363 -0.350568
-0.139618 -1.24444 1.07547 -0.054398
1.67313 0.634518 -0.200319 4.48539
0.023458 3.29843 -3.40002 0.038454
1.1032 -0.608656 1.7825 1.26869
-2.63659 0.529746 -0.38436 -3.38043
-0.003262 -1.0627 1.52155 -0.156607
1.10878 0.41813 -0.164696 1.92966
-0.43227 1.44673 -1.44673 -0.43227
-0.066102 1.53321 -1.71244 -1.50996
0.038772 1.65107 -1.6055 1.14186
0.655134 11.0182 -12.0687 3.07379
1.57525 -0.983615 0.995781 1.03036
0.454234 -1.39305 3.29628 0.089698
-0.187041 -1.15212 1.90698 -0.227891
-0.015727 -1.48566 1.61051 -0.080122
-1.01582 0.431997 -0.59925 -2.14395
0.638139 0.969254 -2.39969 1.82451
-1.60814 -0.455547 0.036454 -1.56758
1.30957 -2.97124 2.59684 0.695918
-4.42414 -1.63193 2.81543 -4.46187
0.946893 0.550231 -0.550231 0.946893
-1.00236 0.424121 -0.359486 -1.06463
0.048318 1.1273 -1.33087 0.242293
2.48785 0.293487 -0.180307 3.19435
-1.10556 0.847532 -0.76544 -3.67283
-0.066983 -3.11067 2.74104 -0.056182
1.25216 -0.306712 0.705155 1.22803
-0.315762 -2.05896 1.58776 -0.273975
1.96011 -2.75046 2.41325 2.67814
1.2508 0.541301 0.065166 2.06365
5.65171 -6.15311 8.84722 4.34538
1.08135 -0.030371 0.116815 2.04815
0.018483 1.42565 -1.22968 0.017472
-1.94326 0.875722 -0.433051 -1.83342
-1.58688 -0.501608 0.379272 -1.15079
1.78797 -0.981304 0.76058 1.31859
-1.15969 -0.552265 0.385066 -1.36807
1.91642 0.084697 0.962234 1.89141
-0.978334 0.401096 -0.445215 -2.19977
-0.105948 -1.09621 1.69899 0.174219
3.18864 -0.786115 0.083816 3.58794
-0.068733 1.10018 -1.12371 0.036309
1.16939 0.286112 -0.017135 1.32392
1.45339 0.000566 0.124652 1.86447
1.111 0.002792 0.048782 2.0108
-0.898649 0.63142 -1.55476 -2.0024
-1.39348 0.269762 -0.612894 -3.26087
1.11294 0.161402 0.004819 2.09159
0.678886 1.77319 -2.67924 0.102341
-0.111724 1.44698 -1.24546 -0.051716
-0.344122 -1.34916 1.71093 -0.638403
1.38765 -0.56519 -0.543276 2.55162
-1.12337 -0.294723 -0.042124 -2.26409
-1.19642 -0.484319 0.200973 -1.47669
1.21172 0.14852 -0.760989 2.13485
-3.34794 -9.09085 9.17258 -4.93239
0.095383 1.49702 -2.34837 1.68942
0.458339 -1.73731 2.21881 0.787015
0.118784 -2.98277 2.4999 -0.282442
-1.07629 -0.297819 0.29272 -1.36392
-0.062553 -1.61498 1.80911 -0.355886
1.55608 0.401344 -0.438053 7.23597
-0.157279 -1.05201 2.11148 -0.629745
0.300325 1.50227 -2.87094 0.513306
1.50187 -0.109532 -0.201829 2.40987
1.15088 0.592455 -0.105554 2.04693
5.03865 -1.64432 3.22889 3.63463
1.1448 -0.243003 -0.199813 1.69079
-5.92753 0.551413 0.13411 -6.41661
2.61429 -1.68336 2.02649 2.1452
0.32361 -3.0432 2.75691 0.775211
-1.06293 0.166692 -0.157425 -2.07097
-1.12274 -0.311478 0.179034 -1.08257
1.13837 0.318144 -0.188899 2.04946
-2.25117 -1.29389 0.175746 -5.23597
1.87867 -0.13242 -0.308341 1.51249
-1.98391 0.447661 0.040685 -2.35795
-0.541025 -1.32482 3.18304 0.82405
-0.288956 2.29961 -1.66597 -0.385671
-0.095689 1.06839 -1.11863 -0.035383
0.296956 1.43601 -1.13278 0.110784
0.211999 1.19255 -1.51316 -0.262866
-1.27279 -4.55096 5.15086 -3.66394
-0.308505 -1.37684 1.96469 -0.266268
-5.89196 3.21385 -2.73485 -4.77177
-0.100199 1.30024 -1.16522 -0.379478
2.89033 2.15228 -4.16324 2.47195
5.50349 5.12653 -6.49734 14.0454
-0.488132 2.10765 -6.61479 -0.233691
-1.16617 0.005587 0.578571 -2.02922
0.7691 -0.964468 1.27281 0.481279
1.05421 -0.583083 1.29329 1.01085
-1.91461 0.489214 -0.584011 -2.81608
1.06673 0.378645 -0.154735 1.7939
-1.06603 -0.098271 -0.012262 -1.50829
0.827162 -1.13553 0.780168 1.89016
-0.254387 -1.0422 2.9003 -0.19254
1.07248 0.063585 -0.017817 1.17939
0.357185 -1.06999 1.01168 0.382763
3.02853 0.839861 0.038655 5.26976
0.160719 -1.5722 1.72849 -0.41369
-1.09218 -1.24441 1.649 -0.740522
0.778779 -0.779573 0.917178 0.713007
0.066855 -2.30856 1.68571 -1.02409
-1.25198 0.750385 -1.99486 -2.09141
1.37313 0.471904 0.632105 2.04702
-23.8273 -2.70486 2.58207 -41.9453
1.65796 -2.04285 1.4235 0.059021
-0.33829 1.55302 -3.82024 0.046349
-0.020033 1.7298 -3.60327 -0.042594
0.135892 1.37077 -2.31904 0.069608
-4.07155 -0.736716 0.37955 -9.36243
1.19564 0.306671 -0.009917 1.31806
-1.16051 0.271845 -0.266147 -2.0222
0.055149 -1.10992 3.80738 -0.48526
-2.45741 -11.1743 12.1511 0.174046
-1.40453 -0.36338 0.25169 -1.55701
1.66874 0.002748 -0.246643 1.05747
1.16441 0.092778 -0.697299 2.04643
0.525085 -1.08973 1.25351 0.404695
-0.472334 -1.92802 2.08553 -0.582265
-1.57467 -1.66695 1.26592 -0.62552
0.768675 -4.02162 9.77833 0.287066
-0.510859 -1.28965 3.48253 -3.90264
-1.26198 -0.273315 0.260272 -1.62265
2.08615 -0.903732 0.2038 2.49393
-1.14997 0.048313 -0.147952 -2.15998
-29.8488 -2.02933 2.39061 -39.0434
1.0795 0.098554 0.039391 2.12942
-0.043656 1.43617 -1.45026 0.070845
-1.13541 -0.005458 0.065113 -2.11996
2.5672 0.109485 0.791323 1.59346
-0.809624 -0.971039 1.73302 -0.433463
-1.60165 0.071635 -0.179348 -1.76492
-1.07989 0.066045 -0.012228 -1.42533
0.458427 -3.33347 1.94688 0.176564
1.54189 0.366673 -0.465377 1.44193
-0.300108 -1.35683 1.95271 -0.290734
-0.109866 -1.43272 3.60546 -0.323128
-0.596862 1.11675 -1.14513 -1.70071
-0.808996 -1.31727 2.4725 0.148143
0.050936 2.29882 -1.31937 -0.026087
-0.330242 1.35952 -1.52084 -0.165048
1.67175 1.85534 -1.10094 2.17424
-0.76761 0.986108 -1.53692 -0.670639
3.34058 0.608987 0.50136 2.09168
-0.04592 -1.18878 1.17237 -0.273723
1.93426 0.883913 -1.70423 1.86457
1.3867 -0.542061 0.099694 2.888
-1.50205 0.800746 -0.844684 -2.36739
-0.454554 4.74589 -4.0458 -0.850556
-3.42425 0.014714 -0.385276 -6.35858
-0.373719 -0.993127 2.89369 -1.56607
-1.05143 0.19134 -0.157215 -1.77026
-0.910195 -1.65991 1.77873 -1.87736
0.504201 -4.22676 6.7747 0.181824
-0.011996 -1.15336 3.89347 -0.145626
1.15404 -0.608664 0.488568 2.90075
2.66138 0.701631 -1.07304 3.89217
-0.357624 1.47045 -1.51585 0.107576
-0.731891 1.27642 -1.00355 -2.17802
-1.04085 -0.221538 0.920045 -2.50662
15.2428 0.713356 -3.26542 15.9784
-0.728714 0.912831 -1.28009 -0.763708
1.32013 0.157017 -0.024316 2.2936
1.75006 -0.597007 0.19529 3.12387
-1.08446 0.079848 -0.101956 -1.94059
-0.199045 1.49037 -1.46763 0.022572
-1.18465 -0.291592 0.763302 -1.213
-1.02517 -0.655591 0.451051 -1.02575
-2.79955 -0.921726 1.10249 -3.18684
1.08436 -0.091791 0.077885 1.67588
-1.51997 0.00733 -0.10752 -1.72802
-1.03712 0.353811 -1.01826 -3.24664
0.00586 1.19278 -1.19767 -0.031137
-0.169197 -4.66033 1.57499 0.686455
0.54632 1.2698 -2.05451 -0.21316
-1.057 0.010969 0.29891 -2.15212
-5.15416 4.66871 -7.13802 -4.21848
0.133387 -1.09962 3.71958 -0.09466
0.276928 1.9126 -2.60823 0.121005
1.43331 0.730399 -0.601185 0.898722
-1.53029 -0.547548 0.566145 -1.94355
0.334225 -1.18754 1.12941 0.588905
0.120638 2.02046 -1.13912 0.074801
-0.051829 1.59132 -1.05533 -0.201672
-0.954984 -0.583111 0.923624 -1.01198
0.505539 -1.63588 2.64725 -1.61725
0.091751 1.07652 -2.55994 -0.080104
1.27858 0.295986 -0.767338 2.19492
-1.15553 0.092243 -0.151135 -2.11282
-11.8368 -4.95439 3.85059 -11.1868
-0.25065 4.44075 -2.32399 -0.924793
1.54786 -0.089441 0.179745 1.16114
-1.82427 0.879006 -0.494748 -3.4705
3.31012 0.188056 0.674562 2.14618
0.098399 1.21608 -2.19645 1.1735
-4.21964 0.906076 0.117978 -4.34887
2.98001 -0.580814 -0.913976 7.69957
0.260148 1.20474 -2.08108 -0.19783
3.21253 -0.175875 0.760692 2.31199
0.910135 0.54613 -0.589149 1.30089
-3.01959 -0.966695 0.421955 -5.56079
0.720127 -1.37448 2.67571 1.56196
-1.04273 0.228611 -0.258545 -1.17571
6.90512 -0.13203 -1.05331 5.40352
-0.483343 0.931371 -1.99148 -0.830184
0.913001 -0.956653 1.80238 1.50161
0.500279 -1.42476 2.19799 0.659769
0.153863 -1.37645 1.95379 -0.037178
0.248289 -1.18589 2.94091 -0.007212
0.601444 1.14086 -4.5189 0.165149
1.54008 0.293476 0.775313 2.54369
-1.04581 -0.692315 0.312069 -3.72868
1.02707 -0.359282 0.349478 1.84446
1.21169 0.223725 -0.543046 1.19207
-1.04236 -0.165927 0.166722 -1.29115
-0.130973 -1.14724 1.28568 -0.042129
0.62906 -2.04285 2.9825 0.760195
-1.28074 -0.019718 -0.070685 -1.50996
-1.0576 0.320611 -0.258466 -1.86256
1.64264 0.373762 -0.310295 1.3319
-0.681539 -0.962332 2.23862 -0.535764
0.669065 1.64824 -1.38262 0.512022
-6.36588 8.06633 -10.3161 -6.34174
-1.22356 -0.522832 0.473442 -2.93157
-0.771232 1.32075 -3.81193 -2.25305
0.863155 -0.67254 0.96621 1.52614
-0.143381 1.31772 -1.60459 0.228198
-1.47929 0.397902 -1.19472 -1.18858
-1.06986 0.341957 -0.790847 -1.48095
0.017055 1.25567 -1.69334 0.846588
1.05213 -0.378753 0.481183 1.43881
-1.14961 -0.455527 0.360459 -3.14164
-2.1431 0.654624 -0.133093 -3.70255
2.65015 -0.268472 0.249782 3.45859
-1.39309 0.536979 -0.226364 -1.61221
-0.38665 -1.49221 1.04782 -0.489456
-0.240405 2.37158 -5.3146 0.091797
-1.43603 -0.408214 0.599861 -1.30725
0.168415 -1.08715 1.73076 0.223489
-2.85169 -0.110794 0.482603 -2.54664
-1.44709 6.05484 -8.05629 -0.641492
2.41327 0.246352 -0.073793 1.73115
-0.036393 1.76118 -1.07142 -0.201274
-1.36115 -0.437623 0.321821 -1.80753
-9.03866 -1.95632 3.61295 -11.2048
1.05361 -0.027264 0.195377 1.90377
-1.1673 0.737339 -0.995236 -0.76827
-1.25493 -1.48222 2.86523 -0.662484
0.941775 -0.850939 0.734243 1.61669
0.59307 -0.895537 1.48409 1.38891
-5.89335 2.79876 -3.15045 -5.87642
-0.0792 1.04452 -1.26123 -0.212168
-1.30434 -0.581373 0.217608 -2.03799
-33.1811 -134.51 147.485 -31.634
-0.119138 -1.47697 1.25864 -0.648323
1.36223 -0.306426 0.549906 2.33712
2.02688 1.4171 -0.50995 2.63598
-1.10676 0.149238 0.157444 -5.21741
-0.229832 1.64173 -1.38231 -0.091912
1.15434 -0.10833 0.15993 2.11205
-0.01855 1.27405 -2.26006 1.09851
-2.12837 0.176196 -0.169088 -2.63831
-3.96562 -0.537454 1.1065 -2.95246
-0.859743 -0.649102 0.660518 -1.25269
0.918011 -0.610247 0.924459 1.32244
1.09662 -4.29332 3.86425 1.2051
0.852453 1.96213 -3.22797 0.271043
22.8869 -1.02941 0.412799 21.0462
1.41793 1.41628 -0.062867 4.27332
-0.935738 -0.641642 0.747249 -0.916876
4.98031 2.1623 -2.84946 5.05713
0.002062 1.70271 -1.42283 0.213999
1.38502 0.071799 -0.212885 1.64274
-2.26429 -1.26437 1.02376 -3.78783
0.401534 1.27324 -2.60735 0.210475
1.43778 -0.021053 0.033376 2.83957
-1.81062 0.214546 0.216867 -2.25089
-1.05996 -0.020793 0.041654 -2.16677
-1.06939 0.101553 -0.214302 -1.20323
-4.1398 0.72586 -1.01915 -3.36595
1.49119 -1.53667 1.45599 2.30303
0.207992 1.37288 -1.12992 0.006517
-1.13058 -0.038058 -0.042206 -1.25559
-0.295859 -5.63267 3.03454 -0.360469
-0.361936 1.46908 -1.53968 -0.715634
1.11732 -0.143561 0.075831 1.97669
1.33587 -0.176516 0.420683 2.67847
1.22888 -0.34324 0.46336 1.83512
-1.67765 1.99302 -3.36398 -3.13531
0.157227 1.10789 -1.79778 0.338401
1.08112 -0.147107 -0.017227 1.32211
0.629647 0.89908 -1.05558 1.07447
-8.15304 5.1885 -1.30745 -6.24585
0.84162 -0.933948 0.74034 1.13375
0.892173 1.59603 -0.753522 1.40606
-1.46388 -0.274136 0.064844 -1.98039
1.16054 -0.698744 1.57956 1.71262
2.47725 -0.303226 4.15565 1.61378
-0.19706 -1.42613 3.90585 -0.262856
-1.17375 -0.048685 -0.011519 -2.10012
-0.74728 -6.01602 5.9156 -1.19805
0.803501 2.0662 -1.22772 0.382782
0.931161 0.520821 -0.51662 1.02081
-1.3465 -0.079544 -0.090787 -2.01405
-3.18696 0.540342 0.133183 -3.63309
2.77787 0.41728 -0.277033 3.60654
-0.126515 1.94929 -1.49117 -0.053061
-0.442499 -1.03459 0.978093 -0.494039
0.395708 2.87283 -2.08777 0.423969
-2.7891 -0.976088 0.946623 -3.14046
3.1828 64.2743 -69.1308 1.40917
-1.23902 -0.208034 0.131795 -1.42792
-0.310942 -1.03231 1.78712 -0.804628
-0.957512 2.10615 -3.89417 -0.595197
-8.60088 4.8746 -4.98972 -5.4236
14.4485 2.14727 -0.98566 14.7132
-1.34714 -0.164484 -0.04136 -1.27855
-1.24026 0.110761 0.223198 -1.45781
-0.350702 -1.31884 2.23357 -0.007542
-1.00915 0.468676 -1.32712 -1.98666
0.742213 -3.86013 2.47389 0.609374
-4.50441 -2.28745 3.74449 -2.70115
-1.10727 -1.07146 1.93744 -3.25918
0.833864 0.955881 -1.58741 0.686709
0.581899 1.23034 -1.0305 0.442095
-0.727542 -3.06244 4.16835 0.145374
-0.00635 -1.06879 3.97715 -0.126656
-1.74933 1.03258 0.260186 -7.98408
-1.0518 -0.930951 4.0622 -1.21993
0.037467 1.77761 -2.81379 2.65136
-2.37496 -1.63449 2.1221 -1.82228
15.3058 3.59756 -4.07208 14.44
-4.31459 0.252902 0.228225 -2.57133
0.064299 -1.95176 1.57752 0.103375
-1.59014 -0.453542 0.409612 -2.21745
0.136798 -1.35474 1.80586 0.648702
0.057512 1.24138 -1.87052 0.072755
-1.01935 -1.00067 0.390368 -1.66701
-1.21451 2.63302 -2.35474 -2.60471
3.29672 -0.941951 2.74403 0.911962
0.833952 0.796522 -0.799137 1.27375
-0.226701 -1.10589 1.6991 -0.644916
0.48142 1.92598 -1.20062 0.770978
-0.962312 0.850733 -0.756393 -1.48663
-0.748463 -1.55371 1.78519 -0.30654
-0.957994 -0.581194 1.21537 -1.31655
-1.65574 -0.349049 -0.192154 -1.35968
-0.756586 -2.10281 2.89877 0.014653
-2.56907 -0.440597 0.777426 -3.22737
1.07007 0.006002 -0.021308 3.02503
1.33261 0.528746 -0.213188 1.94503
1.18902 0.221933 -0.008321 2.48724
1.07353 -0.171122 0.266232 1.48937
0.811308 1.15188 -1.09778 0.964023
-2.03733 0.764437 0.216893 -6.90683
-1.15498 -0.160528 0.170382 -1.15493
-0.922558 1.21229 -1.70176 -1.01899
0.805988 2.21898 -3.58319 0.035958
-0.536644 -1.02776 3.29078 -3.74027
-1.1407 -0.105284 0.390381 -1.39922
0.706611 1.13805 -1.30062 0.497511
-0.399799 -1.07767 1.49924 -0.271616
18.763 1.64927 -2.91331 14.6205
-1.0701 0.206442 -0.258383 -1.98557
-0.03446 1.60635 -1.5968 -0.600245
8.99393 12.1137 -13.0368 8.64373
0.886765 2.60916 -3.46848 0.654025
-0.484842 -1.93536 2.12973 -0.303495
-0.018086 -1.53752 2.6475 0.059809
1.45036 0.1212 0.662455 1.656
-1.93634 1.03518 -2.89327 -2.93669
2.84605 -1.51054 2.37989 1.8375
-0.951746 -0.609467 0.906302 -0.966767
-2.05251 0.607979 0.803864 -6.63761
-0.700195 0.78907 -1.47347 -1.30576
2.02014 -2.08045 3.28183 1.38852
1.30543 0.012909 -0.097689 1.73197
-44.958 -10.1198 9.32333 -61.2049
-3.96955 0.202137 -0.311048 -4.57766
0.145288 -6.28538 3.44279 0.962188
1.19401 -0.239675 0.417052 2.45432
-1.50686 -0.080193 0.02401 -1.57069
1.23707 0.309448 -0.68353 1.34024
1.79798 0.994423 -2.02463 2.26001
1.23775 1.54113 -1.17659 1.36849
0.10492 -1.68736 2.10518 0.286907
0.573462 1.26331 -1.05139 0.371102
-2.48793 0.055629 0.606104 -3.82232
1.53233 0.01526 0.078384 1.10052
-0.056762 -1.15723 2.55742 -0.309707
-1.54965 0.044193 0.040173 -1.84996
-0.592669 2.09871 -2.3308 -2.24117
-0.095519 -1.08298 1.68678 -0.306604
1.20866 0.191238 -0.072903 3.9302
0.795832 0.966016 -1.27795 1.02349
9.02805 -7.49669 5.65018 9.03211
-1.12508 -0.049984 0.029288 -1.50392
-0.037314 -1.56746 5.10828 -0.244118
-0.353519 -4.34794 7.7932 -0.323539
-0.84464 -1.09296 2.0853 -0.151063
-0.262407 -1.02543 3.61029 -0.227362
-1.00669 -1.89288 1.89344 0.040538
1.0401 0.497479 -0.497479 1.0401
0.647608 -1.03914 0.9728 0.754984
-0.283239 2.11649 -3.03493 -0.521159
-1.20605 0.252493 0.094453 -5.62051
-3.00178 0.546294 0.209608 -4.9518
-3.21216 -2.94792 5.06537 -6.09724
0.342615 1.4276 -1.26201 0.343071
-0.438323 -1.09983 2.51657 -0.521912
-9.04363 4.211 2.32891 -14.6686
1.28335 0.301498 -0.082729 2.39571
1.18376 -0.119663 0.260847 1.41454
-0.224712 -1.10362 4.11748 -0.269082
-1.88206 -1.5188 3.7461 -0.967839
-1.50661 0.146108 -0.126021 -2.10029
1.14061 -0.232757 0.231019 1.18533
-1.18778 -0.039092 0.034092 -2.29001
-0.699429 -2.05317 1.98354 -0.344147
1.14323 -0.704078 0.940187 1.02321
1.35099 -0.435255 0.459233 1.53847
-1.26213 -0.849215 0.761142 -2.37356
1.80042 -1.38481 0.376635 1.86792
2.13658 -0.030028 -0.380417 1.31605
1.14387 0.140464 -0.248442 1.07479
-0.277313 -1.79107 1.91406 -0.524314
-2.10856 -0.194138 0.355681 -2.00465
-1.10085 0.191407 -0.154382 -1.90821
0.707736 -1.33892 1.93252 1.30744
0.05672 -1.20638 4.54544 -0.155109
0.398957 1.37621 -1.02538 0.836278
-32.5022 -3.13443 1.65073 -30.9923
1.15381 0.323175 -0.089892 1.45117
1.05995 -0.111174 0.126091 1.95344
0.719693 -0.823479 1.20365 0.771434
-0.161446 -1.49004 4.66519 -0.964652
3.43955 -2.21964 2.79751 3.78967
-0.012734 1.07371 -2.68484 0.25787
-0.024015 1.20158 -1.49717 0.110467
-1.38046 2.03712 -2.92327 -1.20369
-0.851564 0.634274 -0.853998 -1.02846
-1.04305 -0.062848 0.055161 -1.18872
-0.896251 -0.850037 1.23414 -1.07942
-0.907067 0.679336 -0.905753 -0.899728
-1.72306 1.12817 -0.459439 -4.42175
0.328001 -2.29226 2.47989 -0.242961
0.008494 1.97108 -1.12091 -0.115142
0.22217 -2.57098 4.31491 -0.25651
-1.31113 0.16956 0.572975 -2.13328
1.14902 2.75358 -3.71627 0.384818
21.8891 -1.60663 5.68957 46.4778
-0.031124 -3.72947 2.147 -0.477976
-0.412982 1.04889 -2.07982 -0.198303
-23.0316 -4.9006 3.09725 -41.2737
0.041526 1.25557 -1.13061 -0.038814
1.14007 0.008096 0.952034 2.65023
-3.19762 7.9444 -10.6138 -4.76876
-1.06889 0.095737 0.171667 -2.88114
-0.115379 3.28836 -2.9431 -0.043825
1.92528 -4.10732 7.12307 0.467324
-1.79256 -0.556039 0.534629 -2.42899
1.03306 0.40241 -0.395152 1.03733
-0.984308 5.36081 -5.8209 0.825743
-3.53049 -0.459689 1.07941 -5.55859
-0.008418 1.07256 -1.83254 0.313601
16.9232 -7.35178 6.11159 18.0319
1.1432 -0.364787 0.212329 1.82417
-8.15722 -1.64677 2.84525 -9.20132
1.08569 -1.25506 1.74324 0.447125
0.020087 1.98352 -3.37793 -0.900909
1.36294 -0.779631 1.40355 1.3924
0.400156 -1.94917 1.62405 -0.004457
1.40065 -0.150482 0.247072 1.32132
0.468489 -0.937532 1.99502 0.82322
1.16096 -1.26212 1.23213 1.00141
1.47186 0.055416 0.013509 3.13821
-1.09796 -0.086246 -0.169652 -1.40507
-0.38955 1.31424 -1.77431 0.295974
-7.65899 -3.40041 6.34132 -6.45092
-0.12475 1.98543 -3.10865 0.202715
1.06243 -0.88384 1.63469 0.671792
-0.004671 2.03184 -2.42353 0.67158
1.46204 0.656593 0.614907 2.49122
0.547306 1.2197 -1.43264 0.067979
1.07017 2.80135 -1.40716 1.62541
-2.00377 -0.398379 0.189261 -1.57927
-7.3151 0.057917 0.655063 -9.36659
1.70318 0.928531 0.228306 2.44643
-1.66738 -0.442608 0.340554 -2.2085
9.28429 1.27057 -3.07957 10.9814
-1.09665 0.188546 -0.189765 -2.08931
-1.18818 -0.211962 0.399759 -1.07307
-0.083837 -1.55728 1.44738 -0.28811
-1.09405 0.327934 -1.20761 -2.47331
-7.79999 4.60693 -4.69855 -8.48095
0.716802 -0.997895 3.40111 0.486632
3.33704 0.178107 0.103082 1.97274
6.20785 0.809301 -1.06166 4.889
-0.264418 -1.07937 1.68527 -0.639125
-1.05089 0.378369 -0.79062 -2.2991
-0.010058 -1.74493 2.94841 0.078803
1.1582 0.314391 0.222611 2.16432
0.581662 2.43795 -2.18566 0.140622
-2.29523 -0.908812 0.80908 -2.81181
-3.35386 0.063729 -0.491634 -6.05311
0.046815 1.79941 -1.11325 0.000521
1.25663 0.513944 -0.139017 3.4421
-1.86752 0.502669 1.18745 -1.89231
-1.08344 -0.103157 0.017835 -5.06055
0.243941 -1.07749 3.62266 0.667241
-0.956709 -0.497301 0.69563 -1.12946
0.04018 -2.21525 3.5905 0.026709
-1.94231 -0.317875 0.443361 -2.16014
0.064153 -1.31912 2.71593 -0.122062
-0.260332 -1.6486 1.31777 -1.37735
0.110999 -1.19687 1.43334 0.343055
1.71084 0.291807 -0.585613 4.08524
2.8065 0.991166 -0.171153 4.91553
1.38667 0.248662 -0.003154 2.08611
1.49705 -3.2546 6.11388 -0.042547
-1.13693 -0.500395 0.015619 -2.1475
1.03114 -0.998053 1.9954 1.41805
8.81151 1.40938 -0.73671 16.2507
0.176477 -1.94038 2.26064 0.4737
-1.54214 -1.12223 0.793791 -1.46229
0.345829 1.77735 -2.85531 -0.27886
1.33706 -2.21979 2.89067 1.03188
1.08605 -0.066449 0.086924 1.83693
-2.63501 -1.38726 0.387602 -2.8933
-0.425205 0.977529 -2.74259 -1.1497
-0.916335 -0.670973 1.82743 -2.94159
-1.05765 0.383173 -0.286549 -1.86268
0.295589 -6.37749 3.37544 -0.056409
-0.456565 -1.38186 1.3873 -1.11336
11.8883 -5.42201 4.85467 11.5405
-4.47101 0.480413 0.281945 -4.54926
0.765157 1.29033 -1.92377 -0.121987
-0.135659 -1.10493 1.20132 -0.07503
1.62327 0.601325 -1.10328 1.45244
-5.15842 2.40704 -1.57039 -4.54806
-0.313887 4.48324 -1.75541 -0.851574
1.25189 0.533787 -0.651693 1.61327
1.89042 -0.428529 0.756222 1.99929
2.69776 0.019722 -1.48869 2.02447
0.675433 -2.1087 1.21175 1.64871
0.163038 -2.12382 4.57192 0.423445
-1.89933 5.69799 -6.21186 -0.794695
-0.029866 -1.83789 1.08911 0.029947
-1.08099 0.321891 -1.00248 -1.55654
0.947035 2.46008 -2.70989 1.8517
0.411981 1.07629 -2.77989 0.212046
-0.185599 1.26345 -1.11256 -0.446011
-0.979775 -0.774024 1.45951 -0.734019
-1.01537 0.338831 -0.345763 -1.13146
-1.03985 -0.115354 0.053888 -2.41794
-0.761446 0.809266 -1.89721 -1.12552
-20.9112 3.29295 -5.54149 -24.269
1.5608 0.088601 -0.170036 3.11488
0.438962 1.10063 -1.97279 2.25613
-2.43602 -8.43974 8.28863 -4.01831
0.500735 0.917495 -1.2438 0.68399
-3.63725 4.36408 -7.6729 -3.95422
0.247157 -1.79272 2.00587 -1.75717
0.817024 -1.82011 1.86643 0.817331
2.90499 52.9143 -63.4565 3.94855
-8.98905 -2.59954 3.81337 -10.0107
1.93673 1.37194 -1.2312 1.96767
-1.31457 0.032422 -0.387911 -1.38716
0.793991 -1.14005 1.03905 0.925218
1.05954 -0.174468 0.082997 1.73276
-1.46773 0.007482 0.166656 -7.01183
-1.11032 0.022097 -0.06253 -2.01068
-1.63462 4.71875 -5.81567 -2.29517
-2.74555 -0.302833 0.30814 -8.00283
-0.818961 -6.29142 8.76619 0.1022
-1.09096 2.27501 -2.54334 -2.59018
-1.76687 0.549678 -1.88621 -1.96644
-0.911809 -1.1549 1.15777 -1.64514
-2.89914 -0.110162 -0.149323 -3.29213
-0.372417 1.20728 -1.20728 -0.372417
1.52063 -0.026297 0.925491 1.43572
0.064543 -1.157 1.53938 0.041452
-2.61161 0.388605 -0.228485 -3.89413
0.586267 -4.26212 7.0831 0.261817
-0.145485 -4.43467 1.41185 0.775121
1.68642 0.721179 0.716268 2.32215
0.853927 -1.61406 2.29852 0.346819
1.07707 0.527469 -0.299401 5.19282
3.29516 26.2344 -30.323 6.04781
3.59072 0.00318 -0.002044 2.21541
0.896201 -2.59963 2.12544 0.697018
-1.6081 0.843452 0.165169 -7.19784
1.56488 -0.286752 -0.026214 1.06802
-5.09216 -2.77757 5.36282 -4.64293
-0.075501 -1.28231 1.34566 0.132017
0.143581 1.1427 -1.91188 0.143094
0.01001 1.0434 -4.4964 0.22233
