1303
856.871 469.323 843.078 463.413
993.691 623.024 685.433 593.149
1042.86 594.829 717.636 637.387
976.962 713.653 593.146 579.897
851.327 545.585 761.045 463.212
839.542 486.568 822.336 449.022
841.769 645.557 656.67 462.05
920.809 528.557 782.82 524.36
1051.8 674.095 633.976 645.396
837.875 540.081 764.632 451.534
1105.34 332.282 1039.76 698.156
938.759 576.178 732.848 542.664
1136.34 299.245 1088.9 732.091
874.339 536.634 767.897 482.162
1138.81 298.113 1089.99 736.326
847.481 642.246 659.818 466.297
1102.87 318.871 1058.24 695.31
1072 310.059 1063.18 661.925
834.387 651.814 650.462 457.041
832.629 569.004 733.883 449.417
832.629 569.004 733.883 449.417
907.372 577.655 728.909 514.291
902.117 641.096 663.388 513.894
1139.61 301.303 1088.33 735.722
904.279 477.483 839.041 507.134
1062.35 498.734 826.762 655.812
859.906 578.618 725.431 473.374
925.531 530.164 781.485 528.815
870.393 540.837 765.225 479.436
1129.33 312.514 1069.77 724.864
999.674 524.315 793.667 596.627
852.668 559.45 744.513 465.474
838.053 654.831 647.361 459.273
975.756 711.548 596.028 578.475
963.43 664.67 642.222 567.793
926.783 502.779 811.657 529.307
925.531 530.164 781.485 528.815
994.937 663.026 646.541 594.201
869.177 449.051 867.443 472.959
905.114 643.464 660.926 515.373
864.465 599.731 703.684 477.876
947.086 464.196 858.782 546.047
960.258 711.913 594.826 565.413
870.125 481.912 830.574 476.108
873.197 515.246 793.501 480.639
827.531 555.524 748.491 444.004
1101.78 295.347 1088.49 695.294
995.641 663.12 645.708 595.388
832.565 648.431 653.646 454.856
860.495 620.697 682.321 476.15
961.34 524.778 790.675 561.005
1114.14 317.403 1060.66 707.739
1116.9 318.719 1056.33 711.095
1107.2 313.371 1061.89 700.282
869.433 500.537 809.767 474.915
866.297 503.278 806.327 473.839
848.121 544.352 760.831 460.545
1082.22 323.1 1047.89 674.571
829.531 575.845 726.513 447.218
835.618 580.13 722.308 452.855
887.571 450.724 867.751 490.195
861.242 558.6 745.704 473.083
1108.73 294.306 1092.34 702.808
833.469 554.232 749.196 448.444
1101.78 295.347 1088.49 695.294
1129.45 298.143 1089.81 725.876
1013.59 505.805 814.448 609.8
920.102 503.158 811.379 522.678
870.166 537.544 769.68 479.585
877.885 577.52 727.471 488.509
870.072 487.994 823.749 476.441
904.837 545.479 763.091 510.523
840.572 570.442 733.752 455.754
1021.25 524.585 794.817 616.994
823.86 582.082 720.586 443.829
1030.94 523.797 796.287 626.543
1065.37 306.737 1065.8 656.786
837.875 540.081 763.613 451.646
949.734 457.964 865.671 548.731
855.287 543.54 761.738 466.45
978.363 552.992 760.231 577.747
865.751 655.76 646.785 482.238
882.725 503.918 807.574 488.755
900.367 571.622 735.175 508.034
1119.65 333.706 1039.53 715.136
884.887 578.143 727.196 493.25
839.169 486.641 822.133 448.922
860.36 608.255 694.707 475.199
884.415 545.838 761.427 492.489
924.519 575.597 732.314 529.582
979.683 667.123 640.006 581.523
1104.29 306.721 1074.19 695.463
1090.1 290.83 1093.48 682.649
1112.35 320.923 1054.09 705.98
995.572 660.431 646.69 595.298
905.135 640.627 663.612 514.849
945.721 476.113 844.495 545.263
1082.46 296.2 1084.34 674.36
941.375 438.938 887.551 538.824
812.408 575.048 725.157 434.628
864.474 603.737 699.398 478.363
860.861 619.949 682.321 476.15
840.168 451.718 861.39 447.157
838.11 605.191 696.801 456.322
1026.78 471.244 856.91 621.454
917.043 510.277 803.494 520.611
869.891 547.139 758.91 479.758
829.418 570.242 732.783 446.578
1106.42 325.684 1050.2 700.626
872.811 485.164 827.045 478.949
869.903 546.207 759.823 479.781
952.51 436.666 890.457 550.339
992.778 660.458 645.997 592.753
855.225 537.48 768.524 466.29
1035.83 691.725 615.603 631.036
838.055 541.092 763.613 451.646
867.096 644.811 657.725 482.967
1102.39 323.648 1050.53 695.75
906.643 548.478 759.957 512.059
832.846 556.688 746.633 448.693
895.661 478.817 836.512 499.02
1106.16 291.936 1094.64 699.816
999.059 644.047 663.936 598.053
844.156 558.429 745.334 458.465
895.199 482.432 832.604 498.786
840.469 574.452 728.469 456.261
962.84 645.603 661.363 566.252
1136.18 298.226 1091.44 732.825
1102.32 315.261 1061.43 695.151
828.006 560.972 742.043 444.978
958.661 475.375 846.93 557.453
1097.11 293.357 1090.24 690.208
1129.12 302.676 1082.8 724.747
986.392 718.252 588.897 588.233
1109.29 317.903 1059.33 702.83
1122.18 305.16 1077.72 716.245
1101.57 293.545 1091.41 692.484
896.749 542.085 767.864 502.975
852.423 443.505 871.955 457.489
881.199 542.809 764.219 489.371
880.064 453.118 864.252 483.191
875.288 543.747 762.886 484.196
975.756 711.548 596.028 578.475
1125.98 312.867 1065.84 719.126
923.093 458.793 862.223 523.648
1010.98 511.539 808.491 607.427
992.68 656.255 651.251 592.583
992.68 656.255 651.251 592.583
1125.76 285.411 1107.18 721.947
864.522 606.921 696.135 478.596
831.263 603.585 698.639 450.519
902.668 577.806 728.387 510.152
901.797 644.703 661.283 513.573
1129.94 308.066 1074.53 725.119
1071.65 321.631 1050.35 661.885
947.086 464.196 858.782 546.047
1099.83 318.066 1057.78 692.528
891.843 445.539 874.43 493.648
979.284 480.27 842.007 576.775
1074.23 310.763 1062.78 665.733
957.234 524.254 790.353 557.714
1058.32 585.332 728.329 651.431
889.761 445.916 873.688 492.052
920.738 502.187 812.864 523.172
830.638 558.797 744.463 447.099
871.867 545.336 759.33 482.004
841.761 544.502 760.02 455.163
1125.98 312.867 1065.84 719.126
1132.36 311.829 1072.09 727.237
831.051 604.287 698.639 450.519
898.086 599.074 706.012 507.141
852.668 559.45 744.513 465.474
870.512 531.133 776.257 479.184
1112.31 317.178 1060.66 707.739
994.241 660.766 646.541 594.201
940.261 563.739 746.307 543.637
1129.33 312.514 1069.77 724.864
860.495 620.697 682.321 476.15
1094.17 289.481 1094.64 686.967
1129.75 290.671 1100.41 726.598
875.154 473.38 840.583 480.251
1088.26 318.866 1055.71 681.377
824.835 558.37 744.482 441.955
1142.41 309.31 1076.77 738.764
1069.63 318.435 1050.35 661.885
941.646 572.955 736.417 545.606
858.25 556.066 748.695 470.268
1122.41 282.81 1110.34 718.908
847.044 530.858 774.617 458.706
845.022 545.616 759.341 458.007
831.569 578.953 722.761 449.954
944.017 488.632 830.337 544.104
899.166 599.595 704.815 507.896
995.572 660.431 646.69 595.298
992.558 622.856 686.08 591.713
858.514 545.157 760.417 469.722
946.689 490.047 828.84 546.721
915.477 567.249 740.023 521.766
1010.98 511.539 808.491 607.427
922.75 510.529 802.44 525.25
895.561 477.096 837.21 500.417
1074.23 310.763 1062.78 665.733
919.856 509.111 804.743 522.692
987.102 453.622 874.737 583.286
904.621 505.629 806.886 508.67
889.761 445.916 873.688 492.052
1135.28 299.7 1088.9 732.091
993.947 623.942 684.689 593.336
1127.78 310.253 1071.57 722.048
834.857 424.972 891.943 440.582
1096.23 305.421 1073.77 689.013
878.394 571.873 732.907 488.615
974.144 702.512 604.749 577.185
896.18 604.471 700.191 505.742
1030.07 690.374 616.964 626.01
911.758 571.563 735.615 518.031
869.659 579.027 725.418 481.613
844.266 681.001 621.911 466.319
1090.77 306.314 1071.81 681.594
820.401 575.562 726.139 439.636
1012.66 490.261 833.323 608.164
916.558 499.841 814.928 519.291
843.353 681.6 621.263 465.634
858.25 556.066 748.695 470.268
1119.77 306.02 1077.72 716.245
830.291 447.877 865.352 439.054
841.761 544.502 760.02 455.163
924.52 444.959 878.549 524.304
845.243 642.817 659.228 464.577
880.064 453.118 864.252 483.191
956.753 474.031 848.664 555.719
1069.77 288.677 1092.67 661.184
1008.01 708.973 598.042 606.683
1116.9 318.719 1059.76 713.162
988.375 664.181 642.819 588.878
1100.32 319.351 1054.44 692.785
1107.34 322.956 1054.36 699.949
837.87 545.709 758.282 451.988
896.63 483.21 831.553 500.145
998.046 533.402 783.432 595.602
1105.17 319.213 1058.17 698.295
1089.17 305.824 1072.9 681.739
884.348 560.206 745.141 492.079
1020.99 476.283 850.183 616.012
883.796 504.73 806.357 488.653
960.805 439.343 888.957 558.412
1089.28 296.741 1085.11 684.991
1137.77 296.043 1094.34 734.503
1124.8 326.673 1047.58 717.834
1101.57 293.545 1091.48 695.287
901.371 596.243 708.826 511.151
880.304 518.651 790.453 487.302
1104.29 306.721 1074.19 695.463
1081.63 325.344 1045.91 672.888
871.583 498.081 813.105 478.092
944.288 698.621 607.57 551.881
945.972 471.237 850.354 545.373
926.409 530.913 780.735 529.499
940.524 622.434 684.336 546.023
1132.36 311.829 1072.09 727.237
868.942 421.092 899.712 471.155
1102.39 323.648 1050.53 695.75
844.266 681.001 621.911 466.319
866.962 574.352 730.1 478.787
1088.62 314.739 1060.12 680.724
1122.41 282.81 1110.34 718.908
909.834 486.061 829.812 512.398
872.385 541.054 767.897 482.162
1111.23 291.931 1095.21 705.636
1136.16 293.822 1095.34 733.235
1091.63 290.697 1093.5 684.624
948.989 562.835 748.047 551.517
852.616 579.171 723.916 466.266
887.571 450.724 867.751 490.195
840.655 557.52 746.506 454.385
841.761 544.502 760.02 455.163
1102.92 322.235 1051.93 695.589
974.503 498.237 821.897 572.902
1094.22 290.024 1094.64 686.967
865.911 641.794 660.808 482.212
864.144 459.305 856.391 469.189
896.067 577.532 727.988 504.785
996.631 669.728 637.283 596.371
1108.62 275.476 1118.1 702.898
1097.11 293.357 1090.24 690.208
1129.33 312.514 1069.77 724.864
1013.83 510.111 810.245 610.048
923.166 489.483 828.079 524.868
855.875 543.899 761.738 466.45
823.921 661.131 641.738 449.124
1131.83 291.131 1097.68 729.213
1142.89 304.023 1083.4 740.776
893.843 505.526 806.096 498.8
841.761 544.502 760.02 455.163
1106.16 291.936 1094.64 699.816
840.572 570.442 733.752 455.754
855.287 543.54 761.738 466.45
960.799 492.124 827.5 559.813
1138.83 293.827 1097.34 735.703
898.384 473.974 841.973 501.17
1099.9 322.287 1052.62 692.687
959.892 547.657 765.992 561.128
1133.77 289.651 1101.19 731.234
1026.66 523.673 795.942 621.837
855.412 443.056 873.099 460.331
823.108 578.604 723.896 442.322
998.033 721.549 585.639 597.979
891.843 445.539 874.43 493.648
836.237 559.312 744.3 451.105
946.689 490.047 828.84 546.721
841.769 645.557 656.67 462.05
830.656 580.671 721.567 448.099
887.571 450.724 867.751 490.195
853.939 556.397 748.201 465.805
1109.87 321.441 1053.88 703.138
905.114 643.464 660.926 515.373
1101.66 322.604 1053.75 695.787
818.8 526.399 780.339 433.752
836.93 569.741 732.797 452.859
880.376 579.258 725.599 490.777
1126.65 297.376 1090.44 722.366
864.857 601.776 701.674 478.704
1095.25 304.957 1074.77 688.16
830.454 561.056 742.043 444.978
1099.08 288.674 1097.6 692.375
874.411 570.587 734.319 485.027
974.384 704.958 601.949 577.597
834.977 570.629 732.692 451.313
1095.25 304.957 1074.77 688.16
1107.86 335.877 1033.66 700.668
1089.39 305.093 1072.9 681.739
1005.57 706.038 600.846 604.449
834.124 662.836 639.564 457.436
926.856 535.207 776.431 530.022
992.68 656.255 651.251 592.583
1009.34 511.931 808.164 605.663
879.894 515.603 794.291 486.802
944.259 491.265 826.898 544.756
989.609 533.25 783.075 587.736
896.755 540.258 767.864 502.975
1031.48 716.042 591.386 627.609
883.71 476.373 837.952 488.122
868.015 647.914 654.752 483.703
860.495 620.697 681.66 475.737
1115.23 304.682 1077.4 711.095
872.419 653.263 649.322 487.765
908.859 569.61 737.609 514.909
891.213 477.958 837.644 494.318
995.641 663.12 644.431 594.977
873.197 515.246 793.501 480.639
1116.1 316.891 1059.62 707.998
833.469 554.232 749.196 448.444
863.855 552.602 752.941 474.665
856.78 557.787 746.687 469.2
845.382 556.184 747.789 459.263
895.199 482.432 832.604 498.786
1099.9 322.287 1052.62 692.687
920.048 513.179 800.298 523.111
847.044 530.858 774.617 458.706
1106.42 325.684 1050.2 700.626
1043.51 498.29 825.926 637.745
898.086 599.074 706.012 507.141
1007.53 707.358 599.534 606.296
910.206 505.994 807.127 513.635
978.853 659.255 647.842 580.61
891.213 477.958 837.644 494.318
1109.87 321.441 1053.88 703.138
960.096 547.036 765.992 561.128
1122.18 305.16 1077.72 716.245
819.132 576.802 726.139 439.636
886.368 450.791 867.331 488.886
1141.7 299.691 1090.74 737.745
1100.03 320.787 1054.44 692.785
864.465 599.731 703.684 477.876
975.375 523.913 792.699 574.377
981.948 658.506 648.683 583.601
880.649 473.621 840.644 485.301
868.7 644.136 658.581 484.155
866.778 647.661 655.007 482.786
989.628 658.693 648.801 590.135
896.997 479.252 835.982 500.28
863.254 548.063 757.741 474.113
1119.65 333.706 1038.71 713.584
844.997 553.898 750.385 458.857
1124.39 311.626 1068.68 718.878
847.044 530.858 774.617 458.706
880.893 526.812 781.154 488.106
860.495 620.697 681.66 475.737
865.193 604.374 698.658 478.865
986.595 610.994 698.276 586.493
828.064 557.636 743.929 445.177
839.873 641.247 660.773 460.264
862.201 548.736 756.906 472.628
832.846 556.688 746.633 448.693
904.837 545.479 763.091 510.523
960.096 547.036 765.992 561.128
933.784 533.206 778.818 536.286
957.29 559.828 752.068 559.015
858.514 545.157 760.417 469.722
858.775 543.956 760.417 469.722
1060.38 485.287 842.908 653.778
907.258 646.036 658.246 517.368
877.899 494.06 817.66 483.68
1108.78 293.691 1092.34 702.808
843.353 681.6 621.263 465.634
981.948 658.506 648.683 583.601
1114.36 318.478 1059.62 707.998
1085.62 325.137 1045.81 675.634
1106.09 290.149 1096.87 700.894
903.167 596.641 708.826 511.151
940.387 438.497 887.551 538.824
928.241 430.848 895.562 527.073
1119.77 306.02 1077.69 714.627
1106.09 290.149 1097.09 699.73
1014.72 662.055 643.95 612.294
896.755 540.258 767.864 502.975
868.942 421.092 899.712 471.155
996.403 664.677 642.46 596.038
1107.34 322.956 1052.91 701.248
1134.59 493.129 837.866 726.087
823.095 582.737 719.585 442.707
894.271 482.7 832.604 498.786
959.892 547.657 765.992 561.128
881.106 565.645 740.299 490.574
950.808 469.906 852.176 549.797
1108.78 293.691 1092.34 702.808
877.631 565.382 740.272 487.573
868.444 462.307 854.348 473.383
1099.22 293.571 1090.27 692.419
834.792 647.324 655.551 456.547
843.801 527.898 778.428 455.609
825.21 539.788 764.573 441.044
1108.76 289.709 1096.87 700.894
983.469 655.753 651.363 584.537
989.628 658.693 648.801 590.135
848.121 544.352 760.831 460.545
899.75 564.87 741.832 506.932
969.923 553.146 760.106 570.215
1104.62 316.626 1058.17 698.295
1097.11 293.357 1090.24 690.208
913.438 569.737 736.766 519.044
845.022 545.616 759.341 458.007
888.679 505.02 806.245 494.134
902.117 641.096 663.388 513.894
856.871 469.323 843.078 463.413
855.675 581.533 721.975 469.635
958.661 475.375 846.93 557.453
834.86 544.657 759.506 449.358
974.384 704.958 601.949 577.597
860.15 545.233 760.417 469.722
900.367 571.622 735.175 508.034
817.447 578.935 723.627 437.719
917.328 509.573 803.494 520.611
1030.29 718.684 588.865 626.414
844.156 558.429 745.334 458.465
882.227 497.67 814.461 488.12
837.882 543.976 758.949 451.905
865.193 604.374 698.658 478.865
823.465 661.994 640.698 448.918
1107.86 335.877 1033.66 700.668
1113.36 291.01 1095.45 707.544
1088.34 316.442 1055.71 681.377
896.93 577.935 727.988 504.785
896.938 444.175 876.235 498.189
1107.19 317.616 1058.17 698.295
859.542 503.777 805.151 467.679
899.322 602.795 701.664 508.668
877.631 565.382 740.272 487.573
907.17 553.475 755.11 512.913
1099.66 316.936 1057.78 692.528
815.971 577.982 723.627 437.719
923.838 500.322 815.003 525.984
877.845 498.002 813.227 483.819
1137.9 305.079 1081 733.482
872.811 485.164 827.045 478.949
1117.42 305.566 1077.4 711.095
1127.23 492.513 837.135 718.937
897.073 602.304 702.513 506.478
1107.71 316.666 1059.11 700.75
994.241 660.766 646.541 594.201
843.482 662.834 639.651 464.562
1099.16 292.101 1092.25 692.472
838.048 647.191 654.596 458.701
856.871 469.323 843.078 463.413
878.339 538.724 768.73 486.587
840.655 557.52 746.506 454.385
946.739 643.771 662.707 551.922
891.953 486.437 827.66 496.176
1018.07 719.782 587.565 615.435
1102.92 322.235 1051.93 695.589
884.902 459.822 857.174 488.164
833.873 582.177 720.245 451.281
833.035 662.395 640.407 456.171
856.684 480.636 830.565 463.951
1106.88 321.328 1054.36 699.949
858.298 540.367 765.416 469.195
845.382 556.184 747.789 459.263
964.639 667.9 640.296 570.391
1100.03 320.787 1054.44 692.785
845.382 556.184 747.789 459.263
863.254 548.063 757.741 474.113
917.373 528.578 782.842 521.169
1010.72 601.33 709.347 607.977
1150.34 503.432 826.508 741.46
917.373 528.578 782.842 521.169
874.141 538.331 766.34 484.108
835.244 655.539 646.863 457.661
917.79 629.556 675.664 525.856
1021.06 723.557 583.891 618.24
1012.66 490.261 833.323 608.164
1074.23 310.763 1062.78 665.733
897.534 562.487 744.421 504.751
921.808 688.092 617.506 532.709
913.875 528.501 782.542 517.97
926.409 530.913 780.735 529.499
983.597 550.695 763.204 582.715
828.41 544.932 758.875 444.187
989.624 481.95 841.754 586.574
937.767 622.411 684.269 543.236
1111.36 290.306 1095.21 705.636
869.433 500.537 809.767 474.915
979.284 480.27 842.007 576.775
958.61 710.036 596.705 564.177
1100.32 319.351 1054.44 692.785
1112.16 322.593 1054.09 705.98
859.874 556.28 748.695 470.268
835.244 655.539 646.863 457.661
1101.66 322.604 1052.62 692.687
1099.83 318.066 1057.78 692.528
860.861 619.949 682.321 476.15
873.769 496.124 814.82 479.966
940.245 564.744 745.455 543.629
1081.63 325.344 1044.29 673.862
940.952 436.631 889.678 539.261
840.019 484.867 824.44 448.817
1127.42 494.368 837.135 718.937
998.872 532.788 784.386 596.402
1013.32 516.656 803.272 609.589
1114.36 318.478 1059.62 707.998
1108.78 293.691 1092.34 702.808
1106.88 321.328 1054.36 699.949
1009.34 511.931 808.164 605.663
898.39 448.447 873.196 499.253
1030.69 720.815 590.351 627.096
953.621 621.666 685.798 558.129
835.2 651.606 650.462 457.041
889.929 473.165 842.1 493.875
1011.94 490.93 833.261 607.813
831.914 607.021 694.665 451.075
841.061 554.537 748.722 455.343
1113.36 291.01 1095.45 707.544
837.875 540.081 764.632 451.534
891.213 477.958 837.644 494.318
946.739 643.771 662.707 551.922
1082.22 323.1 1047.89 674.571
935.092 446.626 877.598 534.189
861.242 558.6 745.704 473.083
865.911 641.794 660.808 482.212
840.655 557.52 746.506 454.385
844.156 558.429 745.334 458.465
934.689 485.648 832.88 535.267
884.902 459.822 857.174 488.164
983.469 655.753 651.363 584.537
1129.2 301.843 1085.07 725.612
870.545 491.841 818.451 477.997
920.809 528.557 782.82 524.36
1104.17 294.187 1091.95 697.885
917.79 629.556 675.664 525.856
1112.35 319.093 1057.25 705.887
1010.72 601.33 709.347 607.977
1057.91 714.072 594.17 651.311
820.227 561.199 741.611 438.994
911.521 629.631 675.351 520.284
866.297 503.278 806.327 473.839
869.483 473.74 839.418 475.011
949.609 504.23 810.925 545.932
1116.1 316.891 1060.66 707.739
963.865 647.449 659.578 567.259
1136.16 293.822 1095.34 733.235
905.165 536.815 772.809 510.215
1003.16 707.244 599.324 602.239
1044.07 585.638 727.853 638.253
925.531 530.164 781.485 528.815
988.364 659.778 647.486 588.664
899.75 564.87 741.832 506.932
1107.19 317.616 1059.11 700.75
957.263 436.382 892.075 554.704
865.775 645.22 657.725 482.967
888.398 462.193 855.316 491.724
999.153 722.505 584.377 599.435
1026.23 719.458 588.834 622.976
979.114 702.847 603.936 581.882
894.792 470.734 844.824 498.063
840.469 574.452 728.469 456.261
841.761 544.502 760.02 455.163
993.844 665.781 643.797 593.128
958.461 708.402 598.041 563.948
1080.22 287.634 1096.36 672.243
903.315 640.743 663.388 513.894
909.256 571.712 735.615 518.031
868.7 644.136 658.581 484.155
1123.93 297.717 1089.17 718.789
840.42 569.621 733.752 455.754
903.167 596.641 708.826 511.151
1105.15 303.134 1078.8 698.611
944.288 698.621 607.57 551.881
950.72 426.827 902.706 548.265
834.124 662.836 639.564 457.436
997.337 644.101 664.266 596.945
900.146 481.663 833.241 503.476
844.997 553.898 750.385 458.857
1129.75 290.671 1100.41 726.598
963.865 647.449 659.578 567.259
1116.1 316.891 1060.66 707.739
836.237 559.312 744.3 451.105
1108.73 294.306 1092.34 702.808
1008.1 704.589 602.253 606.644
1113.38 293.917 1092.44 707.702
1119.7 317.136 1059.76 713.162
1123.86 300.178 1086.15 718.955
1096.86 290.185 1096.26 690.25
1102.13 313.116 1061.43 695.151
896.18 604.471 700.191 505.742
848.458 579.296 724.009 463.876
1129.2 301.843 1085.07 725.612
872.382 643.132 659.754 487.291
1003.69 648.406 659.338 602.198
833.429 655.087 647.059 456.661
889.872 580.145 725.209 499.022
1127.78 310.253 1071.57 722.048
872.419 653.263 649.322 487.765
1042.86 594.829 717.636 637.387
877.787 546.381 760.165 487.042
827.19 608.891 689.498 448.133
836.93 569.741 732.797 452.859
994.241 660.766 646.541 594.201
832.284 652.774 650.462 457.041
948.91 561.441 749.84 551.403
1070.25 310.505 1062.59 660.306
870.412 487.647 823.714 476.774
851.327 545.585 759.311 463.338
996.403 664.677 642.46 596.038
896.938 444.175 876.235 498.189
919.856 509.111 804.743 522.692
865.636 548.091 757.788 476.143
1039.53 567.075 748.033 634.305
1111.36 290.306 1098.21 705.744
895.113 599.441 706.151 504.58
1140.71 304.557 1080.5 737.19
815.447 678.49 625.172 443.815
927.615 470.37 849.391 528.988
1119.77 306.02 1077.69 714.627
881.194 497.077 814.864 487.122
858.25 556.066 748.695 470.268
872.211 568.797 736.1 483.033
919.037 503.588 811.379 522.678
955.909 709.91 596.613 561.708
1109.63 320.454 1057.27 702.857
861.242 558.6 745.704 473.083
872.735 650.086 652.593 487.985
864.857 601.776 701.674 478.704
954.295 674.112 632.093 559.751
1127.38 493.403 837.135 718.937
1131.83 291.131 1097.68 729.213
979.114 702.847 603.936 581.882
1104.28 291.65 1095 696.992
994.937 663.026 646.541 594.201
832.629 569.004 733.883 449.417
1057.91 714.072 594.17 651.311
823.465 661.994 640.698 448.918
828.205 558.207 743.929 445.177
874.399 539.603 767.897 482.162
874.141 538.331 767.897 482.162
950.808 469.906 852.176 549.797
954.665 532.814 781.134 555.558
1102.62 323.082 1051.93 695.589
1114.08 276.743 1117.87 707.761
858.775 543.956 760.417 469.722
900.473 482.478 833.241 503.476
954.295 674.112 632.093 559.751
1104.64 304.968 1075.49 697.831
965.545 655.982 651.106 568.763
1108.73 294.306 1092.34 702.808
993.374 663.712 643.797 593.128
844.351 580.071 723.713 462.492
1134.59 493.129 837.866 726.087
1018.07 719.782 587.565 615.435
921.808 688.092 617.506 532.709
1097.11 293.357 1090.24 690.208
1077.26 505.651 819.697 670.242
885.035 500.284 811.778 491.074
845.022 545.616 759.341 458.007
1095.81 288.947 1097.4 689.081
1099.08 288.674 1097.6 692.375
833.469 554.232 749.196 448.444
884.415 545.838 761.427 492.489
1087.56 291.157 1092.33 680.014
862.748 523.245 784.328 471.883
1043.05 564.991 750.71 637.62
965.545 655.982 651.106 568.763
1132.36 311.829 1072.09 727.237
1136.72 305.416 1081 733.482
967.114 705.027 602.39 571.577
1112.16 322.593 1054.09 705.98
964.318 661.076 645.1 567.482
863.785 578.318 725.826 476.015
1082.22 323.1 1047.89 674.571
862.748 523.245 784.328 471.883
1112.35 319.093 1057.25 705.887
1004.93 645.686 662.24 603.326
920.164 440.687 883.027 519.888
986.392 718.252 588.897 588.233
875.339 578.947 725.69 486.348
827.531 555.524 748.491 444.004
1099.22 293.571 1091.41 692.484
1078.17 280.881 1105.27 670.596
1109.29 317.903 1059.33 702.83
864.963 641.795 660.676 480.881
862.201 548.736 757.741 474.113
830.898 609.278 693.259 450.061
944.017 488.632 830.337 544.104
826.765 452.813 859.564 435.658
975.375 523.913 792.699 574.377
1148.83 496.769 834.377 740.097
913.875 528.501 782.542 517.97
1104.17 294.187 1091.95 697.885
847.481 642.246 659.818 466.297
832.629 569.004 733.883 449.417
1129.94 308.066 1073.47 723.181
979.284 480.27 842.007 576.775
886.024 492.349 820.378 491.256
1043.05 564.991 750.71 637.62
918.23 452.901 868.707 518.87
1113.36 291.01 1095.45 707.544
840.42 569.621 733.752 455.754
894.271 482.7 832.604 498.786
988.375 664.181 642.819 588.878
1100.66 329.427 1040.93 694
881.106 565.645 740.299 490.574
1127.78 310.253 1071.57 722.048
1043.51 498.29 825.926 637.745
878.339 538.724 768.73 486.587
1109.29 317.903 1059.33 702.83
852.668 559.45 744.513 465.474
922.462 446.054 876.337 522.648
947.846 564.714 746.114 550.874
878.339 538.724 768.73 486.587
865.737 563.073 742.082 477.072
900.128 565.727 740.793 507.542
1129.12 302.676 1082.8 724.747
945.84 474.176 846.791 545.262
862.107 421.271 900.079 464.423
874.249 561.902 743.784 484.361
978.628 658.485 648.888 580.344
1010.28 666.517 640.991 608.346
901.839 636.366 667.866 512.237
1119.7 317.136 1059.76 713.162
994.771 649.098 658.561 594.334
992.778 660.458 645.997 592.753
881.115 532.583 775.369 488.62
847.282 579.478 723.713 462.492
1099.66 316.936 1057.78 692.528
1070.25 310.505 1063.18 661.925
1119.77 306.02 1077.69 714.627
864.857 601.776 701.674 478.704
859.874 556.28 748.688 472.127
837.944 545.007 758.949 451.905
1122.25 328.823 1047.58 717.834
899.127 478.248 837.453 502.267
1132.64 292.657 1097.68 729.213
883.71 476.373 837.952 488.122
866.143 579.61 724.259 478.468
1051.08 518.671 802.952 644.504
820.776 488.894 818.953 433.377
838.055 541.092 763.613 451.646
1014.21 513.913 806.378 610.343
866.962 574.352 730.1 478.787
996.631 669.728 637.283 596.371
880.304 518.651 790.453 487.302
993.853 623.296 685.433 593.149
1080.22 287.634 1096.36 672.243
863.855 552.602 752.941 474.665
1127.42 494.368 837.135 718.937
1052.73 511.78 811.112 646.627
993.853 623.296 685.433 593.149
984.926 612.244 696.672 585.143
1113.07 330.288 1042.49 706.391
1094.37 290.861 1094.64 686.967
956.753 474.031 848.664 555.719
904.279 477.483 839.041 507.134
952.517 438.268 889.763 550.137
1126.89 288.292 1104.36 722.624
873.113 459.808 856.347 477.268
967.114 705.027 602.39 571.577
979.731 660.738 645.887 581.282
896.749 542.085 766.203 503.029
997.337 644.101 664.266 596.945
870.072 487.994 823.749 476.441
856.648 555.215 751.459 470.191
945.11 505.678 810.925 545.932
869.384 549.565 756.558 479.776
858.499 578.939 724.858 472.056
913.355 578.087 729.232 517.132
917.373 528.578 782.842 521.169
920.809 528.557 782.82 524.36
1102.91 320.604 1053.75 695.787
917.346 511.057 802.096 520.636
893.173 486.775 827.477 497.308
860.15 545.233 760.417 469.722
825.21 539.788 764.573 441.044
984.926 612.244 696.672 585.143
827.05 612.341 689.498 448.133
902.872 635.961 668.318 513.308
1020.81 474.935 852.156 615.711
868.918 579.168 725.418 481.613
873.197 515.246 793.501 480.639
968.135 501.684 817.384 567.163
1022.07 524.516 794.904 618.165
845.737 640.291 663.879 465.447
972.453 460.306 865.048 570.006
959.244 494.818 824.362 558.247
820.776 488.894 818.953 433.377
1099.2 278.314 1110.74 692.57
839.798 552.709 751.704 453.898
827.135 554.63 748.491 444.004
1114.36 318.478 1059.62 707.998
860.585 504.369 804.467 468.983
865.847 560.952 744.13 477.072
961.34 524.778 790.675 561.005
897.666 447.447 873.196 499.253
995.572 660.431 646.69 595.298
898.768 477.572 838.221 501.91
829.454 571.287 731.381 446.765
1104.28 291.65 1091.95 697.885
1020.49 472.426 854.913 615.435
1137.77 296.043 1095.34 733.235
1102.78 274.802 1118.07 695.096
1139.61 301.303 1088.33 735.722
952.388 437.464 889.763 550.137
834.977 570.629 732.692 451.313
974.384 704.958 601.949 577.597
1101.78 295.347 1088.49 695.294
1107.16 274.832 1118.1 702.898
829.531 575.845 726.513 447.218
975.756 711.548 596.028 578.475
994.982 687.927 618.828 595.303
993.374 663.712 643.797 593.128
1102.32 315.261 1061.43 695.151
814.506 676.879 626.203 443.209
1087.82 332.645 1034.64 682.052
1111.23 291.931 1095.21 705.636
922.404 511.304 802.44 525.25
1129.94 308.066 1074.53 725.119
868.015 647.914 654.752 483.703
995.978 665.539 641.528 595.748
1102.32 315.261 1061.43 695.151
905.135 640.627 663.612 514.849
872.733 545.924 760.361 482.421
1070.93 287.175 1097.17 663.719
920.809 528.557 782.82 524.36
1114.33 320.467 1057.19 707.52
851.267 451.658 862.798 457.062
869.433 500.537 809.767 474.915
902.117 641.096 663.388 513.894
899.127 478.248 837.453 502.267
461.425 298.565 455.661 249.831
579.834 651.208 799.606 101.603
440.546 515.644 688.611 218.821
356.23 643.773 820.636 251.681
389.639 458.04 634.635 269.376
583.893 401.871 564.607 136.91
485.858 459.552 628.755 196.965
587.694 333.043 491.29 147.085
551.424 395.983 559.786 160.515
390.371 548.309 725.353 248.856
444.953 518.871 691.428 214.022
592.468 468.171 631.428 118.132
563.937 285.314 438.52 172.499
474.068 505.016 676.731 196.794
340.092 432.97 610.706 315.248
587.057 487.623 650.584 120.211
441.863 521.082 693.604 216.393
439.073 620.888 788.357 198.544
537.032 494.281 661.288 150.794
547.781 393.462 558.903 161.33
323.75 391.166 565.873 340.652
512.73 509.627 677.631 167.159
503.78 455.658 623.902 183.721
349.741 357.614 524.253 328.148
596.838 313.87 470.683 141.926
603.656 332.701 490.782 136.387
537.032 494.281 661.288 150.794
599.59 329.807 490.374 138.762
468.417 360.189 524.406 231.326
384.312 629.413 803.287 235.814
424.62 417.287 588.568 253.065
585.382 686.073 829.588 90.3204
360.419 585.806 764.972 262.824
583.5 626.508 779.064 99.2785
506.198 425.502 593.674 188.193
609.872 387.29 548.424 122.378
449.485 393.381 562.219 237.969
577.031 598.95 755.546 108.341
594.859 483.994 649.933 115.971
405.978 387.478 557.496 273.217
570.567 279.449 433.064 169.192
323.475 390.216 564.389 340.855
582.663 488.603 654.516 121.671
387.59 627.837 800.864 233.629
610.794 677.284 818.979 78.9625
587.904 645.753 795.537 96.7616
609.842 624.288 775.081 86.0136
367.828 475.923 655.098 282.3
394.113 343.45 507.235 295.077
535.484 494.698 661.479 152.061
312.372 572.221 756.289 301.577
379.455 628.842 802.875 239.232
577.118 655.122 803.876 103.185
548.028 672.847 823.057 115.395
376.343 337.165 500.749 311.843
387.502 627.065 799.998 234.595
426.71 480.603 654.078 235.738
592.468 468.171 631.428 118.132
588.031 460.527 627.367 121.922
434.698 318.258 477.899 267.227
605.391 676.599 818.979 78.9625
581.038 651.075 799.43 99.44
591.418 487.733 649.933 115.971
598.283 658.997 806.274 87.0147
409.743 471.108 645.958 250.574
453.415 359.839 524.933 242.336
594.675 622.244 773.83 94.3214
547.781 393.462 558.903 161.33
587.916 689.292 830.287 89.1715
516.462 290.795 445.952 208.438
432.198 415.557 586.335 247.157
558.074 663.815 813.556 110.291
589.406 657.386 803.321 93.4705
529.631 295.181 451.536 196.149
476.867 325.424 486.445 232.151
563.937 285.314 438.52 172.499
486.656 504.318 674.751 187.084
458.838 362.508 526.881 238.087
384.334 626.203 800.864 233.629
567.498 683.38 829.739 102.203
446.349 525.386 696.838 212.652
594.816 460.423 627.114 118.594
344.246 427.458 604.42 312.161
595.349 467.094 631.739 116.953
572.585 688.754 831.543 96.39
447.221 541.932 714.205 209.389
422.813 630.682 800.759 207.979
506.332 455.188 623.762 182.171
582.835 620.482 772.762 101.424
509.588 634.416 794.914 145.666
422.369 497.993 672.872 235.92
383.508 630.719 805.02 235.861
378.768 363.328 531.393 300.951
420.697 496.816 671.774 236.149
474.907 499.975 670.179 196.205
590.085 316.201 472.277 145.336
448.647 506.17 678.084 213.777
290.947 550.025 737.523 323.532
507.606 345.442 508.11 202.239
587.258 485.834 650.584 120.211
288.697 604.039 790.459 311.247
470.964 623.381 788.784 174.931
579.909 687.124 831.072 93.3661
545.443 404.727 569.919 162.29
452.7 361.37 526.7 243.347
389.833 459.285 636.453 268.824
339.482 428.581 606.3 315.102
395.501 646.019 817.315 222.948
564.847 473.915 638.729 138.085
583.981 650.645 799.041 97.6105
593.754 301.572 454.864 147.688
604.208 391.741 554.977 123.523
601.878 385.163 545.567 126.349
594.841 373.062 533.54 132.556
403.316 518.937 696.276 247.075
427.874 501.769 675.723 231.201
599.729 624.085 777.05 91.4649
584.725 685.175 829.588 90.3204
506.332 455.188 623.762 182.171
448.648 279.53 432.869 265.298
278.113 616.269 803.924 317.014
421.018 631.289 800.759 207.979
289.833 599.982 786.683 311.378
390.058 460.349 636.453 268.824
585.761 655.577 802.583 95.8632
371.833 486.907 664.654 277.623
593.119 621.71 773.83 94.3214
607.448 651.561 797.2 83.2808
564.162 473.783 638.729 138.085
444.165 314.288 472.401 261.594
576.555 311.164 468.489 159.363
434.943 450.861 622.843 237.049
449.884 543.838 717.355 206.562
342.852 372.564 543.275 329.931
603.384 392.832 554.977 123.523
496.52 498.729 667.644 179.202
458.838 362.508 526.881 238.087
547.781 393.462 558.903 161.33
596.2 657.705 804.918 87.1857
438.562 621.462 788.357 198.544
597.304 318.323 475.339 140.097
504.936 455.489 623.902 183.721
591.564 682.971 826.578 86.4783
588.031 460.527 627.367 121.922
358.278 588.256 766.89 263.902
579.909 687.124 831.072 93.3661
508.883 424.174 591.544 185.264
507.78 454.555 622.934 180.375
585.761 655.577 802.583 95.8632
611.547 311.616 468.063 131.32
341.085 366.925 536.438 332.762
430.585 637.326 805.937 199.324
448.647 506.17 678.084 213.777
465.726 358.955 523.094 233.779
587.848 467.663 631.583 121.483
334.858 366.632 536.688 337.701
587.419 471.223 634.541 121.305
488.331 432.972 603.922 199.35
588.722 622.818 774.888 97.9867
430.135 360.375 525.55 261.372
514.959 496.288 664.635 165.867
595.23 311.806 467.552 142.889
615.028 392.443 554.223 118.048
430.997 638.208 805.937 199.324
441.174 382.772 550.828 247.08
578.286 655.137 803.924 101.872
397.656 647.528 817.973 221.283
492.823 479.581 649.233 186.161
533.477 493.916 660.974 154.229
438.007 303.705 459.077 266.984
422.679 317.073 477.462 279.194
430.136 629.245 798.386 202.802
458.411 333.912 495.181 244.705
292.709 559.357 746.669 320.426
388.954 494.7 670.891 260.833
397.902 367.493 534.685 286.341
491.592 565.999 732.918 171.041
564.162 473.783 638.729 138.085
331.576 359.696 529.29 342.003
593.746 469.215 631.739 116.953
592.722 309.222 464.825 145.777
446.554 524.43 696.838 212.652
543.08 388.351 553.645 166.376
380.724 487.021 666.296 269.228
585.263 630.363 782.428 96.7917
506.733 473.567 642.422 176.725
565.736 695.872 837.191 101.749
594.851 317.009 474.547 143.124
368.137 407.552 581.023 300.145
595.349 467.094 631.739 116.953
440.263 585.467 756.858 203.333
355.144 524.894 705.511 280.64
592.197 625.47 777.074 94.2363
359.939 347.719 513.668 322.316
340.007 432.002 610.123 314.986
371.911 477.033 656.007 279.325
301.198 552.951 738.742 314.61
442.271 612.211 779.586 195.35
493.467 509.576 678.677 179.671
283.156 588.925 774.492 319.55
424.215 420.966 594.007 252.192
588.031 460.527 627.367 121.922
592.722 309.222 466.313 146.001
285.105 487.113 672.082 347.482
592.722 309.222 464.825 145.777
545.443 404.727 569.919 162.29
439.491 618.734 786.223 198.574
449.485 393.381 562.219 237.969
396.442 653.339 821.606 221.048
371.273 437.29 612.784 290.693
585.556 488.838 650.584 120.211
558.454 685.388 832.784 108.471
329.941 633.062 813.024 271.798
588.516 484.244 648.173 119.527
595.349 467.094 631.739 116.953
586.447 655.8 802.583 95.8632
583.195 613.097 768.94 100.658
588.806 649.973 798.805 95.0283
346.923 371.714 541.662 327.193
430.797 357.765 523.549 261.992
431.388 307.644 465.582 273.289
449.884 543.838 717.355 206.562
575.716 687.172 831.543 96.39
550.634 659.723 811.419 116.295
382.666 476.697 653.795 271.039
506.013 449.053 618.268 182.981
413.468 300.126 456.636 289.213
596.059 313.846 470.683 141.926
382.407 641.252 810.737 234.595
417.433 497.273 672.09 239.664
341.085 366.925 536.438 332.762
486.656 504.318 674.751 187.084
552.212 660.84 811.419 116.295
349.741 357.614 524.253 328.148
588.699 307.207 463.319 150.439
522.693 369.817 534.188 186.052
596.838 313.87 470.683 141.926
370.61 482.841 662.159 278.851
361.155 634.558 810.224 249.736
510.107 635.305 794.914 145.666
575.667 280.16 433.246 165.906
359.939 347.719 513.668 322.316
474.28 360.444 525.245 227.646
594.11 625.411 777.074 94.2363
558.454 685.388 832.409 107.675
556.559 299.863 456.013 175.591
516.462 290.795 445.952 208.438
378.243 361.729 529.259 303.33
506.332 455.188 623.762 182.171
430.797 357.765 523.549 261.992
592.197 625.47 777.074 94.2363
594.841 373.062 533.54 132.556
331.576 359.696 529.29 342.003
474.85 498.823 668.679 195.923
522.67 282.908 437.068 204.096
385.313 627.543 800.864 233.629
531.532 290.618 445.419 196.561
598.247 313.267 470.573 141.015
595.937 625.178 777.05 91.4649
345.214 367.505 536.52 328.282
556.967 411.335 579.768 153.992
420.395 337.229 499.936 275.541
307.174 582.199 767.408 303.074
590.671 471.312 635.162 118.413
439.053 619.238 787.575 198.551
587.244 646.725 795.537 96.7616
341.003 353.951 521.595 335.983
592.743 473.706 636.316 117.021
510.057 456.485 624.775 178.874
572.73 465.006 632.507 133.218
557.657 469.003 637.739 143.101
462.857 360.674 525.254 235.611
428.853 501.162 674.758 230.864
585.556 488.838 650.584 120.211
506.733 473.567 642.422 176.725
503.408 342.725 505.971 206.052
507.863 531.183 698.982 166.451
501.207 443.627 614.248 187.301
585.382 686.073 829.588 90.3204
385.313 627.543 800.864 233.629
536.296 496.917 663.366 151.403
290.947 550.025 737.523 323.532
465.899 358.025 522.363 233.747
443.632 537.189 710.332 213.976
588.138 620.369 773.608 96.5684
289.388 677.864 859.264 292.972
587.416 492.871 659.496 119.501
509.923 423.603 591.544 185.264
588.031 460.527 627.367 121.922
508.476 528.446 696.327 166.389
470.751 622.38 787.823 174.797
446.361 283.421 437.158 266.325
449.14 626.807 793.905 189.681
439.073 620.888 788.357 198.544
336.073 429.174 606.406 320.084
370.54 481.801 662.159 278.851
503.78 455.658 623.902 183.721
423.884 424.158 595.44 251.692
598.247 313.267 470.573 141.015
388.331 559.599 736.566 250.123
356.815 523.496 705.511 280.64
374.208 321.105 483.112 316.864
381.848 462.771 639.708 275.338
352.23 526.173 706.865 282.572
581.98 592.87 749.098 106.499
599.703 271.125 422.316 148.657
561.073 688.736 835.201 105.619
496.885 482.336 652.627 185.452
374.738 634.202 808.248 241.349
586.447 655.8 802.583 95.8632
369.041 477.085 656.232 280.78
590.941 373.471 535.068 134.741
586.852 321.213 478.517 148.143
589.28 497.678 658.782 117.165
369.69 629.689 805.148 245.359
542.747 401.355 567.761 165.885
420.335 569.91 742.436 220.16
564.847 473.915 638.729 138.085
584.725 685.175 829.588 90.3204
358.278 588.256 766.89 263.902
349.741 357.614 524.253 328.148
443.244 281.828 435.763 269.113
402.002 645.021 815.4 219.192
366.742 312.571 472.772 328.254
511.757 510.113 677.631 167.159
529.631 295.181 451.536 196.149
387.59 627.837 800.864 233.629
484.602 504.518 674.751 187.084
304.739 626.324 810.346 296.8
509.588 634.416 793.975 146.1
381.62 510.337 688.287 264.696
438.577 515.406 688.825 219.983
439.31 585.745 756.858 203.333
484.602 504.518 674.751 187.084
290.947 550.025 737.523 323.532
389.731 327.713 486.964 301.69
356.815 523.496 705.511 280.64
431.989 361.908 527.01 260.287
581.509 686.169 830.297 92.6092
503.399 652.352 810.695 146.928
416.467 496.524 671.596 240.999
507.606 345.442 508.11 202.239
588.323 631.948 783.067 95.7354
370.602 484.269 662.159 278.851
434.943 450.861 622.843 237.049
343.997 320.57 482.441 343.22
446.288 378.365 545.411 244.348
431.111 416.314 587.586 247.773
439.073 620.888 787.575 198.551
422.651 500.759 675.802 235.185
510.137 434.073 602.165 181.712
290.143 570.415 757.661 318.165
424.064 497.161 671.647 235.173
522.67 282.908 437.068 204.096
448.648 279.53 432.869 265.298
439.458 617.489 786.223 198.574
441.955 373.17 539.806 248.532
589.9 463.839 628.255 119.431
439.073 620.888 787.575 198.551
545.563 403.733 569.919 162.29
470.193 619.073 784.268 175.76
289.443 679.355 858.674 290.834
599.703 271.125 422.316 148.657
455.813 361.238 526.398 240.136
491.592 565.999 732.918 171.041
577.118 655.122 803.876 103.185
356.131 525.694 705.899 279.541
602.669 619.7 770.702 89.5031
597.115 309.284 463.751 145.27
588.516 484.244 648.173 119.527
402.002 645.021 815.4 219.192
505.532 434.139 604.392 185.271
342.852 372.564 543.275 329.931
585.5 620.933 774.888 97.9867
311.219 572.323 754.654 301.384
388.331 559.599 736.566 250.123
579.782 689.807 831.072 93.3661
514.668 420.915 587.979 181.697
467.989 627.104 793.293 177.922
470.193 619.073 784.268 175.76
580.607 649.589 799.606 101.603
596.059 313.846 470.683 141.926
446.262 345.908 509.267 251.722
592.743 473.706 636.316 117.021
424.234 569.398 742.436 220.16
616.347 392.871 554.615 117.179
424.62 417.287 588.568 253.065
505.417 586.913 749.662 157.093
387.297 393.576 564.277 288.299
290.327 590.79 778.222 312.671
593.088 625.49 777.074 94.2363
510.107 635.305 794.914 145.666
393.324 345.169 509.535 295.099
594.851 317.009 474.547 143.124
470.751 622.38 787.823 174.797
497.579 457.667 626.468 189.786
430.394 390.448 558.851 254.047
581.038 651.075 799.43 99.44
423.457 422.349 594.007 252.192
361.117 588.675 767.579 260.907
547.781 393.462 558.903 161.33
457.657 501.515 673.323 208.943
583.653 671.842 817.87 95.0194
474.907 499.975 670.179 196.205
592.468 468.171 631.428 118.132
370.61 482.841 662.159 278.851
304.739 626.324 810.346 296.8
340.149 355.424 522.635 336.164
545.563 403.733 569.919 162.29
450.988 377.799 544.633 238.847
399.128 642.914 813.548 221.418
430.971 309.521 466.742 273.723
594.571 275.48 428.243 151.375
442.599 283.432 435.763 269.113
569.184 439.527 603.555 139.815
363.756 318.719 477.714 328.297
381.62 510.337 688.287 264.696
301.198 552.951 738.742 314.61
578.32 404.449 567.854 140.6
298.466 512.339 697.553 327.489
423.457 422.349 594.007 252.192
590.045 564.396 723.278 104.931
464.909 376.785 541.646 228.154
453.415 359.839 524.933 242.336
301.284 655.95 837.456 288.88
581.509 686.169 830.297 92.6092
492.823 479.581 649.233 186.161
465.703 359.632 524.406 231.326
397.122 555.707 730.841 241.923
485.858 459.552 628.755 196.965
591.564 682.971 826.578 86.4783
582.439 308.841 465.088 153.841
587.848 467.663 631.583 121.483
370.54 481.801 662.159 278.851
589.577 619.692 773.608 96.5684
590.085 316.201 474.029 147.057
387.502 627.065 800.864 233.629
371.751 514.336 693.374 270.786
