0 2892
1 806
2 103
3 86
4 3012
5 610
6 1791
7 1211
8 1029
9 2465
10 289
11 739
12 2470
13 767
14 2385
15 2545
16 1835
17 2167
18 2137
19 2106
20 1885
21 1035
22 2086
23 2515
24 802
25 942
26 241
27 1031
28 2523
29 1983
30 0
31 804
32 1782
33 215
34 1476
35 1240
36 2179
37 258
38 2311
39 2933
40 211
41 136
42 1835
43 722
44 2755
45 2460
46 710
47 72
48 1149
49 1238
50 93
51 678
52 202
53 1859
54 1278
55 1700
56 2612
57 1715
58 2041
59 1264
60 217
61 2117
62 367
63 2666
64 288
65 904
66 2379
67 1911
68 7
69 1803
70 2967
71 87
72 622
73 1454
74 210
75 821
76 1711
77 2310
78 1806
79 1279
80 1426
81 183
82 2811
83 77
84 747
85 1396
86 1618
87 1330
88 1312
89 1594
90 722
91 81
92 2719
93 2871
94 943
95 809
96 746
97 57
98 2268
99 2588
100 1921
101 37
102 978
103 2709
104 818
105 852
106 2796
107 1588
108 1547
109 2663
110 1018
111 2720
112 1301
113 2077
114 1595
115 1093
116 2718
117 2981
118 1886
119 183
120 2743
121 2701
122 1846
123 2573
124 819
125 48
126 2784
127 1216
128 2974
129 1222
130 768
131 331
132 1053
133 1929
134 2154
135 1710
136 1501
137 911
138 2604
139 40
140 1445
141 239
142 857
143 1280
144 994
145 2753
146 2806
147 2932
148 272
149 2544
150 809
151 2887
152 2369
153 828
154 1936
155 2785
156 2689
157 278
158 2944
159 1585
160 1146
161 565
162 2419
163 462
164 766
165 1812
166 1590
167 2665
168 1685
169 1148
170 2419
171 2918
172 728
173 1785
174 300
175 2493
176 419
177 1333
178 133
179 200
180 825
181 2559
182 2125
183 2329
184 749
185 912
186 982
187 1540
188 1751
189 87
190 1172
191 1357
192 2463
193 563
194 2887
195 255
196 847
197 1130
198 1897
199 1405
200 1166
201 1208
202 1370
203 1569
204 2164
205 1224
206 1277
207 888
208 1877
209 1022
210 2497
211 2118
212 981
213 2666
214 1848
215 1322
216 984
217 625
218 2656
219 501
220 692
221 2713
222 1834
223 979
224 2494
225 931
226 1211
227 1338
228 118
229 2972
230 5
231 674
232 1605
233 910
234 1239
235 1570
236 830
237 2156
238 1614
239 188
240 982
241 401
242 1377
243 1689
244 1543
245 832
246 1568
247 833
248 2032
249 2633
250 360
251 858
252 2038
253 1440
254 2820
255 2399
256 1670
257 1539
258 1553
259 1358
260 2495
261 2787
262 1342
263 2012
264 1160
265 1732
266 1117
267 591
268 2993
269 1273
270 1875
271 2099
272 1648
273 1072
274 2553
275 543
276 992
277 2728
278 1444
279 1566
280 775
281 1036
282 2286
283 1720
284 2689
285 1255
286 2929
287 1217
288 350
289 33
290 2432
291 180
292 2888
293 1550
294 1540
295 1085
296 1604
297 927
298 2412
299 213
300 426
301 2888
302 1363
303 1396
304 1913
305 1644
306 857
307 2039
308 1900
309 2075
310 1369
311 2317
312 1782
313 2667
314 2368
315 779
316 1238
317 275
318 781
319 1288
320 2713
321 1491
322 947
323 1291
324 1540
325 1183
326 430
327 1219
328 930
329 2965
330 1576
331 2553
332 1541
333 1614
334 1423
335 767
336 481
337 2831
338 1759
339 1277
340 1403
341 1965
342 597
343 1800
344 2808
345 2381
346 2529
347 1297
348 1679
349 2391
350 2479
351 2837
352 2702
353 144
354 727
355 2742
356 578
357 2507
358 2581
359 2402
360 2553
361 2017
362 1718
363 1414
364 2381
365 1305
366 2893
367 2610
368 2597
369 2409
370 2882
371 1276
372 2260
373 761
374 1745
375 308
376 2296
377 1478
378 1075
379 2986
380 2021
381 2348
382 1590
383 979
384 790
385 940
386 1719
387 1435
388 2754
389 2496
390 689
391 1020
392 1530
393 1096
394 2972
395 616
396 1652
397 351
398 1364
399 1606
400 2680
401 1600
402 1841
403 1282
404 1198
405 610
406 2961
407 681
408 665
409 1862
410 2050
411 610
412 1024
413 377
414 2955
415 1560
416 209
417 143
418 1779
419 333
420 680
421 1478
422 1161
423 2363
424 2190
425 427
426 1202
427 937
428 610
429 1651
430 2633
431 2087
432 676
433 369
434 1553
435 982
436 1434
437 1456
438 2313
439 2845
440 2174
441 1286
442 2272
443 1869
444 655
445 1337
446 1099
447 1021
448 848
449 221
450 2448
451 2435
452 2687
453 1608
454 753
455 2476
456 928
457 1556
458 2135
459 2647
460 1652
461 1685
462 2590
463 1
464 1055
465 2156
466 1899
467 1430
468 1560
469 1595
470 1051
471 1684
472 2350
473 1318
474 861
475 2665
476 2708
477 1294
478 958
479 94
480 1853
481 1643
482 1146
483 2753
484 688
485 2078
486 1541
487 909
488 1154
489 1050
490 844
491 1149
492 997
493 2510
494 1055
495 1807
496 2524
497 2756
498 2426
499 1941
500 953
501 2689
502 1995
503 500
504 2771
505 1841
506 848
507 1953
508 1067
509 1939
510 162
511 457
512 1780
513 2843
514 2042
515 903
516 527
517 2453
518 980
519 1555
520 1303
521 427
522 1117
523 1724
524 1725
525 2823
526 1707
527 2062
528 1401
529 2553
530 1904
531 1127
532 2370
533 2143
534 707
535 288
536 2808
537 2057
538 1286
539 2710
540 1621
541 1326
542 1832
543 1054
544 848
545 2687
546 2854
547 1921
548 1806
549 2963
550 2674
551 342
552 2875
553 2471
554 2393
555 2260
556 2634
557 932
558 1279
559 37
560 1878
561 322
562 1901
563 168
564 2878
565 976
566 1933
567 1391
568 1718
569 2834
570 2734
571 293
572 335
573 718
574 492
575 294
576 363
577 1006
578 386
579 519
580 2560
581 1476
582 2405
583 30
584 2181
585 1968
586 730
587 854
588 1693
589 2069
590 2453
591 1993
592 159
593 2847
594 1462
595 1344
596 1267
597 1659
598 1794
599 87
600 1250
601 1073
602 2459
603 783
604 896
605 333
606 528
607 1413
608 884
609 2743
610 2965
611 787
612 1156
613 885
614 1028
615 1786
616 1002
617 2435
618 790
619 1305
620 1520
621 2533
622 1490
623 2300
624 23
625 2645
626 722
627 1491
628 1816
629 1773
630 2921
631 921
632 1025
633 2067
634 1050
635 744
636 1232
637 1230
638 2824
639 1223
640 1315
641 1305
642 542
643 266
644 2544
645 531
646 1818
647 1763
648 790
649 702
650 249
651 679
652 1766
653 2427
654 2634
655 6
656 1581
657 134
658 1865
659 2312
660 2744
661 1590
662 2841
663 2715
664 2325
665 972
666 2833
667 1686
668 1934
669 2263
670 989
671 346
672 2639
673 2669
674 1734
675 1568
676 1105
677 2696
678 1267
679 1149
680 2438
681 283
682 1491
683 2235
684 2994
685 990
686 152
687 2018
688 954
689 2523
690 809
691 19
692 1842
693 1977
694 1387
695 2251
696 1840
697 1653
698 1915
699 2942
700 1564
701 2399
702 884
703 744
704 1008
705 1076
706 1003
707 1116
708 2945
709 548
710 1325
711 2025
712 510
713 2521
714 1986
715 1228
716 1479
717 2464
718 2151
719 1160
720 2658
721 701
722 746
723 2638
724 2183
725 998
726 2392
727 414
728 2836
729 1264
730 1594
731 2800
732 2745
733 1498
734 1259
735 1077
736 963
737 1307
738 1042
739 1309
740 2591
741 239
742 1915
743 367
744 1450
745 2217
746 2802
747 2425
748 2467
749 2553
750 479
751 2434
752 2141
753 1416
754 2920
755 652
756 642
757 822
758 323
759 258
760 2120
761 764
762 602
763 788
764 152
765 2526
766 666
767 2343
768 2373
769 2638
770 1185
771 64
772 1925
773 1006
774 2055
775 2396
776 1354
777 880
778 938
779 1094
780 2136
781 1635
782 1601
783 1577
784 1850
785 1239
786 249
787 2992
788 1410
789 1317
790 1002
791 1926
792 1995
793 2686
794 1430
795 2961
796 888
797 1279
798 2526
799 117
800 2071
801 27
802 723
803 1485
804 2867
805 2668
806 1886
807 700
808 1921
809 2734
810 2927
811 1829
812 1823
813 2609
814 2588
815 1358
816 1515
817 1260
818 92
819 1821
820 1743
821 2405
822 1826
823 1030
824 1368
825 2011
826 1595
827 2494
828 1122
829 110
830 2634
831 2965
832 2354
833 1910
834 1471
835 263
836 299
837 1513
838 239
839 1075
840 2135
841 2336
842 2793
843 356
844 2715
845 218
846 1298
847 694
848 726
849 934
850 1234
851 2019
852 1192
853 692
854 1623
855 440
856 2715
857 624
858 983
859 1835
860 1002
861 336
862 2050
863 1679
864 1053
865 55
866 201
867 996
868 2989
869 1242
870 1935
871 222
872 1494
873 1639
874 1611
875 1277
876 822
877 839
878 706
879 1774
880 2477
881 1581
882 668
883 640
884 2168
885 128
886 875
887 1778
888 1234
889 1817
890 716
891 2524
892 1569
893 1986
894 1727
895 385
896 2558
897 1579
898 525
899 1889
900 1015
901 194
902 758
903 2573
904 141
905 2232
906 2151
907 1509
908 2542
909 2946
910 2510
911 1842
912 8
913 1427
914 2468
915 205
916 1178
917 734
918 2813
919 2594
920 3008
921 1751
922 892
923 1483
924 865
925 1923
926 2435
927 1229
928 894
929 2803
930 2413
931 1692
932 1202
933 701
934 2703
935 831
936 1493
937 1162
938 388
939 861
940 982
941 2126
942 376
943 1653
944 83
945 1236
946 1270
947 1380
948 2051
949 2679
950 2532
951 284
952 2525
953 106
954 2105
955 1554
956 706
957 1508
958 239
959 1052
960 966
961 918
962 319
963 1733
964 628
965 269
966 686
967 968
968 2699
969 2934
970 2142
971 1828
972 2502
973 1528
974 1895
975 2894
976 699
977 1524
978 392
979 1073
980 1825
981 1755
982 1541
983 2489
984 2051
985 1287
986 533
987 1587
988 169
989 1920
990 1145
991 2762
992 1729
993 1317
994 1990
995 2082
996 898
997 82
998 1588
999 2839
1000 2460
1001 1703
1002 2155
1003 1509
1004 2396
1005 2829
1006 2756
1007 2972
1008 2482
1009 346
1010 2397
1011 2129
1012 1310
1013 2498
1014 908
1015 2821
1016 1620
1017 1253
1018 2226
1019 988
1020 2868
1021 1775
1022 262
1023 221
1024 1917
1025 2754
1026 2214
1027 2542
1028 830
1029 890
1030 2020
1031 141
1032 2695
1033 1782
1034 2810
1035 1532
1036 261
1037 2582
1038 1007
1039 823
1040 1274
1041 1622
1042 1140
1043 1358
1044 1245
1045 43
1046 2453
1047 1368
1048 2297
1049 885
1050 1436
1051 1540
1052 576
1053 2235
1054 2108
1055 2386
1056 1658
1057 2153
1058 2354
1059 1934
1060 1705
1061 2441
1062 772
1063 581
1064 33
1065 337
1066 1858
1067 2774
1068 1965
1069 2870
1070 2179
1071 833
1072 121
1073 753
1074 2725
1075 350
1076 1058
1077 2861
1078 2404
1079 2936
1080 2131
1081 1033
1082 1541
1083 2192
1084 650
1085 2526
1086 2701
1087 2486
1088 1153
1089 1872
1090 779
1091 1279
1092 2050
1093 352
1094 881
1095 1545
1096 385
1097 262
1098 964
1099 327
1100 1870
1101 760
1102 1639
1103 169
1104 58
1105 2440
1106 2458
1107 646
1108 2812
1109 225
1110 140
1111 2381
1112 1359
1113 2803
1114 44
1115 2010
1116 1912
1117 2067
1118 2525
1119 1276
1120 2818
1121 1421
1122 2457
1123 1587
1124 937
1125 376
1126 1395
1127 845
1128 738
1129 2715
1130 1868
1131 2603
1132 1871
1133 918
1134 2491
1135 1877
1136 351
1137 687
1138 2418
1139 932
1140 1625
1141 2818
1142 318
1143 2394
1144 1050
1145 2051
1146 131
1147 350
1148 356
1149 1504
1150 1747
1151 2624
1152 1899
1153 587
1154 92
1155 821
1156 2756
1157 967
1158 1772
1159 2412
1160 415
1161 1707
1162 1039
1163 983
1164 1208
1165 2900
1166 611
1167 716
1168 921
1169 1903
1170 2464
1171 22
1172 701
1173 1444
1174 1305
1175 928
1176 1255
1177 2380
1178 279
1179 758
1180 1119
1181 319
1182 2293
1183 2450
1184 1798
1185 2236
1186 1191
1187 2161
1188 678
1189 1701
1190 691
1191 2041
1192 654
1193 293
1194 2381
1195 2816
1196 1767
1197 35
1198 259
1199 484
1200 2747
1201 1548
1202 74
1203 2229
1204 675
1205 2548
1206 1055
1207 198
1208 2837
1209 9
1210 1368
1211 899
1212 2957
1213 1062
1214 716
1215 2842
1216 1348
1217 2450
1218 618
1219 1333
1220 2329
1221 1017
1222 1968
1223 1888
1224 1824
1225 1257
1226 1508
1227 3001
1228 1224
1229 685
1230 1081
1231 2230
1232 48
1233 2131
1234 1110
1235 1176
1236 1456
1237 717
1238 1216
1239 88
1240 2187
1241 345
1242 1305
1243 500
1244 1707
1245 267
1246 1820
1247 2025
1248 1236
1249 1925
1250 941
1251 159
1252 1406
1253 47
1254 2387
1255 611
1256 608
1257 2678
1258 2790
1259 1498
1260 2809
1261 764
1262 1570
1263 1017
1264 2894
1265 2930
1266 960
1267 2080
1268 933
1269 848
1270 947
1271 963
1272 902
1273 2757
1274 1413
1275 2540
1276 1365
1277 679
1278 469
1279 1365
1280 1175
1281 1212
1282 2056
1283 1926
1284 2705
1285 1361
1286 1667
1287 45
1288 2640
1289 1004
1290 2969
1291 1338
1292 2872
1293 1757
1294 2096
1295 155
1296 1301
1297 1743
1298 2632
1299 2020
1300 2055
1301 1324
1302 2051
1303 308
1304 2660
1305 1873
1306 1758
1307 980
1308 7
1309 1899
1310 247
1311 2027
1312 2972
1313 94
1314 2715
1315 2785
1316 1512
1317 1588
1318 2863
1319 2491
1320 2836
1321 1418
1322 2817
1323 1688
1324 18
1325 154
1326 1861
1327 877
1328 2802
1329 1055
1330 811
1331 1604
1332 763
1333 2480
1334 679
1335 744
1336 1407
1337 1981
1338 1360
1339 1253
1340 1229
1341 692
1342 43
1343 863
1344 1271
1345 2189
1346 68
1347 2324
1348 681
1349 792
1350 1091
1351 513
1352 2342
1353 1341
1354 708
1355 2014
1356 1407
1357 1931
1358 457
1359 888
1360 725
1361 1439
1362 1588
1363 1183
1364 1959
1365 2432
1366 2251
1367 2650
1368 1770
1369 2877
1370 2029
1371 239
1372 1402
1373 2648
1374 866
1375 1669
1376 2984
1377 846
1378 1743
1379 2377
1380 1070
1381 920
1382 53
1383 2754
1384 385
1385 1960
1386 877
1387 1026
1388 2402
1389 290
1390 1020
1391 367
1392 1469
1393 2176
1394 948
1395 1083
1396 678
1397 1753
1398 2777
1399 2823
1400 1887
1401 1088
1402 2762
1403 1633
1404 266
1405 1425
1406 1784
1407 1300
1408 182
1409 1882
1410 1775
1411 718
1412 2257
1413 2961
1414 116
1415 1000
1416 948
1417 1054
1418 990
1419 771
1420 810
1421 1657
1422 2432
1423 1656
1424 45
1425 1974
1426 1941
1427 831
1428 2891
1429 982
1430 950
1431 1121
1432 2382
1433 2786
1434 2611
1435 844
1436 2819
1437 1266
1438 2097
1439 1845
1440 2585
1441 1948
1442 1820
1443 1504
1444 1038
1445 1330
1446 1951
1447 94
1448 1886
1449 338
1450 1798
1451 41
1452 162
1453 177
1454 1659
1455 1358
1456 652
1457 2354
1458 1046
1459 1668
1460 2682
1461 1046
1462 1527
1463 1987
1464 1279
1465 1432
1466 874
1467 108
1468 1860
1469 324
1470 2994
1471 1263
1472 2648
1473 5
1474 1307
1475 2401
1476 945
1477 1578
1478 109
1479 385
1480 1855
1481 451
1482 2130
1483 2822
1484 1668
1485 750
1486 1948
1487 244
1488 2722
1489 2113
1490 190
1491 1043
1492 1756
1493 36
1494 385
1495 2723
1496 2140
1497 1208
1498 1669
1499 1348
1500 2876
1501 2673
1502 662
1503 1722
1504 165
1505 1997
1506 759
1507 1721
1508 1329
1509 2865
1510 1827
1511 2273
1512 1263
1513 1664
1514 2478
1515 2662
1516 667
1517 2513
1518 2511
1519 2139
1520 2901
1521 1587
1522 1049
1523 2132
1524 668
1525 745
1526 2156
1527 1624
1528 2451
1529 74
1530 37
1531 171
1532 897
1533 1226
1534 1873
1535 1864
1536 2341
1537 1942
1538 2259
1539 1856
1540 345
1541 2917
1542 339
1543 1531
1544 451
1545 1447
1546 48
1547 2234
1548 2823
1549 1376
1550 1272
1551 2226
1552 406
1553 2754
1554 142
1555 1308
1556 2904
1557 1023
1558 194
1559 1920
1560 1352
1561 1089
1562 1998
1563 1635
1564 2569
1565 1767
1566 1840
1567 2030
1568 1111
1569 2483
1570 1752
1571 1425
1572 349
1573 273
1574 752
1575 1348
1576 751
1577 2354
1578 995
1579 655
1580 2757
1581 764
1582 1238
1583 2802
1584 2328
1585 1918
1586 1155
1587 1989
1588 1011
1589 1021
1590 2692
1591 1260
1592 1438
1593 1244
1594 174
1595 2901
1596 972
1597 1278
1598 1427
1599 674
1600 1001
1601 330
1602 342
1603 1313
1604 862
1605 808
1606 1130
1607 283
1608 1491
1609 1422
1610 1594
1611 1741
1612 1251
1613 2392
1614 2127
1615 2096
1616 1522
1617 1409
1618 2954
1619 1997
1620 855
1621 1259
1622 2050
1623 2122
1624 2501
1625 188
1626 1303
1627 2415
1628 1041
1629 1522
1630 2840
1631 1496
1632 2875
1633 288
1634 62
1635 939
1636 2780
1637 148
1638 1895
1639 1892
1640 714
1641 2502
1642 1534
1643 1968
1644 2828
1645 2694
1646 751
1647 2210
1648 1013
1649 27
1650 1911
1651 367
1652 1546
1653 188
1654 2124
1655 1296
1656 2820
1657 1165
1658 2445
1659 907
1660 70
1661 1580
1662 2632
1663 328
1664 2741
1665 1539
1666 2798
1667 1023
1668 2172
1669 846
1670 1281
1671 1780
1672 2413
1673 776
1674 2766
1675 969
1676 1934
1677 1612
1678 2011
1679 826
1680 29
1681 1163
1682 301
1683 832
1684 2516
1685 3002
1686 1480
1687 344
1688 2526
1689 1208
1690 1829
1691 45
1692 1662
1693 1838
1694 2104
1695 1726
1696 466
1697 2113
1698 1552
1699 2315
1700 1254
1701 1783
1702 2063
1703 1898
1704 2807
1705 702
1706 626
1707 2419
1708 900
1709 2082
1710 164
1711 2159
1712 2423
1713 1064
1714 722
1715 836
1716 617
1717 968
1718 2960
1719 1357
1720 1519
1721 1015
1722 1146
1723 999
1724 1295
1725 844
1726 605
1727 1375
1728 611
1729 1682
1730 0
1731 1247
1732 1491
1733 468
1734 208
1735 1383
1736 1696
1737 1572
1738 1541
1739 1545
1740 1089
1741 45
1742 1275
1743 2363
1744 2475
1745 2911
1746 2350
1747 1406
1748 475
1749 809
1750 1613
1751 378
1752 1953
1753 1291
1754 1049
1755 257
1756 345
1757 2929
1758 1959
1759 1210
1760 1793
1761 1535
1762 1192
1763 2745
1764 69
1765 8
1766 2770
1767 1788
1768 1286
1769 305
1770 1830
1771 1602
1772 1921
1773 2050
1774 1336
1775 2134
1776 113
1777 1208
1778 524
1779 1687
1780 1777
1781 607
1782 2037
1783 1947
1784 852
1785 2416
1786 341
1787 896
1788 2382
1789 23
1790 1709
1791 1475
1792 218
1793 1850
1794 1061
1795 1050
1796 870
1797 1555
1798 701
1799 2936
1800 1776
1801 533
1802 869
1803 1536
1804 381
1805 2671
1806 2603
1807 1130
1808 1396
1809 153
1810 1421
1811 1947
1812 2069
1813 290
1814 915
1815 1920
1816 1019
1817 177
1818 1041
1819 2511
1820 1484
1821 2809
1822 2951
1823 2447
1824 1392
1825 341
1826 2685
1827 2579
1828 1928
1829 2105
1830 1311
1831 710
1832 924
1833 1556
1834 905
1835 587
1836 2472
1837 774
1838 1342
1839 776
1840 87
1841 2609
1842 1878
1843 1210
1844 1317
1845 1182
1846 1672
1847 2263
1848 1167
1849 606
1850 2582
1851 566
1852 563
1853 864
1854 1638
1855 1328
1856 815
1857 1052
1858 2387
1859 1474
1860 137
1861 1569
1862 2525
1863 1013
1864 1461
1865 1998
1866 838
1867 817
1868 1968
1869 1331
1870 2997
1871 123
1872 873
1873 2684
1874 1678
1875 929
1876 2878
1877 1089
1878 856
1879 891
1880 1301
1881 721
1882 2800
1883 2451
1884 2077
1885 1278
1886 914
1887 2828
1888 2267
1889 350
1890 2731
1891 88
1892 248
1893 2693
1894 68
1895 1312
1896 2958
1897 1965
1898 2904
1899 2805
1900 2745
1901 2158
1902 245
1903 1729
1904 232
1905 2721
1906 2086
1907 620
1908 168
1909 146
1910 2463
1911 2943
1912 2634
1913 2517
1914 1823
1915 2413
1916 2300
1917 704
1918 794
1919 63
1920 1832
1921 172
1922 2294
1923 1024
1924 1581
1925 1721
1926 1572
1927 49
1928 1405
1929 1427
1930 80
1931 1105
1932 2575
1933 230
1934 1243
1935 2903
1936 2553
1937 827
1938 714
1939 154
1940 1029
1941 2814
1942 444
1943 2070
1944 1425
1945 2754
1946 616
1947 2799
1948 1996
1949 1855
1950 815
1951 385
1952 688
1953 116
1954 217
1955 2149
1956 2269
1957 76
1958 2672
1959 848
1960 225
1961 1363
1962 2765
1963 279
1964 1586
1965 258
1966 1659
1967 2874
1968 258
1969 1718
1970 1630
1971 1592
1972 2992
1973 2690
1974 672
1975 1533
1976 52
1977 1087
1978 658
1979 2491
1980 2503
1981 1531
1982 2152
1983 1730
1984 1421
1985 1893
1986 100
1987 1746
1988 1792
1989 1655
1990 2041
1991 2878
1992 158
1993 1280
1994 2328
1995 323
1996 113
1997 878
1998 2353
1999 1061
2000 2794
2001 70
2002 673
2003 6
2004 1388
2005 2180
2006 2938
2007 1918
2008 1258
2009 2733
2010 2542
2011 736
2012 1538
2013 797
2014 1175
2015 983
2016 1902
2017 2683
2018 1047
2019 2149
2020 1030
2021 753
2022 969
2023 1744
2024 348
2025 2711
2026 1203
2027 2000
2028 1942
2029 2770
2030 2483
2031 2136
2032 729
2033 892
2034 935
2035 1180
2036 1400
2037 2412
2038 1983
2039 324
2040 960
2041 1202
2042 2518
2043 2487
2044 2677
2045 868
2046 1371
2047 1157
2048 689
2049 820
2050 1469
2051 1868
2052 1691
2053 388
2054 449
2055 2471
2056 1702
2057 1966
2058 526
2059 1673
2060 305
2061 843
2062 346
2063 1882
2064 2209
2065 970
2066 3006
2067 2249
2068 785
2069 2807
2070 147
2071 2776
2072 2604
2073 2530
2074 796
2075 1106
2076 762
2077 2430
2078 84
2079 223
2080 204
2081 1815
2082 739
2083 2481
2084 263
2085 1478
2086 1656
2087 763
2088 630
2089 910
2090 919
2091 2259
2092 2950
2093 1416
2094 2094
2095 2131
2096 622
2097 151
2098 1558
2099 921
2100 345
2101 2384
2102 1490
2103 1526
2104 2639
2105 589
2106 1815
2107 2321
2108 2517
2109 2546
2110 1088
2111 1619
2112 371
2113 1122
2114 1090
2115 281
2116 362
2117 456
2118 332
2119 1248
2120 967
2121 2769
2122 2657
2123 2091
2124 772
2125 1893
2126 289
2127 923
2128 948
2129 2640
2130 849
2131 35
2132 1081
2133 2117
2134 289
2135 2698
2136 2670
2137 2288
2138 2175
2139 1749
2140 916
2141 1841
2142 1636
2143 2911
2144 743
2145 3000
2146 2118
2147 5
2148 318
2149 679
2150 1620
2151 816
2152 1105
2153 1849
2154 2751
2155 2473
2156 2390
2157 2996
2158 1041
2159 938
2160 1265
2161 2506
2162 478
2163 1089
2164 1350
2165 1640
2166 1491
2167 131
2168 1623
2169 712
2170 1916
2171 294
2172 56
2173 1733
2174 910
2175 2505
2176 1824
2177 1588
2178 1969
2179 1575
2180 2779
2181 2598
2182 1604
2183 1626
2184 1124
2185 2146
2186 1660
2187 2522
2188 227
2189 120
2190 812
2191 1508
2192 2101
2193 699
2194 1992
2195 1658
2196 132
2197 2076
2198 957
2199 2519
2200 2112
2201 878
2202 2753
2203 1796
2204 2584
2205 530
2206 1596
2207 1562
2208 1728
2209 1360
2210 2413
2211 707
2212 1753
2213 1950
2214 2490
2215 1986
2216 1899
2217 2947
2218 1879
2219 1424
2220 747
2221 1981
2222 616
2223 1599
2224 2890
2225 1702
2226 1303
2227 1206
2228 985
2229 881
2230 1602
2231 993
2232 1084
2233 2654
2234 2488
2235 1408
2236 1662
2237 1367
2238 1005
2239 889
2240 104
2241 2056
2242 275
2243 947
2244 1073
2245 2347
2246 277
2247 1310
2248 2345
2249 2402
2250 357
2251 1808
2252 1602
2253 2062
2254 238
2255 1425
2256 2114
2257 2665
2258 1016
2259 2690
2260 1302
2261 320
2262 2041
2263 859
2264 1984
2265 1898
2266 1995
2267 8
2268 2818
2269 1628
2270 2740
2271 1446
2272 1667
2273 1300
2274 2838
2275 1729
2276 2645
2277 628
2278 2843
2279 275
2280 2972
2281 1163
2282 2862
2283 114
2284 946
2285 61
2286 1422
2287 2442
2288 1263
2289 2100
2290 1292
2291 314
2292 2391
2293 917
2294 146
2295 1015
2296 922
2297 2981
2298 1896
2299 2808
2300 882
2301 1745
2302 8
2303 211
2304 2069
2305 286
2306 1386
2307 2656
2308 1348
2309 1591
2310 1693
2311 968
2312 720
2313 2905
2314 447
2315 291
2316 1332
2317 1412
2318 932
2319 124
2320 2500
2321 1249
2322 2457
2323 1432
2324 1227
2325 856
2326 1299
2327 2422
2328 1631
2329 2405
2330 2232
2331 282
2332 884
2333 100
2334 1932
2335 282
2336 308
2337 1455
2338 1596
2339 1678
2340 151
2341 1022
2342 2634
2343 1155
2344 1457
2345 1092
2346 316
2347 2886
2348 668
2349 608
2350 2730
2351 1491
2352 1214
2353 1931
2354 1325
2355 2629
2356 1937
2357 1081
2358 1255
2359 1803
2360 1637
2361 1582
2362 162
2363 2481
2364 341
2365 751
2366 1292
2367 1522
2368 1907
2369 1458
2370 2906
2371 1556
2372 1834
2373 997
2374 668
2375 1024
2376 577
2377 8
2378 1970
2379 2461
2380 2152
2381 2946
2382 1438
2383 1325
2384 1062
2385 2973
2386 1010
2387 2675
2388 2547
2389 1722
2390 610
2391 1339
2392 1852
2393 2769
2394 90
2395 1082
2396 2343
2397 1843
2398 657
2399 1261
2400 729
2401 1895
2402 558
2403 1446
2404 2599
2405 98
2406 1343
2407 2864
2408 2603
2409 308
2410 175
2411 1088
2412 1485
2413 672
2414 2667
2415 2700
2416 744
2417 2119
2418 58
2419 862
2420 2795
2421 784
2422 1659
2423 2074
2424 1383
2425 1941
2426 728
2427 2833
2428 1393
2429 1245
2430 1147
2431 1260
2432 389
2433 2383
2434 2341
2435 1325
2436 1372
2437 1880
2438 369
2439 2395
2440 293
2441 1422
2442 1783
2443 2545
2444 2593
2445 2682
2446 2443
2447 2436
2448 904
2449 2778
2450 2582
2451 2697
2452 1313
2453 40
2454 2553
2455 150
2456 43
2457 2449
2458 868
2459 1927
2460 1364
2461 2325
2462 1795
2463 1985
2464 1724
2465 610
2466 1474
2467 1122
2468 1854
2469 2543
2470 1560
2471 2514
2472 1990
2473 1348
2474 2753
2475 1661
2476 1264
2477 2905
2478 146
2479 1596
2480 2297
2481 1376
2482 172
2483 2096
2484 1090
2485 1217
2486 1819
2487 267
2488 45
2489 2156
2490 1503
2491 1934
2492 1668
2493 2873
2494 1602
2495 890
2496 1717
2497 2739
2498 382
2499 171
