2163
129.841736 812.224060
256.754517 721.242676
356.684418 316.096893
359.768768 322.269775
360.451904 301.867828
362.217285 309.388214
366.901398 300.789154
367.836792 307.817230
369.726837 285.417297
371.254700 314.124634
371.869659 299.882935
372.224854 304.211578
374.381378 288.819550
376.392365 334.268097
378.166626 286.648743
377.883514 345.404358
378.629425 300.859558
379.267456 303.892975
379.704773 307.137573
379.895782 314.361816
381.147919 287.442932
382.386993 298.703339
386.283783 353.152649
387.780518 282.673676
390.698456 288.645111
392.146027 286.396729
397.145325 322.954468
397.539429 325.869080
399.653290 296.738281
401.121155 282.986542
401.363525 299.608124
402.300049 325.965729
411.778259 334.117798
413.711060 384.844055
416.113434 339.810699
419.788910 292.921234
426.211121 292.782532
426.339996 295.131531
501.160400 986.807312
997.314270 743.123962
1007.814453 746.351563
1010.636353 757.859680
1013.190491 746.377441
1018.806152 747.293213
1026.307495 703.297974
1036.933716 764.806519
1040.188232 806.376221
1045.357056 717.191101
1046.775879 733.618164
1049.164917 812.836243
1049.667480 723.835571
1052.806641 701.177307
1053.076172 727.579407
1056.279175 707.858337
1056.364136 719.675903
1057.114746 722.022095
1059.243286 744.909363
1060.151611 717.343079
1061.699707 806.392029
1061.908569 727.701660
1062.327026 693.077026
1063.771484 790.345520
1065.247925 690.163269
1065.340454 734.847778
1066.742065 718.399597
1067.624756 755.695740
1068.127319 717.787109
1067.818848 732.413940
1068.324463 748.767639
1068.422607 810.356750
1068.738037 686.854248
1071.689819 750.409241
1073.204712 711.209839
1073.355103 682.557861
1073.616333 757.847595
1075.133057 690.379822
1074.901367 857.697327
1077.128540 679.705139
1076.801270 823.234436
1078.246338 829.244568
1078.415161 704.130066
1082.681641 821.299255
1084.216064 695.123840
1084.315308 814.196411
1087.260742 693.152527
1087.673584 854.676941
1088.730347 695.370117
1088.888184 690.229858
1088.757446 808.675476
1088.881714 823.353394
1089.280884 696.959778
1090.183228 694.448486
1091.815430 694.159851
1092.708984 732.752808
1093.632080 687.236755
1093.406372 846.332886
1094.185791 689.223694
1094.110962 694.694031
1094.646484 684.413818
1096.246704 684.423706
1097.879028 670.169373
1098.397949 659.847656
1099.269409 685.893738
1099.346802 817.839355
1099.864868 718.906128
1102.636963 816.843018
1102.236206 850.795898
1103.643677 664.156494
1103.280884 680.402161
1103.318726 825.687073
1103.796143 682.533936
1105.820190 675.361084
1106.654785 677.857483
1107.337769 766.795410
1107.871216 811.886902
1109.130615 669.627075
1109.784546 836.278931
1111.163696 668.418274
1111.694946 819.211243
1111.745483 665.900269
1112.663208 673.106873
1113.704468 817.413208
1113.658203 856.657349
1114.861328 701.851196
1115.228394 815.583496
1117.165649 830.373901
1117.616333 652.123352
1119.671875 662.836548
1121.084473 648.808838
1121.871948 824.106201
1122.853760 818.677490
1125.049316 826.179688
1125.288208 852.139648
1126.684204 791.238098
1126.772461 827.429810
1128.733398 843.750793
1129.332764 668.117798
1130.280396 660.648865
1131.721436 664.290039
1131.401367 748.393738
1131.834961 660.143250
1133.250122 806.379333
1133.680176 670.777649
1134.122681 831.131470
1134.107056 840.325256
1138.136841 654.350159
1138.380981 845.252136
1140.221802 653.773071
1140.597046 657.497803
1142.276733 651.339294
1142.337891 654.636230
1142.741333 819.593506
1143.256226 814.726440
1143.797363 446.339233
1144.706787 846.781128
1146.804321 841.262024
1147.622559 813.585449
1152.143677 789.675232
1154.091187 749.877686
1154.203125 782.722107
1154.332764 731.425476
1156.105835 422.168427
1161.666748 769.452148
1164.152710 844.626343
1164.917358 744.729370
1169.673340 760.768250
1170.163452 416.242035
1170.745483 393.332703
1172.335449 321.858887
1172.753418 362.248993
1173.707275 745.818298
1173.818115 302.665527
1175.514038 749.330017
1176.694336 757.276245
1177.524048 461.831970
1178.645386 144.978455
1178.624878 835.636658
1178.835938 808.856262
1180.531250 406.363678
1180.954956 277.182251
1181.312500 704.412048
1181.735352 370.623779
1182.173218 767.755371
1182.740479 323.333099
1182.315918 750.107605
1184.372803 397.337585
1185.082031 662.181702
1186.186646 322.118042
1186.745361 323.792236
1186.668823 776.885315
1187.389648 725.829468
1188.222900 215.752228
1188.621338 323.615356
1190.758911 267.274048
1191.607056 322.133911
1191.813477 263.805237
1191.607056 322.133911
1192.838135 235.257050
1193.629639 285.843964
1193.644531 291.621429
1193.770020 320.079468
1194.219849 336.176514
1194.616455 268.476746
1195.182983 184.115295
1194.751099 365.073853
1195.235352 177.135941
1195.357910 269.927917
1195.729004 287.262909
1196.135010 343.127289
1195.738037 766.716553
1196.262939 787.279785
1196.817139 172.811111
1197.236450 277.185059
1197.003174 332.211090
1197.206421 719.690002
1197.427490 131.360367
1197.479614 177.026535
1197.309326 326.884644
1197.656494 329.370789
1197.606201 815.362244
1197.776001 132.861908
1197.769775 175.607819
1198.198853 185.223663
1197.739502 192.746948
1197.796265 298.248108
1197.784790 692.771057
1198.266479 202.372131
1198.716797 347.879486
1198.899536 216.694626
1198.892090 339.808838
1199.453979 282.777039
1199.718872 325.737457
1199.389771 833.717468
1200.007080 342.315613
1199.869507 365.274078
1199.919189 371.804321
1200.708618 339.712494
1200.270996 839.084595
1200.792358 201.763428
1200.803833 207.939926
1200.818726 209.238724
1201.700928 216.721237
1201.654663 220.358459
1201.674561 364.763245
1201.781372 221.872238
1202.289795 133.774979
1203.628174 834.620178
1203.927734 143.815262
1204.182373 171.103180
1204.229858 303.602539
1203.843506 363.092316
1204.335938 152.770142
1204.337036 332.168243
1204.850098 167.502060
1204.796387 263.345245
1204.877808 284.166718
1204.884888 838.371704
1205.325806 141.431091
1206.221558 160.388336
1206.233154 325.694580
1206.263916 280.904816
1206.337524 336.468414
1206.295776 339.589325
1207.167847 306.108704
1208.100098 202.232513
1208.766357 182.739563
1208.745972 297.239777
1208.627930 329.360840
1208.288574 841.168701
1208.828491 318.162628
1209.707153 243.728195
1209.506104 331.385437
1209.752197 191.623703
1209.731934 217.307739
1209.907349 345.326599
1210.204224 703.221985
1209.792725 786.658020
1210.296387 347.617676
1210.293945 400.844238
1210.841187 297.364532
1211.093140 303.887604
1211.283936 316.665283
1211.757568 164.803635
1211.685303 204.665100
1211.703247 241.719193
1211.676758 324.816406
1211.530640 326.744354
1211.692627 339.306305
1211.295776 364.390900
1211.730103 712.809570
1211.747803 245.650818
1212.126831 298.566986
1212.077393 322.861206
1211.786865 336.296204
1211.838013 735.821899
1212.163940 831.547913
1212.723755 195.757919
1212.727417 277.419556
1212.380981 302.114777
1212.425049 318.849945
1212.302856 345.242310
1212.425293 838.649536
1212.871094 193.828751
1213.213867 305.654297
1213.121216 308.139587
1212.758057 347.225708
1212.798706 786.153259
1213.345459 155.619354
1213.553345 200.834869
1213.315063 216.656174
1213.820679 186.832825
1214.273560 224.285004
1213.786621 317.806305
1213.762939 809.411682
1214.356567 311.756439
1214.673706 320.286133
1214.245361 324.721832
1214.588013 357.841766
1214.704468 837.241150
1215.171265 280.346436
1214.798828 307.853699
1215.119873 859.310913
1215.692505 287.675385
1215.243530 806.313721
1215.873291 198.847565
1216.002808 298.298798
1215.931030 317.744781
1216.203735 352.417938
1216.342163 247.315414
1216.669312 355.848999
1217.155396 198.911255
1216.852173 277.424164
1216.964355 290.697693
1217.148193 338.964905
1217.141113 839.256042
1217.570923 226.186798
1217.711670 301.458832
1217.306763 328.540680
1217.413086 335.941254
1217.304932 349.846985
1217.882324 670.693665
1217.769409 725.337646
1218.630127 170.269379
1218.661621 198.734573
1218.303833 204.410736
1218.338867 231.378494
1218.370972 260.236938
1218.701050 283.295135
1218.340942 346.845917
1219.168457 173.284241
1219.106934 216.703812
1218.989380 235.275620
1219.136230 247.220428
1219.086548 275.921600
1219.165771 279.245514
1218.855469 300.611389
1219.025635 311.828339
1218.915649 828.688904
1219.578979 210.191208
1219.732666 253.312881
1219.473999 317.166687
1219.634155 335.840912
1219.755249 339.169769
1219.969971 183.939774
1219.856445 204.211792
1220.239136 264.210205
1220.211914 273.397308
1220.168213 294.877625
1219.943848 307.837921
1220.164185 328.881012
1220.149780 354.129089
1220.396362 223.705887
1220.402344 243.333359
1220.736206 251.855377
1220.309448 266.645050
1220.756836 299.222870
1220.272827 335.770111
1220.346436 356.397217
1220.291138 772.586548
1221.137085 210.123398
1220.728516 303.733612
1220.940186 830.184814
1221.354614 188.262955
1221.369385 254.195862
1221.487671 260.130737
1221.707153 269.299530
1221.331055 279.118408
1221.601685 294.091248
1221.363892 342.332642
1221.297485 344.780914
1221.280029 361.303711
1222.150269 191.249390
1222.183105 238.680450
1222.620361 315.439545
1222.766113 854.305054
1222.908447 193.247467
1223.274902 287.220184
1222.764404 330.511292
1222.861572 335.863953
1223.114502 837.720154
1223.334839 279.051636
1223.366943 340.191345
1223.704224 344.630676
1223.714966 352.672424
1223.354492 357.178925
1224.172485 211.882645
1224.163330 328.392975
1223.789185 342.674469
1224.124268 762.616699
1224.163940 829.102600
1224.297974 223.664749
1224.763672 203.889191
1225.137939 276.820099
1225.162109 307.908478
1224.976807 340.354248
1225.166138 359.285095
1225.067627 833.507874
1225.644531 262.798859
1225.696533 264.908966
1225.281494 282.718628
1226.239136 271.848083
1225.796875 294.462097
1226.166260 692.628174
1226.155518 827.776917
1226.285400 334.061035
1226.297241 355.686035
1226.647095 358.163513
1226.935669 296.879608
1227.248047 346.775543
1227.134766 353.643677
1227.379028 147.383606
1227.617798 249.183716
1227.715454 263.867065
1227.346558 331.250977
1227.814941 279.841370
1228.126831 284.873566
1228.108643 302.841125
1227.980347 355.105499
1227.754028 718.725098
1228.636475 272.140503
1228.291138 766.406799
1228.765869 139.084473
1228.848511 336.290527
1229.701660 215.544434
1229.590454 247.316299
1229.342651 390.293274
1229.939209 230.693176
1230.279541 232.861343
1229.747559 278.710876
1229.794922 332.303009
1230.348267 218.703049
1230.641602 239.702667
1230.226196 261.172577
1230.890991 263.377045
1231.085205 266.145721
1230.815796 286.666595
1231.702759 222.101135
1231.736206 278.573090
1231.570801 330.632599
1232.147827 238.218750
1231.946167 333.543488
1232.384644 342.206116
1232.640625 344.343872
1232.741211 230.236603
1233.160278 269.714539
1233.854980 278.152893
1233.824707 335.166229
1234.581909 230.823624
1234.978882 246.320038
1235.177124 342.141907
1235.277466 237.720795
1235.678345 264.365112
1235.643066 282.576080
1235.606934 683.629456
1236.135864 339.721497
1236.697388 256.121185
1236.327881 271.566437
1236.661011 328.083984
1236.387695 677.625061
1236.275757 739.214294
1237.217773 238.131516
1236.784424 326.344116
1236.872192 329.527039
1236.875732 684.611755
1237.426758 252.231888
1237.397461 385.219055
1237.737671 677.910156
1238.239624 245.610962
1238.233521 263.692474
1238.186035 278.803650
1238.229614 350.701538
1238.658325 352.153656
1238.712158 366.628815
1238.391235 382.317810
1238.874390 689.801514
1239.353516 327.880005
1239.789673 264.658142
1239.770752 284.154114
1239.787354 332.232025
1240.692383 260.773071
1240.737305 326.176453
1240.468140 351.741821
1240.401978 369.690491
1240.334351 713.111877
1241.234863 340.359680
1240.750977 778.400635
1241.681763 192.690628
1241.314575 253.818069
1241.654419 267.839203
1241.235107 327.716980
1241.805298 347.682983
1242.160400 265.389099
1241.844604 348.294800
1242.339111 277.705811
1242.472900 351.595886
1242.265747 681.793518
1242.679932 733.112183
1242.839722 333.246216
1242.870483 364.165161
1242.891235 382.129822
1243.269897 672.336182
1242.865845 679.277588
1244.623291 262.293549
1244.260498 351.226898
1245.793945 260.677246
1246.156372 349.769257
1245.889282 351.320038
1246.627197 277.431824
1247.210938 263.665100
1246.895874 340.107788
1247.244263 345.670807
1247.557983 339.231995
1247.833862 285.760162
1247.814209 348.186951
1248.183594 797.041077
1248.634766 277.268341
1248.486694 344.596375
1249.175781 278.856262
1249.187866 341.326385
1249.257446 743.577209
1249.407837 272.292450
1249.733154 269.377838
1250.143677 334.258789
1249.809570 722.231995
1250.407715 327.094208
1250.709717 337.500763
1250.265503 372.737427
1251.566162 734.331177
1251.827271 325.338715
1251.906982 341.288757
1251.818726 377.324524
1252.340820 235.182617
1252.368652 327.089355
1252.382324 738.340088
1252.860474 329.193329
1252.782959 345.351288
1253.642334 335.845612
1253.791138 333.696869
1253.881714 733.361633
1254.621948 274.572174
1254.696777 285.267517
1254.313965 332.271729
1254.264282 349.661774
1254.314209 364.167694
1254.297485 368.813812
1254.865356 302.901733
1254.881836 324.346191
1255.210571 343.126404
1255.298096 297.257568
1256.235474 276.176575
1256.266113 349.635376
1255.983276 356.713989
1256.616699 290.712463
1256.757690 380.411957
1257.737549 273.904877
1258.129150 333.879181
1258.073853 339.385193
1258.633057 324.662506
1258.262939 349.736877
1259.161987 328.725739
1260.026978 321.751587
1259.844971 331.929108
1260.188599 349.819214
1260.737305 326.217133
1260.245850 351.264618
1260.392212 729.151245
1261.160889 328.709320
1261.805054 291.256470
1262.290161 328.854797
1263.182251 326.169708
1263.258179 292.290283
1263.633911 342.634857
1264.283569 350.204834
1264.242798 351.640106
1264.356934 328.430450
1264.407349 344.721527
1264.854004 349.081116
1265.621948 306.725739
1265.636597 325.109100
1265.392944 331.610809
1266.198242 327.740723
1266.267456 320.409271
1266.371216 383.635864
1267.748291 336.361450
1267.786255 300.412994
1268.275024 310.388611
1268.306519 336.351837
1268.328247 352.259460
1268.919312 349.712463
1269.591431 342.122742
1270.197388 318.703644
1270.380127 304.524780
1271.099121 310.133148
1271.069946 346.252625
1271.566772 380.203369
1272.108154 305.824371
1272.648071 317.318848
1272.830200 331.608429
1273.227173 336.012421
1273.722656 273.781433
1273.274658 333.304626
1274.341797 379.680634
1274.848511 313.847473
1275.063843 350.700592
1276.162109 348.245239
1276.911499 312.827850
1278.686523 333.179016
1279.072144 346.782043
1279.742554 316.540405
1280.585815 349.334351
1280.913452 318.813110
1280.830566 321.275177
1280.819092 324.938019
1281.030640 327.191437
1281.047729 329.777740
1280.881470 352.630371
1281.128906 379.836548
1282.106812 320.506104
1283.196777 322.131317
1283.718994 341.230835
1283.804077 326.580597
1284.396973 332.037689
1284.417969 351.662079
1285.084351 323.157440
1285.252441 361.702820
1285.776733 326.888916
1286.654541 384.929779
1288.266724 333.313171
1289.402588 274.746368
1289.695801 340.356628
1290.150024 328.883606
1289.835327 332.746490
1290.281616 276.449860
1291.302612 385.381073
1292.374268 279.588135
1292.514404 322.721436
1293.249390 326.390930
1293.318359 359.665497
1293.817627 328.899689
1294.690674 283.320099
1294.647217 331.091949
1295.165649 326.288849
1295.170532 340.410553
1297.131470 326.190308
1298.717773 331.428955
1299.686157 290.947479
1300.264648 423.143250
1308.092773 338.766174
1309.176147 368.115997
1309.454102 349.920807
1309.295044 354.892670
1310.603271 378.272949
1313.785278 373.076202
1314.261230 308.120575
1316.306885 385.085785
1319.143311 377.202545
1318.871338 409.329681
1319.570068 380.300995
1322.545288 382.318970
1323.234375 350.783813
1323.562500 384.784027
1325.610107 387.091095
1327.207886 365.283905
1327.377075 384.686096
1327.800293 366.588654
1328.200317 388.045563
1328.769043 368.613281
1329.175049 365.676758
1329.992676 376.156647
1330.177979 409.791168
1332.169189 384.534119
1331.875854 386.781738
1333.668213 389.509399
1336.037720 370.190094
1336.691040 386.383362
1336.762085 397.878693
1337.357666 388.638947
1339.067627 372.125275
1339.001221 383.232727
1338.729126 393.815765
1339.769409 370.745148
1339.800415 375.600311
1343.034424 412.856354
1343.572144 420.856476
1343.856689 417.764038
1344.714722 412.894257
1345.155640 414.615326
1345.842407 411.796844
1346.550537 380.113556
1346.354980 405.800659
1348.086426 433.811890
1349.090088 387.317871
1352.291626 373.267151
1353.733643 377.637939
1353.427734 405.081451
1354.822876 361.519806
1355.708984 375.987976
1355.613037 394.464905
1358.381348 381.140564
1360.207886 395.432678
1365.778198 399.090759
1368.362549 406.771332
1369.829468 404.399719
1370.888550 375.884918
1370.913818 415.173340
1371.802002 387.256226
1373.351440 420.742157
1374.596680 382.480042
1374.827881 427.861877
1376.260864 383.840637
1377.311157 406.489563
1377.359619 424.387604
1386.105103 395.129425
1388.218872 403.747101
1389.590942 403.437714
361.248779 298.756134
364.094910 346.957306
371.807343 377.721191
372.660278 297.021301
373.806854 302.452667
374.729553 331.796753
376.767578 337.844086
377.339203 297.765961
378.055420 313.881958
377.837830 341.732178
379.289001 338.287231
381.257874 286.863800
383.539307 350.579987
384.630737 310.028412
391.580994 358.189941
397.443146 293.103210
397.822845 337.765594
397.945404 341.792877
400.306885 331.374023
404.177399 308.408905
406.777985 334.177612
407.240662 361.557953
411.598938 341.881866
414.203766 336.455109
422.549225 378.680389
425.293182 376.653046
433.627838 370.286133
451.839264 350.636536
1014.838135 717.789368
1025.372192 751.367737
1034.327637 718.231201
1035.655273 737.476501
1038.714355 723.410461
1039.990234 816.447815
1050.217163 802.196228
1051.406494 794.481567
1055.832520 698.127747
1062.185181 764.278259
1062.674683 769.970459
1065.230347 721.164307
1069.108032 695.128296
1071.939575 684.605164
1074.691772 832.812622
1078.823853 686.579102
1080.187256 677.149963
1083.959229 752.536072
1087.376099 774.743042
1089.623413 802.450439
1092.531860 707.994934
1096.071777 798.549072
1103.123901 716.417480
1105.531372 870.030884
1108.731201 651.088379
1108.489258 798.004150
1110.826172 824.933777
1112.134277 646.852539
1112.915039 656.610352
1115.876343 779.955383
1119.540894 815.173096
1121.376831 827.404663
1124.843628 823.253723
1131.051270 738.384277
1131.601685 666.865051
1133.749634 772.853027
1139.701294 752.779968
1139.660522 798.452454
1144.558960 795.221619
1150.357056 724.055542
1153.173218 421.061462
1156.247681 415.969604
1157.166382 486.116455
1157.340942 380.198273
1160.476196 408.871490
1161.811890 418.777985
1164.095215 416.260742
1164.346069 406.214630
1164.251221 781.893005
1164.881348 753.943115
1166.413086 758.113953
1166.945557 418.426941
1168.101807 683.643860
1169.091919 742.964722
1169.171509 781.328125
1169.833618 418.281586
1169.939087 755.884766
1170.530518 403.754120
1174.236084 388.414825
1173.705200 397.640442
1174.543945 415.550171
1174.843262 754.640869
1174.764404 822.393372
1175.648315 345.855377
1176.148926 749.376892
1176.343872 150.790085
1176.614746 784.077942
1177.870972 402.140350
1179.912231 274.884186
1179.988647 386.106659
1182.994263 295.705933
1183.103149 372.451263
1184.770752 276.532928
1185.550171 731.564453
1185.917725 717.927185
1186.232056 847.852600
1187.661987 135.833466
1187.311890 360.452972
1187.932739 393.483765
1188.350220 327.799042
1188.374268 370.472809
1190.087036 378.889008
1190.393433 355.392975
1190.884766 358.613617
1191.078369 387.956116
1191.251953 289.813995
1192.248901 330.294922
1192.524536 132.958939
1192.705078 183.220154
1192.345947 269.204193
1192.868164 773.109009
1193.633911 179.951996
1193.636230 237.674774
1193.240356 722.069458
1194.839355 132.449661
1196.048096 356.341583
1196.487793 244.989380
1196.269043 344.724060
1196.388794 377.021240
1197.043701 335.187164
1197.748657 364.236572
1198.145264 235.292282
1197.937134 337.667542
1198.573364 190.188171
1198.682495 268.500122
1198.350586 339.520599
1199.600098 334.693451
1200.150391 200.504196
1199.796997 229.871429
1200.343262 131.364044
1200.400879 325.673798
1200.946289 341.115051
1201.381958 216.174850
1202.260986 227.720505
1201.785156 828.620483
1202.328491 355.638580
1202.616211 834.398132
1202.772095 341.407349
1202.838501 857.216309
1203.421265 208.388214
1203.376221 337.076294
1203.288086 830.847046
1203.858276 339.345490
1205.334961 830.190369
1205.902832 334.838226
1205.927002 689.102905
1206.348999 157.427734
1206.724976 205.475586
1208.670776 208.683746
1208.925049 336.925049
1209.255981 338.871735
1210.009033 302.669159
1209.892090 329.762512
1210.197754 830.108582
1210.561523 316.556091
1210.958984 313.292175
1211.138306 334.486115
1211.447266 141.804855
1211.670654 157.402313
1211.904541 207.759689
1212.171265 340.643860
1212.427979 213.703705
1212.611572 332.681915
1213.151001 220.869049
1212.844360 841.759094
1214.097412 228.040833
1214.369507 296.087769
1214.301636 336.595520
1214.734375 832.245972
1214.847778 191.470062
1214.864624 235.293564
1215.126709 318.573853
1215.209473 322.109131
1214.788330 338.664764
1215.392212 196.453430
1215.275879 243.065536
1215.640869 269.278015
1215.810913 251.543976
1215.888672 260.472015
1216.534790 201.534775
1216.377808 312.131073
1216.758545 327.197479
1217.184570 838.409607
1217.670288 332.926453
1218.694092 213.350830
1218.559204 306.460510
1219.062622 836.797424
1219.711304 247.231903
1220.231201 283.444824
1219.828979 332.721588
1220.401367 339.066803
1220.924072 216.602890
1220.959351 276.789276
1221.629028 235.079407
1221.363403 312.868713
1221.588013 347.753723
1221.292847 734.996704
1222.613037 358.805206
1222.781494 242.736984
1222.850708 306.137482
1223.354858 195.713943
1223.556396 296.123962
1223.255371 792.993042
1223.985840 259.997833
1224.336060 314.829803
1224.877441 201.055634
1225.626587 238.606369
1225.582031 292.397644
1225.249023 304.237396
1225.472900 336.248016
1225.960083 282.465485
1225.942383 337.991547
1226.003296 358.786255
1226.593750 206.605515
1226.563721 341.792328
1227.077026 743.918945
1227.075806 780.155884
1227.644165 279.233582
1228.078491 333.982300
1228.473755 212.921890
1228.954590 293.180695
1229.349854 339.436218
1229.595581 354.545685
1230.469238 219.461365
1231.196167 335.615601
1231.282227 333.409119
1231.922485 246.780899
1232.553345 678.652527
1232.824707 226.633881
1232.829712 271.937714
1233.051880 347.013580
1233.431763 329.171814
1234.066895 292.817322
1233.905273 333.315857
1234.305054 281.715759
1234.615112 295.075592
1234.553467 384.827972
1235.297729 233.880066
1236.105591 278.874023
1236.041382 729.444214
1236.480103 328.790558
1236.556396 685.377014
1237.170776 332.664642
1236.872681 337.523224
1236.882446 782.505737
1238.004761 241.819168
1237.875732 341.147675
1238.563354 328.268372
1238.705811 346.999207
1238.822754 326.370087
1239.995605 339.096924
1239.958130 363.759613
1240.154541 818.130310
1240.377197 278.710846
1241.744751 339.905792
1242.738525 281.306854
1243.160889 354.474792
1243.360962 337.569061
1243.455688 340.988495
1244.557739 292.171600
1244.552246 346.776306
1245.644409 382.829620
1246.446777 701.398682
1247.240845 674.057007
1247.454712 328.167847
1248.140869 335.108704
1248.163086 351.079590
1247.942871 733.413208
1248.566528 267.122589
1248.591309 293.415070
1248.287964 336.956879
1248.873535 277.860626
1248.988770 340.653503
1249.781860 325.648773
1250.108276 346.403595
1251.146118 380.972992
1251.570190 294.771820
1252.421021 348.095184
1252.616943 742.050415
1253.062622 331.116364
1253.637451 270.881134
1253.882446 337.684479
1254.558228 340.465149
1254.636719 357.851044
1255.064697 306.552826
1255.575317 345.872894
1256.186646 214.508133
1255.983032 332.303131
1256.638428 304.761444
1258.258057 312.987915
1259.058228 276.137665
1259.226440 331.792877
1258.905640 382.341888
1259.441406 285.179474
1259.443848 330.633453
1260.257935 340.200684
1259.909546 361.117188
1260.538086 289.450470
1260.586304 292.935059
1260.710571 324.774292
1261.154175 284.883759
1261.012329 317.961090
1263.056396 293.500732
1264.536011 348.409332
1264.761475 333.818237
1265.215942 335.884613
1265.687012 339.433105
1266.415894 298.415588
1266.347900 302.122314
1267.196289 345.226166
1267.613525 331.079163
1268.493652 384.193146
1268.367798 387.104828
1268.895996 325.719360
1270.123535 333.607513
1270.865112 335.788635
1272.569946 319.847260
1273.166138 312.315491
1273.813721 346.250671
1274.269897 310.394226
1275.619751 332.712067
1276.457031 335.410553
1277.310791 351.154175
1277.967651 323.032654
1279.427734 337.211975
1280.864014 326.479858
1281.711548 332.739380
1281.750000 334.766266
1281.466553 365.946991
1284.146118 323.121521
1284.264038 329.456940
1286.713257 332.024750
1288.430542 326.460510
1289.078613 355.097382
1291.646606 324.890961
1293.397461 281.593292
1293.342896 334.281372
1293.416748 357.166290
1295.958984 337.052704
1296.711670 329.190460
1296.554077 331.544739
1296.290161 334.647430
1296.933105 339.166748
1298.649780 340.472504
1302.329590 343.070496
1302.978760 350.630951
1304.116943 358.931885
1307.704590 348.738281
1308.335938 360.356415
1308.861084 351.831238
1311.835449 371.110748
1313.295776 353.152374
1316.832886 363.324249
1317.285889 375.865204
1318.067749 372.102722
1322.620972 364.405548
1322.655884 373.581726
1323.323975 362.316071
1324.436523 367.711578
1324.721313 374.025787
1326.513306 375.022644
1326.862915 356.574005
1326.760132 385.041229
1328.084595 444.798218
1329.889038 335.835083
1330.523682 446.643524
1331.704590 334.590515
1331.636597 376.650085
1332.058960 343.121765
1332.448608 383.823822
1332.779785 392.455811
1337.470215 391.535522
1338.467163 383.947876
1340.319336 365.116699
1341.011230 373.345276
1343.270020 380.139069
1343.295776 417.643219
1344.672485 368.869507
1345.054199 365.356354
1345.133179 402.592804
1345.657471 378.376068
1346.622681 417.338470
1347.584839 412.110046
1347.783447 376.833130
1349.113037 416.021332
1349.869873 412.054504
1351.010254 403.676239
1353.389160 374.825073
1354.622803 406.632355
1356.423096 404.174194
1356.447021 419.319458
1358.667969 393.691254
1358.824463 407.646332
1359.877197 383.484711
1360.153931 391.963898
1364.241577 396.333099
1371.705933 407.827789
1372.887451 380.632111
1376.085938 408.394348
1376.554565 399.630127
1376.205200 404.708008
1388.776367 400.725067
1390.409424 405.668732
367.724335 304.895233
369.441040 309.363892
375.776245 338.149719
377.958405 296.886475
378.855469 308.263824
381.948975 284.431152
398.101318 325.626892
402.627930 281.642670
405.930664 283.427887
408.307922 287.263611
412.113434 341.109497
422.556213 379.727875
425.600311 375.741669
450.419067 349.084381
1052.189941 726.786316
1093.010742 846.902710
1096.620483 766.154419
1101.106812 817.219177
1110.044189 824.928711
1123.664917 733.624878
1145.131714 438.632172
1164.257202 719.004211
1172.447266 414.825989
1174.766357 157.899124
1177.724731 145.097046
1179.695679 417.049500
1181.695190 396.211273
1184.044800 140.476624
1185.117432 322.183777
1187.166138 273.310944
1188.126343 327.051361
1188.985840 135.702454
1189.373413 270.217499
1191.218628 288.800537
1191.226563 740.877686
1190.668701 837.775269
1192.237793 244.228470
1193.064697 319.641724
1193.724487 133.320724
1194.439819 180.025375
1196.777466 182.901047
1196.735718 325.751251
1197.586182 338.735077
1199.434570 205.504929
1198.658325 330.857727
1200.046509 838.234131
1201.306519 131.207413
1201.311890 282.726349
1203.704834 338.094482
1205.198486 170.218674
1205.646851 342.995392
1206.992432 147.578903
1207.979004 152.219421
1208.690796 321.352386
1209.018555 337.932404
1209.444824 316.538849
1210.992065 311.840363
1212.038086 305.515289
1212.837402 165.404343
1215.192261 160.225555
1214.696533 337.712433
1217.458252 306.128754
1216.693481 831.406311
1218.205688 169.080185
1218.732666 296.168365
1219.969482 337.329865
1220.553345 275.309021
1221.052490 279.384613
1221.064087 316.501373
1221.506958 220.077408
1221.670532 302.969513
1222.921387 227.486694
1222.794922 329.240631
1222.657593 333.127655
1224.136230 251.216476
1224.068359 311.324463
1225.115356 259.681915
1225.108398 301.160248
1226.237305 256.016846
1226.002197 268.219025
1226.223022 329.596161
1225.741211 337.239105
1228.736816 679.373718
1230.090454 290.066620
1229.861084 293.852753
1234.205811 259.100037
1234.738037 329.040863
1237.200562 336.771210
1237.419189 267.592987
1238.997314 381.640137
1240.996216 249.765823
1240.913940 364.048798
1241.737915 309.781769
1243.191528 329.082611
1242.929443 336.915131
1244.098999 258.050171
1246.493286 328.407593
1246.232422 382.081299
1247.284058 675.182556
1247.981567 336.021667
1249.761353 331.651947
1249.626831 377.146698
1251.954590 299.504517
1251.926514 372.440765
1252.935425 380.725067
1253.536255 277.655212
1254.253540 328.098511
1255.745361 354.804047
1255.531616 357.943359
1256.154419 737.933533
1257.069946 309.383270
1257.987305 275.238800
1258.297363 320.885590
1257.531372 327.829468
1259.015503 335.187683
1259.153809 361.534485
1259.305176 381.477478
1261.718140 331.004272
1262.049927 334.905426
1263.756226 385.192017
1265.264893 297.436920
1264.738892 334.804169
1266.326782 302.853729
1270.627808 334.751404
1272.159302 307.570221
1273.236694 313.031952
1275.238281 311.251404
1276.120483 334.404083
1279.663452 318.000946
1280.522583 380.738953
1281.877686 334.032013
1283.182983 329.714111
1287.579224 324.678070
1293.251831 332.913513
1294.702393 351.329559
1296.044312 328.763458
1316.679932 384.563232
1318.125000 358.533966
1321.151367 360.804291
1324.620850 358.067017
1325.581421 385.475586
1326.719238 355.923462
1326.852051 389.840363
1327.532959 330.745728
1327.823364 380.269562
1332.393433 371.102783
1333.136475 365.525269
1332.457153 388.411804
1334.090942 338.787262
1335.250366 360.080902
1335.179199 382.137329
1338.000366 401.837769
1339.886230 369.185333
1340.241211 384.152771
1342.184692 374.045197
1343.776733 403.094727
1345.128418 369.872375
1344.432861 408.381531
1345.598755 352.929871
1347.499023 416.205200
1349.928589 394.267365
1351.659424 405.287842
1357.963013 422.729980
1356.692871 396.129700
1357.871460 378.165070
1357.862427 419.233276
1357.963013 422.729980
1359.190796 384.126648
1361.129028 391.115936
1360.904419 397.461426
1365.093994 395.600433
1369.319336 423.443237
1372.846680 422.287445
1374.600586 427.056091
365.208954 345.951477
374.719818 301.724304
376.786346 332.387085
396.792755 295.664337
402.005554 288.623322
405.806274 284.257141
438.915161 332.729889
447.440430 354.469879
1112.232910 831.644287
1156.167969 418.026733
1162.163574 429.000671
1171.736938 355.319305
1188.151489 291.019348
1192.625732 287.705658
1195.982422 180.972275
1196.729858 240.336075
1197.371094 284.869537
1199.025879 351.638275
1205.860962 131.516525
1205.725342 161.682297
1207.080688 148.806610
1208.016479 210.663574
1208.829712 170.897156
1211.271240 304.990265
1222.581665 323.127045
1224.123779 316.746429
1224.880005 137.055222
1224.540283 832.872314
1228.387207 140.746658
1238.876709 681.184631
1242.769043 293.618347
1245.290527 325.749481
1255.944702 327.949646
1256.904175 303.870972
1257.516968 331.404541
1259.903809 739.204773
1261.144531 380.001251
1285.994629 324.285980
1291.209106 366.405731
1302.059082 337.068756
1314.832886 375.930756
1323.226807 388.062256
1329.004761 386.768799
1332.609131 394.088989
1335.559570 393.022705
1338.771973 345.819427
1341.090210 405.209015
1347.397461 404.027039
1348.186157 376.039673
1353.962158 409.241760
1353.554810 414.134705
1375.640259 401.549225
1389.744263 408.531738
360.643829 317.163727
378.161102 309.796753
378.387360 332.652832
385.354767 290.736542
397.813965 307.604309
426.019226 372.429291
1117.908203 820.823975
1169.761108 749.507996
1187.864868 324.768982
1209.464233 836.473938
1220.487305 323.524231
1229.817993 327.003052
1254.604004 737.461853
1257.118530 276.440277
1274.175171 331.691345
1336.983765 344.987701
1356.326904 385.253571
1373.400635 402.658417
1373.027954 425.206024
1388.260620 412.529755
372.356537 319.092010
1090.800049 621.297241
1135.375732 617.344238
1189.588745 324.198975
1191.991577 137.182632
1197.800293 244.356750
1207.265015 132.852798
1218.008179 324.581635
1241.376099 297.554077
1248.531494 689.219299
1266.228394 715.125366
1362.319214 404.944672
1367.116821 390.788971
1116.780762 824.341858
1209.980713 166.855423
1221.350464 288.719757
1240.388550 302.698669
1384.386353 413.751160
1012.511902 695.155701
1092.315918 627.065430
1138.401611 607.828735
1159.759888 364.580383
1186.433105 128.812668
1193.997925 141.954926
1195.281982 306.581329
1221.022827 143.359695
1219.018799 310.898834
1224.219482 671.632324
1230.623535 131.873749
1242.208252 309.956757
1260.668579 716.910889
1291.832886 345.626038
1351.836182 399.464691
1358.409058 377.553284
1372.223999 387.311249
1019.031494 696.896118
1135.162598 628.314392
1188.958618 304.321503
1226.368408 677.700867
1229.973999 280.250061
1254.651978 715.330933
1329.096802 464.863525
1099.659546 635.057922
1145.770020 467.046997
1206.093506 151.429840
1242.277710 819.519226
1249.108643 712.455688
1280.345825 299.295197
1369.470337 426.748901
1067.601563 862.062134
1117.440430 644.065918
1151.490234 452.988678
1207.363281 172.322922
1231.770142 705.979492
1019.392822 745.997314
1330.427734 432.973175
1213.397461 227.287735
390.529388 388.929169
1169.625244 561.466064
1248.696533 394.758087
1106.018555 771.158325
1210.183594 347.408691
1053.076172 727.579407
1131.834961 660.143250
1193.629639 285.843964
1197.003174 332.211090
1197.479614 177.026535
1199.453979 282.777039
1204.850098 167.502060
1209.506104 331.385437
1219.473999 317.166687
1219.969971 183.939774
1226.285400 334.061035
1231.946167 333.543488
1235.643066 282.576080
1236.872192 329.527039
1245.793945 260.677246
1250.407715 327.094208
1250.407715 327.094208
1254.621948 274.572174
1255.983276 356.713989
1260.026978 321.751587
1265.392944 331.610809
1279.072144 346.782043
1282.106812 320.506104
1337.357666 388.638947
1346.550537 380.113556
1354.822876 361.519806
1355.613037 394.464905
1374.596680 382.480042
1377.311157 406.489563
1092.531860 707.994934
1108.489258 798.004150
1196.487793 244.989380
1224.336060 314.829803
1236.882446 782.505737
1255.064697 306.552826
1261.012329 317.961090
1340.241211 384.152771
1372.846680 422.287445
1374.600586 427.056091
402.005554 288.623322
1285.994629 324.285980
129.841736 812.224060
256.754517 721.242676
256.754517 721.242676
356.684418 316.096893
362.217285 309.388214
366.901398 300.789154
366.901398 300.789154
367.836792 307.817230
371.254700 314.124634
374.381378 288.819550
376.392365 334.268097
378.166626 286.648743
379.704773 307.137573
382.386993 298.703339
397.539429 325.869080
397.539429 325.869080
401.121155 282.986542
411.778259 334.117798
411.778259 334.117798
411.778259 334.117798
413.711060 384.844055
416.113434 339.810699
501.160400 986.807312
1007.814453 746.351563
1010.636353 757.859680
1018.806152 747.293213
1026.307495 703.297974
1026.307495 703.297974
1026.307495 703.297974
1036.933716 764.806519
1040.188232 806.376221
1045.357056 717.191101
1049.164917 812.836243
1053.076172 727.579407
1056.279175 707.858337
1056.364136 719.675903
1059.243286 744.909363
1060.151611 717.343079
1061.699707 806.392029
1065.340454 734.847778
1065.340454 734.847778
1067.624756 755.695740
1068.127319 717.787109
1067.818848 732.413940
1067.818848 732.413940
1068.324463 748.767639
1071.689819 750.409241
1073.204712 711.209839
1073.204712 711.209839
1075.133057 690.379822
1076.801270 823.234436
1078.246338 829.244568
1082.681641 821.299255
1082.681641 821.299255
1082.681641 821.299255
1084.315308 814.196411
1084.315308 814.196411
1087.260742 693.152527
1088.888184 690.229858
1088.757446 808.675476
1089.280884 696.959778
1090.183228 694.448486
1091.815430 694.159851
1092.708984 732.752808
1093.632080 687.236755
1093.632080 687.236755
1093.406372 846.332886
1093.406372 846.332886
1094.646484 684.413818
1096.246704 684.423706
1096.246704 684.423706
1096.246704 684.423706
1097.879028 670.169373
1099.269409 685.893738
1099.346802 817.839355
1099.864868 718.906128
1102.236206 850.795898
1102.236206 850.795898
1102.236206 850.795898
1103.643677 664.156494
1103.280884 680.402161
1103.796143 682.533936
1107.871216 811.886902
1109.130615 669.627075
1111.694946 819.211243
1112.663208 673.106873
1113.704468 817.413208
1113.658203 856.657349
1113.658203 856.657349
1113.658203 856.657349
1114.861328 701.851196
1114.861328 701.851196
1117.165649 830.373901
1117.616333 652.123352
1121.084473 648.808838
1121.871948 824.106201
1125.049316 826.179688
1126.684204 791.238098
1126.772461 827.429810
1128.733398 843.750793
1131.401367 748.393738
1131.834961 660.143250
1133.250122 806.379333
1133.250122 806.379333
1134.122681 831.131470
1138.380981 845.252136
1140.221802 653.773071
1146.804321 841.262024
1147.622559 813.585449
1154.091187 749.877686
1154.091187 749.877686
1154.203125 782.722107
1154.203125 782.722107
1161.666748 769.452148
1164.152710 844.626343
1164.152710 844.626343
1172.753418 362.248993
1178.624878 835.636658
1178.624878 835.636658
1178.835938 808.856262
1178.835938 808.856262
1178.835938 808.856262
1181.312500 704.412048
1181.312500 704.412048
1182.173218 767.755371
1184.372803 397.337585
1184.372803 397.337585
1186.186646 322.118042
1186.745361 323.792236
1187.389648 725.829468
1188.222900 215.752228
1188.621338 323.615356
1188.621338 323.615356
1191.607056 322.133911
1191.607056 322.133911
1193.770020 320.079468
1194.616455 268.476746
1194.751099 365.073853
1195.235352 177.135941
1195.729004 287.262909
1195.729004 287.262909
1195.738037 766.716553
1195.738037 766.716553
1195.738037 766.716553
1196.262939 787.279785
1196.817139 172.811111
1197.003174 332.211090
1197.206421 719.690002
1197.309326 326.884644
1197.606201 815.362244
1197.739502 192.746948
1198.266479 202.372131
1199.718872 325.737457
1199.869507 365.274078
1200.708618 339.712494
1200.803833 207.939926
1201.654663 220.358459
1201.674561 364.763245
1201.781372 221.872238
1202.289795 133.774979
1203.843506 363.092316
1204.337036 332.168243
1204.796387 263.345245
1204.796387 263.345245
1204.796387 263.345245
1206.221558 160.388336
1206.337524 336.468414
1206.337524 336.468414
1209.707153 243.728195
1209.506104 331.385437
1209.907349 345.326599
1210.204224 703.221985
1209.792725 786.658020
1210.296387 347.617676
1210.293945 400.844238
1210.293945 400.844238
1211.283936 316.665283
1211.757568 164.803635
1211.530640 326.744354
1211.692627 339.306305
1211.730103 712.809570
1211.786865 336.296204
1211.838013 735.821899
1212.163940 831.547913
1212.302856 345.242310
1212.425293 838.649536
1212.758057 347.225708
1212.798706 786.153259
1213.820679 186.832825
1214.356567 311.756439
1214.673706 320.286133
1215.873291 198.847565
1217.155396 198.911255
1216.852173 277.424164
1217.148193 338.964905
1217.148193 338.964905
1217.141113 839.256042
1217.570923 226.186798
1217.882324 670.693665
1217.882324 670.693665
1217.769409 725.337646
1217.769409 725.337646
1218.661621 198.734573
1218.303833 204.410736
1218.303833 204.410736
1219.106934 216.703812
1219.106934 216.703812
1219.136230 247.220428
1219.086548 275.921600
1219.165771 279.245514
1218.915649 828.688904
1219.578979 210.191208
1219.578979 210.191208
1219.732666 253.312881
1219.755249 339.169769
1219.755249 339.169769
1220.239136 264.210205
1220.168213 294.877625
1220.168213 294.877625
1220.164185 328.881012
1220.149780 354.129089
1220.396362 223.705887
1220.402344 243.333359
1220.736206 251.855377
1220.756836 299.222870
1220.291138 772.586548
1220.291138 772.586548
1220.291138 772.586548
1221.137085 210.123398
1220.728516 303.733612
1221.369385 254.195862
1221.487671 260.130737
1221.331055 279.118408
1221.363892 342.332642
1222.183105 238.680450
1222.183105 238.680450
1222.183105 238.680450
1222.766113 854.305054
1222.766113 854.305054
1222.764404 330.511292
1222.861572 335.863953
1223.334839 279.051636
1223.366943 340.191345
1223.704224 344.630676
1223.714966 352.672424
1224.163330 328.392975
1223.789185 342.674469
1224.124268 762.616699
1224.297974 223.664749
1225.067627 833.507874
1225.644531 262.798859
1225.644531 262.798859
1225.696533 264.908966
1225.696533 264.908966
1226.239136 271.848083
1225.796875 294.462097
1226.166260 692.628174
1226.166260 692.628174
1227.248047 346.775543
1227.715454 263.867065
1227.715454 263.867065
1227.814941 279.841370
1228.636475 272.140503
1228.291138 766.406799
1229.590454 247.316299
1230.890991 263.377045
1231.085205 266.145721
1230.815796 286.666595
1232.384644 342.206116
1232.640625 344.343872
1235.678345 264.365112
1236.697388 256.121185
1236.327881 271.566437
1236.387695 677.625061
1236.275757 739.214294
1236.275757 739.214294
1237.737671 677.910156
1238.233521 263.692474
1238.874390 689.801514
1239.789673 264.658142
1239.787354 332.232025
1240.692383 260.773071
1240.334351 713.111877
1240.334351 713.111877
1240.334351 713.111877
1240.750977 778.400635
1242.160400 265.389099
1242.265747 681.793518
1242.870483 364.165161
1247.833862 285.760162
1248.486694 344.596375
1249.175781 278.856262
1249.175781 278.856262
1249.809570 722.231995
1250.265503 372.737427
1251.566162 734.331177
1252.340820 235.182617
1252.340820 235.182617
1252.382324 738.340088
1252.782959 345.351288
1253.881714 733.361633
1254.621948 274.572174
1254.696777 285.267517
1256.235474 276.176575
1255.983276 356.713989
1255.983276 356.713989
1256.616699 290.712463
1257.737549 273.904877
1258.129150 333.879181
1259.844971 331.929108
1260.392212 729.151245
1260.392212 729.151245
1263.182251 326.169708
1264.356934 328.430450
1264.356934 328.430450
1264.407349 344.721527
1265.621948 306.725739
1265.636597 325.109100
1265.392944 331.610809
1265.392944 331.610809
1266.267456 320.409271
1268.275024 310.388611
1270.197388 318.703644
1271.566772 380.203369
1272.648071 317.318848
1272.830200 331.608429
1273.722656 273.781433
1273.274658 333.304626
1273.274658 333.304626
1274.341797 379.680634
1280.819092 324.938019
1281.030640 327.191437
1281.030640 327.191437
1283.804077 326.580597
1283.804077 326.580597
1284.396973 332.037689
1284.396973 332.037689
1284.396973 332.037689
1285.252441 361.702820
1286.654541 384.929779
1289.835327 332.746490
1295.170532 340.410553
1300.264648 423.143250
1319.570068 380.300995
1325.610107 387.091095
1327.377075 384.686096
1329.992676 376.156647
1329.992676 376.156647
1330.177979 409.791168
1338.729126 393.815765
1343.572144 420.856476
1343.856689 417.764038
1344.714722 412.894257
1345.155640 414.615326
1345.842407 411.796844
1346.550537 380.113556
1346.354980 405.800659
1349.090088 387.317871
1352.291626 373.267151
1358.381348 381.140564
1373.351440 420.742157
1374.827881 427.861877
1377.359619 424.387604
1388.218872 403.747101
364.094910 346.957306
371.807343 377.721191
371.807343 377.721191
372.660278 297.021301
373.806854 302.452667
376.767578 337.844086
377.339203 297.765961
379.289001 338.287231
379.289001 338.287231
383.539307 350.579987
397.443146 293.103210
406.777985 334.177612
406.777985 334.177612
411.598938 341.881866
422.549225 378.680389
425.293182 376.653046
1014.838135 717.789368
1014.838135 717.789368
1025.372192 751.367737
1025.372192 751.367737
1035.655273 737.476501
1035.655273 737.476501
1035.655273 737.476501
1039.990234 816.447815
1050.217163 802.196228
1051.406494 794.481567
1062.674683 769.970459
1062.674683 769.970459
1069.108032 695.128296
1074.691772 832.812622
1074.691772 832.812622
1074.691772 832.812622
1078.823853 686.579102
1083.959229 752.536072
1083.959229 752.536072
1083.959229 752.536072
1087.376099 774.743042
1089.623413 802.450439
1089.623413 802.450439
1092.531860 707.994934
1092.531860 707.994934
1096.071777 798.549072
1096.071777 798.549072
1108.489258 798.004150
1108.489258 798.004150
1112.915039 656.610352
1131.051270 738.384277
1131.051270 738.384277
1139.701294 752.779968
1139.701294 752.779968
1139.701294 752.779968
1139.660522 798.452454
1144.558960 795.221619
1157.166382 486.116455
1164.251221 781.893005
1166.413086 758.113953
1168.101807 683.643860
1168.101807 683.643860
1168.101807 683.643860
1169.171509 781.328125
1173.705200 397.640442
1174.764404 822.393372
1174.764404 822.393372
1174.764404 822.393372
1176.614746 784.077942
1179.912231 274.884186
1179.912231 274.884186
1179.988647 386.106659
1182.994263 295.705933
1184.770752 276.532928
1185.550171 731.564453
1185.550171 731.564453
1185.550171 731.564453
1185.917725 717.927185
1186.232056 847.852600
1186.232056 847.852600
1187.661987 135.833466
1190.087036 378.889008
1191.251953 289.813995
1192.524536 132.958939
1192.345947 269.204193
1192.868164 773.109009
1193.633911 179.951996
1193.240356 722.069458
1193.240356 722.069458
1194.839355 132.449661
1196.048096 356.341583
1196.487793 244.989380
1197.043701 335.187164
1197.748657 364.236572
1198.145264 235.292282
1197.937134 337.667542
1198.682495 268.500122
1200.150391 200.504196
1200.343262 131.364044
1202.260986 227.720505
1201.785156 828.620483
1202.772095 341.407349
1202.838501 857.216309
1202.838501 857.216309
1202.838501 857.216309
1203.376221 337.076294
1203.288086 830.847046
1205.902832 334.838226
1205.927002 689.102905
1206.348999 157.427734
1208.925049 336.925049
1209.892090 329.762512
1210.958984 313.292175
1214.301636 336.595520
1214.847778 191.470062
1214.788330 338.664764
1216.534790 201.534775
1217.184570 838.409607
1218.559204 306.460510
1218.559204 306.460510
1219.062622 836.797424
1219.711304 247.231903
1219.828979 332.721588
1220.401367 339.066803
1220.401367 339.066803
1220.924072 216.602890
1220.959351 276.789276
1220.959351 276.789276
1221.292847 734.996704
1221.292847 734.996704
1223.255371 792.993042
1223.255371 792.993042
1223.255371 792.993042
1226.563721 341.792328
1227.077026 743.918945
1227.077026 743.918945
1227.075806 780.155884
1227.075806 780.155884
1227.644165 279.233582
1232.829712 271.937714
1233.051880 347.013580
1236.041382 729.444214
1236.041382 729.444214
1236.041382 729.444214
1236.882446 782.505737
1236.882446 782.505737
1239.958130 363.759613
1240.154541 818.130310
1246.446777 701.398682
1246.446777 701.398682
1247.240845 674.057007
1247.942871 733.413208
1248.591309 293.415070
1252.616943 742.050415
1252.616943 742.050415
1253.637451 270.881134
1259.226440 331.792877
1259.909546 361.117188
1267.196289 345.226166
1268.895996 325.719360
1272.569946 319.847260
1272.569946 319.847260
1281.711548 332.739380
1281.466553 365.946991
1288.430542 326.460510
1308.335938 360.356415
1324.721313 374.025787
1326.513306 375.022644
1328.084595 444.798218
1330.523682 446.643524
1331.636597 376.650085
1331.636597 376.650085
1337.470215 391.535522
1345.054199 365.356354
1345.657471 378.376068
1346.622681 417.338470
1347.584839 412.110046
1353.389160 374.825073
1359.877197 383.484711
1360.153931 391.963898
377.958405 296.886475
378.855469 308.263824
398.101318 325.626892
402.627930 281.642670
412.113434 341.109497
425.600311 375.741669
425.600311 375.741669
1052.189941 726.786316
1093.010742 846.902710
1101.106812 817.219177
1123.664917 733.624878
1145.131714 438.632172
1164.257202 719.004211
1174.766357 157.899124
1179.695679 417.049500
1181.695190 396.211273
1187.166138 273.310944
1187.166138 273.310944
1188.985840 135.702454
1189.373413 270.217499
1191.218628 288.800537
1191.226563 740.877686
1190.668701 837.775269
1190.668701 837.775269
1192.237793 244.228470
1193.724487 133.320724
1196.735718 325.751251
1201.306519 131.207413
1206.992432 147.578903
1207.979004 152.219421
1209.018555 337.932404
1214.696533 337.712433
1219.969482 337.329865
1221.052490 279.384613
1221.506958 220.077408
1222.921387 227.486694
1222.794922 329.240631
1226.237305 256.016846
1226.237305 256.016846
1228.736816 679.373718
1234.205811 259.100037
1241.737915 309.781769
1247.284058 675.182556
1249.626831 377.146698
1251.926514 372.440765
1252.935425 380.725067
1253.536255 277.655212
1253.536255 277.655212
1253.536255 277.655212
1332.393433 371.102783
1333.136475 365.525269
1335.179199 382.137329
1339.886230 369.185333
1342.184692 374.045197
1347.499023 416.205200
1349.928589 394.267365
1359.190796 384.126648
1361.129028 391.115936
1369.319336 423.443237
1374.600586 427.056091
365.208954 345.951477
374.719818 301.724304
402.005554 288.623322
447.440430 354.469879
1112.232910 831.644287
1188.151489 291.019348
1192.625732 287.705658
1197.371094 284.869537
1197.371094 284.869537
1205.860962 131.516525
1207.080688 148.806610
1208.829712 170.897156
1224.880005 137.055222
1224.540283 832.872314
1347.397461 404.027039
1375.640259 401.549225
1375.640259 401.549225
1389.744263 408.531738
378.387360 332.652832
397.813965 307.604309
1117.908203 820.823975
1117.908203 820.823975
1117.908203 820.823975
1169.761108 749.507996
1187.864868 324.768982
1229.817993 327.003052
1274.175171 331.691345
1388.260620 412.529755
1090.800049 621.297241
1135.375732 617.344238
1191.991577 137.182632
1197.800293 244.356750
1241.376099 297.554077
1266.228394 715.125366
1209.980713 166.855423
1240.388550 302.698669
1384.386353 413.751160
1092.315918 627.065430
1138.401611 607.828735
1186.433105 128.812668
1193.997925 141.954926
1242.208252 309.956757
1242.208252 309.956757
1226.368408 677.700867
1229.973999 280.250061
1099.659546 635.057922
1206.093506 151.429840
1067.601563 862.062134
1117.440430 644.065918
1151.490234 452.988678
1131.834961 660.143250
1197.003174 332.211090
1209.506104 331.385437
1219.473999 317.166687
1219.473999 317.166687
1254.621948 274.572174
1260.026978 321.751587
1346.550537 380.113556
1346.550537 380.113556
1092.531860 707.994934
1092.531860 707.994934
1196.487793 244.989380
1236.882446 782.505737
1236.882446 782.505737
1372.846680 422.287445
1372.846680 422.287445
1374.600586 427.056091
