499
367.837 307.817 331.104 646.061
376.392 334.268 339.549 694.044
399.653 296.738 396.035 641.49
401.364 299.608 398.093 646.726
402.3 325.966 385.68 694.876
411.778 334.118 397.531 710.565
374.73 331.797 339.435 691.005
376.768 337.844 340.661 700.222
400.307 331.374 378.25 704.05
404.177 308.409 396.953 664.119
407.241 361.558 378.636 749.649
411.599 341.882 392.3 723.915
422.549 378.68 396.536 778.567
422.556 379.728 394.414 780.526
365.209 345.951 320.331 705.077
396.793 295.664 391.669 638.388
378.387 332.653 343.845 693.188
397.814 307.604 383.716 660.84
426.019 372.429 403.974 772.058
376.392 334.268 339.549 694.044
416.113 339.811 402.027 722.049
376.768 337.844 340.661 700.222
411.599 341.882 392.3 723.915
422.549 378.68 396.536 778.567
425.293 376.653 402.328 776.568
425.6 375.742 402.328 776.568
365.209 345.951 320.331 705.077
378.387 332.653 343.845 693.188
397.814 307.604 383.716 660.84
1026.31 703.298 523.327 206.52
1036.93 764.807 535.365 278.417
1049.67 723.836 556.082 226.578
1056.36 719.676 562.191 222.16
1059.24 744.909 565.328 252.124
1074.9 857.697 582.548 383.959
1088.76 808.675 602.326 324.095
1099.35 817.839 615.705 333.778
1102.64 816.843 620.221 332.134
1103.32 825.687 620.613 342.744
1103.8 682.534 626.463 172.577
1117.17 830.374 638.864 346.465
1126.77 827.43 651.915 341.849
1128.73 843.751 653.463 361.007
1130.28 660.649 661.053 143.754
1138.38 845.252 666.426 361.698
1144.71 846.781 674.559 362.828
1147.62 813.585 679.496 323.046
1182.32 750.108 727.423 243.871
1195.74 766.717 744.174 261.945
1203.63 834.62 750.489 340.912
1204.88 838.372 751.995 346.103
1208.29 841.169 757.529 349.546
1217.14 839.256 769.38 343.218
1228.29 766.407 787.33 257.876
1240.33 713.112 804.555 192.977
1242.27 681.794 808.821 155.674
1248.18 797.041 812.033 291.616
1249.26 743.577 815.421 228.214
1014.84 717.789 507.778 225.062
1025.37 751.368 520.567 263.767
1051.41 794.482 553.376 311.84
1062.19 764.278 568.81 274.804
1074.69 832.813 582.933 354.544
1089.62 802.45 603.532 316.73
1096.07 798.549 611.941 311.599
1110.83 824.934 629.748 340.806
1115.88 779.955 638.75 287.075
1121.38 827.405 644.4 342.538
1133.75 772.853 662.625 276.359
1144.56 795.222 676.168 301.821
1164.25 781.893 702.382 283.431
1168.1 683.644 711.034 166.604
1169.17 781.328 708.884 282.238
1174.76 822.393 714.667 330.104
1176.61 784.078 718.484 284.742
1201.79 828.62 749.487 334.813
1202.62 834.398 750.489 340.912
1203.29 830.847 749.487 334.813
1205.33 830.19 754.271 335.57
1210.2 830.109 760.639 334.683
1212.84 841.759 764.164 348.79
1217.18 838.41 769.38 343.218
1240.15 818.13 800.462 317.475
1247.94 733.413 813.667 216.204
1052.19 726.786 556.654 231.114
1093.01 846.903 606.631 368.594
1096.62 766.154 613.968 272.913
1101.11 817.219 617.853 332.904
1110.04 824.929 629.748 340.806
1164.26 719.004 704.523 208.865
1200.05 838.234 747.111 346.034
1216.69 831.406 769.085 335.444
1228.74 679.374 790.814 154.008
1247.28 675.183 815.259 147.268
1256.15 737.934 824.363 220.767
1112.23 831.644 632.357 348.467
1238.88 681.185 803.458 155.387
1117.91 820.824 640.111 334.854
1169.76 749.508 710.518 244.406
1135.38 617.344 671.446 90.9128
1266.23 715.125 840.229 191.923
1092.32 627.065 612.508 106.228
1260.67 716.911 834.075 193.644
1236.88 782.506 797.491 275.821
1026.31 703.298 523.327 206.52
1026.31 703.298 523.327 206.52
1036.93 764.807 535.365 278.417
1067.62 755.696 576.29 264.057
1082.68 821.299 593.995 339.828
1088.76 808.675 602.326 324.095
1099.35 817.839 615.705 333.778
1113.66 856.657 633.499 377.954
1113.66 856.657 633.499 377.954
1117.17 830.374 638.864 346.465
1126.77 827.43 651.915 341.849
1178.62 835.637 719.365 345.627
1178.62 835.637 719.365 345.627
1217.14 839.256 769.38 343.218
1228.29 766.407 787.33 257.876
1240.33 713.112 804.555 192.977
1240.75 778.401 802.689 270.406
1242.27 681.794 808.821 155.674
1014.84 717.789 507.778 225.062
1074.69 832.813 583.014 354.425
1083.96 752.536 597.934 258.403
1089.62 802.45 603.532 316.73
1168.1 683.644 711.034 166.604
1168.1 683.644 711.034 166.604
1174.76 822.393 714.667 330.104
1201.79 828.62 749.487 334.813
1203.29 830.847 749.487 334.813
1217.18 838.41 769.38 343.218
1227.08 743.919 786.199 231.251
1240.15 818.13 800.462 317.475
1052.19 726.786 556.654 231.114
1093.01 846.903 606.631 368.594
1101.11 817.219 617.853 332.904
1190.67 837.775 734.816 346.413
1247.28 675.183 815.259 147.268
1112.23 831.644 632.357 348.467
1224.54 832.872 779.35 336.366
1169.76 749.508 710.518 244.406
1117.44 644.066 646.903 125.974
1170.16 416.242 1030.27 847.648
1170.75 393.333 1035.78 806.293
1180.53 406.364 1049.69 830.975
1184.37 397.338 1057.06 814.744
1186.19 322.118 1077.12 677.942
1188.22 215.752 1102.57 488.098
1195.18 184.115 1120.84 432.336
1197.43 131.36 1134.71 338.32
1197.31 326.885 1093.95 688.744
1198.89 339.809 1093.13 712.185
1199.45 282.777 1107.32 609.179
1199.72 325.737 1099.03 686.912
1203.93 143.815 1144.05 361.363
1204.18 171.103 1139.16 409.486
1204.23 303.603 1112.18 647.036
1203.84 363.092 1096.96 754.494
1205.33 141.431 1146 356.321
1208.75 297.24 1120.1 636.923
1209.51 331.385 1113.47 697.864
1210.29 400.844 1100.04 822.731
1211.28 316.665 1117.69 670.998
1211.69 204.665 1142.73 470.439
1212.73 277.42 1129.58 600.733
1213.21 305.654 1124.27 651.925
1213.79 317.806 1125.24 674.946
1215.17 280.346 1133.32 605.645
1214.8 307.854 1125.49 656.004
1215.93 317.745 1125.24 674.946
1216.2 352.418 1120.13 737.069
1217.31 328.541 1126.96 693.591
1218.63 170.269 1161.74 408.716
1218.34 346.846 1124.69 726.175
1219.17 173.284 1162.43 414.857
1219.14 247.22 1147.95 547.623
1219.17 279.246 1140.37 605.457
1219.76 339.17 1129.37 712.861
1220.16 328.881 1131.23 695.261
1220.15 354.129 1126.25 739.987
1220.35 356.397 1125.91 743.684
1222.62 315.44 1137.95 671.072
1226.29 334.061 1139.47 703.156
1227.62 249.184 1160.41 551.639
1231.09 266.146 1162.69 582.604
1236.66 328.084 1158.62 694.426
1236.78 326.344 1162.76 691.27
1236.87 329.527 1158.62 694.426
1238.39 382.318 1150.37 791.54
1240.74 326.176 1166.39 690.854
1241.24 327.717 1167.14 694.131
1241.81 347.683 1163.14 730.374
1241.84 348.295 1163.14 730.374
1246.63 277.432 1189.41 604.571
1248.63 277.268 1189.41 604.571
1249.18 278.856 1189.66 606.464
1249.19 341.326 1176.71 718.201
1250.27 372.737 1171.99 776.418
1251.82 377.325 1172.04 784.189
1252.37 327.089 1185.44 694.015
1252.86 329.193 1185.74 697.341
1253.79 333.697 1185.22 705.996
1254.31 332.272 1189.75 703.353
1254.31 364.168 1180.43 760.504
1254.88 324.346 1190.11 688.917
1255.98 356.714 1183.04 748.966
1257.74 273.905 1204.88 598.812
1258.13 333.879 1194.26 707.285
1259.16 328.726 1195.8 697.117
1260.03 321.752 1198.42 684.973
1260.74 326.217 1199.67 694.248
1262.29 328.855 1199.87 696.998
1263.18 326.17 1203.1 692.462
1264.36 328.43 1203.67 698.052
1265.64 325.109 1207.53 691.096
1266.37 383.636 1195.64 796.96
1268.28 310.389 1214.45 665.444
1271.57 380.203 1206.08 792.874
1274.34 379.681 1209.92 791.147
1276.16 348.245 1219.85 734.083
1278.69 333.179 1227.43 707.766
1280.59 349.334 1226.98 736.487
1281.03 327.191 1232.03 694.842
1281.05 329.778 1232.58 700.477
1283.2 322.131 1238.05 689.864
1284.42 351.662 1232.73 741.09
1285.78 326.889 1240.28 696.541
1286.65 384.93 1229.79 801.127
1293.25 326.391 1251.7 695.762
1293.82 328.9 1253.3 700.858
1294.65 331.092 1253.58 705.787
1319.57 380.301 1284.74 795.844
1322.55 382.319 1290.21 800.838
1343.03 412.856 1320.14 856.572
1344.71 412.894 1320.14 856.572
1345.16 414.615 1320.4 860.441
1157.34 380.198 1016.77 780.761
1164.1 416.261 1019.74 847.249
1164.35 406.215 1022.43 829.402
1166.95 418.427 1024.66 850.844
1170.53 403.754 1033.04 824.628
1174.24 388.415 1042.46 797.785
1174.54 415.55 1038.22 847.573
1175.65 345.855 1054.57 720.66
1177.87 402.14 1045.46 822.923
1183.1 372.451 1060.34 769.673
1184.77 276.533 1084.29 596.729
1187.66 135.833 1118.88 345.911
1187.31 360.453 1069.9 748.437
1187.93 393.484 1063.55 808.241
1190.09 378.889 1070.8 782.26
1190.88 358.614 1076.33 745.458
1191.08 387.956 1070.35 798.949
1194.84 132.45 1129.68 340.244
1196.05 356.342 1085.31 741.92
1196.49 244.989 1110.19 541.526
1196.39 377.021 1081.16 779.054
1197.75 364.237 1086.91 756.846
1197.94 337.668 1092.82 710.96
1198.35 339.521 1092.82 710.96
1200.34 131.364 1139.81 338.165
1200.4 325.674 1100.3 686.664
1203.86 339.345 1102.22 712.099
1206.35 157.428 1144.27 386.178
1206.72 205.476 1135.53 471.171
1208.93 336.925 1111.05 707.25
1209.26 338.872 1111.24 712.041
1210.56 316.556 1117.69 670.998
1210.96 313.292 1118.56 664.935
1211.45 141.805 1156.05 358.116
1211.67 157.402 1152.78 386.23
1211.9 207.76 1143.63 476.523
1212.17 340.644 1115.89 714.934
1212.61 332.682 1118.51 700.86
1213.15 220.869 1143.29 499.574
1214.37 296.088 1129.42 634.66
1214.3 336.596 1119.94 707.144
1215.13 318.574 1125.24 674.946
1215.28 243.066 1142.27 540.052
1215.64 269.278 1137.38 586.876
1215.81 251.544 1141.07 554.921
1215.89 260.472 1139.8 571.197
1216.38 312.131 1130.29 662.242
1217.67 332.926 1126.58 701.31
1218.69 213.351 1155.22 486.766
1219.71 247.232 1147.95 547.623
1220.4 339.067 1129.37 712.861
1221.59 347.754 1129.96 729.586
1222.85 306.137 1140.53 653.564
1223.56 296.124 1143.8 635.755
1225.47 336.248 1138.92 707.139
1225.96 282.465 1151.3 611.238
1225.94 337.992 1139.06 712.016
1228.08 333.982 1143.59 703.776
1228.47 212.922 1169.03 486.828
1228.95 293.181 1154.3 630.754
1231.2 335.616 1148.25 707.103
1232.82 226.634 1173.05 511.926
1234.07 292.817 1161.98 630.334
1233.91 333.316 1152.96 703.398
1234.62 295.076 1162.49 634.689
1235.3 233.88 1175.51 525.263
1236.48 328.791 1157.82 695.766
1237.17 332.665 1158.85 702.416
1236.87 337.523 1157.18 711.645
1238 241.819 1178.74 539.472
1238.82 326.37 1162.76 691.27
1240 339.097 1162.25 714.337
1239.96 363.76 1157.75 758.422
1242.74 281.307 1178.78 610.649
1243.36 337.569 1167.71 712.067
1244.56 292.172 1179.76 630.132
1245.64 382.83 1162.07 793.795
1247.45 328.168 1176.53 696.022
1248.57 267.123 1190.28 585.335
1248.59 293.415 1185.78 632.528
1248.29 336.957 1176.44 711.031
1248.87 277.861 1189.41 604.571
1248.99 340.654 1176.71 718.201
1249.78 325.649 1181.12 691.002
1251.57 294.772 1190.52 635.431
1253.06 331.116 1185.96 701.434
1254.56 340.465 1185.98 718.204
1254.64 357.851 1183.04 748.966
1255.98 332.303 1189.75 703.353
1256.64 304.761 1196.78 653.166
1259.06 276.138 1206.58 602.31
1259.23 331.793 1194.42 702.637
1258.91 382.342 1183.69 794.071
1259.44 330.633 1195.69 701.226
1260.59 292.935 1205.63 633.501
1260.71 324.774 1199.28 690.345
1264.76 333.818 1204.09 707.956
1265.22 335.885 1204.6 711.729
1267.61 331.079 1209.03 702.163
1268.37 387.105 1199.13 803.651
1268.9 325.719 1212.47 692.781
1270.12 333.608 1212.49 706.877
1270.87 335.789 1213.63 710.671
1273.17 312.315 1222.28 669.888
1275.62 332.712 1222.89 705.235
1276.46 335.411 1222.97 711.514
1277.31 351.154 1221.61 739.34
1280.86 326.48 1232.03 694.842
1281.47 365.947 1225.03 766.056
1284.15 323.122 1238.05 689.864
1284.26 329.457 1236.69 701.529
1286.71 332.025 1240.48 706.304
1291.65 324.891 1250.46 694.422
1295.96 337.053 1254.98 716.234
1302.98 350.631 1263.1 740.802
1308.86 351.831 1272.9 743.699
1311.84 371.111 1273.65 778.516
1318.07 372.103 1283.95 781.412
1322.62 364.406 1293.27 767.659
1326.76 385.041 1295.82 804.98
1331.7 334.591 1317.36 715.529
1172.45 414.826 1034.08 845.217
1179.7 417.049 1045.23 849.001
1181.7 396.211 1053.04 812.462
1185.12 322.184 1074.93 678.797
1188.99 135.702 1118.88 345.911
1189.37 270.217 1094.71 584.532
1193.72 133.321 1129.68 340.244
1194.44 180.025 1121.3 425.677
1196.74 325.751 1093.95 688.744
1197.59 338.735 1092.82 710.96
1201.31 131.207 1139.81 338.165
1205.2 170.219 1139.16 409.486
1206.99 147.579 1147.97 366.203
1209.02 337.932 1111.17 710.576
1209.44 316.539 1117.69 670.998
1210.99 311.84 1119.06 661.798
1215.19 160.226 1157.67 392.488
1218.21 169.08 1161.4 407.989
1221.06 316.501 1136.57 673.16
1222.66 333.128 1135.4 701.014
1224.07 311.324 1141.13 663.583
1225.11 301.16 1146.97 643.477
1225.74 337.239 1138.97 709.753
1229.86 293.853 1154.94 632.291
1234.74 329.041 1157.82 695.766
1237.2 336.771 1157.18 711.645
1239 381.64 1150.37 791.54
1241 249.766 1181.95 554.203
1240.91 364.049 1157.75 758.422
1243.19 329.083 1172.22 695.936
1244.1 258.05 1185.52 569.803
1246.49 328.408 1176.53 696.022
1246.23 382.081 1162.07 793.795
1247.98 336.022 1176.44 711.031
1249.76 331.652 1181.57 701.22
1251.95 299.505 1190.38 644.191
1251.93 372.441 1175.28 776.331
1253.54 277.655 1196.37 604.152
1254.25 328.099 1191.09 695.69
1255.53 357.943 1183.04 748.966
1257.07 309.383 1196.87 662.54
1257.99 275.239 1204.63 601.602
1258.3 320.886 1194.97 682.753
1259.02 335.188 1194.26 707.285
1261.72 331.004 1200.17 701.178
1265.26 297.437 1211.8 641.897
1264.74 334.804 1204.09 707.956
1270.63 334.751 1213.63 710.671
1272.16 307.57 1221.05 660.72
1273.24 313.032 1222.43 671.2
1276.12 334.404 1222.97 711.514
1279.66 318.001 1230.89 679.949
1281.88 334.032 1232 707.31
1293.25 332.914 1250.89 708.681
1316.68 384.563 1280.77 802.975
1325.58 385.476 1293.47 806.177
1339.89 369.185 1322.81 776.111
1162.16 429.001 1014.46 869.394
1171.74 355.319 1046.03 737.351
1195.98 180.972 1121.3 425.677
1197.37 284.87 1103.45 612.631
1205.73 161.682 1141.08 393.088
1222.58 323.127 1136.7 683.876
1242.77 293.618 1175.67 633.57
1255.94 327.95 1191.09 695.69
1256.9 303.871 1196.78 653.166
1291.21 366.406 1241.04 767.682
1336.98 344.988 1322.83 735.071
1356.33 385.254 1345.69 809.023
1367.12 390.789 1365.78 816.876
1358.41 377.553 1351.53 793.518
1206.09 151.43 1146.43 371.378
1199.45 282.777 1107.32 609.179
1209.51 331.385 1113.47 697.864
1226.29 334.061 1143.59 703.776
1236.87 329.527 1158.62 694.426
1255.98 356.714 1183.04 748.966
1260.03 321.752 1198.42 684.973
1265.39 331.611 1209.03 702.163
1196.49 244.989 1110.19 541.526
1255.06 306.553 1193.79 657.147
1184.37 397.338 1057.06 814.744
1194.62 268.477 1102.37 583.076
1198.27 202.372 1121.98 464.996
1199.72 325.737 1099.03 686.912
1210.29 400.844 1100.04 822.731
1211.28 316.665 1120.92 671.509
1220.16 328.881 1131.23 695.261
1249.18 278.856 1189.66 606.464
1249.18 278.856 1189.66 606.464
1250.27 372.737 1171.99 776.418
1255.98 356.714 1183.04 748.966
1257.74 273.905 1204.88 598.812
1264.36 328.43 1203.67 698.052
1264.36 328.43 1203.67 698.052
1265.64 325.109 1207.53 691.096
1265.39 331.611 1209.03 702.163
1273.27 333.305 1218.18 707.421
1273.27 333.305 1218.18 707.421
1274.34 379.681 1209.92 791.147
1280.82 324.938 1231.86 692.865
1281.03 327.191 1232.21 696.6
1284.4 332.038 1236.79 706.727
1295.17 340.411 1252.43 721.587
1344.71 412.894 1320.14 856.572
1173.71 397.64 1039.58 814.668
1179.99 386.107 1052.18 793.403
1184.77 276.533 1084.29 596.729
1187.66 135.833 1118.88 345.911
1190.09 378.889 1070.8 782.26
1192.52 132.959 1129.68 340.244
1193.63 179.952 1119.09 424.642
1194.84 132.45 1129.68 340.244
1196.05 356.342 1085.31 741.92
1196.49 244.989 1110.19 541.526
1198.68 268.5 1107.02 581.604
1200.34 131.364 1139.81 338.165
1206.35 157.428 1145.37 386.926
1209.89 329.763 1113.47 697.864
1210.96 313.292 1117.91 665.083
1227.64 279.234 1154.36 605.497
1239.96 363.76 1157.75 758.422
1248.59 293.415 1185.78 632.528
1268.9 325.719 1212.47 692.781
1346.62 417.338 1322.25 864.869
1179.7 417.049 1045.25 851.145
1181.7 396.211 1050.88 813.973
1188.99 135.702 1118.88 345.911
1193.72 133.321 1129.68 340.244
1196.74 325.751 1093.95 688.744
1201.31 131.207 1139.81 338.165
1209.02 337.932 1111.17 710.576
1214.7 337.712 1120.4 710.869
1249.63 377.147 1172.04 784.189
1251.93 372.441 1175.28 776.331
1339.89 369.185 1322.81 776.111
1197.37 284.87 1103.45 612.631
1197.8 244.357 1111.72 539.859
1196.49 244.989 1110.19 541.526
1372.85 422.287 1367.27 879.448
1372.85 422.287 1367.27 879.448
