0 4037
1 4037
2 4101
3 1817
4 4125
5 884
6 2289
7 883
8 986
9 45
10 898
11 1827
12 4101
13 3445
14 2200
15 1814
16 884
17 902
18 791
19 508
20 2815
21 1837
22 276
23 4572
24 4490
25 2685
26 792
27 2342
28 1845
29 1873
30 1847
31 1844
32 928
33 4421
34 4461
35 1311
36 883
37 16
38 1710
39 88
40 247
41 3300
42 189
43 959
44 3466
45 950
46 4147
47 765
48 959
49 1869
50 958
51 4448
52 2358
53 4448
54 961
55 1964
56 963
57 2294
58 997
59 2257
60 4448
61 1899
62 4448
63 4146
64 4467
65 80
66 2547
67 1985
68 1888
69 3468
70 4448
71 2407
72 2288
73 4448
74 1886
75 4448
76 2735
77 4448
78 3506
79 2407
80 2809
81 3478
82 1981
83 2931
84 2415
85 1046
86 4467
87 961
88 3495
89 4136
90 1894
91 4467
92 1872
93 948
94 985
95 3575
96 2334
97 1002
98 985
99 970
100 4448
101 770
102 281
103 3498
104 3411
105 986
106 4619
107 2415
108 1861
109 987
110 988
111 985
112 903
113 1887
114 1890
115 2651
116 1022
117 1876
118 1024
119 16
120 4397
121 1892
122 948
123 1030
124 1028
125 991
126 2415
127 4400
128 2415
129 4141
130 1028
131 995
132 1046
133 3529
134 995
135 2793
136 2981
137 2736
138 3613
139 1897
140 4467
141 281
142 2022
143 3468
144 1000
145 1953
146 998
147 796
148 3437
149 856
150 1926
151 979
152 997
153 233
154 1000
155 4136
156 3505
157 1016
158 104
159 1001
160 952
161 1598
162 1896
163 948
164 1028
165 1011
166 1907
167 1909
168 602
169 2894
170 1028
171 4466
172 1024
173 3502
174 179
175 231
176 954
177 1038
178 1069
179 2626
180 989
181 2504
182 4374
183 776
184 1011
185 4159
186 3301
187 2387
188 1878
189 123
190 3506
191 3578
192 888
193 843
194 173
195 811
196 173
197 2278
198 996
199 210
200 2392
201 1836
202 4528
203 1981
204 3812
205 2962
206 2404
207 1880
208 1836
209 1017
210 2792
211 981
212 3371
213 2627
214 2924
215 4213
216 925
217 4422
218 1894
219 81
220 331
221 925
222 4512
223 2976
224 987
225 1046
226 970
227 2531
228 4052
229 1939
230 1956
231 4171
232 206
233 2634
234 451
235 1159
236 3966
237 1044
238 2394
239 4069
240 4069
241 2053
242 1992
243 461
244 2165
245 1242
246 1019
247 1304
248 2438
249 2410
250 1947
251 1280
252 1516
253 1098
254 4145
255 2658
256 1021
257 2063
258 201
259 2450
260 1781
261 519
262 2766
263 12
264 356
265 1293
266 1162
267 3846
268 1024
269 2516
270 154
271 1965
272 2450
273 2444
274 1410
275 950
276 3411
277 2207
278 3575
279 2054
280 2647
281 2414
282 671
283 2041
284 2683
285 2560
286 4446
287 1963
288 2634
289 954
290 818
291 2054
292 2463
293 1979
294 2355
295 1892
296 380
297 2005
298 2447
299 2627
300 1965
301 3233
302 380
303 1987
304 392
305 3115
306 1035
307 2053
308 2054
309 380
310 4101
311 1285
312 1990
313 969
314 1831
315 2520
316 1357
317 2248
318 1024
319 2010
320 1186
321 969
322 2445
323 1899
324 3444
325 2615
326 1990
327 1980
328 1285
329 1996
330 2471
331 2013
332 1295
333 3075
334 1895
335 417
336 2377
337 4632
338 3866
339 2117
340 3302
341 1875
342 2109
343 1240
344 1240
345 1333
346 1297
347 2087
348 1180
349 2110
350 441
351 2248
352 2075
353 1329
354 2032
355 2377
356 2006
357 914
358 2031
359 2075
360 1963
361 1979
362 2004
363 2111
364 1207
365 3751
366 2615
367 1352
368 4279
369 2432
370 1996
371 3124
372 2400
373 1240
374 3741
375 4410
376 1962
377 1195
378 2914
379 3642
380 2245
381 4402
382 2111
383 3750
384 1240
385 1240
386 4432
387 2245
388 2048
389 337
390 2973
391 2128
392 1395
393 2026
394 3302
395 2484
396 1958
397 4452
398 1979
399 226
400 4432
401 1316
402 3915
403 2031
404 143
405 472
406 1954
407 4451
408 1859
409 4402
410 1415
411 502
412 2415
413 2142
414 1448
415 4436
416 775
417 3169
418 441
419 2170
420 2432
421 4471
422 1038
423 20
424 2440
425 853
426 1802
427 2465
428 3341
429 1097
430 2361
431 3820
432 1415
433 2033
434 4432
435 2393
436 250
437 853
438 3524
439 3176
440 1032
441 879
442 585
443 1479
444 4236
445 1875
446 1439
447 1610
448 2071
449 2455
450 2486
451 1323
452 1610
453 1436
454 4263
455 3983
456 1479
457 1963
458 2137
459 1439
460 2455
461 3812
462 1459
463 502
464 455
465 1979
466 2077
467 1479
468 1414
469 1489
470 517
471 3972
472 2170
473 541
474 2117
475 4205
476 441
477 2104
478 196
479 1039
480 2497
481 2481
482 2104
483 2570
484 1512
485 1304
486 1949
487 517
488 3915
489 4432
490 1299
491 2622
492 1304
493 2084
494 3503
495 2477
496 461
497 1609
498 2528
499 3161
500 2130
501 2622
502 2621
503 3530
504 2194
505 944
506 769
507 517
508 1980
509 2132
510 2121
511 1999
512 2121
513 1963
514 2622
515 1040
516 1992
517 2595
518 2387
519 2118
520 2711
521 2570
522 1475
523 2634
524 2504
525 2055
526 2632
527 2197
528 2504
529 2165
530 1516
531 2165
532 1449
533 2121
534 1042
535 2197
536 2471
537 4319
538 2165
539 1044
540 3729
541 2511
542 2164
543 963
544 2162
545 1953
546 2149
547 1022
548 2498
549 2194
550 2488
551 1188
552 2189
553 1895
554 2193
555 1516
556 2199
557 2190
558 7
559 2526
560 2625
561 2512
562 2621
563 2174
564 589
565 2226
566 1604
567 2255
568 2193
569 3615
570 2621
571 2503
572 316
573 936
574 4335
575 2515
576 2194
577 3598
578 2631
579 2211
580 2215
581 2514
582 378
583 2219
584 2621
585 2996
586 2211
587 494
588 2220
589 1637
590 494
591 2246
592 380
593 2133
594 1643
595 1241
596 380
597 1264
598 2237
599 1670
600 2433
601 1608
602 1616
603 2232
604 1509
605 1673
606 2232
607 2444
608 380
609 2471
610 2412
611 2166
612 1375
613 1322
614 668
615 2504
616 3934
617 2252
618 2533
619 990
620 3677
621 672
622 1475
623 380
624 2255
625 2040
626 2779
627 1620
628 2022
629 2265
630 2634
631 1201
632 4497
633 4497
634 2274
635 2044
636 4404
637 2013
638 2547
639 417
640 1208
641 3307
642 4362
643 2547
644 2170
645 2276
646 1704
647 1496
648 1820
649 417
650 3679
651 2533
652 1821
653 4523
654 1820
655 2549
656 2278
657 302
658 2279
659 1820
660 2280
661 1797
662 4616
663 520
664 1443
665 1820
666 728
667 2896
668 588
669 1479
670 2031
671 250
672 2248
673 868
674 2630
675 2031
676 2897
677 2287
678 4505
679 1042
680 484
681 1672
682 2444
683 2313
684 2043
685 2555
686 2627
687 2637
688 3119
689 4389
690 1244
691 2295
692 2296
693 4421
694 2620
695 2297
696 270
697 801
698 1614
699 3733
700 2294
701 1665
702 2578
703 967
704 1814
705 2578
706 2310
707 1781
708 4224
709 4221
710 3392
711 1259
712 2324
713 2787
714 2581
715 1821
716 1799
717 2746
718 3306
719 2523
720 2621
721 1285
722 3438
723 868
724 247
725 516
726 488
727 1820
728 216
729 1821
730 1935
731 193
732 1821
733 2716
734 1821
735 2276
736 1949
737 4123
738 1829
739 2339
740 1823
741 2825
742 1834
743 2478
744 985
745 2611
746 2511
747 889
748 1824
749 2629
750 986
751 1264
752 4634
753 1841
754 1846
755 2201
756 4393
757 4395
758 2280
759 4396
760 3248
761 2927
762 1854
763 1856
764 1857
765 748
766 3499
767 2528
768 1885
769 2601
770 1860
771 2433
772 966
773 964
774 4467
775 2415
776 4448
777 4118
778 4448
779 2042
780 3405
781 4619
782 4120
783 3489
784 1869
785 1878
786 953
787 1863
788 3489
789 1874
790 1032
791 2512
792 990
793 1024
794 992
795 1024
796 4148
797 1828
798 1877
799 1902
800 950
801 1880
802 979
803 145
804 533
805 2716
806 1905
807 1977
808 2364
809 1906
810 2365
811 1002
812 1028
813 995
814 2366
815 4132
816 1024
817 1881
818 2166
819 1024
820 2368
821 2372
822 2286
823 1910
824 992
825 1883
826 2379
827 1024
828 2710
829 1006
830 1912
831 2459
832 4158
833 979
834 1917
835 4416
836 864
837 1863
838 3479
839 2416
840 1921
841 1919
842 2118
843 1914
844 4410
845 1921
846 1928
847 1078
848 843
849 1305
850 4213
851 210
852 2793
853 1045
854 2356
855 20
856 4149
857 2429
858 1931
859 1958
860 2511
861 2390
862 1993
863 2393
864 1954
865 2397
866 1985
867 1898
868 2397
869 2579
870 4448
871 2621
872 2442
873 2403
874 3966
875 1992
876 1039
877 1890
878 4027
879 1019
880 563
881 4115
882 1420
883 4317
884 1890
885 1954
886 1022
887 1619
888 2792
889 2049
890 2019
891 47
892 1962
893 1963
894 2683
895 3846
896 1026
897 2414
898 1974
899 2415
900 2472
901 2091
902 2055
903 1970
904 2051
905 2415
906 2449
907 1028
908 2443
909 2002
910 1979
911 1028
912 2471
913 2053
914 1990
915 2393
916 1441
917 2471
918 2447
919 2817
920 2444
921 2443
922 4467
923 2006
924 3841
925 1895
926 2426
927 2471
928 2471
929 800
930 2075
931 2087
932 2426
933 2004
934 2471
935 3751
936 2471
937 2087
938 2431
939 3484
940 853
941 2471
942 2445
943 2128
944 2057
945 1858
946 2501
947 2138
948 2484
949 2227
950 1620
951 2497
952 2028
953 2087
954 2029
955 1802
956 2486
957 1448
958 979
959 3478
960 4432
961 2455
962 2486
963 2470
964 2121
965 853
966 2486
967 2077
968 2455
969 3137
970 1022
971 2489
972 2184
973 2520
974 2477
975 2116
976 2467
977 4591
978 2480
979 2646
980 2491
981 4432
982 4115
983 2477
984 1021
985 2105
986 2100
987 2843
988 2497
989 2194
990 2104
991 1224
992 2481
993 2117
994 4473
995 1902
996 4432
997 1312
998 2170
999 331
1000 2137
1001 2165
1002 2173
1003 1224
1004 2118
1005 1007
1006 4405
1007 2495
1008 2492
1009 2632
1010 1043
1011 2511
1012 2815
1013 2492
1014 2197
1015 2165
1016 2498
1017 2248
1018 172
1019 2200
1020 2121
1021 2615
1022 2509
1023 382
1024 2766
1025 2194
1026 2503
1027 1479
1028 2121
1029 1736
1030 2512
1031 2517
1032 494
1033 2235
1034 2514
1035 2187
1036 2111
1037 2212
1038 2194
1039 936
1040 2111
1041 2233
1042 2216
1043 2110
1044 2523
1045 494
1046 1295
1047 2525
1048 2232
1049 2194
1050 2205
1051 1408
1052 3444
1053 2528
1054 1644
1055 2217
1056 2243
1057 4345
1058 2533
1059 3638
1060 2539
1061 415
1062 2078
1063 4351
1064 2260
1065 2257
1066 2621
1067 3906
1068 4497
1069 4295
1070 2255
1071 4354
1072 2547
1073 2545
1074 2277
1075 222
1076 2450
1077 2549
1078 1821
1079 2659
1080 2052
1081 2552
1082 2551
1083 400
1084 2552
1085 2552
1086 489
1087 494
1088 2554
1089 2560
1090 2631
1091 3664
1092 2285
1093 2556
1094 2489
1095 2559
1096 2257
1097 2560
1098 2289
1099 1427
1100 2289
1101 2031
1102 3843
1103 4507
1104 2294
1105 2291
1106 1750
1107 2572
1108 1755
1109 1774
1110 2570
1111 2300
1112 796
1113 2257
1114 1758
1115 4367
1116 2570
1117 2470
1118 2194
1119 1814
1120 883
1121 4515
1122 2313
1123 2116
1124 965
1125 2641
1126 3465
1127 3498
1128 1197
1129 2318
1130 1805
1131 4387
1132 4228
1133 1042
1134 2433
1135 4387
1136 2583
1137 2331
1138 2612
1139 1817
1140 1820
1141 904
1142 1819
1143 2335
1144 1821
1145 1821
1146 1005
1147 3442
1148 2643
1149 2353
1150 3501
1151 67
1152 2594
1153 2348
1154 2596
1155 4437
1156 4392
1157 2658
1158 2483
1159 927
1160 2353
1161 1866
1162 2354
1163 2355
1164 1874
1165 1645
1166 963
1167 2359
1168 2604
1169 4181
1170 231
1171 2605
1172 2378
1173 2442
1174 2607
1175 1345
1176 997
1177 2416
1178 4526
1179 1045
1180 4122
1181 4146
1182 4402
1183 221
1184 2429
1185 2671
1186 2671
1187 4421
1188 2397
1189 1886
1190 2041
1191 1889
1192 2442
1193 70
1194 3124
1195 2438
1196 2547
1197 2459
1198 2263
1199 2042
1200 2409
1201 2414
1202 2613
1203 2647
1204 2623
1205 2623
1206 4272
1207 2471
1208 1894
1209 2479
1210 2121
1211 2409
1212 2354
1213 854
1214 2437
1215 2471
1216 2199
1217 2121
1218 2433
1219 2433
1220 2471
1221 2620
1222 2121
1223 2621
1224 4471
1225 2121
1226 2673
1227 2618
1228 1033
1229 1448
1230 2622
1231 1264
1232 2477
1233 2100
1234 1528
1235 2084
1236 2500
1237 4473
1238 957
1239 2624
1240 2492
1241 2504
1242 2495
1243 2118
1244 2362
1245 2492
1246 2501
1247 2956
1248 2626
1249 4533
1250 2817
1251 2207
1252 2627
1253 2683
1254 2503
1255 2363
1256 2629
1257 2630
1258 2628
1259 2627
1260 2515
1261 2895
1262 1365
1263 2520
1264 1493
1265 1670
1266 2631
1267 2525
1268 1408
1269 2533
1270 2632
1271 2633
1272 2040
1273 2260
1274 2634
1275 1575
1276 2543
1277 1459
1278 2547
1279 2636
1280 1777
1281 2551
1282 2637
1283 2634
1284 2107
1285 2116
1286 2564
1287 2294
1288 2107
1289 2640
1290 888
1291 724
1292 2054
1293 2638
1294 2640
1295 2302
1296 909
1297 2641
1298 4383
1299 1614
1300 2643
1301 2576
1302 2642
1303 2641
1304 2640
1305 2644
1306 3915
1307 2647
1308 2589
1309 1240
1310 2330
1311 2582
1312 2589
1313 2583
1314 2331
1315 2174
1316 2628
1317 1140
1318 2584
1319 2810
1320 4538
1321 4542
1322 2652
1323 2655
1324 2351
1325 2596
1326 2597
1327 2661
1328 2356
1329 2630
1330 2603
1331 2606
1332 210
1333 864
1334 2671
1335 4516
1336 4528
1337 2634
1338 2442
1339 2619
1340 2459
1341 2418
1342 124
1343 2052
1344 2617
1345 2142
1346 2674
1347 944
1348 2674
1349 2361
1350 2673
1351 1600
1352 2627
1353 2517
1354 2512
1355 2116
1356 1296
1357 2547
1358 2635
1359 2444
1360 2051
1361 2202
1362 2555
1363 2052
1364 697
1365 2640
1366 579
1367 4453
1368 3465
1369 2557
1370 2659
1371 2681
1372 4405
1373 2682
1374 2653
1375 2652
1376 2684
1377 2690
1378 2660
1379 2663
1380 2665
1381 4556
1382 1903
1383 2617
1384 2628
1385 2361
1386 2044
1387 3646
1388 2675
1389 2677
1390 2689
1391 2680
1392 4565
1393 2711
1394 4547
1395 4547
1396 2019
1397 2672
1398 3232
1399 2017
1400 653
1401 4060
1402 231
1403 4549
1404 2716
1405 2704
1406 1877
1407 444
1408 4520
1409 2390
1410 4565
1411 2710
1412 2692
1413 4561
1414 2533
1415 4563
1416 4564
1417 4567
1418 2714
1419 286
1420 2442
1421 2699
1422 2715
1423 2697
1424 2702
1425 2716
1426 2708
1427 2708
1428 2717
1429 2705
1430 436
1431 2713
1432 2715
1433 2705
1434 4562
1435 4566
1436 2692
1437 2718
1438 2713
1439 2667
1440 2757
1441 2696
1442 4572
1443 4569
1444 3547
1445 2727
1446 2720
1447 2723
1448 117
1449 1073
1450 1710
1451 2329
1452 3588
1453 4573
1454 2718
1455 4116
1456 4467
1457 3470
1458 2627
1459 925
1460 1956
1461 2982
1462 1965
1463 4163
1464 2111
1465 2455
1466 2455
1467 2170
1468 2104
1469 2504
1470 2162
1471 2495
1472 0
1473 2503
1474 2215
1475 2528
1476 2265
1477 2634
1478 2626
1479 4224
1480 1821
1481 3093
1482 1820
1483 2589
1484 3517
1485 4113
1486 1958
1487 533
1488 4149
1489 2205
1490 2523
1491 4367
1492 1059
1493 2795
1494 2077
1495 1294
1496 1710
1497 4037
1498 4037
1499 1831
1500 884
1501 890
1502 421
1503 3889
1504 2408
1505 2354
1506 886
1507 4633
1508 4392
1509 1146
1510 2663
1511 1762
1512 1762
1513 2610
1514 1876
1515 1156
1516 2398
1517 1848
1518 4037
1519 1898
1520 1188
1521 4038
1522 3974
1523 948
1524 3467
1525 3469
1526 300
1527 3488
1528 981
1529 1714
1530 2426
1531 2978
1532 3528
1533 265
1534 950
1535 4182
1536 4118
1537 968
1538 4467
1539 2472
1540 2312
1541 4540
1542 2400
1543 164
1544 153
1545 2426
1546 2582
1547 4116
1548 975
1549 3496
1550 3496
1551 1020
1552 2300
1553 2609
1554 4540
1555 981
1556 3068
1557 1900
1558 4467
1559 3466
1560 3733
1561 1876
1562 3997
1563 4152
1564 1876
1565 1876
1566 4404
1567 2501
1568 4448
1569 1981
1570 984
1571 1795
1572 1038
1573 3517
1574 3530
1575 4448
1576 1964
1577 2981
1578 4017
1579 985
1580 430
1581 2349
1582 4141
1583 3499
1584 989
1585 3467
1586 3520
1587 2792
1588 3500
1589 4448
1590 4117
1591 1892
1592 3503
1593 3528
1594 3503
1595 1956
1596 1018
1597 4365
1598 2975
1599 4530
1600 4146
1601 3441
1602 3430
1603 248
1604 4118
1605 2677
1606 2914
1607 4125
1608 4118
1609 1863
1610 4619
1611 3628
1612 3468
1613 3508
1614 3509
1615 954
1616 3517
1617 989
1618 948
1619 3467
1620 2445
1621 1916
1622 3559
1623 950
1624 2944
1625 978
1626 1875
1627 167
1628 3437
1629 2912
1630 2912
1631 4165
1632 2404
1633 442
1634 4197
1635 3594
1636 215
1637 959
1638 3496
1639 3513
1640 948
1641 3417
1642 1894
1643 3503
1644 2666
1645 2849
1646 3531
1647 4197
1648 1950
1649 3799
1650 3604
1651 1900
1652 1039
1653 3116
1654 2121
1655 2716
1656 3816
1657 3671
1658 3364
1659 1898
1660 4151
1661 1202
1662 3289
1663 4605
1664 3537
1665 4272
1666 3131
1667 3469
1668 2325
1669 1620
1670 3392
1671 1116
1672 3612
1673 497
1674 1218
1675 613
1676 3528
1677 3913
1678 1887
1679 4141
1680 3745
1681 552
1682 1311
1683 3524
1684 903
1685 1083
1686 2208
1687 2471
1688 2031
1689 2400
1690 3782
1691 4605
1692 4144
1693 606
1694 3629
1695 3629
1696 1870
1697 4147
1698 2031
1699 2471
1700 2031
1701 2377
1702 4212
1703 3732
1704 2415
1705 4432
1706 2894
1707 2471
1708 1240
1709 2400
1710 3102
1711 3893
1712 1358
1713 3733
1714 2245
1715 4452
1716 3903
1717 451
1718 4212
1719 4467
1720 2381
1721 1029
1722 4619
1723 963
1724 3986
1725 723
1726 1357
1727 4467
1728 2409
1729 1448
1730 3792
1731 4503
1732 3846
1733 763
1734 3477
1735 2432
1736 4196
1737 2409
1738 1201
1739 1528
1740 1420
1741 4452
1742 2431
1743 4116
1744 1312
1745 2600
1746 495
1747 3170
1748 445
1749 2048
1750 2393
1751 445
1752 3365
1753 954
1754 1244
1755 492
1756 3164
1757 2199
1758 1240
1759 3523
1760 3116
1761 2431
1762 4262
1763 326
1764 1420
1765 3850
1766 3116
1767 1528
1768 3846
1769 28
1770 1879
1771 4416
1772 3532
1773 1415
1774 2621
1775 3103
1776 323
1777 1224
1778 3528
1779 1003
1780 3477
1781 3524
1782 3160
1783 3532
1784 177
1785 2048
1786 1489
1787 4318
1788 2199
1789 3302
1790 4285
1791 2615
1792 3629
1793 3628
1794 903
1795 3950
1796 464
1797 1300
1798 785
1799 1170
1800 2652
1801 4478
1802 4503
1803 2231
1804 1962
1805 3622
1806 2894
1807 4147
1808 2516
1809 3994
1810 3995
1811 1449
1812 3691
1813 4339
1814 2528
1815 1946
1816 2048
1817 4199
1818 4448
1819 4400
1820 3174
1821 4348
1822 4154
1823 4348
1824 2252
1825 3331
1826 4357
1827 2270
1828 2570
1829 3841
1830 1449
1831 2546
1832 4604
1833 4605
1834 2528
1835 3465
1836 4468
1837 4049
1838 3372
1839 3728
1840 2323
1841 3329
1842 2565
1843 3799
1844 3410
1845 3858
1846 1772
1847 4522
1848 4513
1849 2294
1850 2578
1851 3177
1852 2240
1853 2818
1854 4388
1855 635
1856 190
1857 2944
1858 4165
1859 1242
1860 4516
1861 1818
1862 4495
1863 4098
1864 883
1865 15
1866 2528
1867 2645
1868 2824
1869 4392
1870 3437
1871 2121
1872 2638
1873 2344
1874 2346
1875 1849
1876 4110
1877 3997
1878 3996
1879 1858
1880 989
1881 989
1882 3499
1883 3407
1884 4145
1885 1898
1886 3517
1887 4112
1888 4448
1889 2845
1890 3997
1891 1857
1892 4448
1893 977
1894 3384
1895 1870
1896 4126
1897 1865
1898 1883
1899 973
1900 3490
1901 4147
1902 967
1903 3490
1904 973
1905 4448
1906 763
1907 3519
1908 4152
1909 1858
1910 4132
1911 3469
1912 4116
1913 1242
1914 3469
1915 3503
1916 1882
1917 4131
1918 3997
1919 3470
1920 1911
1921 1038
1922 4115
1923 4134
1924 4135
1925 84
1926 3606
1927 2377
1928 3383
1929 2391
1930 1029
1931 3497
1932 3492
1933 4133
1934 963
1935 3480
1936 4436
1937 2381
1938 777
1939 4449
1940 2325
1941 3534
1942 4191
1943 1900
1944 3488
1945 4449
1946 4163
1947 4180
1948 2055
1949 4410
1950 2631
1951 1194
1952 1955
1953 2415
1954 4455
1955 2013
1956 4140
1957 4014
1958 989
1959 1858
1960 3996
1961 1403
1962 4140
1963 3977
1964 989
1965 1325
1966 4311
1967 1965
1968 3605
1969 4317
1970 903
1971 4233
1972 2471
1973 4144
1974 4331
1975 4467
1976 4171
1977 1358
1978 4448
1979 3102
1980 3893
1981 2121
1982 3750
1983 4467
1984 2791
1985 3510
1986 989
1987 4113
1988 4114
1989 2121
1990 4148
1991 1870
1992 1031
1993 3522
1994 4257
1995 294
1996 1420
1997 1645
1998 1858
1999 3530
2000 4142
2001 2844
2002 2478
2003 4152
2004 3365
2005 979
2006 2362
2007 4148
2008 4633
2009 1982
2010 4197
2011 3059
2012 3622
2013 2942
2014 2048
2015 4344
2016 4333
2017 3917
2018 3690
2019 2601
2020 2547
2021 3937
2022 1427
2023 4506
2024 4067
2025 4067
2026 2412
2027 2283
2028 4600
2029 3485
2030 4536
2031 4382
2032 1679
2033 2324
2034 177
2035 2695
2036 1264
2037 765
2038 4520
2039 2976
2040 2666
2041 4495
2042 1849
2043 4400
2044 4121
2045 4401
2046 3997
2047 81
2048 4112
2049 2712
2050 4408
2051 4157
2052 4512
2053 4426
2054 4436
2055 2402
2056 4080
2057 4185
2058 4139
2059 4409
2060 2356
2061 4449
2062 4422
2063 4455
2064 3487
2065 2459
2066 4432
2067 2418
2068 4272
2069 38
2070 2121
2071 2471
2072 2331
2073 4223
2074 1459
2075 3533
2076 3721
2077 2359
2078 4405
2079 2488
2080 2625
2081 2432
2082 3322
2083 3105
2084 1731
2085 2818
2086 1497
2087 4534
2088 2312
2089 6
2090 4535
2091 1571
2092 1443
2093 2673
2094 2584
2095 4631
2096 2650
2097 2654
2098 2378
2099 4545
2100 4402
2101 3600
2102 2889
2103 4527
2104 2577
2105 2710
2106 2885
2107 2885
2108 4554
2109 2601
2110 4502
2111 4555
2112 4479
2113 2362
2114 4541
2115 4558
2116 3520
2117 1872
2118 2325
2119 4548
2120 2685
2121 2622
2122 1209
2123 2709
2124 2696
2125 4546
2126 4552
2127 2698
2128 3711
2129 4562
2130 2703
2131 3834
2132 2709
2133 4566
2134 2694
2135 2699
2136 2700
2137 3387
2138 303
2139 4566
2140 4567
2141 2712
2142 4554
2143 2720
2144 4570
2145 312
2146 4365
2147 3283
2148 1524
2149 2378
2150 4037
2151 1300
2152 3265
2153 3177
2154 2595
2155 1858
2156 81
2157 4180
2158 3510
2159 4152
2160 2649
2161 4537
2162 3411
