-1.25685 -1.38707 3.12913 0.483872
-1.33308 -0.436622 1.23934 -1.38566
-2.02299 5.55057 -10.1888 -6.8774
-1.54456 -5.6398 4.61749 0.804844
0.265124 1.16381 -1.31815 0.448549
-1.53591 -0.220113 0.239454 -1.8777
2.11795 0.822245 -0.556381 2.06141
1.3712 2.3494 -2.97948 1.49983
0.493585 -1.22644 1.24804 1.59237
-0.372504 -1.10049 2.61834 -0.863378
0.679106 1.08742 -1.10492 1.85608
-0.340005 1.98325 -3.34606 -1.37481
0.643987 -1.24253 1.13181 0.661564
0.106622 1.13459 -3.13182 0.861113
-2.04698 4.22166 -2.80475 -1.88038
-0.11631 1.0936 -1.06883 -0.184508
1.26929 -1.44833 8.0113 4.53354
-0.224458 -1.03846 1.14466 -0.253677
0.30722 -1.1122 3.70636 2.04539
-6.01582 -0.420423 1.30444 -5.61182
-0.833876 1.56142 -1.67958 -0.99997
0.105235 1.4697 -1.30355 0.281786
0.020332 2.24764 -1.74008 0.164581
-16.202 21.4367 -18.1904 -15.9197
0.678577 1.19191 -0.942135 0.499628
0.241464 -1.2293 1.86649 1.12037
-10.362 -3.32608 8.52971 -11.0703
-1.1686 -0.038824 -0.159918 -1.70978
-4.39864 -1.55745 -2.46143 -4.08701
0.548272 1.35364 -1.16504 0.397156
0.083298 1.21186 -1.10335 -0.042214
1.04217 -0.111222 0.630026 3.02931
1.27548 -0.169694 -0.485209 2.22331
-0.471839 -2.13341 4.47094 2.34326
17.3932 -5.78448 2.37926 18.9273
0.293962 -1.00501 1.05509 0.378507
1.34253 -0.537795 0.782643 2.25403
9.75354 5.37734 -6.51826 10.5452
0.989898 0.384335 -0.406284 1.10519
0.394698 1.47567 -1.49087 0.462375
1.94401 -0.374024 2.04211 2.74278
2.59606 -2.33148 1.19153 2.42441
0.351578 1.20292 -1.407 0.397918
1.07303 0.048636 -0.390019 2.92246
0.117534 1.36742 -1.11762 0.170993
-3.25739 1.0884 -0.11126 -3.7594
0.615314 -1.59764 1.67824 0.175006
-1.1438 0.17405 -0.246326 -1.4695
0.267732 1.42541 -1.24498 0.334219
1.9946 -3.40515 3.39883 2.30085
-0.99939 0.534728 -0.342798 -1.47083
1.67639 0.640041 -0.5608 1.07692
-0.334819 -1.04071 4.10652 -1.13248
1.21079 2.07382 -2.00127 1.83566
-0.3189 -1.0913 1.02426 -0.303641
-0.062115 1.76099 -2.12061 -0.107848
1.06054 -0.282443 0.261699 2.12929
0.056283 1.09748 -2.98376 0.8488
-1.36813 -0.846527 0.915798 -1.93731
-1.33454 0.231482 -0.201452 -1.49536
2.90675 2.22161 -1.94903 1.95675
1.24168 0.45919 -1.51047 3.55724
1.99984 0.661995 -1.02027 2.1471
-2.93025 0.247802 -0.251285 -7.10387
-14.7507 -8.58577 9.08969 -15.4617
-0.728986 1.11983 -1.11983 -0.728986
-2.2018 0.411136 -0.185988 -4.98512
0.816339 -0.741165 1.68457 1.3902
-4.08473 -3.698 4.738 -4.35818
1.76482 4.0872 -4.00423 2.26495
-0.194443 1.99508 -4.46337 -0.251093
-1.92297 1.12982 -3.04722 -2.47175
-0.114761 -1.095 3.89109 -1.0299
0.727517 0.865303 -0.920292 0.914983
3.90111 2.59341 -2.6812 4.2026
3.7929 -6.68463 10.1563 4.08114
-2.37922 -2.09075 1.22565 -1.33064
1.95284 0.862843 0.490151 2.48005
-3.32385 0.808526 -1.0401 -6.18229
1.9574 -1.8316 2.52288 1.85265
1.05797 0.604495 -0.868428 1.67834
-1.07231 0.482054 -0.525122 -2.32155
-2.87783 3.16964 -2.26902 -1.52492
0.594857 1.12189 -1.08122 0.286877
-1.27344 2.76959 -2.13964 0.882045
0.620256 -1.11771 2.24149 1.15207
16.8258 7.67593 -9.4301 15.9302
1.09237 0.082331 -0.247446 1.54407
-1.03626 0.441235 -0.489568 -1.82815
-0.127623 1.74154 -1.64133 0.402297
1.62558 -0.608949 0.305671 1.01922
1.76968 -0.5317 0.491937 1.29575
2.4819 -5.23183 5.57382 1.87565
-1.0254 -0.930435 1.5124 -1.1145
-0.649509 -6.52781 3.99452 -1.52662
-1.04705 0.38546 -0.422784 -2.0213
0.143949 1.5317 -1.33267 0.291006
-1.17412 0.355985 -0.509412 -1.22656
0.303643 1.08108 -1.97043 0.791756
2.07527 0.649953 -1.63804 2.33426
0.385863 0.989716 -0.989716 0.385863
-2.17992 3.97947 -2.52889 -2.27924
-2.46982 -0.452652 2.4665 -3.81335
-1.09041 -0.469513 0.418205 -1.05264
0.34645 1.28737 -1.50396 0.505719
-1.22376 -0.065614 0.083824 -1.52196
1.61151 -0.462905 0.383931 1.15164
-2.22091 2.65562 -2.13104 -1.0591
-1.55331 0.094156 0.159112 -1.7493
-0.080716 -1.90487 1.9291 -2.0234
-1.87726 0.8026 -0.38405 -2.35808
0.739769 1.013 -0.808081 0.849406
0.19448 1.43444 -3.58226 0.937668
-0.196986 -1.06074 3.03162 -0.518914
3.57174 2.42926 -1.25129 3.75048
-0.049325 1.11012 -1.18797 -0.023825
1.6992 -0.695107 5.68764 3.62195
1.34748 -0.240455 0.318821 1.82018
0.509786 1.30543 -1.45921 0.390898
-1.53839 -0.615713 -0.700814 -2.03162
4.69402 -2.70938 5.14531 6.09684
1.05837 0.466744 -0.637991 1.63613
-7.55204 14.1927 -18.1868 -11.2171
1.0989 0.09516 -0.331699 1.31148
2.97648 -1.08944 2.86438 1.28841
-5.69973 6.14272 -8.40919 -6.45312
-1.14221 3.29037 -2.578 -1.52307
-3.4429 -3.37218 5.98788 -4.55361
0.092067 1.17512 -1.20438 0.181413
-3.82225 7.79798 -10.374 -2.80186
-1.83831 -0.739052 0.705533 -1.7315
-1.06968 0.341482 -0.402604 -2.06993
1.11989 0.363964 -1.65113 2.52882
1.76487 1.78268 -1.649 2.27948
-0.200118 1.49355 -2.81132 0.575722
0.238021 1.69257 -1.51583 0.242152
0.598504 0.937113 -0.936348 0.760973
-0.376909 -1.11659 2.5638 -0.913345
0.50575 -0.925263 0.925263 0.50575
-11.45 -4.21569 1.97021 -11.5196
0.790258 0.775511 -1.23432 0.775641
1.15525 -0.855856 2.08152 1.55152
2.2153 2.22148 -4.02203 1.56511
1.12028 -1.62547 1.62547 1.12028
0.224731 1.25477 -1.04087 0.183569
0.878372 0.982813 -1.80529 1.68343
1.239 -0.978869 0.552596 1.00122
1.14462 0.203549 0.087098 1.96762
-0.004457 -1.12752 2.99821 -1.17575
-1.03653 0.369212 -0.751253 -1.59668
1.3016 0.268192 -0.422101 1.34924
1.45309 1.72809 -1.80773 1.55572
-0.959082 -0.581222 1.65717 -3.10786
-1.61539 1.18149 0.564034 -2.56996
-0.139887 -1.49547 1.13504 -0.089074
-1.0077 0.620163 -0.620163 -1.0077
-1.38208 0.932488 -0.444779 -1.23545
-1.41354 0.454089 -2.20284 -1.9789
1.02165 -0.649738 4.50568 3.05527
-0.244499 -1.84857 5.78768 -1.60406
-0.464795 3.8803 -5.47163 0.857274
-2.06153 -1.36087 1.07659 -0.851208
-1.54528 4.31469 -3.14 -0.239842
0.028614 1.11064 -1.32469 -0.038228
-2.49048 0.127989 0.022892 -3.35049
-0.981826 -0.972338 1.4906 -1.24284
-1.0023 1.24805 -0.922768 -0.535463
1.44507 0.459842 -0.218112 1.40647
-0.553603 -1.28476 1.17284 -1.72537
0.644315 -0.96339 0.809975 0.863179
-7.64516 1.42566 0.55554 -4.20187
1.25397 -0.700994 5.03691 3.35715
-0.824656 5.68522 -9.01498 -5.29898
-1.65993 -0.305129 1.28719 -2.17692
1.00247 -0.979474 1.90229 0.532144
1.43033 0.429326 0.168391 1.617
-0.227988 -1.10396 1.80563 -0.732021
2.28124 -1.0391 0.507435 4.29251
-1.05827 0.35356 -0.427905 -1.9999
0.985501 0.838528 -2.22388 1.47195
5.42545 2.54986 -0.118035 5.74851
-0.014242 3.96633 -5.72915 0.72704
0.535283 -1.26827 1.35987 0.762291
1.9358 1.39729 -1.2918 2.62576
0.342806 -1.15583 4.80566 2.67417
-1.15543 -0.732939 1.3049 -0.833365
5.57775 -4.66081 4.76992 4.24743
4.74651 -3.87695 2.56077 3.80324
-0.662547 -1.61333 7.55597 -2.2185
0.15171 -1.74593 3.18576 -0.478635
-1.59222 -1.78617 2.17095 -3.18455
-1.0621 -0.404448 1.49038 -2.23056
-1.10728 0.107034 -0.487673 -1.68878
1.09934 0.012565 -0.078416 1.39098
-1.22523 -0.468479 1.54775 -2.23876
-1.04416 0.249467 -0.360424 -2.05475
0.651356 -0.903916 0.903916 0.651356
2.42021 0.41751 -1.47325 3.86111
-0.051536 1.17008 -1.06879 0.007735
-1.2597 1.09366 0.118502 -2.42862
2.67207 -1.71546 5.61875 4.11605
-0.556292 -1.0113 1.53507 -0.287182
0.244237 -2.98027 6.79268 3.15821
-0.333858 1.21426 -1.0468 -0.546811
0.644203 -0.905889 1.30897 0.608976
-7.86982 2.99251 -5.64898 -9.23383
1.14545 -0.580775 0.438799 1.40832
1.03417 -1.16373 2.17853 0.792425
-2.0917 0.45081 -0.856287 -3.80348
-2.74938 2.63201 -3.8509 -1.42434
-2.15818 1.22676 -1.83694 -1.37758
0.274699 -1.07156 1.27483 0.499333
1.4755 -1.44241 1.72517 1.77457
-1.65396 -0.039144 1.21655 -1.48862
-0.2043 -2.11154 4.64169 -0.812096
-0.195781 1.44627 -1.53609 0.122376
1.69909 -0.44114 -0.708326 1.89234
0.748998 -2.78926 1.77463 1.25338
-1.06275 0.253121 -0.322975 -1.95977
-0.173685 1.2128 -1.70852 -0.00422
-0.900457 -0.56847 0.603506 -1.39067
-1.02158 0.771375 -1.27368 -0.714272
0.150913 -1.18286 1.93777 -0.598571
1.82248 -1.21157 2.87399 1.72615
1.43305 1.27452 -2.08065 2.25294
-0.354135 -5.87377 3.31565 0.224517
-0.70131 3.03653 -2.42016 -0.962247
21.6341 -6.80608 11.1537 44.7318
0.492897 1.1174 -1.58158 0.540338
1.47251 0.794347 -1.92773 3.35607
1.47994 -0.809504 0.497839 1.55358
3.06708 -1.80604 0.482487 3.3944
-1.34872 0.204443 1.03971 -2.33904
3.63868 0.006833 0.293601 2.69182
0.969715 -0.632073 0.625436 2.15884
-1.05815 -0.416907 0.879457 -1.20412
-0.041755 -1.31379 1.8287 -0.367704
-1.17713 0.184223 -0.340417 -2.17294
0.387075 -1.15918 5.05411 2.88477
-1.54633 -1.47206 2.18221 -2.10481
1.04193 -0.272382 0.231608 1.38318
1.14983 0.248356 0.052252 1.70136
2.32591 -0.894044 0.38391 1.35379
-0.168764 1.16765 -1.06893 -0.271949
-4.18325 1.45358 -3.94213 -6.18747
2.79294 0.842839 -0.265952 2.87358
-1.06578 -0.368932 1.53159 -2.2804
-0.786529 2.22805 -2.18191 -0.665091
-1.28201 1.07799 -1.65418 -2.561
-0.293695 -1.40238 1.08085 -0.651349
12.298 8.82569 -13.9827 10.3313
2.13231 1.61123 -1.47236 1.51311
-0.975769 0.900604 -1.61146 -0.898528
-0.278438 -1.54817 5.06094 -1.41941
-4.044 0.71539 -0.155244 -6.66566
1.46922 -1.31266 3.07781 1.64838
-1.23314 0.164519 -0.021399 -1.59787
0.086728 -1.05781 1.44409 0.132477
1.2151 0.630061 -1.53052 2.61475
2.3408 0.912329 -1.48183 4.17189
-1.08117 -0.014167 -0.155408 -1.66624
-6.30807 -1.29894 3.22811 -6.12752
-0.89766 -0.634736 0.647801 -0.91825
0.340516 -1.08594 3.47281 1.96623
0.265729 -1.23137 1.53999 0.87138
0.363862 2.02523 -1.11071 0.315213
-0.614066 -0.909608 1.5748 -0.860912
8.43432 -1.09006 2.1162 10.1908
-3.57497 0.369687 0.415148 -2.97946
1.43079 -0.744959 0.381246 1.05201
3.05545 6.04924 -6.72514 7.13045
3.2387 -1.37913 0.36571 3.66275
0.202439 1.03841 -1.03009 0.210148
-0.116693 1.0438 -2.82721 -0.609607
-2.08972 0.79021 -0.693455 -2.79996
1.13067 0.157388 -0.932716 1.97495
-0.562005 -12.4402 12.3619 1.26176
0.096602 1.23039 -2.57375 0.290162
1.30423 -0.052483 -0.096425 1.49555
0.058518 1.72152 -1.49488 0.197706
-0.585721 -0.943123 4.48638 -1.30049
-1.99033 -2.37858 0.998916 -2.33018
-3.13001 -2.31195 2.17338 -0.782557
-0.99394 0.728858 -1.29616 -0.826176
-1.56617 1.25799 -1.16966 -1.64345
-10.9424 -0.402814 -0.719209 -21.8758
-1.57559 -0.035814 1.84984 -1.90889
1.32542 -0.3806 0.631591 2.44705
-0.630404 -6.67315 4.77917 -1.74284
2.29863 1.17344 -0.141266 1.99368
-2.73264 0.325253 -2.65579 -2.41903
2.09359 -1.9573 2.94836 1.9349
-0.640996 0.964449 -0.964449 -0.640996
-0.316678 -1.43384 1.35177 -0.581972
-0.290554 1.6884 -1.82976 -1.97877
-0.771983 1.19389 -2.0113 -0.800512
-0.510797 1.82641 -3.92619 -0.574845
0.785516 -1.68948 1.66706 0.90924
-1.34955 2.04278 -1.28866 -0.503285
-1.65582 -0.569577 2.65561 -1.34976
-2.20658 -2.77185 3.12016 -2.47466
0.507401 1.28052 -1.19927 0.584646
-3.07725 1.82878 -1.7245 -5.0415
0.775489 -1.5824 1.91232 1.43606
-0.295171 1.30598 -2.96685 -1.52308
6.34502 4.72966 -7.63208 9.63036
135.903 5.2526 -26.4254 157.354
0.78348 -0.864557 0.780055 1.1415
-1.73095 4.18422 -7.47059 -3.26005
1.62494 -1.71516 2.82193 2.14834
-0.021756 1.68139 -1.32268 0.113962
2.3682 -2.18495 2.26918 1.73066
-0.989687 -6.10738 7.94148 1.04794
0.815361 -1.11269 1.22065 0.565911
-1.48333 -0.115989 0.444557 -1.4468
1.611 1.5787 -1.43798 0.20919
-1.27191 -0.364989 0.056243 -1.37736
1.62319 0.782811 -1.11578 2.49308
-11.0935 -2.25868 5.13604 -11.6787
-1.02505 -9.8628 12.8005 5.5904
-1.05311 0.357414 -0.365874 -1.24406
-1.02963 0.309953 -0.37472 -2.01361
-2.08072 3.61815 -3.3081 -2.54931
2.181 0.69446 -1.63272 4.23559
1.05929 0.066959 0.17729 2.01174
-1.87283 4.12096 -6.0469 -3.8712
-0.291687 1.14084 -1.49502 -1.05988
-1.37773 -0.6301 0.065534 -2.40552
5.74018 -2.36313 1.66154 6.33591
0.936137 1.35383 -0.655836 1.32316
-4.14424 1.68727 -1.35613 -4.22249
-1.22386 -0.589348 1.28218 -1.44796
-13.1432 11.4266 -19.5046 -12.826
1.80664 -2.57235 3.59053 0.719989
-3.7986 -4.4992 5.86357 -4.14224
-1.47131 0.208906 -0.207243 -2.10242
-1.42518 -0.84491 1.32896 -1.32916
0.166077 1.68118 -2.98396 0.595094
-1.13435 0.242474 -0.307121 -2.19495
-0.483588 -2.11033 2.03907 -0.808215
1.15982 0.269156 0.044563 1.95064
-1.18383 2.75683 -1.84776 0.968553
0.510611 1.03603 -1.00009 0.630439
1.40534 -1.12101 0.38195 1.80258
0.48405 -0.981129 2.10375 0.999611
0.117683 -1.16126 4.46399 -1.40178
0.06003 1.20893 -1.39805 0.357173
-1.10285 0.002235 -0.097967 -1.49921
-0.42133 -1.50443 1.94116 -0.852063
1.04406 -0.063972 0.177868 1.53298
-0.097977 1.16662 -2.29323 0.552779
-3.67074 -4.17766 4.8737 -3.66569
0.893785 -0.905251 3.48278 1.90477
0.898607 0.945547 -0.633921 2.06259
0.096857 1.63734 -1.33689 0.230353
-1.02694 -0.919231 0.771801 -0.962584
-0.378244 -1.72305 4.78825 -1.39072
-1.19333 -0.254066 -0.24826 -1.62837
0.655895 -1.19761 1.87388 1.36462
-1.33071 -0.080206 0.119447 -1.83796
-1.12519 -0.359053 0.958661 -1.57161
1.6123 0.077173 -0.960379 1.65117
-0.153203 1.37562 -1.35973 0.007124
0.872873 0.624685 -0.875712 1.03748
-1.43002 -0.000259 -0.296947 -2.55658
-1.68021 -2.26782 2.44505 -3.93496
-1.36076 1.21436 0.190927 -2.34056
0.454523 -3.17922 4.48501 2.43939
0.797683 -1.02391 1.08093 0.448305
1.14007 -0.502247 2.06322 1.60058
-3.57631 17.9029 -21.7547 -5.94737
-0.89834 -2.56536 4.81735 -1.02713
-0.610654 -1.63477 1.15023 -1.52051
0.998376 0.546036 -0.662375 0.99176
26.3784 12.3446 -16.8995 25.1381
1.01549 -1.06745 0.965296 1.08818
1.34183 -1.0157 0.784771 1.59454
0.975337 -5.95516 6.47316 2.77419
-1.36989 0.355457 -0.789447 -2.95524
-4.40363 6.24861 -8.44658 -5.76092
-0.50823 -1.63496 2.99912 -1.14366
-1.04694 0.143861 -0.229508 -1.38797
0.997423 -0.482744 1.08584 1.41316
-1.44717 1.1554 -2.21063 -2.14316
2.04836 0.744532 0.327478 1.52829
0.973211 -2.43913 5.1238 2.76727
1.10421 -0.145538 -0.053369 1.34367
0.329082 -1.25816 1.55011 0.294564
0.046859 1.39237 -1.6456 0.256712
-0.490208 1.47059 -2.31172 -0.620633
-0.773285 -0.790725 1.51924 -0.908965
2.07586 -0.97997 5.19167 3.47067
-0.356391 -1.13705 4.70836 0.636517
-2.52506 -1.03974 3.26302 -1.40843
1.00151 0.594104 -1.60837 1.5467
0.228647 4.08703 -2.78895 2.05445
2.38023 1.92728 -1.52893 1.64401
-1.90259 1.62703 0.593775 -2.37726
2.78764 2.01194 -2.08447 2.13587
-0.725481 -0.784073 2.72178 -2.18559
-2.49418 -0.131633 1.35694 -2.33574
1.31108 -0.148438 0.435199 1.91017
1.16821 0.266508 0.037131 2.03221
0.594433 -1.37591 0.937875 1.43185
-0.012195 1.84231 -1.4499 0.11338
-1.09794 0.495251 -1.52136 -2.02567
10.7428 -3.74911 8.90447 38.4868
1.84713 1.11522 -0.864941 3.07463
1.58747 -1.2426 3.21823 1.8143
-1.64392 -0.926475 0.768212 -2.00702
-1.02803 -0.779663 0.877253 -1.06883
0.257463 1.54905 -1.16087 0.231768
-6.38241 -1.46576 8.22081 -9.24165
2.25624 -5.8621 5.84988 4.50891
-1.24277 -0.785519 1.5714 -0.877598
2.81675 -0.106303 0.129025 3.62422
-1.42455 -0.418827 1.19059 -1.28855
2.82089 -1.15316 0.609127 1.92934
0.022847 -4.71789 4.18144 -1.25591
-0.343583 1.66565 -4.86455 1.13545
0.019074 2.27897 -1.6778 0.13284
-1.19348 0.382301 -0.858199 -1.90669
-0.516977 1.41953 -1.72604 -1.29517
-0.944389 -0.600018 0.973746 -2.09061
0.468883 3.03463 -9.02054 -4.93352
3.72124 -0.842028 2.38052 4.60338
-1.15015 -0.975944 1.2635 -1.09981
-0.153668 1.77208 -1.95414 0.79913
1.02073 -0.860131 0.687426 0.793339
-0.367682 -2.36501 2.82499 -0.910553
-0.224409 1.42851 -1.72253 0.641487
-0.641538 3.55614 -7.21426 -0.362947
0.886022 -1.20144 3.29344 0.854619
-1.12077 0.52794 -0.827865 -1.65076
0.605654 -1.05444 1.3448 1.79742
-0.499618 1.12085 -1.13476 -0.715466
-1.05084 -0.989799 3.14651 -0.525119
-0.500575 -1.0897 4.65364 -1.36828
1.5423 -1.33434 1.75495 0.743226
1.4792 -0.803473 0.904303 2.75635
-0.734431 -1.13422 3.42707 0.131497
1.24328 -1.77668 1.43249 2.54926
-1.82966 -1.37321 2.48747 -1.3573
0.222861 1.35676 -1.03089 0.252158
-1.79947 -7.00137 12.4452 -5.7644
-2.8096 -0.591087 0.977005 -2.47351
-0.558109 0.993452 -1.22391 -0.353783
-1.69858 -0.185073 1.2424 -1.84779
1.59723 1.5401 -0.833866 1.14917
0.961421 0.79405 -0.728654 1.71166
0.925541 -0.52454 0.816245 1.03238
-1.56432 -3.76381 5.39433 -3.95517
-1.35991 1.00955 -1.03437 -1.06904
1.93627 -1.6673 1.73713 1.73339
1.69239 -1.71524 2.9782 -0.443816
-1.038 0.151226 -0.250309 -1.98125
2.9111 2.22547 -1.03629 3.16878
-4.18014 -2.27572 2.11455 -1.90595
-0.12434 1.12113 -2.01591 0.44989
-6.30967 -0.110048 -1.7439 -6.56871
-1.02449 0.359516 -0.299871 -1.78357
-0.726545 2.44854 -3.15428 -1.55565
0.496125 -1.06353 1.56762 0.250472
0.326996 1.46186 -1.57933 0.037751
4.60464 -8.08118 8.93576 7.73622
-0.481018 -1.1001 2.12929 -0.734156
2.75037 -1.65272 2.40528 2.44802
0.03698 1.37464 -1.52696 0.298379
-0.119773 -2.78302 5.44234 -0.454202
-1.14539 -0.704569 0.789061 -1.03239
-0.944776 0.678196 -0.806398 -2.10407
-1.64969 -0.667548 1.87179 -2.61566
6.07001 2.39279 -0.16698 6.93215
0.052764 2.05093 -1.61971 0.200716
-0.838153 -0.850892 0.9434 -0.826905
-0.605985 0.890968 -0.856907 -0.697777
1.10356 -0.076244 0.258383 2.14649
1.14373 -5.87948 5.67716 1.7151
-3.85706 0.892495 -0.002034 -2.66672
-0.138997 -1.80303 1.45278 -0.321469
-1.43169 -0.145724 1.58553 -1.80423
1.04034 0.165507 -0.181105 1.03707
0.119062 2.50438 -4.53389 0.220297
-4.38667 5.7378 -6.08967 -5.07587
-1.40004 2.05358 -3.06421 -1.97997
-21.9424 -1.08795 -0.242572 -37.7041
-0.640141 1.07011 -0.918424 -0.776333
2.51397 -0.13616 0.170169 3.18243
1.32292 1.16127 -1.43213 1.398
-0.665948 1.3693 -2.02181 -1.0148
-0.039635 -1.09947 1.40015 -0.049261
1.34272 0.898888 -0.952657 1.91358
-4.36538 -0.602076 2.04541 -3.66275
1.01138 -0.669068 4.41051 2.95019
-0.299741 -1.53578 1.40851 -0.25335
2.68869 1.07976 -0.06282 4.54776
-2.49174 -1.47332 2.6927 -1.94823
-0.856553 1.34994 -2.98142 -0.340418
-0.933888 -0.649204 0.717126 -1.22413
1.43677 5.39498 -6.3384 -0.164388
0.29524 -5.20307 8.62337 3.43099
-1.10494 0.130602 -0.259761 -1.9327
1.47828 1.34751 -0.690605 1.73722
-2.73388 -0.240125 -0.808656 -3.33104
-1.44516 0.199935 -0.121479 -1.25115
1.05932 -0.486448 0.372493 1.11094
6.69742 -8.59198 9.49362 8.75512
1.68163 0.151141 -0.828087 1.50449
-0.602508 -4.69158 1.73916 0.298126
-0.444783 -3.10018 2.76098 -0.694859
2.20918 -0.889018 0.444801 1.29082
0.554816 -1.53933 1.32116 0.912997
-1.12123 1.45465 -6.34976 -4.18619
-1.18337 -0.041779 -0.388244 -1.40962
3.69178 -3.8308 6.71362 4.86106
-1.47994 -0.022316 0.109911 -1.3615
1.27368 -0.635506 0.403498 1.72646
1.65837 -9.72139 11.9604 2.98502
-1.28108 1.54115 -0.852633 -0.680994
-0.923263 -2.69957 2.5249 -1.26567
4.78127 -4.31851 4.03399 3.74425
1.00636 0.391377 -0.380041 1.10017
0.966234 -0.438906 1.25239 2.09073
0.020107 1.60127 -1.5688 0.389004
-1.01362 0.29972 -0.380999 -1.9775
-2.35835 -2.06074 4.16381 -3.6868
-0.678802 0.995098 -1.12799 -0.773709
-1.16777 1.06245 -0.297709 -1.61874
-0.366148 1.1785 -1.33762 -0.996461
0.036935 -1.44825 2.73383 1.35216
0.011437 -6.37899 5.48785 -1.21235
0.871077 1.6426 -2.93967 0.649786
-5.81227 5.66582 -11.1831 -8.415
0.032069 -5.07212 7.41315 1.8485
1.08232 0.302616 -1.7193 2.70745
-1.16897 -0.31148 0.037438 -1.56569
1.86581 3.2663 -4.97336 2.11768
-1.0081 0.607238 -0.816463 -0.922747
-0.635475 1.0859 -3.14471 -2.02484
-1.2724 -0.592489 0.734595 -1.29298
-1.45225 3.04964 -2.06439 -1.54508
-3.79698 1.10677 -0.492909 -4.43747
-1.39467 0.376534 -0.685429 -2.2865
-0.017183 1.16744 -1.58744 -0.065234
0.207974 -1.15353 1.15353 0.207974
0.095816 -1.19377 1.2466 0.470677
0.104969 1.09167 -1.44814 0.289975
1.91101 -0.858581 2.63791 0.619713
1.08468 -2.16056 6.77948 3.76252
1.248 2.16043 -2.03957 1.89334
1.38898 -0.318084 0.21677 2.46562
-13.1111 -78.1041 72.0367 -4.00851
-0.328369 -2.94467 6.40828 -1.21946
-1.11499 -0.840818 0.60511 -2.07574
-0.092738 -1.76033 1.87135 -2.25243
-1.15072 -0.303844 1.20837 -1.79493
1.06927 0.726946 -1.42998 0.912129
-0.06542 1.3043 -2.07083 0.56118
1.31022 -1.23619 1.52344 0.887074
-0.934087 0.658265 -1.01087 -0.962645
-1.22284 2.55658 -2.13077 -0.370008
-1.07667 1.49581 -1.96564 -0.731767
-1.43205 -0.200566 1.55701 -2.11528
-1.18021 -0.050396 0.114837 -1.16502
2.19071 1.36503 -1.37832 3.05095
-0.43514 -3.8188 2.2179 0.294063
-0.007971 1.32957 -1.78366 -1.03411
-4.39223 1.17506 -0.509559 -4.58968
3.35417 0.299574 1.12494 3.96578
0.200878 -1.61218 1.38426 -0.078865
0.287603 -2.40569 4.17224 -0.46947
-1.50595 -3.49273 5.16566 -2.03792
1.5342 0.874845 -1.38474 1.36128
1.24096 0.816571 -1.35421 1.75849
0.871137 -0.688075 3.95431 2.33406
2.98865 -2.75799 4.22427 3.37425
-0.142832 -1.12605 1.60673 0.048446
-1.77355 -4.74816 7.7713 3.72526
-1.38546 2.2269 -3.1876 -0.719306
-1.22508 2.24601 -3.54051 -1.55909
-1.06861 -0.071675 0.019712 -1.30457
-0.749089 -0.742006 0.952124 -1.04944
0.615145 -1.35037 1.87811 0.603375
0.987168 -0.588068 1.46059 1.45963
0.097375 -3.23546 3.26554 0.738122
-1.09106 -0.549593 0.499894 -1.32982
0.812378 -1.0603 0.804062 1.56824
-0.948449 0.488443 -0.669724 -1.19654
-0.925562 -0.991891 0.883963 -0.804561
-0.243331 -4.67574 7.55587 -1.41437
-1.98163 0.430451 -1.07368 -1.46513
-1.34553 0.284424 -1.98646 -1.85948
-19.3031 -14.3449 14.8588 -22.5209
1.55453 0.020739 0.240948 4.21884
-0.464295 -2.07949 6.57942 -1.90938
-0.834116 1.41335 -0.963521 -0.968793
-0.741511 0.816361 -1.62444 -2.55805
0.881396 -1.54903 3.34158 2.27807
1.12909 -0.675707 1.9053 1.68369
-1.11982 -0.185716 0.205716 -1.08631
-0.127355 -17.3153 21.737 4.00168
-2.56539 0.444042 -0.807341 -4.65305
1.50456 -0.252082 0.354217 1.33918
0.348888 1.93548 -1.09172 0.257189
0.872717 1.16097 -2.62883 0.690509
-0.034541 -1.21606 1.99796 -0.335194
-0.007329 -4.53773 4.06 -1.10919
-4.57001 5.86015 -6.08313 -4.78908
-2.20807 0.779857 -0.405874 -2.10716
0.081843 1.15067 -2.00744 0.643474
-2.09209 -0.320077 -0.069697 -2.01276
-1.02755 -0.881309 0.959076 -1.0704
-1.0175 0.343555 -0.427437 -1.77036
-1.19427 -0.095526 0.147236 -1.44357
-0.964845 -0.555916 1.49804 -1.66457
-1.15891 -0.183425 0.04963 -1.76916
23.7611 -7.33943 6.80928 34.7262
1.01262 1.04628 -0.814409 0.989792
-1.0654 -1.22572 2.58489 -1.0404
-4.27226 -1.5723 4.0814 -4.93704
7.52163 1.22421 2.75364 6.52825
-2.6623 -0.584312 2.55966 -1.87414
-1.23583 2.38489 -2.7393 -0.957265
-0.089695 -1.16629 4.17493 -1.08818
1.13341 -0.578737 2.66746 1.82799
-1.01398 0.356399 -0.312628 -1.23863
-1.27786 -1.63473 3.92825 -0.417782
-0.638603 -1.79467 2.0009 -0.685194
2.7957 -1.06455 8.58918 5.69345
1.35101 0.333965 -1.97379 3.71136
0.014921 -1.24191 2.85071 0.033676
-0.220851 -1.08452 1.83391 -0.598955
0.295908 -1.98057 6.4412 3.96454
0.123821 1.04417 -1.30968 0.237092
-13.3064 -9.74406 13.9718 -19.241
-0.28655 -1.21052 2.47157 -0.870725
-1.98265 4.45282 -3.87517 -1.26793
-5.77756 5.88148 -6.09651 -8.72814
-2.20071 0.655203 -1.92097 -1.08295
-1.42695 -0.188217 1.90777 -2.10444
-5.41353 0.092227 0.306673 -5.52452
-1.0146 0.306353 -0.414718 -1.94134
-0.635485 -2.01795 2.83808 -0.946849
-0.210895 -1.06685 1.91011 -0.089217
-1.09054 0.243299 -0.14409 -1.5963
0.20324 1.09689 -1.47058 0.265187
-1.2521 -0.732438 1.61306 -2.69545
-3.8442 -0.32079 0.699858 -1.83645
-1.38286 0.780085 -0.71968 -0.858059
1.09884 -0.178742 0.292232 2.78804
1.24263 -0.752613 0.907823 1.24983
-0.089975 -1.201 1.39644 -0.382997
0.863999 1.32509 -1.03656 1.03943
1.27878 0.012572 -0.622467 1.47796
-0.746789 0.93455 -1.1325 -0.52745
-1.28548 1.54938 -2.6053 -1.29782
-2.60834 -0.391288 0.430137 -3.27166
0.414102 1.15913 -1.02501 0.695026
-2.29238 -0.379168 0.819817 -1.92541
0.004091 -1.14407 1.75229 -0.527925
-0.330528 -1.26407 2.07037 -0.639618
1.77763 0.427884 0.336845 2.03051
0.183867 1.12303 -1.3923 0.556062
0.604875 -0.968376 3.42851 1.95745
-0.175259 2.47854 -2.56956 0.136515
-2.43615 0.68027 -0.097507 -1.1466
0.14036 1.425 -1.19509 0.249752
0.871171 -0.879579 0.94815 1.10291
-0.632704 3.61605 -4.05838 -1.3873
2.17541 2.2552 -3.59524 2.02042
-0.291772 -8.08018 13.5346 7.38602
1.175 -0.820327 0.130521 1.97165
-2.11481 4.26997 -2.08061 -1.54734
1.60565 -0.500997 2.31981 1.35872
-0.93776 -0.545368 1.63199 -2.20083
-1.18339 -1.05421 1.45051 -2.37855
2.73519 1.64908 -1.29202 1.52688
-1.22169 -0.202492 1.01777 -1.50812
-1.01268 0.465348 -0.451058 -1.8327
-0.220386 -1.71958 6.43343 -1.79364
1.07926 -0.048313 0.75465 3.66094
1.88823 -0.832544 6.30711 4.20011
-13.1552 13.5317 -10.6614 -9.90819
1.23167 -1.08683 0.890857 1.09172
0.311751 1.60582 -1.1641 1.08187
0.140924 1.04538 -1.80575 0.34273
0.913747 0.946336 -0.778568 2.21827
-1.24862 1.22476 -1.864 -0.197705
2.75303 -2.22097 1.46669 2.81787
-157.288 28.1446 9.96835 -284.638
-0.151496 1.36033 -1.47627 -0.060605
21.6512 -22.2991 22.6415 16.9429
-0.708948 0.969718 -0.835253 -0.898502
1.07284 -0.189263 0.291084 1.95223
2.3185 3.08808 -7.01882 2.54578
2.45091 -5.52043 6.96066 0.439129
-0.200456 -1.55697 1.21693 -0.395082
-0.493044 -1.20194 1.3656 -0.975302
4.30339 -0.852113 1.5996 4.13887
4.87494 3.00157 -3.6691 4.67768
0.550624 0.937679 -2.28352 0.833
0.490025 1.29632 -1.77021 0.5303
-0.243981 -1.22561 1.98012 -0.428308
2.54596 0.411225 -1.35268 3.39831
-5.92201 1.1552 -0.066305 -7.81819
-3.01446 0.913159 -0.163499 -3.57652
1.66525 -2.38715 3.60468 2.31346
-1.93697 -3.66638 5.40181 -2.8359
-2.4238 -0.449769 0.121816 -2.51021
-10.3844 14.6418 -20.2981 -11.8143
-0.540682 -1.55988 7.0214 -2.02045
1.50873 2.6681 -6.23679 1.74339
-0.612639 -2.38145 7.9369 -2.39799
-0.200576 -2.46049 2.67006 -0.633787
0.147407 -2.9436 3.59597 -0.590836
-0.417234 -1.51891 1.39021 -1.17039
-2.90244 0.881838 0.022213 -3.12857
1.24441 -0.083895 -0.128174 1.1986
1.25323 0.962945 -0.937526 1.85457
19.5838 -26.8585 37.981 18.9769
-0.964297 -0.934109 1.01324 -1.31635
0.265667 1.30556 -2.34083 0.320995
-1.10295 -0.69255 0.128331 -1.8611
-1.45313 0.848882 -0.535006 -1.79516
2.0804 0.547415 -0.833589 1.57267
1.0699 -0.41784 0.241375 1.25618
-1.00417 0.939717 -1.53601 -1.42589
0.437809 -4.05845 10.6765 -3.70509
1.8952 0.149309 -2.12919 4.41639
-0.116231 1.9409 -1.99485 2.20548
1.4202 -0.450733 -0.514773 1.71426
-0.177368 -1.84552 6.7639 3.48455
1.08423 -0.149298 0.244414 1.96981
1.17567 0.167734 -0.425059 1.12822
0.30305 -4.1738 9.6626 -1.71962
0.00174 -2.32608 8.10801 -2.54538
1.14649 -8.22387 16.7377 8.29389
0.718174 -1.01094 1.61524 0.739863
1.02573 -0.457847 0.643812 0.990923
1.96716 0.017331 0.119371 3.45995
1.29387 -5.05727 5.27023 3.7378
-0.934637 0.702921 -1.25245 -1.33473
-1.24177 0.356203 -0.439512 -1.43898
-0.16918 -1.25211 2.43799 0.964481
-1.06411 -0.007749 -0.042014 -1.41911
1.21288 -0.143536 -0.001329 1.29743
0.2155 2.10121 -1.47012 0.220705
1.06396 0.049752 0.130767 1.52968
-1.23149 0.641483 -0.310867 -1.5877
1.49558 -1.92426 6.7272 3.75752
-0.769412 -0.739807 1.60282 -1.34065
-1.07155 0.419321 -0.845539 -1.17244
-1.24469 3.36362 -1.6394 -1.40377
-0.221757 -1.4804 7.04243 -2.19475
1.07049 -0.58196 0.517651 1.45416
-0.529046 1.13444 -1.06391 -0.995106
-0.967784 0.509825 -1.10264 -1.80231
-1.05676 -1.00001 1.24389 -0.723171
1.58732 -0.363843 0.329459 1.93498
0.589713 -0.920529 0.920529 0.589713
1.2164 2.14415 -2.66626 1.32964
9.03989 -2.2989 3.77371 11.04
3.12246 -2.40817 2.81219 1.8354
2.27675 -17.192 19.1826 4.06086
0.276332 1.08831 -1.93955 -0.033635
1.05266 -0.015618 0.178864 1.98695
0.17962 1.30709 -2.08888 0.54633
-6.06751 -2.09563 4.64915 -6.7273
0.71373 -1.91318 4.82548 2.40674
0.148466 -1.12368 4.27479 2.30159
-5.40908 15.7266 -21.0536 -8.27678
0.351337 -1.04823 1.75319 0.807745
-7.18893 12.3439 -14.8813 -9.68145
-0.825123 -1.29575 2.41449 -0.87742
-0.077403 -3.8983 5.83898 2.65131
0.197859 -1.10487 1.70369 0.17934
-0.620872 -1.09823 3.76773 0.157063
6.68099 5.75645 -5.22863 1.12733
0.359795 -2.44674 7.05906 4.26518
-0.114161 1.23763 -1.995 0.243816
0.954609 -0.752163 2.88462 1.67472
-1.92489 -0.63954 0.67276 -2.09186
-3.5482 -1.57895 -1.80369 -2.99011
-0.995815 -1.16906 3.34713 -1.92379
3.79603 1.27567 -0.929031 4.23824
1.08413 0.119507 0.092473 1.91193
4.19 -1.86667 2.54122 2.03755
-1.33678 0.944803 -0.294098 -1.51314
1.11408 0.023149 0.214513 2.09073
-0.20564 -1.32264 2.24979 -0.230958
1.1528 -0.646413 0.541028 1.31364
-0.372083 -1.39855 1.5737 -2.07461
1.47219 -0.639321 5.2979 3.33632
1.43148 -0.50661 0.117345 1.12239
0.193216 -1.07741 1.05764 0.263026
-0.395805 -1.00205 2.47453 -0.894226
1.21518 -0.544744 4.59371 3.04081
0.119181 1.06269 -1.8925 0.366991
-0.270909 -1.02533 1.86036 -0.684842
1.05156 -0.651924 0.489653 1.65486
0.085372 -1.98355 2.09151 0.468205
-1.18716 -0.727334 2.938 -1.28504
1.90303 -0.394003 -0.288914 1.29751
1.16173 0.127835 0.498929 2.02048
0.725511 -1.06668 1.06668 0.725511
-1.30064 -2.84616 5.41913 -0.743667
0.110195 1.70251 -1.46917 0.387016
-1.04803 0.398464 -0.434527 -2.05254
-0.171779 -1.17546 2.09491 -0.634164
-0.535576 -1.25947 2.29417 -0.470363
-11.5003 -9.57927 15.7688 -13.028
0.068671 1.54722 -1.96246 1.14549
-0.502251 -0.990558 1.15518 -0.527
-1.05086 1.12009 -4.37245 -2.4634
1.97265 1.50978 -1.10826 1.61998
-0.202786 -1.12157 1.64269 -0.716757
0.486766 1.42428 -1.22402 0.411074
2.06532 0.206203 -0.683604 2.90685
1.36276 0.33703 0.233038 2.06847
-0.014527 1.80711 -3.04184 0.845799
0.121466 1.51158 -1.2206 0.189159
-3.46781 -2.9742 6.58639 -3.08359
1.9697 -1.866 2.87905 2.36483
0.672572 -1.25117 0.963534 1.58063
-1.16028 0.196315 0.023237 -1.34268
-1.32393 4.11251 -5.14251 -0.136541
0.480218 -1.17218 1.15515 0.263927
1.64013 -1.64988 4.05844 2.23794
-7.10999 0.065408 -5.60338 -7.77153
0.650626 -6.17001 7.05247 1.83304
-0.644527 1.19753 -1.64358 0.03177
1.42183 -0.04632 -0.793237 1.47434
-0.491317 -1.46756 4.5996 -2.03432
0.070556 1.47658 -1.11646 0.147134
1.12762 -0.495225 2.27816 2.18541
0.200466 1.96937 -1.27304 -0.001038
1.52263 1.19371 -0.987012 1.86052
-0.988428 -0.874287 2.09123 -0.914918
0.398209 -2.57218 1.78708 0.826424
-0.595242 -1.48637 2.12019 0.687701
-1.23186 -0.83394 1.89582 -0.723761
-16.5573 -8.11558 9.89395 -15.7107
4.24784 -3.04059 6.79068 5.90522
5.58605 2.92762 -2.59613 4.95517
0.104405 1.04348 -1.05081 0.118557
-1.25843 1.4265 -1.6394 -0.763889
-0.178557 -1.42377 2.26714 0.910429
0.400884 -2.43703 2.90264 -0.049036
1.31216 -0.312313 1.34919 1.63367
0.320463 1.8766 -1.06126 0.231777
-4.69469 10.1655 -11.5539 -3.50349
1.49484 -0.880871 0.407962 1.41695
-0.366168 -1.34087 4.19275 -1.82715
1.33115 0.110667 -1.14083 1.84127
-0.90308 1.06355 -0.662011 -2.42897
0.034817 -3.8044 3.2591 -0.918849
0.180796 -2.67483 1.96733 0.554579
-1.503 0.050342 -0.049045 -1.75776
0.664056 0.860751 -1.6535 1.52936
0.929433 -0.568806 0.714884 1.05071
-0.951322 -0.634538 1.64769 -1.39671
-1.0657 0.396441 -0.426652 -1.93799
9.5e-005 2.18572 -2.03907 0.086548
-2.88964 0.422021 0.250228 -2.66574
0.533459 -1.92848 2.72828 0.36295
-0.542567 1.40581 -1.61256 -1.65008
-0.530031 1.40656 -2.95899 0.317582
0.351766 1.62485 -1.52129 0.654806
-2.51797 1.93397 -6.53338 -4.70435
2.77196 2.23994 -1.6714 1.84339
1.16995 0.911037 -0.543757 2.26036
-6.31179 5.33465 -11.217 -9.0886
-2.26301 2.0747 -1.71494 -1.08104
-1.0964 -0.065159 -0.071852 -1.3301
0.582822 1.33971 -1.88566 2.16427
-1.10204 0.19686 -0.487398 -1.83459
1.40023 1.00057 -0.291615 1.55755
0.683916 -8.80657 12.0175 6.60288
0.511859 -0.947986 0.947986 0.511859
-0.455895 -0.990182 1.49155 -0.343325
-9.49503 0.657557 -2.40933 -11.2576
-0.045725 -1.20472 1.12197 -0.139552
-0.992916 0.371588 -1.36223 -2.28315
1.61054 0.431227 0.545575 2.4523
-0.686304 -0.833762 1.78226 -1.93522
1.98861 -1.83869 3.17514 2.02349
1.49345 -0.387942 0.294909 2.6476
1.46 0.017945 -1.81707 3.94684
1.05875 -0.130163 0.240214 1.92006
-0.13887 1.21548 -1.80433 -0.774631
0.93813 0.773438 -2.65697 3.66354
-0.796682 0.994178 -1.52966 -0.478137
1.23367 -0.321328 0.321328 1.23367
-6.78343 2.60257 -8.4672 -8.52976
-1.21606 -0.553232 1.31289 -1.42318
0.674554 -1.02325 0.84467 0.872506
0.444055 1.029 -1.45728 0.286984
1.39898 -1.00273 -0.2024 1.99851
-0.370356 -1.49169 4.34451 -1.25876
-0.471904 2.21981 -1.14342 -0.859148
-1.27995 -1.55413 3.08425 0.41191
0.519302 -0.99761 1.0069 0.6241
-0.75448 0.973892 -1.12647 -0.684433
-3.61983 10.7812 -11.04 -5.85145
0.095367 1.82705 -1.33266 0.215396
1.20332 2.39188 -3.3104 1.35021
0.268277 1.29045 -1.38418 0.021705
0.956537 0.620976 -0.798532 1.56288
0.601242 1.05705 -0.90197 1.0676
0.897718 0.656752 -0.662299 1.42477
-0.492601 0.945349 -1.61602 -0.876757
1.30149 16.8055 -20.1605 1.36548
-2.72876 -1.41688 4.2612 -4.30768
-1.17138 -0.629393 0.884676 -1.07805
1.02643 -0.199874 0.198264 1.09206
0.627253 2.24587 -4.13483 0.981746
1.04805 -0.398235 0.235801 1.14444
-1.01732 0.338805 -0.434225 -1.93627
-0.209018 -1.25167 1.82924 -0.380633
-0.557867 -0.990133 4.5924 -1.33948
0.922669 0.617196 -0.974125 1.67233
-5.33441 -1.53711 5.11697 -3.6952
1.29692 -0.358445 0.966008 1.15306
0.591175 1.80476 -2.3525 0.311403
0.668133 -0.896013 4.03188 2.50655
-0.885093 -0.852348 1.01556 -0.973836
-0.076751 -1.31873 1.49924 0.374916
-1.89565 1.20747 -0.889257 -2.57649
-1.1499 0.623446 -0.118033 -1.37809
-0.840168 -9.9915 7.17344 -2.2474
-1.01642 -1.16459 1.78499 -1.50999
1.76805 1.39644 -1.79653 1.48566
-1.56008 -1.98581 2.23355 -3.80513
2.51791 0.504635 -1.56892 4.51356
-0.675208 -1.94078 1.07558 -0.878565
-0.627969 1.22052 -1.90378 0.060197
0.0661 1.12678 -5.30944 1.3683
-0.282592 -1.02746 1.17506 -0.424908
1.04187 -0.535199 2.46364 1.88281
0.02278 2.1203 -6.27183 1.08125
-2.95083 0.970272 -0.264211 -5.41819
1.15031 0.502311 -0.835865 1.23593
-0.058665 -1.25034 2.20559 1.06689
-1.19864 -0.267122 1.2876 -1.64304
70.7867 -10.1208 18.7196 77.5492
-0.853334 0.61615 -0.791513 -1.1054
0.013224 1.30232 -2.88704 -1.38812
1.04625 0.458703 -1.27643 1.3541
-3.46769 0.349345 -1.72444 -4.50711
2.38668 -0.658557 0.145333 2.79616
1.47374 0.035824 1.16729 5.79392
-0.938328 -0.675386 0.546342 -1.06823
-1.63423 -0.474849 -0.475241 -1.42003
-0.862795 2.16259 -2.09593 -0.903313
-0.231888 -1.89445 7.1172 -2.00839
0.353655 1.00167 -1.60611 0.38087
-0.114807 4.42893 -6.76196 -0.444186
-3.22434 -2.22008 1.68534 -0.76688
2.59003 -0.802468 0.529377 3.19577
-1.21662 1.54791 -5.51018 -3.86495
0.845059 -0.652573 1.71583 2.25257
1.90642 -2.75547 3.70508 2.47423
0.904002 0.682311 -0.557321 1.30575
-1.19844 1.2962 -1.61284 -0.796823
-1.19143 0.371198 -0.000482 -1.6967
1.11291 0.170398 0.091809 1.95156
-2.63861 -55.7179 45.1403 -7.34137
-0.319155 -1.9294 2.51023 -0.861883
-1.86361 -0.260631 0.91309 -1.82278
-0.976888 0.519057 -1.042 -2.28177
0.436775 1.09193 -1.27557 0.170494
-0.895339 -0.674281 0.674281 -0.895339
-1.39751 -0.462966 2.85364 -2.24763
1.00888 -1.71298 2.89527 0.431347
0.075494 2.82607 -3.3394 1.13092
-0.899226 1.2038 -1.29746 -0.280611
-0.736822 0.876954 -1.64941 -0.97166
1.08693 0.008098 0.266957 1.58947
-1.28284 0.616734 -2.59329 -1.64925
-0.808978 -0.908099 1.4977 -0.77232
-0.558743 -1.85359 2.03819 -2.26367
-0.020538 4.80408 -3.87402 0.777424
1.58142 -0.255959 1.75058 2.18333
1.66666 0.153159 1.8455 2.11969
0.987603 -0.937413 0.641137 1.0204
-0.135925 2.57108 -1.85178 -0.118984
1.33419 -0.303678 0.299824 2.71468
14.3257 66.1677 -67.9321 21.3508
2.51651 -1.64924 5.62535 4.13614
1.31564 0.282361 -0.661941 1.07197
-1.3898 12.204 -14.3023 -2.23035
-1.10128 0.499729 -0.55598 -2.4215
-0.031325 -1.20925 2.05294 -0.869053
9.69462 4.76851 -7.44709 10.8975
-0.288207 1.50481 -1.47316 0.215443
0.527901 -1.18929 3.61819 -0.570955
1.35371 -0.819614 0.545301 1.63784
-0.447011 1.86373 -1.5771 0.500071
-1.13977 0.028446 -0.093812 -1.49785
0.508728 13.0405 -14.8766 1.73896
0.484769 1.08929 -1.96341 0.203879
2.3591 -0.0201 0.06704 1.90492
-1.46617 0.377517 -0.217928 -1.65711
-1.21496 -0.213669 0.256965 -1.48688
-1.69656 -0.649659 1.64114 -2.74738
-1.09452 0.125155 -0.195528 -1.84587
1.77725 0.712666 -0.196171 1.11505
-0.650885 1.0477 -2.09999 -0.301816
-1.48166 -0.19866 1.37331 -2.09222
-1.67507 0.41903 0.59595 -1.47278
-1.26552 -2.11477 2.0423 -0.376183
1.7463 -1.52418 1.81767 1.35429
-1.01533 -1.53614 2.74698 0.726791
-8.38511 -2.88181 0.487393 -10.1226
0.517074 -1.13747 1.43107 1.46285
-0.665288 2.67508 -1.48293 -1.02094
1.68159 -0.621036 5.88787 3.9121
1.72901 1.32006 -1.86749 1.27351
-0.479043 2.77081 -2.6504 0.963033
-2.35969 0.953743 -0.873696 -2.93208
-0.190214 -1.68516 5.67854 -1.56613
-0.362097 -1.06793 2.15797 -1.13875
-0.902593 0.634841 -1.71105 -1.93079
1.36498 -1.11028 2.55997 1.4653
-2.43036 0.006891 2.28467 -3.4935
-0.492655 -1.23703 3.58634 -1.53867
4.74478 2.14429 -2.75748 6.12889
0.5359 -2.4504 2.09475 0.692674
1.53858 -2.72136 2.67977 2.75464
2.72508 1.11625 -0.897811 3.40787
0.774008 -2.27149 4.17295 2.52731
-0.891094 -0.611258 0.936536 -1.7841
-1.18687 -0.04401 0.07092 -1.10951
-2.18139 -0.666579 0.787986 -2.2276
-0.955465 -0.624953 3.67583 -3.96734
1.22293 -0.892093 2.44931 1.58186
-1.13444 -1.77177 2.3641 0.794921
-0.984247 0.984088 -0.493984 -1.68392
2.24748 -0.486155 -0.295636 1.44574
-1.12252 -0.038246 0.053224 -1.37754
0.831631 0.765811 -1.95117 1.85552
-0.988951 -0.814952 2.22852 -1.05513
2.61757 3.58396 -5.18366 2.31097
0.707581 -3.086 3.19342 1.74377
-0.509009 -2.49274 7.09956 -2.07812
1.64848 -0.412273 -0.090709 1.14625
-2.3278 4.68282 -3.67224 -3.09274
-1.48624 0.35861 -0.167573 -1.25038
-1.00321 0.425512 -0.442016 -1.84159
-0.020007 -1.24088 1.70181 0.837955
-56.2675 -4.20912 7.52673 -65.9451
-0.300427 -1.21538 1.09447 -0.50154
0.865341 0.905462 -1.24001 0.959074
-1.68209 1.60017 -6.86515 -4.6495
0.898313 -0.775229 1.56732 1.05461
1.67151 1.40411 -1.0646 1.10061
0.672754 -0.810068 1.18914 0.836765
0.503334 1.44887 -1.28897 0.100234
1.25787 1.24406 -0.777118 1.26967
-0.042706 -1.27479 2.09702 0.082442
-1.05601 -0.232718 0.278825 -2.15805
1.08021 0.184422 0.051636 1.69233
-1.0354 0.600231 -0.27261 -1.46586
1.07677 -0.833331 0.607741 0.878727
-0.461631 -1.3052 0.959688 -0.557114
0.410013 -1.09867 2.69682 1.82465
6.46089 -17.7573 24.7085 6.30437
1.17441 0.383059 0.057178 1.64427
-1.11115 -0.815168 1.34274 -0.982271
-0.555323 -1.0563 1.97204 -2.09794
-0.483627 -3.50514 1.11163 0.199555
1.60108 0.421082 0.575575 2.12645
1.17641 -1.44472 1.45261 1.15547
2.67943 -1.64598 2.31487 1.26239
4.50173 1.91573 -2.66316 6.66421
-4.15518 -0.1721 -0.581567 -10.9167
4.20834 1.17242 -3.13422 4.17163
-2.11451 -0.048765 -0.616758 -3.48668
1.21285 -0.866952 3.23413 1.92162
0.773817 -0.790703 1.56546 1.42628
-1.26844 1.04993 -0.294937 -1.9703
0.094406 1.04018 -1.40294 0.250185
-0.991969 0.426677 -0.430731 -1.64801
1.13021 -0.386868 0.043925 2.03443
-0.103198 -1.07477 1.7333 0.107193
-1.93346 0.771362 -0.228289 -2.93343
1.28691 -0.324058 0.274924 2.38578
1.40877 1.50378 -2.71837 4.67568
-0.470064 0.975482 -1.8016 -0.614454
-1.0817 0.063822 -0.152179 -2.14699
0.031393 -2.17118 6.22692 3.259
1.07491 -0.01852 0.215363 1.89001
0.673321 -1.94718 5.47535 2.8904
-22.1683 1.55348 -0.661339 -39.5754
-1.39438 0.650214 -0.180003 -2.52925
2.58702 4.22943 -6.35831 2.9282
1.21976 -0.737839 0.181318 2.29276
2.9365 2.03924 -2.17414 2.13677
3.76203 6.78905 -7.82944 7.81461
2.65273 0.172426 -0.304118 2.55532
0.568514 2.04352 -2.17189 0.933983
1.83475 -1.35034 4.18749 2.78576
-0.177102 -1.29735 1.05598 -0.289567
2.41298 -1.68351 1.66316 1.87912
0.437027 -14.1807 15.0872 3.16571
0.958681 -0.659044 0.632748 1.26816
-0.160379 1.90014 -1.76236 -1.982
-0.167339 1.05515 -1.50474 0.051219
-1.46691 1.49208 -1.68929 -0.100025
-0.099051 -8.31062 10.5946 1.12914
-0.251047 1.05858 -2.48459 -0.455252
3.77651 2.23717 -1.61516 3.16156
0.882942 -0.783205 3.27584 1.7504
-1.04781 0.874612 -1.25168 -1.04907
0.57128 -1.15493 2.47454 -0.090502
-1.10334 0.878397 -0.772917 -0.950407
-0.408218 -8.10911 9.07983 -1.96629
6.38358 3.20593 -1.45019 5.73429
-0.295762 -1.02639 3.03633 -0.942071
1.48685 1.5071 -1.07362 1.69231
-0.428985 1.86552 -2.38292 -0.533581
-4.91166 1.40446 -1.32078 -5.39345
-1.14896 -0.034338 0.248492 -1.22324
-6.23224 -65.0207 56.4255 -11.7808
-0.125463 -1.28396 1.41166 -0.257166
2.01479 -0.795375 0.463124 3.7683
1.07165 -1.09469 6.2041 3.56836
3.77538 -11.424 13.2142 6.52329
-0.207082 1.22809 -2.91383 -0.306373
-1.19547 0.896022 -1.26831 -0.654861
0.953556 1.06048 -0.705129 2.16365
1.34247 -1.88676 2.75707 0.785259
1.26922 -0.552207 3.6543 2.24532
-2.18783 -6.09803 5.37973 -2.28054
-1.96799 -0.481123 0.752717 -1.95581
-1.33102 -9.5645 9.59549 1.65501
-0.524821 -6.23343 3.44301 0.136899
0.361836 1.88065 -1.02613 0.364596
6.78425 -4.20718 4.95192 9.64738
0.590468 -2.8637 2.31704 0.226813
3.97499 -1.70685 0.759906 6.48302
-1.53226 0.880537 -1.54836 -1.77147
-1.02429 0.289859 -0.251495 -1.34921
-0.112091 1.96288 -2.09754 0.989543
-0.352649 1.90912 -1.98229 -1.80289
0.814674 0.639113 -1.02768 1.54839
-0.467898 -2.19347 1.56311 -0.149733
1.53793 1.2783 -1.60223 1.68043
0.998416 0.413324 -0.386804 1.26338
-1.10977 -0.246479 -0.000676 -1.48184
0.56527 -1.10082 2.13242 1.24711
-0.488198 1.28876 -1.07633 -0.709858
-1.07947 0.800303 -0.862025 -1.74078
2.21083 -2.53538 4.63745 2.48761
0.332932 1.45989 -2.77595 0.673461
-0.207785 -1.10716 1.46201 -0.263559
1.72912 -0.838914 0.941961 1.68538
1.07619 -0.633224 1.71712 1.66857
-4.11148 6.9298 -11.6669 -7.31288
0.12402 1.79356 -1.39083 0.214344
-2.00026 3.57788 -2.24222 -1.56324
-0.112558 -1.25979 1.31167 0.042286
1.63294 -1.3022 2.54638 1.8317
-2.28406 -0.004145 -0.672566 -2.7026
1.18151 0.012173 0.202358 2.25161
-1.95865 -0.067857 1.22601 -1.44516
0.018149 1.40008 -2.07429 -0.964251
0.194936 -1.77531 1.09462 0.520731
-1.91713 1.69224 0.229249 -2.20431
1.78238 -0.836643 0.51957 1.06574
-1.22508 5.61687 -6.03248 -0.34647
0.109653 1.07059 -5.07235 1.3879
2.10675 1.34791 -2.67323 3.41227
-2.07259 0.55148 -0.423698 -7.77576
1.4122 1.69518 -3.24711 1.19551
-1.11801 -0.640183 1.97941 -1.61442
1.03912 -0.152057 0.304682 1.99429
-0.267209 -2.39225 3.75147 -0.708227
-3.13541 -4.5957 5.43754 -4.46924
-0.736569 -0.759352 0.759352 -0.736569
1.1415 -0.004082 -0.250322 1.26523
-1.36958 -0.291663 -0.130534 -3.57946
1.03594 -0.285947 0.257534 1.79683
0.167641 1.14886 -5.09035 1.24659
-2.67971 0.667709 -0.386628 -3.58684
-1.29045 2.28512 -1.76749 -1.39343
0.462279 1.10047 -1.74539 0.701288
-0.191168 -1.21717 1.13184 -0.497532
1.6133 -1.75826 1.66632 1.52153
-0.177214 3.44854 -3.8272 2.3248
6.1878 3.21383 -1.01133 6.66077
1.03588 -1.82082 1.48982 1.25344
-0.723867 -1.28227 3.87609 0.915078
0.726929 1.18836 -1.36841 1.1711
13.7355 2.71085 0.453315 12.8729
2.00907 1.6073 -0.932015 0.841401
-1.04715 -0.368844 0.585388 -2.07784
2.11592 2.47591 -2.98029 2.05721
-2.66149 3.03452 -2.47066 -2.9996
-1.2489 -0.263213 3.21004 -3.53634
-1.74045 -0.75147 1.0857 -1.7394
-10.02 -2.30403 -0.806744 -10.9474
-2.46971 -0.247723 2.48817 -1.38336
-0.71154 -1.08331 1.83021 -1.59137
-13.8428 -5.84565 9.7519 -15.7196
-0.974683 0.472777 -1.41237 -1.84371
-1.24249 3.78924 -5.3377 -0.400758
-0.251318 -4.38127 2.32344 -0.55665
1.13289 0.175143 0.139961 2.02335
1.67056 -1.96086 3.04879 1.66603
-2.04608 -2.0334 2.13482 -2.27177
0.670335 1.05148 -1.47225 0.698114
0.571427 -0.889496 2.08245 1.32093
8.65599 2.61685 -5.544 7.24222
1.98978 -1.53947 3.80386 2.44434
0.092768 -1.18187 2.38809 -0.7464
-2.16051 -1.06846 3.74174 -1.8176
2.35332 -1.3111 2.30583 1.55082
-1.05042 -0.054733 0.070496 -1.15705
-0.559761 -1.74147 1.90728 -0.955716
-4.04972 1.03136 -0.174138 -4.12111
0.061309 2.38806 -2.35964 1.50576
0.357259 -3.27306 6.1 -0.672788
-0.726265 -7.50434 13.0075 6.58408
-7.25149 1.23835 -0.938962 -6.86511
-0.831913 2.0661 -1.68654 -0.896777
0.246179 1.35913 -1.63232 0.213132
-10.6276 -4.21681 7.44256 -12.5313
1.33895 -0.848056 0.547731 1.85298
-1.44986 0.149398 -0.01617 -1.83974
1.04793 -0.227757 0.134641 1.54836
-2.91312 -1.91807 1.59336 -1.09994
0.343432 -1.03195 3.61665 2.38813
1.3506 0.123716 -0.928948 1.92568
-7.97785 -1.32052 -0.632882 -6.0543
-2.41848 0.817718 -0.707101 -3.0786
1.20294 -0.361092 0.844885 1.91082
1.32455 -0.163383 1.87335 2.32767
-1.58108 -1.46698 2.02335 -3.49468
1.82553 -0.626602 6.09721 3.89868
2.58597 -1.16917 0.641899 2.32421
1.06311 -0.284752 0.2047 1.80195
2.1651 -2.95969 3.10408 3.34777
-0.456031 -2.68189 1.57363 -0.081591
-1.38258 0.13472 -0.540668 -2.33276
0.933471 -0.652039 0.972875 0.892314
-0.662972 -1.04693 1.39896 -1.38853
0.594905 -0.848984 0.848984 0.594905
0.645978 1.01663 -2.05552 0.366316
-1.4176 1.55364 -2.1691 -1.57219
2.51881 -0.727147 7.65539 5.15698
0.507101 1.29827 -1.25075 0.970423
1.03888 -0.467098 0.396158 1.79017
1.34565 2.14934 -2.30623 1.39274
0.593989 -1.02637 4.93173 2.60823
2.11192 -2.29426 2.06971 2.00799
-1.38407 1.89549 -4.06361 -2.17988
-0.499469 1.29216 -3.37377 -0.710044
0.03239 2.33275 -2.39165 2.90586
-0.191678 1.39322 -1.65347 0.643397
-1.31569 1.91965 -4.03505 -2.8039
0.344039 1.95366 -1.10851 0.246309
0.517659 1.023 -2.13945 0.664866
-1.44024 3.0624 -2.48796 -0.801741
-0.260475 1.00774 -1.56 -0.339382
-0.728023 -1.12947 2.08275 -2.24189
-0.147705 -1.29622 4.43073 -1.17747
0.21525 2.41055 -2.84067 0.782068
1.31995 0.195544 -0.785192 1.32968
-1.21547 0.076559 -0.033531 -1.43087
0.217763 -1.689 1.73722 -0.197293
-1.45709 0.045074 0.082326 -1.83091
-0.756148 -0.870476 2.02511 -0.927253
4.98755 -2.45365 0.42079 6.5239
-2.25003 -0.011067 0.202976 -1.34261
1.85538 -2.46265 3.58718 0.528589
0.097217 1.10848 -1.72018 0.120159
1.09104 0.096809 0.115491 1.43881
-0.231016 1.81725 -1.93591 0.02378
-1.84295 -1.17965 0.623708 -1.18068
1.68691 -1.04124 4.16016 2.20465
-0.448229 -1.06916 1.21736 -0.277649
-0.38308 1.04305 -1.88314 -0.241166
0.619463 5.56703 -8.80274 -4.12119
-0.109681 1.27807 -2.51851 0.698476
0.040697 2.03297 -1.44607 0.140591
-0.839704 -0.841428 1.79978 -0.932435
1.04421 -0.215882 0.209105 1.40262
1.1299 -1.74672 1.8758 1.36911
0.27017 -2.07857 2.83093 0.035434
-1.56607 -0.082478 1.66316 -2.45903
-0.365466 -5.34865 2.83331 0.178937
0.122406 1.76086 -1.43167 0.324593
-2.52565 0.486108 0.155611 -2.05648
2.20114 0.482121 -3.97527 1.88799
1.29303 0.221456 0.249734 1.97052
-1.6636 5.51073 -7.17021 -1.17421
-0.5991 1.34392 -1.41417 -0.01357
0.788051 -1.34152 6.38375 3.9596
0.676199 -0.854637 1.54412 2.14953
0.268764 1.05977 -1.87773 0.241331
-1.43781 -0.141939 0.159699 -2.03288
0.91233 -1.81413 2.32818 1.1811
1.05539 -0.321161 0.315774 1.68319
-1.22269 0.398787 -0.410547 -2.3412
-0.014046 2.98463 -2.99439 0.218029
1.60904 -1.44463 1.9718 1.13023
0.618794 -0.913843 0.913843 0.618794
1.07478 0.810716 -1.43401 0.938098
0.988569 0.333465 -0.599114 1.47534
0.65328 -1.11633 5.45158 1.03994
1.39107 -0.2107 0.121194 1.79399
-1.4808 -1.50861 2.19592 -1.82735
1.02577 -0.643613 3.58689 2.03932
5.38955 -2.40522 1.0341 6.03127
0.004546 -2.9679 6.9532 3.24166
-4.34441 13.9679 -15.9694 -7.79839
0.076671 -1.1179 1.72091 0.052265
-0.382556 -2.00163 2.44518 -0.688438
-1.06 -0.008026 -0.159728 -1.53047
1.80943 -0.237961 -0.245606 1.53722
-0.292949 -2.0857 1.26919 -0.243653
-1.25732 1.16427 -2.52359 -2.51142
-5.04869 4.03699 -3.19705 -5.42501
-1.40971 -0.002018 0.206241 -1.63754
1.28154 0.041952 0.588481 1.60799
1.10789 0.878292 -1.17197 0.647479
2.94305 3.1817 -4.98994 2.12802
-1.40527 0.44133 -2.70926 -1.74885
-1.02492 -1.23993 2.96653 0.306191
-1.69344 5.51433 -8.11474 -1.01674
-0.899136 -1.18666 3.20036 -1.21069
0.160768 -1.62239 2.25387 0.225567
-2.11565 0.452019 -2.95986 -2.30489
-0.502164 -2.63476 6.68454 4.17959
-2.05447 -0.534773 1.06377 -2.28618
1.94997 -0.108644 -0.843569 1.52811
-3.59407 -1.65038 3.07753 -2.49649
-1.77833 -3.19661 4.74467 -2.00378
-1.41442 0.244957 -0.229251 -1.50802
-0.932467 -0.804943 1.77461 -0.91943
-5.25464 -5.19589 5.49023 -3.26622
1.57534 0.326267 0.449117 1.56021
-0.281717 1.44103 -2.10585 0.51996
-5.58066 0.815848 -6.38986 -5.80879
1.54012 0.532502 -3.62651 1.57034
1.19828 1.29323 -0.951291 1.54336
1.95274 -2.03919 0.770135 1.90472
-0.728595 -0.851875 2.09734 -1.25737
0.174002 1.14587 -1.37495 0.146024
-1.10421 -0.572658 0.443554 -1.26307
-1.13937 0.534358 -0.345029 -1.20001
-0.170477 -1.53881 1.8459 -1.91468
-1.78367 -1.03063 0.003303 -1.33227
-0.952479 0.489509 -0.784644 -1.04944
1.13344 -0.188197 0.169813 1.7016
0.481332 1.02905 -1.17183 0.972579
2.95814 1.28845 -1.20239 2.26428
-2.78693 0.939002 -2.53392 -3.94969
8.28349 3.95772 -1.38973 9.75237
0.711091 -0.884788 1.54641 0.675613
2.02166 -2.62737 3.6952 1.95285
-2.60665 -2.10889 2.07898 -0.495458
2.64973 -1.63763 2.25718 2.43475
1.93287 0.848704 -2.33403 2.5362
11.5521 4.41965 -0.596726 11.3752
-0.8927 0.848424 -1.16686 -0.652395
-1.20204 -0.648873 1.60801 -1.83816
-0.281485 -1.04796 1.4244 -0.421453
1.05592 -0.34029 0.332309 1.88289
44.8695 -11.9578 7.01536 45.8815
-1.42158 -0.154497 0.040152 -1.96926
-1.04633 2.52388 -1.66881 -0.676966
-1.58871 -0.016271 -0.533414 -2.02972
1.11758 -0.061624 -0.28114 1.57654
4.81662 2.47939 -4.5261 5.9388
-1.13219 0.478798 -0.937953 -1.24993
2.75989 0.149599 -1.69919 2.41196
-0.38713 -2.67246 4.77509 -0.686359
-0.378258 -1.62313 2.16598 1.19688
1.37955 0.784386 -1.17046 0.911547
1.15753 1.09512 -1.72263 1.41085
-0.563777 -1.27998 5.88066 -1.71589
0.580232 -1.00218 1.00218 0.580232
-0.882751 -0.728067 0.728067 -0.882751
1.329 -0.978528 0.635896 1.44596
-1.04947 0.985745 -0.665084 -1.67785
-0.727926 1.10207 -0.891608 -1.31975
-0.974933 -0.766509 1.14139 -1.31276
-0.980176 0.604429 -1.92415 -1.47334
-1.63255 -0.640753 0.78356 -1.78698
0.193527 1.85581 -2.66863 0.886164
0.883268 -1.72263 7.19211 1.45312
2.49986 -1.40969 5.79279 3.10761
-0.50705 -1.88135 1.53981 -0.580573
-4.23043 -1.31659 -1.32286 -2.69861
2.61595 -0.330659 -0.561984 2.02978
-1.64693 -0.196637 -0.068708 -1.5002
-0.831765 1.14129 -1.156 -0.743302
1.07513 2.38872 -3.87297 1.19555
1.15936 0.596277 0.354272 3.45981
-2.10125 3.2941 -1.69989 -1.04183
-0.035624 1.22835 -2.53047 -0.436991
0.639661 -1.61492 3.68447 1.80643
1.00698 -1.47467 1.66831 0.553087
0.073657 1.50808 -1.51829 0.31425
8.89543 -10.7837 15.946 8.74596
4.23558 1.3693 -0.981777 5.44233
0.652863 1.08691 -2.24124 0.392528
1.11439 -0.057655 0.253842 2.09712
2.72251 -1.8715 3.59864 2.95062
-3.14897 7.52756 -12.711 -7.99898
-0.384106 -1.43872 1.85987 -0.546592
0.288172 1.827 -1.127 0.261569
-2.02815 -1.68813 1.60797 -2.88475
0.519741 6.1763 -7.6708 3.87349
0.779977 -1.0004 5.16 2.98165
3.92868 -3.28398 4.31708 1.74553
0.632201 -0.921208 0.921208 0.632201
-4.24558 5.15366 -5.45601 -3.63097
2.36858 -1.19882 0.961406 2.7307
0.532499 -0.923957 1.68749 1.07558
-2.11481 4.20054 -3.0984 -2.1304
-2.82219 -0.602735 2.76653 -4.21328
0.078015 1.06228 -1.33042 0.267095
0.380474 1.62329 -3.35255 0.834279
0.789027 0.872319 -1.87769 1.78816
-3.96242 -0.671975 3.43512 -0.900019
0.422134 -2.20607 6.28209 3.63281
1.07028 1.16304 -0.679725 0.959097
1.07679 -0.429186 1.60714 1.98664
1.06199 0.045111 0.149683 1.861
-0.20525 1.17652 -2.36904 0.455621
0.574774 3.33209 -3.42228 0.89209
6.3329 -6.51795 13.541 8.66861
-0.246204 -2.18071 1.20037 -0.011701
-1.95729 -5.06075 6.43518 -2.7528
-0.02912 1.84113 -4.3206 1.0274
-0.099024 -1.09547 1.052 -0.152331
0.435498 2.22027 -1.21593 0.40572
-2.27805 -0.129768 2.55819 -1.76697
3.08395 1.59063 -3.73552 3.27528
-0.52429 -5.86721 3.37911 0.202162
-1.29386 1.39687 -2.6155 -1.42961
3.01407 -3.99088 4.59795 3.75665
-2.16017 -0.623422 -0.447669 -1.54221
-0.521131 -2.46986 4.48457 -1.98004
0.616214 0.881633 -2.8843 1.17281
-0.372973 -1.96116 3.20865 -1.04648
0.169633 1.28816 -1.10187 0.126819
-0.708466 -0.797579 1.45343 -1.37787
-0.70033 1.81442 -4.60595 -2.64442
-1.79656 1.54278 0.531917 -2.40667
-0.528673 -1.11192 1.63392 -0.484281
-0.094402 -3.01501 2.76386 0.135063
0.759706 2.26234 -3.9665 1.1072
0.33911 -0.989271 1.54482 0.38996
-0.969372 -1.48827 1.99452 -0.767767
1.05265 -0.311453 0.354525 1.95135
0.168194 1.23072 -2.81276 -1.09296
0.830141 -1.61904 1.50497 1.59028
0.207468 -1.17362 1.20305 0.447533
-0.422267 -1.0816 4.84044 -1.4052
-2.65977 1.94676 -1.79846 -5.27053
-1.2209 0.530869 -0.98375 -2.53978
1.48264 -0.247207 0.693438 1.65152
0.846143 0.982642 -1.25157 0.816439
0.600926 -0.901307 0.901307 0.600926
0.659506 0.871772 -1.0043 1.27736
1.44477 -0.112933 0.145656 2.02481
1.70729 -0.510732 0.268851 2.44053
1.78693 -3.98046 5.47336 1.33828
-0.208014 -1.19482 1.14667 -0.140354
2.1253 -2.63248 3.28255 1.42566
1.12677 -0.233867 0.297532 1.18008
-1.43143 0.22429 0.268069 -2.11084
-0.318855 3.79133 -6.7324 -0.516679
-1.28162 -0.174206 3.111 -3.40582
0.255927 1.59104 -1.18014 0.097347
-1.10609 -0.710493 2.01124 -1.07785
5.58564 -0.91622 1.82115 4.73301
1.06717 -0.333833 0.086788 1.54841
-0.895655 -0.908699 1.72686 -0.836325
0.03865 1.43179 -1.51012 1.0449
0.176416 -1.1015 1.92607 0.312127
0.951219 1.5679 -0.871566 1.42499
-1.06167 0.778885 -0.76554 -1.24276
-2.21248 1.3394 -1.34078 -4.44906
-2.74945 0.083579 1.20273 -1.90884
-1.07559 0.105974 0.007096 -1.36419
-0.349839 -1.93809 3.78251 -0.933457
0.299646 1.28161 -1.70008 0.076051
-1.13553 0.179811 0.196443 -1.56746
2.0851 2.74759 -5.86379 0.969271
-0.945076 -0.717839 0.796249 -1.54256
-0.122138 -1.1534 1.06304 -0.197023
-0.46211 -1.33503 1.90913 -1.96229
0.623568 -0.933429 2.83985 2.20243
1.02654 -0.588231 1.57042 2.00065
0.897569 -1.29975 4.0159 -0.16495
2.7009 -0.663513 0.092144 2.04027
-2.54422 1.29024 -5.44068 -4.09779
-0.453443 -1.08232 1.97497 -0.961953
-0.168094 -1.08461 4.27201 -1.11552
5.09327 1.16022 -2.62335 3.8619
-1.42536 -0.956864 1.54587 -1.40456
-0.938996 -1.0087 1.00631 -0.585248
-0.54948 0.900567 -1.61548 -1.08666
-1.13386 -0.225305 1.37771 -2.27087
-1.20831 2.36184 -6.84741 -3.70655
-1.59386 -0.599027 0.588547 -1.53772
-0.358324 1.41619 -1.63645 -0.584589
-1.55712 1.17983 -1.27871 -2.53925
9.67949 3.32367 -0.39038 9.11986
0.659088 0.978782 -2.36877 0.833867
-1.12807 -0.4516 0.306589 -1.16472
3.03247 -2.69942 4.55088 3.43863
-1.06318 0.623971 -1.15139 -0.958497
13.4552 6.91527 -7.58388 13.1619
1.07288 0.318035 -0.248388 1.92429
-1.16048 -0.690125 0.255105 -1.34198
4.99903 -3.91615 5.51507 1.73728
-0.421181 -2.42873 5.94119 3.08996
0.013027 -1.56466 2.22471 -0.523596
-0.082761 -1.82065 1.93871 -0.426896
-0.22957 -1.08543 1.01989 -0.233187
1.2554 0.226156 0.681216 2.32911
-0.941926 -0.675582 1.45954 -1.41271
-0.005896 1.36407 -1.0756 0.107496
1.32804 -0.152826 0.037621 1.89196
2.13441 0.341279 -1.86299 2.86294
-1.22845 -1.96425 2.16206 0.811333
-0.631394 -1.41078 2.20427 -0.798361
-1.16962 6.32179 -7.50501 -0.25451
-1.08265 0.455604 -0.440394 -1.99833
-0.423141 -1.10228 4.16925 -1.87581
0.842613 -0.807512 1.31228 2.06598
1.05269 -0.678426 4.53169 3.02997
0.037825 1.09586 -2.54215 0.697342
-0.981681 0.460927 -0.431891 -1.80359
-0.348659 2.10498 -6.01148 -3.65592
-1.19293 -12.2719 12.8265 0.140451
0.594288 -0.944276 0.944276 0.594288
2.77738 -0.907174 -0.131302 3.17935
-1.03561 1.68068 -1.68068 -1.03561
-1.04828 0.206939 -0.282414 -1.91331
-0.20483 -1.05573 1.32764 -0.358858
-1.34506 0.077793 0.015993 -1.05169
-1.05211 0.245271 -0.315069 -2.06666
-0.247871 -1.374 1.93814 -0.410965
-0.481604 1.11876 -1.15366 -0.22228
-0.62792 -1.08454 0.864885 -0.728571
1.31059 3.05489 -3.24498 3.05642
-0.915842 0.816035 -1.32747 -0.724371
1.01595 1.83492 -1.06243 0.64395
0.618294 1.0513 -1.76869 2.65838
-0.993939 0.471843 -0.422367 -1.84431
0.732466 -1.26523 1.26523 0.732466
0.869375 0.642558 -0.647516 1.54666
0.451205 0.995182 -1.12899 0.498531
-2.28683 0.489111 -0.859479 -2.55317
-1.28693 -1.29217 2.03944 -0.559031
0.441963 1.36917 -1.06024 0.409819
-0.317758 -1.18726 1.41568 -0.492101
-0.456294 -1.09552 1.11491 -0.968206
20.3895 -5.74827 3.86058 18.3169
-5.92421 1.6054 -0.493505 -7.04921
-1.12286 0.100926 -0.009796 -1.20857
-1.39971 0.165288 -0.130623 -2.48055
2.01018 -1.48093 2.07474 2.06581
1.07809 -0.016873 0.17552 1.66621
0.419913 -2.76955 2.30103 0.000121
1.5645 0.353656 -0.723837 2.58531
-1.55108 0.752085 -0.31459 -1.66835
-2.66167 -0.672027 1.84683 -2.03375
-0.564853 -0.967572 4.66173 -2.18313
0.857858 -0.748754 0.704035 1.30229
1.12854 0.270025 0.002826 1.80283
0.207182 1.97812 -1.12908 0.004842
-0.431473 -1.68017 1.09377 -0.16554
1.15693 -1.36821 1.16009 2.30806
1.15574 -2.6813 3.57509 2.50424
-0.837211 -0.635582 1.91667 -2.01086
-1.15012 0.822974 -0.970649 -0.721278
0.135431 1.10894 -2.19806 0.236655
0.129827 1.52811 -1.78276 0.497956
-0.23988 -1.45461 2.05672 -0.798012
-4.84081 -4.13926 2.45141 -6.46279
0.657693 -3.71146 3.77622 -1.06928
-2.90302 0.614014 -0.176234 -2.14281
-1.00123 -0.987408 1.05793 -1.9154
0.234131 1.20453 -1.60354 0.309591
1.42305 -1.25672 2.89702 1.56164
0.400228 -1.23499 3.48286 -0.670699
-0.776338 -0.788296 1.29432 -1.06054
1.18597 0.205031 0.369269 2.20114
-1.12296 -0.289056 0.622055 -1.26333
-0.51484 -4.14476 1.80543 0.267344
1.1251 -1.72623 1.62368 1.21337
-0.122444 -1.07907 3.56428 -1.03367
0.836111 2.24346 -3.57216 0.965988
-1.81756 0.567346 0.017592 -2.30243
-0.940056 0.711162 -0.911775 -0.849956
1.08265 -0.374779 0.05386 1.45488
0.082026 1.37051 -1.5367 0.980108
1.38533 -1.36094 1.53366 0.875371
1.85558 2.46064 -2.50742 2.6112
1.33041 -0.06707 0.20882 2.33652
-1.68086 -0.030169 1.2176 -1.50493
0.08389 1.28414 -1.20997 0.234337
-3.37809 3.67208 -4.33754 -4.06883
1.52493 -0.4121 3.00627 2.0211
1.45382 -1.22364 3.37906 1.95853
1.1308 -1.23257 0.57503 1.86988
0.382193 1.86174 -1.01007 0.397549
-1.60614 4.32668 -4.99537 0.238549
1.11083 -0.218973 0.890272 4.21746
-0.031141 -1.33129 1.78736 0.284566
-0.277777 1.27373 -2.56684 0.065116
3.58152 4.87951 -5.95155 2.27944
-1.45201 -0.112469 0.015579 -2.02483
-0.076202 1.09881 -2.54181 -0.352403
-0.899212 -0.704192 0.564709 -1.04557
-1.16689 0.47306 -0.944453 -1.28679
-1.0515 -0.967182 1.00758 -1.88958
0.067432 -1.38062 1.28584 0.289739
1.01363 0.531757 -1.94634 2.87323
-0.0493 1.92553 -4.74791 -2.86353
0.194806 1.11849 -2.4303 0.725558
0.221238 2.25532 -2.07645 0.710254
1.05431 1.49267 -2.13636 0.938981
0.677404 0.833148 -1.03025 0.905144
-2.11063 -5.02548 8.2292 2.90654
-0.867533 0.922074 -0.840015 -1.30026
0.554566 -0.991039 4.61681 3.10668
-0.761797 1.12021 -3.36901 -1.78588
1.48484 2.95603 -7.18332 2.08282
-0.316247 -1.85948 3.01381 -0.695979
0.654166 2.30607 -3.70364 0.952093
-0.372815 -1.16128 3.51273 -0.004078
-0.198443 -1.35761 1.84327 -0.303694
-1.20823 -0.543677 1.61471 -1.31345
0.468912 0.968094 -1.29354 0.828562
0.775789 -2.99396 8.7625 -2.91749
-1.19457 0.607713 -0.665163 -0.923854
-1.10187 -2.27021 2.99576 -1.29238
-1.12781 -0.651765 0.860245 -0.933671
-1.00188 0.339563 -0.38699 -1.98401
-0.861104 -4.64472 7.02086 -1.09255
-0.514811 -1.04463 0.932543 -0.619004
2.54805 0.00391 -0.416281 1.27538
1.07955 0.11502 0.085901 1.70606
-1.13975 0.029452 -0.142897 -1.42888
1.13292 -0.822169 2.22546 0.807389
-2.09592 -0.017528 0.136215 -1.92094
1.04511 -1.0924 0.762636 1.79728
0.922086 -0.777122 3.42349 1.84416
-1.96091 -0.925383 3.39186 -3.44881
0.698665 2.29791 -2.57121 1.22004
-0.456609 -2.56088 6.23375 -1.81304
0.086343 1.08339 -1.34057 0.263867
-0.405983 -1.26828 1.82997 -0.823283
-1.05894 0.337893 -0.554251 -1.13283
1.54745 1.51499 -0.193582 1.62023
-0.59806 2.19148 -0.992064 -0.551896
-2.76115 0.069546 0.839359 -2.24662
-0.237027 -1.66174 2.6028 -0.867659
-0.300895 1.38339 -1.60009 0.511912
1.75673 -0.57388 0.175074 1.05155
1.27765 0.042729 0.17645 2.37454
1.21773 1.60359 -1.52909 1.30842
-0.509775 0.965068 -2.14234 -1.32321
-1.35824 2.89008 -1.96571 -1.27581
-1.25152 2.0287 -2.42373 -1.71583
-0.2507 1.23651 -5.06271 -2.85248
-0.979441 1.51968 -1.9896 -0.703557
1.58016 -0.972421 0.095661 1.90708
0.353607 -1.77179 2.28696 0.533515
-0.778703 1.3075 -4.98645 -3.39066
2.1288 1.74716 -1.34152 2.54051
-1.52456 0.815164 -0.844581 -0.982275
10.0114 -69.253 84.4937 23.0982
-1.65211 -0.293017 0.293075 -2.26396
1.92094 1.29357 -0.878083 1.29479
-0.322521 -1.10412 3.11288 -0.962914
-0.123553 -1.27816 4.77163 -1.45296
1.44655 1.06507 -2.54966 2.48929
-1.86632 0.190171 -0.880471 -2.1284
-0.066237 -1.2367 2.80106 1.1548
-1.66238 0.731808 0.084769 -1.34888
-0.221467 1.18839 -1.68775 0.094141
0.379243 -2.19735 1.32613 1.16414
-1.1827 -0.588278 0.372206 -1.19253
-1.33514 -2.06278 3.20901 -1.10518
-1.07032 -0.432883 1.25631 -1.36258
-0.625929 -1.6876 5.52282 -2.01766
-1.49568 0.636828 -0.121471 -2.52562
-2.62831 -1.32504 -1.37264 -2.36207
0.379565 -3.70957 8.77231 1.75711
-1.16603 0.19277 -0.216346 -1.6026
-1.50602 1.35222 -4.16874 -2.68094
1.64761 4.88969 -6.97444 3.60682
6.26111 -2.65182 1.97459 7.25408
-2.68467 5.96128 -6.45006 -1.36532
1.22799 -1.17008 2.04034 0.808472
1.05926 0.253738 -0.184102 1.07964
-0.848395 -0.695289 0.695289 -0.848395
-2.19682 -0.021303 0.087075 -1.0901
6.35201 2.26568 -4.00069 4.48703
0.032803 -3.06097 1.84827 0.536544
1.53382 -1.25641 2.4824 1.5545
-4.23262 0.14943 0.972054 -3.34696
-69.9689 5.47059 2.43972 -66.3597
-2.2351 -5.00959 8.44832 3.10832
-0.454805 1.13793 -1.33485 -1.13689
1.8185 -1.19557 4.34829 2.66674
-1.88737 1.21645 -2.32628 -2.21433
-1.20141 -0.031874 0.125014 -1.18861
-0.099972 -1.68116 2.32162 -1.04949
-1.03023 0.379995 -1.52298 -2.27188
-1.91796 0.615747 -0.109176 -1.47987
-0.107972 -1.08171 1.17825 -0.20842
-0.045082 5.6903 -8.00971 -3.42598
3.8874 -2.11811 0.739854 4.03961
2.339 -0.483013 -0.012072 2.7271
-0.363474 -1.25326 1.4664 -0.46914
1.05964 -0.024786 0.197283 2.09185
1.44363 -1.26281 1.31765 1.24472
-0.141429 -1.06012 1.28195 -0.264076
-1.3054 0.12331 -0.166288 -2.40453
-0.802176 0.764942 -1.32844 -1.07648
-0.981353 0.488823 -0.457978 -1.63857
0.737242 -1.17208 1.17208 0.737242
2.92427 -14.2039 17.0276 8.31087
-0.741329 -1.18509 1.42648 -0.603888
1.78025 0.215382 0.214618 4.27648
0.379899 -1.24229 3.73783 2.15766
-2.96114 -7.48711 9.02821 -5.41825
-0.449052 -1.03119 2.90409 -0.557618
1.71797 -2.23423 2.96876 1.46463
-0.149756 -1.04957 1.3856 -0.349318
-4.98831 -2.40463 2.32884 -2.90481
1.27856 0.169581 0.041797 1.83655
1.61882 1.58351 -2.07463 2.71065
-0.590266 1.24989 -1.89628 0.123324
0.687907 1.18877 -1.29824 0.780824
1.16385 -0.555904 4.06337 2.4675
-2.96039 -2.71792 3.19124 -3.74809
2.0067 3.60057 -4.44467 3.09714
0.20582 1.48411 -1.88794 0.407551
2.49199 -0.815708 0.21456 1.41971
-1.12843 -0.428844 0.232794 -1.21691
-2.39641 -0.520248 0.523256 -2.95334
-0.74133 -0.872554 1.83003 -1.97285
-1.33992 1.0292 -4.29145 -2.99717
0.957817 1.09552 -1.0172 1.6654
-1.43615 -0.133228 0.328759 -1.74085
2.88603 1.42831 -0.077403 1.25811
1.00084 0.565517 -0.545603 1.11183
-0.286361 -1.02295 1.02295 -0.286361
-2.59298 -0.452954 3.57837 -3.30001
0.601364 -0.882448 1.50695 1.08422
0.0009 -1.45952 2.58282 -0.378036
-1.06669 0.015501 -0.03766 -1.40966
0.021812 4.70015 -7.30431 -3.14783
0.096766 -1.25106 1.2762 0.256946
0.319116 -1.18898 2.42563 1.62443
-0.645173 -0.872196 1.36967 -0.596022
1.56933 -0.422126 0.038474 1.12115
16.8348 -19.4526 22.5666 10.6391
-7.21979 1.34734 -0.197045 -10.1521
0.209489 1.09939 -1.6199 -0.071675
-1.04872 -0.489861 0.647779 -1.13848
2.37144 -0.454491 -0.162433 1.78543
0.257777 -2.26955 5.0123 1.41707
0.864274 0.659134 -0.883554 1.63443
-0.007388 -2.66548 3.85705 -0.896196
-0.628927 0.972296 -0.972296 -0.628927
1.10314 0.134454 0.109796 1.88607
2.27839 -1.50915 2.47284 2.42417
-1.18202 1.55435 -0.975763 -0.798174
1.38015 1.34688 -1.59209 1.49753
2.17547 0.791998 -0.850561 2.18198
-0.539529 1.49256 -1.42658 -0.303454
1.41911 1.02572 -0.63645 2.49201
-0.344308 -2.55034 5.63238 3.29084
0.276584 -1.41086 1.17197 0.029245
-0.306394 -2.32521 1.31138 -0.23925
-0.26395 -1.90628 2.06574 -0.512214
1.98631 -1.41975 4.49369 2.89894
0.861415 -0.758358 1.98036 1.41961
-1.1309 0.503449 -0.196673 -1.21473
1.09772 -0.136265 0.071017 1.60897
0.467583 1.02929 -2.99552 0.86263
-1.29898 -0.86806 0.873041 -1.90083
0.152352 1.98408 -3.7956 0.831244
-0.328842 1.40993 -1.43196 -0.186953
-1.30225 0.304544 -0.343151 -2.31756
1.04143 -0.076359 0.202405 1.98061
-2.96785 5.04426 -5.33097 -2.33358
-0.115615 -1.34311 2.05649 0.903673
0.680434 -1.27428 1.33593 0.923086
-1.09534 0.140408 -0.291273 -2.14325
-1.82872 -7.26048 8.2586 -3.21755
0.89473 -1.02624 1.10295 1.48431
-1.32286 0.144306 -0.002133 -1.67906
-1.32184 -0.247202 0.862989 -1.2111
0.489518 1.73469 -3.44571 0.830192
1.82825 1.38793 -1.02067 2.48393
-1.0724 0.630554 -0.832898 -0.982152
1.02023 0.401307 -0.66565 1.53744
-1.63906 -0.150094 1.52283 -1.48787
-1.21829 -0.600344 0.821121 -0.88602
-3.85826 -3.54976 2.90818 -1.43677
1.04885 -0.439409 0.433904 1.88661
0.713589 1.04025 -1.74332 2.24177
-0.368767 -1.55558 1.2154 -0.715862
0.530179 0.967476 -1.38255 0.851866
0.049554 1.43427 -3.55316 -1.7647
1.79419 1.68281 -1.88351 1.71834
-2.04051 -1.2501 1.96683 -1.35644
-1.42242 -0.311222 0.536043 -1.50871
-1.4453 0.521639 -0.28179 -1.84162
1.00738 1.1224 -2.01494 0.175617
14.9346 0.659786 2.18471 14.5148
2.25681 -2.3696 2.70436 1.38894
7.1863 -6.70309 9.06444 10.1979
-0.053698 -3.17816 6.33761 1.59404
-10.4023 15.4517 -16.2427 -8.59854
-0.422624 -1.50169 3.08992 1.54678
-0.847222 0.648837 -0.648837 -0.847222
0.109625 -1.94415 2.67339 -0.670521
1.72761 0.861059 0.669182 2.45455
-1.1032 0.520197 -0.193489 -1.45614
0.724091 -1.1334 5.3031 3.29764
-1.62954 -0.212024 0.26397 -1.3593
-1.03102 0.436072 -0.294192 -4.97252
3.66152 2.23822 -2.9677 5.37457
-1.11857 -0.53596 1.19827 -1.85373
-0.463583 -1.10272 2.09094 -0.608965
1.60416 -2.20431 0.964916 1.38198
-0.508702 -1.00473 1.45852 -0.556048
-1.82892 -11.9455 12.5697 1.45552
-3.69209 -5.01455 6.34286 -3.82336
-6.06745 4.654 -3.02591 -5.19475
0.164981 1.41779 -1.59963 0.382165
1.92847 -1.8114 3.42281 1.82139
-1.03848 -0.632045 0.872816 -0.86724
1.09933 0.827182 -1.32892 0.729915
9.18786 45.2461 -44.4755 14.1737
-2.18145 17.1771 -20.648 -4.96429
-1.16242 0.244542 -0.097391 -1.58733
0.837608 -1.22379 1.25891 0.491961
0.366676 1.43509 -2.52511 0.623969
-0.347006 -1.83217 1.711 -0.339114
-4.29994 -0.44095 -0.052996 -5.4573
0.515314 -0.973267 0.973267 0.515314
1.12924 -0.185143 0.536655 1.26978
0.401292 1.26651 -2.35969 0.320519
1.73966 -0.217158 -0.197302 1.68656
-1.81085 0.490701 -2.79172 -2.10823
-3.24632 0.768543 -1.07457 -5.82017
-3.24175 0.190313 -1.53837 -2.24995
-1.53527 1.53644 -1.61313 -2.95411
0.020512 1.11718 -1.30128 0.281145
-0.602184 1.01489 -0.874558 -0.747724
-0.474939 0.995435 -1.43431 -0.441122
-0.736033 1.16119 -1.13343 -0.633963
-9.6944 14.3712 -22.489 -15.8784
-7.35625 13.3346 -17.3694 -11.6484
5.74246 -0.719351 0.764997 3.75955
1.14474 0.249732 0.056089 1.93646
1.9492 0.268742 -1.73075 2.89792
1.23104 0.068206 0.199204 2.22833
2.43696 0.414246 -4.13456 1.91836
0.921008 1.48918 -1.80891 0.560875
-0.041285 -4.87865 7.72071 2.90339
-0.031496 -1.44128 1.88288 -0.461342
-1.62805 -2.32145 2.38638 -1.03518
-0.493929 0.968254 -1.37275 -0.503955
-1.10125 -0.718682 0.554939 -2.29884
-0.438963 -1.01826 1.29489 -0.431246
-2.58258 3.00517 -2.81686 -2.18542
-13.2447 19.2844 -25.2088 -13.297
-0.818056 2.46645 -6.61116 -3.52638
1.26353 -0.559751 0.644572 0.991573
1.4392 -1.73747 1.96362 0.912234
1.17151 -0.179899 0.251372 2.08352
-0.153917 -1.39542 4.07081 -0.181096
0.613394 -0.972496 0.972496 0.613394
-6.77267 -8.89293 8.47581 -0.667797
-1.65493 -1.53576 2.04594 -2.73798
1.09449 0.538133 -0.723993 0.955152
-0.467583 1.15612 -1.70775 -0.683144
1.05066 -0.769772 1.67935 0.780838
0.393268 -1.18379 3.59549 -0.302858
1.03974 -0.791915 0.808764 1.25316
-1.50795 0.293166 -0.283698 -1.68448
0.057449 1.29484 -1.41606 0.19514
-0.277837 2.03932 -2.28851 -0.221356
-0.310071 -1.02719 1.16491 -0.302952
6.78329 -3.21654 3.33729 3.67653
1.38224 -0.601343 0.109917 1.23327
-2.9646 4.40504 -3.30213 -2.63188
-1.17369 3.43485 -1.82168 -0.954149
1.20595 -0.405112 0.090494 2.22044
-0.84769 -0.720099 1.43252 -1.35517
2.19643 -0.941221 4.60638 2.69302
-0.791939 2.99288 -3.83443 -0.243592
-0.285379 1.02937 -1.41827 -0.277329
0.207863 -1.20724 3.21116 1.71128
1.05736 -0.45223 0.568119 1.52747
2.4797 0.848173 -1.24842 2.58703
46.4205 -12.0528 15.2098 57.7502
0.03017 -2.10476 1.28978 0.242632
-1.49215 0.254105 -0.107554 -1.7141
-1.84114 -0.144208 0.160349 -2.36994
-2.54849 -0.148656 0.199099 -2.97855
-0.930692 -1.09671 0.920331 -0.973823
-0.574273 -1.99276 1.67562 -0.667847
-0.108838 -1.13635 1.12888 -0.182325
-1.03485 0.400282 -0.405941 -1.9201
1.12675 0.112007 0.350527 1.93069
-1.45796 -0.946058 2.91289 -0.475582
1.58613 0.101582 -0.066643 1.16484
0.554159 1.23642 -0.916122 0.990093
0.685996 0.897231 -1.87132 2.73744
-2.70671 1.11697 -2.20054 -2.79764
-1.03353 0.24115 -0.305892 -2.07805
-1.02565 0.263392 -0.215345 -1.40403
1.16265 0.258478 -0.03766 1.82744
0.683649 0.796512 -1.02326 0.857194
-3.81096 -2.12405 1.28151 -1.01776
1.43448 1.46089 -1.3581 1.52247
1.75245 0.102227 -1.16517 1.85422
0.32135 1.87468 -1.10011 0.149674
-0.954992 4.46337 -7.66153 -3.50845
-44.9343 -2.20907 5.05086 -56.1561
3.93495 2.44551 0.120956 4.70492
-1.25255 -5.97277 7.75912 -0.560607
-1.91647 -5.47422 4.63183 -1.74365
-1.02216 -2.64166 2.62765 0.827255
-1.15276 3.18847 -2.10785 -1.51282
1.04019 1.40247 -2.33068 2.62974
0.969285 -0.724762 3.88243 2.29986
0.655244 2.0193 -3.88112 1.12578
1.32543 2.03499 -1.26312 1.77704
1.42 0.536972 -0.025305 1.72279
-1.07873 0.19161 -0.267666 -1.96614
0.96384 -0.37957 0.530367 1.44484
-0.013069 1.08044 -2.25269 -0.35111
-0.19795 -2.01269 2.69521 -0.742983
-2.38862 5.05964 -5.67789 -2.74312
2.37032 1.19799 -0.810582 3.42984
-0.384279 -2.54888 2.39625 -0.081424
1.80413 0.923074 0.364432 4.60952
-0.340796 -4.8104 5.86514 0.317552
1.25257 0.05089 -0.210418 1.71163
-0.549999 1.03371 -1.32863 -1.36586
-0.985063 0.66896 -0.813434 -2.01206
12.8811 1.41166 -0.142953 12.1912
1.03506 0.30743 -0.233573 1.25168
-10.4754 14.5576 -13.8011 -10.0427
-4.80543 -3.43607 4.78308 -6.06948
-4.03745 4.52618 -3.62516 -6.19797
6.66304 4.32093 -3.79602 3.07655
0.670939 1.0967 -4.73442 0.175706
1.44919 -0.913706 0.146747 1.95163
-3.5746 9.8383 -11.0013 -7.2206
1.97337 -1.63814 -0.034702 1.94818
-4.38804 1.20085 -0.174526 -5.14911
1.51579 -0.084166 -0.346933 1.14698
-0.575716 -0.91142 2.90027 -1.32642
-2.75111 1.16592 -0.678833 -3.61979
0.860454 0.780607 -0.575171 1.03143
1.09264 -0.828205 0.647236 1.9628
1.10771 -0.654037 3.13518 2.01094
0.538853 -0.91107 1.52173 1.26341
1.37617 -0.173118 0.121539 2.48254
-1.06795 0.239089 -0.177747 -1.80858
0.023895 -1.30179 1.32439 0.146832
0.448583 -1.43399 1.3581 1.17081
1.17038 0.398828 -1.01333 1.69264
1.08903 0.723369 -0.59213 1.45985
1.81233 1.6158 -0.559685 2.65415
-2.95089 -2.05218 1.53789 -0.688458
1.2126 -0.546512 0.475684 2.02752
-0.00777 -1.23324 2.07552 -0.863054
0.0324 1.119 -2.34582 -0.203829
-18.4473 2.69943 1.25915 -17.768
-0.272328 3.91244 -8.73473 -4.41026
-1.10843 -0.255076 0.274725 -1.18361
2.57909 4.61577 -2.24535 3.62762
1.06009 -0.482746 0.372938 1.29075
-1.29066 0.391469 -0.208856 -2.32867
0.46847 1.03246 -1.30507 0.903648
1.28917 0.122406 0.637024 1.70855
1.0809 0.593541 -1.05501 0.978123
-0.029282 1.09048 -2.1693 -0.375179
-0.316915 1.01852 -1.66558 -0.278045
2.32022 -3.44357 6.16973 5.31106
-0.951671 0.49205 -1.02246 -2.07093
1.25298 -2.76827 4.41492 2.36258
-0.007939 -2.18637 4.43243 2.05808
1.39811 -0.982891 2.22261 1.81848
-2.00329 -2.01213 2.36628 -3.46939
-0.740421 -1.18073 1.7128 -1.7413
-1.11665 0.143147 -0.067542 -1.47698
-1.10135 0.416419 -0.170846 -2.47397
0.275131 1.69957 -1.04743 0.187969
1.79448 1.06876 -1.14394 2.00206
0.786191 -1.40074 1.81635 1.44885
2.96447 1.9197 -2.07071 1.97221
0.948787 -1.07913 1.03706 0.870598
0.125277 2.03578 -3.22783 0.892665
-1.06956 0.256817 -0.285359 -1.89608
2.14426 -4.01102 2.5592 2.22323
-1.112 0.613268 -0.564443 -2.14336
1.28075 -0.635914 -0.175581 1.77546
-1.63565 -1.96335 2.91238 -2.32613
0.143758 -1.0608 1.51663 0.12608
-1.00377 -0.571576 0.644212 -1.23654
1.12785 -0.197205 0.33146 2.07965
-0.061808 3.02995 -1.65317 -0.137559
-0.779281 -2.07248 1.63284 -0.104391
-4.09907 -2.15193 1.9673 -1.87818
-2.05352 2.13538 -4.37341 -3.17888
0.781747 1.071 -2.06319 2.27041
-1.12134 0.36146 -0.175245 -1.26413
-0.283164 1.02186 -2.24668 -0.48991
1.30617 -1.273 3.35574 1.85774
-1.06871 0.43976 -0.452788 -1.91939
-0.407321 1.74018 -2.12644 -0.913111
-9.55555 2.08722 -0.625162 -18.1734
1.69175 0.213654 1.22671 3.02055
-1.65288 0.257381 -0.403299 -3.50655
-0.205782 -2.10251 7.08828 3.66032
19.5178 -3.05999 7.08188 17.6162
0.751988 2.77661 -2.06938 0.868691
-1.57425 -0.26387 1.16791 -1.92594
-0.392478 -1.14893 1.74967 -0.605084
0.091978 1.37629 -1.09829 0.201996
-2.19536 -0.340735 1.24865 -2.06872
1.05868 -1.36226 1.88862 1.41642
0.778045 -0.732357 1.66598 2.18392
-1.84102 -0.757175 0.166791 -3.01399
-1.20821 0.692318 -0.15557 -1.43019
1.00652 -0.488813 1.61378 2.27851
-3.01022 -3.61364 4.25325 -2.33576
-0.432238 1.1223 -1.71405 -0.55665
2.21086 -1.26332 5.58968 3.65178
0.432161 1.16652 -1.09002 0.258395
-0.530414 -1.24153 1.38599 -0.559267
1.46346 -1.23407 2.84068 1.90311
3.09601 -13.5144 14.1032 4.18167
-0.42677 -0.992826 1.10545 -0.525366
-1.83502 0.461311 -0.283307 -2.53216
-0.394109 -1.38926 1.4734 -0.624337
3.44793 -3.08659 8.12303 6.20072
-1.64846 -0.22734 1.33558 -2.10518
-0.518225 -1.94679 1.60911 0.846504
-12.7003 -3.3521 0.210255 -11.5575
1.48642 8.06422 -9.50273 1.6728
-7.54375 6.82579 -9.42832 -7.5382
-1.21404 -0.637605 1.31827 -1.29074
1.9597 0.279476 -0.248513 2.09141
-1.04599 0.255747 -0.346157 -1.98698
0.986107 -1.14581 0.898132 1.7395
-1.5802 1.12284 -0.700048 -2.22627
-1.87035 0.538609 -1.11818 -2.78
8.48164 -4.43656 3.26679 7.06688
1.44511 0.64927 -0.399188 1.43329
0.898528 -1.08519 1.56177 1.58584
-5.92479 -6.43595 6.59397 -3.65978
0.90918 -7.58204 8.6861 2.28972
-2.04898 2.21774 -1.71897 -1.29569
3.01444 -0.737494 2.70045 1.82314
-1.12761 0.383486 -0.406732 -2.21874
0.187757 -1.45149 1.63764 0.42711
-0.094639 -1.13598 2.13005 -0.352634
-1.83916 -0.154302 0.979885 -1.53996
-8.76242 14.4301 -19.2377 -11.6017
3.97639 -4.40527 8.49649 5.55844
-3.86585 1.11386 -0.252373 -4.73739
-1.0931 1.95548 -1.67008 -1.3005
-1.63592 5.77175 -7.68744 -1.63559
1.15385 2.31502 -3.09406 1.32921
-2.68271 -1.10111 0.983094 -2.96919
1.55542 -1.40248 2.45372 1.45533
-2.19602 4.09514 -5.37582 -1.18959
1.09323 -0.102544 0.219898 2.08012
-1.11634 0.180267 -0.358735 -1.18112
1.40026 -0.004176 -1.96982 4.1914
-1.91364 -4.95211 7.06931 2.34604
0.639915 -0.977869 4.78921 2.76321
0.580837 0.906653 -1.48744 1.3423
0.426134 2.92541 -2.52049 0.579567
-1.14801 1.63165 -1.03861 -0.601501
0.133917 -1.86076 1.12714 0.538464
-2.08426 0.064813 0.217978 -2.25888
-1.51235 0.173391 -0.173638 -2.67024
2.05158 -0.416728 -0.289148 1.35737
0.051168 3.60803 -3.01846 0.779386
0.953495 0.654908 -1.20391 1.48818
1.31008 -0.870438 1.48695 1.5573
0.18217 1.11425 -1.40696 0.227277
-2.17506 11.9585 -13.341 -5.13698
-2.1223 1.81793 -2.78276 -2.33657
2.75225 -9.5751 9.71787 3.1045
1.04255 -0.356324 0.742869 1.5996
-1.17425 0.156558 -0.238238 -2.0854
-2.69792 1.1778 -2.50464 -1.50824
0.071614 -1.52628 3.32682 1.53489
0.513726 1.39635 -2.16463 0.878939
0.08196 -1.40395 3.15269 1.67037
0.41312 -1.04855 4.27802 2.42444
-0.931226 -0.912114 1.15015 -0.774147
-1.47042 2.13563 -2.83447 -1.49203
-1.03713 -0.61766 0.815141 -1.73113
0.091591 1.51981 -2.39471 0.435205
0.087534 -1.08165 1.39067 0.325375
-0.16143 2.49065 -4.28632 -1.9056
1.62876 -4.00959 5.80825 3.98137
-0.284123 1.25794 -5.34826 1.18304
1.21943 -0.473326 0.265268 1.40805
1.08704 -0.169793 0.407947 1.28119
-2.74016 -3.23776 4.5788 -2.62291
0.029876 7.59458 -9.37784 1.07755
-0.437901 1.0397 -2.0916 -1.34546
2.38853 0.428548 -4.13263 1.8871
0.339067 -1.33326 3.22298 0.780988
2.58457 -1.63163 2.14596 2.17876
2.16949 -1.42875 0.429178 3.04521
0.248411 -1.90039 2.40845 0.391653
0.867836 -0.675597 1.08475 2.36871
1.0204 0.838671 -0.596335 1.20889
-0.732376 1.04546 -1.26952 -0.331728
-0.691143 -6.99165 5.90442 -1.84
1.33074 1.24517 -0.1743 1.57776
-1.09556 0.592524 -1.20586 -2.24806
-3.24129 0.791674 -1.02982 -6.09191
0.533654 1.79595 -1.45362 0.847212
-0.068538 -3.30284 7.33486 -1.47225
-1.95325 0.464771 -1.62831 -1.0562
4.88667 2.32948 0.686925 5.76605
0.944667 0.576553 -1.20739 1.72965
0.231162 -5.41625 4.29405 0.800481
0.898606 -1.05832 1.15524 0.708493
1.46759 0.174342 -0.415207 1.51309
-0.715261 0.820828 -0.799506 -0.780625
-0.924273 0.640036 -0.726791 -1.56228
1.05983 -1.47071 2.45757 1.99471
0.452536 1.29525 -1.03952 0.335469
1.11936 -0.27578 0.371773 1.68784
0.359616 -0.986826 3.6845 2.11754
1.07939 0.047985 0.188342 2.03676
0.818198 -0.872537 2.19945 1.1457
1.75055 -0.581128 0.078294 1.11799
-5.58296 -0.144578 1.75892 -4.09409
-1.13299 0.021161 0.050552 -1.15068
-0.514308 -1.19441 1.88587 -1.94483
0.516425 -0.918272 1.56269 0.63727
0.727435 0.874254 -1.10662 1.55287
-10.3711 17.0272 -30.2133 -19.0865
1.92159 -0.481041 0.247556 2.47899
4.02345 -1.96557 7.64987 5.70937
2.99083 -0.979842 0.24687 1.64029
-1.49697 -1.31005 2.34367 -2.37167
-1.21119 -0.482449 1.28444 -1.09651
-0.873339 -1.81229 5.21164 0.153292
1.59038 -2.35298 3.30607 0.65554
1.43913 -0.684252 0.55752 1.20203
-0.425273 -1.33767 1.92558 -0.653391
-1.49169 -4.09444 6.24855 -0.746334
-0.950529 0.732296 -0.586075 -1.81696
1.44912 -2.71028 3.22738 2.9106
-0.174076 1.1589 -3.04573 0.773259
-0.130443 -1.28188 1.05304 -0.134244
-2.14179 0.444 -2.55529 -2.12032
-1.39374 0.179602 -0.14319 -1.51371
-0.119984 1.25493 -1.37369 0.040661
2.28944 -5.44663 6.97976 4.19007
-8.04708 -14.0958 16.6474 -11.1489
1.72775 3.64549 -7.24025 2.25051
-0.340135 -1.53936 1.45944 -0.644759
0.212353 1.2971 -1.45648 0.428603
1.63474 1.18664 -2.89699 1.85915
-0.769975 1.05289 -1.57934 -0.350926
-0.875749 -1.50007 2.07671 -0.285833
-1.08384 -0.517289 0.577752 -3.39986
1.17057 -0.31423 1.23664 2.21011
-0.88147 -0.5672 1.15195 -1.52444
-1.17843 0.394097 -0.895049 -1.24202
-1.52258 -0.152656 0.626094 -1.78087
-0.385617 1.96235 -2.81626 -1.02176
0.858295 -1.23057 1.81808 0.161449
0.096073 1.28557 -1.05673 0.092418
1.5436 0.363649 -2.57033 1.58791
-1.39951 0.970872 -1.43358 -0.666803
-2.70667 2.80175 -2.86433 -3.00652
0.761707 -2.12265 6.79128 4.16897
-0.913507 -0.616178 1.69479 -1.57043
-2.9451 -0.639077 2.181 -3.45884
1.22099 -0.2137 1.12338 5.35086
-2.18015 -1.34941 2.15652 -1.5348
-1.21781 0.609361 -0.556535 -2.08918
1.45468 0.237042 0.464005 2.21523
-2.26266 16.1053 -18.4146 -3.90819
-0.119119 -1.48581 5.81806 -1.57936
1.07276 -0.089745 0.235358 2.07923
-0.234266 -1.49388 4.79614 1.19527
-0.755943 1.19484 -3.23524 -1.95289
-1.08863 0.14394 -0.241621 -2.07767
-0.506442 2.54063 -6.01062 -4.27398
-0.650249 -1.04937 1.04937 -0.650249
-0.949572 -1.00799 1.27635 -1.50572
-0.422296 -1.07279 2.98247 -1.28508
-1.25002 -1.64337 1.89252 -0.994333
0.311264 -1.13388 2.18012 -0.007825
-0.593569 1.97851 -0.916833 -0.892657
2.4239 1.21252 -1.77575 3.71144
-1.63254 -1.18137 2.95282 -1.39121
2.82053 2.74917 -2.89878 4.32469
0.436752 6.51601 -4.98618 2.47452
-0.441615 -1.24012 1.08516 -0.322214
69.1786 -13.0464 5.85762 68.2921
-0.457024 -1.1171 1.8494 -0.293025
0.725202 -0.854187 4.61949 2.6701
1.24998 2.58779 -1.36189 1.7207
0.296212 1.41124 -1.34 0.321105
-0.926399 -0.589307 1.2288 -1.57849
0.439231 1.21212 -1.61407 0.23118
1.10301 0.037336 0.087739 1.21202
1.86526 -1.86943 4.78332 2.717
-2.33414 0.300427 -0.115514 -4.40626
2.35843 1.7039 -1.15434 1.17033
0.694941 -0.99815 2.38766 0.64019
6.33358 -3.16485 3.81117 2.44969
1.07778 -0.342497 0.459342 1.23467
-0.783771 -0.786844 1.45658 -0.889104
0.216937 -1.08154 1.35916 0.436193
-1.16149 -0.241125 1.36253 -2.03954
-0.713926 1.03956 -2.49755 -0.220565
4.97217 2.02594 -5.04349 6.54543
-1.90573 1.71439 -3.65944 -0.354382
7.31786 4.01478 -6.61782 9.1791
1.10672 -0.009182 0.224104 2.05771
1.40659 1.26294 -0.828438 0.974075
1.21237 2.8483 -2.17559 1.76901
-0.205193 -1.12799 4.3568 -1.81726
0.632149 -2.22467 5.97209 3.02792
-1.04829 1.68656 -2.31907 -0.721035
0.051261 1.1165 -1.68822 0.31805
0.949128 -0.687393 2.89845 1.70866
-2.47623 -0.59428 1.82812 -2.79658
0.063617 4.42764 -8.64318 -4.10565
2.29852 0.797184 -0.946631 2.47293
0.982315 0.907049 -0.917682 1.53315
17.6614 -5.27507 7.82491 16.8591
-0.690975 -1.37653 4.18678 0.165627
-0.261213 -3.82856 2.05077 -0.418086
-1.48358 -0.028648 -0.424207 -1.87104
1.08759 1.17432 -2.20076 2.34
1.13723 -0.370565 1.69573 2.29498
-0.239996 1.10721 -3.49781 -2.16102
1.09196 0.17778 -0.08517 1.05911
0.212648 1.51561 -1.68962 1.79327
-0.395662 -1.07055 1.67688 -0.311595
0.956949 2.10211 -1.92649 1.08058
-1.43683 -0.008356 -0.084705 -1.79205
-4.25444 1.01458 -0.346753 -4.49236
4.27921 1.63018 0.294906 2.67902
-2.34901 4.28868 -3.60201 -3.4035
-2.12228 -0.522656 1.79634 -2.84931
-1.0374 0.11399 -0.222163 -1.9788
2.31017 0.203449 -2.71702 1.48036
2.77741 0.088346 0.426678 2.7731
-0.225894 -1.06772 2.41016 -1.08589
2.20533 -0.32223 -0.293299 1.61818
-3.03239 -2.66198 2.71747 -3.46275
1.07611 -0.590789 0.701628 1.1927
-1.25088 1.13078 -1.78503 -1.04369
-0.962182 -0.593478 0.724033 -1.2803
0.070831 -1.04816 1.69398 0.126663
1.55912 -0.706041 0.271928 1.68835
-1.48823 0.032276 -0.010077 -1.53829
-1.6403 -0.766434 1.16058 -1.3144
-0.28748 -1.95765 2.20873 -0.547909
10.0396 3.71137 -0.506241 10.5537
1.06814 -0.112429 0.270166 2.00021
0.337477 1.09026 -2.27728 0.155219
4.24349 0.641736 -0.341966 3.89848
-1.8917 1.11431 -1.07978 -3.94375
-0.820484 2.08944 -1.78125 -0.68703
1.04644 -0.642573 3.11347 2.07912
-1.3515 -4.7281 6.14721 0.274505
-1.94489 -1.66282 3.79563 -3.72166
0.464615 1.15498 -2.48562 -0.191921
-0.842556 4.13869 -4.30774 -0.395123
-1.11208 0.288998 -0.381022 -2.06889
1.26827 -0.947557 0.649083 1.33554
-0.462595 1.09179 -3.46592 -2.25511
-0.097002 1.36495 -1.26945 -0.408971
0.407156 1.71233 -1.91167 0.460386
-1.05967 0.207674 -0.156466 -1.70078
1.83734 -0.753685 0.398116 0.97584
2.55672 -0.092267 -0.310958 1.26077
-1.89461 -0.153003 1.05357 -1.67369
1.09014 -1.06147 1.63276 1.61212
0.944928 0.914133 -1.10176 1.6856
-0.845856 -0.780501 1.18844 -1.10237
0.233704 1.07433 -1.38886 0.245036
3.46342 -0.541991 0.217037 3.4066
0.750261 1.66775 -1.70129 1.29403
-0.237997 -1.16978 2.50964 -0.867736
0.137514 1.43332 -2.42558 0.484566
1.65569 -0.898968 1.74104 1.9508
-1.20862 -3.63842 4.97789 2.38126
3.23529 -9.16904 10.775 5.99324
1.51416 0.541523 -0.990279 1.51538
0.434567 -0.991947 3.92515 2.45963
-0.603102 1.22825 -2.28072 -1.82314
-0.27501 -1.08689 2.51141 -0.419767
1.10321 0.284976 0.326073 3.79874
1.25277 -1.12967 1.7837 1.04489
1.21559 -0.66565 0.841719 1.64822
-1.68089 1.02037 -1.33514 -1.11211
-0.237773 -1.65797 7.45927 -2.13307
1.55954 0.701205 0.260136 2.89277
1.26597 -1.00767 1.8701 1.4564
0.777798 -0.846529 1.11579 0.718861
1.10249 -0.513674 0.61494 0.952633
-0.212038 -1.03365 2.24235 -0.611088
1.65115 -0.163668 0.102479 3.02865
-0.998722 -1.01529 1.22098 -2.08783
0.916298 0.530347 -0.782066 1.36247
-4.95113 10.6065 -11.341 -6.62225
-0.998581 0.480809 -0.711095 -1.0588
-1.47852 3.07641 -2.45888 -1.84263
0.985275 2.59899 -2.68113 2.13514
-0.490901 -2.3031 7.18578 -2.08389
1.85113 0.769885 -1.77192 3.25809
-13.2472 21.7318 -30.8858 -16.6289
-12.3504 -2.59563 0.774053 -12.2317
0.606866 1.07236 -1.62743 0.234068
0.625104 -1.18097 1.18097 0.625104
2.39513 -1.05358 1.84776 0.615235
-0.244744 -1.59344 1.93389 -2.02325
-0.575792 -1.51475 1.4742 -1.02691
-0.913552 -0.562462 0.898958 -1.66967
-0.456606 1.02106 -1.30922 -0.600041
-1.10707 0.124243 -0.284361 -1.88896
-1.68748 -0.531701 1.20818 -1.70502
-1.06609 0.315628 -0.341147 -2.12034
2.45177 -0.262204 0.56298 1.57199
4.15416 -3.0228 3.31037 2.45275
2.71516 1.71113 -1.97815 2.1169
1.15202 -0.098279 0.232211 2.20612
2.42922 -0.934626 0.384471 1.40355
0.766385 4.51283 -4.35476 1.44232
0.030151 1.19769 -2.99494 -1.19557
-0.918249 -1.20139 1.81386 -0.294826
-1.1253 0.313939 -0.283775 -1.90179
2.65624 2.54774 -2.2612 1.6073
-1.05518 0.433351 -0.447397 -1.9038
0.75041 1.23443 -2.0217 0.762193
0.02084 1.57 -1.90882 0.289246
-0.239142 -1.09088 3.90995 -1.1102
1.09414 0.124771 -0.055863 1.31609
-0.172361 1.17377 -3.15365 -1.62709
-0.156896 -1.0896 1.1277 -0.165343
1.1125 0.114059 -1.10675 2.44612
3.12849 2.41586 -1.88808 4.10278
0.615302 1.47559 -1.45858 1.55088
0.094546 1.53728 -2.50935 0.461489
1.39537 -0.023947 0.286123 3.94142
-4.04787 -0.630699 4.14527 -4.31378
-3.64934 1.29077 -1.40511 -2.70118
0.905914 0.588775 -1.31424 1.34541
-0.318383 -1.01807 2.12172 -0.777315
-23.4093 3.37801 -0.765354 -36.0294
-0.842404 -1.13083 2.008 -2.14716
0.020555 -1.80783 1.99299 -2.24285
-1.02166 0.679925 -0.659106 -0.881262
1.0452 -1.14767 1.39796 0.52104
0.14017 1.96231 -1.52837 0.416771
-0.870178 -0.573399 1.40555 -2.28919
0.739927 -1.06126 1.17773 0.660289
-4.17266 1.58516 -0.271789 -4.61769
0.153042 2.76693 -2.17012 0.914564
-1.33965 0.072066 0.04545 -1.55743
-0.030775 1.1829 -3.12036 -1.52661
-1.0219 0.464035 -0.319658 -1.24565
0.97661 0.818029 -1.0255 1.74374
1.00396 1.32476 -2.1594 0.517409
1.31044 0.003757 -0.623879 1.49871
0.15871 1.17379 -1.26865 0.253674
3.84581 -1.90873 1.29408 5.04685
1.4738 -0.783414 1.51292 1.65411
0.322425 -2.0345 3.57373 0.979448
1.64684 0.86517 -0.884272 1.63518
1.43161 1.72116 -4.94124 2.74787
1.14683 -0.924753 1.39926 0.768772
-1.19579 0.404213 -0.913278 -1.26166
2.0481 -0.969155 4.2109 2.64041
0.290204 -1.34007 2.29243 -0.54527
0.747511 1.20661 -1.82481 0.872
0.323672 -1.09054 1.43023 0.90035
-0.97484 -0.623747 1.34167 -1.01365
4.29931 -1.59886 0.681034 4.34498
-1.29268 -0.084301 -0.295384 -2.65265
-0.180685 -1.30528 1.92261 0.784499
0.40659 -0.993296 2.22765 0.545499
-0.797618 -0.927933 1.63581 -2.20224
0.410546 -2.42025 2.34536 1.2027
-0.331028 -1.81825 2.62791 -0.779705
0.649387 -0.991394 1.08896 1.13563
1.52512 -0.606779 -1.79823 3.84091
-1.29371 -0.199023 0.013606 -2.09379
1.023 -5.02213 7.43687 0.212191
0.390797 -1.19334 1.59081 1.05673
4.01009 -2.82686 2.5153 4.04926
0.049018 -1.13977 3.49903 1.46018
-8.99391 9.92255 -8.27976 -6.56022
-0.627948 0.890972 -0.981321 -0.628257
1.6476 2.47155 -1.42617 1.38201
-1.28039 1.88079 -5.86737 -3.2527
-0.917156 -0.57633 3.37523 -3.59816
-1.63548 -0.768317 1.26352 -1.42412
0.129774 1.05932 -1.20927 0.054293
0.001423 -1.97391 6.01723 3.10012
11.245 3.42221 -0.343087 10.4057
0.484164 0.971803 -1.42496 0.503116
-0.467011 -1.12015 1.89335 -0.74114
-0.056325 -1.23853 1.6167 -0.242915
-15.5579 -11.3221 14.3803 -20.6519
7.49561 1.42681 -1.13065 7.00998
-1.53833 0.178993 -0.10967 -1.53602
-0.821009 1.20965 -1.20965 -0.821009
0.775353 0.731209 -0.731209 0.775353
-3.62624 2.96121 -3.74191 -3.12176
0.85118 0.797564 -1.00521 1.57419
0.12212 1.38888 -1.70144 1.33915
-0.981717 1.86466 -1.52605 -1.18724
-0.913272 -2.5409 2.26588 -0.549301
-0.457958 -1.12958 1.2783 -0.29373
1.02761 -0.29476 0.321236 1.78561
1.74955 -1.28035 0.906059 1.96885
-0.491079 -1.90204 1.2912 -0.2303
0.012871 -1.37283 3.49663 2.09592
-0.579612 1.04334 -0.918149 -0.713228
-1.40145 -0.100769 2.44449 -3.74294
2.87483 -0.98238 1.55196 3.16985
2.12655 2.32457 -2.10987 0.989653
-0.791997 1.23832 -1.83023 -0.371047
0.002727 -1.2841 2.58003 1.25825
1.03751 -0.765371 1.26031 1.3993
-31.7341 -21.2403 29.4703 -34.4546
-0.05845 2.18535 -2.90777 0.439211
-0.101687 -1.09098 1.36464 -0.353397
0.50615 -1.25277 1.87864 1.10278
0.838343 0.793879 -2.40101 3.27495
0.702209 1.06302 -1.00485 0.471397
1.33585 -0.630899 0.192478 1.49304
0.56721 -1.05366 2.9974 2.26082
0.741713 -1.26731 1.12758 0.826816
-1.99751 0.291969 -1.4823 -3.35777
0.38025 1.07824 -2.09797 0.502209
0.680089 1.48938 -1.82127 0.700676
5.56843 65.3005 -69.7896 13.0147
157.089 -23.1363 -12.732 285.089
-0.073188 1.05662 -1.97958 -0.292923
-2.48421 1.69504 -1.60864 -5.0105
0.261737 -1.11343 1.20031 0.062863
-1.84636 -0.368778 1.58087 -2.3093
1.40733 -29.2475 22.9784 3.27037
-0.517704 -6.14113 3.36132 0.157154
0.135645 -1.10955 2.56266 0.682724
-0.451493 -17.6675 20.758 2.74858
1.59211 2.3879 -4.63455 1.3907
1.07409 0.08961 0.112401 1.9016
-22.563 -10.2526 22.6229 -27.8071
-1.89083 0.385121 -0.177322 -1.49009
0.627715 0.978161 -1.9502 2.13549
-0.171855 -1.78229 3.63417 1.5298
-0.959677 -0.903009 1.35023 -0.888586
1.82772 -0.68633 0.662554 1.49604
0.563193 -0.919857 0.919857 0.563193
0.392376 -3.13508 2.83009 0.447015
-0.03993 -1.32196 1.09483 0.009326
-0.520986 -10.703 12.4604 -1.02895
1.32545 -3.23535 5.02074 2.66382
-0.833965 2.18847 -5.12914 -2.82704
-6.25239 1.52029 0.04572 -4.22823
-1.6867 -0.216058 -1.74959 -2.2361
-1.10779 -0.077082 -0.020363 -1.93201
0.172366 -1.87566 1.14766 0.444129
4.37375 -0.27815 -0.137132 4.66453
0.741119 1.49889 -1.25007 0.781508
0.863537 -0.869282 0.788796 1.33894
