2757
87.864433 278.750153
88.261208 286.344727
97.964523 330.281342
107.467583 324.323456
109.282295 343.538666
110.421776 321.556580
110.754417 325.195068
113.640297 320.199951
114.166931 360.841919
122.723618 367.121155
127.195335 334.019257
131.164734 328.457153
156.149002 298.092651
156.584015 270.238953
162.689194 417.126038
183.134399 443.403137
186.704941 239.941925
190.834869 214.915680
191.643417 326.590332
195.492126 309.163727
198.231140 420.399475
200.759109 410.667175
202.397446 209.705322
204.188843 416.945435
209.812408 427.118866
218.754807 376.201111
222.243118 277.324127
229.227463 293.681763
229.277573 359.727905
234.198669 505.843414
235.739304 428.655396
241.681152 510.280121
244.081360 263.870575
243.893707 496.665222
254.863068 475.381805
255.213684 491.414490
256.091919 493.327118
259.091980 527.278015
260.537781 229.521683
276.632507 543.718445
277.919830 432.336090
278.305176 313.130371
278.683563 555.256470
279.154907 494.638916
281.947327 399.467957
283.846069 400.083801
283.822021 542.910278
285.823883 397.931854
288.188293 449.314880
289.355743 568.340027
290.771729 459.309540
291.686462 566.565796
292.390961 581.913757
294.560577 563.978699
295.350281 530.799561
299.260529 409.668854
302.100006 410.228851
301.790314 419.931091
303.163666 321.310791
303.770386 324.182556
304.602478 419.841156
305.465881 528.282166
306.569672 212.688126
307.234955 556.510620
309.245056 546.400330
310.770966 406.892853
312.172302 552.134644
318.064636 157.060059
318.801178 144.610641
322.310211 143.923920
323.571777 374.329987
323.849823 141.726440
325.710327 327.704285
325.791046 177.847916
329.232300 488.150787
331.121063 324.834595
331.129883 555.130798
331.692566 572.872192
333.619263 323.335297
335.042236 587.448364
339.194275 525.359924
340.716675 355.733826
341.382843 358.428436
350.679199 541.965637
351.155121 537.196655
351.323212 277.848419
352.737640 564.817627
356.545715 559.122620
357.848724 325.406342
360.787903 180.663574
369.690277 195.432541
372.121368 557.182922
374.742126 557.824646
375.340363 202.744461
376.912018 306.296631
379.483063 307.147400
380.597504 335.198761
381.915588 386.799744
386.334473 442.093842
388.194580 311.107910
390.365997 525.866577
393.062286 438.851929
394.736664 417.754700
396.897186 350.276276
396.760254 532.721985
397.698181 432.230499
398.290283 453.309082
398.689728 552.639648
402.254120 424.156494
402.262512 521.189209
403.310669 556.433777
404.858124 476.564758
411.465271 336.312317
411.425842 338.710968
414.108276 334.360474
415.282623 439.817291
419.075378 440.779388
423.329651 418.704041
428.752686 354.254608
434.623596 264.825256
435.205231 347.757202
437.629730 262.089630
441.458313 321.518066
442.402008 553.595581
443.758087 264.795105
443.993195 321.359039
443.769928 381.169891
445.568329 451.195007
447.165833 260.773376
449.654541 483.123871
454.283600 268.731506
454.711639 454.698669
456.939819 455.766083
459.937561 295.287659
460.379547 291.346741
460.426331 458.038666
464.627930 476.187164
465.151062 491.677673
466.628906 382.096252
474.781982 409.177795
481.395050 372.835114
481.610138 452.827728
482.205750 405.581970
482.693237 362.359833
483.147430 350.128143
483.579803 493.234741
483.836853 316.430573
486.250702 389.566406
490.691589 389.641724
495.757935 370.751434
496.200195 341.115295
496.305817 361.717651
496.365417 415.704407
498.677521 327.846863
507.392059 339.695526
510.797699 359.724640
515.245911 462.139954
516.656921 348.281097
518.427429 462.832947
519.934204 453.744476
521.273010 444.628998
531.353088 446.098419
532.725952 402.620636
540.236145 379.649994
544.358398 389.584656
554.596558 390.852936
724.747864 375.726227
727.641418 531.877991
727.832092 526.666687
729.364929 508.944061
738.672913 504.994171
740.620361 500.173615
740.371216 527.685120
748.955872 484.919403
750.843506 533.636902
754.842224 445.369659
760.963806 461.943329
764.968140 512.961426
775.858459 497.347656
775.948669 615.812561
777.323792 420.609070
780.698975 424.096405
786.197876 341.393433
788.341492 448.237396
789.772705 482.281860
789.776550 591.863770
791.491882 482.096954
791.676025 493.607025
792.432678 345.665649
792.263123 585.020508
793.444397 480.411224
793.472900 482.145020
795.190002 453.177368
795.739075 476.290436
795.657166 480.383850
795.744812 643.576904
796.143066 481.955872
798.079773 480.172852
798.124268 567.098999
797.912109 673.666992
799.764404 630.061768
802.115723 469.222076
804.253235 335.360931
807.604675 338.866730
807.820374 354.373932
809.457825 336.814178
809.765564 347.627411
809.715027 483.112457
812.392090 491.775116
814.484680 355.107941
815.894165 385.206970
817.967957 357.625854
818.162476 383.006897
818.070740 412.857117
819.761292 408.653473
820.761047 411.448761
822.669067 353.097687
823.744080 407.787231
823.336853 411.317688
823.404053 413.477661
824.715454 364.599823
825.713806 336.883392
825.869019 408.410095
826.796448 486.260345
827.312805 365.601532
827.740784 409.386047
829.627625 538.846619
830.410950 337.334869
833.601379 422.861359
833.608887 424.606171
833.630371 695.333740
833.886353 417.730835
833.762146 420.526245
839.749207 439.907898
839.821594 444.763550
840.800781 482.272308
844.879395 377.881348
850.761780 337.232208
850.803406 339.021118
853.267090 339.148010
857.235352 379.084961
858.859680 353.749573
860.405212 410.365540
861.171448 481.855408
861.450073 408.447998
861.372803 529.952209
861.786621 385.916901
862.607239 356.435028
863.544373 408.615906
863.868469 412.805756
865.440063 409.664246
870.792419 532.622375
885.065796 377.652649
885.669373 393.139526
885.271729 421.820831
885.932556 357.918121
885.816589 430.098541
886.294006 362.560303
886.330078 450.386017
887.212952 342.198151
886.818420 383.936920
891.372253 421.135834
896.756714 357.832977
897.063843 396.667755
899.107971 396.196564
898.753845 441.342163
900.370605 573.202515
903.147583 393.944794
904.136475 385.205353
904.205566 387.227234
904.214966 486.365723
905.831787 359.275360
906.752075 348.633850
907.710938 359.615448
908.279419 357.771454
907.991577 481.696686
908.735413 474.883331
909.884949 380.107117
911.138428 421.325989
912.778198 414.198669
915.301208 387.956818
917.382080 387.998413
917.693054 391.349091
918.387390 345.159027
919.100098 388.223053
919.707214 393.104828
919.626892 492.310211
920.295349 376.667816
921.722473 374.243683
921.716675 358.765869
921.793579 369.164612
922.005066 376.634949
924.457520 396.330688
924.430298 413.844543
926.232605 371.854706
925.993774 376.700226
927.575562 444.362396
928.901367 501.853302
931.237671 629.659302
933.709229 508.163452
933.819763 398.763306
934.059875 510.185669
934.617615 511.854980
934.969482 396.138458
935.677795 359.136627
935.606873 374.193390
937.309998 630.085266
939.295837 371.756714
940.263794 406.208588
939.853577 448.138000
943.059814 629.352905
945.830078 516.837097
947.136780 406.686157
948.891907 501.831787
949.072266 551.638733
951.180359 402.390045
952.757324 436.709290
954.705200 436.776123
954.640137 438.743347
954.665222 442.740387
954.688843 574.384583
956.348999 441.110046
957.182861 434.906799
956.836914 438.726349
957.579651 597.658447
957.765259 479.214691
958.332642 451.387299
958.299866 705.646667
960.095459 459.183014
961.117310 640.223633
961.333740 644.898743
962.173096 406.474487
963.760925 459.248352
967.195801 435.076263
967.314270 363.111328
968.651245 384.325409
971.700684 472.428406
977.768188 548.168579
978.660400 418.687592
980.376221 375.602386
980.876831 428.313446
982.095093 430.651978
982.467896 452.178802
983.786865 361.715118
985.281921 419.463074
986.543701 491.800903
987.283386 397.193726
993.687195 496.109467
994.281982 531.837830
994.811401 352.294586
995.669617 407.112732
1004.825317 367.564972
1010.375305 405.162903
1010.763123 478.187439
1016.270447 478.285278
1016.846619 497.732147
1017.100464 502.171173
1018.327332 499.858368
1019.314270 363.580200
1019.689575 370.772949
1024.262207 374.677063
1025.686890 457.112396
1026.617554 417.326172
1041.357910 359.840454
1043.455688 452.756500
1044.027710 404.322357
1045.849365 466.711182
1053.881714 357.444031
1097.662231 385.789368
1104.134399 447.709839
1112.202637 362.234741
1118.340088 389.880951
1149.232422 277.220123
1157.488281 631.736938
1159.135498 631.735840
1159.689331 616.473328
1161.143066 392.308197
1161.568237 645.897644
1161.886719 624.784485
1163.118774 648.229126
1163.712646 649.909424
1163.851196 629.317627
1164.562744 617.444275
1166.070435 625.781982
1166.282593 617.710815
1167.113525 637.758606
1168.137695 618.325928
1168.681763 648.981445
1168.757690 646.540894
1170.153564 657.882935
1171.147217 630.348694
1171.227417 632.433838
1171.315674 608.323608
1172.075928 601.352234
1171.869019 634.065308
1172.375366 607.628296
1173.370728 626.810608
1173.672485 637.602478
1174.359253 623.549316
1174.725708 628.787476
1174.753540 618.993958
1175.354248 617.235352
1175.547485 624.349915
1176.018921 623.649109
1175.871338 629.620972
1176.436523 619.275696
1177.098511 624.719360
1176.854248 626.803284
1176.986328 636.636780
1177.582275 629.877319
1177.386597 631.168518
1177.468018 633.778809
1177.643555 641.365845
1177.823364 598.299622
1178.612183 613.648987
1179.556763 627.879578
1179.296997 630.229431
1179.305176 634.074707
1180.069458 639.856567
1179.863525 641.218262
1180.275269 624.366516
1180.285767 644.346802
1181.304199 632.661011
1180.834473 638.864014
1182.092041 635.422424
1182.029297 637.225586
1182.390137 618.897400
1182.282715 620.752930
1183.279297 612.773376
1182.965576 641.767029
1183.231934 644.251831
1183.570923 627.845520
1183.542480 630.160034
1183.437622 639.889099
1183.804565 596.363953
1183.917603 616.621155
1184.090576 618.807373
1183.966919 620.604675
1183.787476 634.668640
1183.732422 637.330627
1185.071777 635.249268
1185.115112 646.876465
1185.105957 649.089783
1185.510620 596.135681
1185.341309 621.168213
1185.318726 627.903870
1185.855713 664.067261
1186.726807 652.009705
1186.609985 653.881042
1186.737915 660.597168
1187.692261 623.986206
1187.338257 637.969666
1187.616943 662.730408
1187.327271 731.407410
1187.864624 602.419250
1187.884033 664.394714
1189.105225 626.143677
1190.804688 601.758240
1191.119873 603.349487
1191.055542 657.064636
1192.292969 657.608093
1193.728027 657.903015
1193.698486 668.621216
1193.737305 595.677490
1194.284302 665.895508
1194.512573 670.601318
1195.118774 608.303894
1195.678467 595.709167
1196.190186 620.667725
1196.157104 640.738342
1196.231323 650.363403
1196.704102 677.638245
1196.922852 608.361389
1197.277100 629.634033
1197.020142 671.765198
1198.223755 618.690002
1198.638672 650.815369
1198.464722 652.194458
1198.344116 660.246094
1198.645874 671.791870
1198.709473 673.747498
1198.778931 619.936890
1198.827515 628.165283
1199.567261 619.095459
1200.140991 658.836731
1200.692993 608.749756
1201.220947 620.329712
1201.811523 658.829651
1202.688721 596.620300
1202.592163 608.862122
1202.839233 671.871338
1203.197510 674.230164
1204.170776 732.877136
1204.528442 671.658508
1205.364868 595.799194
1205.532104 658.290161
1206.204102 669.867676
1206.617676 656.127380
1206.267700 660.406250
1206.311523 671.679443
1207.320068 597.869385
1207.797852 672.401123
1209.167969 627.321167
1209.154663 630.989197
1208.789795 649.601624
1208.840942 654.778931
1209.182617 656.623047
1209.151489 662.734253
1209.745728 612.737915
1209.250000 618.813354
1209.260254 624.467285
1209.267700 629.171875
1209.555176 669.334534
1209.799438 614.629150
1210.124268 659.705261
1209.809937 664.772339
1210.215576 635.669922
1210.683472 651.550293
1210.642700 671.880737
1211.117310 639.150696
1211.224854 664.255066
1211.158691 673.767151
1211.438110 613.604492
1211.384277 617.705261
1211.409058 619.232971
1211.299805 631.776917
1211.400269 646.895203
1212.022705 606.826233
1211.835938 615.786743
1212.757690 625.359253
1212.762329 644.370850
1212.639038 652.621216
1212.540894 671.559570
1213.103149 605.144104
1213.093750 620.783081
1212.917114 622.860352
1213.119263 634.847534
1212.753418 639.336914
1213.559692 629.831726
1213.558960 646.344177
1213.337158 668.849365
1214.044067 628.678406
1214.287354 641.789307
1214.170288 663.100220
1214.720703 625.373718
1214.283691 627.270264
1214.610107 639.228943
1214.944824 620.658813
1215.050293 670.296814
1214.880615 672.802734
1215.588623 601.184448
1215.294067 665.564941
1216.133423 668.393188
1216.421509 644.841614
1216.413208 646.637024
1217.170166 617.636902
1217.080322 620.647644
1216.714722 625.743347
1217.665161 623.369934
1218.268555 605.204041
1218.053833 629.804077
1218.133423 669.791138
1218.286255 627.673157
1218.662598 639.666077
1218.582520 642.374023
1218.694580 647.177124
1219.584351 632.533875
1219.382080 635.674744
1219.535889 669.456726
1219.825806 630.927307
1219.919800 670.836365
1220.626465 629.726685
1221.070068 668.857727
1221.375000 630.909180
1222.208618 635.208862
1222.804688 625.647827
1223.596680 635.724243
1223.753418 667.309509
1223.788452 669.095825
1224.344971 615.184814
1224.793579 642.220581
1224.911865 663.127502
1226.131104 608.865356
1226.588379 661.708069
1227.191528 650.133789
1227.339966 623.874695
1227.897949 625.434570
1228.355103 627.051514
1229.771606 650.369812
1230.732300 613.883667
1232.138916 649.681702
1233.642944 647.773071
1234.878662 619.686768
1235.174927 635.571655
1236.086182 654.450195
1236.374023 649.744629
1237.731323 625.149170
1237.687378 646.581116
1238.100830 651.260437
1238.633179 629.466492
1238.232178 632.244751
1239.830566 641.926758
1240.349365 635.387146
1240.315918 638.400757
1240.739258 636.838135
78.112839 321.334259
94.019157 307.194641
98.365143 325.896515
99.815147 297.857666
101.550117 331.409149
104.047699 323.281433
105.750107 293.572296
105.383873 325.127502
107.558846 319.777222
114.801376 316.811920
114.961533 339.847809
115.120743 343.931854
118.293510 322.407928
120.744370 312.625580
122.104996 316.704620
121.785194 334.327148
123.533096 338.003052
124.803146 319.273804
128.851105 334.003540
137.885956 295.559052
139.577637 382.297394
146.298798 344.298584
146.885925 238.611740
150.625336 348.399658
151.357574 402.388336
152.455780 351.621368
156.354294 366.266785
165.507309 264.817230
176.260162 275.949036
176.681168 234.905792
179.448593 239.361572
180.338181 288.630676
185.361313 237.713211
185.797836 217.925690
189.189072 217.683838
189.352386 446.626892
194.754501 414.513977
201.912628 414.409607
205.679047 434.151642
206.645660 431.004578
208.867325 436.111908
209.946060 252.422897
211.193253 435.751373
212.362732 427.477661
226.725159 393.454437
231.630051 391.811157
235.599228 384.332428
238.485443 249.677780
238.992844 506.955750
242.266174 514.930908
242.860748 262.591187
243.442398 517.413513
245.455490 516.747437
247.251984 181.387741
248.828217 198.808441
250.942642 508.150360
254.404175 491.296173
256.326599 226.431198
256.627716 232.769684
256.308594 258.525879
257.898254 495.743347
258.620880 387.388428
260.075531 233.203659
261.063599 281.970154
266.590149 507.323730
270.839172 392.777649
271.725555 551.952148
274.423401 554.230774
275.176056 415.823242
276.788910 551.516602
277.174866 562.904846
277.666443 312.047058
277.868103 235.616608
278.960419 232.452759
281.628876 232.964355
286.295044 452.053070
287.000671 395.780121
288.246429 425.585358
288.886169 225.901428
288.790924 534.401123
289.148712 574.788086
289.219482 565.742554
291.127991 573.650391
291.425049 462.432281
292.928741 154.964172
293.583038 321.467590
295.682556 429.082886
295.400848 585.210022
296.052948 533.631958
298.246033 412.386414
298.659027 462.759216
301.419922 413.982300
301.956207 557.917542
304.257172 551.233521
304.454193 572.429565
307.342926 543.597412
308.971130 560.220337
308.810486 608.449646
309.468811 145.611115
310.175598 557.311157
310.682281 549.469666
314.795410 613.955383
316.491577 558.013306
317.401306 583.752319
318.322235 157.365646
322.090210 186.361160
322.393585 326.317505
322.816162 180.638077
324.191132 196.375763
324.793427 142.457840
325.946259 587.583923
328.253937 326.247009
333.700043 554.722473
335.611237 587.393433
341.604584 315.445831
343.047394 542.877136
343.730957 607.563843
344.854492 579.116760
345.345612 523.867737
349.626923 571.426636
351.808167 180.089279
354.060669 174.044098
353.912811 296.765411
354.516144 567.941101
355.118988 292.830597
355.549988 536.615051
355.637756 560.920349
358.769165 157.803421
359.584747 164.100586
360.133575 474.539642
363.069458 275.439545
363.617981 220.515015
364.475220 205.627625
364.512726 331.166504
367.139954 228.726456
373.547150 518.130554
376.670502 382.975555
378.013123 528.062561
379.208923 545.455383
379.331543 532.631775
380.263092 446.751801
386.480011 217.909515
388.153931 386.758453
389.111420 430.432739
389.032532 441.851501
390.531952 533.984131
391.604370 544.194824
394.091400 534.131042
395.532104 228.916504
396.028961 399.687988
396.929474 437.310791
398.473389 418.393005
400.168671 407.473175
405.489044 239.368515
413.868317 337.265320
415.054077 253.512909
417.060059 549.755127
419.967499 332.236603
419.939087 422.186035
420.224426 480.386627
436.363647 534.634583
438.837921 322.009125
439.958588 261.287903
440.595367 477.218323
443.239258 261.811981
445.593445 431.823975
446.871918 257.604034
448.855804 276.018890
449.465576 262.892487
453.070404 280.825989
454.784515 348.560547
456.450317 438.925262
457.323517 453.001984
458.933533 462.018860
461.354858 461.288910
463.108734 295.036865
464.593109 487.164093
468.105591 480.082886
468.154968 486.067413
470.084015 482.519714
477.108276 456.292542
478.378479 334.942413
478.564484 452.250916
479.837006 365.414459
481.999176 337.069763
482.345459 407.899384
483.151001 338.878113
484.427460 335.251495
486.029053 333.211121
486.806000 364.518463
487.611603 317.654327
490.251038 486.038727
497.753479 365.327362
498.204193 368.948059
498.027771 372.384399
500.701721 418.981262
508.821198 348.807343
510.099335 422.299011
510.988647 356.305328
519.877991 418.585602
522.896179 398.717438
524.453735 421.098480
534.391541 370.630981
541.290588 394.107513
544.711487 393.461853
555.165833 427.929810
572.346619 432.294006
577.112183 434.613403
693.246826 601.907043
697.944092 600.732605
702.559021 593.935669
705.792542 596.344849
708.126587 643.535889
727.033875 647.267639
733.208191 332.757538
733.205200 512.192749
736.858948 494.949493
738.890320 494.305420
739.933228 613.296204
740.860779 503.241913
742.467468 525.740723
744.785034 468.235535
749.093994 485.048615
749.643921 339.862457
749.597778 531.621643
749.876526 461.452301
752.799805 448.354340
754.855713 443.695557
755.288635 486.881592
763.134888 510.308105
765.113708 542.693909
765.282959 510.942383
767.051514 506.590668
772.094849 478.789764
775.839478 615.803223
781.170776 526.473450
789.057861 361.078369
788.886658 572.164307
789.817383 615.261841
792.546082 569.148193
793.658936 432.289063
793.606812 469.013824
794.715149 340.363983
794.957397 334.217651
795.203064 343.702911
796.737732 469.222992
799.000549 482.227966
800.629822 477.531036
801.655701 472.215668
802.475159 480.715759
802.609802 494.250366
806.202637 641.635498
806.352661 362.086212
810.538452 352.789032
812.506714 459.080261
814.143677 357.908630
817.235474 357.720276
818.809448 381.289917
820.668945 355.287628
821.026794 358.436188
822.981445 385.105408
823.234497 410.477966
824.425293 380.153595
839.335144 453.935516
855.938599 353.403534
859.225708 407.543823
860.579224 382.954559
865.286072 382.973663
866.604065 413.719025
869.544983 544.435730
884.149536 413.120941
884.828491 352.596832
885.514648 401.404663
885.653076 418.702759
886.055481 374.446960
885.930664 389.065704
885.836609 410.203857
886.397156 371.644409
886.383606 380.534851
889.174561 347.722229
890.147156 357.566193
891.197144 350.080994
891.134888 366.264740
890.850403 386.923126
891.521606 395.517517
891.502930 413.793732
891.657654 423.625397
892.478333 535.195190
894.176208 393.063080
893.919800 420.933807
894.774719 379.433746
896.664429 366.577576
898.776672 414.111542
900.000183 482.044434
901.076416 456.124634
901.412170 412.378326
902.024536 386.923157
902.261902 463.434235
906.073730 351.506012
905.861938 357.401764
905.982605 414.757263
906.900208 383.298309
907.307556 363.595306
907.622375 370.512756
907.605774 380.413635
908.560242 354.887543
910.583679 421.214996
911.255493 367.570984
911.930908 357.354950
912.091675 361.642212
912.067322 371.480255
912.058838 382.239807
915.655945 391.192322
915.322571 421.038696
917.431580 385.756470
918.350891 391.351715
918.425903 393.539154
918.382935 398.015594
919.017822 403.211548
920.687622 366.060425
920.451599 371.652466
920.598450 382.659119
921.545105 396.100128
922.030151 400.904510
922.120056 413.568176
922.440674 379.748199
924.084229 391.846832
924.149780 393.662567
925.330566 382.632904
926.460693 366.434631
926.663391 398.958099
928.740784 497.234894
932.848572 401.533569
933.550049 361.604675
934.707581 392.866852
936.236816 429.487183
935.993164 435.419586
936.842712 356.439209
936.837769 432.054688
936.786194 522.461365
937.113708 531.341248
937.275330 526.887634
938.106140 474.873383
939.213501 470.773315
939.757690 483.063232
941.488892 548.544495
943.656433 351.483612
946.714966 629.198486
948.595154 517.549683
952.066650 348.619751
953.405029 640.444214
954.829712 434.324768
960.199219 428.809448
960.547852 424.176514
961.195007 414.944916
960.869324 705.776123
961.630981 410.628815
961.696594 463.353424
961.873474 703.492126
962.504211 405.700836
962.385193 437.734253
963.101135 386.946869
963.202637 443.952850
963.453125 602.921753
964.436401 437.840973
964.517029 545.507385
965.158447 621.185120
966.093262 627.942261
966.475708 441.164459
966.401978 621.255920
969.649231 402.098572
970.685181 405.451080
971.497864 398.557709
974.547241 474.447571
974.280640 518.901367
975.903931 459.916443
978.477844 430.130249
979.130798 460.180267
979.514954 355.089569
980.004822 412.253326
981.618530 496.266907
982.104980 371.127808
981.967041 415.425781
985.372803 417.175171
986.045898 422.930023
988.777222 355.312042
988.930542 387.337433
989.621033 420.088867
989.848755 508.936249
990.000977 528.919617
990.258240 351.882385
990.875000 390.909393
992.405884 426.161652
992.712952 462.974182
994.092773 418.962036
993.926819 534.590149
994.519104 529.011963
994.794128 416.021149
995.379517 534.776611
995.746704 397.401825
996.156006 402.307556
997.823669 463.781982
1002.868042 352.930450
1005.641785 465.237823
1007.088013 405.036041
1008.705627 415.060516
1009.303833 488.416382
1010.200928 397.803192
1011.636230 424.641449
1012.148987 450.045532
1012.656555 443.141815
1013.077271 518.371643
1014.109802 354.266388
1020.274780 354.739716
1020.219055 374.713043
1020.152283 383.879089
1022.855469 399.203430
1026.167358 423.663025
1029.157471 385.366974
1033.655151 481.064240
1034.549316 473.295319
1041.566528 357.332581
1044.600220 412.150635
1048.615723 371.648407
1050.846313 357.583923
1055.009766 401.810608
1055.450562 395.389404
1063.124512 358.489807
1075.638428 384.473816
1095.148071 472.561066
1110.725464 389.695251
1111.075562 368.486389
1112.937378 377.234802
1160.548584 614.708008
1161.930908 627.383484
1163.156250 390.280090
1166.519409 380.485565
1169.159912 637.206848
1170.289673 648.207092
1175.207397 626.591797
1175.302002 639.136597
1177.486206 639.435547
1178.492676 644.458374
1179.784424 615.581665
1182.477539 646.865112
1182.615845 663.847046
1183.225342 632.638123
1183.666748 614.560791
1184.378784 656.380432
1185.010742 625.376892
1185.105103 630.372498
1189.434814 653.326599
1189.541138 658.884277
1191.429565 661.554749
1194.212891 659.928406
1194.641602 673.244812
1196.636108 619.539917
1196.633911 627.018127
1196.344849 634.131714
1197.733521 632.706726
1197.996582 658.365417
1198.343140 669.357788
1198.899170 626.043640
1198.931763 648.012207
1201.675171 669.599792
1201.888428 633.583435
1202.516357 660.926392
1207.223755 674.721741
1209.006592 669.106873
1211.246704 634.369629
1211.390991 624.900757
1211.735229 629.454224
1211.370483 643.969971
1211.677368 649.116821
1212.002197 664.052124
1213.174805 618.665527
1213.185669 636.938293
1213.455200 631.928711
1213.473145 651.660400
1215.552979 649.451233
1216.649292 639.557678
1216.894653 637.811401
1217.878174 649.912842
1220.244629 625.103271
1222.810669 640.882446
1222.947510 661.767029
1225.642822 666.537476
1228.542847 663.697876
1228.771973 647.891968
1230.228516 661.957642
1233.457520 659.192566
1235.824219 650.048584
1237.323730 655.880432
1240.013550 644.689392
93.954544 285.207001
97.707901 324.609650
98.320183 330.374725
98.670158 297.857666
102.094200 318.603546
102.783905 331.582672
105.784180 292.720428
109.891098 344.217072
113.870239 316.558350
115.630402 320.030182
118.083015 323.385620
119.266762 336.809113
119.499428 285.257721
121.535309 312.232697
125.951569 319.347809
135.151077 342.234406
136.605103 295.643005
147.347687 343.740082
151.249222 354.357422
153.739059 351.983490
156.623688 367.458832
175.682220 274.995056
179.022766 238.538391
178.723129 432.838531
181.064484 288.893341
193.858231 414.394989
197.466431 421.890045
204.195114 436.009552
205.433029 417.110748
207.902908 433.876465
210.487320 436.819855
212.268860 431.731049
218.426376 375.227783
234.955750 503.948700
236.294006 384.973145
239.347916 250.243561
240.312897 467.896942
242.280991 513.844482
243.551956 263.896667
247.070663 516.457031
247.723587 182.365219
257.078949 258.081085
258.495087 388.319214
258.890503 492.080994
265.584747 507.269196
275.895874 553.311462
278.662506 231.094116
286.939301 453.177063
287.853882 394.744080
287.619690 534.285889
287.641357 565.856140
287.887207 571.721741
292.390350 573.992493
292.797394 320.742737
293.086090 541.183350
295.691223 564.135010
297.512054 537.930176
299.017426 321.809448
300.354126 535.802917
302.923279 551.371094
304.252136 323.100342
305.205078 418.684723
305.125977 555.102783
307.023346 542.471863
310.744629 554.073425
311.401764 559.022217
313.567932 552.896667
315.394958 613.986267
316.849609 556.880127
322.480530 244.231979
322.843719 176.734283
325.298004 144.075211
325.352325 588.114075
336.261292 597.260864
356.434448 177.498871
355.671753 559.670654
359.293121 165.434921
364.425629 195.856857
363.634918 330.065826
366.053406 228.844391
376.948883 381.643890
378.535217 374.019165
380.246552 445.715912
380.679901 308.175568
387.242432 311.531799
395.088745 533.918152
396.260834 523.695313
398.766693 434.219666
400.889648 408.300720
405.201660 477.547363
406.497803 238.507858
411.919525 334.829041
411.634369 339.939087
434.559265 260.079681
437.932343 262.297943
439.295898 258.836670
439.766907 265.445343
440.630219 397.763947
458.964752 458.342957
462.071777 462.321167
463.539520 487.578369
464.705139 314.848755
467.561493 485.429199
470.709717 482.282410
478.765594 333.773346
481.092773 361.307892
481.942719 492.780273
484.018066 339.700195
484.925079 334.345947
486.496704 389.829651
508.021240 348.371918
510.569916 421.188354
517.660461 454.185974
519.791382 419.298340
522.010254 450.681915
523.865601 421.357056
534.003601 371.481628
739.987244 493.058350
740.761902 476.764038
742.259216 504.115082
741.511353 584.102783
754.314758 447.400665
760.178467 464.313507
760.722534 460.467926
794.475281 432.135742
793.776611 482.716034
795.966675 339.851288
800.377014 472.913788
799.925171 476.569397
801.154907 469.251343
803.241577 480.705414
804.156433 473.452637
803.829712 477.183289
805.253845 340.511688
805.513306 458.888397
806.841736 355.337891
808.705017 347.412354
809.796265 458.700745
813.842285 356.615295
813.762939 458.748413
814.460449 487.388702
817.418945 356.489960
821.201477 356.536926
824.926941 337.794037
828.110657 410.484650
834.071960 426.443512
835.384827 485.879730
848.033997 481.239746
864.808411 409.846375
866.547729 412.928894
879.976807 342.872681
883.948547 385.714539
883.670654 404.790253
885.498718 353.422150
886.496582 372.855164
886.488403 390.698730
886.099976 399.655518
886.168518 417.525269
886.823853 347.969452
886.927002 359.686249
886.843201 377.501709
886.882690 381.597870
887.168274 433.750732
891.689819 386.481415
892.085388 396.180084
894.959473 357.906952
895.279480 391.743439
896.076782 362.300690
897.910889 414.336731
898.108948 444.578430
897.692566 448.258759
899.464417 455.939026
905.841309 376.712463
908.994568 381.305115
909.419861 420.567993
915.477966 467.169769
916.813293 384.373169
918.946106 391.577271
919.542358 410.008209
921.305359 366.019897
922.789734 413.907898
928.355225 392.614380
928.064514 405.086151
927.825317 421.009766
928.051331 501.122803
928.858459 380.536652
929.023438 439.822937
933.997131 439.399811
936.136475 426.733704
937.070862 366.415222
942.783447 352.502991
955.403748 434.304047
960.235352 431.361023
963.284363 437.667175
963.611633 350.389160
963.838989 385.906464
967.417969 485.453064
970.225037 406.398560
980.818665 356.257538
980.658691 396.993835
981.699768 416.511780
986.192932 397.926666
986.671265 419.157745
990.147827 418.921997
990.593262 422.289124
991.159119 528.889526
991.705322 427.055176
994.135010 463.218689
996.104492 415.158478
995.852905 473.036865
997.731201 525.167480
1011.328918 412.038696
1012.701233 394.212341
1018.619751 408.062897
1020.992188 413.800476
1025.283325 424.491241
1027.085083 419.031952
1034.670532 462.822937
1035.470947 473.616272
1049.600952 372.071014
1053.066040 363.517456
1164.777100 628.682251
1173.832275 609.182251
1181.699219 627.512146
1181.966187 632.605896
1181.805664 641.997131
1191.187256 601.697449
1197.840576 626.513733
1198.772095 647.317505
1199.750854 668.479126
1201.488037 596.260254
1201.037231 675.897644
1204.864258 654.604614
1207.263184 668.218750
1209.256714 656.063477
1209.330078 675.713013
1209.913330 613.344055
1214.739624 632.128296
1216.376831 670.365540
1219.274780 664.839417
1227.480957 664.834229
102.385986 294.758728
103.807632 331.900696
117.463051 314.164764
118.013908 324.349457
119.925644 318.077576
120.847450 327.722809
122.909233 321.686127
125.779022 332.517853
126.932487 319.471130
128.091522 335.956665
131.639999 333.390930
134.987152 337.019867
148.281479 349.499664
156.505203 368.924683
190.210129 218.443726
192.879318 414.024017
195.052307 418.798553
199.610291 415.916046
203.405548 430.387299
207.248566 434.121674
208.402603 428.673248
208.997757 208.103882
213.750290 435.484650
228.023071 394.262848
244.244064 497.881439
248.226074 516.303894
248.654694 250.477539
250.887024 490.160065
251.613998 501.433777
257.902924 229.505203
258.724121 500.749268
272.189270 550.003906
277.247314 506.077576
278.799652 311.300903
281.554749 394.084900
286.437500 397.396973
288.165802 462.610260
289.178345 538.187439
289.736084 210.707062
293.806763 534.963257
297.432068 538.951416
301.751770 551.648743
306.910034 560.003052
308.731934 548.782349
311.264221 557.742249
312.277466 546.567688
325.374756 196.257919
328.745697 324.278503
337.796600 588.248901
343.355011 606.122192
344.056335 524.884949
352.500458 540.324341
364.688934 276.213013
368.404633 335.404877
370.116577 199.125153
371.736206 206.052429
374.599945 336.519257
379.500275 330.907257
384.687256 217.017746
384.672607 325.480286
386.329865 225.150986
389.108704 419.135712
389.756195 442.891663
391.357574 435.685364
418.959106 420.353546
426.265442 250.302505
435.604706 353.511139
435.670746 536.447144
437.189148 483.508514
439.114838 257.446075
444.314209 269.998322
445.093689 256.528259
444.792816 550.032104
461.249542 295.762115
461.465454 410.244568
470.783264 490.545593
478.053040 494.457397
479.053772 332.222809
480.570557 493.103912
484.516083 366.263763
487.320496 389.153290
492.945801 361.245239
498.158813 374.041351
501.593658 369.062317
501.911011 420.681824
508.165833 359.033447
522.917664 421.135498
527.526428 453.288940
546.793030 390.613953
575.826660 434.130188
695.281189 596.686157
703.976501 595.412903
735.023132 332.520569
739.050903 499.577972
739.174316 613.717773
752.613342 486.324036
766.431946 437.725464
792.562988 335.425751
797.424744 456.929474
797.028748 482.512177
823.667114 382.659119
857.990540 350.765625
858.762390 355.827667
863.347229 383.106354
863.904541 356.723114
865.841797 411.697754
870.065125 545.222229
888.523926 447.549438
890.258789 531.428284
890.927368 344.982483
891.505676 357.867798
892.165222 366.608795
893.385071 352.089661
893.352600 425.453217
896.515320 386.523590
899.908691 479.831512
909.446533 357.163544
909.132080 366.692627
909.281860 377.380432
909.722473 361.623474
909.597595 371.566315
914.140015 367.044098
930.749146 463.909119
936.723572 523.427979
943.363525 349.163116
946.048157 628.508179
949.638916 349.777527
950.778076 515.637207
956.207886 434.980164
962.853821 459.068268
962.771606 562.225220
963.722351 395.911011
963.808289 405.998596
969.900879 396.574371
976.222473 352.296570
975.692200 397.045044
978.686340 562.547607
984.951843 500.506989
985.568787 352.586609
986.211243 418.051544
990.923096 387.097443
991.818054 414.845459
995.068604 421.769958
999.393005 468.229858
1015.672241 355.848907
1018.813660 441.937225
1025.415039 400.024750
1028.412476 424.304260
1036.337769 473.974823
1044.346558 469.207886
1048.579956 358.890228
1197.810913 619.599426
1197.845703 623.174744
1198.527710 635.023010
1204.786499 672.421692
93.302650 295.171753
101.369194 293.419952
111.087082 344.961731
117.101463 327.574554
128.298218 329.218658
180.927597 235.942093
189.533951 308.654785
205.468201 426.292297
209.911087 441.679535
216.605942 272.994873
240.374939 348.152802
247.132278 488.758667
249.535477 442.132751
257.074951 390.162811
259.152863 257.300476
260.895966 506.550323
278.674957 391.065704
284.337830 461.812042
290.075317 318.207794
291.798767 544.996033
292.660309 219.876831
293.363464 290.953857
297.503204 552.079163
298.488342 324.839630
305.160858 563.610474
306.548889 416.463226
318.563354 427.667419
318.259796 553.279968
320.214355 160.777512
321.152832 175.836456
326.200775 149.387833
327.071869 322.991760
341.239716 588.919006
357.595215 290.844452
369.484802 208.187088
368.501007 311.856903
376.731506 328.956970
378.967377 376.283936
381.622070 529.028748
386.854858 419.530670
392.426178 409.828339
409.102081 476.811005
411.692017 342.221802
417.617981 419.911957
454.838440 457.200867
454.762939 467.094025
461.497894 297.667999
461.595917 412.249847
479.208984 492.936035
504.566559 369.743561
519.535889 457.666473
548.654846 391.056519
574.551453 435.233063
751.322998 486.387146
751.458374 491.828552
756.381775 447.296326
757.886047 460.618713
758.682495 454.662018
790.405640 335.731689
794.851379 497.649200
796.518494 481.733063
822.781860 340.333191
822.126038 382.657104
823.177612 410.407745
836.089294 484.218872
858.127930 356.975800
861.340576 382.611664
864.172058 410.599670
887.836304 352.989563
889.213013 449.396240
893.402344 344.630707
895.689026 427.648499
906.994751 416.871765
908.985596 383.557983
941.692810 349.364014
951.523254 517.697510
957.175171 438.595764
964.976868 352.310852
967.314331 394.012146
967.367493 409.023712
971.530029 454.290710
973.812500 402.305786
975.502625 353.804871
975.584900 409.651245
974.988220 519.609741
983.410645 399.742310
984.307129 370.929230
992.719299 409.256104
993.360718 474.930328
994.097168 355.845459
999.080017 448.294037
1000.586060 387.116150
1016.224792 357.462158
1024.742432 367.877991
1027.683594 448.301392
1036.757202 463.456635
1050.764648 373.067688
109.535774 284.693024
128.941010 297.070892
128.741455 312.378021
170.092361 272.339874
192.561417 220.752090
197.261658 429.001160
204.319473 424.181976
210.585037 431.995392
224.514130 421.380127
231.794418 417.407318
239.977875 387.811066
245.160019 253.167877
260.379272 508.844940
266.836548 504.137756
273.591949 513.439270
281.320465 460.450348
281.935089 284.059723
283.091736 311.947113
291.392670 388.694519
292.125061 452.371857
292.305573 547.825195
299.806030 401.827271
299.435333 541.600647
313.268280 332.462067
316.019501 565.251343
319.414764 185.167419
319.049408 192.340912
329.478394 196.430801
328.312103 581.493103
334.039612 591.126465
348.629181 298.892334
360.678314 191.600571
361.840485 322.381409
365.448883 202.229858
366.644470 473.446136
372.304810 208.905151
381.178986 216.023026
383.298431 313.232025
404.171417 472.064575
410.789459 236.891235
440.875092 548.570435
458.151917 447.409912
484.661407 369.167114
502.955688 358.401276
510.543457 416.328583
521.044861 425.062836
531.194702 378.368103
705.488708 595.831909
738.390259 334.892914
890.150940 451.351624
949.696289 352.138489
978.789490 441.891083
998.389709 419.453827
1006.470337 375.233368
1012.528198 469.283539
1029.846436 388.143707
134.018188 312.593445
166.373413 273.324158
235.956284 486.075531
242.972229 505.138885
244.588501 256.780823
243.341232 444.286896
257.298889 517.120361
276.432770 516.625000
288.318573 311.606598
290.501648 551.945251
297.715393 384.077972
297.320007 451.855103
306.198364 404.144043
320.160614 596.851379
324.001953 318.598022
323.159576 547.115967
333.774048 194.346085
340.737946 604.145935
344.250214 560.404785
369.610382 579.083801
376.441254 214.403030
381.642151 377.730194
386.227875 528.275208
392.624084 561.711426
417.325867 476.748657
419.364899 387.611481
439.631104 328.209991
441.361267 462.308136
444.709106 265.444916
455.044189 321.073914
456.619507 474.741333
466.321716 308.488892
472.690186 341.941162
479.684937 321.851135
488.429718 376.949036
500.280243 355.453888
532.603943 383.006683
548.150513 395.048615
855.589539 347.852783
872.490845 349.451202
892.058472 454.957123
954.461975 518.355835
995.901855 360.885895
1038.507568 364.845398
1072.223389 367.909882
109.399712 304.645721
138.731506 311.870239
197.489212 224.649033
224.979492 422.038147
238.692032 413.118866
245.145187 265.338531
271.111237 380.394135
272.054047 453.857422
305.468811 355.370026
317.607483 210.200043
317.392090 270.381042
321.295074 315.827362
324.076080 543.121155
326.494385 571.408569
329.146484 366.228149
342.211182 291.794434
347.525574 331.602386
348.278778 365.348969
357.084839 310.543549
357.526367 567.025696
374.655426 318.347961
377.421204 430.741730
387.170868 563.372681
432.423096 547.022888
470.017029 312.334717
479.226105 421.509308
498.867950 352.655151
506.455933 406.552002
742.789307 341.001312
837.462524 348.669769
137.986588 274.486328
134.141464 362.787567
150.261871 313.920715
206.516815 314.628845
247.888840 406.206085
267.634735 370.368622
273.381531 445.697266
280.561768 527.634094
291.580322 487.597687
297.943909 168.871460
302.946350 366.340607
318.854553 402.123230
337.617584 338.625275
345.861145 183.968353
355.471069 380.763275
363.269562 432.977356
399.488861 457.243469
460.040771 387.550629
506.137939 399.766876
514.505859 443.541809
541.266663 392.351105
904.008545 399.969055
959.268250 368.539978
211.837082 227.977722
219.689667 412.920776
257.641876 412.594025
269.777069 338.482391
272.740082 431.529755
304.476196 166.357040
316.066925 304.422211
319.248871 230.775940
335.269928 572.967590
354.091095 433.036835
703.619934 658.701599
751.795776 354.092682
764.157532 664.290710
862.511902 361.654541
899.019165 679.737671
1054.650879 378.836121
1133.345215 387.247223
243.573685 219.065384
340.819153 578.048767
386.615326 377.131866
492.775726 451.322784
849.478394 374.311340
1121.973389 400.341003
305.268280 177.095032
732.964844 638.387329
765.723816 380.569580
902.744019 652.405396
264.034515 220.096649
753.110962 613.191101
790.052368 401.864716
303.389069 362.809967
861.028748 530.698059
589.077026 454.728363
110.421776 321.556580
260.537781 229.521683
281.947327 399.467957
305.465881 528.282166
350.679199 541.965637
814.484680 355.107941
817.967957 357.625854
820.761047 411.448761
863.544373 408.615906
863.544373 408.615906
885.932556 357.918121
907.991577 481.696686
915.301208 387.956818
917.382080 387.998413
957.182861 434.906799
962.173096 406.474487
1053.881714 357.444031
1157.488281 631.736938
1161.568237 645.897644
1163.118774 648.229126
1164.562744 617.444275
1168.681763 648.981445
1175.871338 629.620972
1177.468018 633.778809
1180.275269 624.366516
1180.834473 638.864014
1182.965576 641.767029
1186.726807 652.009705
1191.055542 657.064636
1198.223755 618.690002
1212.540894 671.559570
1219.584351 632.533875
1219.535889 669.456726
1236.086182 654.450195
1238.100830 651.260437
316.491577 558.013306
405.489044 239.368515
438.837921 322.009125
458.933533 462.018860
481.999176 337.069763
486.806000 364.518463
510.988647 356.305328
702.559021 593.935669
793.606812 469.013824
860.579224 382.954559
936.236816 429.487183
941.488892 548.544495
961.873474 703.492126
964.517029 545.507385
994.092773 418.962036
994.519104 529.011963
1063.124512 358.489807
1166.519409 380.485565
1198.899170 626.043640
310.744629 554.073425
982.148865 371.176819
208.402603 428.673248
835.654846 485.709808
855.589539 347.852783
87.864433 278.750153
88.261208 286.344727
97.964523 330.281342
97.964523 330.281342
107.467583 324.323456
110.421776 321.556580
113.640297 320.199951
127.195335 334.019257
183.134399 443.403137
186.704941 239.941925
218.754807 376.201111
244.081360 263.870575
254.863068 475.381805
278.305176 313.130371
278.683563 555.256470
279.154907 494.638916
292.390961 581.913757
294.560577 563.978699
303.163666 321.310791
306.569672 212.688126
318.801178 144.610641
322.310211 143.923920
325.791046 177.847916
329.232300 488.150787
335.042236 587.448364
339.194275 525.359924
339.194275 525.359924
350.679199 541.965637
351.155121 537.196655
356.545715 559.122620
369.690277 195.432541
375.340363 202.744461
380.597504 335.198761
390.365997 525.866577
394.736664 417.754700
398.689728 552.639648
402.254120 424.156494
402.262512 521.189209
404.858124 476.564758
435.205231 347.757202
443.758087 264.795105
443.758087 264.795105
460.379547 291.346741
460.426331 458.038666
464.627930 476.187164
465.151062 491.677673
466.628906 382.096252
466.628906 382.096252
481.610138 452.827728
482.693237 362.359833
486.250702 389.566406
496.305817 361.717651
510.797699 359.724640
532.725952 402.620636
544.358398 389.584656
727.641418 531.877991
740.371216 527.685120
740.371216 527.685120
748.955872 484.919403
750.843506 533.636902
760.963806 461.943329
775.858459 497.347656
775.858459 497.347656
777.323792 420.609070
786.197876 341.393433
788.341492 448.237396
789.772705 482.281860
789.776550 591.863770
791.491882 482.096954
793.444397 480.411224
793.472900 482.145020
795.739075 476.290436
795.657166 480.383850
795.744812 643.576904
796.143066 481.955872
798.079773 480.172852
798.079773 480.172852
798.124268 567.098999
809.715027 483.112457
823.336853 411.317688
823.336853 411.317688
824.715454 364.599823
824.715454 364.599823
827.740784 409.386047
833.601379 422.861359
840.800781 482.272308
844.879395 377.881348
858.859680 353.749573
861.171448 481.855408
861.450073 408.447998
861.372803 529.952209
863.544373 408.615906
863.544373 408.615906
865.440063 409.664246
897.063843 396.667755
897.063843 396.667755
899.107971 396.196564
898.753845 441.342163
903.147583 393.944794
904.136475 385.205353
905.831787 359.275360
907.710938 359.615448
921.722473 374.243683
921.722473 374.243683
921.716675 358.765869
921.793579 369.164612
921.793579 369.164612
922.005066 376.634949
922.005066 376.634949
924.457520 396.330688
924.430298 413.844543
926.232605 371.854706
926.232605 371.854706
925.993774 376.700226
925.993774 376.700226
927.575562 444.362396
931.237671 629.659302
934.969482 396.138458
935.606873 374.193390
937.309998 630.085266
943.059814 629.352905
947.136780 406.686157
948.891907 501.831787
949.072266 551.638733
951.180359 402.390045
954.688843 574.384583
958.332642 451.387299
961.333740 644.898743
963.760925 459.248352
963.760925 459.248352
967.314270 363.111328
971.700684 472.428406
978.660400 418.687592
980.876831 428.313446
980.876831 428.313446
986.543701 491.800903
986.543701 491.800903
1004.825317 367.564972
1010.375305 405.162903
1010.763123 478.187439
1016.270447 478.285278
1025.686890 457.112396
1026.617554 417.326172
1044.027710 404.322357
1044.027710 404.322357
1045.849365 466.711182
1149.232422 277.220123
1157.488281 631.736938
1161.568237 645.897644
1163.118774 648.229126
1166.070435 625.781982
1167.113525 637.758606
1167.113525 637.758606
1168.137695 618.325928
1168.757690 646.540894
1171.315674 608.323608
1172.375366 607.628296
1173.370728 626.810608
1173.672485 637.602478
1174.359253 623.549316
1174.725708 628.787476
1175.547485 624.349915
1176.018921 623.649109
1175.871338 629.620972
1176.436523 619.275696
1176.436523 619.275696
1177.098511 624.719360
1176.854248 626.803284
1176.986328 636.636780
1177.582275 629.877319
1177.386597 631.168518
1177.468018 633.778809
1177.643555 641.365845
1179.556763 627.879578
1179.296997 630.229431
1179.305176 634.074707
1180.069458 639.856567
1179.863525 641.218262
1180.275269 624.366516
1180.285767 644.346802
1181.304199 632.661011
1180.834473 638.864014
1182.092041 635.422424
1182.029297 637.225586
1182.390137 618.897400
1182.282715 620.752930
1183.279297 612.773376
1182.965576 641.767029
1183.231934 644.251831
1183.570923 627.845520
1183.542480 630.160034
1183.437622 639.889099
1184.090576 618.807373
1183.966919 620.604675
1183.787476 634.668640
1183.732422 637.330627
1185.071777 635.249268
1185.105957 649.089783
1185.341309 621.168213
1185.341309 621.168213
1185.318726 627.903870
1185.318726 627.903870
1186.726807 652.009705
1186.737915 660.597168
1186.737915 660.597168
1187.616943 662.730408
1187.864624 602.419250
1187.864624 602.419250
1190.804688 601.758240
1191.119873 603.349487
1191.119873 603.349487
1191.119873 603.349487
1191.055542 657.064636
1192.292969 657.608093
1193.728027 657.903015
1193.698486 668.621216
1194.284302 665.895508
1194.512573 670.601318
1195.118774 608.303894
1196.231323 650.363403
1196.231323 650.363403
1196.704102 677.638245
1196.922852 608.361389
1197.020142 671.765198
1198.223755 618.690002
1198.638672 650.815369
1198.638672 650.815369
1198.464722 652.194458
1198.464722 652.194458
1198.344116 660.246094
1198.645874 671.791870
1198.778931 619.936890
1198.778931 619.936890
1199.567261 619.095459
1200.140991 658.836731
1200.692993 608.749756
1201.220947 620.329712
1201.220947 620.329712
1201.220947 620.329712
1201.811523 658.829651
1202.688721 596.620300
1202.839233 671.871338
1204.170776 732.877136
1204.528442 671.658508
1205.532104 658.290161
1205.532104 658.290161
1206.267700 660.406250
1206.311523 671.679443
1207.320068 597.869385
1207.797852 672.401123
1209.745728 612.737915
1210.124268 659.705261
1210.215576 635.669922
1210.215576 635.669922
1210.642700 671.880737
1211.117310 639.150696
1211.117310 639.150696
1211.299805 631.776917
1211.299805 631.776917
1211.400269 646.895203
1212.022705 606.826233
1212.022705 606.826233
1211.835938 615.786743
1212.757690 625.359253
1212.762329 644.370850
1212.762329 644.370850
1212.639038 652.621216
1213.093750 620.783081
1212.917114 622.860352
1213.119263 634.847534
1212.753418 639.336914
1213.559692 629.831726
1213.559692 629.831726
1213.558960 646.344177
1214.044067 628.678406
1214.287354 641.789307
1214.287354 641.789307
1214.170288 663.100220
1214.170288 663.100220
1214.720703 625.373718
1214.610107 639.228943
1215.050293 670.296814
1216.133423 668.393188
1216.421509 644.841614
1218.268555 605.204041
1218.053833 629.804077
1218.662598 639.666077
1218.582520 642.374023
1219.584351 632.533875
1219.382080 635.674744
1219.825806 630.927307
1222.208618 635.208862
1223.596680 635.724243
1224.344971 615.184814
1224.793579 642.220581
1224.911865 663.127502
1226.131104 608.865356
1227.339966 623.874695
1229.771606 650.369812
1236.374023 649.744629
1237.687378 646.581116
1238.232178 632.244751
1240.349365 635.387146
94.019157 307.194641
98.365143 325.896515
99.815147 297.857666
105.750107 293.572296
105.383873 325.127502
107.558846 319.777222
107.558846 319.777222
114.801376 316.811920
118.293510 322.407928
123.533096 338.003052
128.851105 334.003540
176.260162 275.949036
176.681168 234.905792
180.338181 288.630676
185.361313 237.713211
189.352386 446.626892
208.867325 436.111908
209.946060 252.422897
226.725159 393.454437
231.630051 391.811157
242.266174 514.930908
242.860748 262.591187
243.442398 517.413513
261.063599 281.970154
274.423401 554.230774
277.174866 562.904846
277.666443 312.047058
277.868103 235.616608
286.295044 452.053070
287.000671 395.780121
287.000671 395.780121
288.246429 425.585358
288.886169 225.901428
288.790924 534.401123
289.148712 574.788086
289.148712 574.788086
291.425049 462.432281
293.583038 321.467590
298.659027 462.759216
301.956207 557.917542
304.454193 572.429565
308.971130 560.220337
310.175598 557.311157
310.682281 549.469666
314.795410 613.955383
322.816162 180.638077
324.191132 196.375763
328.253937 326.247009
335.611237 587.393433
345.345612 523.867737
345.345612 523.867737
353.912811 296.765411
355.118988 292.830597
355.549988 536.615051
358.769165 157.803421
359.584747 164.100586
360.133575 474.539642
363.617981 220.515015
364.512726 331.166504
373.547150 518.130554
378.013123 528.062561
379.331543 532.631775
386.480011 217.909515
388.153931 386.758453
389.111420 430.432739
394.091400 534.131042
395.532104 228.916504
400.168671 407.473175
405.489044 239.368515
419.939087 422.186035
436.363647 534.634583
440.595367 477.218323
443.239258 261.811981
468.154968 486.067413
470.084015 482.519714
478.564484 452.250916
481.999176 337.069763
484.427460 335.251495
486.029053 333.211121
498.204193 368.948059
508.821198 348.807343
510.099335 422.299011
534.391541 370.630981
541.290588 394.107513
555.165833 427.929810
697.944092 600.732605
727.033875 647.267639
727.033875 647.267639
733.208191 332.757538
733.205200 512.192749
739.933228 613.296204
742.467468 525.740723
744.785034 468.235535
749.643921 339.862457
749.643921 339.862457
749.597778 531.621643
765.113708 542.693909
789.057861 361.078369
792.546082 569.148193
796.737732 469.222992
799.000549 482.227966
800.629822 477.531036
800.629822 477.531036
801.655701 472.215668
801.655701 472.215668
802.475159 480.715759
802.475159 480.715759
806.202637 641.635498
812.506714 459.080261
812.506714 459.080261
817.235474 357.720276
818.809448 381.289917
821.026794 358.436188
822.981445 385.105408
823.234497 410.477966
824.425293 380.153595
859.225708 407.543823
860.579224 382.954559
865.286072 382.973663
866.604065 413.719025
869.544983 544.435730
890.147156 357.566193
891.134888 366.264740
890.850403 386.923126
891.521606 395.517517
891.502930 413.793732
891.502930 413.793732
892.478333 535.195190
894.176208 393.063080
896.664429 366.577576
898.776672 414.111542
901.412170 412.378326
906.900208 383.298309
907.307556 363.595306
907.307556 363.595306
907.622375 370.512756
911.255493 367.570984
911.255493 367.570984
911.930908 357.354950
912.091675 361.642212
912.091675 361.642212
912.067322 371.480255
912.067322 371.480255
912.058838 382.239807
917.431580 385.756470
919.017822 403.211548
920.598450 382.659119
921.545105 396.100128
921.545105 396.100128
922.030151 400.904510
922.030151 400.904510
922.440674 379.748199
926.460693 366.434631
926.663391 398.958099
926.663391 398.958099
933.550049 361.604675
933.550049 361.604675
936.236816 429.487183
935.993164 435.419586
935.993164 435.419586
935.993164 435.419586
936.842712 356.439209
936.837769 432.054688
936.837769 432.054688
939.213501 470.773315
939.757690 483.063232
943.656433 351.483612
946.714966 629.198486
954.829712 434.324768
960.199219 428.809448
963.202637 443.952850
964.436401 437.840973
964.517029 545.507385
966.093262 627.942261
966.093262 627.942261
969.649231 402.098572
978.477844 430.130249
979.130798 460.180267
979.514954 355.089569
985.372803 417.175171
988.777222 355.312042
988.930542 387.337433
988.930542 387.337433
990.000977 528.919617
990.875000 390.909393
990.875000 390.909393
992.405884 426.161652
994.519104 529.011963
994.519104 529.011963
997.823669 463.781982
1005.641785 465.237823
1008.705627 415.060516
1010.200928 397.803192
1012.148987 450.045532
1012.656555 443.141815
1012.656555 443.141815
1026.167358 423.663025
1029.157471 385.366974
1055.450562 395.389404
1110.725464 389.695251
1170.289673 648.207092
1175.207397 626.591797
1175.302002 639.136597
1177.486206 639.435547
1178.492676 644.458374
1178.492676 644.458374
1179.784424 615.581665
1182.477539 646.865112
1182.615845 663.847046
1182.615845 663.847046
1183.225342 632.638123
1185.010742 625.376892
1185.010742 625.376892
1185.105103 630.372498
1185.105103 630.372498
1189.434814 653.326599
1189.434814 653.326599
1189.541138 658.884277
1191.429565 661.554749
1191.429565 661.554749
1194.212891 659.928406
1194.212891 659.928406
1197.996582 658.365417
1198.899170 626.043640
1198.931763 648.012207
1202.516357 660.926392
1202.516357 660.926392
1211.246704 634.369629
1211.390991 624.900757
1211.390991 624.900757
1211.735229 629.454224
1211.370483 643.969971
1211.370483 643.969971
1212.002197 664.052124
1213.174805 618.665527
1213.185669 636.938293
1213.455200 631.928711
1213.455200 631.928711
1213.473145 651.660400
1216.649292 639.557678
1216.894653 637.811401
1222.810669 640.882446
1225.642822 666.537476
1235.824219 650.048584
97.707901 324.609650
98.320183 330.374725
98.670158 297.857666
102.094200 318.603546
113.870239 316.558350
118.083015 323.385620
118.083015 323.385620
121.535309 312.232697
135.151077 342.234406
156.623688 367.458832
175.682220 274.995056
178.723129 432.838531
193.858231 414.394989
204.195114 436.009552
207.902908 433.876465
212.268860 431.731049
234.955750 503.948700
258.890503 492.080994
265.584747 507.269196
286.939301 453.177063
287.853882 394.744080
287.853882 394.744080
287.641357 565.856140
287.887207 571.721741
292.390350 573.992493
295.691223 564.135010
305.125977 555.102783
311.401764 559.022217
311.401764 559.022217
313.567932 552.896667
315.394958 613.986267
322.480530 244.231979
322.843719 176.734283
325.298004 144.075211
325.352325 588.114075
336.261292 597.260864
355.671753 559.670654
364.425629 195.856857
378.535217 374.019165
380.679901 308.175568
395.088745 533.918152
396.260834 523.695313
398.766693 434.219666
400.889648 408.300720
406.497803 238.507858
458.964752 458.342957
470.709717 482.282410
470.709717 482.282410
484.925079 334.345947
486.496704 389.829651
508.021240 348.371918
510.569916 421.188354
517.660461 454.185974
523.865601 421.357056
739.987244 493.058350
741.511353 584.102783
741.511353 584.102783
754.314758 447.400665
760.178467 464.313507
760.722534 460.467926
793.776611 482.716034
800.377014 472.913788
800.377014 472.913788
800.377014 472.913788
803.241577 480.705414
803.241577 480.705414
804.156433 473.452637
805.513306 458.888397
806.841736 355.337891
808.705017 347.412354
808.705017 347.412354
813.842285 356.615295
813.762939 458.748413
817.418945 356.489960
821.201477 356.536926
835.384827 485.879730
848.033997 481.239746
864.808411 409.846375
864.808411 409.846375
866.547729 412.928894
895.279480 391.743439
896.076782 362.300690
896.076782 362.300690
905.841309 376.712463
905.841309 376.712463
908.994568 381.305115
908.994568 381.305115
915.477966 467.169769
916.813293 384.373169
933.997131 439.399811
955.403748 434.304047
980.818665 356.257538
980.658691 396.993835
980.658691 396.993835
981.699768 416.511780
986.671265 419.157745
990.147827 418.921997
990.147827 418.921997
990.593262 422.289124
991.705322 427.055176
1011.328918 412.038696
1011.328918 412.038696
1018.619751 408.062897
1027.085083 419.031952
1027.085083 419.031952
1049.600952 372.071014
1164.777100 628.682251
1173.832275 609.182251
1173.832275 609.182251
1181.699219 627.512146
1181.699219 627.512146
1181.966187 632.605896
1181.805664 641.997131
1198.772095 647.317505
1201.488037 596.260254
1209.913330 613.344055
1219.274780 664.839417
1227.480957 664.834229
102.385986 294.758728
103.807632 331.900696
118.013908 324.349457
118.013908 324.349457
119.925644 318.077576
120.847450 327.722809
125.779022 332.517853
125.779022 332.517853
128.091522 335.956665
192.879318 414.024017
195.052307 418.798553
203.405548 430.387299
207.248566 434.121674
207.248566 434.121674
208.402603 428.673248
213.750290 435.484650
228.023071 394.262848
248.654694 250.477539
250.887024 490.160065
250.887024 490.160065
258.724121 500.749268
278.799652 311.300903
288.165802 462.610260
289.178345 538.187439
297.432068 538.951416
311.264221 557.742249
312.277466 546.567688
344.056335 524.884949
344.056335 524.884949
364.688934 276.213013
368.404633 335.404877
374.599945 336.519257
384.687256 217.017746
391.357574 435.685364
435.604706 353.511139
435.670746 536.447144
439.114838 257.446075
444.792816 550.032104
461.249542 295.762115
470.783264 490.545593
478.053040 494.457397
480.570557 493.103912
487.320496 389.153290
492.945801 361.245239
492.945801 361.245239
498.158813 374.041351
501.593658 369.062317
508.165833 359.033447
522.917664 421.135498
527.526428 453.288940
575.826660 434.130188
735.023132 332.520569
739.050903 499.577972
766.431946 437.725464
797.028748 482.512177
823.667114 382.659119
857.990540 350.765625
863.347229 383.106354
863.347229 383.106354
865.841797 411.697754
890.258789 531.428284
891.505676 357.867798
892.165222 366.608795
893.385071 352.089661
893.352600 425.453217
909.132080 366.692627
909.132080 366.692627
909.722473 361.623474
909.597595 371.566315
909.597595 371.566315
930.749146 463.909119
950.778076 515.637207
950.778076 515.637207
969.900879 396.574371
986.211243 418.051544
991.818054 414.845459
991.818054 414.845459
999.393005 468.229858
1025.415039 400.024750
1028.412476 424.304260
1204.786499 672.421692
117.101463 327.574554
180.927597 235.942093
205.468201 426.292297
209.911087 441.679535
209.911087 441.679535
240.374939 348.152802
247.132278 488.758667
249.535477 442.132751
291.798767 544.996033
291.798767 544.996033
327.071869 322.991760
369.484802 208.187088
369.484802 208.187088
368.501007 311.856903
378.967377 376.283936
409.102081 476.811005
454.762939 467.094025
461.595917 412.249847
479.208984 492.936035
574.551453 435.233063
757.886047 460.618713
757.886047 460.618713
758.682495 454.662018
822.126038 382.657104
836.089294 484.218872
861.340576 382.611664
864.172058 410.599670
864.172058 410.599670
887.836304 352.989563
895.689026 427.648499
908.985596 383.557983
908.985596 383.557983
951.523254 517.697510
967.314331 394.012146
967.314331 394.012146
971.530029 454.290710
971.530029 454.290710
974.988220 519.609741
974.988220 519.609741
983.410645 399.742310
983.410645 399.742310
993.360718 474.930328
1000.586060 387.116150
1000.586060 387.116150
1050.764648 373.067688
170.092361 272.339874
197.261658 429.001160
197.261658 429.001160
204.319473 424.181976
210.585037 431.995392
224.514130 421.380127
231.794418 417.407318
239.977875 387.811066
245.160019 253.167877
260.379272 508.844940
281.320465 460.450348
281.935089 284.059723
291.392670 388.694519
291.392670 388.694519
299.806030 401.827271
299.435333 541.600647
316.019501 565.251343
334.039612 591.126465
361.840485 322.381409
361.840485 322.381409
361.840485 322.381409
365.448883 202.229858
383.298431 313.232025
410.789459 236.891235
484.661407 369.167114
502.955688 358.401276
521.044861 425.062836
738.390259 334.892914
1012.528198 469.283539
1012.528198 469.283539
166.373413 273.324158
244.588501 256.780823
297.715393 384.077972
297.715393 384.077972
306.198364 404.144043
324.001953 318.598022
333.774048 194.346085
333.774048 194.346085
381.642151 377.730194
455.044189 321.073914
472.690186 341.941162
488.429718 376.949036
488.429718 376.949036
500.280243 355.453888
109.399712 304.645721
138.731506 311.870239
138.731506 311.870239
245.145187 265.338531
271.111237 380.394135
272.054047 453.857422
305.468811 355.370026
317.607483 210.200043
317.392090 270.381042
329.146484 366.228149
329.146484 366.228149
348.278778 365.348969
348.278778 365.348969
357.084839 310.543549
357.084839 310.543549
357.526367 567.025696
479.226105 421.509308
506.455933 406.552002
742.789307 341.001312
150.261871 313.920715
206.516815 314.628845
206.516815 314.628845
267.634735 370.368622
267.634735 370.368622
273.381531 445.697266
302.946350 366.340607
302.946350 366.340607
460.040771 387.550629
506.137939 399.766876
269.777069 338.482391
304.476196 166.357040
335.269928 572.967590
703.619934 658.701599
751.795776 354.092682
243.573685 219.065384
340.819153 578.048767
492.775726 451.322784
1121.973389 400.341003
305.268280 177.095032
732.964844 638.387329
765.723816 380.569580
264.034515 220.096649
753.110962 613.191101
790.052368 401.864716
303.389069 362.809967
861.028748 530.698059
589.077026 454.728363
589.077026 454.728363
589.077026 454.728363
110.421776 321.556580
350.679199 541.965637
817.967957 357.625854
820.761047 411.448761
863.544373 408.615906
863.544373 408.615906
863.544373 408.615906
863.544373 408.615906
957.182861 434.906799
1157.488281 631.736938
1161.568237 645.897644
1163.118774 648.229126
1164.562744 617.444275
1175.871338 629.620972
1177.468018 633.778809
1180.275269 624.366516
1180.834473 638.864014
1182.965576 641.767029
1186.726807 652.009705
1191.055542 657.064636
1191.055542 657.064636
1219.584351 632.533875
1219.584351 632.533875
405.489044 239.368515
510.988647 356.305328
702.559021 593.935669
860.579224 382.954559
936.236816 429.487183
964.517029 545.507385
994.519104 529.011963
994.519104 529.011963
1198.899170 626.043640
208.402603 428.673248
835.654846 485.709808
835.654846 485.709808
