2500
921.201 119.335
611.364 363.099
1102.36 694.357
468.423 304.372
390.321 378.871
1060.59 200.704
947.535 108.295
217.273 316.771
759.809 235.963
750.108 243.988
404.582 172.431
1285.34 751.093
446.64 115.326
373.659 791.503
586.922 369.917
750.643 193.994
1215.82 232.142
1358.91 623.981
426.809 494.779
200.769 161.452
742.466 107.617
950.287 111.427
116.746 116.81
900.798 439.705
952.3 104.132
164.426 118.803
342.828 71.8592
387.588 317.071
289.637 718.056
598.171 561.404
595.667 841.568
682.95 443.025
371.108 986.318
425.602 820.803
1360.03 644.166
440.695 66.2188
277.364 716.352
1294.95 740.609
744.828 103.693
195.647 112.94
308.134 405.113
482.091 864.625
219.604 291.12
1025.88 917.681
1166.47 233.458
589.648 371.049
497.41 620.638
382.352 597.894
417.108 57.2861
634.629 325.316
700.626 302.322
762.157 161.443
330.032 379.032
409.762 321.897
443.355 356.97
440.216 357.6
773.238 208.372
407.67 356.212
474.816 263.523
656.645 284.913
435.732 51.2846
331.278 337.759
288.943 716.603
402.469 356.008
719.014 254.537
243.727 191.508
462.49 219.004
713.51 187.249
540.156 325.621
670.183 132.947
346.324 329.445
1313.64 735.263
705.714 55.1752
264.755 730.874
447.794 92.7153
910.775 124.642
587.026 89.5811
285.331 223.27
424.622 209.385
457.678 152.308
1075.68 892.686
534.171 709.381
695.236 263.599
301.419 402.786
733.388 273.56
350.391 392.065
1001.95 165.334
764.017 315.522
794.903 160.056
652.667 935.717
402.909 351.066
179.566 144.176
388.862 317.564
422.507 319.814
375.91 361.043
631.335 325.754
194.158 212.974
464.41 189.67
597.641 148.618
671.385 66.0788
431.719 42.546
327.462 289.019
434.596 365.758
1312.7 735.211
271.606 361.315
593.062 147.589
396.735 357.894
262.635 398.111
905.743 140.142
755.549 103.741
763.64 314.48
1075.8 895.873
687.62 302.96
1030.52 727.676
1074.82 194.784
168.631 195.847
168.875 172.757
940.327 246.892
460.312 806.55
616.993 140.834
879.437 84.4627
366.642 384.564
380.797 317.673
1081.77 924.642
246.726 288.131
462.323 262.054
315.887 292.728
520.519 330.932
1004.6 852.367
427.79 369.219
1166.82 168.651
448.59 826.451
456.595 199.864
636.616 289.656
445.527 239.601
587.026 89.5811
556.376 102.259
463.536 333.272
665.421 226.115
297.581 736.322
1079.27 223.757
301.977 354.859
431.724 52.7969
555.433 112.364
1212.93 468.461
442.172 584.886
800.621 193.777
1321.85 735.434
478.296 644.522
288.688 390.346
998.715 744.559
697.983 117.716
1047.36 876.737
526.268 330.996
674.765 130.846
682.325 313.739
581.235 917.979
668.449 261.539
245.878 291.403
390.552 110.71
402.971 368.581
265.585 303.096
1191.83 440.024
447.902 195.479
389.356 240.58
575.576 100.642
1075.34 192.928
691.916 275.259
530.028 842.18
400.08 531.483
723.498 252.043
405.958 77.0993
712.28 116.762
480.183 259.236
703.945 123.108
1190.02 217.861
816.439 128.87
411.762 364.657
667.204 74.1205
512.175 316.395
416.752 94.2286
488.102 340.116
592.815 372.289
532.392 331.994
331.312 624.003
731.174 323.458
416.556 233.979
598.494 901.227
461.338 831.886
770.088 212.778
335.056 788.904
452.101 838.07
366.347 72.7146
428.177 184.755
1296.21 741.262
476.857 261.466
412.263 369.107
707.699 276.082
695.97 304.951
578.912 856.213
678.061 311.039
462.804 262.454
810.925 322.568
1307.14 746.61
633.056 324.502
327.033 377.778
520.672 704.226
606.962 84.0204
285.073 747.167
522.813 330.368
1096.07 719.313
1218.12 179.749
633.248 78.8173
668.301 316.266
250.646 740.236
350.391 392.065
1060.41 226.357
289.713 277.374
301.158 353.287
605.941 262.592
789.346 231.59
461.283 110.394
657.806 318.061
671.714 243.441
394.425 370.057
333.735 346.999
462.361 262.99
307.917 275.319
580.098 884.443
295.61 343.935
690.842 117.198
633.508 763.361
1002.14 759.258
445.336 332.577
505.519 337.296
699.926 300.357
450.375 252.192
312.102 219.787
263.015 722.516
439.108 585.281
290.922 218.225
1127.4 167.229
470.256 130.426
441.586 815.719
642.465 272.79
538.563 352.06
449.661 836.483
484.029 169.304
502.809 334.483
296.603 397.356
1055.42 202.447
448.461 817.855
447.681 791.094
479.407 342.406
1302.71 688.471
350.239 375.497
146.347 153.494
585.092 88.6716
479.663 553.63
672.626 77.8458
443.602 359.53
1185.38 158.658
1085.24 900.321
461.53 335.322
377.668 69.1253
770.462 199.298
538.661 610.108
417.607 165.358
282.85 264.382
426.995 135.283
232.507 203.527
675.532 186.072
763.894 288.427
389.741 367.898
356.228 759.997
181.716 117.396
532.392 331.994
610.35 759.703
460.861 326.417
806.641 724.362
756.906 181.453
461.338 831.886
424.055 835.321
334.627 334.693
721.557 827.721
256.502 188.204
426.367 501.483
461.69 293.65
999.439 201.326
557.523 853.284
924.54 119.307
676.161 274.538
467.276 560.798
461.596 256.797
953.864 105.123
461.741 825.636
392.816 379.442
485.41 348.624
1202.96 517.871
190.311 153.066
647.564 323.672
439.149 315.576
796.159 291.386
335.052 149.045
514.81 318.393
752.708 98.7622
776.695 208.835
167.246 155.69
282.907 390.648
749.163 181.458
445.323 354.022
689.916 120.949
406.925 655.078
417.741 357.657
442.251 182.349
1259.86 728.327
599.111 734.016
764.017 315.522
1281.65 773.637
809.733 194.331
251.63 189.599
732.751 115.066
904.231 138.841
1151.59 172.097
467.61 258.609
677.417 124.631
1021.33 54.6
739.559 185.102
276.958 393.131
595.684 85.7753
261.058 723.676
367.204 365.497
441.856 362.576
671.352 748.002
188.485 271.824
787.651 288.322
305.622 393.367
441.976 822.438
321.034 284.572
450.544 831.552
573.322 154.562
456.384 829.961
1172.22 232.01
488.931 188.536
729.58 252.711
384.296 374.441
641.029 323.722
645.752 454.168
1136.62 252.799
1296.31 756.084
467.196 818.383
440.924 314.843
1171.99 233.07
449.661 836.483
403.065 370.151
1145.77 269.065
1065.78 226.796
816.309 190.112
515.735 644.188
293.097 343.321
632.351 327.602
464.373 168.089
294.178 269.508
289.512 387.232
470.737 327.76
435.706 332.536
456.53 819.598
442.505 62.6179
675.999 185.095
451.33 339.093
888.021 138.168
1086.33 897.841
267.049 717.914
785.545 318.845
1271.91 788.687
952.3 104.132
1269.05 780.269
218.651 693.876
282.793 209.187
1167.14 214.857
1310.42 720.188
499.867 621.524
742.351 166.507
414.337 352.587
594.383 217.493
267.631 708.899
590.643 148.178
598.797 565.615
691.859 309.178
649.762 319.054
230.317 720.305
614.886 84.365
272.907 722.84
348.518 539.867
317.935 230.271
606.067 349.893
605.453 542.909
426.31 832.792
412.547 263.443
447.673 839.695
1004.88 858.895
391.185 153.924
1086.73 904.242
379.753 68.4617
373.659 791.503
739.531 236.375
590.971 814.563
836.193 437.306
1372.1 697.313
255.619 741.405
635.314 318.169
340.311 395.773
677.954 125.383
605.843 93.3803
465.506 347.162
791.035 164.843
694.106 122.745
437.255 329.438
286.634 281.88
288.257 180.09
492.698 329.243
714.429 255.908
441.731 353.304
200.451 211.251
626.364 81.6927
606.244 151.135
811.733 195.553
402.114 195.002
1034.79 848.212
347.168 187.108
764.017 315.522
448.772 352.505
284.249 357.662
331.471 623.218
438.15 179.812
1015.29 789.826
283.773 261.861
378.69 320.411
535.339 323.532
344.899 383.822
692.097 120.674
500.216 253.98
675.428 280.228
406.358 125.812
501.509 335.063
446.96 64.0916
371.695 380.424
392.92 374.804
264.072 213.709
615.678 142.794
819.041 131.638
646.023 319.711
1171.57 234.633
742.351 166.507
420.324 529.477
418.837 829.155
634.053 135.373
446.755 353.761
879.437 84.4627
771.013 246.402
801.138 180.646
517.835 332.428
417.222 306.371
556.19 779.144
616.475 136.25
209.408 146.781
215.949 711.17
1111.81 767.361
763.64 314.48
797.112 273.533
586.85 659.79
444.087 729.527
672.016 315.26
246.312 199.972
1161.58 210.16
460.365 154.319
379.175 378.301
614.886 660.671
1277.76 755.044
1164.76 454.348
1100.92 889.24
273.001 193.69
727.584 234.41
538.135 850.963
591.452 92.5531
817.804 184.014
796.329 227.544
1133.13 748.122
649.762 319.054
951.326 111.196
374.274 182.082
948.432 117.668
486.505 329.562
948.927 115.193
399.759 67.8468
1017.03 117.093
609.759 86.1522
646.538 792.602
372.85 384.546
361.012 251.547
922.287 445.118
316.065 290.144
409.629 70.1723
1305.22 753.057
320.34 613.089
883.679 150.6
460.987 607.445
384.508 104.175
776.288 315.571
479.1 264.762
614.638 141.057
484.251 328.424
772.306 315.743
1136.27 912.271
1078.75 871.879
344.981 305.748
315.232 398.694
522.959 331.084
782.595 182.971
376.336 246.733
442.477 582.971
271.947 227.956
471.665 195.322
1269.05 780.269
716.109 115.199
477.473 207.211
289.57 738.143
401.358 216.917
447.681 791.094
768.893 40.8326
1168.7 196.094
784.999 222.652
668.449 261.539
1088.86 899.132
1301.93 698.67
430.403 806.869
419.713 163.812
606.696 351.45
1362.1 629.721
580.204 150.797
337.524 524.063
723.498 252.043
465.679 246.953
301.419 402.786
581.235 917.979
329.446 377.263
438.15 179.812
605.227 263.86
1101.24 925.286
969.297 122.702
1043.93 125.474
468.423 304.372
480.622 327.643
1093.68 733.755
490.655 283.626
783.014 245.947
443.524 864.021
331.06 374.101
209.408 146.781
772.083 171.901
749.872 242.392
897.573 139.273
332.747 169.086
1142.32 265.938
350.391 392.065
1145.17 165.308
345.186 393.033
701.828 125.922
221.07 156.161
1121.01 745.69
282.822 724.307
424.755 60.087
461.623 234.299
115.287 112.591
411.013 103.118
1113.67 774.16
445.41 661.747
628.204 140.808
527.195 897.687
411.57 516.725
454.854 82.6382
331.471 623.218
686.086 852.85
599.656 811.64
486.525 255.303
530.612 883.492
416.906 100.827
1312.04 771.513
1128.84 154.18
470.779 556.442
421.006 185.385
444.289 138.085
723.724 109.204
748.433 157.705
364.644 769.931
1072.27 914.627
403.367 326.249
749.841 169.719
1320.76 737.763
334.278 285.664
242.35 210.342
285.216 272.248
440.863 252.865
851.901 189.188
1091.91 735.694
773.863 287.961
428.858 260.141
381.213 198.637
481.165 344.618
547.93 606.988
399.985 69.949
279.657 653.56
216.315 725.367
497.396 248.912
176.752 156.831
463.967 334.693
314.296 296.792
436.478 40.484
204.109 128.668
365.618 203.788
645.355 238.757
455.981 528.662
520.859 581.425
298.005 404.087
263.245 224.613
1297.79 759.517
428.858 260.141
398.675 356.75
1075.88 898.787
457.945 304.044
714.493 219.302
1197.75 449.308
874.376 83.1742
593.874 148.149
433.191 331.092
768.905 204.373
477.343 291.813
962.446 128.359
1177.07 180.128
635.533 321.143
1204.17 456.29
644.837 317.892
479.407 342.406
478.96 323.354
337.595 372.242
477.527 351.101
529.597 733.235
284.592 689.181
899.831 137.698
1288.44 754.717
511.212 319.306
495.898 346.379
404.277 71.987
640.369 812.39
448.853 309.349
328.276 264.115
455.828 169.793
386.418 328.765
589.648 371.049
427.206 157.014
782.158 36.3111
656.791 129.793
426.427 464.215
422.335 823.899
144.004 135.24
678.035 308.845
890.219 149.574
487.033 317.175
863.983 54.3496
520.519 330.932
705.849 267.391
635.884 216.834
664.642 68.1805
701.883 305.324
392.545 69.8105
413.341 63.3206
273.001 193.69
457.494 640.417
281.41 347.268
514.81 318.393
261.463 635.915
786.752 275.391
1073.56 894.94
304.283 398.972
642.079 287.621
464.04 187.699
351.837 187.769
551.266 751.666
477.319 316.067
678.035 308.845
424.362 357.747
418.974 260.137
345.847 306.362
497.806 256.992
231.389 719.89
658.484 132.677
496.984 344.32
359.872 74.2236
939.59 107.227
951.275 101.91
367.51 160.501
385.846 197.161
524.435 326.856
379.307 73.7328
671.762 75.1112
750.394 179.13
500.688 291.564
921.181 132.687
811.733 195.553
518.044 100.764
377.847 225.399
889.422 147.85
291.21 730.486
421.263 577.854
536.313 772.363
1122.4 156.595
214.552 207.982
477.584 822.845
548.321 104.485
273.045 707.45
682.155 123.566
418.129 531.598
697.906 187.739
1367.56 672.301
422.983 92.0631
332.284 333.297
722.709 247.895
1072.88 893.229
1296.31 756.084
429.021 712.595
1122.66 154.478
779.915 208.671
203.406 124.919
404.841 77.3419
196.966 480.4
245.941 286.377
327.821 291.322
758.645 320.247
807.75 198.782
518.767 335.108
446.808 337.662
665.931 60.8537
556.19 779.144
579.759 913.542
428.829 157.18
525.548 776.263
1002.14 759.258
399.071 370.725
426.348 368.236
406.246 104.446
644.992 239.722
323.358 727.304
284.619 290.136
466.987 131.507
453.104 237.376
398.2 533.695
675.179 129.279
539.965 614.488
1094.07 279.494
439.557 577.835
575.168 781.242
644.625 323.676
1392.69 696.685
442.163 129.823
1021.14 120.827
289.41 222.55
221.997 158.738
262.652 392.586
308.704 273.702
697.377 188.759
216.942 150.756
488.39 257.603
319.3 350.787
399.985 69.949
523.303 304.858
409.405 347.659
205.681 260.784
1285.9 773.197
660.763 318.769
480.317 315.928
613.011 368.271
769.335 284.112
375.81 362.47
495.513 342.157
630.844 323.052
367.784 249.055
759.097 188.431
932.803 126.257
209.408 146.781
202.812 112.466
1301.93 698.67
425.915 522.769
359.872 74.2236
486.792 260.064
1208.35 464.229
283.763 305.984
530.587 707.844
165.836 176.323
637.121 134.651
1199.21 449.275
327.462 289.019
521.771 325.374
342.201 188.627
447.673 839.695
648.533 938.538
282.045 182.367
621.55 146.389
446.423 175.726
450.124 735.713
759.926 184.868
290.123 730.297
465.433 268.066
397.804 814.353
792.268 226.07
288.688 390.346
344.394 167.492
572.487 148.588
903.67 143.71
392.816 379.442
190.635 141.727
1284.11 739.834
620.64 685.976
177.775 167.401
255.524 730.042
339.753 393.602
506.352 247.423
449.901 800.633
592.815 372.289
368.72 380.031
611.764 369.706
1088.8 891.203
405.71 720.255
419.823 146.345
332.694 630.143
514.779 104.265
204.943 160.338
321.273 740.592
1178.4 181.227
766.435 289.376
596.421 573.545
771.692 287.946
459.743 815.321
604.176 231.943
750.255 109.291
1151.31 221.049
544.804 105.302
400.639 372.653
171.154 133.376
718.671 249.585
421.293 698.158
298.005 404.087
451.329 584.666
123.146 113.998
604.176 231.943
265.558 725.525
928.908 125.679
591.743 916.564
367.799 183.861
1165.82 426.242
300.774 396.205
189.477 166.954
453.231 133.427
598.75 209.035
557.523 853.284
312.452 390.781
496.117 208.703
333.891 530.287
481.956 553.681
682.155 123.566
731.363 191.644
348.902 540.957
653.714 318.86
1069.12 191.922
500.143 313.069
429.605 89.862
421.4 305.717
657.062 227.627
534.259 350.932
493.4 255.342
271.87 721.721
436.707 140.344
200.245 310.097
459.53 154.792
591.091 542.724
728.567 249.739
445.527 239.601
477.259 298.959
486.464 254.539
283.095 747.533
1312.04 752.874
1112.95 794.756
1080.09 191.194
1185.19 229.141
804.338 285.536
418.129 531.598
366.767 333.25
717.47 116.867
306.44 665.756
256.543 745.214
789.354 172.179
1181.85 428.637
940.448 144.687
437.898 780.44
612.1 204.165
410.167 193.226
176.049 119.089
367.312 760.766
744.992 188.597
464.628 302.102
667.443 125.991
397.845 237.836
897.716 136.078
391.116 175.422
240.306 676.742
621.616 88.5845
380.807 381.816
512.527 278.634
605.138 556.844
393.112 481.318
426.331 307.821
740.301 278.496
720.351 53.781
366.629 77.8137
1134.28 230.015
427.378 143.726
1025.58 140.326
807.263 280.473
268.46 644.882
1343.88 624.588
236.7 211.739
312.452 390.781
445.809 174.043
940.232 120.036
166.794 170.726
405.958 77.0993
1058.17 256.216
430.028 496.612
475.93 268.388
509.756 625.724
426.325 739.266
430.647 69.338
365.907 183.569
647.873 942.252
437.06 162.162
479.007 647.086
1077.86 363.238
889.655 443.566
358.957 64.6861
672.641 309.957
1136.27 912.271
1139.67 255.332
723.901 115.339
674.681 311.719
752.377 247.48
767.655 38.5608
667.45 315.004
338.222 587.527
315.232 398.694
1304.1 772.893
593.02 552.497
1073.89 145.722
531.561 840.452
653.954 126.098
1273.36 727.946
366.245 518.34
509.849 249.29
413.874 685.627
647.951 317.576
425.669 231.187
1098.13 893.735
300.926 407.508
657.806 318.061
323.144 268.856
410.901 191.29
742.725 308.037
465.506 347.162
495.943 257.882
468.743 262.069
437.045 574.799
1097.09 269.547
314.329 299.285
788.568 314.835
548.339 651.597
279.789 225.991
786.057 34.1908
556.094 794.778
465.978 293.235
287.009 347.404
458.531 305.972
1063.68 199.221
957.073 100.715
1085.39 220.578
1292.76 726.745
620.823 148.145
836.193 437.306
298.93 168.426
1188.32 434.497
511.166 253.909
332.945 386.881
639.645 220.376
433.072 207.255
449.522 833.082
1061.96 213.864
337.304 333.59
259.795 648.189
209.545 301.869
572.925 867.806
514.408 308.696
455.061 191.365
421.198 61.0583
330.562 291.177
692.665 306.679
425.089 368.636
542.171 348.392
1056.95 213.277
1277.31 787.101
1137.59 149.865
302.62 356.678
421.998 308.357
171.939 114.782
766.141 234.33
439.349 61.0402
646.852 890.169
722.004 225.107
436.324 56.2214
769.959 289.201
449.012 351.703
659.33 314.639
453.611 358.805
604.21 143.312
616.849 265.202
393.112 481.318
828.308 155.961
372.081 226.329
398.2 533.695
579.759 913.542
959.619 740.381
768.519 232.631
731.798 244.433
646.538 792.602
437.816 226.249
541.234 766.581
515.309 579.762
714.432 257.257
332.747 169.086
434.197 511.829
726.027 119.573
316.095 381.16
655.504 268.39
375.836 71.6796
639.226 139.893
201.733 282.819
651.913 282.584
499.707 337.195
1114.86 211.748
802.834 242.514
509.768 339.218
596.828 211.863
437.548 40.0273
957.048 246.988
1361.6 635.925
440.091 330.656
621.151 910.177
808.999 722.768
351.841 376.468
425.283 91.174
819.324 271.214
367.907 370.299
430.104 314.291
296.44 346.081
444.886 362.913
1140.09 161.881
366.688 139.649
682.684 62.6804
508.742 336.405
758.442 315.616
215.384 454.29
225.756 716.733
250.036 396.567
728.567 249.739
383.08 72.6361
1307.21 737.534
168.12 158.13
943.557 136.161
287.905 719.887
427.197 464.485
668.047 67.2623
731.432 195.602
660.794 134.078
691.435 305.082
580.978 870.662
256.355 399.078
635.906 329.029
588.339 612.873
412.923 367.656
457.727 307.294
692.385 119.143
529.476 852.947
306.286 406.14
428.439 305.641
634.747 137.639
346.809 390.682
504.988 253.401
316.453 580.222
394.906 68.8969
202.039 108.953
375.81 362.47
585.352 153.34
784.649 315.768
330.117 375.062
153.659 133.732
604.017 384.911
672.506 194.381
286.071 224.256
392.14 356.253
743.037 314.227
753.404 359.015
761.334 210.638
265.647 397.099
404.159 77.4408
553.336 712.658
898.57 142.305
415.33 364.967
492.758 311.466
1119.39 413.241
694.265 392.314
1296.91 718.803
384.508 104.175
614.652 257.487
901.601 143.826
214.811 267.145
433.191 331.092
441.491 253.734
483.999 258.482
1046.22 879.254
489.479 238.906
512.91 251.143
497.763 293.216
718.436 824.481
585.352 153.34
1104.37 781.601
411.375 170.835
512.338 320.746
618.392 259.072
373.358 631.586
439.108 585.281
686.086 852.85
378.185 322.645
330.032 379.032
1161.5 229.192
1267.91 730.08
320.901 394.83
933.387 126.782
350.129 480.982
454.459 832.425
364.388 184.641
508.87 292.093
319.692 349.538
491.191 259.34
1146.97 249.112
1086.71 749.624
675.665 488.864
713.209 55.742
959.211 107.355
433.925 342.981
817.533 151.042
623.051 277.355
423.563 369.801
563.722 683.901
486.408 240.06
933.817 109.876
332.16 377.793
339.901 334.358
664.872 281.554
220.556 694.392
730.999 108.143
433.665 779.211
807.818 201.483
919.604 128.159
552.279 713.94
515.866 333.178
273.718 259.33
691.843 403.045
733.324 107.401
217.894 157.593
446.823 831.993
406.24 351.956
420.715 602.702
1119.23 798.794
790.055 226.958
516.131 97.4321
297.384 729.545
1304.12 734.846
447.384 358.209
673.831 260.834
413.766 470.558
453.825 648.834
937.389 113.282
353.374 390.857
532.9 612.072
442.213 725.822
631.995 139.414
453.856 15.4106
471.997 187.344
508.246 248.685
515.228 599.757
425.145 54.4984
679.265 66.4993
703.994 115.782
506.953 321.072
386.418 328.765
542.779 669.213
1316.76 747.158
480.671 347.567
423.54 67.2781
496.802 574.125
498.755 254.258
607.142 143.75
771.376 271.431
475.87 333.109
513.17 309.878
695.568 223.817
628.126 263.601
658.926 222.721
734.297 225.509
199.037 161.958
556.028 574.031
254.205 179.92
371.108 986.318
282.646 750.745
937.406 119.058
458.626 595.649
365.853 324.119
716.949 122.512
604.017 384.911
439.826 407.109
288.257 180.09
650.758 192.614
619.292 270.082
648.166 260.814
456.911 645.199
481.165 344.618
793.904 194.324
797.274 274.878
190.311 153.066
213.125 160.759
340.412 373.617
363.683 363.64
673.408 69.9086
502.809 334.483
436.577 344.248
564.45 855.214
820.291 270.407
454.742 813.359
240.306 676.742
722.151 106.763
543.037 612.507
489.082 828.852
416.643 372.641
651.751 940.914
430.104 314.291
445.937 310.12
1314.55 751.911
792.509 736.898
668.704 70.4086
284.249 357.662
488.799 252.736
800.568 320.836
370.124 375.352
1122.86 167.037
616.11 140.015
743.061 302.655
685.476 314.674
893.909 138.319
320.817 381.957
771.595 234.781
644.95 131.379
655.494 131.981
721.689 113.898
481.125 261.487
273.193 363.684
820.822 153.476
1149.29 172.44
357.161 250.005
1467.25 841.12
582.264 157.138
621.133 909.089
1008.64 857.735
343.6 190.588
716.026 158.366
674.035 272.021
644.714 762.766
1199.72 453.118
202.269 166.115
1078.37 718.362
669.727 70.1832
364.405 387.387
600.586 912.826
320.954 338.38
157.132 135.751
316.453 580.222
431.883 57.796
606.68 919.933
931.215 117.639
1298.77 755.161
785.011 229.487
940.312 113.655
359.343 372.949
392.302 783.391
545.799 850.918
439.062 356.877
653.834 938.797
1145.74 167.337
208.816 209.834
227.769 718.204
651.751 940.914
1103.16 449.063
435.992 136.436
401.267 61.5789
392.545 69.8105
399.863 657.552
334.884 343.248
718.013 255.632
578.943 153.98
220.516 152.538
453.104 237.376
374.666 376.949
277.147 389.099
621.628 608.448
297.308 741.453
1099.58 770.834
445.937 310.12
1009.1 63.1924
928.908 125.679
668.955 70.5518
366.688 139.649
538.98 770.636
356.997 763.154
421.368 363.424
386.207 358.09
429.387 228.233
440.091 330.656
200.913 307.188
426.427 464.215
743.659 286.197
497.389 243.564
659.003 930.853
641.029 323.722
328.272 349.802
1312.7 735.211
676.994 929.679
307.226 403.59
720.926 111.094
284.789 362.089
469.511 260.96
480.697 170.466
1213.04 243.574
1161.61 156.061
277.434 655.364
638.175 247.061
208.316 144.819
848.89 164.44
471.382 329.766
216.264 314.264
417.336 348.764
792.211 239.883
681.895 277.306
309.615 201.993
667.432 130.959
424.354 307.341
975.197 114.876
442.376 77.6193
483.635 300.794
491.173 866.356
180.58 172.197
672.869 243.988
1166.23 814.344
1154.1 490.046
617.922 140.335
421.284 832.297
239.25 668.91
435.27 199.633
795.132 729.599
285.331 223.27
507.34 234.6
746.536 174.144
673.245 69.1252
816.203 147.035
454.459 832.425
586.911 150.343
759.809 235.963
609.628 91.2108
488.314 864.749
456.384 829.961
162.723 135.789
889.422 147.85
969.758 124.857
242.932 191.726
1123.67 726.753
435.866 67.6598
1350.76 785.027
670.597 73.6846
462.374 166.069
332.513 335.067
461.283 110.394
1311.32 750.846
399.757 636.647
275.796 456.647
449.646 253.03
851.346 136.741
357.953 390.471
1102.21 764.767
558.493 185.339
1234.91 227.158
733.217 181.894
393.803 600.836
930.314 113.028
1310 748.762
1292.39 759.87
1360.53 673.545
164.293 171.138
482.87 254.109
686.579 278.567
786.057 34.1908
1231.45 228.171
788.568 314.835
429.973 121.4
566.991 160.965
1202.67 456.333
486.598 345.356
663.101 284.757
172.938 116.908
574.141 615.368
445.126 363.61
1261.28 735.069
294.699 168.803
432.184 355.487
567.663 807.081
302.304 287.827
363.815 386.356
767.691 313.876
802.378 182.165
271.902 230.206
273.193 363.684
1148.16 241.298
1320.13 647.423
646.023 319.711
791.336 320.819
1050.44 127.241
754.681 177.305
411.57 516.725
1113.82 932.907
417.741 357.657
261.131 729.816
388.227 319.348
441.267 204.845
424.432 231.894
418.15 67.6731
549.349 107.36
282.907 390.648
1055.89 204.736
513.034 865.85
1046.22 879.254
1304.12 734.846
272.624 720.695
613.761 139.226
660.809 127.463
527.835 324.45
517.835 332.428
898.364 133.729
773.053 178.834
1159.44 208.273
851.346 136.741
471.303 334.441
716.109 115.199
378.914 331.428
720.147 58.4112
1091.91 735.694
209.545 301.869
779.245 246.615
349.646 370.648
417.385 61.8734
593.245 871.481
517.779 316.632
265.366 724.444
645.809 291.37
363.582 766.811
1166.92 238.335
296.826 261.879
456.087 808.822
450.048 851.107
642.255 327.238
434.301 797.647
1146.61 258.789
1321.34 714.766
1275.46 756.445
212.73 302.634
1015.89 116.063
443.347 868.167
344.106 750.795
633.821 226.606
846.494 187.137
529.634 653.905
1005.98 168.999
352.767 165.594
402.134 365.696
770.088 212.778
678.304 311.883
431.13 180.746
557.37 345.37
219.026 696.292
298.005 404.087
856.535 75.9353
162.232 165.34
146.347 153.494
650.758 192.614
792.548 199.804
403.17 60.8662
1166.47 233.458
1093.62 891.518
943.557 136.161
734.525 320.134
537.107 328.904
445.784 358.27
718.022 117.895
1043.23 783.633
202.75 161.098
416.906 100.827
571.273 356.201
399.95 323.533
305.451 286.195
572.219 91.1805
511.047 304.326
408.192 586.761
698.23 218.251
386.852 372.4
692.385 119.143
506.277 318.856
1257.83 734.252
533.345 168.627
765.791 151.374
273.029 709.989
457.473 820.625
372.816 360.863
451.175 722.093
906.632 130.638
278.055 241.596
1102.61 885.349
407.256 364.996
244.422 369.577
251.636 740.754
1085.8 217.351
253.351 739.062
466.515 725.071
954.64 135.143
464.191 349.459
842.665 192.882
226.108 330.626
721.689 113.898
366.113 323.275
419.326 101.82
454.205 812.823
630.41 144.364
938.067 111.148
326.837 121.257
308.887 400.196
883.327 84.6211
506.916 631.142
136.393 120.994
1101.63 762.805
1193.17 435.807
431.269 357.8
261.741 177.872
544.875 662.132
961.827 104.295
245.23 370.757
1087.99 229.952
761.34 185.803
372.153 604.89
583.929 576.38
938.067 111.148
616.11 140.015
497.472 337.1
407.66 372.766
1116.34 775.751
504.34 248.246
1320.74 708.769
285.944 359.151
465.426 261.317
1155.59 159.782
1142.21 908.858
483.487 227.135
639.918 317.278
416.736 489.742
675.209 237.904
615.862 79.9467
719.668 119.228
371.695 769.192
444.803 81.9026
332.616 621.593
579.35 871.991
375.429 379.934
420.616 513.544
260.761 367.753
532.545 852.128
728.469 819.151
733.927 108.476
769.847 288.039
681.976 272.465
336.791 334.266
690.07 309.177
1195.69 220.852
652.508 726.747
553.15 453.109
904.979 134.219
673.143 135.245
435.571 361.383
767.821 39.7395
218.491 159.521
888.24 140.238
1026.41 819.548
418.275 322.163
460.377 220.292
498.884 281.286
387.752 355.998
482.911 284.845
317.872 379.964
807.75 198.782
484.908 314.331
441.732 360.358
494.868 256.066
570.857 866.383
474.978 149.143
747.692 105.13
744.828 103.693
598.66 912.837
157.132 135.751
458.191 197.286
455.309 223.409
775.752 320.247
296.603 397.356
751.635 101.359
457.859 14.6074
743.659 286.197
570.868 150.851
289.367 179.784
467.398 297.774
324.203 339.233
797.674 320.883
635.634 323.663
305.877 382.462
674.56 126.726
782.904 320.814
668.176 240.821
1070.33 230.374
666.984 137.39
311.824 213.331
621.628 608.448
196.533 309.603
415.066 65.4768
552.079 103.451
811.642 288.17
506.065 637.619
327.322 333.523
247.259 147.927
570.868 150.851
677.409 477.64
544.561 609.157
1306.98 743.672
457.483 768.149
637.121 134.651
1161.5 229.192
441.731 353.304
747.313 247.854
502.225 321.134
702.288 307.476
467.398 297.774
320.34 613.089
598.112 149.876
349.235 143.229
380.084 105.161
1090.61 887.144
496.796 213.131
711.662 413.548
626.208 294.295
685.871 236.78
560.018 101.171
336.791 334.266
842.963 3.59045
614.149 553.02
281.935 280.989
477.259 298.959
447.777 115.757
665.6 71.3913
444.894 59.1669
652.849 935.428
491.124 189.1
624 145.117
538.119 323.051
692.602 403.506
1070.88 892.157
277.698 220.724
406.415 709.917
638.175 247.061
286.66 346.361
434.133 227.678
252.645 399.216
989.844 112.571
404.794 237.348
380.556 320.98
484.033 287.967
504.877 608.755
294.178 269.508
425.32 165.545
1193.11 217.137
1021.14 120.827
868.475 56.48
633.056 210.096
448.698 649.394
292.374 743.269
268.056 710.508
1205.59 534.417
532.122 353.214
457.255 156.2
1064.8 450.538
285.277 744.031
630.4 751.575
1156.56 251.103
200.913 307.188
541.958 349.072
497.45 206.986
422.683 367.076
607.943 567.457
713.832 121.525
546.646 531.193
296.266 289.853
373.411 771.136
331.167 536.01
194.423 274.614
663.171 278.227
432.59 178.2
669.727 70.1832
711.857 114.584
330.163 377.017
289.139 737.458
219.604 291.12
443.313 806.042
647.349 695.07
452.105 213.651
1074.8 872.865
127.872 116.285
296.027 730.149
533.415 326.352
451.606 11.9477
1370.43 645.676
435.706 332.536
368.546 227.853
759.547 312.388
622.646 296.849
295.789 728.147
314.041 338.62
412.22 103.701
758.442 315.616
695.568 223.817
695.689 303.07
759.547 312.388
548.339 651.597
351.694 165.822
549.48 197.555
547.101 345.198
742.466 107.617
649.794 919.643
608.063 265.822
362.36 763.677
674.017 72.3566
957.921 112.103
638.2 322.223
525.337 623.715
428.478 633.218
277.764 654.597
904.231 138.841
316.095 381.16
504.877 608.755
491.124 189.1
487.023 679.859
623.264 869.62
442.692 357.174
440.939 808.975
546.095 182.481
713.68 53.9609
566.414 156.012
580.935 150.208
643.903 316.242
643.981 261.967
1274.51 742.482
407.215 363.138
230.317 720.305
441.553 56.7074
242.214 676.681
389.748 379.233
794.903 160.056
694.809 180.639
741.78 241.013
1389.14 688.395
470.455 568.257
647.159 319.679
320.022 728.197
203.698 163.439
440.863 252.865
425.283 91.174
433.171 469.803
733.388 273.56
460.737 18.7311
1103.78 779.647
326.769 349.318
399.835 632.11
702.542 266.999
1114.44 792.053
1281.08 751.331
609.311 363.586
282.793 209.187
281.935 280.989
760.517 215.714
442.223 642.807
384.296 374.441
1224.93 577.274
917.197 132.554
410.705 634.232
486.598 345.356
479.663 553.63
1268.49 773.28
636.176 132.258
914.369 131.9
664.22 319.035
1313.98 742.668
702.288 307.476
605.138 556.844
916.297 445.897
217.818 695.424
1114.86 211.748
461.615 307.869
564.515 152.83
488.102 192.944
520.519 330.932
489.479 238.906
421.812 571.132
413.716 351.93
450.187 202.822
1138.45 233.569
710.17 258.324
442.512 573.054
1112.44 421.007
429.211 345.84
412.135 347.815
1066.75 270.687
666.702 127.789
405.264 480.894
309.472 353.347
1115.68 933.789
425.269 483.92
694.495 119.344
226.743 204.947
408.235 193.418
280.767 757.276
647.991 133.587
1146.24 151.984
791.349 300.237
180.065 169.116
393.755 239.143
578.841 225.589
767.823 203.438
435.067 139.241
1011.54 188.013
615.838 90.9122
755.092 237.385
357.952 142.199
625.027 286.203
361.613 365.112
747.943 222.673
420.07 57.9156
268.056 710.508
401.882 646.728
377.227 334.334
1133.22 229.035
718.607 229.839
352.659 338.469
618.904 606.335
428.58 259.499
615.678 142.794
1061.19 214.79
576.787 154.544
466.407 582.131
448.85 180.913
315.284 738.953
274.783 393.428
464.151 580.812
308.229 266.951
1043.6 877.67
512.606 279.222
445.315 338.921
1156.68 157.064
1305.68 749.991
320.105 390.389
415.52 62.2907
167.262 117.587
616.668 84.1476
294.178 269.508
741.481 171.162
401.767 481.207
426.074 819.924
739.239 249.286
421.255 144.768
152.075 132.528
316.054 304.262
401.398 590.151
625.109 293.631
755.008 169.928
768.519 232.631
733.673 316.696
1015.89 116.063
574.141 615.368
454.049 214.673
366.642 384.564
308.682 202.497
1107.95 733.663
307.699 403.999
368.301 140.332
548.152 194.548
1160.21 813.144
279.542 224.804
686.888 310.637
701.172 269.174
371.781 384.757
1093.75 885.808
195.986 162.753
1062.35 232.754
433.925 342.981
467.61 258.609
452.68 200.42
806.99 290.045
491.712 258.394
624.726 285.229
591.257 87.2912
673.247 710.211
334.981 118.679
530.768 637.833
399.759 67.8468
664.712 129.902
524.785 591.292
1234.91 227.158
445.78 236.648
215.469 326.77
486.464 254.539
1272.67 746.321
647.342 320.762
514.408 308.696
604.176 231.943
165.867 194.167
313.157 734.408
760.686 41.6007
476.095 208.364
198.187 478.862
549.232 856.264
500.523 294.366
1128.84 154.18
795.822 243.83
805.84 184.549
662.851 576.164
724.915 104.449
638.25 319.713
505.299 618.763
548.321 104.485
526.792 331.625
239.517 304.512
1035.05 749.497
788.568 314.835
888.371 142.226
1070.22 451.743
435.129 90.0844
652.016 219.765
522.615 355.291
585.812 89.4632
656.714 488.143
400.376 73.1304
1142.78 169.922
1050.09 262.972
379.402 200.824
323.687 379.597
656.777 134.258
627.312 78.8763
463.921 267.228
345.035 166.328
664.466 464.634
281.734 304.612
1072.27 914.627
472.463 765.79
737.32 277.404
908.144 142.907
227.769 718.204
535.284 327.602
520.623 849.689
196.965 151.023
625.027 286.203
622.286 255.121
410.391 596.151
699.171 56.3472
641.387 230.923
162.676 119.32
197.852 262.047
693.401 245.433
554.359 108.982
1104.33 766.195
1320.88 751.505
524.368 303.609
642.992 815.536
1278.71 755.138
383.14 382.43
499.979 343.244
434.248 62.6233
271.061 211.764
933.576 115.815
644.671 138.51
320.68 746.734
614.149 553.02
308.15 341.355
741.869 112.763
737.358 229.992
371.14 321.585
750.523 174.748
725.146 829.208
198.879 287.989
773.993 37.7298
253.601 198.394
444.153 301.872
624.028 228.786
524.315 325.766
428.58 259.499
214.883 724.261
463.335 221.106
1103.16 449.063
271.902 230.206
461.514 800.623
766.141 234.33
332.16 377.793
295.619 205.793
1270.19 741.604
517.954 310.108
503.914 582.08
330.117 375.062
537.868 324.632
605.943 731.352
776.64 284.407
373.719 335.286
1460.74 837.471
182.289 178.181
333.242 725.371
176.187 170.67
378.69 320.411
291.395 737.169
439.125 859.906
634.747 137.639
1324.09 715.04
641.423 798.27
379.869 135.652
328.276 264.115
470.218 148.938
471.169 232.046
484.251 328.424
490.506 339
431.175 143.232
532.933 845.607
462.49 219.004
219.602 157.086
365.349 379.61
718.223 118.318
493.163 667.421
1299.33 773.456
443.224 613.438
1037.16 731.867
370.179 366.896
660.33 133.097
672.641 309.957
256.691 215.79
1224.6 187.905
117.595 112.931
324.772 267.603
335.444 396.05
421.026 697.408
373.411 771.136
441.74 225.443
415.33 364.967
439.059 93.7985
923.078 240.333
302.926 382.764
969.665 127.2
666.923 64.8821
569.174 158.041
516.304 275.589
417.839 235.124
200.333 347.368
928.388 443.332
397.533 368.968
530.066 844.771
964.06 230.877
737.32 277.404
900.697 437.186
609.483 212.779
801.138 180.646
712.998 188.277
431.757 347.26
767.655 38.5608
995.162 825.835
934.273 112.339
640.57 322.545
343.821 146.824
472.853 564.119
1022.3 814.286
604.711 548.336
906.528 140.384
455.568 806.342
719.176 51.2811
432.823 131.654
195.08 213.303
715.61 243.162
1063.31 349.993
577.801 154.856
753.131 108.155
314.329 299.285
399.685 817.185
1091.33 904.126
1120.19 240.367
462.843 233.149
490.499 247.803
708.836 270.235
534.357 596.022
553.874 719.732
423.655 47.2922
406.473 149.312
335.645 149.898
712.799 227.191
503.788 580.812
801.042 243.707
308.265 383.126
462.499 108.702
209.571 119.128
1131.93 774.262
1140.43 172.646
294.508 205.597
667.45 315.004
470.917 321.711
375.81 362.47
1307.14 746.61
417.858 158.742
323.281 262.98
432.536 136.197
646.803 458.304
1282.78 773.35
674.681 311.719
286.643 720.043
418.013 59.0363
647.159 319.679
330.163 377.017
1055.91 214.819
897.573 139.273
403.849 486.252
379.163 376.584
1111.29 692.282
331.439 281.365
1102.14 766.736
468.364 332.177
593.078 543.331
183.06 166.124
452.77 654.758
299.132 400.753
729.982 105.916
1074.82 194.784
455.145 90.1005
214.632 268.874
634.854 78.0039
617.691 79.7195
435.241 534.713
938.023 139.936
457.456 821.518
693.21 125.502
313.302 352.561
375.81 362.47
1158.9 830.766
567.666 153.068
1075.8 895.873
512.015 787.827
410.286 651.922
686.961 116.085
673.928 127.376
242.35 210.342
254.242 395.607
443.125 844.739
962.097 105.841
1150.76 911.612
615.912 144.229
396.072 482.074
550.67 607.662
769.847 288.039
499.295 295.76
407.8 374.724
788.088 234.253
419.373 771.305
944.835 104.3
537.868 324.632
908.849 142.145
717.783 113.455
464.31 259.719
505.132 233.943
1140.23 903.157
1089.6 880.855
627.218 137.506
200.883 346.523
365.907 183.569
717.009 248.995
435.607 140.73
607.945 138.978
691.21 126.624
162.232 165.34
739.559 185.102
625.027 286.203
765.378 41.8032
1021.1 816.663
310.376 352.751
337.914 524.765
698.1 121.022
548.969 93.8785
402.134 365.696
1051.62 204.576
207.366 122.837
520.519 330.932
1296.31 726.177
283.851 752.951
283.941 252.734
215.611 160.245
603.23 152.448
685.93 308.155
1151.31 221.049
1066.5 230.842
411.407 351.392
503.404 252.326
491.191 259.34
641.423 798.27
473.744 320.477
735.169 49.6458
457.847 177.281
439.059 93.7985
266.119 195.46
486.672 253.371
413.744 702.272
811.733 195.553
690.07 309.177
624.726 285.229
1158.94 227.17
788.589 168.904
449.817 10.369
575.185 719.425
436.572 153.604
268.056 710.508
947.535 108.295
432.823 60.0857
602.947 151.735
268.156 392.617
502.225 321.134
418.275 322.163
475.102 194.199
307.718 405.476
205.378 468.44
1190.36 437.538
390.961 111.449
306.178 351.526
500.667 221.253
1087.99 229.952
211.089 116.315
477.186 149.678
548.838 659.968
490.27 691.693
472.462 259.935
626.23 143.201
723.614 118.997
595.768 568.03
391.185 153.924
663.647 455.99
484.684 322.813
1073.87 245.378
431.134 345.34
734.751 104.137
352.211 232.761
472.158 259.736
690.52 188.096
410.391 596.151
903.234 445.67
451.839 329.118
1149.04 158.223
1302.81 738.909
432.121 65.4435
390.233 355.714
152.075 132.528
448.979 92.9342
580.098 884.443
494.277 313.984
373.358 631.586
675.995 307.029
294.508 205.597
1149.09 815.318
396.227 366.859
424.926 82.8264
1312.04 771.513
664.22 319.035
405.341 354.669
470.383 567.224
629.872 137.026
365.251 103.264
351.822 757.642
438.69 739.908
444.087 729.527
369.319 800.3
1212.17 467.819
301.533 383.858
637.894 83.9878
334.627 334.693
622.287 140.007
206.404 313.645
199.015 295.724
673.919 259.86
743.619 249.715
1359.82 625.102
882.381 84.5121
1186.03 421.35
455.122 508.34
1087.3 881.875
623.076 142.341
753.658 275.229
332.22 278.855
1072.72 244.844
947.035 133.683
647.124 233.995
674.958 270.713
465.426 261.317
416.301 364.52
544.888 184.539
374.274 182.082
507.34 234.6
501.358 281.699
271.061 211.764
1166.13 155.884
1307.21 737.534
730.999 108.143
652.667 935.717
384.684 588.888
693.608 180.073
548.157 765.487
320.105 390.389
452.105 213.651
1143.21 262.172
634.19 133.277
445.336 332.577
679.731 127.757
422.44 166.927
171.154 133.376
409.577 190.427
467.785 645.665
635.136 597.135
1055.89 204.736
562.232 874.329
1270.66 730.472
267.672 203.671
490.655 283.626
788.981 156.005
1060.25 223.445
370.717 61.3591
668.886 135.544
652.849 935.428
697.377 188.759
1067.58 242.375
667.443 125.991
224.102 720.448
628.204 140.808
782.595 182.971
324.191 351.141
595.572 573.051
792.211 239.883
250.271 369.703
470.337 186.642
448.952 180.736
453.217 837.35
758.618 183.833
308.27 301.711
1200.91 455.436
233.818 203.135
720.814 117.048
788.589 168.904
1091.34 297.718
425.089 368.636
697.906 187.739
379.163 376.584
490.673 313.362
803.854 183.979
367.063 250.123
304.506 272.125
200.883 346.523
171.153 169.772
696.166 275.883
464.373 168.089
302.184 176.465
1389.14 688.395
1085.39 220.578
328.336 399.626
1079.15 891.591
390.103 70.7797
577.585 631.563
756.745 108.18
264.724 393.402
449.767 835.504
532.545 852.128
326.018 281.185
752.377 247.48
794.862 276.334
429.952 141.142
454.205 339.696
774.043 317.493
409.762 321.897
196.848 150.367
1145.17 255.721
1278.13 760.022
1124.22 147.913
709.564 115.794
332.22 278.855
467.724 234.195
444.408 15.1838
764.734 246.166
568.478 611.71
440.006 859.105
618.555 893.039
1343.88 624.588
350.239 375.497
491.312 255.479
735.711 103.955
1265.78 759.583
800.739 318.287
350.743 166.45
1112.74 703.023
430.244 230.64
886.808 142.267
818.733 143.084
322.175 243.558
401.8 311.76
523.894 581.818
684.108 309.686
712.959 54.8292
412.547 263.443
414.749 589.528
649.762 319.054
946.925 136.716
917.133 135.182
485.41 348.624
755.092 237.385
281.35 200.597
1342.24 641.082
451.252 79.1554
310.673 399.852
556.09 102.217
515.735 644.188
747.943 222.673
325.468 378.409
524.122 302.589
471.997 187.344
420.47 167.051
1112.85 896.655
407.525 519.996
420.448 181.324
305.798 386.157
462.659 295.253
736.719 242.528
535.802 594.57
796.266 289.912
986.29 111.986
441.179 49.5276
399.571 62.1958
557.929 786.19
282.795 722.366
325.468 378.409
796.124 275.904
309.331 354.174
656.645 284.913
1159.44 208.273
424.213 160.802
768.714 315.83
605.394 147.624
382.565 375.501
1285.79 784.199
416.56 124.46
206.315 300.184
1190.07 419.835
380.281 374.244
496.984 344.32
457.154 293.735
