0 1860
1 326
2 688
3 2575
4 3416
5 3426
6 1924
7 1456
8 2739
9 5902
10 3273
11 4974
12 2532
13 3497
14 3946
15 6401
16 4022
17 5554
18 2421
19 1367
20 5768
21 2894
22 337
23 2809
24 4656
25 2519
26 2629
27 1517
28 2412
29 1441
30 2368
31 1405
32 0
33 5556
34 1335
35 2518
36 3170
37 2273
38 1889
39 333
40 21
41 1332
42 4503
43 1070
44 5892
45 5009
46 3568
47 1079
48 2532
49 2675
50 244
51 2794
52 2698
53 19
54 4951
55 847
56 3960
57 3622
58 4700
59 6478
60 2523
61 4190
62 2412
63 3276
64 1998
65 3201
66 2103
67 5225
68 481
69 5763
70 3251
71 6106
72 28
73 1415
74 2518
75 1852
76 960
77 1072
78 3307
79 1992
80 5781
81 2431
82 3815
83 3387
84 5223
85 6027
86 4837
87 4585
88 3421
89 4102
90 116
91 3934
92 2532
93 2535
94 5983
95 6484
96 2121
97 24
98 5151
99 2102
100 6168
101 5435
102 5101
103 3487
104 2555
105 2948
106 3251
107 2697
108 1857
109 6270
110 1015
111 4661
112 2707
113 4024
114 2168
115 2411
116 2528
117 1232
118 1361
119 2019
120 4052
121 5970
122 4319
123 462
124 3205
125 6200
126 3125
127 5350
128 756
129 241
130 4086
131 3111
132 2529
133 3635
134 3833
135 4825
136 6286
137 1519
138 3975
139 1315
140 3024
141 2532
142 2525
143 5845
144 3921
145 4994
146 1650
147 1279
148 432
149 4346
150 1120
151 2903
152 391
153 3302
154 572
155 4485
156 1347
157 4530
158 2126
159 885
160 4061
161 3229
162 5519
163 855
164 21
165 2521
166 5457
167 5685
168 445
169 3583
170 5200
171 2525
172 2853
173 4409
174 5761
175 3068
176 40
177 4661
178 2087
179 25
180 3481
181 3407
182 2248
183 3333
184 5947
185 2796
186 5617
187 2320
188 3901
189 1822
190 3424
191 2353
192 5966
193 4339
194 2273
195 3300
196 5766
197 551
198 1703
199 3885
200 4482
201 4258
202 1996
203 5512
204 3804
205 4278
206 4038
207 2952
208 2416
209 2575
210 2015
211 4982
212 4824
213 3304
214 3229
215 5998
216 3434
217 3936
218 1515
219 2797
220 1783
221 355
222 1724
223 2759
224 396
225 11
226 3236
227 2335
228 5920
229 6436
230 2945
231 2417
232 4762
233 6190
234 5827
235 1723
236 2037
237 2388
238 2402
239 2473
240 4935
241 6086
242 6286
243 6305
244 5354
245 1704
246 2358
247 6286
248 2657
249 5594
250 2135
251 669
252 6146
253 2751
254 2078
255 3823
256 1222
257 5997
258 5745
259 5845
260 31
261 5485
262 631
263 2535
264 2518
265 4309
266 6238
267 25
268 2343
269 2519
270 3091
271 5703
272 4106
273 595
274 3537
275 677
276 3333
277 4160
278 24
279 4506
280 3362
281 6230
282 2350
283 5973
284 5588
285 3201
286 3795
287 4447
288 4837
289 2354
290 458
291 3348
292 1485
293 2661
294 6452
295 5066
296 216
297 1923
298 2386
299 3786
300 5671
301 1708
302 4150
303 3609
304 17
305 2966
306 1958
307 5384
308 5179
309 3678
310 4945
311 3401
312 1014
313 64
314 2530
315 5505
316 5580
317 1497
318 6360
319 3362
320 3091
321 2836
322 2809
323 3714
324 1295
325 3400
326 814
327 6347
328 3247
329 2600
330 2402
331 4289
332 1107
333 4037
334 2128
335 1005
336 1348
337 3902
338 2810
339 1350
340 5966
341 5553
342 3477
343 355
344 4042
345 221
346 6009
347 320
348 3722
349 2250
350 3521
351 1608
352 3062
353 3131
354 885
355 3473
356 3704
357 2549
358 2498
359 1626
360 5679
361 2518
362 2866
363 4445
364 2134
365 3301
366 3518
367 4134
368 5219
369 3488
370 3776
371 670
372 3724
373 3552
374 3457
375 592
376 3531
377 3552
378 3091
379 3883
380 3089
381 1468
382 2795
383 21
384 6407
385 2058
386 2947
387 2503
388 4471
389 1668
390 1386
391 4427
392 2363
393 1483
394 5598
395 326
396 3587
397 1347
398 3609
399 4178
400 1064
401 5976
402 391
403 2518
404 1422
405 3819
406 2377
407 5745
408 859
409 1347
410 1740
411 2080
412 3400
413 2530
414 3079
415 4531
416 2866
417 784
418 3175
419 4552
420 2540
421 6005
422 1862
423 1448
424 821
425 2870
426 4350
427 3308
428 4582
429 2670
430 5055
431 3733
432 5676
433 5038
434 64
435 775
436 2343
437 4344
438 516
439 6422
440 5824
441 6236
442 2725
443 377
444 5651
445 2980
446 6107
447 4288
448 1065
449 3938
450 349
451 5185
452 2249
453 282
454 3222
455 6125
456 2941
457 3336
458 6370
459 5551
460 6050
461 5084
462 2586
463 5257
464 2966
465 4645
466 3772
467 6452
468 4875
469 2264
470 6415
471 3915
472 5174
473 5460
474 6092
475 2980
476 3108
477 5539
478 5496
479 2968
480 2055
481 5542
482 732
483 5924
484 4057
485 5497
486 286
487 2072
488 5681
489 1961
490 4541
491 1972
492 28
493 1962
494 2061
495 5844
496 2478
497 3066
498 2529
499 6250
500 5805
501 3200
502 3944
503 5508
504 2461
505 1837
506 3719
507 6102
508 2977
509 677
510 2950
511 3274
512 4876
513 1348
514 783
515 4549
516 6028
517 5314
518 960
519 3598
520 6111
521 2124
522 2519
523 2213
524 1938
525 3110
526 3113
527 1725
528 1365
529 1569
530 4125
531 6372
532 318
533 670
534 2305
535 5028
536 1995
537 1792
538 4010
539 695
540 4150
541 1772
542 6102
543 5776
544 1314
545 5628
546 4363
547 373
548 1894
549 769
550 5858
551 5068
552 1515
553 1063
554 4510
555 3818
556 4170
557 4190
558 4644
559 3837
560 5902
561 1845
562 6200
563 3726
564 2305
565 2197
566 3243
567 2822
568 3971
569 3226
570 5574
571 4811
572 3944
573 336
574 1519
575 1030
576 2439
577 4282
578 1271
579 3183
580 4710
581 1436
582 4749
583 3904
584 3240
585 413
586 1519
587 1636
588 6085
589 471
590 4134
591 2518
592 2953
593 4001
594 2383
595 4596
596 6253
597 3548
598 2297
599 5371
600 2163
601 3774
602 3292
603 2779
604 4900
605 4872
606 4541
607 2600
608 5798
609 6153
610 4096
611 2433
612 4154
613 2666
614 6283
615 2952
616 2046
617 4258
618 5384
619 3300
620 5727
621 535
622 1478
623 5966
624 2415
625 2250
626 1739
627 6253
628 5302
629 2629
630 4549
631 3080
632 3186
633 2948
634 4258
635 295
636 2607
637 2974
638 6091
639 117
640 3338
641 6013
642 5704
643 748
644 5157
645 6176
646 4134
647 4094
648 2809
649 5503
650 4343
651 627
652 751
653 3761
654 3311
655 5951
656 4117
657 4343
658 3142
659 2536
660 1521
661 2000
662 5539
663 3136
664 6331
665 2701
666 5260
667 2530
668 1222
669 1660
670 5194
671 2769
672 2102
673 6175
674 3479
675 4950
676 5542
677 4041
678 3294
679 4
680 3185
681 3409
682 1940
683 396
684 3337
685 2525
686 1596
687 2419
688 2709
689 5678
690 2392
691 1699
692 323
693 1626
694 3162
695 5813
696 2008
697 6331
698 522
699 6450
700 6252
701 1663
702 2943
703 5355
704 6073
705 3678
706 11
707 477
708 40
709 2814
710 29
711 3424
712 5029
713 2952
714 2398
715 6084
716 5843
717 3755
718 5849
719 3173
720 3865
721 6237
722 2779
723 3079
724 3481
725 4190
726 3354
727 1940
728 2250
729 4096
730 2183
731 1958
732 5371
733 2525
734 5728
735 833
736 1498
737 4166
738 3362
739 676
740 14
741 6065
742 4569
743 2792
744 4180
745 3909
746 488
747 1238
748 116
749 1519
750 5226
751 2410
752 1455
753 6286
754 6006
755 1490
756 1931
757 1459
758 1907
759 2478
760 5025
761 5675
762 2176
763 3944
764 3868
765 2820
766 2519
767 1586
768 511
769 5223
770 5204
771 3274
772 1556
773 957
774 220
775 1586
776 4554
777 4056
778 1715
779 2607
780 320
781 4149
782 1698
783 3253
784 4491
785 4290
786 2369
787 5276
788 573
789 2126
790 5600
791 3914
792 4459
793 2596
794 3474
795 5546
796 3557
797 6015
798 5829
799 3338
800 3201
801 1700
802 4258
803 3508
804 3705
805 4937
806 587
807 4134
808 2777
809 3365
810 3159
811 2987
812 1354
813 6261
814 5981
815 6161
816 2972
817 1855
818 266
819 3197
820 1250
821 3781
822 3004
823 3100
824 396
825 2851
826 3528
827 5505
828 6291
829 1793
830 1148
831 1301
832 2702
833 4822
834 1846
835 2386
836 3768
837 5884
838 1015
839 2364
840 5055
841 3521
842 3236
843 6445
844 6356
845 2987
846 1238
847 5055
848 3656
849 3183
850 3236
851 6100
852 6425
853 6407
854 6459
855 495
856 3760
857 3243
858 2455
859 2080
860 326
861 3
862 2801
863 5549
864 1989
865 355
866 2495
867 3218
868 5984
869 4065
870 1483
871 2704
872 2142
873 3243
874 5401
875 2607
876 3844
877 3598
878 3606
879 1393
880 461
881 1429
882 5496
883 3227
884 4307
885 6272
886 4322
887 4109
888 5001
889 2275
890 1847
891 3014
892 3478
893 2976
894 3772
895 18
896 5140
897 2395
898 2424
899 4064
900 6371
901 682
902 3760
903 323
904 2674
905 1281
906 3764
907 6348
908 13
909 2001
910 2610
911 1841
912 6477
913 5020
914 2529
915 2670
916 2524
917 5583
918 5960
919 21
920 5840
921 855
922 2524
923 3041
924 6010
925 5416
926 6200
927 4039
928 5544
929 2163
930 846
931 899
932 5769
933 4858
934 2535
935 2380
936 2421
937 2584
938 2458
939 1371
940 2529
941 6161
942 1290
943 2532
944 4128
945 1416
946 1840
947 2535
948 5183
949 1890
950 6093
951 5286
952 149
953 5485
954 3272
955 3274
956 714
957 3344
958 3571
959 1364
960 4081
961 3138
962 2832
963 3066
964 2459
965 6073
966 4316
967 260
968 6477
969 2492
970 46
971 5145
972 4139
973 3308
974 2022
975 966
976 2989
977 3312
978 3575
979 1907
980 2387
981 1015
982 1121
983 3690
984 6011
985 3191
986 2532
987 2537
988 3243
989 4922
990 643
991 1163
992 6104
993 1920
994 4100
995 2416
996 5983
997 2392
998 1557
999 620
1000 6436
1001 5019
1002 5869
1003 3489
1004 5399
1005 4895
1006 2340
1007 5066
1008 2522
1009 3733
1010 3525
1011 5669
1012 1776
1013 6167
1014 3428
1015 1277
1016 3448
1017 2678
1018 1519
1019 3798
1020 6487
1021 4923
1022 2435
1023 6194
1024 2061
1025 5055
1026 2851
1027 259
1028 2519
1029 138
1030 3826
1031 3229
1032 2176
1033 4279
1034 5052
1035 3798
1036 4142
1037 5188
1038 3355
1039 4090
1040 28
1041 2408
1042 1480
1043 3266
1044 3698
1045 5949
1046 2827
1047 3311
1048 310
1049 2956
1050 3386
1051 6028
1052 5199
1053 6463
1054 634
1055 5571
1056 3258
1057 2311
1058 2524
1059 304
1060 1493
1061 147
1062 3499
1063 5735
1064 3947
1065 3481
1066 4531
1067 5
1068 966
1069 2535
1070 5411
1071 6087
1072 3260
1073 2099
1074 1730
1075 1455
1076 2783
1077 2401
1078 3417
1079 6491
1080 5355
1081 6105
1082 1497
1083 2011
1084 3550
1085 6154
1086 2993
1087 6378
1088 3380
1089 2698
1090 3123
1091 3263
1092 1714
1093 3574
1094 2527
1095 6477
1096 6321
1097 3513
1098 2518
1099 2527
1100 1988
1101 5525
1102 705
1103 3201
1104 3481
1105 1064
1106 1698
1107 4687
1108 4168
1109 4190
1110 1804
1111 2421
1112 3995
1113 3690
1114 2535
1115 1457
1116 3485
1117 4058
1118 3243
1119 2535
1120 3218
1121 421
1122 1213
1123 1685
1124 2328
1125 842
1126 5521
1127 6102
1128 562
1129 2810
1130 2453
1131 527
1132 5068
1133 5093
1134 4762
1135 1517
1136 1722
1137 21
1138 4032
1139 4983
1140 4872
1141 3302
1142 1519
1143 308
1144 1798
1145 2478
1146 799
1147 3808
1148 2698
1149 6213
1150 3065
1151 5848
1152 1895
1153 1375
1154 5553
1155 3300
1156 2658
1157 2535
1158 1682
1159 6211
1160 2075
1161 2513
1162 1519
1163 2010
1164 3299
1165 5730
1166 6191
1167 5011
1168 1430
1169 3607
1170 1872
1171 5066
1172 3110
1173 1763
1174 3150
1175 5816
1176 3760
1177 2752
1178 1865
1179 1396
1180 5143
1181 2973
1182 284
1183 2906
1184 3971
1185 2363
1186 3865
1187 3438
1188 997
1189 3816
1190 2814
1191 1454
1192 4987
1193 5117
1194 2747
1195 4121
1196 1433
1197 518
1198 3145
1199 5594
1200 3190
1201 5371
1202 2435
1203 2518
1204 6073
1205 4139
1206 2520
1207 3418
1208 1986
1209 2025
1210 3488
1211 4939
1212 5516
1213 5687
1214 4923
1215 491
1216 2354
1217 2953
1218 2663
1219 2600
1220 1515
1221 5225
1222 3958
1223 4532
1224 2754
1225 3015
1226 4165
1227 1496
1228 4317
1229 3762
1230 1900
1231 3205
1232 2535
1233 1877
1234 5736
1235 347
1236 376
1237 5224
1238 3957
1239 3954
1240 4017
1241 2932
1242 956
1243 2264
1244 5055
1245 2519
1246 4832
1247 3698
1248 3416
1249 5661
1250 4340
1251 1345
1252 1799
1253 2369
1254 5021
1255 2946
1256 1459
1257 6111
1258 1636
1259 4999
1260 1515
1261 6002
1262 6101
1263 3684
1264 2988
1265 3869
1266 1585
1267 4141
1268 1346
1269 3446
1270 2939
1271 4028
1272 2669
1273 3371
1274 2551
1275 3650
1276 2021
1277 1975
1278 5321
1279 2586
1280 3236
1281 1064
1282 3714
1283 3698
1284 5614
1285 3391
1286 3499
1287 775
1288 3301
1289 3956
1290 309
1291 4133
1292 6206
1293 377
1294 2134
1295 2988
1296 589
1297 3107
1298 5098
1299 6282
1300 5569
1301 4827
1302 5530
1303 480
1304 2256
1305 3644
1306 543
1307 2663
1308 1364
1309 3900
1310 5872
1311 1490
1312 3453
1313 3858
1314 5571
1315 3530
1316 6157
1317 4134
1318 2525
1319 6100
1320 2331
1321 5157
1322 1329
1323 1985
1324 325
1325 2533
1326 396
1327 2692
1328 5614
1329 3541
1330 2120
1331 1521
1332 2067
1333 1895
1334 1110
1335 6007
1336 6236
1337 1319
1338 5942
1339 3297
1340 3251
1341 2575
1342 34
1343 2436
1344 1492
1345 864
1346 1304
1347 3309
1348 1685
1349 4392
1350 3495
1351 3416
1352 2904
1353 3254
1354 2389
1355 6286
1356 3087
1357 2209
1358 4049
1359 3966
1360 4645
1361 1120
1362 2709
1363 4165
1364 4279
1365 6018
1366 1755
1367 2490
1368 5775
1369 28
1370 2060
1371 6371
1372 876
1373 5015
1374 1068
1375 5217
1376 2124
1377 1367
1378 604
1379 3129
1380 5735
1381 24
1382 3355
1383 3091
1384 6286
1385 2787
1386 2993
1387 3115
1388 5552
1389 5364
1390 5695
1391 4180
1392 6116
1393 5919
1394 1492
1395 1448
1396 770
1397 2857
1398 1136
1399 2530
1400 1455
1401 2984
1402 2678
1403 5628
1404 355
1405 2284
1406 1110
1407 372
1408 3298
1409 1318
1410 165
1411 1032
1412 2032
1413 1282
1414 1807
1415 462
1416 4601
1417 3479
1418 4971
1419 4036
1420 4858
1421 4397
1422 1760
1423 2702
1424 3414
1425 1498
1426 4282
1427 5797
1428 956
1429 5765
1430 1754
1431 1110
1432 1414
1433 3736
1434 3058
1435 5724
1436 1270
1437 3728
1438 485
1439 3310
1440 5370
1441 3364
1442 2438
1443 3292
1444 4020
1445 1314
1446 1735
1447 4763
1448 2113
1449 4544
1450 1297
1451 842
1452 4582
1453 6459
1454 1515
1455 2525
1456 3267
1457 24
1458 908
1459 1520
1460 5442
1461 1326
1462 854
1463 1273
1464 1393
1465 3801
1466 1983
1467 4465
1468 27
1469 406
1470 4503
1471 5486
1472 5579
1473 3276
1474 5814
1475 3274
1476 2528
1477 1060
1478 4634
1479 2310
1480 2532
1481 1181
1482 3896
1483 3086
1484 5031
1485 3330
1486 1319
1487 1241
1488 3971
1489 1242
1490 3181
1491 2684
1492 3181
1493 1234
1494 2300
1495 3467
1496 4157
1497 5410
1498 3229
1499 1346
1500 6346
1501 1510
1502 3737
1503 3735
1504 3308
1505 6334
1506 5241
1507 6005
1508 1337
1509 4077
1510 3175
1511 3236
1512 1000
1513 2310
1514 3797
1515 1804
1516 359
1517 2525
1518 3059
1519 5841
1520 5377
1521 274
1522 1590
1523 1992
1524 3380
1525 4566
1526 1135
1527 5066
1528 4260
1529 2607
1530 5546
1531 981
1532 1721
1533 2466
1534 3834
1535 2472
1536 3936
1537 1515
1538 2123
1539 1737
1540 4003
1541 3173
1542 3142
1543 2613
1544 3181
1545 2807
1546 4271
1547 5413
1548 3810
1549 4258
1550 3229
1551 1161
1552 3763
1553 6392
1554 736
1555 3079
1556 5219
1557 1481
1558 1945
1559 2533
1560 2525
1561 733
1562 1881
1563 506
1564 3609
1565 61
1566 6370
1567 1316
1568 3798
1569 1031
1570 4264
1571 4334
1572 1143
1573 5539
1574 681
1575 6168
1576 1175
1577 6052
1578 2428
1579 2497
1580 518
1581 3353
1582 4197
1583 3490
1584 732
1585 6256
1586 2301
1587 2532
1588 6073
1589 2207
1590 3079
1591 602
1592 1741
1593 3583
1594 6269
1595 3306
1596 5273
1597 6234
1598 4642
1599 1436
1600 3123
1601 4288
1602 6395
1603 2607
1604 723
1605 2722
1606 2891
1607 4168
1608 3636
1609 3480
1610 1659
1611 3073
1612 4097
1613 3721
1614 1851
1615 101
1616 1401
1617 5617
1618 2519
1619 464
1620 391
1621 6432
1622 4344
1623 2664
1624 4485
1625 2629
1626 2530
1627 6049
1628 21
1629 1154
1630 6073
1631 1336
1632 355
1633 3865
1634 5815
1635 5614
1636 3854
1637 18
1638 2700
1639 1097
1640 2467
1641 3608
1642 332
1643 1492
1644 5210
1645 4134
1646 2134
1647 4117
1648 1872
1649 3311
1650 3248
1651 5980
1652 1097
1653 3828
1654 1144
1655 4215
1656 6237
1657 2515
1658 4504
1659 4656
1660 5851
1661 2792
1662 5585
1663 2666
1664 3934
1665 5396
1666 5907
1667 1307
1668 6103
1669 6422
1670 2932
1671 6212
1672 1164
1673 4986
1674 4929
1675 1691
1676 4926
1677 2461
1678 3404
1679 3251
1680 6102
1681 1373
1682 30
1683 4978
1684 2732
1685 3669
1686 2998
1687 4682
1688 5236
1689 3764
1690 2484
1691 8
1692 5996
1693 5849
1694 1557
1695 1299
1696 6286
1697 5311
1698 5797
1699 3831
1700 4228
1701 2404
1702 2423
1703 3978
1704 3235
1705 4196
1706 6169
1707 2071
1708 3613
1709 2535
1710 6477
1711 2498
1712 5388
1713 2535
1714 2265
1715 6285
1716 1225
1717 2772
1718 2447
1719 6316
1720 4274
1721 3072
1722 2607
1723 2518
1724 1523
1725 2129
1726 3776
1727 1235
1728 2469
1729 3609
1730 6286
1731 3172
1732 3223
1733 5268
1734 5061
1735 3189
1736 1320
1737 3699
1738 4275
1739 6032
1740 852
1741 5851
1742 5810
1743 5628
1744 2324
1745 2500
1746 5561
1747 5576
1748 6200
1749 783
1750 6245
1751 3006
1752 3332
1753 336
1754 1446
1755 2687
1756 2607
1757 301
1758 1767
1759 3165
1760 5174
1761 2525
1762 1022
1763 1805
1764 201
1765 1948
1766 6415
1767 6007
1768 1326
1769 2702
1770 6060
1771 3497
1772 333
1773 3535
1774 2102
1775 2017
1776 4489
1777 4171
1778 2435
1779 2433
1780 5256
1781 3306
1782 5529
1783 3869
1784 679
1785 1340
1786 461
1787 2373
1788 1202
1789 944
1790 3976
1791 2850
1792 269
1793 3954
1794 3474
1795 2832
1796 5027
1797 396
1798 3916
1799 876
1800 3805
1801 5711
1802 2743
1803 4148
1804 3190
1805 1735
1806 2410
1807 2518
1808 5996
1809 3481
1810 5588
1811 1803
1812 2516
1813 4873
1814 2700
1815 4162
1816 1950
1817 999
1818 1238
1819 1791
1820 3951
1821 1015
1822 4849
1823 6313
1824 4464
1825 1307
1826 5260
1827 5036
1828 1995
1829 5039
1830 6130
1831 4703
1832 1839
1833 1630
1834 5518
1835 5163
1836 3778
1837 3229
1838 3552
1839 615
1840 3620
1841 6481
1842 3294
1843 5167
1844 5966
1845 1290
1846 1519
1847 4340
1848 6206
1849 106
1850 2481
1851 2328
1852 483
1853 3271
1854 4874
1855 5357
1856 5580
1857 6436
1858 2037
1859 3583
1860 6274
1861 5460
1862 28
1863 5547
1864 3393
1865 3452
1866 4466
1867 1068
1868 2607
1869 3948
1870 1802
1871 24
1872 2997
1873 1253
1874 2738
1875 4282
1876 305
1877 4109
1878 324
1879 4114
1880 3369
1881 3779
1882 21
1883 2215
1884 2759
1885 6200
1886 5613
1887 1520
1888 6323
1889 5869
1890 3387
1891 4171
1892 11
1893 3543
1894 1596
1895 1510
1896 486
1897 783
1898 6010
1899 1515
1900 2207
1901 1258
1902 5351
1903 4950
1904 885
1905 6402
1906 2033
1907 3846
1908 4048
1909 2362
1910 5981
1911 15
1912 304
1913 2060
1914 4663
1915 1758
1916 3368
1917 1745
1918 4022
1919 2082
1920 2809
1921 13
1922 3539
1923 2416
1924 2145
1925 21
1926 3292
1927 1326
1928 3424
1929 2811
1930 2680
1931 1756
1932 29
1933 741
1934 5870
1935 3018
1936 1696
1937 5736
1938 27
1939 1756
1940 2698
1941 3957
1942 5983
1943 6422
1944 2524
1945 6418
1946 5895
1947 6064
1948 4101
1949 4993
1950 1704
1951 3946
1952 12
1953 2237
1954 2690
1955 1519
1956 2851
1957 4537
1958 1387
1959 6436
1960 2528
1961 6369
1962 2347
1963 6429
1964 5757
1965 5684
1966 2752
1967 2421
1968 2960
1969 266
1970 6256
1971 5423
1972 2685
1973 1376
1974 1422
1975 5056
1976 2804
1977 5612
1978 5895
1979 6274
1980 3613
1981 6007
1982 4142
1983 3970
1984 3454
1985 3893
1986 2533
1987 3306
1988 5787
1989 1726
1990 6200
1991 6436
1992 1159
1993 4122
1994 468
1995 6422
1996 1996
1997 1861
1998 3776
1999 5966
2000 1346
2001 787
2002 300
2003 3142
2004 2809
2005 2673
2006 1823
2007 2519
2008 2121
2009 3951
2010 6200
2011 1024
2012 3733
2013 3488
2014 1366
2015 2233
2016 5157
2017 2655
2018 6100
2019 3690
2020 500
2021 5092
2022 1377
2023 2311
2024 4343
2025 2830
2026 1302
2027 3243
2028 6054
2029 2722
2030 2406
2031 6436
2032 2163
2033 2698
2034 2837
2035 2580
2036 5663
2037 406
2038 875
2039 6156
2040 1509
2041 5432
2042 4294
2043 1519
2044 2474
2045 2240
2046 704
2047 5601
2048 2698
2049 661
2050 1200
2051 4152
2052 11
2053 5242
2054 2365
2055 1396
2056 2532
2057 4343
2058 5916
2059 4173
2060 5359
2061 1284
2062 405
2063 1726
2064 2476
2065 3294
2066 3306
2067 6477
2068 546
2069 3302
2070 1349
2071 25
2072 3971
2073 2386
2074 3691
2075 1862
2076 2234
2077 4205
2078 6144
2079 21
2080 5337
2081 1733
2082 2416
2083 3732
2084 1809
2085 2416
2086 11
2087 2428
2088 4252
2089 4279
2090 4847
2091 1515
2092 1242
2093 3693
2094 765
2095 6157
2096 4954
2097 3243
2098 3308
2099 1804
2100 1331
2101 3987
2102 2297
2103 3737
2104 1829
2105 3135
2106 3853
2107 3363
2108 3087
2109 21
2110 164
2111 998
2112 1962
2113 5180
2114 4290
2115 1487
2116 521
2117 1314
2118 1857
2119 3525
2120 2680
2121 2712
2122 6283
2123 3662
2124 4093
2125 1531
2126 2835
2127 2856
2128 1353
2129 5355
2130 4084
2131 5617
2132 3254
2133 3327
2134 5585
2135 2469
2136 13
2137 5969
2138 4291
2139 3827
2140 2483
2141 6176
2142 6436
2143 3869
2144 308
2145 5542
2146 4243
2147 2124
2148 3613
2149 4
2150 960
2151 2276
2152 2519
2153 2055
2154 4134
2155 320
2156 2221
2157 149
2158 3550
2159 4682
2160 5185
2161 2575
2162 2143
2163 5255
2164 6380
2165 2736
2166 2511
2167 5380
2168 4885
2169 24
2170 5957
2171 5870
2172 3193
2173 5119
2174 2836
2175 4270
2176 2519
2177 2497
2178 24
2179 4824
2180 1143
2181 2914
2182 3142
2183 3972
2184 3306
2185 4411
2186 2116
2187 2030
2188 4662
2189 3536
2190 2443
2191 2963
2192 3231
2193 2163
2194 258
2195 4247
2196 4230
2197 2875
2198 3402
2199 3796
2200 3775
2201 1497
2202 2674
2203 2183
2204 293
2205 3906
2206 535
2207 1567
2208 1861
2209 1970
2210 107
2211 2029
2212 755
2213 752
2214 2948
2215 1804
2216 2533
2217 3661
2218 2530
2219 2946
2220 2843
2221 2367
2222 3985
2223 309
2224 377
2225 401
2226 2528
2227 2495
2228 3387
2229 4260
2230 2307
2231 5439
2232 2013
2233 1559
2234 3083
2235 1372
2236 4937
2237 2519
2238 5782
2239 248
2240 6357
2241 2173
2242 2526
2243 2989
2244 266
2245 4090
2246 3500
2247 1519
2248 1918
2249 24
2250 787
2251 4109
2252 1418
2253 40
2254 3297
2255 3958
2256 6293
2257 3967
2258 336
2259 5604
2260 2532
2261 2378
2262 5296
2263 3768
2264 5782
2265 3243
2266 1516
2267 1582
2268 2678
2269 2989
2270 5719
2271 5902
2272 7
2273 6253
2274 250
2275 4949
2276 2745
2277 3869
2278 3214
2279 2421
2280 6111
2281 5757
2282 2827
2283 5946
2284 3257
2285 4101
2286 2905
2287 122
2288 3236
2289 2822
2290 5668
2291 6006
2292 1901
2293 4082
2294 4222
2295 2308
2296 3713
2297 3484
2298 4363
2299 3251
2300 1801
2301 28
2302 5919
2303 2530
2304 5232
2305 2709
2306 3856
2307 2046
2308 3112
2309 2525
2310 5538
2311 240
2312 2600
2313 3190
2314 5094
2315 2521
2316 3539
2317 5563
2318 6311
2319 3522
2320 2262
2321 2700
2322 2530
2323 3253
2324 2012
2325 2424
2326 2460
2327 1789
2328 136
2329 5554
2330 6370
2331 5064
2332 1508
2333 733
2334 2925
2335 2242
2336 6470
2337 5879
2338 4125
2339 5124
2340 5690
2341 3416
2342 3737
2343 2821
2344 1630
2345 3869
2346 5965
2347 1072
2348 3456
2349 3486
2350 2935
2351 1299
2352 1455
2353 1821
2354 6129
2355 5411
2356 3698
2357 3055
2358 2941
2359 13
2360 1926
2361 2530
2362 4168
2363 21
2364 1439
2365 5042
2366 2138
2367 511
2368 2255
2369 2163
2370 2577
2371 1822
2372 3011
2373 2535
2374 3377
2375 5005
2376 1799
2377 3027
2378 2001
2379 3161
2380 6477
2381 4112
2382 152
2383 2364
2384 6033
2385 5984
2386 3110
2387 2532
2388 3131
2389 3365
2390 886
2391 4
2392 5460
2393 6371
2394 3967
2395 2211
2396 3556
2397 5724
2398 476
2399 2671
2400 6051
2401 2533
2402 4850
2403 5224
2404 325
2405 284
2406 2528
2407 2490
2408 6421
2409 2894
2410 5562
2411 1992
2412 2527
2413 975
2414 2836
2415 6253
2416 3130
2417 6119
2418 2128
2419 5884
2420 2856
2421 6436
2422 2607
2423 4315
2424 4682
2425 4552
2426 5495
2427 2332
2428 3707
2429 2891
2430 1948
2431 2600
2432 337
2433 4333
2434 5030
2435 2516
2436 4081
2437 2345
2438 3507
2439 4193
2440 2870
2441 3882
2442 828
2443 3308
2444 1072
2445 4257
2446 2804
2447 2126
2448 4511
2449 6286
2450 5048
2451 3598
2452 5617
2453 6251
2454 6475
2455 1668
2456 5385
2457 1867
2458 5673
2459 5694
2460 3091
2461 5541
2462 6178
2463 569
2464 2094
2465 3926
2466 4532
2467 5142
2468 3613
2469 5130
2470 1181
2471 757
2472 5609
2473 2537
2474 2698
2475 3488
2476 1706
2477 5585
2478 3867
2479 2043
2480 5131
2481 2525
2482 3214
2483 2407
2484 1521
2485 3493
2486 2607
2487 4283
2488 2220
2489 3339
2490 1497
2491 3405
2492 3082
2493 3462
2494 6166
2495 87
2496 1271
2497 1315
2498 2008
2499 1626
