2500
945.828 548.497
1115.47 515.071
534.832 338.254
255.942 731.568
507.819 327.614
1093.84 508.359
267.793 587.278
1224.54 571.083
974.01 447.822
970.405 425.814
236.129 683.27
1194.71 339.205
1051.96 316.13
216.089 699.437
1075.17 477.768
1022.53 418.485
269.72 579.473
930.558 704.085
517.797 290.28
1235.19 465.04
545.174 702.003
495.29 312.614
1003.08 660.685
330.435 533.516
239.266 592.762
247.182 575.118
518.214 348.564
1143.3 642.987
236.873 592.65
540.913 500.183
954.755 650.997
1232.11 571.455
308.94 500.876
1109.98 557.501
290.682 587.657
1170.85 268.022
242.289 489.101
1136.58 479.871
332.313 643.331
905.135 337.56
971.852 688.262
929.889 668.124
1095.73 576.379
307.93 582.73
1130.91 353.643
365.194 493.353
886.603 330.496
431.833 731.817
505.278 329.739
281.107 607.62
1098.73 583.231
932.167 650.11
1021.56 505.175
976.986 300.6
1013.41 693.121
325.276 534.948
518.497 335.891
514.245 294.167
364.116 565.755
454.505 593.28
370.778 519.084
523.164 335.351
1058.23 614.916
1001.19 432.843
960.465 651.56
1025.11 502.962
249.96 672.835
303.065 665.566
399.778 547.71
1234.7 444.688
289.602 490.379
369.834 478.585
1243.87 455.71
1022.05 482.688
924.174 383.185
1132.03 425.172
304.477 473.662
887.413 325.382
235.672 679.947
508.883 336.667
1185.29 349.221
1007.91 473.864
270.387 675.051
291.675 573.729
542.314 303.215
924.557 474.553
399.655 716.8
1059.53 399.287
991.257 536.332
1086.29 630.684
1034.73 477.776
237.874 614.497
917.491 320.982
1128.99 440.286
1029.12 495.428
397.987 717.036
368.047 719.288
898.226 310.509
314.538 503.329
523.164 335.351
266.022 587.154
331.174 481.894
1261.66 631.728
967.22 696.261
1019.03 329.564
509.764 320.42
261.323 389.922
1154.21 624.975
1022.61 505.092
989.416 497.292
524.762 306.267
1174.11 601.581
976.264 649.41
240.816 602.94
1055.06 397.226
974.01 447.822
237.198 678.767
540.892 314.042
988.657 674.385
1108.34 567.746
519.829 309.733
1233.64 501.753
923.813 560.854
1003.37 661.516
416.696 726.314
1008.68 518.209
1166.13 497.202
1137.63 470.912
249.171 588.106
1157.8 459.567
1059.45 437.325
933.899 475.317
525.144 333.304
1026.1 290.6
1130.91 353.643
1217.83 567.228
1188.68 269.574
388.277 669.264
1225.47 413.133
251.712 589.616
317.36 594.454
1091.91 585.145
962.268 697.509
519.757 306.264
271.056 578.549
1079.77 723.892
931.585 554.352
267.793 587.278
352.806 580.99
1021.82 258.582
287.41 523.477
520.864 329.951
395.28 656.842
515.736 306.714
517.868 302.65
279.84 607.122
969.701 699.013
931 622.132
1003.37 661.516
334.189 469.68
269.607 631.416
247.963 585.91
1117.33 547.783
1111.06 570.4
324.948 523.776
1250.13 526.658
910.1 313.722
912.571 334.579
346.245 687.335
965.185 654.186
1128.34 639.831
304.279 665.167
1178.66 600.181
296.401 505.09
487.613 325.718
949.108 658.75
523.385 333.683
269.72 579.473
939.854 478.363
903.444 465.308
234.872 684.016
229.918 561.8
898.027 340.065
535.549 339.657
1164.14 281.668
1001.35 541.821
1017.52 332.162
520.326 302.382
1108.34 567.746
897.868 427.143
956.664 472.248
1217.74 643.873
1243.73 444.485
549.903 311.415
225.572 694.348
549.131 317.29
356.831 523.741
249.171 588.106
1011.73 596.3
241.954 588.318
1208.5 633.562
369.979 727.487
1221.76 394.908
1229.89 595.767
1206.37 366.962
1162.21 697.296
283.076 523.156
913.861 317.24
1192.79 576.58
551.651 315.352
994.865 535.118
253.782 586.374
527.841 330.825
273.422 529.865
508.614 306.77
1103.21 585.682
231.439 563.349
432.23 484.607
405.822 718.49
1236.52 430.997
1142.16 407.705
1003.3 413.599
256.176 670.711
518.376 334.119
1049.15 332.111
352.546 725.947
224.102 754.951
1218.84 399.726
730.69 542.885
1231.55 442.08
1141.25 685.113
1025.78 501.734
264.142 650.396
388.658 676.621
213.849 697.705
942.736 564.961
1033.02 531.819
446.513 508.454
1137.16 352.986
1025.35 509.486
1224.54 571.083
1033.65 669.328
1234.88 491.107
494.014 663.305
311.609 602.394
582.925 707.819
523.336 342.925
277.545 575.413
1003.08 660.685
1243.09 454.851
1266.69 573.423
449.519 733.771
234.658 581.407
1161.34 575.02
1123.15 463.133
264.142 650.396
513.662 343.687
1056.24 397.17
1014.2 483.42
1008.24 640.429
932.167 650.11
252.395 590.957
1096.56 323.552
942.342 647.224
362.77 672.145
1200.46 499.397
463.378 494.515
988.675 296.58
917.263 338.438
1231.15 433.632
548.366 328.863
959.365 652.797
300.279 478.978
938.496 647.909
331.174 481.894
1198.21 305.207
926.384 367.181
402.334 546.786
1202.92 345.644
1150.6 648.205
988.538 548.056
246.221 410.615
269.436 676.264
1035.12 664.054
284.018 593.676
271.056 578.549
1024.18 515.948
537.184 338.746
932.691 580.35
950.555 468.646
960.978 647.921
328.752 525.838
251.679 670.601
566.9 634.354
894.86 310.264
1225.47 413.133
910.683 340.379
382.14 577.057
347.27 595.86
1239.74 450.409
1141.19 662.282
962.637 641.467
1164.52 657.754
1142.79 667.698
340.649 454.198
368.047 719.288
454.976 708.885
391.106 673.456
936.482 562.737
982.719 524.736
981.576 442.778
1242.26 438.21
551.335 318.412
317.36 594.454
993.006 683.808
899.967 291.249
1040.3 661.219
1007.17 640.45
235.56 694.152
251.712 589.616
1114.72 517.863
510.135 304.654
1082.09 308.013
1069.53 712.207
936.268 546.053
304.827 621.428
1005.94 273.678
1095.81 255.113
963.008 694.434
304.827 621.428
378.405 575.734
1078.14 530.113
378.55 731.243
1034.73 477.776
247.963 585.91
995.61 656.451
957.375 627.481
1212.71 682.032
1094.74 436.306
991.461 537.493
1147.25 639.741
289.078 547.215
1235.69 584.254
263.4 574.924
947.351 693.587
393.145 548.387
551.175 316.728
1198.56 309.928
909.687 312.986
1214.58 418.154
232.985 642.257
1120.46 588.18
399.778 547.71
443.524 680.537
415.003 524.77
288.86 560.955
313.534 596.296
1018.5 330.193
1187.18 260.15
928.058 658.261
902.892 282.88
301.255 500.956
315.414 652.619
306.027 498.351
339.042 481.376
1218.9 583.824
270.2 672.51
275.644 608.352
215.9 710.05
299.693 628.976
1097.89 320.153
543.325 683.539
485.947 326.7
513.006 706.54
980.556 321.736
1232.11 571.455
899.435 388.93
344.36 584.458
350.561 545.952
1014.64 459.379
420.103 726.839
1033.79 500.225
519.757 306.264
1141.25 685.113
526.708 306.101
548.127 322.279
352.143 523.067
426.233 485.527
1019.39 484.075
957.38 646.907
1093.94 427.778
252.134 672.121
1096.61 638.363
384.072 626.84
514.253 329.216
279.905 575.922
1017.24 529.655
1006.02 270.74
517.147 319.321
1139.49 474.025
339.358 716.545
910.041 342.973
906.22 288.032
916.751 317.388
1136.88 335.785
370.778 519.084
1067.34 420.7
950.84 594.204
263.4 574.924
1101.28 440.068
1112.04 436.416
567.068 642.683
383.329 558.712
1136.58 479.871
296.401 505.09
505.278 329.739
497.13 312.657
518.833 329.092
1214.92 295.315
1239.35 456.765
236.809 592.111
354.611 494.858
266.332 609.027
915.452 286.574
1047.89 336.303
1006.74 659.656
1071.6 289.128
305.636 596.328
936.864 478.198
1155.94 303.923
1154.21 410.908
399.563 660.285
1048.76 677.383
1233.27 570.09
998.475 680.429
897.843 427.897
1036.09 651.854
339.042 481.376
907.144 325.176
961.227 623.397
252.395 590.957
540.723 318.581
379.496 577.356
355.058 491.847
294.948 607.003
241.532 590.673
536.679 746.061
417.446 522.843
237.167 609.694
952.534 471.667
1205.31 307.812
1038.31 551.072
1006.88 713.06
357.994 451.552
533.105 496.858
1036.25 507.2
542.711 308.286
920.094 565.171
929.613 591.234
538.428 750.254
282.949 571.84
1007.18 704.27
1025.09 260.47
997.185 688.008
1199.12 302.737
299.386 571.51
934.696 466.988
1172.82 655.809
961.13 708.297
1216.9 641.809
1097.4 439.751
301.832 505.119
1269.78 617.364
540.675 314.826
536.196 310.62
998.889 674.379
247.991 606.988
898.982 309.152
1008.37 273.178
909.78 321.322
982.719 524.736
1236.81 445.288
952.534 471.667
904.6 325.551
272.612 593.515
301.183 603.874
1226.91 420.974
925.525 366.108
527.887 332.913
266.851 575.97
388.658 676.621
935.858 469.979
351.894 589.472
246.984 577.534
1171.67 656.098
922.896 560.635
934.009 321.214
935.031 644.922
346.144 468.911
438.488 576.633
1127.51 424.733
607.379 744.16
1184.61 267.653
282.904 478.372
513.238 303.734
1250.81 581.363
1003.37 661.516
1254.38 568.634
267.624 584.089
241.14 615.682
991.382 668.385
304.975 597.663
942.441 302.19
1087.63 626.151
1220.64 565.792
563.156 547.009
421.598 595.351
1205.06 683.401
1234.07 459.425
516.031 348.803
369.789 473.842
894.392 335.551
970.347 293.14
1109.93 521.642
1022.05 482.688
1131.35 585.313
893.152 338.402
548.843 316.45
1151.9 451.338
1233.27 570.09
384.143 677.42
959.768 660.884
1164.86 499.809
552.804 320.298
421.093 724.617
903.296 367.85
932.271 474.142
303.864 623.016
256.454 563.281
1011.52 277.075
1173.57 274.177
1063.5 333.931
328.092 598.071
967.388 621.921
1129.48 554.365
256.714 576.721
969.104 447.399
1221.76 394.908
272.856 603.06
1146.75 650.388
273.422 529.865
235.975 588.845
898.223 411.749
946.541 660.926
267.199 670.614
1027.74 479.174
490.546 660.375
292.239 526.191
902.891 319.134
1080.54 385.433
1027.74 479.174
400.342 715.334
217.149 624.129
1077.19 704.084
1094.92 324.114
401.225 547.703
956.199 640.745
548.127 322.279
920.629 573.036
1152.64 409.599
529.25 318.65
352.282 525.92
929.677 540.755
304.975 597.663
299.693 628.976
230.829 612.987
1234.92 542.116
1243.31 572.781
1119.25 521.638
282.904 478.372
918.468 321.57
527.887 332.913
933.914 462.753
478.437 513.103
890.221 335.742
370.778 519.084
1167.93 291.846
1135.81 422.369
263.84 601.925
1214.16 675.346
1146.83 646.429
937.329 656.521
389.387 732.816
1260.37 557.102
241.954 588.318
515.375 343.335
284.018 593.676
919.978 384.81
500.721 333.767
545.264 305.379
1172.53 696.955
368.654 724.851
1100.65 564.98
1181.13 257.824
268.263 670.49
1249.42 580.334
495.29 312.614
351.74 460.204
928.15 474.274
233.819 643.203
997.786 554.024
381.088 478.255
1040.48 259.187
1146.56 643.096
1173.62 525.32
542.314 303.215
225.964 542.305
464.47 507.526
304.975 597.663
960.465 651.56
1131.2 356.592
354.439 496.451
236.886 642.845
944.554 529.364
938.449 548.814
490.081 340.162
1045.82 505.783
430.346 528.817
233.545 593.215
325.276 534.948
516.179 290.242
230.921 615.438
910.868 284.023
1005.79 276.393
454.436 709.154
233.369 492.723
1147.26 521.658
230.829 612.987
441.37 594.347
208.951 713.512
247.182 575.118
1079.9 307.242
455.84 708.14
502.661 310.651
1160.32 696.539
267.624 584.089
386.661 566.526
237.33 470.672
893.66 316.094
1198.36 610.615
332.837 553.859
1220.97 634.122
1062.85 408.326
519.656 304.734
236.967 686.908
312.541 573.561
923.25 556.404
518.833 329.092
551.175 316.728
1180.44 657.183
519.735 319.569
540.752 320.632
262.186 611.247
1142.12 690.321
248.101 602.66
225.572 694.348
301.011 665.336
253.782 586.374
908.606 273.584
901.105 432.335
904.6 325.551
1140.65 679.474
1243.55 431.67
927.256 376.573
1093.94 427.778
290.127 593.352
1196.71 332.552
910.1 313.722
1173.57 274.177
325.276 534.948
531.839 318.6
1115.13 603.855
980.556 321.736
582.925 707.819
976.986 300.6
391.532 636.455
923.727 474.67
1198.28 346.421
289.078 547.215
886.603 330.496
427.318 699.539
948.79 626.498
360.963 578.38
1089.78 587.404
935.622 474.093
307.311 505.54
1171.13 655.069
231.795 513.121
397.987 717.036
1064.26 402.682
983.526 447.042
1129.13 584.821
964.408 506.274
936.203 565.678
415.003 524.77
954.387 645.377
910.825 287.034
1267.78 689.931
1229.83 586.16
350.561 545.952
1096.35 456.515
935.622 474.093
243.332 711.61
948.79 626.498
932.827 288.831
521.509 342.098
1020.59 483.092
391.584 671.652
502.875 318.618
920.995 383.2
1015.14 471.396
914.191 337.431
952.194 679.945
1099.28 587.265
487.613 325.718
525.239 330.185
309.156 473.847
1102.97 582.946
1275.2 635.931
972.884 674.76
303.168 513.913
518.497 335.891
1003.08 660.685
996.654 539.994
954.796 644.526
525.239 330.185
513.585 346.347
983.681 542.722
500.595 309.808
959.862 305.753
300.279 478.978
528.514 742.885
1053.64 268.684
1098.65 340.16
416.585 728.487
266.728 571.118
1021.15 495.256
334.817 525.33
938.357 305.131
1062.7 321.486
239.891 685.873
962.697 703.997
981.042 291.902
500.595 309.808
317.36 594.454
1073.23 420.192
547.895 310.981
328.203 526.694
1028.03 270.227
536.524 294.157
551.104 498.642
550.938 312.681
210.533 679.856
291.317 464.858
1251.38 533.963
892.837 336.865
304.477 473.662
1125.85 453.643
945.828 548.497
299.386 571.51
1238.49 539.981
931.215 704.225
940.694 551.727
1094.53 323.567
388.277 669.264
961.276 703.941
252.134 672.121
343.309 507.283
889.913 317.332
1139.45 421.019
550.938 312.681
1010.8 379.062
1050.19 374.323
371.559 458.848
307.358 530.863
1039.97 664.084
1056.16 359.181
203.739 779.663
1049.08 330.779
910.825 287.034
1102.24 318.637
448.235 496.737
937.272 455.77
379.125 733.316
951.323 624.473
253.898 578.211
928.112 625.122
610.595 492.683
1141.19 662.282
912.69 338.899
1238.73 488.367
331.895 552.981
361.906 663.897
993.177 687.357
932.042 568.138
1222.99 619.087
230.779 612.853
1169.05 293.375
913.866 312.444
269.948 512.322
610.666 494.601
983.891 308.665
516.826 320.709
1000.36 495.713
362.865 543.585
1036.25 664.972
899.299 435.938
948.953 636.314
1016.94 478.369
924.216 574.075
375.175 674.248
278.487 597.787
566.9 634.354
508.857 333.438
1148.52 471.381
996.654 539.994
1211.81 300.674
1243.09 434.835
1211.81 300.674
256.454 563.281
1169.78 294.128
400.856 657.598
944.752 576.246
264.491 588.904
980.008 707.789
417.71 503.51
237.318 605.388
1235.54 488.676
1089.61 586.543
1018.5 330.193
1187.18 260.15
1249 637.861
510.631 310.131
909.483 475.561
1233.57 542.859
303.065 665.566
998.547 711.635
1158.85 310.838
303.152 660.796
1234.27 540.536
1087.19 585.722
1148.36 612.272
1112.64 391.037
921.772 568.94
910.305 328.051
508.857 333.438
1081.85 308.081
519.757 306.264
1119.53 373.659
352.032 509.105
1132.97 425.252
276.438 607.65
950.703 614.615
303.352 568.437
1060.85 672.614
511.691 330.801
1046.56 680.002
269.948 512.322
957.378 688.564
543.367 298.717
1104.38 563.328
942.441 302.19
1104.6 317.713
950.191 619.02
543.367 298.717
892.392 312.386
983.526 447.042
1156.92 459.272
952.534 471.667
454.436 709.154
963.72 646.786
1046.56 680.002
325.276 534.948
369.834 478.585
229.144 595.891
1214.14 575.61
384.863 625.967
1146.31 647.631
1165.22 294.645
1234.91 457.057
906.105 485.737
936.869 481.377
1003.16 345.686
301.828 623.599
255.34 611.078
1165.74 295.469
540.187 324.821
1050.56 463.611
418.916 488.191
1170.4 697.49
939.641 620.334
1240.24 525.839
1054.08 671.306
391.106 673.456
1235.69 584.254
920.503 570.841
1262.94 565.699
1034.73 477.776
422.075 698.774
391.214 678.164
1111.82 379.73
318.88 652.146
1138.51 651.673
604.621 311.883
1038.51 281.034
1003.37 661.516
964.356 639.605
1064.4 415.619
942.377 329.002
1097.42 321.643
940.037 469.853
290.682 587.657
932.271 474.142
922.777 573.227
1237.63 482.196
1040.77 477.117
252.395 590.957
909.687 312.986
1206.27 307.152
269.81 475.945
281.994 522.457
235.56 694.152
518.376 334.119
375.358 673.306
336.256 585.617
1169.01 276.38
1257.4 560.151
243.332 711.61
536.848 324.954
335.899 468.577
1140.53 405.057
981.641 662.246
255.942 731.568
249.96 672.835
241.532 590.673
306.501 621.767
972.884 674.76
487.613 325.718
909.78 321.322
303.147 674.868
399.495 719.869
284.018 593.676
395.082 718.42
280.49 599.533
266.851 575.97
964.398 672.294
582.925 707.819
1079.04 586.725
355.058 491.847
1204.88 352.52
910.57 320.212
1243.47 433.589
1229.88 585.154
538.878 298.619
906.74 474.29
1009.78 658.812
914.496 287.578
1216.9 641.809
269.607 631.416
1218.84 399.726
446.513 508.454
981.889 443.902
368.654 724.851
929.518 319.518
1113.63 574.156
546.627 306.748
423.855 536.485
288.605 571.174
990.255 686.617
1240.19 539.256
959.365 652.797
1171.67 656.098
1149.33 624.785
305.141 622.098
954.586 582.763
953.018 700.622
1228.75 412.401
1180.44 657.183
364.116 565.755
332.813 557.764
906.975 481.422
901.105 432.335
1036.25 507.2
291.028 605.846
991.35 485.897
537.184 338.746
1094.74 436.306
930.088 468.811
1164.14 281.668
516.826 320.709
232.423 645.386
995.61 656.451
421.598 595.351
944.554 529.364
514.253 329.216
1243.11 575.576
1144.84 319.17
277.405 452.952
280.49 599.533
894.709 331.013
1200.3 500.002
926.001 451.206
278.481 704.447
1230.84 585.445
506.109 304.838
523.385 333.683
928.605 590.766
331.85 512.729
481.176 315.274
900.813 317.391
509.829 330.86
1056.24 397.17
346.245 687.335
388.397 670.076
1168.69 652.344
1073.78 372.835
301.589 624.573
972.88 686.811
533.105 496.858
935.241 655.425
1147.88 644.725
893.152 338.402
513.02 308.365
368.047 719.288
522.344 347.833
536.267 513.353
921.91 489.576
942.377 329.002
1001.23 502.329
1193.93 310.787
298.915 515.93
550.432 305.096
302.113 513.684
391.584 671.652
1232.11 571.455
906.975 481.422
936.864 478.198
1069.45 414.673
604.767 317.639
1143.07 639.796
1020.34 514.33
964.327 635.13
1011.73 596.3
1209.61 634.12
1168.45 656.593
1125.85 453.643
1008.24 640.429
1046.75 601.666
350.561 545.952
511.772 332.201
1070.78 418.038
366.512 543.144
900.024 336.228
1206.18 399.717
277.771 417.165
925.525 366.108
958.687 711.905
898.226 310.509
1093.94 427.778
1038.21 326.345
1071.44 482.913
934.164 459.212
388.304 673.716
514.317 330.765
389.387 732.816
970.379 449.289
365.194 493.353
1146.68 498.178
391.532 636.455
1269.97 636.43
910.305 328.051
312.132 579.391
1210.43 301.752
545.28 329.551
923.21 631.452
319.382 510.902
244.53 592.807
1076.76 309.829
1110.71 471.361
544.583 708.775
1016.97 480.131
1249 637.861
949.594 603.919
875.464 296.114
524.762 306.267
419.22 484.935
1016.75 450.021
540.723 318.581
276.385 533.857
1049.08 330.779
261.323 389.922
289.602 490.379
421.598 595.351
1166.17 289.444
1179.99 528.327
1138.88 447.749
910.825 287.034
368.116 716.995
992.281 361.247
1105.3 576.286
328.752 525.838
1003.89 274.367
291.893 532.857
1052.39 704.197
935.241 655.425
319.076 514.322
1036.25 664.972
1076.36 719.722
487.849 303.83
1076.58 436.573
1049.36 334.713
943.731 632.984
604.621 311.883
240.369 678.617
1238 586.448
980.548 301.436
1003.37 661.516
527.841 330.825
1079.77 585.905
943.899 279.314
289.606 492.897
1152.25 570.765
954.661 546.894
281.754 516.679
1103.01 565.631
950.691 638.547
259.926 577.483
963.371 694.95
277.146 490.225
509.851 327.695
959.768 660.884
968.844 423.338
928.322 452.434
1027.74 479.174
484.837 337.629
284.4 452.519
272.699 670.577
540.723 318.581
264.898 609.702
1071.48 479.992
1186.73 257.048
536.196 310.62
508.883 336.667
1016.39 262.224
215.097 700.92
948.79 626.498
597.962 727.075
525.144 333.304
1097.42 321.643
329.525 476.954
1242.58 447.582
544.389 303.716
948.758 642.992
247.057 578.363
1048.63 673.254
1221.9 679.204
403.207 538.342
518.757 311.849
1231.96 536.642
889.913 317.332
252.128 518.99
956.62 688.721
269.055 633.441
1096.56 323.552
1080.12 303.356
417.71 503.51
906.714 264.716
344.163 585.314
304.519 602.69
1003.86 410.828
934.164 459.212
338.249 642.593
1047.63 680.452
331.174 481.894
1165.22 294.645
249.025 590.625
979.214 661.271
1221.9 679.204
959.236 605.867
1066.56 257.649
951.088 287.375
903.444 465.308
268.263 670.49
1148.69 648.006
1181.13 257.824
317.762 552.938
1003.89 274.367
278.426 607.015
485.947 326.7
251.566 461.038
305.112 590.805
529.25 318.65
918.831 333.519
1226.57 419.092
361.11 719.853
279.081 530.7
1014.64 459.379
1201.19 326.593
522.913 290.479
1000.25 458.954
909.78 321.322
540.913 500.183
957.37 468.813
455.84 708.14
899.967 291.249
952.271 544.192
1138.51 651.673
372.695 716.521
432.3 483.749
1006.28 662.179
1036.56 417.29
1008.07 471.119
331.895 552.981
917.491 320.982
540.675 314.826
490.546 660.375
515.754 308.663
1234.28 542.664
1158.18 310.319
391.205 674.823
267.093 574.675
1141.28 664.605
513.749 296.611
914.496 287.578
1275.98 641.943
497.699 321.95
1005.88 518.308
1083.27 359.868
299.36 630.254
930.558 704.085
1037.38 351.358
1027.83 682.587
891.263 304.306
1243.31 572.781
455.454 732.605
303.017 532.286
1240.22 435.133
314.538 503.329
1118.62 306.477
454.976 708.885
956.305 652.551
942.342 647.224
352.143 523.067
1260.87 614.34
1222.99 619.087
1056.28 322.951
283.394 601.41
905.135 337.56
521.509 342.098
355.058 491.847
1244.75 514.139
1171.84 314.177
362.77 672.145
932.789 646.755
906.844 310.763
1092.03 486.094
253.782 586.374
206.343 778.545
907.144 325.176
929.613 591.234
526.32 346.612
269.948 512.322
960.845 699.685
1073.78 372.835
912.635 299.416
1070.78 418.038
906.714 264.716
283.394 601.41
223.485 612.148
951.228 653.532
385.374 672.302
958.131 712.574
524.522 347.359
1060.96 322.147
977.171 264.847
305.58 501.803
895.509 326.565
301.832 505.119
928.605 590.766
916.574 455.819
306.775 508.626
511.697 334.352
229.811 604.68
290.127 593.352
1107.26 593.783
501.341 329.785
515.754 308.663
1055.59 315.204
935.241 655.425
1145.08 677.297
1218.9 583.824
991.33 382.076
223.455 711.948
955.444 618.667
1119.86 652.872
999.003 459.803
1237.63 482.196
269.6 629.62
890.221 335.742
508.552 305.699
1033.03 692.939
1003.28 500.197
525.239 330.185
1090.58 634.076
1173.71 330.236
921.772 568.94
429.134 485.131
1198.47 505.629
332.837 553.859
898.811 316.829
924.771 316.622
510.631 310.131
481.176 315.274
288.638 605.551
1173.62 525.32
422.786 727.849
978.658 442.222
1121.98 475.683
1050.56 463.611
368.116 716.995
303.864 623.016
511.691 330.801
951.829 615.36
409.069 613.366
274.044 671.029
520.326 302.382
281.436 491.681
334.817 525.33
991.35 485.897
513.749 296.611
985.734 545.341
416.062 608.683
1104.03 586.109
929.537 447.83
359.39 489.967
1238 586.448
541.095 654.036
1238.49 539.981
250.832 577.059
502.191 307.273
914.769 347.961
910.1 313.722
289.078 547.215
1140.62 677.932
958.147 504.518
514.676 332.671
1097.58 546.175
234.066 523.697
224.222 663.486
919.78 330.264
1234.49 436.137
1101.6 322.103
614.832 737.377
939.302 470.802
1137.57 678.194
996.778 408.085
490.081 340.162
349.278 592.779
527.768 293.098
1026.56 263.854
1006.67 521.247
950.191 619.02
1039.87 689.182
518.833 329.092
916.386 482.953
1103.41 632.697
284.018 593.676
229.918 561.8
928.058 658.261
274.044 671.029
225.046 563.199
229.811 604.68
522.875 328.64
388.304 673.716
1052.25 667.72
254.901 482.821
1234.85 578.876
934.31 477.7
549.903 311.415
391.205 674.823
923.75 356.105
603.103 546.213
1103.21 585.682
1154.59 270.437
900.813 317.391
283.612 605.672
207.356 711.659
889.154 348.07
269.6 629.62
355.058 491.847
964.398 672.294
1152.72 458.711
961.276 703.941
1114.86 513.425
1114.86 513.425
399.418 718.236
1116.42 316.653
352.143 523.067
1149.74 675.412
1226.57 419.092
912.571 334.579
960.465 651.56
280.49 599.533
232.985 642.257
285.462 490.051
403.207 538.342
949.082 680.239
243.033 613.277
538.938 322.272
1044.14 677.819
997.471 536.115
894.731 313.702
1243.47 433.589
1011.52 277.075
230.413 642.258
1148.27 640.278
525.258 342.106
899.008 314.266
540.752 320.632
545.28 329.551
1205.17 365.474
1192.79 576.58
936.349 617.324
242.596 604.061
249.696 611.107
990.537 688.894
1197.3 374.034
499.334 331.096
276.385 533.857
1165.31 695.761
1243.1 458.142
1185.14 576.925
251.712 589.616
237.739 579.413
1016.75 450.021
1093.94 427.778
989.718 442.103
1085.8 327.843
535.648 313.371
270.206 510.725
240.816 602.94
319.382 510.902
287.332 594.196
937.133 474.602
978.658 442.222
312.788 653.078
385.133 612.895
356.046 487.645
531.581 311.362
450.558 712.295
1146.83 646.429
287.41 523.477
1138.19 638.33
549.431 307.85
237.145 682.978
542.861 667.343
1037.93 667.325
545.264 305.379
1144.34 677.146
316.014 595.648
604.842 639.885
261.801 588.146
953.018 700.622
352.703 460.568
922.954 362.224
1026.13 515.403
924.557 474.553
313.346 531.276
947.351 693.587
1046.75 601.666
1054.76 672.813
940.694 551.727
952.894 683.181
927.524 621.564
986.925 688.27
930.391 455.649
301.589 624.573
234.658 581.407
1169.01 276.38
269.436 676.264
416.837 529.396
302.908 588.623
1038.8 688.026
942.441 302.19
957.375 627.481
1234.92 573.955
254.878 486.756
268.411 676.163
1033.79 500.225
1208.18 382.895
938.219 563.384
1200.22 314.69
264.965 437.749
266.022 587.154
1032.15 694.95
936.997 616.526
1100.36 439.572
374.666 524.665
897.842 339.423
927.869 427.189
303.152 660.796
320.712 552.671
380.106 540.08
926.001 451.206
912.69 338.899
1154.69 625.667
904.671 306.723
1022.05 482.688
1229.08 582.97
350.242 726.192
964.268 654.901
1229.7 408.649
981.548 322.72
1152.72 458.711
1169.05 293.375
1003.37 661.516
898.982 309.152
886.789 329.732
1090.86 608.365
239.089 612.912
604.585 306.141
1078.14 530.113
1064.44 414.32
972.88 686.811
304.687 604.634
386.661 566.526
1243.55 431.67
551.335 318.412
511.207 305.542
519.829 309.733
936.268 546.053
306.037 505.543
1217.83 567.228
391.532 636.455
1140.77 457.853
1095.7 438.848
235.072 574.986
305.141 622.098
224.849 555.42
991.284 549.324
1076.17 565.465
234.847 693.668
1127.18 582.911
363.298 457.525
301.828 623.599
209.526 715.945
503.37 312.641
1128.34 639.831
1079.52 311.793
1046.98 602.161
249.025 590.625
244.652 693.333
1226.91 420.974
463.913 692.453
217.251 616.388
546.322 499.248
955.528 702.158
920.004 555.19
522.344 347.833
981.548 322.72
540.231 307.65
314.798 601.685
233.819 643.203
913.861 317.24
303.065 665.566
917.395 312.882
933.804 654.112
296.401 505.09
898.811 316.829
926.065 695.849
1001.23 502.329
396.589 548.271
1183.81 311.814
927.536 658.996
956.664 472.248
530.136 603.737
1031.34 510.18
933.889 452.081
269.607 631.416
254.315 611.426
244.31 676.595
1049.82 680.439
253.682 588.823
506.147 320.847
1107.14 660.779
1196.83 348.758
907.236 478.924
1151.31 475.267
350.152 490.951
1229.83 586.16
524.762 306.267
965.46 472.877
1049.36 334.713
366.512 543.144
431.833 731.817
304.827 621.428
1236.14 438.609
230.112 495.869
893.101 321.186
1020.75 327.021
954.811 612.922
898.643 412.395
302.634 628.744
309.858 471.388
1078.28 722.978
249.025 590.625
524.019 291.344
1158.85 310.838
1070.12 414.723
996.836 682.163
413.084 525.46
1224.95 412.926
1001.19 705.747
244.53 592.807
507.34 330.616
954.142 579.221
1238.83 447.147
1022.21 499.561
897.951 294.199
914.191 337.431
540.675 314.826
614.832 737.377
995.872 553.25
1258.18 551.417
303.168 513.913
957.221 540.381
1008.73 278.935
903.249 312.3
356.685 511.96
980.548 301.436
391.214 678.164
524.522 347.359
531.839 318.6
940.045 574.226
993.042 688.242
535.104 324.104
235.975 588.845
235.604 686.607
1208.5 633.562
254.901 482.821
1205.25 501.636
235.072 574.986
1049.08 330.779
289.078 547.215
1047.63 680.452
1129.48 554.365
263.64 405.713
937.113 277.523
932.827 288.831
935.858 469.979
327.654 532.601
530.227 600.146
353.931 727.552
931.215 704.225
1225.4 651.338
514.245 294.167
267.717 673.434
942.342 647.224
1026.78 505.388
1079.85 507.022
1036.09 651.854
1096.46 314.549
291.675 573.729
970.405 425.814
1129.48 554.365
482.788 327.742
367.658 510.861
1229.88 585.154
983.967 307.361
272.447 609.767
1250.81 581.363
1154.21 624.975
933.914 462.753
1007.7 512.878
968.872 446.299
917.829 343.731
1264.95 571.438
246.455 483.844
1209.8 595.307
311.687 562.321
1125.85 453.643
906.997 288.693
352.767 582.234
294.91 528.428
1004.69 343.619
223.485 612.148
1008.08 262.564
960.218 622.958
964.408 506.274
1097.58 546.175
372.695 716.521
1056.28 322.951
234.872 684.016
931.598 593.426
535.116 328.411
957.306 624.49
954.661 546.894
1234.73 543.973
270.387 675.051
1220.21 571.5
237.739 579.413
931.847 476.698
954.387 645.377
574.191 702.618
942.736 564.961
916.386 482.953
1234.49 436.137
1003.26 415.906
272.837 591.229
954.811 612.922
352.599 724.245
944.752 576.246
1092.03 486.094
515.736 306.714
916.644 289.716
270.206 510.725
306.501 621.767
1005.11 270.019
547.882 305.245
1239.35 456.765
1090.58 634.076
1040.77 477.117
361.11 719.853
1243.1 458.142
1008.68 518.209
531.491 344.658
1024.74 508.232
309.858 471.388
1238.09 690.919
530.066 741.154
1016.39 262.224
957.306 624.49
549.903 311.415
323.219 650.829
1046.83 667.178
968.872 446.299
1119.86 652.872
1181.47 366.442
952.534 471.667
237.332 604.296
1184.37 258.897
267.199 670.614
886.83 300.147
352.171 511.703
891.332 308.214
934.277 456.945
931.847 476.698
542.314 303.215
1150.6 648.205
287.035 503.185
993.731 452.153
1173.88 269.651
1251.76 536.152
283.394 601.41
380.693 515.363
1096.22 295.092
305.112 590.805
309.156 473.847
1005.73 526.86
500.721 333.767
289.101 560.164
388.304 673.716
501.252 339.122
923.768 629.295
463.913 692.453
545.28 329.551
971.718 693.249
1078.28 722.978
246.221 410.615
945.536 550.437
999.555 680.574
983.891 308.665
379.125 733.316
1108.87 566.784
320.712 552.671
921.13 361.471
277.252 579.005
482.788 327.742
287.332 594.196
977.375 258.081
526.708 306.101
963.008 694.434
1212.71 682.032
898.226 310.509
1020.26 333.906
970.405 425.814
318.585 530.812
1199.13 358.076
887.413 325.382
1196.71 332.552
515.375 343.335
979.061 346.429
1234.92 573.955
970.645 424.84
546.627 306.748
1263.36 566.582
1004.57 470.037
914.795 321.562
965.337 693.524
277.771 417.165
1259.47 618.659
892.623 320.152
932.651 471.106
206.343 778.545
302.908 588.623
243.896 637.954
269.882 608.442
216.357 710.868
1214.92 295.315
1020.59 483.092
1124.04 473.31
1163.18 503.561
516.031 348.803
346.144 468.911
244.341 443.308
385.133 612.895
1078.93 702.881
1071.29 384.801
1194.71 339.205
264.898 638.265
291.317 464.858
1221.37 541.278
1144.73 650.275
1005.32 660.366
1102.04 585.722
912.571 334.579
249.171 588.106
1079.77 723.892
247.134 573.537
957.188 641.196
920.503 570.841
930.088 468.811
241.954 588.318
1218.75 638.22
1136.88 335.785
519.656 304.734
1231.15 435.336
1198.44 333.429
223.485 612.148
527.887 332.913
955.528 702.158
901.762 288.854
298.914 479.301
936.268 546.053
513.02 308.365
282.949 571.84
932.878 444.953
283.153 569.718
952.179 473.911
236.886 642.845
1021.15 689.646
1138.58 486.313
355.755 450.603
930.532 286.527
1187.87 258.947
1212.76 668.488
935.502 621.667
522.076 290.178
502.668 321.149
416.062 608.683
542.711 308.286
1119.14 558.255
888.392 319.309
1105.34 616.327
531.025 739.169
968.844 423.338
326.719 527.791
304.827 621.428
1002.92 639.728
417.735 526.469
1131.2 356.592
899.299 435.938
893.252 318.103
254.063 669.269
960.931 472.043
954.387 645.377
971.778 708.291
1146.79 470.974
413.084 525.46
1054.08 671.306
237.145 682.978
1050.56 463.611
549.903 311.415
303.352 568.437
305.293 624.418
1106.34 391.68
1125.08 465.204
1158.7 305.8
927.524 621.564
899.537 387.983
1135.63 678.278
936.435 626.266
954.796 644.526
520.864 329.951
939.661 424.348
948.151 574.047
343.775 528.929
1071.44 482.913
1166.53 313.652
1032.17 696.081
308.5 471.815
487.849 303.83
1005.73 526.86
302.413 662.717
224.822 629.709
897.842 339.423
256.714 576.721
959.236 605.867
950.84 594.204
1095.73 576.379
547.301 505.742
540.752 320.632
528.855 334.709
388.397 670.076
909.483 475.561
1027.86 257.807
922.159 281.514
236.613 595.085
937.133 474.602
1011.71 519.751
509.829 330.86
250.443 462.564
931.888 553.653
254.901 482.821
889.913 317.332
955.677 645.242
280.454 575.008
1178.79 634.917
245.721 670.634
936.302 364.136
1016.75 450.021
888.392 319.309
925.842 362.606
902.864 271.628
283.153 569.718
513.749 296.611
920.004 555.19
999.562 455.863
1240.86 496.906
1202.92 345.644
404.335 666.694
1087.67 273.252
1042.66 259.356
384.169 673.325
270.2 672.51
1246.75 521.339
415.003 524.77
975.366 292.133
938.449 548.814
1010.75 277.275
281.72 528.116
540.231 307.65
897.951 294.199
970.218 678.418
226.8 611.209
246.882 579.313
523.75 293.735
497.699 321.95
1250.93 531.979
1163.68 544.717
1135.11 683.181
277.405 452.952
327.654 532.601
370.778 519.084
292.264 531.397
539.919 294.73
267.082 476.968
375.58 681.327
534.832 338.254
544.389 303.716
428.665 736.4
1218.9 583.824
378.55 731.243
1099.39 323.364
992.281 361.247
980.992 292.83
310.55 508.473
251.998 521.224
1094.94 412.681
934.009 321.214
1071.29 384.801
416.885 504.309
1141.28 664.605
894.23 333.263
1148.42 693.709
930.558 704.085
250.443 462.564
1040.77 477.117
1118.28 550.381
1009.78 658.812
1128.96 586.904
1241.43 627.637
481.344 560.124
1036.56 417.29
1071.44 482.913
1115.47 515.071
378.405 575.734
318.88 652.146
267.624 584.089
250.832 577.059
504.72 333.498
892.392 312.386
312.719 578.344
1224.43 644.947
930.566 473.245
948.758 642.992
492.184 318.362
278.481 704.447
231.1 616.109
250.832 577.059
898.643 412.395
273.422 529.865
960.978 647.921
294.138 546.375
237.198 678.767
955.677 645.242
1125.71 255.282
390.353 636.301
490.301 307.917
893.101 321.186
912.635 299.416
504.72 333.498
391.106 673.456
1055.06 397.226
522.875 328.64
897.842 339.423
283.883 515.132
893.945 385.077
352.032 509.105
233.438 638.615
1254.38 568.634
527.841 330.825
1060.46 453.67
233.545 593.215
904.6 325.551
904.985 334.907
906.81 313.584
540.892 314.042
1098.73 583.231
1229.89 595.767
1158.18 310.319
538.713 315.297
938.315 456.495
487.372 340.12
924.9 356.349
430.346 528.817
438.488 576.633
508.848 320.303
1102.04 585.722
923.25 556.404
216.357 710.868
487.372 340.12
234.847 693.668
910.57 320.212
1197.3 374.034
1094.53 323.567
926.93 561.165
1003.86 410.828
1133.8 585.25
937.072 468.634
917.248 333.671
481.644 332.262
500.721 333.767
1168.45 656.593
1125.85 453.643
1005.3 274.828
934.009 321.214
1173.01 498.257
935.241 655.425
1261.66 631.728
1209.1 382.246
929.313 652.539
996.23 626.299
1064.75 334.01
730.69 542.885
1088.27 436.114
991.461 537.493
956.32 582.041
983.681 542.722
1016.96 482.499
518.497 335.891
1025.13 303.917
906.253 316.946
1029.12 495.428
1020.75 327.021
995.872 553.25
224.102 754.951
1053.64 268.684
540.892 314.042
1111.82 379.73
369.979 727.487
1239.29 566.996
324.92 534.149
1206.37 366.962
522.875 328.64
1161.65 299.396
426.318 487.605
900.308 291.151
266.022 587.154
537.077 312.016
936.617 452.044
978.9 692.502
993.731 449.334
897.842 339.423
528.355 291.286
382.774 520.098
540.187 324.821
900.751 325.597
1090.73 439.223
388.277 669.264
203.739 779.663
380.106 540.08
1168.45 656.593
1206.18 399.717
305.73 509.135
1027.46 514.082
395.87 497.583
237.874 614.497
999.555 680.574
1151.9 451.338
531.491 344.658
550.581 314.857
1168.69 652.344
282.307 568.572
931.146 550.877
888.392 319.309
906.74 474.29
1052.56 604.808
280.454 575.008
597.962 727.075
531.839 318.6
536.267 513.353
920.503 570.841
1146.46 447.441
247.755 607.976
914.769 347.961
904.388 279.538
253.682 588.823
900.751 325.597
1060.46 453.67
1054.76 672.813
220.648 609.373
959.365 652.797
375.58 681.327
231.139 494.379
299.36 630.254
906.997 288.693
272.699 670.577
1040.49 689.423
1202.42 363.046
930.575 625.234
324.281 599.879
970.615 599.355
226.079 693.128
530.227 600.146
1008.73 278.935
981.576 442.778
1069.56 418.354
301.832 505.119
1267.78 689.931
511.772 332.201
416.585 728.487
937.329 656.521
1046.89 260.782
280.171 570.475
1094.92 324.114
1225.4 651.338
1208.18 382.895
918.423 312.93
283.883 515.132
1250.52 525.262
513.02 308.365
1139.61 476.025
909.077 317.028
248.101 602.66
546.699 311.594
934.696 466.988
248.457 540.014
417.537 518.753
929.12 456.585
939.669 305.645
507.34 330.616
925.245 574.486
1095.34 256.348
1088.91 435.716
513.238 303.734
1234.7 444.688
298.914 479.301
918.423 312.93
1163.68 544.717
1144.34 677.146
1119.86 652.872
960.845 699.685
1125.94 412.932
1168.69 652.344
923.623 630.492
285.722 607.331
373.454 570.264
923.727 474.67
1131.35 585.313
945.536 550.437
930.042 448.504
1002.92 639.728
1254.18 529.669
933.109 478.273
285.462 490.051
1174.5 257.846
928.15 474.274
343.648 594.203
423.855 536.485
513.097 307.151
1151.36 254.298
308.5 471.815
1010.92 380.04
255.685 407.62
518.214 348.564
426.519 488.847
507.158 332.016
1008.37 273.178
1150.83 645.392
231.439 563.349
343.775 528.929
514.317 330.765
1220.64 565.792
538.938 322.272
266.69 684.179
1031.34 510.18
1151.31 475.267
1128.99 440.286
1216.53 508.841
1134.82 660.555
213.211 650.981
388.883 700.308
886.83 300.147
325.28 533.447
523.75 293.735
521.509 342.098
1204.02 601.846
1077.19 704.084
228.088 529.758
307.781 669.64
1147.67 488.231
242.596 604.061
297.71 532.678
969.104 447.399
944.554 529.364
345.265 593.119
409.069 613.366
521.509 342.098
511.772 332.201
224.956 613.288
511.207 305.542
306.872 510.039
920.503 570.841
591.231 547.122
939.028 468.419
1144.8 406.654
284.309 600.559
931.712 649.279
906.81 313.584
1035.12 664.054
236.967 686.908
898.027 340.065
1037.44 674.807
1239.72 458.928
936.932 647.947
960.355 630.525
487.613 325.718
1269.06 640.705
983.967 307.361
1046.98 602.161
893.403 384.355
892.402 313.634
949.549 590.356
906.22 288.032
1185.14 576.925
1076.36 719.722
1109.9 320.43
1202.63 375.283
991.257 536.332
354.351 640.057
1162.21 697.296
1180.67 365.955
538.713 315.297
921.29 381.982
227.693 617.348
892.837 336.865
908.583 333.978
535.549 339.657
506.151 306.604
1003.26 415.906
976.891 572.264
253.682 588.823
237.589 639.918
390.353 636.301
1132.97 425.252
553.817 315.747
978.9 692.502
306.775 508.626
300.279 478.978
1191.31 322.964
1146.31 647.631
320.917 651.885
604.621 311.883
936.869 481.377
886.789 329.732
513.585 346.347
230.605 616.796
932.07 624.338
1234.72 461.713
962.268 697.509
279.081 530.7
980.206 468.864
1024.65 259.623
1003.3 413.599
932.691 580.35
433.157 534.784
511.697 334.352
1231.15 435.336
1240.19 539.256
1006.02 270.74
416.696 726.314
267.082 476.968
536.679 746.061
948.953 636.314
997.185 688.008
256.714 576.721
1171.13 655.069
1047.15 669.88
310.684 475.734
305.73 509.135
1104.03 586.109
543.325 683.539
964.262 493.22
939.028 468.419
1255.64 549.208
1032 556.705
964.352 643.641
391.532 636.455
247.134 573.537
1208.18 382.895
1184.37 258.897
1190.32 258.449
518.497 335.891
224.015 553.693
930.613 668.103
513.609 333.01
1093.84 508.359
896.522 337.061
330.098 534.284
408.671 673.403
1243.09 454.851
284.4 452.519
1236.38 487.12
1144.18 673.878
550.581 314.857
930.072 287.019
937.174 447.86
952.352 646.938
1213.74 598.088
363.209 671.108
925.279 463.673
551.651 315.352
604.767 317.639
269.882 608.442
928.322 452.434
239.266 592.762
549.431 307.85
1171.72 254.01
535.104 324.104
397.987 717.036
1195.94 327.599
258.838 610.782
928.112 625.122
538.713 315.297
1093.81 439.425
932.271 474.142
940.623 306.099
1268 690.962
1127.65 668.215
1132.03 425.172
428.824 535.26
517.868 302.65
277.53 576.281
894.754 312.359
1107.14 660.779
1064.4 415.619
1032.76 260.947
1005.11 270.019
513.609 333.01
958.689 619.126
351.703 523.382
1006.67 521.247
298.915 515.93
381.404 569.282
1000.71 517.384
549.137 315.521
1073.12 422.909
1253.15 533.62
1165.74 295.469
1056.16 359.181
240.369 678.617
292.239 526.191
1073.23 420.192
1010.75 277.275
251.566 461.038
384.143 677.42
904.222 454.889
964.447 647.968
305.445 582.601
339.358 716.545
1125.1 664.984
514.253 329.216
1235.19 465.04
538.878 298.619
1004.29 507.358
958.89 612.456
1075.17 477.768
361.906 663.897
359.39 489.967
930.532 286.527
1108.58 522.721
994.806 292.905
1162.64 313.609
960.931 472.043
319.076 514.322
279.081 530.7
307.073 602.801
210.125 697.695
359.627 551.907
1128.96 586.904
1042.24 669.229
536.518 512.85
294.138 546.375
1241.69 444.065
327.414 551.731
1188.69 623.46
237.167 609.694
331.895 552.981
1112.51 657.507
1040.77 477.117
574.191 702.618
306.037 505.543
283.901 526.002
337.596 493.293
929.537 447.83
526.297 497.752
1067.18 561.26
954.796 644.526
1249.42 580.334
1167.77 495.749
1089.19 475.245
359.381 478.113
950.691 638.547
935.262 648.114
1216.53 508.841
1026.48 332.849
1129.19 670.87
944.554 529.364
247.134 573.537
1187.99 607.598
355.755 450.603
1270.26 579.396
1039.87 689.182
531.829 292.352
510.587 312.288
281.72 528.116
1243.11 575.576
924.296 384.671
224.939 543.221
997.291 460.437
1197.08 609.058
954.796 644.526
230.413 642.258
962.697 703.997
1147.06 551.89
1060.96 322.147
526.32 346.612
1154.21 410.908
505.278 329.739
932.209 303.043
305.324 591.602
502.875 318.618
1167.93 291.846
552.617 309.533
283.883 515.132
515.736 306.714
1020.26 333.906
236.613 595.085
1086.29 630.684
