1483
507.819 327.614 867.352 661.377
267.793 587.278 530.353 516.322
236.129 683.27 430.724 519.885
216.089 699.437 415.598 504.868
269.72 579.473 538.342 514.813
545.174 702.003 431.996 812.874
495.29 312.614 884.463 643.048
330.435 533.516 591.586 555.44
239.266 592.762 521.721 492.69
236.873 592.65 521.819 490.053
540.913 500.183 658.047 752.194
308.94 500.876 625.351 524.141
242.289 489.101 631.469 459.368
332.313 643.331 477.867 592.108
307.93 582.73 538.692 551
431.833 731.817 393.499 709.927
281.107 607.62 510.297 534.396
325.276 534.948 590.226 551.2
518.497 335.891 858.877 675.858
364.116 565.755 562.309 597.853
454.505 593.28 540.786 693.144
523.164 335.351 862.09 679.919
249.96 672.835 441.669 527.47
303.065 665.566 453.253 573.103
289.602 490.379 634.825 502.588
304.477 473.662 655.258 510.273
235.672 679.947 433.58 517.411
508.883 336.667 856.649 665.76
542.314 303.215 908.332 690.442
399.655 716.8 405.249 675.826
237.874 614.497 499.578 498.003
368.047 719.288 402.816 647.093
314.538 503.329 623.59 530.385
523.164 335.351 862.09 679.919
266.022 587.154 530.068 514.38
331.174 481.894 648.467 538.837
509.764 320.42 877.252 660.011
524.762 306.267 900.145 671.573
240.816 602.94 512.283 496.599
237.198 678.767 435.405 518.233
249.171 588.106 525.058 499.211
525.144 333.304 865.073 680.78
388.277 669.264 454.827 651.832
251.712 589.616 524.69 503.572
317.36 594.454 526.615 563.783
519.757 306.264 898.764 666.116
271.056 578.549 539.365 515.889
267.793 587.278 530.353 516.322
352.806 580.99 544.49 591.927
520.864 329.951 866.095 675.911
395.28 656.842 468.409 654.614
515.736 306.714 897.071 662.155
334.189 469.68 662.108 537.327
269.607 631.416 485.262 531.719
247.963 585.91 530.093 497.911
324.948 523.776 602.382 547.198
346.245 687.335 433.711 617.729
304.279 665.167 453.253 573.103
296.401 505.09 619.041 512.597
487.613 325.718 864.276 639.048
523.385 333.683 864.694 679.213
234.872 684.016 430.724 519.885
549.903 311.415 898.582 701.501
225.572 694.348 419.333 513.11
549.131 317.29 893.916 701.314
356.831 523.741 605.673 577.165
249.171 588.106 525.058 499.211
241.954 588.318 526.564 493.002
369.979 727.487 394.752 651.089
283.076 523.156 599.592 506.062
551.651 315.352 894.216 704.262
253.782 586.374 529.574 502.941
527.841 330.825 866.718 683.604
508.614 306.77 894.592 654.744
231.439 563.349 552.169 476.499
518.376 334.119 861.311 674.324
352.546 725.947 395.12 634.893
264.142 650.396 465.073 532.789
388.658 676.621 449.717 652.949
494.014 663.305 468.827 751.566
311.609 602.394 518.238 560.81
523.336 342.925 851.124 682.524
277.545 575.413 541.615 521.429
449.519 733.771 392.398 727.206
234.658 581.407 532.911 484.399
264.142 650.396 465.073 532.789
252.395 590.957 524.69 503.572
362.77 672.145 450.534 628.516
548.366 328.863 874.289 704.891
331.174 481.894 648.467 538.837
402.334 546.786 586.295 628.194
269.436 676.264 439.698 545.484
284.018 593.676 524.595 532.719
271.056 578.549 539.365 515.889
328.752 525.838 600.923 551.09
251.679 670.601 443.11 526.946
566.9 634.354 507.891 817.04
382.14 577.057 551.569 618.466
368.047 719.288 402.816 647.093
454.976 708.885 418.619 726.206
391.106 673.456 449.654 655.713
235.56 694.152 419.776 522.073
510.135 304.654 898.345 656.636
304.827 621.428 497.897 561.939
304.827 621.428 497.897 561.939
378.55 731.243 391.645 660.009
247.963 585.91 530.093 497.911
263.4 574.924 541.999 507.982
551.175 316.728 893.249 703.746
232.985 642.257 471.624 502.796
443.524 680.537 446.713 707.324
288.86 560.955 558.997 526.439
313.534 596.296 524.774 560.537
301.255 500.956 624.231 517.258
306.027 498.351 627.603 520.78
339.042 481.376 650.24 545.755
270.2 672.51 443.531 545.147
275.644 608.352 509.204 529.966
215.9 710.05 402.723 510.679
299.693 628.976 490.82 558.506
513.006 706.54 424.414 781.833
344.36 584.458 539.015 585.27
420.103 726.839 397.568 697.65
519.757 306.264 898.764 666.116
526.708 306.101 900.389 673.376
548.127 322.279 883.178 702.221
252.134 672.121 441.669 527.47
384.072 626.84 498.456 635.409
514.253 329.216 865.514 668.81
279.905 575.922 542.294 523.425
517.147 319.321 879.389 667.28
339.358 716.545 404.126 620.631
263.4 574.924 541.999 507.982
296.401 505.09 619.041 512.597
497.13 312.657 884.665 644.008
236.809 592.111 521.819 490.053
354.611 494.858 637.361 565.347
266.332 609.027 507.863 522.05
305.636 596.328 522.662 553.492
339.042 481.376 650.24 545.755
252.395 590.957 524.69 503.572
379.496 577.356 550.856 616.118
355.058 491.847 641.259 564.43
294.948 607.003 511.916 546.927
241.532 590.673 524.162 493.734
536.679 746.061 385.01 815.935
237.167 609.694 504.286 496.237
357.994 451.552 686.892 553.507
533.105 496.858 660.68 743.213
542.711 308.286 901.397 692.226
538.428 750.254 381.125 821.759
282.949 571.84 546.613 524.832
299.386 571.51 548.562 539.655
301.832 505.119 619.93 518.436
540.675 314.826 891.808 692.169
536.196 310.62 897.851 683.637
247.991 606.988 508.322 504.82
272.612 593.515 524.482 522.188
301.183 603.874 515.676 551.69
527.887 332.913 866.718 683.604
266.851 575.97 541.174 511.48
388.658 676.621 447.879 655.502
351.894 589.472 535.107 593.857
246.984 577.534 536.766 494.456
282.904 478.372 647.57 492.598
513.238 303.734 899.725 658.639
241.14 615.682 498.806 501.515
304.975 597.663 522.662 553.492
516.031 348.803 841.369 676.952
548.843 316.45 891.627 700.75
384.143 677.42 445.662 649.902
421.093 724.617 399.761 698.184
256.454 563.281 553.357 497.932
328.092 598.071 524.246 574.734
256.714 576.721 539.82 502.672
272.856 603.06 514.091 525.562
235.975 588.845 524.916 488.655
267.199 670.614 445.125 541.85
490.546 660.375 471.669 747.166
292.239 526.191 596.632 517.721
400.342 715.334 408.247 675.471
217.149 624.129 488.706 483.949
529.25 318.65 884.848 680.853
352.282 525.92 603.222 573.718
304.975 597.663 522.662 553.492
230.829 612.987 499.926 491.944
282.904 478.372 647.57 492.598
527.887 332.913 864.831 684.385
263.84 601.925 514.683 517.248
389.387 732.816 390.106 670.415
241.954 588.318 526.564 493.002
515.375 343.335 847.835 673.88
284.018 593.676 524.595 532.719
500.721 333.767 857.651 655.269
545.264 305.379 906.36 693.468
268.263 670.49 445.402 542.972
495.29 312.614 885.891 642.552
351.74 460.204 675.638 550.491
542.314 303.215 908.332 690.442
304.975 597.663 522.662 553.492
354.439 496.451 635.712 565.623
325.276 534.948 590.226 551.2
454.436 709.154 418.619 726.206
233.369 492.723 626.171 454.003
230.829 612.987 499.926 491.944
441.37 594.347 538.376 680.898
247.182 575.118 542.177 493.007
455.84 708.14 418.619 726.206
332.837 553.859 571.702 563.486
519.656 304.734 900.449 665.75
236.967 686.908 427.058 521.068
312.541 573.561 548.023 552.187
518.833 329.092 867.186 673.723
551.175 316.728 894.216 704.262
540.752 320.632 883.606 693.832
262.186 611.247 504.637 518.721
248.101 602.66 512.701 503.322
225.572 694.348 419.333 513.11
301.011 665.336 455.185 570.138
253.782 586.374 529.574 502.941
325.276 534.948 590.226 551.2
531.839 318.6 885.433 685.209
391.532 636.455 489.05 645.184
427.318 699.539 425.912 696.817
360.963 578.38 548.249 598.619
307.311 505.54 619.157 524.558
231.795 513.121 604.193 457.019
243.332 711.61 403.361 534.219
391.584 671.652 451.252 654.909
487.613 325.718 864.276 639.048
525.239 330.185 868.294 680.198
303.168 513.913 610.845 523.73
518.497 335.891 858.877 675.858
525.239 330.185 868.294 680.198
500.595 309.808 888.897 647.094
528.514 742.885 387.642 806.709
416.585 728.487 395.105 694.803
266.728 571.118 546.114 509.713
334.817 525.33 601.088 557.21
239.891 685.873 427.907 522.656
500.595 309.808 888.897 647.094
317.36 594.454 526.615 563.783
547.895 310.981 898.58 697.914
328.203 526.694 599.586 551.071
536.524 294.157 919.801 678.069
551.104 498.642 661.269 762.311
550.938 312.681 897.082 702.183
304.477 473.662 655.258 510.273
388.277 669.264 454.827 651.832
252.134 672.121 441.669 527.47
343.309 507.283 622.571 558.67
550.938 312.681 898.582 701.501
371.559 458.848 680.214 568.921
307.358 530.863 592.501 533.2
379.125 733.316 391.645 660.009
253.898 578.211 537.747 500.393
610.595 492.683 679.682 824.376
331.895 552.981 571.702 563.486
230.779 612.853 500.701 491.438
269.948 512.322 608.711 492.44
610.666 494.601 679.682 824.376
375.175 674.248 449.178 640.725
278.487 597.787 519.957 529.159
566.9 634.354 507.891 817.04
256.454 563.281 553.357 497.932
264.491 588.904 527.974 513.663
237.318 605.388 508.747 494.799
510.631 310.131 892.468 657.895
303.065 665.566 453.253 573.103
303.152 660.796 457.706 570.935
352.032 509.105 621.582 567.738
303.352 568.437 552.177 542.343
511.691 330.801 862.9 666.333
269.948 512.322 608.711 492.44
543.367 298.717 912.883 691.105
454.436 709.154 418.619 726.206
325.276 534.948 590.226 551.2
369.834 478.585 657.653 574.239
229.144 595.891 517.435 484.553
384.863 625.967 500.352 636.405
301.828 623.599 494.688 558.495
255.34 611.078 504.783 513.067
540.187 324.821 881.277 696.354
391.106 673.456 449.654 655.713
422.075 698.774 426.417 691.811
391.214 678.164 445.631 656.846
290.682 587.657 529.865 535.725
269.81 475.945 648.552 479.605
281.994 522.457 599.592 506.062
235.56 694.152 419.776 522.073
518.376 334.119 861.311 674.324
375.358 673.306 450.298 640.171
243.332 711.61 403.361 534.219
335.899 468.577 664.569 538.661
249.96 672.835 441.669 527.47
241.532 590.673 524.162 493.734
306.501 621.767 497.897 561.939
487.613 325.718 864.276 639.048
399.495 719.869 403.862 676.539
284.018 593.676 524.595 532.719
395.082 718.42 405.371 671.812
280.49 599.533 518.529 531.419
266.851 575.97 541.174 511.48
355.058 491.847 641.259 564.43
538.878 298.619 913.64 684.736
269.607 631.416 485.262 531.719
546.627 306.748 906.36 693.468
288.605 571.174 548.269 529.632
305.141 622.098 497.897 561.939
364.116 565.755 561.734 597.787
332.813 557.764 567.017 565.745
291.028 605.846 512.776 543.012
232.423 645.386 468.306 503.593
514.253 329.216 865.514 668.81
277.405 452.952 675.352 477.951
523.385 333.683 864.694 679.213
331.85 512.729 615.966 549.689
346.245 687.335 433.711 617.729
388.397 670.076 454.827 651.832
301.589 624.573 494.688 558.495
533.105 496.858 660.68 743.213
513.02 308.365 893.312 659.995
368.047 719.288 402.816 647.093
536.267 513.353 641.579 751.3
550.432 305.096 906.644 699.724
302.113 513.684 610.772 522.416
391.584 671.652 451.252 654.909
511.772 332.201 862.15 666.674
366.512 543.144 586.346 592.669
388.304 673.716 449.717 652.949
514.317 330.765 864.649 671.282
391.532 636.455 489.05 645.184
312.132 579.391 542.191 553.714
244.53 592.807 522.341 496.919
524.762 306.267 898.56 671.369
540.723 318.581 887.773 692.815
289.602 490.379 634.825 502.588
368.116 716.995 405.526 646.122
328.752 525.838 600.923 551.09
291.893 532.857 590.105 519.768
319.076 514.322 612.028 538.293
487.849 303.83 892.245 630.74
240.369 678.617 435.04 520.885
527.841 330.825 869.418 685.128
289.606 492.897 631.664 503.595
281.754 516.679 607.345 506.59
259.926 577.483 540.662 504.879
277.146 490.225 633.851 491.182
540.723 318.581 887.773 692.815
264.898 609.702 507.033 521.076
536.196 310.62 896.721 685.831
508.883 336.667 856.649 665.76
215.097 700.92 412.356 506.541
525.144 333.304 865.073 680.78
329.525 476.954 654.102 535.454
544.389 303.716 907.893 692.249
247.057 578.363 536.766 494.456
518.757 311.849 893.271 667.914
252.128 518.99 599.566 478.353
269.055 633.441 482.943 531.767
344.163 585.314 539.015 585.27
338.249 642.593 478.95 597.118
331.174 481.894 648.467 538.837
249.025 590.625 525.058 499.211
268.263 670.49 445.402 542.972
317.762 552.938 570.19 550.134
278.426 607.015 510.253 531.386
251.566 461.038 664.019 458.509
305.112 590.805 529.664 551.086
529.25 318.65 884.848 680.853
361.11 719.853 402.802 640.924
540.913 500.183 658.047 752.194
455.84 708.14 418.619 726.206
372.695 716.521 405.846 650.327
331.895 552.981 571.702 563.486
540.675 314.826 891.808 692.169
490.546 660.375 471.669 747.166
515.754 308.663 894.384 659.86
391.205 674.823 449.654 655.713
267.093 574.675 541.174 511.48
497.699 321.95 872.877 648.198
299.36 630.254 488.913 558.142
455.454 732.605 393.933 732.526
314.538 503.329 623.59 530.385
454.976 708.885 418.619 726.206
283.394 601.41 517.554 535.22
362.77 672.145 450.534 628.516
253.782 586.374 529.574 502.941
206.343 778.545 337.287 523.73
526.32 346.612 846.568 687.348
269.948 512.322 609.695 492.184
385.374 672.302 451.92 649.868
305.58 501.803 623.542 521.662
301.832 505.119 619.93 518.436
306.775 508.626 615.714 523.646
511.697 334.352 860.044 667.342
501.341 329.785 863.253 654.635
515.754 308.663 893.831 662.73
223.455 711.948 402.112 517.066
269.6 629.62 487.37 530.802
508.552 305.699 896.221 653.984
525.239 330.185 867.15 680.898
510.631 310.131 892.468 657.895
422.786 727.849 396.749 700.432
368.116 716.995 405.526 646.122
511.691 330.801 862.9 666.333
274.044 671.029 445.268 547.905
281.436 491.681 633.057 495.329
513.749 296.611 911.839 654.755
359.39 489.967 643.603 568.525
541.095 654.036 483.195 795.982
250.832 577.059 538.654 497.387
502.191 307.273 893.198 647.777
514.676 332.671 863.267 669.194
224.222 663.486 447.989 504.169
349.278 592.779 531.358 592.029
527.768 293.098 918.67 670.077
518.833 329.092 867.186 673.723
284.018 593.676 524.595 532.719
229.918 561.8 553.79 473.143
274.044 671.029 445.268 547.905
225.046 563.199 553.281 469.727
522.875 328.64 868.301 678.243
388.304 673.716 449.717 652.949
391.205 674.823 449.654 655.713
283.612 605.672 512.448 536.109
207.356 711.659 401.68 503.362
269.6 629.62 487.37 530.802
399.418 718.236 405.249 675.826
280.49 599.533 518.529 531.419
232.985 642.257 471.624 502.796
243.033 613.277 501.155 502.689
538.938 322.272 882.901 692.517
230.413 642.258 470.687 500.418
540.752 320.632 883.606 693.832
242.596 604.061 510.922 499.121
237.739 579.413 535.404 486.623
535.648 313.371 894.172 686.202
270.206 510.725 609.695 492.184
240.816 602.94 512.283 496.599
319.382 510.902 615.645 537.293
287.332 594.196 524.073 536.119
312.788 653.078 466.338 577.176
385.133 612.895 513.227 632.097
356.046 487.645 648.644 562.815
531.581 311.362 894.334 679.054
450.558 712.295 414.413 722.609
287.41 523.477 599.082 512.839
549.431 307.85 904.067 699.09
237.145 682.978 430.724 519.885
542.861 667.343 468.793 801.212
545.264 305.379 906.36 693.468
316.014 595.648 525.58 563.019
261.801 588.146 528.873 510.309
352.703 460.568 675.143 551.795
313.346 531.276 592.68 538.86
301.589 624.573 494.688 558.495
234.658 581.407 532.911 484.399
269.436 676.264 439.698 545.484
302.908 588.623 531.632 548.455
268.411 676.163 439.903 544.652
264.965 437.749 690.645 461.598
266.022 587.154 530.068 514.38
303.152 660.796 457.706 570.935
320.712 552.671 571.018 552.894
350.242 726.192 394.866 632.709
239.089 612.912 501.346 498.666
604.585 306.141 923.348 760.164
386.661 566.526 563.471 619.133
551.335 318.412 889.973 704.879
511.207 305.542 898.789 658.404
519.829 309.733 894.755 667.823
306.037 505.543 619.157 524.558
391.532 636.455 489.05 645.184
235.072 574.986 539.952 482.533
305.141 622.098 497.897 561.939
234.847 693.668 420.204 521.189
363.298 457.525 680.432 561.046
301.828 623.599 495.716 558.244
209.526 715.945 399.062 506.094
249.025 590.625 525.058 499.211
463.913 692.453 436.079 729.822
217.251 616.388 495.749 481.238
522.344 347.833 843.901 682.508
314.798 601.685 518.238 560.81
233.819 643.203 471.635 504.757
303.065 665.566 453.253 573.103
269.607 631.416 485.262 531.719
254.315 611.426 504.241 512.065
244.31 676.595 437.728 523.74
253.682 588.823 527.185 503.914
350.152 490.951 640.866 559.712
366.512 543.144 586.346 592.669
304.827 621.428 497.897 561.939
302.634 628.744 490.562 560.735
309.858 471.388 658.04 515.072
249.025 590.625 525.058 499.211
524.019 291.344 919.364 666.864
244.53 592.807 522.341 496.919
540.675 314.826 891.808 692.169
303.168 513.913 610.845 523.73
391.214 678.164 445.631 656.846
524.522 347.359 846.568 687.348
531.839 318.6 885.433 685.209
235.975 588.845 524.916 488.655
235.604 686.607 427.058 521.068
235.072 574.986 539.952 482.533
263.64 405.713 726.838 448.578
353.931 727.552 393.359 636.731
514.245 294.167 913.831 656.129
482.788 327.742 861.844 634.444
246.455 483.844 637.459 461.598
311.687 562.321 560.13 547.592
352.767 582.234 543.25 592.29
294.91 528.428 594.666 521.175
372.695 716.521 405.846 650.327
234.872 684.016 430.724 519.885
535.116 328.411 874.928 690.001
237.739 579.413 535.404 486.623
574.191 702.618 433.377 843.692
272.837 591.229 526.79 521.801
352.599 724.245 396.523 634.391
306.501 621.767 497.897 561.939
547.882 305.245 906.164 697.255
361.11 719.853 402.802 640.924
531.491 344.658 849.851 691.483
309.858 471.388 658.04 515.072
530.066 741.154 389.504 807.928
549.903 311.415 898.582 701.501
323.219 650.829 469.133 585.709
237.332 604.296 510.268 494.255
267.199 670.614 445.125 541.85
352.171 511.703 618.4 568.702
287.035 503.185 620.378 504.639
380.693 515.363 618.458 597.447
305.112 590.805 529.664 551.086
309.156 473.847 655.823 514.59
289.101 560.164 558.997 526.439
388.304 673.716 449.717 652.949
501.252 339.122 850.5 657.962
463.913 692.453 436.079 729.822
246.221 410.615 719.452 434.84
379.125 733.316 391.645 660.009
320.712 552.671 571.018 552.894
277.252 579.005 539.109 521.941
482.788 327.742 861.844 634.444
287.332 594.196 524.073 536.119
318.585 530.812 593.845 543.428
515.375 343.335 847.835 673.88
546.627 306.748 906.36 693.468
302.908 588.623 531.632 548.455
243.896 637.954 476.646 510.772
269.882 608.442 508.526 524.216
216.357 710.868 402.723 510.679
516.031 348.803 841.369 676.952
244.341 443.308 681.627 447.462
385.133 612.895 513.227 632.097
264.898 638.265 477.737 529.652
249.171 588.106 525.058 499.211
241.954 588.318 526.564 493.002
519.656 304.734 900.449 665.75
298.914 479.301 647.687 507.398
513.02 308.365 894.384 659.86
282.949 571.84 546.613 524.832
283.153 569.718 548.841 524.242
236.886 642.845 471.095 506.809
355.755 450.603 687.485 550.67
502.668 321.149 875.339 653.139
542.711 308.286 901.397 692.226
531.025 739.169 391.874 808.323
326.719 527.791 600.923 551.09
304.827 621.428 497.897 561.939
254.063 669.269 445.65 530.042
237.145 682.978 430.724 519.885
549.903 311.415 898.582 701.501
303.352 568.437 552.177 542.343
305.293 624.418 494.785 561.856
520.864 329.951 866.095 675.911
308.5 471.815 658.04 515.072
487.849 303.83 892.245 630.74
302.413 662.717 455.185 570.138
224.822 629.709 482.953 492.994
256.714 576.721 539.82 502.672
547.301 505.742 652.285 760.685
540.752 320.632 883.606 693.832
528.855 334.709 862.819 684.276
388.397 670.076 454.827 651.832
236.613 595.085 519.047 490.79
245.721 670.634 444.421 524.618
283.153 569.718 548.841 524.242
404.335 666.694 458.385 665.856
384.169 673.325 450.319 648.77
270.2 672.51 443.531 545.147
281.72 528.116 593.54 508.341
226.8 611.209 502.185 488.116
246.882 579.313 536.766 494.456
523.75 293.735 917.239 666.562
497.699 321.95 872.877 648.198
267.082 476.968 646.876 477.247
375.58 681.327 441.269 643.284
544.389 303.716 907.893 692.249
428.665 736.4 388.402 708.076
378.55 731.243 391.645 660.009
310.55 508.473 617.341 528.092
251.998 521.224 597.449 479.07
378.405 575.734 552.73 614.257
250.832 577.059 538.654 497.387
312.719 578.344 543.422 554.003
492.184 318.362 874.922 641.331
231.1 616.109 497.6 493.432
250.832 577.059 538.654 497.387
294.138 546.375 574.729 526.386
237.198 678.767 435.405 518.233
390.353 636.301 489.085 643.935
391.106 673.456 451.252 654.909
283.883 515.132 607.345 506.59
352.032 509.105 621.582 567.738
233.545 593.215 521.039 487.324
540.892 314.042 894.017 692.747
538.713 315.297 893.873 688.652
508.848 320.303 877.252 660.011
234.847 693.668 420.204 521.189
481.644 332.262 857.097 633.859
500.721 333.767 857.651 655.269
518.497 335.891 861.311 674.324
540.892 314.042 894.017 692.747
369.979 727.487 394.752 651.089
324.92 534.149 590.86 550.69
522.875 328.64 868.301 678.243
266.022 587.154 530.068 514.38
537.077 312.016 895.35 686.996
528.355 291.286 921.281 670.673
540.187 324.821 879.513 694.8
388.277 669.264 454.827 651.832
305.73 509.135 615.714 523.646
237.874 614.497 499.578 498.003
531.491 344.658 849.851 691.483
550.581 314.857 897.082 702.183
282.307 568.572 551.763 522.398
280.454 575.008 542.294 523.425
531.839 318.6 885.433 685.209
247.755 607.976 507.15 504.933
253.682 588.823 527.185 503.914
220.648 609.373 502.445 481.942
375.58 681.327 441.269 643.284
299.36 630.254 488.913 558.142
226.079 693.128 420.288 513.232
301.832 505.119 619.93 518.436
511.772 332.201 862.15 666.674
280.171 570.475 548.691 521.543
283.883 515.132 607.345 506.59
513.02 308.365 893.312 659.995
248.101 602.66 512.701 503.322
546.699 311.594 898.58 697.914
513.238 303.734 899.725 658.639
285.722 607.331 511.083 538.824
343.648 594.203 529.708 587.943
513.097 307.151 894.384 659.86
308.5 471.815 658.04 515.072
255.685 407.62 723.786 442.536
514.317 330.765 864.649 671.282
538.938 322.272 882.901 692.517
325.28 533.447 591.713 550.921
521.509 342.098 851.539 680.644
228.088 529.758 586.133 461.893
307.781 669.64 448.88 577.35
242.596 604.061 510.922 499.121
297.71 532.678 589.734 525.084
345.265 593.119 530.784 589.38
511.772 332.201 862.15 666.674
511.207 305.542 898.789 658.404
306.872 510.039 615.005 525.194
591.231 547.122 611.411 822.075
284.309 600.559 517.554 535.22
236.967 686.908 427.058 521.068
487.613 325.718 864.276 639.048
354.351 640.057 482.847 611.514
538.713 315.297 889.36 691.196
227.693 617.348 495.919 490.168
506.151 306.604 894.243 652.69
253.682 588.823 527.185 503.914
237.589 639.918 473.648 505.942
390.353 636.301 489.085 643.935
553.817 315.747 894.816 707.326
306.775 508.626 615.714 523.646
320.917 651.885 468.68 585.909
604.621 311.883 915.65 762.288
230.605 616.796 497.6 493.432
279.081 530.7 589.807 506
511.697 334.352 860.044 667.342
267.082 476.968 646.876 477.247
536.679 746.061 385.01 815.935
256.714 576.721 539.82 502.672
310.684 475.734 655.087 516.079
305.73 509.135 615.714 523.646
391.532 636.455 489.05 645.184
247.134 573.537 542.177 493.007
518.497 335.891 861.311 674.324
224.015 553.693 561.622 466.082
513.609 333.01 862.15 666.674
330.098 534.284 591.586 555.44
408.671 673.403 450.956 672.603
284.4 452.519 676.514 484.348
550.581 314.857 895.381 702.77
363.209 671.108 450.534 628.516
551.651 315.352 894.216 704.262
269.882 608.442 508.526 524.216
239.266 592.762 521.721 492.69
549.431 307.85 904.067 699.09
258.838 610.782 504.864 515.211
538.713 315.297 889.36 691.196
277.53 576.281 541.615 521.429
513.609 333.01 862.15 666.674
298.915 515.93 607.832 520.143
381.404 569.282 559.575 615.222
549.137 315.521 893.916 701.314
240.369 678.617 435.04 520.885
251.566 461.038 662.666 457.866
384.143 677.42 445.662 649.902
339.358 716.545 404.126 620.631
538.878 298.619 912.778 686.517
361.906 663.897 458.504 625.375
359.39 489.967 643.603 568.525
279.081 530.7 589.807 506
210.125 697.695 414.811 501.999
359.627 551.907 575.987 589.236
536.518 512.85 642.408 751.524
294.138 546.375 574.729 526.386
327.414 551.731 572.429 558.826
237.167 609.694 504.286 496.237
331.895 552.981 571.702 563.486
574.191 702.618 433.377 843.692
306.037 505.543 619.666 523.14
283.901 526.002 595.579 509.852
337.596 493.293 637.274 548.563
526.297 497.752 658.508 736.385
247.134 573.537 542.177 493.007
355.755 450.603 687.485 550.67
531.829 292.352 920.413 674.181
281.72 528.116 593.54 508.341
230.413 642.258 470.687 500.418
305.324 591.602 528.996 551.632
552.617 309.533 902.366 704.349
283.883 515.132 607.345 506.59
515.736 306.714 897.071 662.155
945.828 548.497 975.99 371.476
1115.47 515.071 1037.24 248.404
974.01 447.822 907.318 296.079
1194.71 339.205 936.837 102.231
1051.96 316.13 839.794 171.163
1075.17 477.768 986.711 253.948
1003.08 660.685 1097.12 397.59
1232.11 571.455 1137.11 212.144
1109.98 557.501 1068.63 275.287
905.135 337.56 772.07 275.202
971.852 688.262 1104.25 433.187
1130.91 353.643 916.099 147.255
1098.73 583.231 1082.36 296.803
1021.56 505.175 980.87 299.872
1013.41 693.121 1129.36 408.796
1001.19 432.843 910.098 270.665
1025.11 502.962 980.833 296.07
1243.87 455.71 1053.21 141.085
1022.05 482.688 962.784 285.946
1132.03 425.172 973.356 187.25
1185.29 349.221 940.169 113.232
1059.53 399.287 913.437 214.477
991.257 536.332 991.191 335.911
1128.99 440.286 983.221 199.321
1029.12 495.428 977.991 288.778
967.22 696.261 1108.18 439.993
1019.03 329.564 831.916 198.883
1154.21 624.975 1141.85 286.427
1022.61 505.092 981.77 298.904
989.416 497.292 957.599 315.829
1174.11 601.581 1132.31 261.117
976.264 649.41 1076.41 407.365
1055.06 397.226 909.34 217.041
974.01 447.822 907.318 296.079
988.657 674.385 1100.24 415.721
1233.64 501.753 1085.9 172.44
923.813 560.854 974.731 393.715
1003.37 661.516 1097.12 397.59
1166.13 497.202 1047.96 208.138
1137.63 470.912 1015.37 210.974
1059.45 437.325 944.481 237.671
933.899 475.317 908.373 337.379
1188.68 269.574 878.645 64.1912
1225.47 413.133 1010.86 126.887
1091.91 585.145 1080.71 301.12
931.585 554.352 973.569 384.789
969.701 699.013 1112.09 439.005
1003.37 661.516 1097.12 397.59
1117.33 547.783 1066.1 266.148
1111.06 570.4 1077.96 282.046
1250.13 526.658 1111.87 176.785
912.571 334.579 773.474 269.051
965.185 654.186 1074.11 418.353
1001.35 541.821 1001.55 331.604
1208.5 633.562 1173.98 259.499
1221.76 394.908 997.073 118.98
1206.37 366.962 965.394 111.921
1103.21 585.682 1086.95 294.746
1003.3 413.599 894.595 257.633
1049.15 332.111 851.723 183.051
1025.78 501.734 980.833 296.07
1025.35 509.486 984.661 298.678
1033.65 669.328 1120.72 382.945
1234.88 491.107 1076.89 165.467
1003.08 660.685 1097.12 397.59
1266.69 573.423 1155.25 195.805
1161.34 575.02 1106.54 254.572
1123.15 463.133 1001.57 214.393
1056.24 397.17 909.34 217.041
1008.24 640.429 1084.75 383.549
932.167 650.11 1052.14 439.748
1200.46 499.397 1066.76 190.333
988.675 296.58 786.1 197.884
1231.15 433.632 1031.32 136.36
1150.6 648.205 1158.19 300.771
988.538 548.056 999.95 344.382
1035.12 664.054 1116.87 379.025
1024.18 515.948 991.945 303.714
894.86 310.264 742.607 264.708
910.683 340.379 776.984 273.561
962.637 641.467 1062.78 413.687
936.482 562.737 983.149 386.836
981.576 442.778 908.029 288.808
1242.26 438.21 1040.68 129.923
993.006 683.808 1111.15 417.137
1114.72 517.863 1038.39 249.958
1082.09 308.013 849.935 149.148
936.268 546.053 967.351 377.878
1005.94 273.678 778.489 171.171
1095.81 255.113 813.159 108.783
995.61 656.451 1090.31 400.582
1094.74 436.306 962.355 215.296
991.461 537.493 992.244 336.423
1235.69 584.254 1149.45 215.981
1214.58 418.154 1010.32 136.362
1120.46 588.18 1096.83 286.313
1018.5 330.193 832.155 199.757
1097.89 320.153 868.378 146.354
980.556 321.736 803.649 217.864
1232.11 571.455 1137.11 212.144
1014.64 459.379 938.106 275.366
1019.39 484.075 962.387 288.853
957.38 646.907 1064.15 420.628
1096.61 638.363 1125.84 326.09
1006.02 270.74 774.93 170.889
1139.49 474.025 1016.57 211.164
910.041 342.973 778.915 275.783
906.22 288.032 727.826 245.016
916.751 317.388 762.149 257.721
1067.34 420.7 934.617 223.704
1101.28 440.068 969.413 213.681
1112.04 436.416 971.791 205.695
915.452 286.574 732.238 238.316
1047.89 336.303 853.629 186.953
1006.74 659.656 1098.57 395.803
1155.94 303.923 886.846 104.074
1154.21 410.908 973.04 166.91
1048.76 677.383 1133.62 377.826
998.475 680.429 1111.05 411.806
907.144 325.176 762.114 268.821
961.227 623.397 1045.33 403.826
1205.31 307.812 919.535 77.0434
1038.31 551.072 1026.88 315.109
1036.25 507.2 990.142 291.77
929.613 591.234 1003.35 406.906
1007.18 704.27 1132.12 421.479
1172.82 655.809 1174.94 293.353
1216.9 641.809 1183.84 258.735
1097.4 439.751 966.154 216.716
898.982 309.152 742.116 262.855
1008.37 273.178 778.489 171.171
1226.91 420.974 1017.68 130.257
925.525 366.108 808.23 278.394
935.858 469.979 906.512 334.173
922.896 560.635 973.978 394.16
935.031 644.922 1050.01 434.277
1127.51 424.733 970.024 191.753
1250.81 581.363 1153.7 206.544
1003.37 661.516 1097.12 397.59
991.382 668.385 1097.23 409.975
942.441 302.19 763.115 230.652
1087.63 626.151 1110.95 325.008
1220.64 565.792 1126.7 215.319
1109.93 521.642 1039.11 254.934
1022.05 482.688 962.506 287.364
1131.35 585.313 1098.3 276.688
1151.9 451.338 1003.22 190.699
959.768 660.884 1074.73 425.694
1164.86 499.809 1049.46 211.077
932.271 474.142 906.674 338.362
1011.52 277.075 783.668 172.238
1173.57 274.177 873.4 75.8277
967.388 621.921 1047.41 399.785
1129.48 554.365 1074.9 260.298
969.104 447.399 903.576 298.998
1221.76 394.908 996.209 118.232
1146.75 650.388 1158.35 303.564
946.541 660.926 1067.88 435.67
1027.74 479.174 964.361 279.807
1027.74 479.174 964.361 279.807
1094.92 324.114 869.369 150.763
956.199 640.745 1057.82 417.46
920.629 573.036 982.587 405.288
929.677 540.755 960.635 378.734
1234.92 542.116 1116.75 194.828
1243.31 572.781 1146.04 208.039
1135.81 422.369 972.815 184.124
1146.83 646.429 1154.67 302.515
919.978 384.81 821.781 293.93
1100.65 564.98 1069.76 285.165
1181.13 257.824 864.401 61.6828
1249.42 580.334 1153.7 206.544
928.15 474.274 903.93 341.06
997.786 554.024 1008.79 341.866
1040.48 259.187 784.828 143.81
960.465 651.56 1066.81 418.962
1131.2 356.592 916.912 148.964
1045.82 505.783 992.474 284.703
910.868 284.023 726.672 239.148
1005.79 276.393 778.916 174.716
1079.9 307.242 847.931 149.851
1198.36 610.615 1149.19 252.36
1220.97 634.122 1182.19 253.857
1062.85 408.326 922.554 218.156
923.25 556.404 969.472 392.716
1180.44 657.183 1177.96 286.346
1142.12 690.321 1186.72 328.183
908.606 273.584 715.603 234.073
904.6 325.551 762.114 268.821
1140.65 679.474 1177.92 323.694
1243.55 431.67 1037.42 126.584
1196.71 332.552 932.554 96.6649
1115.13 603.855 1106.83 300.65
980.556 321.736 803.649 217.864
976.986 300.6 783.091 208.406
1089.78 587.404 1081.31 304.331
1064.26 402.682 919.217 213.088
983.526 447.042 910.09 289.364
1129.13 584.821 1097.98 279.045
964.408 506.274 950.901 335.785
910.825 287.034 730.042 241.274
1229.83 586.16 1148.28 222.204
1096.35 456.515 979.204 228.089
935.622 474.093 907.981 335.84
1020.59 483.092 962.506 287.364
920.995 383.2 820.64 291.59
1015.14 471.396 950.714 284.317
914.191 337.431 777.614 269.367
1102.97 582.946 1085.62 293.199
972.884 674.76 1095.24 424.247
1003.08 660.685 1097.12 397.59
996.654 539.994 995.665 334.794
954.796 644.526 1061.28 421.043
983.681 542.722 994.989 345.137
938.357 305.131 763.71 234.89
981.042 291.902 778.012 200.388
1028.03 270.227 785.522 157.983
1251.38 533.963 1120.14 181.367
945.828 548.497 975.99 371.476
1238.49 539.981 1116.4 191.009
940.694 551.727 976.406 377.693
1094.53 323.567 869.369 150.763
1139.45 421.019 973.913 180.237
1010.8 379.062 869.605 233.592
1039.97 664.084 1119.24 376.418
1056.16 359.181 878.348 194.319
910.825 287.034 730.042 241.274
937.272 455.77 892.943 324.33
951.323 624.473 1040.79 412.119
993.177 687.357 1114.16 419.245
932.042 568.138 985.199 392.589
1169.05 293.375 887.135 89.6215
913.866 312.444 753.724 255.701
983.891 308.665 793.845 207.882
948.953 636.314 1050.48 420.375
1016.94 478.369 956.898 287.288
924.216 574.075 985.159 401.537
1148.52 471.381 1017.91 204.609
996.654 539.994 995.665 334.794
1169.78 294.128 887.135 89.6215
944.752 576.246 999.442 388.364
1235.54 488.676 1076.89 165.467
1018.5 330.193 832.155 199.757
1187.18 260.15 872.524 60.3605
1233.57 542.859 1116.75 194.828
1158.85 310.838 894.351 105.816
1087.19 585.722 1078.81 305.081
1148.36 612.272 1128.81 282.866
1112.64 391.037 934.102 179.753
921.772 568.94 979.257 400.987
910.305 328.051 766.334 267.605
1081.85 308.081 849.935 149.148
1132.97 425.252 973.356 187.25
950.703 614.615 1032.52 406.904
1046.56 680.002 1134.85 380.934
942.441 302.19 763.115 230.652
983.526 447.042 910.09 289.364
1156.92 459.272 1013 193.662
952.534 471.667 915.791 325.243
963.72 646.786 1067.29 415.6
1046.56 680.002 1134.85 380.934
1146.31 647.631 1154.67 302.515
1165.22 294.645 885.921 92.4708
1234.91 457.057 1049.25 145.794
1003.16 345.686 836.643 217.916
1165.74 295.469 885.921 92.4708
1240.24 525.839 1108.08 184.038
1054.08 671.306 1130.97 371.733
1235.69 584.254 1149.45 215.981
920.503 570.841 980.677 403.382
1003.37 661.516 1097.12 397.59
964.356 639.605 1061.68 411.082
1064.4 415.619 929.205 222.075
942.377 329.002 786.783 244.984
1097.42 321.643 869.739 147.664
940.037 469.853 907.594 330.67
932.271 474.142 905.878 339.04
922.777 573.227 983.694 401.815
1237.63 482.196 1072.14 160.092
1040.77 477.117 969.902 272.63
909.687 312.986 751.996 258.523
1206.27 307.152 919.535 77.0434
981.641 662.246 1088.21 412.397
964.398 672.294 1087.56 428.618
1079.04 586.725 1075.88 309.986
1243.47 433.589 1038.69 127.223
1229.88 585.154 1145.25 220.167
1009.78 658.812 1100.35 391.75
914.496 287.578 732.386 239.189
1216.9 641.809 1183.84 258.735
1218.84 399.726 999.478 122.66
981.889 443.902 909.123 289.158
1113.63 574.156 1082.3 282.876
1240.19 539.256 1116.4 191.009
1171.67 656.098 1174.94 293.353
954.586 582.763 1010.07 385.818
953.018 700.622 1105.91 451.333
1228.75 412.401 1012.04 125.074
1180.44 657.183 1177.96 286.346
1036.25 507.2 990.142 291.77
1094.74 436.306 962.355 215.296
930.088 468.811 902.135 336.82
1243.11 575.576 1146.04 208.039
1200.3 500.002 1066.76 190.333
1230.84 585.445 1147.37 220.568
900.813 317.391 750.179 266.525
1056.24 397.17 909.34 217.041
1168.69 652.344 1170.07 292.534
1073.78 372.835 900.602 190.309
921.91 489.576 912.577 354.244
942.377 329.002 786.783 244.984
1001.23 502.329 968.177 310.605
1232.11 571.455 1137.11 212.144
1209.61 634.12 1173.98 259.499
1046.75 601.666 1072.56 337.829
900.024 336.228 767.414 278.051
925.525 366.108 808.23 278.394
1038.21 326.345 840.401 185.584
970.379 449.289 906.855 299.512
1269.97 636.43 1204.1 225.76
1076.76 309.829 848.31 152.806
1110.71 471.361 999.148 226.614
1016.97 480.131 956.898 287.288
1166.17 289.444 882.038 89.1243
1179.99 528.327 1078.46 218.016
910.825 287.034 730.042 241.274
1003.89 274.367 776.628 174.792
1036.25 664.972 1119.24 378.719
1076.58 436.573 955.183 227.769
943.731 632.984 1044.89 422.916
980.548 301.436 785.434 205.552
1003.37 661.516 1097.12 397.59
1079.77 585.905 1075.88 309.986
954.661 546.894 980.511 364.597
1103.01 565.631 1069.76 285.165
950.691 638.547 1050.48 420.375
959.768 660.884 1074.73 425.694
1027.74 479.174 964.361 279.807
1186.73 257.048 868.788 58.8157
1016.39 262.224 773.277 160.669
1097.42 321.643 869.739 147.664
1231.96 536.642 1110.72 192.615
956.62 688.721 1097.61 442.861
1096.56 323.552 871.698 147.604
1080.12 303.356 844.75 147.041
1003.86 410.828 893.064 256.072
1047.63 680.452 1135.7 380.153
1165.22 294.645 885.921 92.4708
979.214 661.271 1085.88 413.889
1148.69 648.006 1158.19 300.771
1003.89 274.367 776.628 174.792
918.831 333.519 776.387 264.895
1226.57 419.092 1017.68 130.257
1014.64 459.379 938.106 275.366
1000.25 458.954 931.584 287.09
957.37 468.813 916.273 318.559
952.271 544.192 975.617 365.226
1138.51 651.673 1156.87 312.4
1006.28 662.179 1100.63 396.702
1234.28 542.664 1116.75 194.828
1158.18 310.319 894.351 105.816
914.496 287.578 732.386 239.189
1275.98 641.943 1210.71 225.288
1083.27 359.868 893.601 178.695
1027.83 682.587 1128.26 393.631
891.263 304.306 732.278 264.771
1243.31 572.781 1146.04 208.039
1118.62 306.477 869.246 126.532
956.305 652.551 1067.76 423.426
1260.87 614.34 1181.41 217.715
1056.28 322.951 847.142 173.077
905.135 337.56 772.07 275.202
906.844 310.763 750.233 258.697
1092.03 486.094 1003.02 246.075
929.613 591.234 1003.35 406.906
1073.78 372.835 900.602 190.309
912.635 299.416 742.334 247.716
951.228 653.532 1065.41 427.825
1060.96 322.147 849.441 169.697
928.605 590.766 1001.83 407.426
1107.26 593.783 1095.15 296.803
1145.08 677.297 1177.96 319.579
1218.9 583.824 1140.42 226.392
991.33 382.076 861.378 246.618
955.444 618.667 1038.21 405.637
1119.86 652.872 1148.77 323.055
999.003 459.803 931.584 287.09
1237.63 482.196 1072.14 160.092
1090.58 634.076 1117.85 327.593
921.772 568.94 979.257 400.987
1198.47 505.629 1069.58 193.257
898.811 316.829 748.506 267.698
924.771 316.622 763.581 250.331
1121.98 475.683 1008.44 222.536
1104.03 586.109 1086.95 294.746
929.537 447.83 881.254 325.494
1238 586.448 1152.68 216.192
1238.49 539.981 1116.4 191.009
1140.62 677.932 1177.07 322.005
958.147 504.518 946.464 338.888
919.78 330.264 774.156 261.789
1101.6 322.103 872.123 145.662
939.302 470.802 907.923 331.844
1137.57 678.194 1174.72 325.313
996.778 408.085 886.446 258.804
1026.56 263.854 780.923 154.735
950.191 619.02 1036.34 409.609
1039.87 689.182 1139.81 389.541
1103.41 632.697 1124.79 320.562
934.31 477.7 910.889 338.889
923.75 356.105 801.304 275.246
1103.21 585.682 1086.95 294.746
900.813 317.391 750.179 266.525
964.398 672.294 1087.56 428.618
1152.72 458.711 1012.12 195.568
1114.86 513.425 1035.53 248.03
1114.86 513.425 1035.53 248.03
1116.42 316.653 875.552 133.1
1149.74 675.412 1179.7 316.146
1226.57 419.092 1017.68 130.257
1044.14 677.819 1131.68 381.583
894.731 313.702 743.099 268.416
1243.47 433.589 1038.69 127.223
1011.52 277.075 783.668 172.238
899.008 314.266 746.262 266.179
1205.17 365.474 963.606 111.981
1185.14 576.925 1118.26 243.54
937.133 474.602 909.244 335.383
1037.93 667.325 1120.9 379.122
1144.34 677.146 1177.96 319.579
953.018 700.622 1105.91 451.333
922.954 362.224 804.783 278.85
1026.13 515.403 992.24 302.76
1046.75 601.666 1072.56 337.829
1054.76 672.813 1130.97 371.733
940.694 551.727 976.406 377.693
930.391 455.649 888.641 329.191
942.441 302.19 763.115 230.652
1234.92 573.955 1140.91 211.711
938.219 563.384 983.146 384.527
1100.36 439.572 968.223 214.293
912.69 338.899 777.079 271.407
1154.69 625.667 1141.85 286.427
904.671 306.723 743.261 257.607
1022.05 482.688 962.506 287.364
1229.08 582.97 1145.25 220.167
964.268 654.901 1074.12 419.762
981.548 322.72 804.567 217.889
1152.72 458.711 1012.12 195.568
1169.05 293.375 887.135 89.6215
1064.44 414.32 929.205 222.075
1243.55 431.67 1037.42 126.584
1140.77 457.853 1004.41 201.071
1095.7 438.848 964.915 216.731
991.284 549.324 1001.86 343.094
1127.18 582.911 1096.41 279.277
1128.34 639.831 1141.83 308.737
1079.52 311.793 851.371 152.498
1046.98 602.161 1072.56 337.829
1226.91 420.974 1017.68 130.257
955.528 702.158 1106.96 451.229
920.004 555.19 967.069 394.118
981.548 322.72 804.567 217.889
917.395 312.882 756.183 253.361
898.811 316.829 748.506 267.698
1001.23 502.329 968.177 310.605
1183.81 311.814 909.332 92.3128
933.889 452.081 889.138 323.527
1049.82 680.439 1136.41 378.841
1196.83 348.758 945.236 107.34
1229.83 586.16 1148.28 222.204
965.46 472.877 924.029 314.728
1020.75 327.021 831.365 195.746
954.811 612.922 1033.58 403.114
1158.85 310.838 894.351 105.816
996.836 682.163 1111.15 417.137
954.142 579.221 1006.71 383.827
897.951 294.199 727.967 254.064
914.191 337.431 777.614 269.367
995.872 553.25 1008.79 341.866
957.221 540.381 975.846 360.146
980.548 301.436 785.434 205.552
940.045 574.226 994.036 389.413
993.042 688.242 1114.16 419.245
1208.5 633.562 1173.98 259.499
1047.63 680.452 1135.7 380.153
1129.48 554.365 1074.9 260.298
935.858 469.979 906.512 334.173
1225.4 651.338 1193.64 258.981
1026.78 505.388 983.796 296.37
1079.85 507.022 1013.37 263.809
1036.09 651.854 1107.25 372.128
1129.48 554.365 1074.9 260.298
1229.88 585.154 1148.28 222.204
983.967 307.361 792.919 207.101
1250.81 581.363 1153.7 206.544
1154.21 624.975 1141.85 286.427
1007.7 512.878 979.239 312.56
968.872 446.299 903.576 298.998
917.829 343.731 784.59 270.695
1264.95 571.438 1154.11 195.64
1209.8 595.307 1144.8 237.842
906.997 288.693 728.791 245.121
1004.69 343.619 836.643 217.916
960.218 622.958 1044.69 404.611
964.408 506.274 950.901 335.785
1056.28 322.951 847.142 173.077
931.598 593.426 1006.08 406.726
957.306 624.49 1044.13 407.672
1234.73 543.973 1118.01 195.647
1220.21 571.5 1131.58 218.068
931.847 476.698 908.888 339.88
954.387 645.377 1061.28 421.043
942.736 564.961 988.999 383.808
1234.49 436.137 1033.05 134.932
1003.26 415.906 896.792 259.415
954.811 612.922 1033.58 403.114
944.752 576.246 999.442 388.364
1092.03 486.094 1003.02 246.075
1090.58 634.076 1117.85 327.593
1024.74 508.232 984.661 298.678
1016.39 262.224 773.277 160.669
957.306 624.49 1044.13 407.672
968.872 446.299 903.576 298.998
1181.47 366.442 951.529 125.755
1184.37 258.897 867.122 61.2138
891.332 308.214 735.432 266.685
1173.88 269.651 869.988 73.2477
1251.76 536.152 1120.14 181.367
1005.73 526.86 990.654 321.653
999.555 680.574 1111.74 411.241
983.891 308.665 793.845 207.882
921.13 361.471 804.783 278.85
898.226 310.509 742.607 264.708
1199.13 358.076 953.841 110.767
979.061 346.429 823.107 234.012
1234.92 573.955 1140.91 211.711
970.645 424.84 885.775 285.224
1004.57 470.037 945.733 290.255
1259.47 618.659 1184.21 221.294
932.651 471.106 904.326 336.38
1020.59 483.092 962.506 287.364
1163.18 503.561 1051.32 213.676
1071.29 384.801 907.948 201.184
1194.71 339.205 936.837 102.231
1221.37 541.278 1108.6 201.378
1144.73 650.275 1155.06 306.839
1005.32 660.366 1098.57 395.803
1102.04 585.722 1086.95 294.746
957.188 641.196 1059.33 416.777
920.503 570.841 980.677 403.382
930.088 468.811 900.575 337.11
1218.75 638.22 1182.19 253.857
1198.44 333.429 934.112 96.7294
955.528 702.158 1105.91 451.333
901.762 288.854 725.918 248.231
932.878 444.953 883.147 322.268
952.179 473.911 915.791 325.243
930.532 286.527 740.945 228.969
1187.87 258.947 868.788 58.8157
1131.2 356.592 916.912 148.964
960.931 472.043 920.499 317.691
954.387 645.377 1061.28 421.043
1146.79 470.974 1017.91 204.609
1054.08 671.306 1130.97 371.733
1125.08 465.204 1001.57 214.393
1135.63 678.278 1173.88 326.133
936.435 626.266 1035.3 422.297
954.796 644.526 1061.28 421.043
939.661 424.348 867.736 303.688
948.151 574.047 999.127 385.427
950.84 594.204 1018.3 396.209
922.159 281.514 731.976 231.096
937.133 474.602 907.981 335.84
1011.71 519.751 988.098 313.726
931.888 553.653 973.448 384.139
1178.79 634.917 1161.9 279.443
925.842 362.606 808.23 278.394
920.004 555.19 967.069 394.118
1087.67 273.252 824.583 124.371
975.366 292.133 774.499 202.336
1010.75 277.275 783.668 172.238
897.951 294.199 727.967 254.064
1135.11 683.181 1177.88 328.851
1218.9 583.824 1140.42 226.392
1099.39 323.364 871.698 147.604
980.992 292.83 778.012 200.388
1071.29 384.801 907.948 201.184
1148.42 693.709 1192.14 327.517
1040.77 477.117 969.902 272.63
1118.28 550.381 1066.1 266.148
1009.78 658.812 1100.35 391.75
1128.96 586.904 1099.83 280.292
1241.43 627.637 1183.58 237.372
1115.47 515.071 1035.53 248.03
1224.43 644.947 1190.51 255.136
930.566 473.245 904.479 339.788
960.978 647.921 1066.81 418.962
955.677 645.242 1061.28 421.043
912.635 299.416 742.334 247.716
1055.06 397.226 909.34 217.041
1254.38 568.634 1145.6 197.738
904.985 334.907 769.552 274.094
1098.73 583.231 1082.36 296.803
1158.18 310.319 894.351 105.816
938.315 456.495 893.638 323.75
924.9 356.349 800.31 273.645
1102.04 585.722 1086.95 294.746
923.25 556.404 969.472 392.716
1094.53 323.567 869.369 150.763
926.93 561.165 976.375 392.635
1003.86 410.828 893.064 256.072
937.072 468.634 904.371 332.091
1005.3 274.828 777.968 174.057
1209.1 382.246 979.505 118.861
1064.75 334.01 861.696 173.754
1088.27 436.114 959.102 219.414
991.461 537.493 992.244 336.423
956.32 582.041 1010.54 384.186
983.681 542.722 994.989 345.137
906.253 316.946 753.451 262.132
1029.12 495.428 977.991 288.778
1020.75 327.021 831.365 195.746
995.872 553.25 1008.79 341.866
1239.29 566.996 1137.7 206.325
1206.37 366.962 965.394 111.921
1161.65 299.396 887.449 97.2849
978.9 692.502 1111.24 430.801
1090.73 439.223 962.767 220.199
1168.45 656.593 1173.63 295.253
1027.46 514.082 992.24 302.76
999.555 680.574 1111.74 411.241
1151.9 451.338 1004.1 191.204
931.146 550.877 970.034 383.424
1052.56 604.808 1077.44 335.182
914.769 347.961 787.275 275.22
900.751 325.597 759.156 270.552
1054.76 672.813 1130.97 371.733
906.997 288.693 728.791 245.121
1202.42 363.046 961.499 112.265
970.615 599.355 1031.24 385.204
981.576 442.778 908.029 288.808
1069.56 418.354 934.123 221.048
1094.92 324.114 870.086 150.928
1208.18 382.895 979.505 118.861
1250.52 525.262 1111.87 176.785
1139.61 476.025 1017.78 211.705
929.12 456.585 888.923 330.476
939.669 305.645 763.71 234.89
925.245 574.486 986.217 401.102
1088.91 435.716 959.102 219.414
918.423 312.93 757.035 252.671
1144.34 677.146 1177.96 319.579
930.042 448.504 882.116 325.318
933.109 478.273 910.47 340.044
1174.5 257.846 860.291 65.6529
928.15 474.274 903.93 341.06
1220.64 565.792 1126.7 215.319
1128.99 440.286 983.221 199.321
1216.53 508.841 1080.91 184.473
1134.82 660.555 1161.16 315.604
969.104 447.399 903.576 298.998
939.028 468.419 907.594 330.67
906.81 313.584 751.183 258.559
1035.12 664.054 1116.87 379.025
983.967 307.361 792.919 207.101
1046.98 602.161 1072.56 337.829
892.402 313.634 741.558 270.542
949.549 590.356 1013.62 394.181
906.22 288.032 727.826 245.016
1185.14 576.925 1118.26 243.54
991.257 536.332 991.191 335.911
1180.67 365.955 951.529 125.755
921.29 381.982 820.64 291.59
908.583 333.978 770.62 271.114
1003.26 415.906 896.792 259.415
1132.97 425.252 973.356 187.25
978.9 692.502 1111.24 430.801
1146.31 647.631 1154.67 302.515
980.206 468.864 929.671 305.544
1003.3 413.599 894.595 257.633
932.691 580.35 995.384 399.725
1240.19 539.256 1116.4 191.009
1006.02 270.74 774.93 170.889
948.953 636.314 1050.48 420.375
997.185 688.008 1117.08 418.83
1171.13 655.069 1174.94 293.353
1047.15 669.88 1126.68 374.852
1104.03 586.109 1086.95 294.746
939.028 468.419 907.923 331.844
1208.18 382.895 979.505 118.861
930.613 668.103 1064.82 449.891
1243.09 454.851 1053.21 141.085
1236.38 487.12 1075.09 163.026
1144.18 673.878 1174.78 318.237
930.072 287.019 741.061 229.472
1213.74 598.088 1148.71 236.788
925.279 463.673 893.012 337.823
928.322 452.434 884.519 329.392
1171.72 254.01 855.966 64.7345
1093.81 439.425 966.154 216.716
932.271 474.142 905.878 339.04
940.623 306.099 764.834 234.275
1132.03 425.172 973.356 187.25
894.754 312.359 742.183 266.164
1005.11 270.019 773.804 171.242
1253.15 533.62 1119.28 178.442
1165.74 295.469 885.921 92.4708
1056.16 359.181 878.348 194.319
1073.23 420.192 937.774 219.359
1010.75 277.275 783.668 172.238
964.447 647.968 1068.91 415.563
1125.1 664.984 1159.38 324.802
958.89 612.456 1036.04 400.336
1075.17 477.768 986.711 253.948
930.532 286.527 740.945 228.969
1108.58 522.721 1039.47 256.229
1162.64 313.609 899.419 104.454
960.931 472.043 920.499 317.691
1128.96 586.904 1099.83 280.292
1042.24 669.229 1124.79 377.275
1241.69 444.065 1044.17 135.64
1112.51 657.507 1147.61 328.87
1040.77 477.117 969.902 272.63
1067.18 561.26 1053.25 303.124
954.796 644.526 1061.28 421.043
1249.42 580.334 1153.7 206.544
1167.77 495.749 1047.83 206.877
950.691 638.547 1050.48 420.375
1039.87 689.182 1139.81 389.541
1243.11 575.576 1146.04 208.039
997.291 460.437 931.132 289.334
1197.08 609.058 1149.19 252.36
1147.06 551.89 1080.21 251.285
1060.96 322.147 849.441 169.697
1154.21 410.908 973.04 166.91
932.209 303.043 757.309 238.03
1167.93 291.846 885.921 92.4708
