0 2849
1 1607
2 2116
3 1932
4 309
5 1903
6 2786
7 1347
8 485
9 498
10 1469
11 2844
12 213
13 682
14 2878
15 1924
16 1239
17 1853
18 217
19 2656
20 691
21 1558
22 2536
23 811
24 749
25 2727
26 2092
27 1777
28 748
29 2414
30 1737
31 1636
32 1510
33 1739
34 2789
35 602
36 852
37 1120
38 42
39 2428
40 618
41 1116
42 647
43 1663
44 498
45 1682
46 2005
47 1977
48 308
49 58
50 2669
51 887
52 1583
53 838
54 634
55 106
56 261
57 2116
58 2587
59 773
60 2140
61 279
62 639
63 1026
64 2483
65 1064
66 24
67 2782
68 101
69 1341
70 129
71 696
72 583
73 2651
74 1542
75 1057
76 1281
77 480
78 692
79 949
80 523
81 563
82 17
83 791
84 1371
85 522
86 1468
87 1786
88 1071
89 1113
90 2864
91 729
92 183
93 2876
94 1797
95 1213
96 1648
97 2073
98 1273
99 2130
100 2704
101 2411
102 1886
103 1438
104 1316
105 1338
106 1915
107 2548
108 549
109 1929
110 1008
111 1635
112 1850
113 2029
114 2498
115 485
116 1651
117 1367
118 2866
119 2075
120 2926
121 1852
122 543
123 2536
124 426
125 2076
126 1101
127 1594
128 2700
129 1592
130 1379
131 487
132 2149
133 779
134 2675
135 1642
136 346
137 1208
138 2658
139 2352
140 2584
141 605
142 2730
143 2252
144 768
145 1025
146 1389
147 1661
148 782
149 316
150 816
151 1955
152 1211
153 2485
154 2441
155 1223
156 1746
157 1085
158 2536
159 1520
160 2691
161 1492
162 594
163 1115
164 824
165 626
166 2941
167 1303
168 2011
169 1427
170 1543
171 2003
172 0
173 2792
174 2143
175 895
176 296
177 2379
178 1022
179 1154
180 1469
181 1068
182 2382
183 2440
184 2168
185 1844
186 614
187 949
188 1830
189 1161
190 1915
191 1415
192 1643
193 1965
194 2563
195 999
196 116
197 1489
198 1562
199 2354
200 1175
201 673
202 1397
203 1374
204 1051
205 1814
206 1672
207 2723
208 2501
209 1000
210 830
211 2357
212 1956
213 2708
214 412
215 1123
216 1664
217 872
218 1649
219 1727
220 1041
221 2731
222 157
223 2129
224 1323
225 1463
226 1914
227 2628
228 1491
229 1604
230 2941
231 1064
232 710
233 704
234 1104
235 1065
236 1183
237 855
238 1923
239 553
240 1592
241 1149
242 1742
243 714
244 64
245 2321
246 239
247 774
248 1127
249 1335
250 648
251 670
252 2040
253 1133
254 2520
255 2338
256 1326
257 2498
258 634
259 1119
260 1420
261 751
262 320
263 1040
264 2569
265 2529
266 1516
267 198
268 1305
269 1600
270 340
271 2765
272 2561
273 1996
274 865
275 195
276 1310
277 102
278 560
279 649
280 2656
281 2783
282 2567
283 1145
284 2033
285 2366
286 1072
287 492
288 1799
289 1872
290 432
291 822
292 25
293 2346
294 169
295 2817
296 1692
297 792
298 29
299 579
300 549
301 1617
302 907
303 151
304 1889
305 2778
306 2319
307 2688
308 1584
309 1901
310 2496
311 1729
312 1000
313 1232
314 624
315 150
316 529
317 2501
318 2564
319 2099
320 1728
321 444
322 943
323 1856
324 1794
325 726
326 1693
327 207
328 1438
329 2343
330 698
331 2679
332 2935
333 2863
334 2703
335 1126
336 1611
337 802
338 1715
339 2654
340 1733
341 100
342 2773
343 2370
344 2885
345 1652
346 1356
347 1375
348 1293
349 1081
350 40
351 614
352 2053
353 702
354 1506
355 796
356 754
357 936
358 2519
359 496
360 1686
361 1272
362 2319
363 1764
364 2063
365 84
366 1652
367 739
368 677
369 46
370 1329
371 1937
372 2093
373 1197
374 930
375 2769
376 1068
377 1240
378 458
379 1873
380 9
381 2848
382 451
383 1773
384 461
385 1344
386 2018
387 869
388 1576
389 2293
390 1839
391 2013
392 1856
393 727
394 2153
395 778
396 1893
397 1304
398 1340
399 1407
400 2684
401 923
402 2606
403 183
404 1923
405 816
406 1711
407 1845
408 776
409 1387
410 538
411 47
412 1474
413 2749
414 1677
415 2158
416 369
417 2216
418 2503
419 2068
420 748
421 1276
422 1223
423 1290
424 1871
425 1628
426 1935
427 1232
428 2942
429 1779
430 1580
431 31
432 636
433 89
434 1439
435 1161
436 1032
437 138
438 1689
439 1414
440 2352
441 2194
442 2706
443 2406
444 1227
445 1488
446 665
447 1761
448 2577
449 2165
450 1035
451 573
452 662
453 1523
454 149
455 556
456 2487
457 1674
458 562
459 4
460 784
461 1858
462 362
463 2892
464 316
465 1244
466 1992
467 1176
468 573
469 2679
470 1052
471 2712
472 1767
473 2479
474 2246
475 1713
476 1484
477 1291
478 1693
479 2611
480 603
481 1846
482 2073
483 1871
484 752
485 743
486 1726
487 206
488 2921
489 772
490 30
491 1992
492 1827
493 1238
494 2436
495 1060
496 2872
497 1419
498 43
499 1665
500 1795
501 2828
502 1333
503 2715
504 1364
505 1169
506 1127
507 1549
508 257
509 1981
510 1745
511 2582
512 184
513 1814
514 2543
515 1934
516 1032
517 1929
518 1100
519 217
520 864
521 182
522 1763
523 1413
524 1050
525 1129
526 1556
527 1355
528 1078
529 871
530 700
531 1741
532 1102
533 417
534 1188
535 1893
536 2493
537 726
538 794
539 193
540 1699
541 554
542 1234
543 2291
544 2891
545 81
546 2488
547 2519
548 1228
549 1171
550 1503
551 753
552 210
553 596
554 698
555 2846
556 2341
557 1261
558 525
559 2002
560 2845
561 679
562 1214
563 1452
564 2162
565 1258
566 1422
567 1355
568 2516
569 1916
570 2471
571 115
572 1840
573 1232
574 691
575 2785
576 1144
577 1750
578 1930
579 1515
580 1300
581 2150
582 2942
583 854
584 921
585 2391
586 1831
587 541
588 63
589 113
590 1451
591 2479
592 1187
593 1161
594 756
595 2619
596 68
597 1543
598 2443
599 482
600 1829
601 1648
602 1620
603 291
604 1203
605 1169
606 376
607 1286
608 2644
609 17
610 1080
611 874
612 195
613 115
614 1069
615 2646
616 1679
617 1511
618 2581
619 1424
620 1032
621 856
622 2885
623 2283
624 1581
625 2617
626 1902
627 119
628 2041
629 106
630 219
631 2697
632 1768
633 922
634 2319
635 1679
636 608
637 1659
638 80
639 1674
640 1983
641 1546
642 683
643 2216
644 2892
645 67
646 2710
647 1060
648 170
649 645
650 1255
651 1824
652 1789
653 460
654 1198
655 786
656 1716
657 2158
658 1000
659 1931
660 1991
661 2193
662 732
663 659
664 2347
665 1195
666 35
667 759
668 887
669 2384
670 1689
671 656
672 2526
673 208
674 2536
675 66
676 1572
677 1293
678 1069
679 2055
680 2200
681 2300
682 2434
683 2322
684 1830
685 2943
686 1368
687 2739
688 891
689 2464
690 686
691 2760
692 787
693 1117
694 1611
695 838
696 1443
697 1263
698 1476
699 1834
700 1568
701 1627
702 1713
703 1399
704 2709
705 2734
706 2719
707 1743
708 2772
709 815
710 1900
711 2840
712 2318
713 33
714 2422
715 2195
716 1050
717 2336
718 2190
719 934
720 1712
721 920
722 584
723 1624
724 1953
725 314
726 622
727 1120
728 1917
729 1909
730 2598
731 261
732 2535
733 2811
734 1616
735 2160
736 939
737 1723
738 387
739 135
740 2409
741 666
742 1468
743 1627
744 1465
745 783
746 168
747 823
748 1299
749 1047
750 688
751 2490
752 921
753 2205
754 1236
755 1046
756 1363
757 1262
758 1870
759 510
760 2068
761 2240
762 23
763 837
764 629
765 1298
766 2604
767 1788
768 1798
769 603
770 1143
771 1930
772 2745
773 2162
774 2572
775 2495
776 24
777 125
778 887
779 1717
780 1965
781 965
782 2433
783 158
784 1984
785 1147
786 2461
787 1758
788 1748
789 1525
790 1078
791 864
792 997
793 2935
794 1610
795 765
796 1024
797 882
798 1117
799 2435
800 1031
801 1255
802 31
803 1141
804 1391
805 92
806 53
807 2203
808 1294
809 828
810 882
811 2432
812 987
813 2165
814 1653
815 1453
816 82
817 2852
818 1382
819 1392
820 1204
821 1487
822 737
823 1964
824 1595
825 1722
826 2505
827 2311
828 2504
829 2379
830 377
831 944
832 1398
833 758
834 2857
835 2830
836 1224
837 1742
838 604
839 2436
840 969
841 2586
842 398
843 170
844 1144
845 1655
846 660
847 2484
848 2337
849 2677
850 604
851 632
852 1042
853 1582
854 1535
855 2928
856 943
857 2727
858 1609
859 2398
860 2513
861 1223
862 2660
863 2378
864 645
865 2621
866 2545
867 2393
868 568
869 2225
870 1317
871 2081
872 151
873 2493
874 493
875 1872
876 2736
877 1592
878 1872
879 683
880 595
881 1157
882 2055
883 145
884 744
885 1190
886 1481
887 1451
888 989
889 1612
890 68
891 1611
892 937
893 2576
894 1220
895 2473
896 2184
897 1875
898 141
899 662
900 902
901 1813
902 2672
903 1473
904 1640
905 1063
906 1450
907 1841
908 687
909 2330
910 1623
911 683
912 2850
913 2230
914 1921
915 2535
916 590
917 518
918 2885
919 325
920 1370
921 1889
922 1567
923 1068
924 2295
925 1841
926 756
927 2941
928 1035
929 1766
930 1672
931 1196
932 278
933 32
934 1474
935 158
936 1628
937 678
938 2456
939 1684
940 1916
941 607
942 2900
943 2013
944 2698
945 2343
946 2870
947 292
948 2612
949 1257
950 1649
951 68
952 1191
953 2349
954 2368
955 2534
956 690
957 1114
958 859
959 1132
960 178
961 1412
962 1162
963 1030
964 633
965 616
966 895
967 1457
968 1478
969 1801
970 2403
971 1372
972 1976
973 1869
974 1431
975 2267
976 821
977 790
978 523
979 1143
980 1525
981 1176
982 1160
983 2343
984 568
985 1630
986 1082
987 2899
988 799
989 1252
990 496
991 2569
992 2288
993 741
994 2573
995 2093
996 2806
997 2643
998 648
999 1358
1000 712
1001 621
1002 1939
1003 528
1004 301
1005 2826
1006 2855
1007 879
1008 1229
1009 2785
1010 2529
1011 2491
1012 2903
1013 1165
1014 423
1015 2147
1016 1128
1017 1762
1018 254
1019 2425
1020 2620
1021 1025
1022 20
1023 2572
1024 2556
1025 1782
1026 2576
1027 2897
1028 2067
1029 697
1030 562
1031 2509
1032 998
1033 2777
1034 217
1035 1513
1036 1833
1037 1892
1038 534
1039 888
1040 2598
1041 483
1042 831
1043 706
1044 2770
1045 2908
1046 1992
1047 916
1048 497
1049 148
1050 634
1051 918
1052 1853
1053 1175
1054 2399
1055 271
1056 498
1057 2530
1058 2065
1059 2728
1060 2649
1061 2386
1062 1301
1063 1580
1064 2835
1065 206
1066 1417
1067 166
1068 2862
1069 938
1070 2878
1071 2942
1072 704
1073 1327
1074 2682
1075 1707
1076 2795
1077 670
1078 2943
1079 1754
1080 2204
1081 1241
1082 198
1083 2803
1084 2672
1085 1730
1086 67
1087 232
1088 558
1089 717
1090 1382
1091 603
1092 1881
1093 2731
1094 2249
1095 144
1096 1873
1097 383
1098 2061
1099 1993
1100 2894
1101 2061
1102 2906
1103 1702
1104 1430
1105 1588
1106 2720
1107 1192
1108 2887
1109 2885
1110 2392
1111 919
1112 1500
1113 2429
1114 2480
1115 832
1116 1633
1117 1397
1118 2214
1119 1838
1120 2085
1121 1848
1122 297
1123 693
1124 1579
1125 2836
1126 1127
1127 322
1128 1114
1129 1151
1130 853
1131 921
1132 1719
1133 2791
1134 1620
1135 1805
1136 83
1137 2539
1138 1274
1139 2477
1140 2823
1141 494
1142 2493
1143 1793
1144 215
1145 1658
1146 2010
1147 2204
1148 736
1149 2672
1150 316
1151 428
1152 2441
1153 914
1154 680
1155 910
1156 1915
1157 298
1158 2165
1159 1517
1160 1754
1161 1023
1162 453
1163 1238
1164 1857
1165 1916
1166 2340
1167 2220
1168 1137
1169 986
1170 1671
1171 1128
1172 1656
1173 330
1174 940
1175 1765
1176 1822
1177 1240
1178 1486
1179 2801
1180 1992
1181 718
1182 1445
1183 2412
1184 2473
1185 1489
1186 1121
1187 1336
1188 1845
1189 1150
1190 1891
1191 1336
1192 2568
1193 649
1194 495
1195 1253
1196 2430
1197 1225
1198 1673
1199 2796
1200 760
1201 987
1202 1305
1203 1726
1204 2776
1205 862
1206 2873
1207 1129
1208 238
1209 1377
1210 1296
1211 870
1212 1374
1213 2319
1214 636
1215 1390
1216 1821
1217 2562
1218 875
1219 617
1220 1924
1221 563
1222 2591
1223 183
1224 2480
1225 715
1226 1358
1227 1144
1228 1001
1229 1473
1230 2368
1231 2422
1232 1320
1233 2421
1234 662
1235 2628
1236 1703
1237 404
1238 1215
1239 498
1240 1700
1241 1153
1242 1526
1243 2826
1244 672
1245 809
1246 559
1247 2601
1248 1330
1249 683
1250 1111
1251 2281
1252 2019
1253 1823
1254 962
1255 2837
1256 1229
1257 913
1258 1901
1259 2569
1260 188
1261 1896
1262 1205
1263 1099
1264 1531
1265 1878
1266 2356
1267 663
1268 611
1269 2289
1270 2438
1271 2597
1272 1368
1273 2838
1274 1868
1275 965
1276 637
1277 2546
1278 1483
1279 1737
1280 33
1281 1417
1282 222
1283 2725
1284 1689
1285 1986
1286 1772
1287 1508
1288 1401
1289 443
1290 1507
1291 2124
1292 2697
1293 2031
1294 610
1295 283
1296 2221
1297 1317
1298 2636
1299 1180
1300 2867
1301 274
1302 676
1303 1608
1304 1167
1305 1377
1306 598
1307 44
1308 1123
1309 1962
1310 15
1311 664
1312 2624
1313 2825
1314 1043
1315 2746
1316 147
1317 1807
1318 1170
1319 902
1320 1773
1321 2216
1322 2438
1323 1485
1324 2304
1325 7
1326 2884
1327 1971
1328 2875
1329 2561
1330 2343
1331 2620
1332 983
1333 2013
1334 2015
1335 2441
1336 128
1337 2579
1338 1280
1339 2271
1340 1589
1341 2015
1342 1123
1343 1341
1344 2714
1345 1751
1346 723
1347 2541
1348 766
1349 401
1350 1994
1351 1989
1352 100
1353 1975
1354 1836
1355 285
1356 965
1357 1501
1358 1866
1359 918
1360 2752
1361 333
1362 2827
1363 1022
1364 1178
1365 1347
1366 216
1367 75
1368 1033
1369 1775
1370 610
1371 1605
1372 2547
1373 308
1374 2349
1375 1151
1376 2033
1377 1248
1378 222
1379 29
1380 1497
1381 1483
1382 313
1383 2332
1384 533
1385 131
1386 2086
1387 1027
1388 2240
1389 2688
1390 204
1391 1917
1392 2533
1393 1895
1394 903
1395 1485
1396 10
1397 1870
1398 2025
1399 2318
1400 1124
1401 1725
1402 2494
1403 2525
1404 1090
1405 1468
1406 1700
1407 2022
1408 658
1409 2817
1410 1538
1411 1525
1412 745
1413 2024
1414 1767
1415 2780
1416 533
1417 54
1418 2925
1419 635
1420 830
1421 899
1422 2661
1423 2084
1424 1475
1425 1733
1426 239
1427 173
1428 365
1429 2093
1430 1577
1431 2501
1432 1103
1433 2578
1434 731
1435 1141
1436 2290
1437 1819
1438 129
1439 1884
1440 583
1441 1910
1442 756
1443 2360
1444 2873
1445 2352
1446 748
1447 1222
1448 409
1449 2596
1450 60
1451 121
1452 750
1453 1569
1454 533
1455 38
1456 62
1457 2413
1458 416
1459 681
1460 165
1461 1673
1462 107
1463 2489
1464 1469
1465 1474
1466 1748
1467 2267
1468 2558
1469 755
1470 2796
1471 1491
1472 2768
1473 156
1474 1313
1475 1395
1476 2281
1477 813
1478 1892
1479 1113
1480 2672
1481 1581
1482 1415
1483 1598
1484 584
1485 384
1486 1216
1487 76
1488 319
1489 1202
1490 826
1491 2359
1492 603
1493 2080
1494 2761
1495 640
1496 818
1497 695
1498 1797
1499 1032
1500 1067
1501 195
1502 886
1503 1493
1504 1443
1505 1419
1506 533
1507 2777
1508 708
1509 542
1510 707
1511 2382
1512 2387
1513 174
1514 1539
1515 1160
1516 172
1517 2508
1518 1162
1519 674
1520 600
1521 316
1522 2616
1523 2816
1524 377
1525 1898
1526 1872
1527 2132
1528 1908
1529 1482
1530 515
1531 1547
1532 518
1533 1927
1534 59
1535 95
1536 1092
1537 2475
1538 2930
1539 414
1540 2458
1541 838
1542 2509
1543 2000
1544 1879
1545 1385
1546 2367
1547 726
1548 798
1549 1077
1550 1906
1551 684
1552 1744
1553 1522
1554 48
1555 1466
1556 378
1557 1860
1558 946
1559 1113
1560 2700
1561 867
1562 2817
1563 2686
1564 49
1565 678
1566 1437
1567 2652
1568 222
1569 1312
1570 237
1571 64
1572 2690
1573 1533
1574 2781
1575 906
1576 384
1577 2713
1578 2424
1579 1306
1580 2285
1581 2588
1582 1896
1583 552
1584 1025
1585 2781
1586 2407
1587 991
1588 2692
1589 731
1590 22
1591 637
1592 2701
1593 970
1594 424
1595 1792
1596 798
1597 1493
1598 133
1599 1638
1600 2727
1601 1835
1602 2501
1603 805
1604 1764
1605 726
1606 1116
1607 1775
1608 2759
1609 2800
1610 2756
1611 2942
1612 725
1613 1519
1614 1756
1615 2699
1616 509
1617 1001
1618 916
1619 624
1620 1047
1621 1801
1622 1858
1623 2032
1624 998
1625 1079
1626 579
1627 549
1628 892
1629 2431
1630 996
1631 1756
1632 1080
1633 1161
1634 1267
1635 545
1636 2775
1637 2754
1638 837
1639 1776
1640 701
1641 941
1642 375
1643 1721
1644 1141
1645 2456
1646 2353
1647 2566
1648 1175
1649 1479
1650 558
1651 769
1652 2515
1653 404
1654 2673
1655 2890
1656 163
1657 1769
1658 1047
1659 2942
1660 855
1661 71
1662 6
1663 2751
1664 1752
1665 495
1666 35
1667 1040
1668 551
1669 1880
1670 621
1671 631
1672 2377
1673 1032
1674 1907
1675 2448
1676 844
1677 1638
1678 2614
1679 61
1680 2551
1681 1160
1682 1992
1683 1061
1684 2488
1685 1541
1686 1450
1687 1680
1688 643
1689 1249
1690 2356
1691 893
1692 1242
1693 1670
1694 937
1695 2697
1696 2858
1697 1097
1698 2805
1699 519
1700 1193
1701 1777
1702 1469
1703 1970
1704 1553
1705 1611
1706 1390
1707 1441
1708 2022
1709 1634
1710 763
1711 1024
1712 2764
1713 2901
1714 1587
1715 1530
1716 1088
1717 429
1718 72
1719 1603
1720 1646
1721 2655
1722 2881
1723 1358
1724 1116
1725 797
1726 726
1727 1311
1728 479
1729 1911
1730 1747
1731 2874
1732 1647
1733 1335
1734 2075
1735 238
1736 553
1737 2716
1738 632
1739 1461
1740 2429
1741 2761
1742 1965
1743 1212
1744 1890
1745 1013
1746 1182
1747 1046
1748 2076
1749 57
1750 962
1751 2327
1752 1723
1753 837
1754 1687
1755 1556
1756 818
1757 2272
1758 44
1759 840
1760 563
1761 966
1762 629
1763 742
1764 1269
1765 1935
1766 2358
1767 143
1768 557
1769 2163
1770 796
1771 2331
1772 1322
1773 1066
1774 1470
1775 1282
1776 1389
1777 2827
1778 888
1779 2849
1780 1140
1781 926
1782 668
1783 2508
1784 802
1785 1313
1786 767
1787 957
1788 2351
1789 1051
1790 2727
1791 2908
1792 966
1793 2076
1794 715
1795 498
1796 814
1797 1837
1798 1778
1799 2806
1800 1320
1801 1694
1802 2303
1803 1348
1804 482
1805 1450
1806 524
1807 1297
1808 1075
1809 1774
1810 1863
1811 1027
1812 1017
1813 1181
1814 761
1815 41
1816 738
1817 677
1818 1034
1819 2508
1820 1125
1821 1733
1822 2092
1823 324
1824 1867
1825 2030
1826 1041
1827 1783
1828 1791
1829 717
1830 2082
1831 1854
1832 1170
1833 1628
1834 2533
1835 539
1836 2699
1837 1172
1838 2931
1839 589
1840 1063
1841 1563
1842 2355
1843 1824
1844 990
1845 2256
1846 1804
1847 1041
1848 1570
1849 2139
1850 2768
1851 891
1852 1278
1853 1773
1854 1358
1855 2371
1856 2001
1857 789
1858 1872
1859 1759
1860 1511
1861 1595
1862 1987
1863 165
1864 316
1865 1913
1866 1529
1867 238
1868 1552
1869 667
1870 1012
1871 1083
1872 1063
1873 1860
1874 669
1875 2355
1876 822
1877 2343
1878 1604
1879 830
1880 2501
1881 2535
1882 1519
1883 28
1884 1788
1885 1616
1886 1770
1887 1595
1888 2507
1889 1442
1890 2685
1891 2874
1892 2929
1893 793
1894 47
1895 563
1896 1076
1897 558
1898 1732
1899 703
1900 1455
1901 575
1902 2764
1903 2919
1904 1698
1905 1802
1906 2697
1907 1877
1908 1781
1909 188
1910 2716
1911 2215
1912 682
1913 35
1914 1825
1915 708
1916 2044
1917 1881
1918 1881
1919 925
1920 867
1921 2194
1922 288
1923 1208
1924 2942
1925 1335
1926 1769
1927 746
1928 2840
1929 1069
1930 2621
1931 45
1932 1058
1933 830
1934 2607
1935 2493
1936 2169
1937 1912
1938 27
1939 1274
1940 1897
1941 2516
1942 206
1943 645
1944 2374
1945 2619
1946 1386
1947 645
1948 1466
1949 1132
1950 708
1951 209
1952 23
1953 1206
1954 2780
1955 626
1956 2710
1957 188
1958 2745
1959 193
1960 2708
1961 1226
1962 2418
1963 2003
1964 730
1965 1238
1966 499
1967 1337
1968 629
1969 1859
1970 657
1971 2380
1972 107
1973 2777
1974 6
1975 503
1976 2410
1977 697
1978 258
1979 2497
1980 667
1981 1859
1982 1976
1983 330
1984 1894
1985 921
1986 1268
1987 819
1988 1899
1989 1869
1990 2839
1991 131
1992 897
1993 1099
1994 1753
1995 2274
1996 2568
1997 2864
1998 594
1999 2299
2000 1130
2001 1182
2002 1213
2003 2896
2004 2879
2005 2525
2006 89
2007 683
2008 1789
2009 2364
2010 1951
2011 1527
2012 779
2013 1183
2014 1018
2015 453
2016 341
2017 1936
2018 1217
2019 2365
2020 980
2021 720
2022 1424
2023 2052
2024 2779
2025 1616
2026 1104
2027 1657
2028 253
2029 901
2030 2870
2031 2912
2032 2336
2033 1025
2034 951
2035 230
2036 2790
2037 1063
2038 843
2039 1645
2040 1163
2041 2187
2042 2874
2043 747
2044 1772
2045 1302
2046 1411
2047 2639
2048 1432
2049 2432
2050 2484
2051 2224
2052 1357
2053 2088
2054 1310
2055 2059
2056 2788
2057 1338
2058 1123
2059 2807
2060 1547
2061 2087
2062 2320
2063 2079
2064 916
2065 320
2066 1842
2067 1704
2068 533
2069 1016
2070 1691
2071 254
2072 951
2073 1977
2074 1574
2075 1306
2076 2871
2077 563
2078 1765
2079 2884
2080 1993
2081 887
2082 346
2083 1549
2084 1034
2085 1048
2086 1396
2087 1591
2088 2812
2089 1382
2090 2129
2091 2134
2092 1532
2093 2848
2094 1695
2095 2522
2096 2893
2097 1765
2098 1359
2099 1850
2100 673
2101 1911
2102 1259
2103 2509
2104 2159
2105 380
2106 1280
2107 891
2108 2705
2109 1961
2110 997
2111 1139
2112 563
2113 230
2114 512
2115 706
2116 2462
2117 1687
2118 529
2119 2571
2120 2732
2121 810
2122 2677
2123 2744
2124 2711
2125 1395
2126 1512
2127 729
2128 2540
2129 2657
2130 2104
2131 2240
2132 2514
2133 88
2134 1053
2135 625
2136 2275
2137 1809
2138 778
2139 2894
2140 2201
2141 2380
2142 2516
2143 538
2144 735
2145 1307
2146 1524
2147 2702
2148 1772
2149 1875
2150 1442
2151 1660
2152 1619
2153 2326
2154 1775
2155 2575
2156 2419
2157 17
2158 603
2159 1714
2160 1410
2161 64
2162 574
2163 16
2164 691
2165 1644
2166 1021
2167 1378
2168 2713
2169 2824
2170 1550
2171 261
2172 697
2173 362
2174 788
2175 2625
2176 1723
2177 1062
2178 906
2179 2791
2180 626
2181 2481
2182 1083
2183 1532
2184 740
2185 1363
2186 2942
2187 1890
2188 1761
2189 2636
2190 1299
2191 2620
2192 1586
2193 1825
2194 1048
2195 2641
2196 1472
2197 1231
2198 1295
2199 2867
2200 1180
2201 1624
2202 2735
2203 1816
2204 1115
2205 552
2206 59
2207 1474
2208 2644
2209 2824
2210 1798
2211 983
2212 1032
2213 1148
2214 1373
2215 999
2216 953
2217 1368
2218 1494
2219 821
2220 1358
2221 563
2222 1519
2223 1380
2224 889
2225 217
2226 868
2227 2620
2228 2314
2229 1299
2230 1068
2231 140
2232 2622
2233 1152
2234 2924
2235 1495
2236 1035
2237 783
2238 2877
2239 1810
2240 1861
2241 878
2242 2323
2243 1142
2244 1502
2245 934
2246 241
2247 1838
2248 2675
2249 1499
2250 31
2251 1945
2252 1226
2253 809
2254 1013
2255 2283
2256 1662
2257 1210
2258 2618
2259 2727
2260 1997
2261 1966
2262 1985
2263 2516
2264 1917
2265 1370
2266 1916
2267 1229
2268 578
2269 1293
2270 2542
2271 2566
2272 230
2273 921
2274 1650
2275 516
2276 587
2277 2916
2278 1754
2279 1308
2280 2530
2281 1048
2282 898
2283 1845
2284 1289
2285 2892
2286 1453
2287 1283
2288 2743
2289 2518
2290 722
2291 1772
2292 1046
2293 2637
2294 2435
2295 50
2296 2276
2297 912
2298 1030
2299 406
2300 2237
2301 1904
2302 1490
2303 1213
2304 2784
2305 1057
2306 1361
2307 1139
2308 2711
2309 2408
2310 1921
2311 1451
2312 713
2313 497
2314 2840
2315 908
2316 2093
2317 1217
2318 2465
2319 1612
2320 1368
2321 2829
2322 1898
2323 19
2324 1562
2325 1843
2326 113
2327 267
2328 2851
2329 2541
2330 2613
2331 1465
2332 863
2333 2315
2334 1805
2335 1884
2336 2043
2337 1176
2338 631
2339 1282
2340 1507
2341 2533
2342 2904
2343 1076
2344 1022
2345 1136
2346 577
2347 182
2348 2000
2349 1983
2350 2515
2351 2084
2352 1335
2353 2129
2354 798
2355 593
2356 2728
2357 2889
2358 493
2359 811
2360 1654
2361 583
2362 880
2363 1428
2364 1177
2365 422
2366 897
2367 1091
2368 486
2369 644
2370 1205
2371 1780
2372 2483
2373 289
2374 738
2375 1557
2376 2350
2377 1015
2378 948
2379 971
2380 2327
2381 1790
2382 733
2383 2404
2384 1352
2385 2510
2386 2733
2387 907
2388 2676
2389 650
2390 2513
2391 821
2392 457
2393 774
2394 166
2395 2355
2396 1057
2397 362
2398 917
2399 1550
2400 1097
2401 1676
2402 1703
2403 827
2404 797
2405 2059
2406 999
2407 59
2408 1148
2409 989
2410 978
2411 2323
2412 2388
2413 520
2414 2084
2415 1285
2416 2329
2417 1922
2418 1425
2419 37
2420 1467
2421 650
2422 2216
2423 1400
2424 2272
2425 1061
2426 1091
2427 1877
2428 2573
2429 1514
2430 2072
2431 1093
2432 2816
2433 1781
2434 2843
2435 1293
2436 1760
2437 64
2438 1941
2439 1498
2440 2537
2441 1857
2442 134
2443 100
2444 579
2445 803
2446 1885
2447 1218
2448 2590
2449 1639
2450 2863
2451 1933
2452 1270
2453 817
2454 1681
2455 1602
2456 871
2457 1906
2458 2764
2459 2551
2460 1415
2461 563
2462 1767
2463 2852
2464 1105
2465 2745
2466 533
2467 607
2468 528
2469 2938
2470 1110
2471 2416
2472 1442
2473 1159
2474 511
2475 318
2476 1503
2477 1750
2478 1542
2479 851
2480 1710
2481 645
2482 2734
2483 2689
2484 2735
2485 1851
2486 1547
2487 214
2488 2744
2489 2482
2490 1771
2491 1237
2492 2482
2493 2473
2494 1367
2495 1675
2496 1004
2497 529
2498 1231
2499 2530
