-2.4787 -2.51268 3.64943 -2.51957
-1.20228 -1.80038 1.03127 -1.20327
-1.14574 0.584901 -0.717864 -1.01024
0.861715 2.12368 -1.54686 0.488634
-1.26967 0.576442 -0.63783 -1.15766
-2.8611 0.346252 -0.442406 -1.96658
-1.31021 -0.560018 0.245392 -1.07983
1.52952 3.02412 -2.07756 0.397145
1.03689 2.15832 -1.88636 0.406583
1.16453 -0.838824 1.03654 1.30744
-1.27435 0.579619 -0.711642 -1.17743
1.0522 -0.81342 1.07774 1.53081
1.82699 0.504102 -0.529609 1.34433
-0.937568 -1.90692 1.89536 -0.706929
-0.995535 0.419404 -0.738426 -1.34445
-1.15542 0.62883 -1.14691 -0.951524
-0.562031 -0.967721 1.14353 -0.414365
1.19964 -0.009048 -0.157711 1.32999
-0.141384 1.64177 -2.70481 -1.78968
1.14247 0.071239 -0.580668 1.90915
-0.732756 -1.71593 1.28981 -0.546527
0.612409 1.37297 -1.71033 0.674208
-1.29191 0.926497 -1.71845 -2.70433
0.796168 1.96544 -1.497 0.541602
-2.08304 -3.28393 3.04739 -1.72611
-1.03074 0.549467 -0.801827 -1.28336
-0.403106 -1.05981 1.3678 -0.395247
0.944971 -0.54628 0.527936 1.03223
0.402542 1.05905 -1.16708 0.455577
-0.362131 -1.20771 1.156 -0.376013
0.318217 1.05905 -1.44934 0.25861
2.43314 4.5569 -5.32355 2.80914
12.623 29.8483 -45.6565 21.6654
0.579019 -3.45764 3.49778 0.636277
-1.04299 -0.125976 0.395149 -1.84467
-0.302908 -1.07513 1.115 -0.200456
0.494739 1.40721 -1.40242 0.47159
-0.923438 -1.0746 1.11568 -0.756556
1.19176 -0.476426 1.19306 1.34317
-0.793286 -0.723903 0.809271 -0.803975
-1.0711 0.629586 -0.691116 -1.03603
-1.20561 0.144013 -0.579629 -1.34856
-1.63237 2.15392 -2.84031 -3.77297
1.40666 -0.795832 1.34745 0.962608
-1.37052 -1.22343 1.05185 -0.756598
-1.41498 0.454233 -1.06942 -2.1019
1.53517 -0.067259 -0.213339 1.47575
2.78092 5.75492 -3.96118 1.76913
6.72656 -34.7572 23.9225 4.28863
-0.209864 -1.22645 1.64692 0.440096
-3.1376 -0.325155 0.979985 -2.33219
-13.7214 -0.842661 -0.49495 -12.7995
-0.845823 -0.798384 0.871061 -0.701034
-1.60551 2.02831 -0.515564 -2.53353
-1.07348 0.930163 -1.99502 -1.36107
1.05063 -0.041788 -0.049528 1.34676
0.804668 1.6515 -1.37781 0.436505
-0.475606 -1.10887 1.55405 -0.631505
-0.575488 0.899339 -0.94795 -0.585607
-2.13892 -0.789131 0.290826 -2.36745
-1.06655 0.213927 -0.58925 -1.57931
1.08503 -0.676796 0.673593 1.13527
-0.236066 -1.14193 1.1072 -0.082342
-0.617204 -2.3986 1.56924 -2.18621
2.96076 3.82496 -1.9134 2.28579
-0.36804 -1.12372 1.08816 -0.191253
1.35631 0.238395 0.557982 1.74142
1.36682 -0.171996 0.942443 1.29162
-0.890271 -2.09003 1.61246 -0.690455
0.439729 1.05736 -1.01872 0.462683
-1.19176 -0.275081 0.134532 -1.07993
7.40277 -3.51368 5.43712 8.42343
-0.887048 -1.88761 2.75586 -0.651352
-1.03001 -1.57826 1.31245 -0.760617
1.07001 -0.659994 1.14574 1.64858
0.23646 1.0983 -1.12453 0.13581
-0.885188 0.596217 -0.862303 -1.40216
1.04712 0.656679 -1.035 0.918393
0.630762 2.86165 -4.46859 2.42581
-0.824781 -1.77532 2.16139 -0.760387
0.670784 -0.86314 1.22097 0.677451
1.46518 -0.575118 1.09495 2.52019
-0.98599 0.630313 -1.01866 -0.882634
-0.965487 0.471409 -1.02246 -1.60312
1.04072 0.948765 -0.473068 1.18316
-1.42413 0.577009 -0.81152 -1.50401
-1.16273 0.505875 -0.882788 -0.929644
2.07667 -0.818557 0.900094 2.3297
-0.527568 0.954992 -1.03082 -0.502634
1.1111 -0.683398 1.11113 1.75001
-1.75971 -3.58561 3.70935 -1.88758
1.08861 -0.590115 0.590115 1.08861
0.423008 1.05931 -1.07093 0.577748
-0.951231 -1.72757 1.14518 -0.628478
-0.978526 0.698852 -0.576541 -1.1842
1.89812 -0.266575 -0.302316 1.67224
-7.82745 5.48792 -6.64221 -7.76743
0.116819 1.89497 -2.49207 0.480249
-0.880074 0.64989 -1.09607 -1.90189
3.32714 -5.64056 7.882 2.28326
-0.130254 -1.27462 1.49975 -0.164821
-0.992994 -0.326377 0.470319 -1.38605
0.345913 1.24619 -1.99378 0.669083
-1.92679 -0.213683 -0.962128 -2.5269
0.815583 0.869064 -1.31788 0.735208
1.20258 1.04619 -1.01687 1.07439
1.04369 0.056811 -0.188607 1.40156
-1.01082 0.72161 -0.750687 -1.89626
0.882616 -0.588869 0.561172 1.11659
0.725877 1.74317 -1.41201 0.75929
-0.390253 -1.28638 1.45323 -0.279545
1.15121 -0.625432 0.695836 1.06098
1.05908 0.145895 -0.281519 1.36521
-1.04865 0.935465 -1.74739 -1.59735
-1.83727 0.827019 -0.755084 -2.0429
1.64401 0.582153 0.202438 2.04351
1.05076 -0.901579 1.03559 1.52842
0.932598 -0.551106 0.558222 1.07371
1.26152 1.20595 -1.37896 0.706928
0.835945 -0.711157 0.789037 1.08606
-0.455499 -1.26695 1.10616 -0.817171
-0.470866 -0.938147 1.91372 -0.751448
-0.984118 -1.75689 1.83596 -1.10582
1.36959 1.22405 -6.69083 2.45976
-0.472634 -1.11051 1.00892 -0.625251
-1.02254 0.495232 -0.817969 -1.43915
-1.47327 0.316714 -0.527804 -1.36071
3.6772 -16.7546 17.8188 1.77882
0.710777 1.44176 -1.16667 0.423411
0.223729 -1.10816 2.55441 0.43601
-1.05514 0.497001 -0.701847 -1.20539
-1.81902 -0.269865 -0.455009 -2.34279
0.720865 1.21471 -1.09088 0.514042
0.165229 2.33737 -2.43786 0.337545
0.594252 4.38986 -4.14207 -2.49295
6.88472 6.52125 -5.12557 6.58969
0.998865 0.300149 -0.683785 2.57993
0.861148 1.95989 -1.31864 0.770142
1.29572 1.58108 -2.15013 1.24756
-0.273404 -1.34585 1.52069 -0.938196
-1.3541 0.329061 -1.19384 -2.34658
-1.55505 0.144078 -0.391215 -2.08046
0.569668 -4.52917 5.15119 3.49262
-2.54431 -2.11948 11.9313 -6.26409
-1.95627 -3.53657 2.09468 -0.905025
1.37178 -1.50881 1.68265 1.32284
3.21097 0.13293 -0.029232 3.11231
-0.521795 -0.952422 1.23706 -0.47126
0.097246 -1.06195 1.19322 0.13584
0.388342 1.02064 -1.39173 0.701189
-0.907694 -0.740137 0.932907 -0.780317
-0.928979 0.458244 -0.756263 -1.30411
-0.826888 0.627268 -0.750516 -1.1494
1.17828 0.273534 -0.144765 1.50884
-0.852329 0.819013 -0.844823 -1.60286
-1.01288 -1.91804 1.54094 -0.58589
-1.02852 -0.822139 0.670461 -1.18358
0.840534 2.26197 -1.50383 0.648872
1.06783 0.131448 -1.10273 4.4557
4.17233 -10.1704 12.6753 6.35116
1.00573 0.265224 -0.393182 1.35772
0.661521 1.08331 -1.11611 0.369709
23.3442 -3.49159 14.2114 28.1557
-0.082234 -1.15526 1.17873 0.140318
-4.40466 -10.7571 10.3741 -5.75581
0.709238 1.08492 -0.853667 0.696696
0.672992 -0.884762 0.797966 0.738684
0.692487 1.02448 -0.994042 0.545755
-1.75158 -2.53367 3.66445 -1.93216
0.44673 -0.997156 0.997156 0.44673
-0.869587 0.628401 -1.03447 -1.83077
-1.49113 -0.664819 -0.089777 -2.2046
0.202971 1.05824 -1.66142 0.584822
0.803893 -0.779188 0.939966 1.34312
-1.43338 -1.06105 1.58141 -2.27794
-0.440209 -0.94957 1.23339 -0.599229
1.59575 2.77648 -1.44072 0.680397
-1.33877 0.548455 0.001712 -1.23153
-41.8381 18.8019 -9.86093 -29.6682
-1.52651 -0.282565 0.18049 -1.24784
-0.125692 -1.12429 1.16678 -0.335895
-0.089479 1.17396 -1.76711 0.489531
-0.596548 1.11874 -1.53738 -1.23393
-1.06306 0.004368 0.189712 -1.38337
-1.14955 -0.281957 -0.09886 -1.40508
0.990875 -0.427773 0.667007 1.23946
1.06457 1.34024 -1.36854 0.743667
0.938431 -0.509782 0.509782 0.938431
1.24952 -0.080396 0.118382 1.56375
1.09006 -0.586342 0.767931 1.64532
-0.541294 -1.22009 1.37502 -0.406116
-4.7292 -10.2229 8.73362 -3.13032
-0.642368 -1.21872 0.83944 -0.97809
-0.830472 -1.4392 1.53183 -0.750307
1.03681 0.252088 -0.368534 1.31789
1.07468 -0.012507 -0.227779 1.58758
-0.232385 -1.30943 1.42496 0.3515
-1.11181 -1.71961 1.9747 -1.1197
-0.024054 -1.06882 1.61336 -0.286424
0.617849 0.894863 -1.13734 0.549937
0.943357 0.468472 -0.540786 1.22304
-1.33011 0.389699 -0.866101 -1.1646
0.628776 1.08045 -1.14475 0.311587
0.985961 2.30983 -1.71032 0.249028
0.496134 0.992592 -0.925958 0.576227
-1.14184 0.380303 -0.506349 -1.13403
-1.01429 0.451178 -0.893015 -1.62536
0.463778 1.12948 -1.06977 0.235293
-3.64467 -8.31357 8.13791 -3.90247
-1.09473 1.26586 -1.46534 -2.25382
0.714965 0.904045 -1.03139 0.563307
-0.733673 -2.85387 3.13558 0.422972
-1.10764 0.514632 -0.629088 -1.2382
2.92878 0.209379 0.330072 2.85632
4.47348 -1.82516 2.87791 4.73757
-0.4461 -1.72106 1.46112 0.223031
2.36312 -1.13615 1.69445 1.73006
0.663621 0.941647 -1.07788 0.586644
3.79496 -6.24882 7.03374 5.42433
-2.61764 0.96919 -1.30015 -2.71568
7.27671 13.2305 -16.5742 6.36563
1.57497 1.44538 -0.404902 2.46244
-0.596623 0.947981 -1.13258 -1.26626
1.75998 -0.837689 0.878942 1.47921
4.78232 -1.55078 3.37046 8.28658
1.24349 1.26593 -1.28182 0.734966
0.541156 1.70028 -1.3385 0.076825
-0.810133 -1.75558 1.11174 -0.807919
1.61581 1.10373 -4.80953 1.78618
-0.832108 -1.47833 1.16145 -0.625864
1.16551 2.45799 -1.76721 0.829811
-1.05266 -0.181798 0.430852 -1.86364
0.054951 1.18318 -1.19849 0.055133
2.49215 4.80332 -4.11947 1.93275
-0.429055 -1.02909 1.51277 -0.633518
1.21458 -1.53187 3.65698 5.70665
-1.54063 -3.64524 3.60108 -1.53291
-1.10953 0.005845 0.107616 -1.3263
2.38778 1.63172 0.039388 2.88763
-0.727926 1.1896 -0.909989 -1.919
-0.784623 1.04297 -1.17174 -0.511722
1.46943 -1.24772 1.5037 2.75556
-1.07967 0.61493 -0.453068 -1.15256
0.468656 1.77172 -1.83985 -1.11581
-0.40568 -2.88413 2.62229 1.68913
1.5325 -0.118439 0.429256 1.13905
-0.224903 -1.03527 1.19353 -0.217326
0.677751 -1.0429 2.36254 4.37042
-20.3923 9.82848 -11.6315 -28.1827
1.09382 0.247977 -0.247977 1.09382
1.06095 0.159787 -1.00727 4.49447
1.19883 2.83987 -1.79896 0.740625
0.970119 -0.410187 0.881931 1.69066
-11.346 -1.88556 2.01828 -11.1965
-1.45292 0.167772 -0.946077 -2.02437
-2.11747 0.078699 -0.127862 -2.20434
1.08339 -0.437388 0.599653 0.996163
0.995582 -0.584708 0.386597 1.21539
0.498439 1.6053 -1.34574 0.220157
1.08289 -0.274856 0.173992 1.17908
-0.192139 -1.22675 1.78323 -0.378138
-0.845058 -0.873459 0.898065 -0.650974
-0.799146 1.14295 -0.789557 -0.816607
-0.558481 -1.17462 1.76967 -0.762293
0.322341 1.02943 -1.08026 0.407663
0.43537 1.1125 -1.07603 0.389867
-0.982064 0.476202 -0.63166 -1.06996
0.836916 0.680147 -0.796569 1.16186
-1.01998 -1.88341 2.24348 -0.961805
-1.07735 0.210699 -0.310149 -1.29764
0.609179 1.13285 -1.03802 0.380016
-0.713186 -1.20424 1.04445 -0.784551
-1.0566 -1.75672 3.81404 -1.63735
-0.598951 0.866621 -0.885452 -0.746542
-0.626129 -1.2696 1.25022 -1.45092
0.163059 1.1275 -1.42512 0.119412
1.26176 -0.396496 0.42021 1.53871
-0.546415 -1.05046 1.83599 -0.761298
0.397021 1.02689 -1.41948 0.43868
-0.177418 -1.48043 1.38039 0.247011
1.14632 1.99003 -1.67852 0.574808
0.715885 0.899767 -1.26713 0.715166
1.91282 2.21285 -2.82294 1.53106
1.8052 2.02715 -2.10868 0.775808
-0.996146 3.01376 -4.47737 -0.11614
12.5489 0.696363 8.78115 19.1374
-1.05821 -0.157133 0.303465 -1.38113
1.47225 0.269093 1.07983 2.70971
-0.568114 -1.01275 1.23384 -0.363084
1.6622 0.363129 1.10479 2.53756
-1.84859 1.32985 -1.55285 -1.38541
-0.551169 -1.39887 1.02545 -0.44577
-0.943617 0.49732 -0.49732 -0.943617
1.14792 -0.161301 0.698123 1.43826
-1.23872 -2.60568 1.48484 -0.635972
-1.25736 -1.16296 1.61596 -1.24087
2.6167 -0.663024 0.823229 2.45503
0.503561 1.0121 -1.02472 0.461211
-8.49913 2.46511 -4.83863 -11.166
1.27142 0.32516 0.160769 1.34006
-1.01188 0.678877 -0.958475 -1.44904
-0.804911 0.714816 -0.942421 -1.33013
0.63817 1.91551 -2.66664 0.32968
-0.584098 0.854587 -1.08978 -0.759268
8.46014 28.2038 -25.9873 -3.079
6.24248 3.13722 -1.58347 5.43653
-0.021899 1.49452 -1.38331 -0.815229
0.939561 1.87245 -1.46341 0.785379
-0.723108 1.32044 -1.42374 -0.715985
-0.160932 1.19259 -1.13791 -0.190165
1.24115 -0.588085 0.948718 1.9293
1.09753 -0.602458 0.674727 1.19533
0.347662 -1.03033 1.02159 0.442425
-0.544759 1.7938 -1.82557 -0.417107
0.957995 -0.808164 1.08374 1.46858
-0.839868 -1.58717 1.68933 -0.631771
0.330938 1.34125 -1.21614 0.603728
-0.912691 -1.79332 1.05162 -0.613597
1.37696 -0.594407 0.559766 1.17912
-1.14596 0.600294 -0.796863 -0.993188
0.890003 -0.598395 0.909258 1.55169
1.85709 -0.465877 1.08845 2.1463
0.82562 1.63873 -1.23318 0.614511
-0.318539 -1.04192 1.46513 -0.527338
1.23874 0.241336 -0.365831 1.0316
0.269576 -1.28311 1.25296 0.790364
-2.45801 -4.97836 3.15041 -0.771863
0.652209 -1.1629 1.20113 1.02509
1.21137 -0.785364 0.946798 1.35361
1.06396 0.054676 -0.242117 1.44763
-0.859642 -2.32225 2.71226 -1.27123
1.21338 -0.509088 0.682604 1.12056
-1.236 0.504993 -0.644073 -1.42516
-0.729611 0.823578 -1.11576 -1.4499
1.03105 -0.304478 0.265064 1.24265
-1.08152 -0.465293 0.425559 -1.31188
1.34196 -0.618334 0.640843 1.34919
-0.465961 -0.921036 2.28953 -0.937172
1.11243 -1.02852 0.697911 1.41435
0.900254 -0.751006 0.637759 0.975245
2.48793 9.90559 -25.0245 10.7119
1.68414 -5.70355 6.37451 3.71875
1.05105 0.24504 -0.377827 1.3213
-2.61086 -1.61358 -0.473715 -2.92707
-0.988936 0.480162 -0.596555 -1.12176
1.73854 0.646843 2.50047 5.097
1.31344 2.77171 -1.63852 0.812214
-1.29362 -4.05747 4.25469 -1.78824
1.08887 -0.222534 0.498425 1.17092
-1.35835 -0.654545 1.08947 -1.45389
-0.387027 -1.04948 1.42315 -0.43834
0.954159 1.91724 -1.85324 0.819362
0.972681 2.34573 -1.58299 0.546458
0.992435 0.272686 -0.695214 2.70322
1.04392 0.187921 -0.308785 1.44293
4.43523 -5.04129 5.11339 10.0609
1.6044 -0.034987 1.12381 2.35123
-1.37156 -0.102593 -0.007418 -1.43559
0.769917 1.2064 -1.18518 0.414897
-0.990564 0.412724 -0.74167 -1.45272
-5.86911 2.63825 -1.59113 -5.61777
0.175943 -1.09541 1.28362 0.28179
0.525087 -1.08646 1.51135 0.300787
-0.904113 0.545073 -0.867131 -1.33555
-0.154039 1.21011 -1.16006 -0.542108
0.896697 1.00331 -1.14079 0.548311
1.80125 -0.807551 0.832418 2.06876
-0.319842 -0.999482 1.18739 -0.440006
0.588171 1.00689 -1.13191 0.464263
24.6775 -7.46757 13.7627 26.6793
0.945833 -0.504258 0.504258 0.945833
-0.838397 -1.7716 1.60162 -0.691525
1.55462 -0.546288 0.726938 1.61388
5.61676 -1.81517 1.9299 7.94087
-1.07351 0.474697 -0.413187 -1.17433
-1.40269 0.150579 -0.513954 -1.90717
0.673601 -0.863269 0.88188 0.606546
0.998475 1.09502 -1.6215 0.826401
0.699316 1.33662 -1.04225 0.815601
1.01327 0.246786 -0.282778 1.35794
0.553143 -1.02016 1.11342 0.960376
1.1001 -0.16021 0.640127 1.53007
-0.449955 -1.19883 1.27757 -0.055718
1.42421 0.144456 -0.170787 1.12457
2.84985 0.52181 -1.32582 2.4918
1.02631 -0.335289 0.75158 1.416
0.460159 0.98835 -1.02093 0.436314
1.45809 -0.825538 0.950204 1.563
-1.02973 0.430196 -0.911108 -1.7059
-0.584581 -1.71833 1.8381 0.129982
-1.02235 0.475004 -0.864271 -1.48174
-1.78443 -1.19901 1.68516 -1.70199
-0.351761 1.01822 -1.28847 -0.273128
1.09347 -0.46008 0.722106 1.04358
0.698641 1.35132 -1.11241 0.378821
1.68477 -0.023184 0.734491 1.99149
0.995201 2.08897 -1.353 0.809834
-0.760491 -1.25401 1.80607 -0.72761
0.441031 1.20426 -1.1909 0.357647
-1.25553 0.270499 -0.688318 -1.45345
-0.936328 -1.78316 1.17994 -0.591413
-0.648607 -1.33003 1.20551 -0.93627
1.04029 1.64345 -1.60202 0.724516
0.346908 1.998 -2.42973 0.585127
-1.7872 1.35503 -2.65915 -2.47299
1.94335 -0.692414 2.68899 1.65987
-1.77533 0.851975 -1.10504 -1.78728
23.3658 -9.60763 6.02852 20.7478
-1.05533 0.657944 -0.815003 -1.61802
0.998469 1.47961 -0.439296 2.01094
-1.60369 -1.46985 1.62536 -1.64556
-0.596007 -1.36873 1.36892 -0.121573
1.02205 1.14232 -0.572686 1.20362
7.18036 -6.26278 12.5807 10.2202
0.70924 -1.04054 1.38522 0.324008
0.878987 -0.635451 0.906674 1.44524
-1.1811 -1.38596 1.08833 -1.071
1.02176 1.99713 -1.46959 0.717347
0.370978 -2.41918 2.41918 0.370978
-1.5929 0.633732 -0.706294 -1.4942
0.327641 1.3502 -1.29697 -0.127729
-1.23612 -0.667727 0.063285 -1.39526
0.220411 -1.07224 1.11159 0.143904
-1.00671 -0.288153 0.403517 -1.35577
-1.55439 -2.26596 2.63411 -1.32652
-0.720774 0.967498 -1.85789 -0.449713
-0.806249 0.715185 -0.893159 -1.25237
-1.06666 -0.063329 0.206975 -1.26196
0.754097 -1.38415 0.7882 2.0778
-2.04157 1.0537 -1.49585 -1.60666
0.789508 1.10833 -1.22289 0.56728
-0.915625 0.577531 -0.570222 -1.27258
0.987373 -0.805435 0.92912 0.935811
-1.18196 -3.84393 4.08491 -1.6059
0.301853 1.03356 -1.60031 0.638817
0.181295 1.35527 -1.25908 0.528662
4.34218 -0.963251 3.0682 7.72217
-0.541129 -1.21196 1.22357 -0.533607
-0.929912 0.539229 -1.25521 -1.68236
-1.48804 0.487074 0.310564 -1.66367
-0.992669 -0.344953 0.497693 -1.57691
-1.05974 -0.199841 0.363823 -1.25864
-0.887419 -0.574525 0.610412 -1.03726
-5.21616 -7.83851 7.63882 -3.73309
1.28713 -0.029813 0.556879 1.26971
1.23007 -0.48843 0.769452 1.5743
1.47272 2.97352 -2.52166 1.14023
-7.98035 2.44336 -4.41779 -8.74815
-1.06087 -0.144424 0.287487 -1.34785
3.52243 2.16968 0.155273 2.61456
0.739378 -0.849326 1.28044 0.839372
-0.798028 -2.77555 2.4493 -1.06794
-1.02308 -0.239032 0.399414 -1.4111
0.967969 -0.475497 0.910382 1.60546
0.158966 1.91856 -1.82935 0.207031
-1.24969 0.919764 -1.16995 -1.34424
1.60237 2.40421 -1.67649 1.02763
0.070562 -1.30094 1.46437 0.246019
11.3961 0.497406 -1.6078 14.2354
-1.67441 1.94892 -2.17282 -1.63355
-0.801766 -1.43619 0.910896 -0.783431
0.781799 -0.703072 0.841621 0.897223
0.401132 0.995453 -1.03753 0.318649
-0.547781 1.00334 -1.32257 -0.846915
0.483398 1.07043 -1.09429 0.426954
1.20628 0.029858 1.15027 2.51814
0.958463 -0.801489 0.852458 1.02186
0.522812 1.32811 -1.74252 0.504671
-0.493646 -1.17623 1.21537 -0.371538
-1.01808 -0.240813 0.378971 -1.33583
4.7229 2.06867 -0.918927 4.53779
1.13667 0.016972 -0.952191 4.05575
1.20114 -0.47496 0.638836 1.07158
0.584293 0.960864 -0.960083 0.572645
0.018594 1.1437 -1.08087 0.074905
0.866448 -1.2565 1.39726 1.67851
-5.03705 5.18851 -7.79007 -3.16861
-0.557823 -1.92337 1.45799 -0.087821
-0.879943 0.576341 -0.927189 -1.55388
-1.14766 -1.14528 2.09054 -0.797294
1.83674 -1.06886 0.840391 2.1972
-0.582528 -1.30334 0.939859 -0.884392
0.968236 -1.08477 1.17006 1.5549
-1.23643 0.17564 -0.64043 -1.88723
0.695633 -1.07147 2.36086 0.25746
1.35804 -0.484722 0.158029 1.81064
1.0733 1.72299 -1.74987 1.01795
-1.85878 -3.73654 5.58134 -2.04418
0.568428 1.19762 -1.51327 0.612087
-1.64314 -2.29111 3.54891 -2.38506
0.121688 1.20888 -3.27421 1.33259
-0.737814 -1.41998 1.25397 -0.490958
1.11074 0.083999 -0.33775 1.17826
-0.774373 0.740369 -2.977 -2.01588
-0.618663 1.152 -1.4706 -1.3898
-0.670036 -1.33095 1.40843 -0.501216
-2.00275 -1.05937 -0.004104 -1.48178
-2.7186 -1.02937 -0.413358 -2.75708
-0.984644 -1.8998 2.80615 -1.55501
0.657994 3.06779 -12.1819 5.8583
1.3099 -0.692608 0.57211 1.22181
2.2478 -0.145486 0.101165 3.16556
-5.13159 1.61779 -2.13079 -5.31901
-2.88839 1.72319 -0.965695 -1.96015
-0.870342 -1.85729 1.97439 -0.69862
1.24622 0.589466 -0.16355 1.39388
-1.00583 -0.366995 0.462944 -1.87936
-1.16823 0.994772 -0.888174 -1.63992
-2.16997 -4.22128 4.00776 -1.63241
1.11105 -1.0044 0.972829 1.46216
1.30653 1.03497 -1.32255 0.998053
-0.701293 -0.873972 1.41095 -0.727892
1.09441 1.15067 -1.1138 0.511597
-1.0465 0.345313 -1.02629 -1.63434
-1.57737 0.448344 -1.36199 -2.54938
0.138174 1.68329 -1.63545 0.137744
-0.758609 -1.33297 1.87024 -0.847316
-1.08072 -0.031924 0.279499 -1.63823
-1.90052 -0.14832 -0.487917 -2.34872
0.100832 -1.197 2.3109 -0.822355
1.79805 -1.47718 2.56267 3.90183
0.380948 1.47575 -1.20843 0.06021
-4.7691 -8.72056 10.7299 -4.6797
-0.627861 -1.13375 1.55188 -0.736199
-0.311127 -1.01558 1.37013 -0.42222
1.92183 0.328471 -0.315272 2.36165
-0.685564 -0.863945 0.997348 -0.66471
1.05097 1.88351 -1.70631 0.654629
0.712322 -0.874226 1.22135 0.793363
0.753561 0.837689 -2.47675 1.08579
-0.131624 -2.73434 2.09585 0.93029
-1.02718 -1.58403 1.8676 -0.885265
0.704234 2.09003 -2.11848 0.79502
-1.02121 -2.42005 3.44059 0.303969
-0.70075 -1.14797 0.828778 -0.716533
6.94668 -3.99546 4.30348 7.28871
1.03182 0.274681 -0.353958 1.09468
1.03246 -0.447969 0.661473 1.26361
0.794567 -1.08528 1.24792 0.577355
0.686816 -0.810397 1.17877 1.16494
0.923961 0.590684 -0.639007 1.27447
-1.13873 0.463823 -0.642415 -1.31575
-1.0856 0.029687 -0.19344 -1.40476
-0.216541 -1.2897 1.3416 0.139121
0.589309 -1.62969 1.47324 1.66735
0.535464 0.934412 -0.979154 0.623425
1.02072 -0.658904 0.708238 1.57298
1.08464 -0.410585 0.789895 1.22283
-0.100884 -1.21535 1.61581 0.324663
-0.665333 1.52663 -1.97382 0.219332
-1.29263 -2.31505 1.26013 -0.505227
-0.353405 -1.00198 1.1637 -0.376934
1.16259 -0.420167 0.930131 1.48815
1.62352 0.083208 0.122949 2.08075
-0.978002 -2.26259 1.55189 -0.74154
-0.537192 -1.1919 1.19229 -0.429052
2.20189 -4.05188 6.11602 1.68705
4.43644 -1.95562 2.07925 3.74381
-5.57748 2.83043 -4.29176 -6.46621
-1.8206 -2.56358 2.42963 -1.78368
4.72968 10.845 -20.7549 9.51782
-0.646006 -2.6469 2.39422 -1.16756
-1.33025 -2.76164 11.5004 -5.83443
1.24699 0.079357 1.11266 2.52077
1.04687 0.313344 -0.52855 1.32619
-0.834335 -1.47452 0.920522 -0.856858
-5.55585 0.293748 -0.3666 -5.93894
3.20479 -0.831933 0.408394 4.36021
4.76108 -2.26628 2.22703 4.47061
1.43396 0.140754 0.484458 1.33109
3.04019 -3.49212 4.78584 3.08972
0.857078 -1.05553 0.939439 1.51973
0.561101 -1.02209 2.13573 0.312973
-1.13106 -0.236679 0.117477 -1.09752
6.47387 -3.12946 2.93295 5.60062
1.24115 2.47645 -1.68271 0.814148
1.0276 0.202581 -1.18766 4.82776
1.03699 0.185632 -0.545834 2.36555
-1.6451 -1.33323 0.346267 -2.14379
-1.82698 -3.908 2.96534 -1.02672
-0.908006 -0.813818 1.54564 -0.862271
0.523613 0.913454 -1.35 0.769848
0.884196 1.8738 -1.74795 0.992422
-1.80499 -1.06123 -0.181208 -1.53943
0.521121 1.18317 -1.12903 0.467253
1.28385 0.022744 0.561661 1.49594
-1.00345 -0.354748 0.425912 -1.19948
0.631883 5.96468 -6.36936 0.982939
-1.28281 -2.13293 1.76775 -0.721459
-0.549259 -0.906983 1.23647 -0.677392
1.06368 0.058699 -0.188206 1.22416
0.601603 1.0119 -1.00516 0.439843
0.539923 1.04847 -1.08379 0.404872
-5.94937 -8.63317 8.23769 -3.76648
0.322444 1.41819 -1.17295 0.491976
0.995332 -0.348941 0.575655 1.25129
1.15845 2.7346 -2.85475 0.646977
-1.3754 -0.657409 0.712608 -1.06084
-1.34316 -0.233642 -0.092646 -1.17825
-0.939953 -2.25012 2.97214 -1.22484
-1.294 0.109283 -0.493539 -1.71221
-1.34518 0.272162 -0.677596 -1.71201
1.22624 2.33131 -1.75605 0.912518
1.13905 -0.097005 0.529996 1.45691
0.512729 -6.84731 9.61688 1.05125
-2.2082 -0.55659 -0.34991 -3.76835
-3.52868 -6.02551 28.6381 -12.5793
-0.886456 0.649889 -0.860805 -0.818531
1.20202 2.17038 -1.60404 0.620866
-0.732699 -0.94875 1.42593 -0.454138
0.403873 -0.964188 1.16862 0.614125
-0.297673 -1.29279 1.24121 0.113306
0.35511 -1.00214 1.11355 0.259331
1.17359 -0.697057 0.948322 1.76862
-0.203514 -1.2257 1.17351 0.079755
-0.715136 -0.854627 1.24359 -0.652866
1.28233 -0.677396 0.021457 1.41734
1.20532 -0.214626 1.03474 1.69883
0.148677 1.24985 -1.14488 0.196719
-1.1811 0.206673 -0.028262 -1.29817
-1.60713 0.461412 -0.241685 -1.18974
1.17881 -0.304814 0.170615 1.45583
2.17176 -1.89533 0.763118 1.93903
-0.314433 -1.40435 1.25039 0.202718
-1.85885 0.935787 -1.06124 -1.77578
1.53245 -0.749222 0.829317 1.43976
48.3967 -6.59005 3.4277 40.912
-0.877538 0.731087 -1.05305 -0.951496
-0.994895 0.539482 -0.832765 -1.00956
-2.18893 -0.169626 -1.18627 -3.61535
0.827329 1.94821 -1.3736 0.743998
-1.19195 -0.236462 -0.137572 -1.425
1.04816 -0.50528 0.413724 0.99154
-9.57994 4.19568 -9.57209 -21.721
-2.44014 -0.23981 -1.11219 -1.91797
6.07454 1.05337 -3.2334 1.68089
0.83896 1.64702 -1.2232 0.450742
1.16705 2.16646 -1.77918 0.862302
1.36109 -0.88806 1.26397 1.89801
2.95994 -1.45785 1.72841 3.40254
0.617863 1.16655 -1.2795 0.558237
0.732927 0.948332 -1.05932 0.786322
0.942682 0.593753 -0.584077 0.893982
1.10004 -0.391561 0.041363 1.44914
0.422003 -1.1575 1.3025 0.245038
-1.15153 0.620969 -0.865816 -1.80725
-1.1888 1.86372 -1.74127 -0.608128
-1.18331 -0.119284 -0.156061 -1.48158
0.965751 -0.455321 0.875346 1.52224
-0.941393 -0.510553 0.665171 -1.07672
1.04709 -0.246567 1.05097 1.96391
1.0865 1.56406 -1.62116 0.793182
1.05768 -0.350358 0.534958 1.06346
2.66478 3.81219 -4.19961 2.18873
-2.03068 -0.561446 -0.08841 -1.99384
-1.50875 -4.41125 5.71316 -2.91761
1.05609 -0.775472 1.08326 1.70581
-0.65802 -1.19969 1.30906 -0.565342
0.790465 -0.724519 1.15169 1.7037
0.660939 -0.98589 1.79199 0.678771
-1.96405 3.14219 -2.92973 -1.97812
0.980991 -0.433884 0.541926 1.07263
1.31796 1.0219 -0.506972 1.36857
2.26941 -0.296583 -0.240849 2.04857
3.08981 1.80718 -0.263468 1.96954
2.9456 -0.765236 0.054441 3.19793
-0.804949 -1.42837 1.15968 -0.244375
-0.961287 0.46959 -0.772893 -1.53412
-1.25777 -2.81378 1.75826 -0.83429
1.05064 -0.147968 0.040476 1.24629
1.33008 2.81645 -2.80754 1.43893
0.765721 0.778811 -1.06809 0.817574
1.93343 -0.311651 3.21893 5.93801
-1.06891 -0.107761 0.284241 -1.54081
0.492188 1.09796 -0.97676 0.411823
-0.47866 -1.10054 1.20719 -0.450568
0.150594 1.44224 -1.23084 0.68801
-1.26133 0.325099 -0.879276 -1.9245
2.75669 -1.20803 1.27215 2.87995
0.431088 -1.44237 1.62994 1.01853
-0.637066 -3.16876 8.20377 -3.67796
-1.15166 -2.25185 1.4797 -0.700475
1.74573 2.60107 -4.1982 1.73641
-0.45121 -0.972147 1.05698 -0.481428
-1.29959 2.9875 -3.27693 -3.30605
3.56831 4.65747 -5.39554 2.9572
0.876919 1.41971 -1.34124 0.528156
3.47007 7.81177 -7.1355 3.49054
6.27522 11.0817 -11.9248 4.12403
1.91056 -0.92853 1.23568 2.30484
0.974359 -0.48393 0.807216 1.53323
-0.573409 -0.913638 2.52455 -1.02271
-1.21499 -0.112681 -0.263576 -1.39655
1.8718 1.21095 -1.51328 1.7089
-0.647262 -1.45911 1.14264 -0.96398
-0.948597 -1.89425 1.78827 -0.968853
0.437569 1.04854 -1.3433 0.350279
-3.15223 1.34602 -1.3459 -1.89496
0.212067 -1.35664 1.29411 0.599963
-0.089924 -1.21581 1.34423 -0.100744
-1.46858 -1.82774 2.50973 -0.97124
-0.952324 0.458676 -0.758886 -1.16525
1.17785 0.969456 -1.86382 0.655588
0.419058 0.955305 -1.23538 0.434362
1.49442 -0.678985 0.994893 2.28502
-1.35127 -0.058834 -0.251702 -1.93106
0.093113 1.89199 -2.68315 0.526022
2.95866 -1.22171 1.20269 2.19316
-0.515124 -0.929604 1.36718 -0.718914
1.27433 -0.595679 0.798361 1.7251
-5.35207 -1.60813 -0.219525 -8.51743
0.862199 -0.622441 1.18637 1.776
0.460046 1.17841 -1.37904 0.649508
-0.971418 0.764951 -1.17908 -1.55777
-1.14161 -0.167956 0.289313 -1.10416
1.33252 0.310869 -0.310869 1.33252
0.941685 -0.464323 0.634324 1.13116
-1.01797 -0.276377 1.04751 -4.36279
-0.337588 -1.37982 1.14933 0.082433
0.828911 1.79897 -1.34812 0.721037
0.523238 1.15004 -1.30858 0.452983
2.57462 -0.05749 -0.084995 2.97336
0.294734 1.13068 -1.04155 0.292369
-3.44626 -7.17477 9.63986 -4.41915
3.27389 1.28205 -1.31243 3.48463
0.375581 1.00538 -1.90993 0.688417
-0.931088 -1.43096 0.875784 -0.669157
-0.605617 1.68004 -1.85456 0.051126
0.937911 0.50816 -0.564937 1.45915
0.245154 1.30057 -1.01588 0.318701
1.8051 0.880945 0.678738 1.94032
1.51983 -0.681587 1.09987 1.9218
-0.91869 0.505144 -0.935384 -1.66475
0.673219 0.944493 -1.06964 0.491988
-0.299314 -1.04762 1.64068 -0.492913
-0.586455 -1.1289 1.08351 -0.318191
-0.982586 0.51836 -0.670049 -1.20397
-4.07481 -7.67025 33.1238 -14.4947
0.758184 1.44612 -1.22119 0.734856
3.10305 -6.09867 7.95165 1.7115
1.97111 -0.122401 0.379978 2.49702
3.79408 -24.4637 22.7604 1.00361
-2.44564 2.08695 -4.08538 -9.15248
1.52663 -0.804954 1.10416 1.75313
0.147806 1.2907 -1.29141 0.231533
-1.22727 0.932157 -1.04026 -1.88894
1.24426 2.52357 -1.52081 0.778769
-1.02983 -0.21527 0.581176 -2.32149
1.31847 -0.027582 -0.482266 2.53575
-0.236524 -1.12107 1.73975 -0.504506
-0.56732 -0.967981 1.75619 -0.837881
-0.032603 3.80727 -14.054 6.69501
0.737474 1.26231 -0.839514 1.14281
0.017023 1.29509 -1.28143 -0.47354
0.874174 -0.647715 1.0444 1.7359
0.807587 0.993089 -1.22011 0.470698
0.458059 1.0706 -0.978239 0.58875
-1.17973 0.608192 -0.563228 -1.26337
-0.60837 0.895519 -1.42353 -1.05856
-2.23568 0.330794 0.146308 -3.30422
-0.429643 -1.02437 1.56758 -0.650204
-5.04137 -6.81672 12.9933 -6.51703
-0.837686 0.751768 -0.995088 -1.75636
0.513288 -0.957092 1.97242 1.23954
-1.17304 0.005395 -0.592954 -1.97993
0.737961 1.6297 -1.27916 0.700586
-1.49924 0.598485 -0.148412 -1.73117
2.55955 -0.634462 0.869701 1.86381
1.05423 0.196509 -0.713627 2.79856
1.278 2.40192 -1.78411 0.237547
1.20356 -0.197829 0.235569 1.57454
-1.04738 -1.73301 1.74903 -0.423605
-0.377071 1.04065 -1.06866 -0.295724
-0.08153 1.15168 -1.14825 -0.306278
-0.608402 -1.15653 1.53106 -0.678574
0.970798 -1.61362 1.56134 0.935409
0.929884 0.522483 -0.605006 1.38275
2.93373 -1.42041 1.86512 3.32423
-0.994682 -0.384074 0.5056 -1.60259
3.16273 0.585294 -0.370719 3.22203
1.07706 1.80707 -1.81937 0.915877
-0.805403 -1.45647 1.1114 -0.986139
0.469239 1.43222 -1.3722 0.524499
-0.288633 -1.20097 1.59372 -0.627855
-1.14575 0.34785 -0.785114 -1.19384
1.26822 0.209342 -0.692355 1.22047
-1.66573 2.60748 -2.74527 -1.70447
-0.785999 -1.69898 1.41167 -0.479593
-1.48394 -0.880839 0.093769 -1.55714
1.08413 -0.317369 0.486943 1.07683
0.999321 -0.41144 0.427436 1.02115
1.03135 -0.377275 1.01428 1.53662
1.12047 -0.1244 0.496209 1.42168
-0.428114 -2.10044 1.51562 -0.149783
-1.09935 0.117678 -0.270252 -1.13883
0.089837 -1.57103 1.2231 0.223979
-0.939499 -1.16644 1.17286 -0.46341
-0.996786 0.610411 -0.525577 -0.930515
0.425827 1.05132 -1.16657 0.623189
0.353251 -1.42576 1.36903 0.268274
-1.2711 0.341156 -0.553328 -1.41321
-0.414948 -1.11106 1.1257 -0.410492
1.00503 -0.967578 1.12443 1.57057
-0.920938 -1.72564 1.39948 -0.503932
-1.19893 -0.531208 0.04012 -1.45067
-0.655487 -0.96016 0.88743 -0.770199
1.36282 -0.106129 0.519185 1.2852
-1.07819 -0.02905 0.259999 -1.52551
2.24166 -1.81931 3.61145 2.45558
-1.15175 -1.45943 1.01678 -1.20614
1.30267 -0.243152 0.615391 1.89543
1.02568 -0.852887 1.10315 1.67392
-0.547935 -1.25339 1.49041 -0.602081
-0.596441 -0.99796 1.10404 -0.473658
0.652834 -1.04821 1.27961 1.87613
0.558395 1.08425 -1.0017 0.476639
1.20349 -0.752559 0.622812 1.38039
-1.10563 -1.70639 1.559 -0.660348
1.12062 -0.69814 0.594879 1.14995
0.881625 -0.715838 1.02529 1.60145
0.17015 1.13522 -1.21803 -0.032453
-1.10722 0.146965 -0.334704 -1.69085
-1.42264 -0.021993 -0.80643 -1.36984
-1.07983 0.491914 -0.882982 -1.24224
-1.8419 -0.394104 0.319803 -1.65131
-2.27611 -4.49929 3.43329 -1.44786
-0.058167 2.36353 -1.98514 -1.63104
-0.713495 -1.47528 1.38617 -0.486396
0.595168 0.89056 -2.82863 1.16967
-0.489739 -0.951747 1.83332 -0.713373
0.179182 1.52742 -1.17239 -0.104457
-1.21429 0.209036 -0.499669 -1.54159
3.05216 1.54965 -0.119926 3.38632
-2.83927 -9.26519 6.35284 -2.71413
-1.01481 -1.51994 1.81724 -0.80848
-0.466285 -1.03399 1.39655 -0.590174
-1.18252 0.418798 -0.807826 -1.00805
1.08104 -0.359587 0.89136 1.43125
0.744919 1.17353 -1.52409 0.810538
-0.491454 -1.14272 1.12103 -0.64751
-0.862374 -1.32844 1.59872 -0.701595
0.659632 0.924992 -0.975006 0.55453
-1.3746 -0.320497 0.266731 -1.14815
0.718991 1.66226 -1.94781 0.844456
1.29613 2.64434 -1.48314 0.835904
-2.12846 0.696376 -0.237395 -2.54137
1.44721 -0.216399 0.21308 1.38243
-0.504362 -0.981591 0.987319 -0.454331
0.620701 0.875797 -1.8705 0.823271
0.492385 0.957434 -1.27472 0.54105
1.06982 0.17544 -1.16921 5.02745
-0.073194 1.12183 -1.71257 0.446043
-0.329549 1.03799 -1.02758 -0.424143
-1.01914 -0.229097 0.34531 -1.3374
0.337631 1.61313 -2.01948 0.538543
-0.876629 0.801892 -1.10484 -0.713827
0.452941 1.17809 -0.997416 0.544946
-1.08927 -0.645469 0.930985 -0.958064
1.25857 1.31406 -1.12235 0.551654
0.608219 0.931263 -0.922995 0.556207
-0.620097 -1.10536 1.61059 -0.639155
5.88998 11.1047 -12.3059 4.54806
2.33098 -5.51745 5.7096 3.46347
-0.054179 -1.57041 1.67772 0.514959
0.326284 1.21846 -1.15983 0.433707
0.996283 -0.889443 0.801558 1.20434
-2.00742 -4.11621 5.76913 -2.71337
1.14067 0.65248 -0.261437 1.15434
1.07698 -0.726774 0.663038 1.23996
-1.42061 -0.853019 0.356451 -1.19003
-1.93194 -0.3143 -0.995011 -1.60081
-1.2101 0.225872 -0.583056 -1.60087
0.390806 6.11288 -5.70709 0.734865
-0.80558 -1.8273 1.51453 -0.504557
-1.59482 -2.43265 1.44733 -0.716292
0.57967 1.07228 -0.897008 0.818086
-0.682222 -1.07009 1.10433 -0.65464
1.94958 3.55022 -1.63839 0.705576
1.16012 -0.131272 0.070167 1.38575
-0.280914 -1.03272 1.39524 -0.359283
1.08078 0.015905 -0.321065 1.85231
-1.236 0.656189 -0.890834 -1.33101
0.907538 -0.745674 0.863854 0.887494
1.11434 0.806009 -1.1597 0.669942
1.27197 -0.169308 1.38906 1.80761
0.820438 2.32406 -1.88746 0.899223
-0.551056 -0.971204 1.76447 -0.708045
1.49759 -1.73624 1.30374 2.04369
1.17735 -0.376975 0.22985 1.55776
3.70746 -2.41217 3.86338 7.24413
0.057858 1.13332 -1.31167 0.221793
0.208915 1.07007 -1.5461 0.428757
1.52643 -0.712774 0.751491 1.2822
-0.325268 -1.53292 1.42852 -0.094636
-2.05755 -0.046312 -0.006587 -2.00348
-0.570027 -1.09763 0.990278 -0.527589
1.14238 1.92927 -1.74397 1.30686
-6.96917 1.61079 -2.05018 -5.74716
-2.16254 2.42666 -0.853435 -3.75597
-0.834117 -1.05176 2.3817 -1.07144
-1.3052 0.105502 -0.330367 -1.33794
0.696526 0.927607 -0.978329 0.57493
1.72126 1.09871 -0.021081 1.84894
-0.618657 -1.48093 1.14128 -0.444497
0.064021 1.70509 -1.55367 -0.760576
-2.42469 -4.84861 8.27752 -3.88773
-0.112866 -1.29301 1.636 -0.2092
-1.096 -1.55522 1.06823 -0.399037
0.628052 1.16564 -1.21636 0.427
0.535972 1.09783 -1.28878 0.376235
-1.22374 0.740454 -0.684286 -1.01201
-1.38076 -1.92796 1.80927 -0.993197
0.876841 1.18929 -0.735892 0.935054
0.943939 2.20383 -1.54349 0.288915
-3.16858 -30.229 45.8709 -15.3568
1.07695 0.011161 -0.139556 1.19422
0.590737 1.30472 -1.42462 0.525498
-2.3347 1.68919 -1.97581 -2.01019
0.757651 4.96717 -5.69062 1.5056
0.924312 -0.467656 0.692561 1.16282
0.822511 -0.745885 0.875073 0.796653
-2.10077 1.43139 -3.16262 -5.97325
-0.19543 1.16915 -1.0506 -0.224934
-2.02599 -3.90105 5.32606 -2.54358
-0.956706 0.623445 -1.14944 -1.86103
-1.80228 -1.03167 -0.081521 -1.84293
0.160413 -2.07899 2.07077 0.464852
0.606216 1.06585 -1.19165 0.492324
-0.294097 1.05099 -1.37125 -0.71307
0.848799 -0.643592 0.919445 1.2468
3.61958 -9.8119 10.9088 4.16414
-0.141342 -1.10985 1.54885 -0.075114
-1.67731 -0.103278 -0.334561 -2.27838
-1.54333 -0.421682 -0.368597 -2.29306
2.46101 0.810734 -0.837517 2.29668
-1.52536 0.641978 -1.51205 -2.7255
-1.01826 -1.63713 1.57779 -0.315521
-4.54132 1.7277 -5.14438 -11.1842
1.56556 -0.860983 3.25168 0.638741
-9.27933 -1.94745 1.66479 -8.56809
2.17004 0.490357 -0.500486 1.62396
-0.069986 1.61927 -1.41037 -0.543347
-0.375627 -1.2417 1.22767 -0.058089
-0.756832 -0.847477 0.874344 -0.993179
18.8311 -0.672551 10.6862 23.1887
0.527793 0.897586 -1.8228 0.817307
0.877117 -1.19078 1.05827 1.52135
0.531808 1.32165 -1.18486 0.502666
-0.617535 -0.961081 1.08835 -0.498535
-0.376967 -1.279 1.4251 -0.323747
0.640431 -1.21452 1.32596 0.642121
0.940289 0.538011 -0.587232 1.64433
-1.44014 0.09994 -0.482202 -1.89327
1.5131 -0.397249 0.731214 1.37597
0.211848 -1.60981 1.43436 0.106258
1.2898 -0.536149 1.26825 2.10891
-1.06111 -0.142984 0.319035 -1.48362
1.25053 0.396828 -0.003578 1.4439
0.402806 1.01034 -1.03866 0.50736
-3.86846 -6.78881 6.23193 -2.64165
1.1452 -0.38762 0.5133 0.99215
0.822069 0.811487 -0.993722 0.688065
-1.82092 5.29482 -10.1386 -5.92468
7.74832 14.1176 -12.0979 6.69417
2.5961 -0.452725 0.840688 1.94656
1.49341 2.72455 -1.69519 0.64747
-0.917816 -0.850882 1.27134 -0.656794
-0.866601 -0.6524 1.01144 -1.07126
-0.116899 -1.32188 1.23167 -0.648509
0.049553 1.31093 -1.12001 -0.098666
-0.981418 -0.44273 0.457292 -0.973682
1.09629 2.31313 -1.6098 0.650241
-0.962201 -1.93373 1.73778 -1.0574
1.02057 -0.47806 0.866378 1.48075
0.246456 1.34072 -1.50716 -0.144509
1.81257 4.41818 -8.51011 3.09737
0.957502 0.855862 -1.52771 1.1388
-0.002067 -1.54205 1.40992 0.338695
-0.162348 -1.14568 1.24011 -0.419558
-0.961319 -0.398911 0.494938 -1.42795
-0.847732 0.662576 -0.85035 -1.49723
-1.84878 0.039754 0.066854 -2.37007
-1.1333 0.530522 -0.949602 -1.63033
-1.08217 0.378829 -1.03029 -1.3791
1.07314 0.113184 -0.19004 1.14805
0.684015 0.782771 -0.782771 0.684015
-0.978863 -0.417965 0.4182 -1.10298
1.0925 -0.07722 -0.079113 1.23958
1.14778 0.054576 -0.092382 1.04271
-1.84807 -3.26447 3.39041 -1.08873
-0.897272 -1.36918 1.34312 -0.439934
0.217742 -2.05471 2.30837 0.429531
0.027118 1.33975 -1.46012 0.339025
-0.872775 0.622748 -0.820672 -1.34429
-0.614346 -1.08099 1.21384 -0.45313
0.741148 3.01228 -12.1756 5.85195
-1.01515 0.494727 -0.892815 -1.19812
0.958494 -0.563866 0.887185 0.972893
3.1505 -29.1692 34.1059 5.72069
-0.148449 1.11086 -1.17361 -0.441532
-0.87969 -1.79082 1.48604 -0.740358
-9.59857 -1.24416 0.784056 -6.8149
-0.78285 -1.12786 1.02322 -0.720903
1.14264 -0.252228 0.034922 1.2512
-1.19094 0.263826 -0.819133 -1.85781
-0.505102 -1.12072 1.05277 -0.33995
0.884917 -0.987273 1.12594 0.746569
-0.9636 0.483078 -0.948102 -1.49555
-1.0024 -1.71149 2.1982 -0.81836
-0.675668 1.09736 -1.44773 -1.37872
1.92615 -1.66925 1.78172 2.95177
-0.692883 -1.07819 1.04331 -0.661298
-0.864884 -2.32696 5.33632 -2.53855
-1.03338 -0.234181 0.45889 -1.33979
0.900315 -1.00073 1.38108 1.75566
0.532016 -1.79666 1.82932 0.404589
1.12964 0.349299 -0.249882 1.41432
-2.55143 -1.20955 1.0467 -2.49919
-1.04348 0.366769 -0.506099 -1.30488
-0.857363 -1.82399 1.24648 -0.429178
-11.2272 5.18437 -9.71343 -22.7405
-0.067215 -1.43938 1.54847 -0.332482
2.12104 -0.2416 -0.090689 2.3872
1.49744 -0.667873 0.479843 1.00714
-0.98785 0.472886 -0.578972 -0.954039
0.808477 1.40013 -1.18758 0.571351
-5.73714 -9.88646 13.7828 -5.12055
-0.083743 -3.79233 8.66644 -3.75386
-1.12251 0.386681 -0.403267 -0.989734
0.230262 1.10369 -1.53814 0.138875
-0.560559 -0.93234 0.960805 -0.472447
-0.979602 -0.435598 0.3818 -1.49269
-0.915889 1.25557 -1.98268 -1.91176
0.977754 -0.46839 0.465075 0.961601
1.06656 -0.474758 0.682305 1.57233
2.21213 -0.862831 1.27852 1.87505
-0.841057 0.662942 -0.832291 -1.32385
10.7096 4.60788 -24.2503 12.546
0.653382 -1.30532 1.49612 0.339663
-1.37303 -2.5022 1.18913 -0.619294
-2.47149 -1.08723 0.898709 -2.35953
0.505602 2.01291 -1.77007 0.101736
0.078755 -3.54206 3.34225 1.89885
-0.721355 -1.68358 1.42299 -0.76724
0.95286 1.73387 -1.62561 0.754088
1.21935 -0.783153 1.40102 2.19734
-6.32081 2.9144 -1.90324 -4.46435
0.950024 -0.510983 0.510983 0.950024
-0.930334 0.953132 -1.11337 -1.34481
0.003165 1.37524 -1.18013 0.090961
-0.589418 1.06322 -1.55911 -2.28287
-4.52101 -8.99875 24.7381 -11.4843
-1.20746 0.006772 0.135644 -1.39381
-1.86262 0.904256 -0.054479 -1.40783
-0.882517 0.639255 -0.9115 -1.25039
-0.689633 1.24599 -1.26601 -1.74778
1.08078 0.355515 -0.329683 1.12894
-1.47472 0.593819 -1.953 -3.35202
-0.46657 -0.992573 0.992573 -0.46657
2.16804 4.82402 -7.18627 3.01909
-0.5263 -1.09326 1.19635 -0.52836
-0.960978 0.509031 -0.8231 -1.52508
-1.24021 0.009496 0.184055 -1.43172
1.06652 -0.010488 -0.184843 1.40512
0.269326 1.02232 -1.01246 0.335183
-0.726883 -0.896163 1.27782 -0.541219
0.034849 -1.68229 1.77216 0.059503
1.22695 -0.71738 0.857506 1.4524
-1.21002 -2.16592 2.85783 -2.08873
0.724721 2.0263 -1.69198 -0.133187
-2.12141 -2.95611 2.67764 -1.73979
-1.2083 -4.00636 2.99624 -1.91118
0.984581 1.20707 -1.25719 0.893974
0.564892 1.18018 -3.34906 1.5778
-0.491021 -0.991101 0.955937 -0.478127
0.162909 1.067 -1.75854 0.555511
0.516383 -1.02459 2.25314 0.351938
-1.59014 -0.17773 0.146199 -1.49151
-0.5406 -0.905574 1.78622 -0.859588
0.043914 -1.08028 1.08118 -0.022328
0.441512 1.46241 -1.11537 0.655794
0.084097 1.23867 -1.34834 -0.377296
1.06274 -0.832891 1.03969 0.674033
1.08362 -0.717876 0.572463 1.19789
2.59612 1.1031 -0.106703 1.51998
-1.53771 -2.99432 1.72748 -1.18848
-0.67447 0.827325 -1.08365 -0.999835
-16.7625 7.81264 -12.5597 -29.849
0.529368 -0.939635 1.07474 0.741447
-0.598138 1.23441 -1.29398 -2.06293
-1.05033 -0.855318 1.8258 -0.714423
1.26197 1.02565 -0.288755 2.13763
-1.38033 0.708877 -0.84464 -1.28811
1.12244 -0.132664 1.06456 2.28947
-0.939678 0.470634 -0.491072 -1.03832
-0.190851 -1.10542 1.32817 -0.280403
-0.327684 -1.4675 1.21904 -0.742888
1.04314 -0.559829 1.16895 1.93781
1.82844 -0.663619 2.76917 4.82014
-0.241441 -1.39249 1.37788 -0.925313
-0.674436 -1.38821 1.36703 -0.479222
1.78791 -0.900865 1.12906 1.82333
-1.01419 -2.00819 1.29402 -0.602817
-1.96491 -1.01039 0.012174 -2.44008
0.589809 -1.20872 1.47385 1.17663
-0.62553 -0.895172 1.3892 -0.716958
0.136658 1.25068 -1.25096 0.194903
-3.34253 -1.74423 -0.065549 -3.6207
-1.24104 -0.007852 -0.277399 -1.85032
-1.486 -2.24526 2.3477 -1.9582
3.5992 6.77592 -6.09554 2.50149
0.23519 1.10684 -1.38776 0.52338
-0.914095 -2.0065 2.13916 -0.386221
-1.13833 0.595077 -0.595077 -1.13833
-11.5885 0.043574 -1.38017 -11.5365
1.23059 -0.628053 0.295203 1.21347
0.868754 1.20307 -1.36403 0.866731
-1.05168 -1.94601 1.7899 -1.09561
1.15714 -0.455725 0.656797 1.04886
-1.29493 0.092096 -0.390596 -1.68767
0.219377 1.09887 -1.16437 0.410335
0.586614 -0.946326 0.949288 0.953326
0.992227 0.687818 -1.19451 0.851206
0.923349 -0.544557 0.980106 1.52768
0.396801 1.01165 -1.01016 0.413349
0.388792 1.29331 -1.21402 -0.006096
-0.076183 -1.49583 1.17209 -0.53591
1.44142 -0.738438 0.85275 1.35462
-0.035949 1.77624 -1.49215 -1.33747
0.444248 1.02968 -1.39491 0.293609
-0.433206 -1.20652 1.28534 -0.349338
0.814995 0.719699 -0.989525 1.00124
1.09278 -0.304644 0.168854 1.54533
-3.31806 2.89473 -3.52349 -5.27915
0.904877 -1.0196 0.655628 1.36377
-0.916467 0.536154 -0.598895 -1.25635
-2.59239 0.736379 -1.91041 -2.78948
-1.04065 -1.94967 1.38826 -0.693009
0.539743 1.0859 -1.23965 0.428379
-0.369896 -0.971673 1.05352 -0.373482
-0.371191 -1.10891 1.13775 -0.479699
-0.915525 -1.95208 1.78304 -0.854064
1.44699 0.387569 0.300118 1.63333
0.572536 1.31294 -1.25269 0.312899
1.10291 -0.171335 0.014615 1.32869
1.77245 0.789034 0.087807 1.75689
1.00589 -0.539008 0.539008 1.00589
1.05362 0.056904 -0.234521 1.46843
8.08343 -3.18414 10.4901 18.389
0.558946 0.964492 -1.25912 0.426674
1.91521 -0.193479 -0.490487 1.61135
6.06 -37.4143 25.9019 2.04326
-1.94269 0.882262 -0.751788 -1.87912
-1.02375 0.567373 -1.1149 -1.88905
1.74075 0.051666 -0.109676 1.35601
-3.71733 -5.07979 19.2019 -9.90487
-0.083441 -1.15325 1.42649 -0.342718
0.571888 -1.20133 0.956865 0.562053
-0.820456 -1.04768 0.985995 -0.767429
0.652022 1.12531 -0.929935 0.790196
-0.368099 -1.31226 1.38118 -0.500501
-1.39748 -1.00983 0.4634 -1.6514
-1.23393 0.727656 -0.8062 -0.847031
-0.452117 1.65686 -1.59353 -1.33028
-1.0381 0.459073 -0.811016 -1.10991
-3.06311 -4.24913 7.34839 -3.63426
-0.754835 -1.31193 1.06917 -0.603456
7.56638 12.1489 -11.6921 4.95195
-1.19937 -0.042329 -0.501613 -1.73201
1.07091 2.47083 -2.15329 1.15173
-1.21655 0.428496 -0.988756 -1.72331
1.00911 -1.01092 1.10154 1.62419
-0.103699 1.34347 -1.52909 -0.71156
0.825698 1.71818 -0.952559 0.583037
0.748424 -0.948726 1.0805 1.73784
1.98547 3.10767 -11.5183 4.42687
0.591115 1.31613 -1.00268 0.450986
1.78791 1.85429 -2.0099 1.16212
0.974976 -0.441877 1.09228 1.66569
-0.87998 -1.06533 0.926151 -0.908428
1.17785 0.969456 -1.86382 0.655588
0.134176 -22.7848 29.1887 4.35798
1.17587 -0.031695 -0.256631 1.23093
0.787818 -0.964262 1.13238 0.646854
-1.19703 0.461691 -0.664171 -1.15234
2.01465 0.030697 -0.621632 1.96019
0.172908 1.07182 -1.77173 0.561438
-0.978533 0.510072 -1.05071 -1.5121
0.36151 -1.02752 1.07218 0.487076
-0.164696 -1.42246 1.15995 -0.497357
0.950587 0.824708 -0.594355 1.02378
1.20094 -0.114214 -0.06888 1.37704
0.550347 1.21193 -1.013 0.378415
-1.35138 0.542399 -0.64753 -1.47803
-2.91124 -0.267225 -0.228757 -3.17341
0.902472 0.85013 -1.61678 0.666858
-1.24794 0.616531 -0.683806 -1.42215
-1.26822 -0.609035 0.017809 -1.52058
-1.02813 -0.268416 1.01616 -4.22763
1.08057 -0.946247 1.52489 1.02892
1.18723 -0.381849 -0.007846 1.28562
0.579097 0.982358 -1.69411 0.67776
-0.074318 1.05282 -1.18132 -0.027247
-0.203683 3.3425 -3.04771 -1.64204
0.84547 1.67699 -1.37688 0.551591
-0.444438 -1.21513 1.28552 -0.044462
0.764841 1.45255 -1.06733 0.557018
1.09228 0.575921 -1.13735 1.24493
1.69394 -0.159086 -0.381172 1.41824
0.575417 1.67304 -1.5702 0.560502
0.078956 1.38536 -1.24879 -0.291789
0.541442 0.980106 -1.37713 0.657398
-0.56634 -1.0616 1.27278 -0.277393
1.19519 -2.65667 2.66443 1.75615
0.442749 1.37409 -1.02523 0.28211
1.02777 -0.775201 1.06946 1.52148
-1.39152 -2.07069 1.99793 -1.87789
1.40342 -0.580997 1.14184 2.14541
-1.53966 -4.7875 3.55796 0.074703
0.119026 1.30578 -1.20483 -0.086316
1.07889 0.029555 -0.263978 1.61025
-1.03508 0.395853 -1.23327 -2.43928
-0.686939 0.92402 -1.41282 -1.78831
0.665992 0.95033 -0.981682 0.539925
0.988813 -0.440825 0.654053 1.50649
-1.13747 1.3288 -2.10725 -2.47981
-0.727708 -2.36076 2.0628 -0.445742
0.771712 0.85806 -0.878763 1.06092
-6.83785 -10.0615 9.45737 -5.64442
2.38173 1.19892 -0.946773 4.79176
1.58384 -0.145626 0.191569 1.84442
0.985544 -0.43256 0.620379 1.09539
-1.26145 0.55468 -0.578577 -1.12798
0.803849 -0.76919 0.968069 1.71082
-0.427958 -0.997721 1.50031 -0.577436
3.19231 6.26309 -4.22388 1.48173
1.01073 -0.949114 0.730829 1.08514
-1.04278 0.302229 -0.555959 -1.48271
-0.405719 -1.17354 1.09331 -0.693006
-0.40887 -1.09831 1.51694 -0.475988
0.627605 0.895777 -1.45546 0.657841
-0.47076 -1.28814 1.3803 -0.060701
-1.63053 -0.388578 0.355386 -3.07869
1.0315 0.146358 -0.678847 3.04506
1.88851 5.80662 -22.3155 9.75981
-8.88787 3.85259 -9.33974 -21.0915
-1.4163 0.08657 -0.648862 -1.63031
-0.943885 -0.463923 0.566455 -1.42762
-1.22395 -2.22077 2.60563 -0.899382
3.04473 1.04 2.05367 4.01183
-0.858205 -1.27697 2.10402 -0.924467
1.56534 -1.81927 2.18121 0.73929
2.63078 2.44971 -3.04534 1.39078
-4.32732 0.978304 -2.7581 -7.17391
-0.179341 -3.26324 7.40396 -3.36431
-0.967511 -0.433712 0.520337 -1.52724
0.750671 1.43137 -1.29692 0.655707
0.544337 1.17899 -1.08291 0.611946
-0.958941 -1.20331 1.01298 -0.580675
0.789543 1.95982 -1.39034 0.603888
0.186513 1.20199 -1.0972 0.393072
1.29029 -0.897313 2.07946 3.28382
-1.49076 -1.95955 1.09262 -1.46179
0.624983 0.90542 -1.19862 0.595377
-1.03461 0.752694 -1.17637 -2.04466
-3.51016 -1.92251 -0.002855 -3.66933
0.875556 1.60726 -1.30447 0.679776
-0.658914 -1.85837 1.4026 -0.69333
-0.878482 -0.699555 1.35776 -1.11725
0.114419 -1.07427 1.29658 0.051498
0.613593 -0.867575 0.951375 0.747066
-0.91576 -0.87951 1.23386 -0.63219
3.63825 1.35286 -1.54464 5.00718
-1.62651 -0.735955 -0.191188 -2.31222
0.991059 0.350246 -0.445421 1.21404
1.02222 -0.653918 0.996147 1.62337
1.61886 0.190027 -0.153857 1.4133
0.663361 1.39204 -1.37244 0.467982
0.25064 1.41757 -1.2726 -0.000682
0.162451 1.17322 -1.13614 0.342199
1.14086 0.584482 -1.14287 1.28079
-1.57087 -4.74309 6.42764 -3.0887
-0.914201 -0.52109 0.578899 -0.946558
0.923234 1.68374 -1.98881 0.876505
1.36036 -1.04822 1.33253 0.885011
-1.29674 0.719849 -0.601358 -1.20596
-8.31677 2.02515 -1.92067 -6.00182
1.62132 -0.716911 0.588687 1.30551
1.26208 -0.590009 0.652709 1.15081
-1.12224 -2.70046 2.72399 -1.87612
0.60701 1.27424 -1.42363 0.515964
0.627138 1.18886 -0.924647 0.605518
-0.079291 -1.27562 1.31628 0.404187
1.62992 3.30472 -3.41077 1.43052
1.02815 0.331919 -0.54571 1.88606
0.481269 3.4 -4.38527 1.04968
-0.921803 -2.27176 1.84008 -1.0242
-1.90485 -0.518976 0.392288 -1.60062
-5.48763 1.33108 -2.25672 -5.19317
0.393693 -2.19729 1.92511 1.4652
0.758238 2.20096 -2.23996 0.406441
1.51783 -0.28233 -1.34109 6.37062
0.906391 -0.684086 0.849962 1.37339
0.129912 -1.04104 1.3584 0.162577
0.469205 2.12053 -2.57946 0.898079
-1.27746 -1.83937 1.49437 -0.831782
-0.125428 -1.20258 1.14237 -0.110625
0.235567 -5.14741 7.1903 0.647381
-1.11541 0.164819 -0.108752 -1.33574
0.07751 -1.10957 1.31016 -0.124581
0.860483 -1.43266 2.13256 2.20751
-1.01365 0.496726 -0.598561 -0.957276
1.66259 -0.481773 1.64038 1.06627
6.16648 -37.9462 27.5251 2.96837
0.928726 0.861315 -0.535756 2.37729
-0.420084 -0.979214 2.1644 -0.723767
-1.09995 0.724306 -1.38781 -2.25886
-1.0184 0.407045 -0.543157 -0.996214
-1.94268 -0.898457 0.659066 -1.79307
0.398292 0.996605 -0.978406 0.434122
1.56251 -0.006023 0.15453 2.09007
1.45197 1.06698 -5.44238 2.02332
-1.25775 -0.610234 0.58286 -1.02249
-0.345288 -1.14021 1.40934 -0.084824
0.944571 -0.673437 1.00449 1.3435
0.935669 0.953539 -1.78432 0.946997
0.296956 1.41052 -1.69913 0.478283
1.80421 -1.03306 1.44692 3.05143
-10.4911 -22.2541 26.1884 -15.0738
-0.226317 -1.09831 1.12365 -0.119045
-0.96469 0.467446 -0.855411 -1.3397
1.03949 -0.281517 0.126019 1.24083
-1.05735 -0.096533 0.221015 -1.22176
-1.07992 0.61961 -0.515764 -1.03725
-0.925399 -1.69261 1.37027 -0.588911
-0.656084 -1.2758 1.19499 -0.224079
7.06449 -9.19425 11.4749 7.43487
-3.80686 -3.86748 22.6693 -10.4468
-0.4038 -1.01851 1.71209 -0.71583
1.50657 3.09775 -2.13095 0.321606
1.52882 4.70437 -18.6245 7.93176
3.08773 -1.36736 1.57149 3.53757
1.01298 0.386118 -0.340336 1.12624
1.5215 -0.159763 -1.53192 6.83697
0.345315 1.14299 -1.32867 0.560987
-0.786022 -2.14269 1.96044 -0.919701
-1.26408 0.536549 -0.720834 -1.15768
1.08047 0.247692 -0.247692 1.08047
1.0995 -0.600261 0.954881 1.48345
1.11159 0.767065 -4.16331 1.5764
0.656099 1.37379 -1.05162 0.310089
1.03021 -0.509148 0.420416 0.955352
-1.03516 -0.101472 0.384728 -1.8129
-0.75201 -1.17098 1.02815 -0.653289
1.11803 2.25385 -1.61247 0.677225
-0.570432 -1.45903 1.69232 -0.1183
0.929623 0.517418 -0.590823 1.40333
-1.4331 -0.346285 0.256085 -1.18104
0.824541 0.973728 -1.56599 0.474515
0.940943 0.657816 -1.08161 1.14773
-0.386648 -0.999223 1.81354 -0.646737
-2.07449 1.18233 -1.83923 -2.51428
-1.11539 0.491653 -0.618937 -0.993799
-0.272901 -1.05422 1.36731 -0.337836
-0.838232 -0.740566 0.850444 -1.00719
-1.09507 0.79925 -0.720946 -1.08308
1.11867 2.16893 -3.12683 1.68378
2.45081 1.50755 0.010023 2.72639
-0.558767 -1.23206 1.37549 -0.481609
1.75904 2.75203 -11.0447 5.61953
0.01959 3.32684 -4.70372 -2.98245
0.832605 1.04342 -1.15203 0.670685
1.13672 0.081345 0.128744 1.28558
0.84794 -0.952114 1.201 0.908935
0.725019 1.34078 -1.30065 0.550678
-0.832351 -1.17731 1.41849 -0.602713
-1.48032 -0.279452 -0.105046 -1.72771
1.13201 -0.484507 0.656856 1.36036
0.068216 -1.57207 1.48533 0.85391
0.233596 1.06743 -1.37056 0.075429
21.7315 -0.602223 2.50877 20.8015
-0.363336 -1.01426 1.47265 -0.42346
-0.356714 -1.50628 1.52605 -0.429398
-1.15054 -1.92112 2.28131 -0.754711
-1.48853 -0.826349 0.192849 -1.73497
-0.416737 1.59739 -1.30395 -0.30651
1.06611 -0.010191 -0.370918 2.08749
0.136808 -1.03824 1.03824 0.136808
1.6588 0.573069 0.318607 1.89063
-1.16076 -2.2102 2.97536 -1.1906
-0.745202 0.728566 -0.93741 -0.943274
1.07854 1.63461 -2.03362 2.16337
-0.871353 -1.87677 1.78016 0.633815
-0.810323 -1.00229 1.30471 -0.814306
0.423781 1.27789 -1.03488 0.292134
-6.91024 4.60839 -4.9976 -6.59925
1.17171 -0.543657 0.525472 0.948262
1.16765 -0.076723 -0.734349 3.04746
-1.08255 0.39659 -0.624819 -1.03957
-2.73475 1.37173 -0.774962 -1.95647
1.09849 -0.182719 -0.069622 1.50482
-1.00963 -0.288011 0.701449 -2.82494
-0.150199 1.21318 -1.48137 0.394281
-1.14533 -0.051229 -0.058578 -1.18328
0.333653 1.92409 -2.56764 -1.60777
0.062423 -1.10573 1.69375 -0.240828
-1.05562 0.526605 -0.83749 -1.45873
0.967287 2.06399 -1.16011 0.678945
-1.12366 0.28573 -0.429744 -1.05723
0.989986 -0.474437 0.474437 0.989986
-0.549053 -0.935772 1.71885 -0.6599
-1.5757 -1.53447 2.60625 -2.11115
-1.02011 -0.286069 0.489499 -1.86295
-1.07275 -1.09112 1.32057 -0.980585
0.369223 -1.16904 1.20153 0.783184
-1.42212 -0.072778 -0.508994 -2.17157
-1.06354 0.350946 -0.301541 -1.12053
-1.02199 -0.2534 0.403446 -1.39725
-0.777659 -1.73451 1.28707 -0.567717
4.39346 0.481442 -1.15091 6.95618
-0.156043 -1.0947 1.19287 -0.031477
0.669216 -2.18783 2.05225 1.20039
-0.427449 1.5034 -1.4361 -0.785898
-1.00729 -0.222443 0.325283 -1.24322
1.23503 1.41086 -2.2025 0.700754
1.78698 0.154352 -0.207301 1.74103
-0.494586 -1.37822 1.18226 -0.044656
-0.93422 0.54258 -1.09177 -1.82582
-1.12574 -2.07723 1.85919 -0.739975
-0.366981 -1.11034 1.55042 -0.35172
1.03615 -0.389015 0.614006 1.11518
-3.85928 -4.79921 5.48578 -3.10017
-0.429053 1.00742 -1.2356 -0.434203
-0.413556 -0.984983 1.73144 -0.702729
-0.450113 0.976727 -1.14535 -0.368565
-0.378783 -1.20165 1.22229 -0.949654
-1.31364 0.837825 -0.998076 -1.94836
2.04997 -0.019193 -0.625527 1.84091
5.14702 9.32773 -8.36552 3.44209
0.489451 1.13457 -1.07642 0.276779
-1.21147 0.393172 -0.06149 -1.27709
-1.1115 0.171587 -0.279952 -1.09134
0.406046 0.967955 -1.04238 0.406502
1.39805 0.355201 -1.53231 6.84629
1.6541 0.208744 0.077293 2.03284
0.644476 -0.909297 1.05892 1.06118
1.58123 0.001461 0.730872 1.95202
0.948327 0.579268 -0.47436 0.94397
-0.945383 0.501586 -0.819811 -1.3104
-1.03728 -0.224113 1.17237 -4.79881
-0.671089 -1.2652 1.24393 -0.557371
0.03221 1.08261 -1.25093 -0.012829
-0.572965 -0.866578 1.32826 -0.713406
0.75236 -1.38742 4.19518 0.595535
-0.432233 -1.01659 1.29361 -0.494202
-1.51075 0.697344 -1.11231 -1.91614
-2.0805 -2.73762 2.0446 -2.32139
-0.476765 -1.01479 1.96036 -0.92251
0.070788 -1.20468 1.31225 0.411547
0.432167 -1.04146 1.08752 0.820729
0.917627 2.5024 -1.95287 0.187564
-0.840641 0.663061 -0.828626 -1.30324
-0.236583 1.11363 -1.49499 -0.742588
1.06288 -0.00996 0.042102 1.29262
-0.601266 -1.09774 1.09484 -0.475011
1.08601 -0.25724 0.69661 1.44049
4.06739 5.92917 -6.87255 3.50435
1.04238 0.240302 -0.631787 2.4082
1.46394 0.828342 -0.069012 1.77999
-0.539063 -1.14951 1.09716 -0.259716
0.44905 -1.11109 1.06282 0.905106
-1.0347 -0.230008 0.510728 -2.22753
7.32693 1.86562 -9.85364 5.63729
-1.27401 -0.403141 -0.17919 -2.01772
4.42813 -0.12315 -0.40932 4.43235
-1.19265 0.214673 -0.343026 -1.38255
-1.09918 0.662655 -0.690493 -1.06514
-1.07478 0.8611 -0.495234 -1.42629
1.11023 0.172674 -0.323527 1.29414
1.0209 2.19219 -1.22656 0.71937
-1.03103 0.501678 -0.855962 -1.2209
-0.74372 0.746472 -1.12602 -1.25511
-0.958144 0.538356 -0.57466 -1.22075
-0.603107 -0.916589 1.38512 -0.61289
-2.98253 -0.261398 -1.43995 -2.76035
1.29006 -0.049836 -0.094416 1.52761
1.57064 -1.02639 0.751746 1.22014
-1.47401 0.347224 -1.10241 -2.00076
-1.00874 0.988108 -1.67913 -2.13381
-2.21939 4.0753 -6.42592 -4.08217
0.98481 -0.910989 1.19432 0.999392
-0.284688 1.20654 -1.7786 0.371973
0.798151 -1.3959 1.43863 1.62849
1.88358 -0.114755 -0.049454 2.36966
0.689643 0.821112 -0.904733 0.783391
1.01121 0.254691 -0.80717 3.2219
-1.37481 -0.387499 0.460613 -1.56609
-0.965467 -0.620161 0.458275 -1.66252
0.961683 1.17444 -0.918581 1.07029
1.12842 -0.179052 -0.683345 2.82995
-0.944186 0.423792 -0.423792 -0.944186
0.449072 1.0479 -1.0212 0.463555
1.37981 0.292202 -0.292202 1.37981
1.16512 -0.78277 0.952193 1.05839
-0.005917 1.08452 -1.10953 0.064755
0.48813 1.30074 -1.05155 0.407378
0.390533 -0.976902 1.04997 0.529052
0.694601 1.02874 -1.44884 0.334555
2.6685 -0.857596 1.19228 2.75296
0.966949 -0.442773 0.796458 1.37286
-5.22861 -3.16154 3.69184 -5.1525
-2.07788 0.247781 -0.271489 -2.14308
1.19173 0.107003 -0.368012 1.15217
-0.46703 -1.23221 1.20358 -0.11184
-2.01315 1.02393 -1.03529 -1.73458
-0.326567 -1.11616 1.24606 -0.593933
-1.15299 0.328287 -0.331662 -1.13806
-1.0504 -0.152903 0.653037 -3.00859
0.349277 1.31944 -2.05697 0.806416
-1.17635 0.005058 -0.038943 -1.07011
0.615374 1.37382 -1.34051 0.320616
3.16224 -1.53423 1.90418 3.37783
1.23644 -0.806081 1.57437 1.07244
-0.406228 -1.19307 1.20094 -0.751021
-1.12295 0.645765 -1.11852 -2.46346
-1.29499 0.471094 -0.98456 -1.87906
-0.826541 1.58455 -1.55375 -1.31053
0.381585 -0.997696 1.19555 0.373114
-4.55585 -1.4134 0.449408 -4.68683
0.560627 1.40344 -2.52876 0.898602
0.583567 1.0876 -1.1788 0.56341
-0.327349 -1.01011 1.73546 -0.653267
3.23089 5.11822 -5.13683 2.67622
-2.80824 -1.78053 -0.032424 -2.70488
-0.577641 -1.71599 1.89643 -0.58136
-0.521537 -0.940676 1.49675 -0.591861
-1.04338 -0.185721 0.304583 -1.2088
0.968632 0.450984 -0.55184 1.33447
-0.409382 -0.951122 0.951122 -0.409382
-0.31877 -1.12401 1.02037 -0.212019
1.97549 1.3053 0.20398 2.55788
-0.980618 0.444847 -0.559411 -1.24956
1.19188 -0.091302 0.827609 1.84008
0.622477 5.20743 -5.14507 -2.36528
-0.035184 -1.04302 1.23012 -0.04406
-1.84884 0.589072 -0.786908 -1.79904
-1.0733 -1.80192 1.40336 -0.382345
-0.591311 -0.906662 1.24949 -0.534164
0.966611 1.68398 -1.94876 1.09632
-0.912665 -1.64602 1.40795 -0.474939
-0.865801 -1.4139 0.982369 -0.5633
-1.16838 -2.17604 1.39723 -0.499451
-1.89461 -3.24217 2.05013 0.089379
-1.40078 -1.2894 0.848764 -1.10276
-4.48253 0.917152 -2.36869 -6.28613
1.11339 -0.640532 0.586458 1.09175
0.392324 1.01641 -2.42265 0.92858
-1.35641 0.421483 -1.19675 -2.13478
-0.986364 0.432541 -0.750002 -1.27783
-1.31406 -0.087736 -0.326125 -1.60668
2.65541 1.1035 -0.073951 2.96453
0.616036 0.955624 -1.02293 0.806007
0.485481 1.50928 -1.14033 0.047833
0.947735 1.93459 -1.56587 2.21586
-1.8439 0.873373 -1.16257 -2.00523
-0.785397 -1.21876 1.38152 -0.475494
1.13046 -0.328534 0.619831 1.16294
1.14302 -0.45743 0.292105 1.18797
3.36289 -13.9843 11.0067 2.7082
0.615875 -1.4404 1.21237 0.532442
-2.17159 0.378272 -0.801889 -1.69768
0.83675 1.80277 -1.62461 0.756781
-1.19824 1.85097 -1.8172 -0.520724
0.61182 -0.912803 1.23082 1.08758
-1.9436 1.68743 -2.14603 -3.26929
-1.06421 1.02632 -1.75218 -2.21039
-1.16653 -1.99995 1.83426 -1.14653
-1.3664 -0.270604 0.550165 -1.82336
7.93744 13.6493 -11.7513 6.61817
0.473211 0.969846 -1.02659 0.393114
0.380034 -2.58053 2.13632 0.903956
1.11899 -0.288585 -0.166452 2.02385
0.678907 1.91605 -2.05296 0.93307
-1.23772 -0.317362 -0.110271 -1.78982
1.02899 0.517022 -0.495855 1.03178
-1.1967 -2.07766 1.81431 -0.61961
-0.859796 0.974954 -1.14903 -1.15305
0.679236 2.00822 -1.40682 0.187366
0.468454 1.29314 -1.23542 0.345274
-0.825081 0.761997 -1.09584 -1.08354
7.192 -2.92279 3.36395 7.33458
0.601334 1.1761 -1.02808 0.354243
0.696103 1.20124 -1.17968 1.31612
-1.61952 1.08369 -1.22909 -1.39521
5.69551 -6.00794 6.42122 7.06084
3.11299 -4.60427 6.29555 4.16701
1.5497 3.27189 -4.70892 2.17877
0.821995 -20.6516 21.8604 2.56512
0.301631 1.0595 -1.01962 0.326126
-0.658426 -1.13386 1.49391 -0.730473
1.5058 0.349653 0.285375 1.47951
-4.75234 -1.01627 -0.193871 -5.35795
6.87273 0.917075 5.84882 12.8019
-1.11633 -3.07122 4.00573 -2.26299
0.97572 2.43289 -1.36902 0.674085
0.435247 1.01052 -1.01968 0.385729
-1.05888 -0.095119 0.231675 -1.16145
-8.68288 2.2859 -3.2657 -5.63342
1.0376 0.228153 -0.33616 1.33997
3.41706 0.99792 -0.945221 3.3711
-0.949791 0.491291 -0.74643 -1.3035
-0.808408 0.686451 -0.68906 -0.911269
0.934348 -1.41991 1.68894 1.89029
1.02013 0.315472 -0.547575 2.5994
1.65262 0.403152 0.053328 1.7462
0.577229 1.01435 -2.39072 1.1587
0.21925 -1.11154 1.56884 0.333261
0.712049 1.8802 -2.17163 0.81269
-0.981892 -2.25241 2.22722 -0.932416
1.0634 0.130398 -0.250156 1.46803
-1.09793 0.299037 -0.581831 -1.50491
1.96545 -0.801938 0.669256 1.68318
0.325317 -1.91796 2.02548 0.586334
-1.75656 0.14187 0.079789 -1.36787
-0.493537 -0.995124 1.19393 -0.378187
-1.87055 0.814051 -1.05659 -2.2051
-6.58206 -0.915914 2.29337 -6.1477
0.984853 -0.457958 0.713288 1.44534
-0.500152 -1.0087 1.32171 -0.472101
-1.06646 -1.89153 1.24653 -0.570486
-0.444869 -1.14917 1.54302 -0.435692
-1.08161 -0.251173 0.249175 -1.20442
0.462047 1.02409 -1.13155 0.435486
0.501486 0.947312 -1.46014 0.570154
0.974863 -0.503788 0.503788 0.974863
0.61474 -1.27622 1.04807 0.560368
1.38215 0.724743 0.060553 1.54043
-1.34357 0.606527 -1.10091 -2.16845
0.753612 -0.800374 1.01461 0.70251
-1.07559 -1.98261 2.48419 -1.24784
-1.99665 -5.42006 5.74382 -3.02369
-0.517015 -1.16489 1.07677 -0.653626
-0.413346 -1.58367 1.76514 -1.11737
1.01134 -0.495539 0.620026 0.974211
-1.26039 -0.001649 0.192957 -1.48426
1.10514 0.019142 -0.400896 1.8683
1.0502 -0.147571 0.114184 1.20445
-7.19099 -0.325037 -0.213406 -5.17777
-1.10888 -2.4563 1.97606 0.669589
0.904373 -0.710673 1.02805 1.24075
-2.16814 -0.330035 -0.08654 -2.71428
0.870576 1.1865 -0.975445 0.733865
-1.0606 -0.458284 0.29757 -1.3157
1.11843 -0.574428 0.698147 1.21689
2.56394 1.01379 1.60655 3.06494
0.377 -1.93672 1.98719 0.603505
-0.830453 0.664708 -1.07546 -1.34698
-1.2368 -2.55684 1.82348 -0.742176
0.607465 1.50452 -1.84305 0.244435
1.16111 -3.12107 4.39594 0.19902
-5.95971 -14.5307 12.8677 -4.35438
0.631124 0.841872 -1.0554 0.695572
-1.35281 0.12496 -0.078532 -1.56723
-1.01258 -1.96358 1.86406 -1.00483
9.72063 2.50293 -9.12966 4.73071
1.08493 -0.189639 0.389833 1.2554
1.16008 -0.355461 0.686594 1.17121
0.226376 -1.08639 2.9157 0.479588
0.387191 1.14529 -1.11441 0.55571
-0.682392 -0.851098 1.3826 -1.061
4.3436 4.55263 -7.79141 3.23531
0.696099 1.73771 -1.27686 0.548759
1.60882 -1.15459 2.77982 3.60179
0.530555 1.28095 -1.45736 0.469231
-0.742541 -1.06949 1.9024 -1.09411
-1.37659 -0.305777 -0.095035 -1.78637
1.1873 2.22799 -1.56185 0.49059
-1.51701 0.000895 -0.169983 -1.31704
-1.31669 4.34572 -4.6278 -2.44656
0.916804 0.572433 -0.508398 1.21247
-1.06023 -0.129798 0.474157 -2.21963
3.37599 -4.14445 9.47058 6.56726
3.09117 -1.01913 1.45423 3.27518
1.06231 -0.521351 0.653899 1.09841
-1.07293 -0.022875 0.249187 -1.49551
-1.12932 -0.351101 0.251322 -1.41387
-2.27556 -7.81257 5.48583 -2.30564
-1.15335 -0.122937 -0.177249 -1.27778
0.902523 -0.541791 1.10151 1.62091
-0.700758 -1.31828 1.16452 -0.549018
1.04199 -0.295064 0.601692 1.41168
1.36671 -0.264197 0.888569 1.29106
-3.83768 -5.20823 7.14968 -4.0889
-0.945734 0.505049 -0.66024 -1.10756
-0.27288 1.19861 -1.07588 -0.277576
6.9649 -17.546 10.2401 13.0085
0.244761 2.05041 -2.77259 0.767241
1.13258 0.084984 -0.96681 4.36455
0.467459 0.97098 -1.00976 0.486426
1.27993 0.806402 -0.38892 1.09044
-0.410399 -0.983233 1.82146 -0.606223
-1.16965 0.149661 -0.678529 -1.74776
-1.23496 -0.110101 -0.344339 -1.39704
1.0518 -0.687155 0.989017 1.55714
0.416812 0.983945 -0.96533 0.393433
0.548124 1.01737 -1.63212 0.526939
1.05731 2.73677 -2.69202 1.18456
1.35368 -0.847733 0.573463 1.16781
-1.5785 -2.03999 2.38244 -0.290702
-1.16132 1.59427 -2.06665 -1.43623
5.11839 8.49261 -7.55016 3.22111
-1.03502 0.26139 -0.635809 -1.40163
1.00228 1.84912 -1.13399 0.700915
0.260188 -1.33219 2.17131 1.9326
-0.666692 -0.901193 1.78985 -1.04282
-5.7202 0.257649 0.053838 -6.1515
0.331712 1.21706 -1.97488 0.559717
8.76772 -2.92565 5.13632 8.95313
-0.863632 -0.741171 0.946867 -1.76085
1.00763 2.17972 -1.52227 0.671803
-1.03421 0.922013 -1.33 -1.64795
-0.223255 1.09276 -1.03565 -0.240696
0.77016 0.878701 -0.84646 1.30596
-0.674922 -1.13107 1.76965 -0.819447
0.92774 1.92332 -1.36254 0.476573
-0.883784 -3.17497 2.82581 -1.09253
-1.29871 -0.781058 0.689039 -1.05954
-1.08886 -1.92155 1.4374 -0.463007
6.14645 -5.13171 6.59222 7.82329
0.502889 -0.969272 1.07151 0.411922
-0.424204 1.12213 -1.1298 -0.176542
1.06193 0.101663 -0.354804 1.83949
-0.229835 -1.29779 1.1263 -0.031806
-0.556449 -0.93716 1.47001 -0.639754
-3.4286 2.87862 -4.06363 -7.23002
6.43715 14.7757 -26.0133 11.7762
-1.39932 0.053757 -0.557543 -1.87791
-1.48399 -2.77194 1.48933 -1.21089
0.4566 1.00863 -0.986336 0.441253
0.527139 1.08477 -1.30566 0.527979
-0.974927 -2.18527 1.56897 -0.517331
1.68495 0.094067 0.642385 1.97431
-1.22221 0.470521 -0.463078 -1.11937
-1.32728 -0.476829 -0.064122 -1.27242
0.73566 1.61019 -1.21015 0.639515
2.10002 -0.140932 1.27603 2.53437
-1.59285 -0.224511 0.129183 -1.30498
0.934517 -0.515899 0.536559 1.03269
-1.68054 -2.17031 1.39486 -0.72184
1.23503 1.41086 -2.2025 0.700754
-1.10333 0.389872 -0.735283 -1.25519
-0.290525 -1.23845 1.33796 0.145907
0.932013 -0.760826 1.22688 1.43217
8.67847 19.2936 -14.5336 4.98445
-1.03481 -2.52224 2.77427 -1.9202
-3.11964 -1.18978 -1.938 -3.96999
-1.08811 0.208941 -0.673353 -1.53757
4.58456 -2.27451 7.60784 1.65997
1.0699 0.095394 -0.177535 1.13899
-1.26152 -0.750658 0.358163 -1.27943
-0.832171 -0.846426 1.1498 -0.841401
0.553001 1.18166 -1.3518 0.611183
0.741186 1.7984 -1.31342 0.410685
-0.7384 0.783382 -1.03454 -1.25507
0.292807 0.992836 -1.41662 0.523623
2.04276 0.849326 -0.724638 0.89691
0.865927 -0.640098 1.03695 1.12558
0.79457 1.28357 -1.47167 0.774485
1.03882 -0.308934 0.675941 1.4781
-0.688847 -0.885343 1.22251 -0.6938
-4.71813 -8.85408 8.7312 -3.97604
-0.257064 -1.22748 1.67423 -0.527591
0.646593 1.44838 -1.40969 0.378255
-1.06214 -0.890508 1.28861 -0.612784
1.12626 2.27065 -1.66158 0.834154
-15.4759 6.70004 -15.3111 -35.0304
-1.427 -0.305937 0.235252 -1.26514
-1.22989 -0.333442 0.480868 -1.08008
1.83996 -1.05031 1.05574 1.93963
-0.721935 -2.13049 1.70331 -1.03916
3.03528 0.081537 -0.197123 3.40452
0.389125 1.66758 -1.33585 -0.230959
1.99499 3.30751 -10.4064 5.30057
0.409514 0.971207 -1.66679 0.627802
0.035164 -1.21983 1.44216 0.507784
3.52732 2.49242 -0.315477 3.22241
1.02791 0.186621 -0.319162 1.42253
0.045747 1.15731 -1.22433 -0.176957
1.27873 0.242816 1.58568 3.42004
5.46823 3.11614 0.975569 6.26961
0.782461 0.945863 -1.39558 0.613358
0.905002 1.83533 -2.4413 0.95093
1.07289 0.139887 -0.281091 1.28747
-0.410757 1.382 -1.67399 -1.2131
1.49887 -0.803523 1.27791 2.65436
4.23219 6.58387 -11.8344 5.11071
-0.295196 -0.989878 1.7213 -0.551625
0.668564 -1.57527 1.45564 1.7009
0.485654 1.01003 -1.34794 0.572594
1.09278 -0.301142 0.738038 1.30379
-2.23846 -4.08925 2.18851 -0.827288
2.95731 1.94215 -0.401125 2.78083
1.70004 2.53642 -4.46801 2.33414
-1.17971 -2.43344 1.54077 -0.707337
-0.38185 -0.998085 1.49695 -0.562425
-1.29293 0.023506 0.221298 -1.2153
1.53986 0.906056 0.327836 1.9624
-0.570945 0.959636 -1.15642 -0.459395
0.711213 1.26983 -1.46509 0.64217
-0.768532 -1.2783 1.12168 -0.626495
-1.31767 -0.431266 -0.051237 -1.26672
-2.46453 1.4628 -1.22462 -2.44292
0.911421 -0.560508 1.20859 1.87815
0.927944 2.13833 -1.58155 0.649329
-1.24935 0.273683 -0.373257 -1.07597
-0.64822 -1.36146 1.70503 -0.831349
2.2415 2.28406 -2.33186 1.55796
0.747495 1.83325 -1.4623 0.322013
-0.982446 0.393486 -0.461219 -1.29477
0.472016 1.24674 -1.2852 0.026039
-1.5746 -0.468433 0.031846 -2.05301
-0.959866 -2.18445 2.99301 -1.3075
0.786425 1.7484 -1.25616 0.496554
0.587463 1.27307 -1.28025 0.504503
1.00998 0.348352 -0.494665 1.21756
0.655211 1.25754 -1.13199 0.366815
1.00251 -0.491843 0.491843 1.00251
5.13364 -3.9567 4.87397 6.04277
0.683151 -2.64266 2.67183 0.851663
0.588605 -0.958592 1.16735 0.592264
1.44641 -1.9613 3.3898 1.38328
1.51539 -5.46007 5.60423 2.5146
-0.232914 1.11841 -1.52159 -0.737028
1.0512 0.320562 -0.424315 2.30632
-2.05567 -0.221753 0.099251 -2.48207
-0.389893 -1.45587 1.4118 0.15582
-0.43967 -0.963586 3.76365 -1.54203
-2.7906 -2.20599 -0.071431 -2.37767
2.09906 3.36658 -7.3615 3.70595
1.03066 -0.441271 0.956656 1.52281
-0.091856 1.47344 -1.47493 -0.804341
1.57146 0.173413 -0.649197 1.27684
-0.530755 -2.03658 1.60686 -0.04463
-1.09928 0.169097 0.104265 -1.47813
-1.52377 -3.8987 4.71664 -2.56735
0.979262 -0.58635 0.455866 1.07192
0.877341 -0.684597 0.764896 1.21117
1.01503 -0.561915 0.53898 0.927951
-0.034571 -1.81545 1.80379 1.0793
-2.60746 0.396406 -1.76382 -3.72496
0.994901 -0.476687 0.476687 0.994901
1.08782 0.256678 -0.256678 1.08782
1.05241 -0.517891 0.427019 1.27378
0.9654 2.27058 -2.67644 1.36137
4.18794 -1.30054 3.18443 7.9775
-9.57573 5.42106 -7.85949 -10.3763
-0.49608 -1.20117 1.13502 -0.203807
1.14796 1.85326 -1.64996 0.618526
3.81492 -5.60416 8.45597 2.35672
1.79758 4.46214 -2.84709 0.171043
1.71109 0.245415 -0.197079 1.67399
0.001137 1.10018 -1.18098 0.112724
-0.80402 -1.82128 1.96345 -1.35839
-0.646222 -1.35978 1.05785 -0.322386
-1.31708 0.869654 -1.30143 -0.641189
1.11377 -1.03423 0.712868 1.46094
0.254721 -1.37343 1.37343 0.254721
1.07471 -0.003727 -0.141035 1.16533
-1.06315 0.910111 -1.19182 -2.07411
-0.450879 -0.977564 1.19922 -0.439016
-1.13604 0.535719 -0.810969 -1.43432
-1.50305 -0.343341 -0.105995 -1.68878
-0.477457 -1.01196 1.08426 -0.444891
0.80798 1.76893 -1.11196 0.776748
1.45562 -1.68819 1.45492 1.833
1.30374 -0.065284 0.66945 1.53661
1.21356 -0.017359 0.541349 1.35872
2.74912 -0.022113 -0.402807 2.97913
-0.331597 1.03813 -1.52189 -0.262547
0.108233 1.45009 -1.37574 0.604895
1.26509 0.246049 0.156694 1.2697
-7.26032 3.12665 -6.3339 -14.1994
-0.232673 -1.10061 1.14811 -0.077898
-1.06225 -0.259701 0.323928 -1.06764
2.44007 0.633669 -0.910105 1.99524
-1.28815 -0.831178 0.4569 -1.30854
-2.04914 2.73493 -2.43017 -2.13631
-0.553948 -0.981221 1.07116 -0.497819
1.05447 1.23315 -1.14814 0.922283
0.651271 1.51445 -0.922819 0.648128
-1.51408 -0.165825 -0.670421 -2.12786
1.16016 -0.495555 0.163227 1.42309
-0.126245 -1.23429 1.18053 -0.524557
2.77031 -2.75937 4.79487 3.333
0.911838 -0.624926 0.515765 0.968239
-0.556472 -1.29909 1.50066 -0.704878
-1.14309 -2.33556 1.50772 -0.687834
-0.27731 1.28287 -1.99835 0.484838
-0.458094 1.50451 -1.7674 -2.26967
1.00636 -0.439655 0.894513 1.16119
-0.59159 -1.49963 1.54258 0.017325
-0.447927 -1.02715 2.63847 -1.07996
-1.00463 0.371313 -0.406728 -1.53728
1.07441 0.227694 -0.227694 1.07441
1.16872 -0.360155 0.708189 1.15134
-1.13738 -0.396453 0.042617 -1.31863
1.06644 -0.216753 0.915945 1.91403
-0.351006 -1.24052 1.72316 -0.793314
-0.400416 -0.993209 1.22507 -0.532776
-1.60621 0.931648 -0.997018 -1.39629
-0.90972 -2.32803 2.22737 -1.0616
-1.81099 -1.06416 -0.039996 -1.86207
-2.37226 -5.74638 10.8984 -4.95257
-0.254565 1.18176 -1.84879 0.402979
1.12519 -0.399107 0.24452 1.13871
0.141515 -1.05531 1.21408 0.239352
-2.19691 -1.42688 2.63089 -1.83485
0.228074 1.23573 -2.41844 1.02565
2.95071 3.2174 -3.0394 3.19815
-0.467835 1.01345 -1.22078 -0.492536
-0.972125 -1.67542 1.44453 -0.526967
-0.953072 -0.886071 1.41413 -0.939167
-0.283161 1.58148 -1.95663 0.364446
-5.22718 1.07257 -3.15869 -8.18179
-0.497193 -0.91407 0.995425 -0.580005
1.9831 0.3206 -0.386698 2.20763
-1.0083 0.346304 -0.404798 -1.32014
1.45575 -0.743349 0.822001 1.7726
-1.04303 0.589522 -0.770759 -1.03925
0.180793 -1.10445 1.10445 0.180793
-0.302456 -1.02842 1.8535 -0.709057
0.171173 1.8098 -1.82523 0.946047
-0.654803 0.86205 -0.877878 -0.733413
0.754643 2.8048 -2.58486 0.378294
-1.05599 -0.823184 1.34594 -1.67308
-1.03199 -0.77237 0.808666 -1.1024
1.35434 0.172872 0.959382 2.00882
0.603029 0.961242 -1.02643 0.434838
1.04961 -0.379749 0.61409 1.15926
1.02553 2.014 -1.66225 0.516739
-0.034289 -1.1303 1.14549 -0.177798
-1.61545 -2.43263 1.3166 -0.884665
-1.34396 0.756388 -0.915503 -1.20889
-0.967489 -0.573091 0.477997 -0.963789
0.988344 1.9893 -1.72064 0.987216
3.12648 0.453498 2.94797 6.44365
1.07011 4.43572 -5.74687 2.23041
-1.02872 -0.299017 0.301033 -1.7569
0.261086 3.17346 -2.91738 1.03129
-0.838494 -1.11446 1.61637 -0.690972
-1.28424 -2.01497 6.03656 -3.08893
-0.840947 0.659211 -0.933351 -1.30286
-1.42673 0.378355 -0.572953 -1.51852
0.972563 -0.450483 0.716507 1.31816
-0.360711 1.08556 -1.18177 -0.241856
-1.04987 -0.097776 0.275877 -1.40828
-0.992381 0.478885 -0.702831 -1.12195
-0.941627 0.87034 -0.777964 -2.01515
1.9868 -0.381473 0.761662 2.30035
1.08713 0.137938 -0.317021 1.25429
1.26697 -0.083041 0.478971 1.19725
0.975351 -0.563538 0.915735 1.13
0.697726 0.926537 -1.38632 0.614708
-3.16445 -6.45019 9.4265 -4.6537
2.66236 2.54069 -1.13792 2.66093
0.518628 1.10983 -0.976004 0.539442
1.03508 2.23123 -1.20264 0.676418
1.13199 1.04528 -0.161415 2.24074
-4.97763 2.48801 -8.57889 -19.4126
-0.721935 -1.52875 1.52636 -0.444228
0.589239 1.19798 -1.11921 0.388864
-1.43654 -0.081856 -0.050265 -1.62005
-1.27872 -1.73912 1.74311 -0.945763
0.800713 1.05624 -1.50966 0.763327
-1.01061 -1.61599 1.69434 -0.759773
-0.850368 0.662781 -1.07784 -1.60613
0.808325 1.67634 -1.27093 0.441481
6.78001 1.73303 -1.82887 5.08961
-0.047186 1.27698 -2.79858 -0.479907
-1.50455 1.03797 -0.612819 -0.941841
-0.007583 1.11226 -1.17767 0.101279
0.504733 1.16969 -1.96419 0.710256
-0.429543 -1.42654 1.14768 -0.040684
1.48125 0.295914 0.090925 1.72496
1.09052 0.026927 -0.151346 1.16674
-1.09913 -2.37396 1.43877 -0.953713
0.848128 0.641837 -0.641837 0.848128
0.455681 -0.996433 1.22806 0.424381
-0.995987 1.02596 -0.924679 -2.12455
-0.50244 -1.16261 1.09295 -0.746742
-2.18198 0.783997 -0.429172 -2.24885
1.9198 3.76937 -5.65909 2.6953
0.899523 -0.570934 1.08094 1.57043
-1.02172 -0.276633 0.424595 -1.37547
3.90982 -4.08696 4.14589 5.78049
1.06473 0.062095 -0.269383 1.42985
-0.559587 -1.02228 1.11102 -0.369195
0.480111 -1.22744 1.22186 1.02463
-1.38233 0.931247 -2.48003 -1.96245
-1.04986 -0.073963 0.237183 -1.43281
-1.09249 0.672057 -0.808466 -1.26
0.605944 -1.34408 1.25013 1.75816
-0.366787 1.23776 -1.09646 -0.230173
0.725322 -1.29025 1.29472 1.18251
-0.689052 -2.5233 3.33328 -1.65199
0.442251 1.12714 -1.19858 0.522748
-0.942241 0.643372 -0.813802 -1.53865
-0.652951 -1.6452 2.47121 -0.97788
-0.671035 -1.51808 1.65868 -0.818654
5.07511 -1.38067 3.34745 8.57348
0.918317 0.725956 -1.11106 4.32382
0.427497 1.00877 -0.99909 0.437763
-2.61802 -1.32393 -0.058359 -2.80388
-0.981952 0.614766 -0.996935 -1.11819
0.068766 -1.10124 1.2395 0.254488
5.8776 -2.7459 2.53414 5.3855
1.01437 -0.439681 0.612198 1.34478
-1.1859 1.96587 -1.92766 -1.60859
1.15491 0.168864 -0.505504 1.23713
-1.30107 -0.297941 -0.175059 -1.57089
3.95878 -3.61783 4.97543 7.95446
1.85713 -0.050791 -0.189523 1.95327
-1.5274 0.42708 -1.1163 -2.24919
-1.2377 -0.39498 -0.064168 -1.46166
6.32393 9.29351 -9.88196 5.85124
1.25998 -0.194719 -0.030867 1.45792
3.99794 -1.53141 1.34755 2.36184
1.07006 0.112584 -0.277581 1.29633
0.089991 5.45136 -5.88566 0.474713
-2.52314 -4.37585 4.98215 -2.08521
-1.14031 -0.081468 -0.237277 -1.76015
-0.057073 1.12987 -1.31932 0.033952
4.55024 3.2327 0.322962 4.5521
-0.967744 0.954786 -0.836294 -0.929813
0.896044 0.601243 -0.565253 0.943697
-1.14944 0.311995 -0.830485 -1.53029
0.956779 -0.544807 0.555962 0.949136
-0.947468 -1.4777 1.42577 -0.685099
0.125064 1.05144 -1.26568 0.129985
-2.4351 0.9706 -0.468952 -2.7253
-1.14255 -0.50696 0.159619 -1.22258
2.50309 -0.454861 0.442058 1.97242
-0.724411 -1.19364 1.79079 -0.667237
0.601311 0.931333 -1.11678 0.521961
-0.104906 -2.46037 2.18108 -2.07173
0.528444 0.989057 -1.2309 1.06584
-0.95814 -0.616226 0.650293 -0.885955
0.560531 1.06952 -1.03352 0.391458
0.637083 -1.11074 1.3792 1.09716
0.78907 2.46346 -2.6272 0.630984
0.580873 0.965859 -1.75818 0.723841
0.980885 -0.841316 0.931281 1.46591
-1.38396 -3.34614 4.76027 -2.06293
0.621422 -2.4648 2.55534 0.821116
3.78632 8.66268 -8.0794 4.46675
0.050252 -1.0655 1.352 0.190983
-1.26452 0.326476 -0.499791 -1.38562
-0.972993 -2.04013 1.1752 -0.858638
-1.01277 -0.285196 1.01017 -4.12903
4.56778 -3.0719 4.49548 8.14852
3.31456 -1.13245 0.990739 1.54002
0.124646 1.39866 -1.23473 -0.035539
4.50198 2.0416 -8.26971 4.31065
-0.977446 -2.08022 1.84924 -0.615194
0.552913 -1.05966 1.30584 1.14728
-0.546935 -1.07949 0.957856 -0.793395
-1.2236 -2.38012 1.63099 -0.650802
-0.625427 -1.13489 1.15562 -0.466186
-0.363039 -0.992102 1.15091 -0.553238
-1.07142 -0.112796 0.354458 -1.71544
-2.57638 1.24931 -1.13683 -1.74712
-1.41874 -2.38427 1.39304 -0.680682
-1.01776 -0.301081 1.34507 -4.94602
-0.977964 0.497834 -0.801455 -1.90353
0.9678 -0.495339 0.495339 0.9678
0.559587 0.915691 -1.4742 0.636067
-0.965675 0.494434 -0.544658 -0.962015
0.544616 1.64267 -1.35389 0.27266
1.20211 -0.080633 0.011426 1.07006
-0.615947 -2.25738 2.35876 -0.857303
0.550374 0.968047 -1.85826 0.755181
-0.140586 -1.2634 1.34457 0.289954
1.26908 -0.002238 0.570398 1.6835
0.774868 1.84921 -2.12701 0.798507
1.03922 0.113602 -0.298541 1.47826
-2.01944 1.19151 -1.08607 -1.71035
-0.580285 -0.933246 1.17698 -0.666918
2.43979 5.57104 -4.88778 2.57188
1.14777 -0.51432 0.761344 1.24787
0.269287 -1.14691 1.09739 0.292411
1.03417 0.243644 -0.549688 2.39627
-0.725657 -1.36038 0.924721 -0.772936
0.904794 -0.736882 1.19984 1.01604
0.944143 1.39891 -1.62728 0.725242
0.335634 1.00143 -1.05491 0.309982
-0.631163 -1.04287 1.14415 -0.399084
1.43778 0.082434 -0.099363 1.03944
1.11752 -0.531032 0.691205 1.10603
3.7472 -3.33152 5.74863 10.8154
0.696856 -1.1307 1.07075 0.825648
-1.13268 -0.442907 0.196032 -1.22029
0.965662 0.430741 -0.530365 1.28322
-2.31965 -0.176678 -0.186227 -2.53337
-1.077 0.337233 -0.61712 -1.21141
4.01074 8.30373 -4.56903 2.54143
2.0078 -1.85213 2.53587 2.05274
-0.51316 -1.28686 1.57534 -0.355561
-14.3354 -13.8661 10.0854 -19.7667
0.634824 0.954946 -0.983217 0.509975
1.07077 -0.329124 0.617683 1.17696
-3.26657 -1.47794 -0.591541 -3.20624
-0.749636 -1.40304 1.49764 -0.641689
1.74685 1.80273 -3.18563 2.08631
-0.827695 -3.16439 3.01325 -1.42313
1.37403 -0.525209 0.809387 1.32222
-1.00139 0.504831 -0.707629 -1.24199
-0.051022 1.05797 -1.21308 -0.097791
-8.4945 0.943885 -3.01326 -9.30846
-1.65589 -0.724667 1.54202 -0.839362
-0.940414 -0.864523 1.56996 -1.00097
-1.08221 -0.122229 0.215048 -1.10274
0.909018 2.20184 -1.89718 0.418208
2.32666 4.25687 -6.17751 3.20986
-0.44702 -1.1937 1.62589 -0.386922
0.734822 1.72418 -1.51344 0.127872
-1.15357 -0.01624 0.045948 -1.26513
1.0071 0.438757 -0.615118 1.24875
-8.40933 5.20218 -7.24387 -9.1925
-1.35104 -2.03014 1.63565 -0.740957
0.517494 0.984224 -1.41576 0.614755
-1.48777 0.095525 0.469097 -1.28426
-1.03958 0.818809 -1.48592 -1.4607
1.03848 -0.858085 2.71369 1.80129
0.786865 -1.59663 3.16715 5.79014
1.7437 -0.113737 0.716657 1.24338
0.484064 1.37191 -1.67264 0.812463
-1.07788 0.162679 -0.649232 -1.86872
1.47168 0.177941 0.451277 1.32755
-1.35779 0.583394 -0.826273 -1.28022
-4.99715 -3.78631 0.236033 -5.47791
3.07726 7.18522 -8.28518 3.41668
-0.566951 1.13089 -1.25516 -0.3358
1.75506 4.55703 -9.49764 4.15082
2.17866 4.91784 -8.59666 3.67057
1.06651 0.080649 -0.440448 2.23792
-1.76051 -3.14144 1.77693 -0.779965
-1.46582 -0.09566 -0.354642 -1.84221
-0.961145 -0.866381 0.871167 -0.92096
-0.340177 -0.993216 3.15511 -1.27812
0.667128 0.865335 -0.861172 0.662934
0.72201 -1.06709 1.38044 1.23561
-1.73463 -3.80289 5.42333 -2.87572
-0.859989 -3.14013 3.29027 -1.26654
-1.08937 -0.011462 0.446831 -2.30438
16.9667 -11.0587 28.3198 23.6225
1.5928 -6.61065 10.1608 1.64131
2.274 -1.32463 0.870039 2.46163
-0.828863 0.675405 -0.741235 -0.976353
0.914714 2.11744 -1.53248 0.700341
1.05618 0.165355 -0.33501 1.4813
1.31288 -0.4637 0.548905 1.47905
-0.014208 -1.84673 1.81138 1.09056
-0.736345 -2.50224 1.84399 -0.964352
1.11621 -0.552106 0.020823 2.16295
-1.39941 0.366038 -0.471692 -1.73573
-0.510674 -0.962276 1.17352 -0.573591
0.312389 1.42874 -1.18402 -0.110125
-1.04096 -2.09663 1.53906 -0.627431
-0.918218 0.979477 -1.17182 -1.55568
0.853809 -0.921716 1.06181 1.43931
1.36825 -0.738621 0.845508 1.26816
2.44384 -3.15987 4.24228 2.40334
-1.80045 -3.34601 3.47306 -0.806303
0.792829 1.96426 -1.69773 0.460106
0.918733 -3.55669 4.84438 1.12086
-1.54598 -0.290971 -0.395764 -2.28878
-1.12726 -0.101962 -0.135689 -1.21849
0.980902 -0.495061 0.609675 1.11527
-2.1917 0.204765 -1.03929 -2.66295
4.3909 -1.08466 3.07018 7.7335
-1.92911 -4.18519 15.1073 -5.68367
0.95755 -0.486994 0.546313 1.15255
7.25624 -6.5418 8.23524 9.16286
1.06758 2.51011 -1.74203 0.631371
-1.14331 -0.354217 -0.057131 -1.39364
1.35168 -0.689781 0.936953 1.12851
-1.73233 0.332072 -1.34735 -2.39068
-0.613412 -0.97634 1.55777 -0.745614
-1.15128 -1.39613 1.5179 -1.20104
-1.11737 0.107892 0.068663 -1.21154
0.905002 0.647448 -0.552376 0.938304
-0.85514 -1.20207 1.64546 -0.645033
-1.24214 -2.84981 2.93466 -2.03058
0.360562 1.47732 -1.33974 0.157639
-0.049871 1.35337 -1.1433 -0.425027
-1.33722 0.99799 -1.19789 -2.1648
0.628676 0.893882 -1.44696 0.697346
0.568137 0.907326 -1.98798 0.816825
28.7712 0.347886 4.92073 23.1952
-0.442417 -0.971742 1.19923 -0.419784
0.155696 -1.1398 1.1398 0.155696
1.07706 -0.122622 0.007429 1.17938
0.791189 1.52049 -4.99169 2.36313
3.7615 -5.74444 8.12354 2.17806
0.489914 -2.07304 2.55778 0.291632
0.8491 -0.961461 1.31964 1.08089
-2.11106 -3.82618 5.17076 -2.50953
0.882471 -0.584216 1.17034 1.56493
-2.15285 -3.61071 3.29949 -1.65284
-0.962212 0.421362 -0.421362 -0.962212
1.28866 -0.518374 1.10161 2.04884
1.23325 -0.556076 0.088301 1.45171
1.2825 -0.740915 0.676991 1.33319
-1.21601 0.140555 -0.598711 -1.39277
1.61281 -5.97505 5.96583 3.57602
3.37276 -0.737865 1.39013 3.76365
1.11653 -0.657752 0.54676 1.27897
0.841502 -0.652383 1.17612 1.76735
1.019 -0.456111 0.61727 1.36857
-1.03818 0.635891 -1.32886 -1.27543
1.11569 -0.285517 0.931733 1.80038
-1.14547 0.31814 -0.481003 -1.67547
0.25491 2.39025 -2.26519 0.902456
-0.651579 -1.08403 1.05986 -0.511591
0.918394 2.2891 -1.58789 0.655128
-2.11674 -1.31961 2.06995 -3.41601
-1.13222 -0.149871 0.004243 -1.10558
-0.3086 -1.03449 1.74226 -0.740043
1.1052 -0.272492 0.782177 1.66437
0.573894 4.96244 -5.22476 0.70466
-4.31339 -9.10747 18.7886 -9.31771
-0.767348 -1.15876 0.869572 -0.703207
-1.08271 -0.008292 0.13802 -1.39556
-3.72034 -5.18116 8.4493 -4.35887
-0.179395 1.11101 -1.04497 -0.255466
0.475178 1.26333 -1.04007 0.25097
-1.09816 0.382492 -0.852729 -1.66173
-1.38373 0.109744 -0.613009 -1.97445
-1.37985 0.510733 -0.019856 -1.48587
0.776793 -1.29433 1.3554 1.58902
0.938597 0.642152 -0.593364 0.932957
1.18235 1.8102 -1.21067 0.934261
0.093072 1.20668 -1.63834 0.426194
-1.18744 -2.43113 1.4488 -0.702817
1.24553 -0.523208 0.649987 1.38978
1.03191 1.99677 -2.10122 0.843517
-0.701519 -1.1928 1.17336 -0.582611
0.96833 1.29212 -1.44347 0.870743
17.8489 -10.4768 28.5365 24.511
0.765451 1.90727 -2.03569 0.941928
0.986949 -0.40303 0.776964 1.4218
1.67324 0.035662 -0.409224 1.58871
0.684838 -1.14365 1.4698 1.19309
0.523448 1.84664 -1.54063 0.08933
1.06044 -0.797997 0.797997 1.06044
1.36835 -0.111451 0.586445 1.83496
-0.184657 -1.34901 1.5511 -0.856968
0.240775 -3.25697 2.95071 1.45647
-0.62061 -0.864117 1.12246 -0.656598
-9.33805 1.16261 -3.04544 -9.87435
-0.760189 0.792103 -0.886513 -0.725326
0.667212 1.17754 -0.986682 0.908704
-4.35702 1.29165 -2.69224 -6.33199
2.04327 -0.973381 1.08486 1.66807
0.331322 -0.99333 2.0542 0.423551
0.452059 -0.939497 0.939497 0.452059
-0.01191 -1.24421 1.54803 0.611911
-0.532344 -1.02882 1.3633 -0.557895
-1.06034 0.563529 -0.765089 -1.19255
-1.70874 -0.566825 0.379768 -1.29044
-1.10173 0.439549 -0.490319 -1.00867
0.797569 1.94952 -1.65202 0.62937
0.906398 -1.10304 2.43509 1.52003
-0.585851 0.932499 -1.99657 -0.54456
-10.6964 -4.69016 4.20589 -9.57162
4.60376 0.867851 -2.57046 1.29693
-0.366335 0.998145 -1.06 -0.308142
-0.320185 -0.979956 1.61322 -0.559279
-0.736686 -1.05324 1.00667 -0.607445
1.05545 -0.239765 0.136113 1.55094
1.13979 -0.527449 0.521788 0.992904
-1.3806 -2.4613 1.56904 -0.786041
0.995255 0.327395 -0.46199 1.12115
0.491318 1.20366 -1.17378 0.570462
-0.970058 0.491817 -0.931199 -1.67546
0.844161 0.697975 -0.922833 1.00073
-0.152236 -1.23436 1.2911 0.308611
-0.093361 1.07357 -1.54866 -0.293185
1.21748 1.43972 -0.944253 0.746444
-0.489035 0.94596 -1.0951 -0.589129
1.31963 -0.808803 0.230102 1.20834
-1.69775 6.05058 -7.60912 -3.55087
-0.166157 -1.25887 1.10978 0.04622
-0.191236 -1.13582 1.20443 -0.041542
-1.26144 0.077066 -0.481587 -1.20464
-1.05019 -0.174507 0.614892 -2.59597
0.484941 1.04447 -1.17373 0.39652
-0.820682 -1.44178 1.10802 -0.424014
0.837515 1.04884 -1.29182 0.492937
1.24827 -1.17795 0.563941 1.337
-0.657694 0.946688 -0.847853 -0.86963
-1.36281 0.698281 -0.83261 -1.27326
0.745785 1.06453 -1.07831 0.823794
1.43538 2.98437 -2.03358 0.214462
0.933148 -0.485202 0.511346 0.985039
1.24002 -0.502619 -0.00421 1.51683
-1.05325 0.70385 -0.630904 -1.25752
-1.07325 -1.51045 1.62373 -0.809207
0.488073 1.36414 -1.27556 0.270138
-1.27327 0.690982 -0.127459 -1.36688
1.33186 0.076438 1.05194 1.84747
0.947183 -0.561186 0.592552 1.21042
0.55705 1.27284 -1.11143 0.669537
0.834397 -2.34469 3.17942 0.217367
0.995383 0.969991 -0.741151 1.00829
-0.937576 -1.67037 2.11655 -0.484846
-2.25172 -3.06967 2.58426 -2.06876
-0.031484 1.17671 -1.19411 0.246318
0.850223 -1.64612 1.69027 1.79395
0.47218 1.23995 -1.15624 0.570513
1.11842 -0.009754 -0.147192 1.15594
0.453447 1.08368 -1.16932 0.458205
-0.849127 -1.40634 1.49959 -0.814042
0.718026 0.876992 -1.03225 0.631635
-0.963905 0.910782 -0.673837 -2.12131
0.90532 2.18537 -1.76863 0.311412
-0.939245 -1.63236 1.39895 -0.410045
0.103265 -1.37292 1.23343 0.712541
-1.82951 2.05985 -0.416425 -2.63021
0.925472 0.825384 -0.674573 1.37313
1.17752 -0.521934 0.651844 0.929725
0.920856 1.76816 -1.17631 0.730452
0.563848 -0.910962 1.0155 0.591642
1.01551 0.344219 -0.553056 1.8747
-0.567738 -0.955072 1.02052 -0.491286
0.14853 -1.30171 2.09358 -0.963905
4.01766 1.32357 -1.44765 4.69262
1.20862 0.057049 -0.39608 2.2644
-0.29093 -1.03369 1.39406 -0.224071
-1.23655 -2.11141 1.35722 -0.819526
-1.01567 -2.07402 1.9838 -0.433936
0.825127 2.13563 -2.19307 0.91704
-0.164867 -1.08871 1.53317 -0.181431
-0.649194 -1.13405 1.23158 -0.478279
1.2467 -0.55212 0.665925 1.2675
5.14715 3.52365 -0.605036 4.50508
-0.840629 -0.761441 0.722672 -0.799406
0.681843 1.35823 -1.32825 0.208357
1.18449 -0.478323 0.679892 1.30578
-1.01102 -0.857928 0.910952 -0.958068
-0.079107 -1.39945 2.20012 -0.093906
0.895369 -0.591619 0.667408 1.27188
-0.096838 1.20327 -1.84301 0.43722
-0.981335 0.446741 -0.893504 -1.49202
1.20798 -0.497473 0.288111 1.11632
-1.42214 -1.15177 0.551002 -1.13298
-0.062126 1.2053 -1.5013 0.368079
0.23148 -2.88396 3.38347 1.29962
-1.25168 0.60691 -0.932847 -1.82721
-0.528313 -1.01576 0.971048 -0.589053
-1.40605 -0.067914 -0.729745 -2.02625
1.07443 0.009668 -0.280504 1.61417
1.04777 0.776462 -4.6923 1.78799
1.08276 0.000947 -0.249227 1.65972
-0.950129 0.482155 -0.892278 -1.51396
0.854704 -0.672794 1.70158 3.17641
1.66751 -0.854897 1.18418 1.95249
-0.841331 0.632299 -0.713096 -1.08545
-0.755918 -1.19397 1.146 -0.50868
-1.00198 0.445323 -0.899419 -1.15903
-0.958653 -0.54138 0.54138 -0.958653
1.2396 -0.717435 0.707064 1.2847
0.344149 1.46652 -1.23097 -0.196134
1.07201 0.073392 -0.478515 2.31891
-0.000523 -1.66429 1.85878 1.6587
-0.875828 -0.944997 1.09436 -0.84197
1.48096 2.72602 -1.34079 0.558192
0.082136 1.1321 -1.06716 0.152882
-1.06666 0.253845 -0.777211 -1.72523
-3.28848 -1.11159 -0.730396 -3.55833
-0.10784 1.13116 -1.3559 -0.44611
0.91262 2.16583 -2.18299 0.450058
-0.708112 -1.23473 1.43263 -0.478345
1.72889 1.14791 0.249151 2.3027
0.597337 -1.07982 2.18242 0.252321
1.51981 -0.507616 0.63875 1.32821
0.996493 -0.380941 0.348119 0.974821
-2.18252 1.86953 0.068854 -2.61731
-1.14508 -2.26357 2.67295 -0.170838
-1.32592 0.158757 -0.479618 -1.67699
-0.558586 0.923023 -1.46706 -1.05709
3.2803 6.03048 -5.22232 2.46399
1.85433 -0.845062 1.16798 1.80927
0.484679 1.14136 -1.39247 0.229213
-1.23724 -0.330471 0.663469 -2.51428
0.747183 -0.746194 1.14514 1.11271
0.185651 1.08997 -1.10964 0.138875
-1.03377 -1.70854 1.68434 -0.249071
-0.628991 -0.864041 0.932431 -0.599446
0.308603 1.06422 -1.45583 0.646222
1.39867 0.139158 -0.08879 1.15064
1.2603 -0.497745 0.540292 1.29006
-1.85312 -2.86119 1.66184 -0.875261
0.985559 -0.711004 0.928327 1.44346
0.262125 -2.70326 2.43286 1.32172
-0.463078 -1.10804 1.12772 -0.864425
1.04976 2.41276 -2.49814 0.760414
-1.46698 -0.760676 0.18136 -1.676
0.98462 -0.941606 0.865719 0.961888
1.14509 0.972055 -0.268195 2.09394
-0.436329 -1.00781 1.47508 -0.581815
-1.88548 -1.15839 0.855154 -1.70975
-1.00603 -0.264773 0.516701 -2.07934
0.389687 1.2719 -1.28014 0.471965
-1.84732 -1.40623 1.59933 -1.89731
-1.49009 -0.460837 -0.17074 -1.54782
-0.38216 -1.11196 1.59586 -0.633445
1.00357 -0.514897 0.701147 1.35109
1.3195 -0.884127 1.62869 1.09987
-0.458434 -0.978673 1.32111 -0.550637
-3.17892 -6.30279 12.4415 -6.12829
0.657087 0.978477 -1.06757 0.544447
0.945659 -0.488478 0.981734 1.63788
-1.23009 0.804684 -0.991645 -1.07029
0.441683 1.05597 -1.30452 0.52593
-7.48618 2.63136 -6.33723 -14.4593
-2.26177 -0.22169 -0.069195 -1.75537
3.02336 1.75592 0.035922 3.69008
0.924821 -0.921734 1.02474 1.45337
1.04535 -0.334703 0.89 1.70497
0.399162 -1.00224 1.06479 0.50604
1.33398 1.80092 -2.67339 1.23003
0.198823 -1.12462 1.17556 -0.015915
-1.19418 0.213838 -0.146321 -1.54862
-1.05772 0.305116 -0.713984 -1.44756
-1.41986 0.309436 -0.880038 -1.81113
-0.892598 0.511043 -0.72704 -1.28205
-0.584361 -0.90791 1.16723 -0.700092
0.897458 -0.567495 0.912114 1.44421
5.39886 -2.53375 2.34553 4.85004
0.847333 -0.656655 1.33026 1.50534
1.04129 -0.674554 0.550722 1.26744
-2.26639 -3.78808 1.56413 -0.7995
-0.483043 -1.00619 1.62598 -0.701493
-0.870415 0.580755 -1.10392 -1.83663
0.771257 1.90249 -2.70837 0.996849
-0.97069 0.529537 -0.898992 -1.46992
0.551792 -0.912182 1.19968 1.0717
0.386369 1.0617 -1.78044 0.620422
0.517108 1.15199 -1.34602 0.715261
-1.75982 -3.64996 4.48263 -2.10132
0.293287 -1.15424 1.11574 0.647644
0.1983 1.04988 -1.3977 0.429715
0.531373 1.95488 -2.48566 0.525174
-0.662954 -1.61508 1.37353 -0.041512
2.70305 -1.15556 1.02878 2.74914
1.05678 -0.040011 0.161176 1.14313
-1.12495 0.464699 -0.6407 -1.06142
0.995723 0.361862 -0.494114 1.59921
-1.04204 0.794862 -0.915993 -1.2552
-1.14181 0.803754 -0.909603 -1.70589
1.58091 0.180708 0.534936 1.73051
1.11724 0.481685 -0.641994 1.38638
-0.021062 -1.42382 1.8633 -0.87886
-0.711072 -1.20053 1.84471 -1.09207
-0.932479 -3.16247 11.145 -5.39921
0.970172 1.01255 -1.26157 0.534976
0.267318 1.37269 -1.19982 0.533788
1.04019 -0.590383 0.460873 1.15894
0.69477 1.32889 -0.967818 0.561331
-0.027994 -1.12718 1.2569 0.03944
0.531663 1.13887 -1.0472 0.38674
1.11336 -0.423168 0.6566 1.019
0.900144 -0.826201 0.955986 1.31817
-1.2955 0.548697 -0.763524 -1.74062
1.13763 -0.482894 0.5644 1.15972
-1.1289 0.648454 -1.18988 -0.87544
-0.676045 0.856955 -1.09893 -1.18609
1.09054 1.53942 -4.93584 2.44923
-1.20315 0.599262 -0.612958 -1.06158
-1.01228 -1.74707 3.15952 0.427045
1.05008 0.150014 -0.282346 1.26663
2.80973 1.5021 -0.408419 1.56911
0.638289 0.985207 -1.34374 0.591634
1.12207 2.63789 -2.01866 -0.003866
0.946127 1.8041 -1.26821 0.748082
-0.953527 -0.811319 0.753918 -1.45122
-1.10053 0.209449 0.133466 -1.71738
3.09829 5.64512 -8.53057 3.71171
1.04122 0.111576 -0.441534 2.09316
-1.0389 0.793848 -0.721248 -1.19813
0.186124 -2.4317 1.99875 0.580436
0.482019 1.14665 -1.03057 0.613928
-0.674937 -1.04538 1.08137 -0.613941
1.53959 0.404898 0.306506 1.34367
-1.19864 0.938427 -1.15699 -2.10605
-0.626689 -1.44856 1.27758 -0.551608
-1.78204 -2.21693 2.56894 -1.35865
0.751569 1.69834 -1.0258 0.734442
2.38054 6.51755 -7.71583 3.20711
