2500
378.905 444.525
345.454 369.149
387.52 273.783
397.799 562.641
385.027 278.948
526.263 367.545
297.622 324.723
478.461 303.606
474.689 307.064
387.613 281.851
375.172 478.643
322.814 375.445
951.666 252.435
417.995 471.794
442.149 248.282
481.2 461.364
1056.83 486.219
669.18 571.017
1174.39 791.176
846.265 552.438
377.744 358.08
257.273 326.894
459.426 312.327
392.361 567.182
407.821 471.433
1043.75 500.916
1031.28 531.052
459.413 534.765
391.872 563.907
510.245 614.998
468.632 308.811
439.553 732.043
596.916 635.797
949.165 253.58
642.269 389.567
709.84 464.827
1079.31 491.636
475.834 312.379
1061.61 491.085
601.256 571.781
456.256 454.373
558.512 584.957
506.415 453.24
1299.33 759.521
376.775 539.435
998.063 517.189
299.454 389.585
393.6 417.901
696.521 164.679
532.887 398.382
674.248 140.313
492.723 411.785
1012.89 503.246
549.501 403.898
1128.22 689.28
631.21 553.072
367.023 576.73
389.902 510.295
1224.82 817.135
499.744 478.867
404.464 568.441
441.551 320.948
942.279 532.034
549.501 403.898
511.859 449.04
943.725 532.215
513.918 603.781
532.887 398.382
374.324 357.333
426.541 325.514
622.87 563.236
431.778 439.6
526.263 367.545
478.901 313.347
481.909 302.192
505.359 415.111
1038.31 497.417
968.187 248.019
490.256 367.096
427.632 409.404
711.614 459.724
356.95 358.087
358.702 297.397
275.166 325.085
448.833 540.214
268.572 329.628
474.645 376.935
278.63 393.981
1031.93 494.633
436.332 323.18
416.598 520.498
916.231 626.168
392.937 341.739
519.389 607.022
367.356 352.326
965.703 531.211
540.93 398.512
943.916 541.121
1018.18 513.084
509.538 407.404
1026.72 535.712
671.824 382.59
957.222 537.606
489.075 306.917
1127.79 496.457
642.84 540.983
634.64 580.56
977.791 521.5
455.977 536.08
455.516 535.039
381.48 283.819
1055.24 526.628
697.659 252.746
1059.19 491.326
348.635 505.89
517.351 602.727
314.937 379.117
457.918 536.725
1269.98 651.142
1271.2 790.696
401.683 527.472
1090.82 472.414
380.43 430.846
936.894 463.554
369.709 468.373
514.309 473.197
1033.38 527.959
819.6 295.25
337.673 292.923
727.019 147.197
429.684 548.854
320.97 382.695
561.017 582.543
467.884 476.419
1204.29 650.29
602.893 330.726
632.158 305.4
454.131 540.621
382.623 272.7
411.29 519.635
463.132 318.934
1066.57 522.031
1195.75 628.247
466.525 534.489
512.57 472.825
378.512 281.645
408.343 498.111
968.91 520.959
621.671 547.78
934.627 543.245
476.864 530.249
489.348 231.878
1035.7 497.058
632.223 567.401
361.345 355.303
509.823 609.344
1211.9 622.725
987.256 554.609
580.846 511.701
1097.8 558.275
655.285 446.919
481.231 299.29
855.25 557.398
469.944 533.347
232.926 336.578
438.377 320.513
636.399 546.703
361.59 535.34
395.037 530.387
496.285 397.686
1015.75 512.384
379.472 576.292
918.088 541.325
528.401 601.007
841.156 534.625
373.973 360.859
459.426 312.327
282.942 387.749
264.44 352.672
781.418 230.291
714.936 420.856
964.716 526.27
513.282 608.716
655.285 446.919
408.652 504.506
467.711 237.592
435.76 545.739
917.174 627.922
366.861 348.836
378.314 350.684
432.919 556.243
360.453 509.584
344.596 373.077
260.61 334.276
683.195 315.86
690.222 293.262
645.249 619.714
454.905 454.037
1021.03 498.877
434.723 542.882
682.675 205.106
1117.46 701.349
436.766 543.657
999.081 520.204
723.376 427.612
265.361 336.016
332.697 296.881
430.861 253.1
407.521 562.29
356.95 358.087
708.116 490.831
1210.85 630.242
463.63 488.332
480.947 463.284
457.204 445.568
319.994 307.522
566.977 181.25
1096.87 478.207
1262.83 666.847
435.294 491.183
505.413 377.103
485.873 382.591
313.094 304.197
417.254 335.172
332.69 451.821
409.327 263.359
1003.75 519.185
855.28 521.554
979.262 446.943
1040.6 525.155
388.032 568.867
663.34 301.281
972.267 521.729
1210.15 741.372
585.372 393.751
618.743 265.149
364.265 546.129
933.03 534.629
492.547 467.938
979.583 525.679
396.262 340.665
854.521 520.583
349.793 506.337
461.843 715.079
487.118 477.425
1125.7 699.842
711.737 465.295
865.432 528.726
290.474 434.523
712.692 229.398
592.244 465.254
402.194 564.952
328.302 297.267
1059.04 619.053
483.084 303.577
422.371 332.466
363.634 499.882
365.631 353.613
444.918 539.734
856.629 527.225
1021.03 498.877
1009.58 502.804
724.347 424.651
920.397 537.805
381.864 347.033
458.952 479.307
944.052 534.336
935.282 535.905
364.968 365.033
989.759 555.24
447.854 247.853
339.832 371.401
547.538 594.258
509.63 612.332
379.153 517.088
645.333 532.787
367.185 354.645
1106.7 461.143
469.132 478.336
340.019 297.969
1015.53 537.506
1029.43 537.197
1253.86 737.166
920.43 458.114
506.633 379.239
911.813 638.064
640.348 397.697
986.806 527.766
442.296 258.701
986.902 522.665
474.314 378.208
375.796 358.248
412.156 424.409
302.341 313.163
359.984 364.207
462.04 478.776
947.09 539.733
1020.26 542.951
357.683 534.319
504.367 222.647
456.505 306.757
349.69 288.095
523.65 359.367
705.667 502.044
855.25 557.398
1247.35 673.6
1252.82 682.406
381.719 567.945
944.087 534.912
633.952 539.068
343.908 365.12
463.158 537.936
707.892 466.16
940.278 534.597
440.206 330.761
1033.95 528.926
968.343 535.854
487.179 485.697
256.736 336.042
390.86 272.712
999.706 510.14
474.689 307.064
357.952 532.14
918.648 538.632
651.887 554.349
542.775 597.875
521.402 466.269
994.074 545.324
262.04 337.628
643.727 376.184
413.135 557.415
417.631 472.876
545.778 591.833
312.092 306.982
673.235 569.894
750.277 423.217
1079.31 491.636
1073.76 477.41
600.536 338.747
558.636 357.284
445.418 325.711
1220.19 715.238
608.273 517.311
487.118 477.425
1078.04 490.107
924.896 642.513
387.011 576.851
355.364 525.897
433.793 254.817
860.821 544.619
1038.6 491.893
999.187 546.537
395.045 572.02
580.111 528.617
601.388 546.261
590.264 386.596
1118.46 474.56
449.238 322.41
500.689 452.71
440.426 328.804
223.632 334.382
724.776 530.335
1137.7 492.673
441.715 252.119
370.704 580.338
410.396 266.641
390.249 416.916
1042.11 518.374
362.843 453.915
891.02 513.099
891.177 573.687
511.224 615.803
1079.63 489.285
1121.43 669.489
608.808 319.375
523.454 601.553
930.539 535.675
1255.53 734.534
366.861 348.836
741.609 460.831
1009.22 542.643
314.886 303.345
509.008 425.92
645.333 532.787
257.534 329.423
1078.12 486.121
1094.79 483.171
1027.19 509.62
372.234 478.212
290.816 317.999
1016 505.979
462.395 477.602
715.337 475.722
1119.74 458.605
445.217 248.615
986.359 513.076
369.073 346.134
1023.72 527.947
549.211 586.909
1017.57 536.81
428.444 334.059
626.615 540.51
553.97 581.363
462.395 477.602
376.575 534.558
495.184 398.188
403.573 410.463
988.281 421.662
378.314 350.684
487.58 382.834
469.289 480.129
500.833 225.723
363.007 356.305
1248.83 649.502
716.651 438.271
439.654 326.112
264.979 340.774
535.791 591.799
698.786 144.758
260.61 334.276
558.512 584.957
1086.43 537.33
601.256 571.781
659.865 426.698
387.076 526.379
671.374 579.806
345.303 289.748
598.292 567.402
487.58 382.834
448.79 446.014
435.89 541.866
281.615 392.435
1079.26 516.793
981.002 516.911
1089.81 487.71
1276.13 672.295
320.668 453.053
381.973 356.396
456.231 450.567
1114.42 666.202
620.779 473.4
606.626 549.168
670.735 568.847
465.581 457.187
299.928 314.827
334.122 367.096
1212.56 745.304
442.471 417.439
611.179 521.371
1124.02 696.677
1258.7 734.117
973.766 523.726
668.792 271.114
314.333 308.069
633.285 537.977
1085.63 506.975
509.857 603.676
889.095 357.637
717.428 156.989
947.09 539.733
977.072 518.688
943.725 532.215
943.417 537.093
657.155 545.82
465.056 529.837
985.547 525.327
997.585 544.683
1075.44 482.294
442.465 331.241
628.596 447.804
1248.92 675.991
656.862 479.698
334.269 513.66
520.777 598.14
608.239 542.232
321.365 383.408
522.174 392.423
364.151 359.542
438.266 324.94
287.989 399.498
337.184 442.638
412.336 564.654
524.928 601.052
487.179 485.697
675.224 138.888
400.92 524.921
1054.11 524.599
942.208 531.802
465.636 526.215
535.473 437.65
860.266 491.8
545.861 598.487
717.633 466.601
1155.57 781.85
515.328 606.528
471.711 531.892
1089.82 692.636
1090.86 694.316
397.862 527.13
466.525 534.489
302.224 389.426
406.249 508.858
471.746 398.669
537.815 437.5
334.654 512.54
399.253 564.129
621.708 360.882
363.86 353.77
365.209 495.168
456.807 537.796
900.612 319.589
1016.47 500.232
412.99 262.368
275.762 327.207
1010.04 506.284
634.944 538.468
966.996 520.752
667.335 402.165
319.912 378.66
508.918 374.136
514.419 467.398
1007.07 518.787
390.767 503.605
385.741 355.929
1124.84 492.408
955.844 277.096
551.305 593.743
1019.6 538.961
1126.83 563.423
457.735 251.334
387.011 576.851
414.996 339.292
420.526 327.019
496.152 394.547
267.17 340.451
368.512 488.586
667.643 573.35
1021.59 505.257
739.171 518.555
986.912 515.709
724.347 424.651
1022.47 538.193
1007.43 543.365
429.792 555.811
382.556 575.533
717.236 418.682
522.966 607.106
1120.77 460.192
531.631 399.596
924.118 544.54
463.132 318.934
405.898 279.312
1007.98 503.587
412.836 561.952
376.388 580.882
442.849 329.173
496.308 392.673
405.699 469.414
419.915 410.871
476.175 482.913
478.371 722.585
1116.17 666.345
445.659 540.731
987.349 528.787
643.246 555.559
522.966 607.106
1091.96 568.393
353.805 547.993
385.793 452.142
297.218 313.343
1114.35 560.07
452.825 538.062
722.668 571.665
940.515 529.202
382.123 468.31
315.118 380.542
575.692 539.131
647.659 521.943
380.495 578.624
498.044 479.186
400.134 347.876
547.594 452.815
308.205 456.138
1089.38 684.241
354.11 352.393
422.528 555.228
695.235 166.762
378.905 444.525
307.948 318.767
437.257 554.27
641.613 524.65
450.21 249.098
947.246 539.7
421.905 461.343
388.712 342.907
533.14 593.955
477.476 301.709
768.946 255.238
392.578 348.878
382.31 355.965
528.735 600.099
322.814 375.445
535.189 590.63
489.848 228.642
780.344 222.198
1300.99 708.3
386.274 280.516
1016.77 528.424
431.935 323.77
396.495 350.355
705.667 502.044
436.227 254.672
669.156 574.916
449.042 317.975
425.835 258.913
397.007 345.565
444.358 499.806
986.662 517.455
446.969 320.64
1176.29 769.322
389.902 510.295
365.912 351.79
555.163 349.444
495.611 226.319
401.079 470.074
260.61 334.276
856.476 594.422
337.942 364.945
481.231 299.29
1090.74 710.232
1066.57 522.031
410.026 506.918
302.218 386.859
302.165 469.753
1219.2 646.811
694.516 620.251
429.953 326.489
475.199 465.41
439.272 326.378
448.843 490.719
385.027 278.948
1082.64 517.161
1224.82 817.135
673.761 250.389
734.924 515.712
520.21 601.552
928.218 548.599
1006.48 540.688
1019.86 507.47
1003.86 548.086
1107.25 476.041
435.344 541.028
1115.12 464.67
1205.44 751.001
1015.53 537.506
397.104 518.69
999.017 508.095
386.906 278.175
1005.9 512.598
1127.76 697.816
375.071 518.927
442.379 324.435
398.588 564.153
933.077 539.875
1126.11 691.408
399.641 520.89
421.159 560.288
404.374 473.304
402.194 564.952
631.883 549.689
449.932 728.199
300.706 384.877
876.674 552.438
645.743 497.639
1096.59 482.66
338.437 307.112
402.648 499.352
997.625 512.125
476.175 482.913
370.418 584.887
519.848 608.424
320.97 382.695
531.459 402.654
1027.19 509.62
511.859 449.04
428.57 403.881
554.395 582.25
347.207 444.931
1229.24 729.688
412.636 333.521
333.965 371.311
457.735 251.334
1009.22 542.643
966.745 248.677
600.536 338.747
480.189 385.528
707.137 495.113
547.985 455.048
372.752 582.468
999.474 541.837
566.977 181.25
346.643 300.473
437.81 486.241
946.057 542.189
376.351 351.225
453.408 538.732
951.009 538.553
1123.9 660.369
478.286 533.705
379.206 356.003
1096.54 702.667
1005.82 509.614
459.781 529.839
319.994 307.522
446.898 323.119
690.548 328.763
466.953 533.615
655.868 223.258
489.348 231.878
378.246 348.261
262.195 329.26
973.766 523.726
459.413 534.765
391.121 499.384
375.071 518.927
945.946 544.793
454.6 323.756
927.062 545.794
649.788 350.391
349.325 361.44
376.158 529.732
1019.88 505.926
328.302 297.267
651.614 543.757
1018.6 499.285
344.647 302.446
1022.47 538.193
399.086 262.745
1008.04 545.45
514.943 420.339
1173.04 774.37
799.262 241.776
261.038 423.838
1025.47 512.911
384.525 348.795
363.007 356.305
387.989 576.024
614.115 391.668
736.498 447.782
954.334 534.373
958.783 534.156
466.653 532.726
587.708 335.328
504.367 222.647
332.31 300.818
381.993 447.341
423.073 489.228
465.294 396.397
290.816 317.999
776.151 234.55
1101.53 463.111
460.258 484.306
1018.57 516.091
1108.86 703.392
382.556 575.533
456.807 537.796
1087.49 575.49
1126.34 664.256
584.225 512.155
485.308 300.731
1173.75 773.174
288.846 316.193
601.256 571.781
1003.68 521.339
446.649 328.708
1211.58 618.505
725.964 422.673
405.699 469.414
601.642 441.734
356.579 523.662
1078.19 514.723
343.157 372.233
381.587 347.881
929.016 538.388
1213.36 626.072
934.627 543.245
408.343 498.111
341.159 292.892
1047.71 596.829
1108.22 496.775
256.725 330.213
985.621 516.532
488.197 230.176
454.131 540.621
942.279 532.034
1173.75 773.174
496.097 481.555
302.218 386.859
704.417 406.256
688.363 371.921
447.436 729.44
972.267 521.729
531.586 597.197
493.508 228.734
398.419 571.662
558.636 357.284
509.008 425.92
633.648 418.769
1250.85 731.298
975.378 518.533
520.21 601.552
428.444 334.059
382.114 358.775
449.138 720.368
1120.77 720.593
1214.7 749.068
388.754 344.078
517.298 613.352
386.285 347.598
1004.32 516.071
1255.24 803.228
452.786 536.789
1152.92 701.123
1114.74 705.682
781.411 233.014
496.703 477.235
493.14 469.094
387.613 281.851
464.923 248.755
1091.85 474
373.709 575.78
526.985 599.82
1250.91 679.266
1122.83 673.81
473.254 314.449
384.419 356.585
284.625 395.958
1121.71 461.882
1271.53 654.088
358.943 445.533
414.818 340.087
1104.08 467.363
779.766 235.29
409.106 328.399
357.356 358.909
1088.29 574.219
954.814 300.54
942.313 535.381
1090.82 472.414
918.879 536.886
589.242 477.652
960.202 533.608
707.892 466.16
627.258 445.883
462.04 478.776
703.329 490.801
473.705 464.889
923.845 534.522
1061.61 491.085
1293.15 784.756
1113.06 460.767
519.595 390.958
1208.63 738.662
559.154 587.612
347.638 359.239
592.455 342.537
472.511 477.196
370.704 580.338
339.832 371.401
425.723 556.302
1217.2 645.34
386.311 571.762
1040.06 649.15
1041.02 526.016
489.075 306.917
365.631 353.613
388.601 456.108
455.128 310.645
750.277 423.217
1027.05 532.811
676.836 360.156
1045.73 503.862
1000.49 548.838
1299.33 759.521
1062.3 494.627
352.256 364.108
1111.97 458.84
592.613 341.302
1192.17 625.666
335.801 509.268
699.454 405.121
967.215 522.714
416.217 335.077
264.965 344.387
824.952 358.167
975.378 518.533
358.881 353.904
483.069 393.955
553.957 402.418
1090.05 475.618
469.029 533.476
945.326 531.244
1103.56 509.044
379.135 358.161
305.249 309.996
531.022 431.027
713.525 411.159
278.37 331.201
322.356 448.688
390.86 272.712
404.083 341.916
442.152 551.428
448.368 537.75
1007.62 516.8
552.112 223.594
636.576 582.678
261.488 333.799
387.076 526.379
364.878 447.549
1028.27 502.056
945.326 531.244
327.615 449.865
1259.33 800.385
439.981 494.962
1020.8 513.88
1215.06 706.65
264.565 343.35
321.891 372.308
299.928 314.827
337.189 295.887
1200.4 724.979
470.733 310.862
987.536 553.675
382.556 575.533
379.553 280.632
1013.11 510.166
295.861 312.95
325.215 511.728
698.166 619.6
1204.03 731.15
950.533 252.079
398.588 564.153
437.192 256.784
622.91 542.443
902.287 632.858
397.442 470.376
453.408 538.732
460.883 533.844
971.344 519.916
255.688 339.707
1123.38 709.977
681.22 333.151
524.928 601.052
1055.5 495.64
936.653 531.687
1009.4 505.467
660.714 423.3
398.878 565.261
379.731 346.523
924.63 541.907
708.116 490.831
475.282 526.206
1185.35 634.903
354.86 460.51
509.572 425.03
327.573 371.099
372.6 542.681
715.81 441.828
1089.15 667.588
989.759 555.24
443.638 323.282
535.512 597.236
348.635 505.89
1016 505.979
417.196 258.29
520.237 351.129
296.146 384.597
373.956 584.135
299.454 389.585
614.893 497.828
1038.48 506.057
1089.98 668.053
1016 505.979
280.833 330.938
641.301 500.359
494.303 368.587
705.231 470.298
630.62 547.667
955.938 285.254
380.913 530.825
517.051 612.668
871.338 241.661
964.903 534.588
439.054 323.375
334.269 513.66
464.738 531.202
705.305 520.762
436.766 543.657
917.78 266.507
861.888 535.775
306.54 389.369
780.344 222.198
463.158 537.936
969.227 532.232
999.727 511.966
944.052 534.336
1208.93 614.551
304.336 313.167
367.089 542.405
515.885 607.592
455.566 492.876
416.402 563.049
527.339 608.331
609.083 420.198
436.345 330.675
940.278 534.597
723.373 415.271
263.453 341.329
392.682 284.204
999.017 508.095
273.17 427.715
299.454 389.585
637.933 581.197
585.372 393.751
1045.19 500.402
1020.14 540.742
563.499 193.587
508.753 610.919
266.965 334.929
470.733 310.862
943.417 537.093
703.621 468.836
430.264 511.831
443.638 323.282
345.695 361.911
444.777 406.587
1035.22 500.232
674.147 624.389
926.838 535.109
456.549 321.863
389.239 285.09
337.009 366.681
1216.63 709.416
358.313 536.547
550.549 590.286
332.204 377.458
372.762 579.804
908.885 611.813
334.122 367.096
629.051 536.775
985.547 525.327
445.418 325.711
933.03 534.629
218.623 331.598
479.128 300.384
483.833 385.029
724.517 527.262
516.038 471.717
541.164 189.83
473.178 383.097
432.9 490.6
333.965 371.311
936.614 533.753
652.368 451.614
445.465 317.882
396.331 347.357
942.133 529.97
441.062 323.223
388.055 508.855
995.493 521.326
447.052 487.388
353.805 547.993
944.087 534.912
1225.44 751.951
977.11 515.161
955.617 529.874
671.416 581.101
944.087 534.912
916.885 544.346
715.36 416.342
1192.17 625.666
439.199 542.45
1255.84 733.92
1031.13 506.291
1124.9 696.258
1095.24 670.341
436.227 254.672
302.165 469.753
987.864 513.21
981.686 523.208
287.989 399.498
978.397 527.309
1104.08 467.363
982.934 520.819
638.828 536.654
713.903 464.754
404.713 526.347
1012.16 508.091
601.147 236.46
408.803 524.069
469.311 531.981
417.995 471.794
321.365 383.408
387.989 576.024
991.822 551.402
388.138 355.048
445.355 321.8
1216.63 709.416
452.825 538.062
382.948 517.831
464.569 405.259
383.604 342.266
280.907 397.871
262.621 436.633
500.987 438.939
1035.38 509.415
380.315 275.399
439.816 501.737
427.261 410.77
391.591 569.233
384.993 343.447
1235.91 635.713
1128.69 493.312
615.771 562.924
529.215 595.722
1049.69 531.629
843.371 531.683
385.953 278.697
493.472 469.867
468.094 310.552
1036.13 493.159
937.586 537.603
412.336 564.654
393.6 417.901
587.708 335.328
365.115 357.093
1210.85 630.242
428.079 333.307
387.52 273.783
1100.89 465.286
302.853 388.679
382.206 353.064
302.135 310.328
1025.21 511.205
629.187 543.084
511.868 605.336
907.806 609.832
641.628 377.386
856.563 530.567
1053.27 494.829
928.061 540.909
756.758 234.13
380.43 430.846
1017.7 509.409
954.826 288.938
471.137 530.417
953.824 526.64
933.03 534.629
997.585 544.683
367.356 352.326
302.224 389.426
376.64 581.981
469.132 478.336
517.351 602.727
1055.53 486.912
427.238 475.425
479.866 487.4
434.058 432.844
530.112 604.369
353.603 363.131
481.909 302.192
523.454 601.553
299.893 312.288
380.652 571.978
382.556 575.533
976.361 446.453
389.534 569.881
1268.09 651.033
1005.58 506.048
994.798 543.541
437.81 486.241
931.906 261.27
929.893 545.306
1140.72 492.551
322.356 448.688
928.218 548.599
964.434 524.148
277.694 325.438
639.643 541.771
351.848 552.336
989.759 555.24
628.82 545.24
456.225 243.287
546.837 590.681
1212.56 745.304
539.977 455.428
370.478 357.381
536.813 600.887
656.628 220.228
1269.98 651.142
1045.57 640.766
950.753 542.147
639.792 498.366
1250.91 679.266
341.159 292.892
419.167 260.298
526.985 599.82
296.251 387.019
967.326 525.82
470.227 468.875
1000.69 522.85
1028.39 540.177
711.614 459.724
1212.56 745.304
447.375 315.861
429.953 326.489
706.559 488.036
1007.62 516.8
512.781 450.639
1005.44 520.578
626.267 449.356
325.375 454.25
1116.61 503.751
946.818 533.857
308.941 378.75
1117.45 473.392
989.554 516.258
936.614 533.753
500.987 438.939
955.42 269.746
358.313 536.547
1025.82 503.039
259.378 334.641
381.952 574.214
967.215 522.714
402.293 413.712
533.372 402.862
523.454 601.553
597.284 388.423
1038.6 491.893
1093.64 477.106
509.008 425.92
917.703 330.885
594.328 463.875
369.315 349.171
305.325 476.277
1014.01 535.829
673.761 250.389
1020.82 499.597
1101.08 690.121
292.28 396.611
951.009 538.553
1118.67 560.386
345.261 504.784
515.885 607.592
690.222 293.262
546.837 590.681
422.253 400.889
1114.74 705.682
353.121 355.957
966.31 537.679
516.038 471.717
525.253 605.796
409.137 272.274
1018.35 515.312
1176.01 728.765
438.787 321.436
507.207 614.355
677.726 578.841
476.864 530.249
942.279 532.034
424.363 516.85
965.757 258.232
383.564 577.795
598.292 567.402
1011.06 516.208
951.493 258.891
469.311 531.981
1005.44 520.578
965.664 535.303
296.251 387.019
387.758 520.964
715.36 416.342
468.955 525.272
1255.53 734.534
302.224 389.426
514.943 420.339
413.173 329.301
385.027 278.948
399.641 520.89
384.679 273.531
379.007 348.781
555.883 588.634
404.812 337.998
622.14 459.33
378.905 444.525
352.256 364.108
774.67 245.436
499.646 424.529
387.989 576.024
332.517 368.341
688.988 336.335
428.253 327.785
648.095 426.31
466.54 469.929
444.186 547.008
633.952 539.068
776.366 220.566
1004.65 545.35
955.596 523.387
876.745 202.603
1104.08 467.363
1227.84 625.613
694.58 178.084
623.892 338.363
1038.22 488.289
458.873 311.389
390.583 280.139
388.1 283.201
380.684 348.028
412.411 563.017
976.844 449.418
435.856 549.34
410.396 266.641
509.531 475.336
1094.19 473.847
413.173 329.301
1095.24 670.341
248.749 355.615
527.669 368.579
495.611 226.319
928.517 549.961
641.613 524.65
302.853 388.679
415.135 557.927
419.369 561.14
1229.24 729.688
396.623 342.966
925.198 538.751
480.151 306.101
477.476 301.709
383.976 428.488
1259.33 800.385
702.581 275.2
1029.7 509.655
408.85 564.765
428.596 451.41
690.548 328.763
477.448 310.953
959.287 456.197
442.149 248.282
355.694 967.904
636.161 303.082
463.63 488.332
319.912 378.66
409.327 263.359
639.129 395.642
776.709 242.283
387.784 528.045
297.254 387.871
1092.55 471.768
458.199 449.782
362.843 453.915
1031.22 533.753
1058.86 525.863
717.645 417.124
415.729 551.878
1251.66 680.533
443.074 331.321
413.946 559.474
1218.11 658.479
286.827 324.81
508.735 610.763
438.358 549.887
449.994 246.584
567.328 180.105
357.952 532.14
479.866 487.4
1047.71 596.829
472.008 307.703
890.444 321.097
717.335 460.333
1046.72 520.451
444.777 406.587
397.862 570.768
626.615 540.51
736.498 447.782
723.547 146.629
514.252 604.442
1123.9 660.369
433.793 254.817
555.163 349.444
529.336 459.855
470.862 480.868
615.384 554.653
397.243 459.784
382.839 280.668
658.784 472.279
1013.66 527.899
360.165 446.021
706.774 212.227
628.789 325.822
927.733 543.12
1214.7 749.068
1212.77 656.933
1022.48 497.689
402.119 267.016
381.089 572.826
432.394 554.212
327.78 505.221
445.453 333.614
537.815 437.5
663.682 427.289
416.217 335.077
981.806 513.385
381.089 572.826
269.232 336.257
670.315 380.723
379.206 356.003
775.303 323.547
432.394 554.212
499.744 478.867
412.656 555.897
619.29 495.1
437.81 486.241
955.592 284.544
504.367 222.647
1018.81 510.395
278.416 321.915
469.983 316.46
1117.15 709.399
448.749 451.592
832.362 576.12
964.434 524.148
711.391 466.706
531.182 444.877
371.924 354.11
963.791 535.435
465.122 410.667
429.263 253.395
1093.13 808.915
527.669 368.579
337.342 304.74
697.802 296.187
506.929 610.849
544.659 597.168
1089.32 507.632
640.357 538.449
337.189 295.887
661.669 200.618
443.091 327.106
971.344 519.916
433.408 262.276
679.208 139.629
1121.76 491.608
1019.88 505.926
451.595 495.626
922.284 542.259
287.799 319.321
370.704 580.338
1022.26 516.813
1035.25 499.685
297.218 313.343
721.728 413.291
265.361 336.016
440.232 252.686
433.236 399.796
610.253 406.754
1045.57 658.865
309.233 317.098
408.652 504.506
647.303 499.65
544.95 592.202
378.489 575.993
355.364 525.897
1069.5 523.417
388.601 456.108
530.698 447.05
622.91 542.443
381.28 573.497
481.834 300.673
319.227 302.088
379.007 348.781
371.701 362.168
543.214 387.993
629.319 543.724
860.821 544.619
995.493 521.326
1118.46 474.56
1220.96 657.12
392.578 348.878
921.066 548.366
390.803 574.345
403.626 499.885
1082.87 516.597
629.392 316.358
936.653 531.687
619.672 368.852
367.185 354.645
657.874 475.889
398.218 731.931
462.85 530.611
712.313 231.248
381.48 283.819
607.287 545.698
423.826 326.353
641.39 540.8
1121.07 700.607
435.294 491.183
441.715 252.119
378.905 444.525
312.319 381.935
970.263 524.242
466.641 317.228
376.657 423.399
937.861 537.022
972.267 521.729
648.124 496.126
415.516 324.672
1000.69 542.405
551.82 584.746
407.821 471.433
1254.18 731.571
341.616 374.47
1092.06 710.617
998.901 519.434
410.109 507.214
708.116 490.831
1089.9 543.52
1091.97 477.804
1123.13 705.91
955.617 529.874
1202.68 750.909
1175.17 727.317
392.99 345.422
1093.64 477.106
639.213 526.102
698.298 249.846
365.658 264.903
509.63 612.332
493.14 469.094
525.241 468.077
1090.14 514.873
1195.75 628.247
711.391 466.706
393.137 275.255
512.493 607.666
370.524 361.18
423.368 401.247
511.607 611.184
514.309 473.197
1002.17 506.935
1096.83 729.954
444.887 547.917
358.42 498.378
445.355 321.8
1081.24 476.268
1009.4 505.467
426.457 549.142
453.727 323.746
491.753 466.505
1058.86 525.863
349.69 288.095
489.067 376.937
321.875 449.852
368.342 364.214
1075.25 485.371
1176.99 772.19
717.428 156.989
933.451 533.729
769.784 217.846
461.731 535.826
925.007 550.245
442.561 545.037
520.496 450.329
1117.58 475.136
450.662 321.258
740.543 427.324
367.36 476.66
1056.17 499.392
1172.24 767.349
598.204 441.238
282.789 390.529
453.688 543.372
642.774 543.713
465.627 314.504
333.413 364.613
343.908 365.12
549.611 587.885
428.847 513.732
386.859 439.051
425.835 258.913
554.229 349.231
473.484 526.515
602.893 330.726
1244.34 730.918
287.685 391.044
890.444 321.097
546.365 589.279
926.838 535.109
299.893 312.288
1169.35 762.902
920.875 644.005
384.845 509.336
380.495 578.624
942.313 535.381
640.727 528.088
522.174 392.423
617.647 469.209
949.165 253.58
1019.56 505.596
630.568 570.278
432.963 331.471
730.272 478.84
415.135 557.927
1193.72 767.287
730.801 147.879
419.229 327.289
427.22 329.309
639.328 378.715
428.253 327.785
409.106 328.399
388.1 283.201
398.141 344.875
379.894 284.256
994.926 513.122
677.443 143.717
542.575 592.23
1032.73 491.676
315.578 309.952
1023.91 531.681
861.207 539.108
477.21 487.173
475.39 243.708
403.325 445.647
933.03 534.629
1252.82 682.406
362.832 361.465
651.614 543.757
390.151 570.938
223.632 334.382
406.342 478.398
402.333 529.367
946.818 533.857
935.739 533.677
570.726 567.258
632.28 540.623
776.366 220.566
1097.49 730.71
1017.99 541.673
1172.24 767.349
1022.47 538.193
723.676 413.567
551.363 591.079
1102.37 691.443
262.327 338.953
319.628 304.731
540.81 601.166
782.904 226.533
531.459 402.654
367.36 476.66
1042.11 518.374
388.754 344.078
422.371 332.466
685.548 621.963
456.225 243.287
1055.5 495.64
725.169 147.011
1176.99 772.19
549.383 455.489
514.564 377.941
372.925 573.901
575.313 185.935
264.333 331.353
962.792 529.817
985.658 546.681
475.009 299.321
393.604 347.466
1248.92 675.991
728.443 427.827
692.304 292.153
1201.13 615.547
447.052 487.388
424.818 335.223
639.129 395.642
723.373 415.271
1121.43 669.489
318.894 314.824
274.192 326.131
1095.92 668.97
345.303 289.748
441.776 489.677
395.891 478.038
1041.88 497.627
861.207 539.108
631.508 255.396
257.192 328.032
657.291 489.249
388.013 568.478
558.512 584.957
1039.16 489.869
1004.32 516.071
322.286 311.16
1003.75 519.185
1095.35 483.384
288.855 395.876
1180.74 772.184
861.038 542.769
383.125 533.727
356.9 522.944
442.471 417.439
993.583 514.352
384.169 572.56
907.872 442.996
287.558 383.676
1040.06 649.15
538.09 436.167
421.905 461.343
846.265 552.438
390.151 570.938
1112.04 495.968
637.249 533.724
1207.14 619.219
539.091 438.808
329.289 363.375
965.899 529.468
438.358 549.887
985.079 513.412
474.63 436.689
639.792 498.366
712.6 423.363
679.836 339.702
1271.2 790.696
419.667 471.956
320.668 453.053
483.626 714.977
428.444 334.059
854.521 520.583
256.725 330.213
548.415 583.815
540.087 599.931
985.079 513.412
432.9 490.6
424.406 555.849
446.998 536.865
446.977 485.037
392.498 350.462
459.73 536.246
430.264 511.831
437.81 486.241
282.743 394.825
499.208 225.175
365.017 579.4
424.757 745.747
406.641 523.958
1101.08 690.121
1001.92 517.501
691.773 620.61
593.662 570.157
372.752 582.468
417.609 331.056
314.538 375.605
531.586 597.197
506.591 221.74
433.408 262.276
1127.57 695.924
439.199 542.45
1052.94 520.422
349.69 288.095
397.921 342.06
380.909 481.132
955.566 524.466
303.011 382.118
1028.87 647.621
526.69 597.937
329.414 531.163
775.915 241.163
449.44 324.844
422.371 332.466
1089.98 668.053
352.386 525.75
312.276 304.674
400.262 566.128
1075.87 478.375
289.818 319.37
1123.84 690.22
642.412 521.224
1071.25 522.373
929.177 650.561
1107.12 695.512
1137.7 492.673
375.523 477.478
667.162 568.196
512.627 606.53
357.356 358.909
480.408 368.251
1017.33 497.59
381.952 574.214
395.19 339.251
555.883 588.634
514.419 467.398
1203.28 626.567
371.37 577.682
316.477 384.999
920.397 537.805
915.113 541.228
1193.85 645.529
475.282 526.206
469.54 526.296
265.269 337.243
555.883 588.634
532.469 446.489
1008.32 509.872
373.657 579.403
474.169 530.178
928.6 535.469
1266.72 651.067
1003.68 521.339
267.17 340.451
499.208 225.175
454.131 540.621
257.534 329.423
530.182 598.361
319.355 374.657
612.76 490.344
557.731 582.169
354.262 481.306
464.569 405.259
263.453 341.329
433.636 548.401
1223.26 629.539
1091.15 545.743
295.181 312.134
739.769 484.259
352.256 364.108
425.723 556.302
1080.01 471.765
1096.83 729.954
382.456 574.369
984.149 515.333
302.135 310.328
722.932 519.333
540.22 594.522
622.189 466.62
407.206 516.34
423.073 489.228
389.534 569.881
1027.19 509.62
1215.06 706.65
526.256 461.204
321.241 491.237
689.34 334.204
367.356 352.326
413.135 557.415
311.421 457.309
417.451 450.873
313.388 315.283
559.023 586.541
522.174 392.423
506.691 454.691
952.087 273.581
386.291 350.136
412.166 520.144
544.659 597.168
539.977 455.428
566.958 352.775
695.331 142.826
640.727 528.088
360.012 357.321
379.385 282.469
1018.92 505.106
1006.68 538.569
258.231 338.81
453.408 538.732
352.256 364.108
516.883 609.033
424.406 555.849
382.948 517.831
714.931 477.129
1048.37 636.749
1049.69 531.629
317.625 459.556
450.21 249.098
383.265 350.171
861.918 240.094
994.074 545.324
927.157 544.061
392.194 279.532
428.288 546.359
450.132 536.91
481.786 311.007
351.848 552.336
1045.57 640.766
1217.56 623.145
635.365 553.556
1094.85 667.112
317.943 384.174
922.284 542.259
986.806 527.766
1053.35 488.577
298.95 317.249
1090.07 467.8
350.646 363.955
692.741 319.416
1054.74 494.221
373.621 579.62
455.782 309.958
928.828 540.412
301.168 392.395
479.09 529.63
407.699 563.3
1174.31 726.019
302.12 387.215
916.885 544.346
392.937 341.739
433.06 550.842
547.985 455.048
287.544 380.804
558.158 351.18
433.636 548.401
512.333 611.75
399.98 344.596
928.061 540.909
353.536 495.691
355.694 967.904
954.425 262.083
975.412 520.613
380.212 350.394
1083.79 509.774
699.215 143.325
1094.79 465.354
279.42 387.176
1032.87 496.19
997.055 518.778
838.145 542.896
717.645 417.124
1096.46 511.864
1046.92 503.294
1105.56 469.115
992.784 552.996
715.376 418.86
1010.04 506.284
951.493 258.891
707.892 466.16
390.249 416.916
926.123 647.91
361.431 439.531
702.646 467.218
1050 634.262
396.857 348.786
455.988 545.293
489.848 228.642
262.04 337.628
1019.56 505.596
713.135 416.365
671.599 266.788
1105.56 469.115
978.485 524.212
475.199 465.41
717.145 474.327
509.008 425.92
386.144 286.926
1123.8 563.101
260.699 336.174
520.496 450.329
543.408 588.812
382.556 575.533
485.873 382.591
264.523 425.86
431.451 551.887
468.309 531.582
1008.04 545.45
434.767 548.996
1213.04 751.447
433.478 557.08
307.85 309.252
322.814 375.445
960.108 248.716
662.747 578.284
549.383 455.489
446.898 323.119
946.999 543.512
488.197 230.176
357.952 532.14
650.722 449.707
349.76 368.801
490.882 372.143
591.198 543.814
978.485 524.212
628.82 545.24
1262.89 776.644
491.499 377.088
275.166 325.085
639.644 400.874
1280.28 665.34
668.792 271.114
1051.94 486.162
539.143 595.755
1127.13 691.555
642.412 521.224
1095.92 668.97
634.334 283.618
858.692 539.237
357.952 532.14
220.165 332.153
441.114 319.043
519.739 600.716
954.801 525.242
360.377 539.04
327.615 449.865
610.707 391.104
441.551 320.948
1216.05 708.26
904.626 290.683
292.311 324.71
378.905 444.525
248.768 338.435
411.156 509.327
931.83 538.731
539.143 595.755
1303.71 703.763
971.412 525.258
996.455 515.834
537.115 596.903
1188.06 749.076
968.343 535.854
1125.66 653.539
653.195 448.376
381.442 453.65
927.157 544.061
376.084 574.113
449.44 324.844
1117.89 696.93
504.642 378.989
637.249 533.724
995.826 522.06
997.668 544.122
1085.63 506.975
642.88 534.279
1116.17 666.345
372.913 581.861
506.769 416.148
1116.94 456.914
1094.7 478.708
547.964 407.694
1236.34 639.905
1031.93 494.633
447.938 244.704
1070.92 519.499
947.09 539.733
1091.97 477.804
391.591 569.233
287.685 391.044
389.239 285.09
326.021 439.35
619.617 549.344
265.269 337.243
350.307 369.783
651.758 240.411
352.595 492.959
1124.54 658.197
1069.5 523.417
556.513 585.584
341.25 304.084
995.826 522.06
629.187 543.084
431.408 332.266
463.025 497.299
712.6 423.363
647.753 366.786
363.285 452.275
484.464 309.512
643.798 265.204
407.116 567.403
393.856 426.83
1046.95 497.676
942.313 535.381
370.691 576.675
679.637 289.851
981.002 516.911
955.817 540.835
705.305 520.762
312.276 304.674
376.657 423.399
614.893 497.828
387.33 455.741
711.101 525.857
342.095 444.096
1025.21 511.205
724.517 527.262
681.828 338.233
522.709 608.044
496.097 481.555
467.837 307.506
549.111 585.752
445.303 405.045
954.826 288.938
463.025 497.299
325.215 511.728
994.798 543.541
1271.2 790.696
652.882 329.796
1213.36 746.536
1022.2 536.208
327.615 449.865
1266.72 651.067
1020.61 531.573
629.06 243.336
947.705 535.663
1046.15 505.299
1093.71 691.42
385.953 278.697
1303.89 776.544
1113.97 664.055
1119.2 460.917
1021.59 505.257
1012.89 503.246
474.63 436.689
673.772 581.33
402.357 346.128
625.192 470.728
333.876 362.996
372.762 579.804
470.263 315.777
420.512 552.12
446.969 320.64
644.275 548.146
402.652 426.734
421.312 552.975
318.18 373.182
671.901 140.171
1056.25 491.302
1123.35 557.846
865.707 529.847
1127.38 663.93
860.821 544.619
381.952 574.214
295.181 312.134
465.483 310.252
1092.78 682.025
379.698 412.258
395.56 341.082
466.893 372.555
481.699 372.898
647.303 499.65
1014.03 513.624
531.586 597.197
1076.54 512.954
426.343 271.393
1010.7 547.103
1014.01 535.829
407.054 500.48
526.404 443.128
647.744 488.818
1157.51 602.624
956.328 249.493
706.559 488.036
1034.81 495.408
450.785 543.83
660.714 423.3
370.478 357.381
1174.31 726.019
592.613 341.302
1253.89 662.137
456.807 537.796
383.928 354.193
1046.13 532.847
994.851 505.723
519.389 607.022
528.401 601.007
377.426 282.426
1247.98 641.597
372.355 539.086
1008.94 522.138
727.054 150.348
381.28 573.497
466.953 533.615
1078.04 490.107
1095.36 708.08
327.615 449.865
1019.42 501.021
392.654 565.899
471.564 430.321
397.083 567.789
398.132 569.153
567.328 180.105
485.308 300.731
300.542 396.141
940.278 534.597
938.365 533.744
638.828 536.654
1052.04 489.412
406.974 522.416
337.255 368.455
448.342 542.074
376.351 351.225
1033.73 538.339
422.883 266.349
931.906 261.27
1023.68 524.681
719.836 146.239
670.735 568.847
1225.98 753.415
522.205 404.099
861.918 240.094
439.441 548.102
479.499 466.086
275.762 327.207
436.035 507.256
352.607 633.728
1021.61 515.677
852.143 543.917
381.587 347.881
562.578 587.026
1179.38 734.291
432.783 497.397
391.286 342.893
1007.26 511.891
508.758 448.867
1061.61 491.085
868.285 540.335
522.966 607.106
1049.34 635.391
547.202 595.715
376.388 580.882
840.103 541.515
941.545 530.094
964.716 526.27
313.605 305.95
385.793 452.142
276.871 317.091
392.682 284.204
934.275 533.104
525.387 434.27
638.828 536.654
457.883 241.686
998.063 517.189
384.169 572.56
1048.37 636.749
529.68 603.52
640.888 537.273
540.22 594.522
967.577 523.775
313.197 386.191
464.538 532.41
466.718 309.149
547.777 595.022
945.78 536.522
1167.9 607.486
446.041 312.591
349.047 292.764
297.508 390.994
1012.34 543.398
341.127 365.639
574.767 186.699
519.389 607.022
359.039 545.428
1088.12 540.321
436.798 553.125
465.122 410.667
1033.68 493.297
365.912 351.79
481.277 439.158
427.632 409.404
668.662 579.391
496.639 396.063
290.816 317.999
1018.66 501.405
561.017 582.543
771.046 247.974
392.194 279.532
445.76 318.064
1124.9 696.258
668.662 579.391
1200.4 724.979
695.904 620.006
715.922 472.355
1127.07 488.847
424.818 335.223
400.92 524.921
413.978 332.032
325.472 380.467
618.098 543.899
379.731 346.523
330.199 296.848
299.454 389.585
497.888 225.814
785.301 226.453
365.017 579.4
622.87 563.236
1236.34 639.905
1169.08 781.078
484.599 232.162
709.874 463.292
524.323 358.539
577.895 537.702
575.789 333.107
509.531 475.336
381.993 447.341
554.229 349.231
726.213 428.586
1104.08 467.363
717.645 417.124
483.144 305.104
337.35 373.549
402.648 499.352
1211.9 622.725
474.918 312.272
336.197 366.909
531.182 444.877
987.689 520.08
379.007 348.781
391.286 342.893
674.248 140.313
1069.5 523.417
769.784 217.846
448.843 490.719
714.313 423.363
317.943 384.174
456.56 533.997
637.111 579.855
530.154 593.183
465.213 541.161
1022.09 502.073
978.772 528.742
1001.59 524.589
426.577 557.939
1086.43 537.33
549.151 404.868
792.136 300.88
1118.08 459.265
523.454 601.553
928.786 533.158
616.275 483.622
1033.68 493.297
217.858 329.64
958.867 257.237
959.282 262.204
468.781 316.421
518.745 605.752
559.086 591.715
412.46 327.003
472.117 313.134
417.631 472.876
443.091 327.106
1195.75 628.247
549.677 591.549
500.833 225.723
336.197 366.909
1052.66 522.646
721.358 513.565
447.375 315.861
958.783 534.156
1014.31 506.37
704.417 406.256
422.766 555.902
964.096 532.268
1209.13 626.793
364.151 359.542
269.232 336.257
484.464 309.512
620.779 473.4
951.717 459.154
657.327 311.151
1019.86 507.47
873.154 539.819
1023.41 505.722
1033.2 498.898
434.625 511.336
1053.35 488.577
548.705 408.234
442.406 320.832
316.207 302.428
595.635 465.793
484.643 473.71
413.978 332.032
453.438 308.008
630.743 535.653
1001.13 513.43
1091.33 695.407
419.167 260.298
440.638 489.972
392.498 350.462
493.472 469.867
673.772 581.33
1112 464.101
715.625 414.429
547.964 407.694
375.516 539.334
528.015 599.212
290.325 316.688
1208.63 738.662
471.185 446.59
782.209 228.925
736.498 447.782
623.516 570.706
1008.43 520.583
293.162 315.182
459.851 540.304
1030.9 510.949
950.474 262.352
382.119 354.35
483.144 305.104
453.727 323.746
1048.78 598.728
399.869 527.712
472.819 304.526
400.729 568.815
717.645 417.124
978.772 528.742
383.942 358.575
390.262 287.02
691.623 295.123
381.864 347.033
467.884 476.419
328.846 309.684
967.577 523.775
483.637 487.423
1121.96 560.603
709.932 421.761
255.145 324.55
949.143 537.691
308.884 311.384
478.924 525.149
395.56 341.082
338.134 502.956
784.042 226.542
1193.34 626.021
390.151 570.938
307.85 309.252
940.515 529.202
1122.63 565.188
746.153 413.588
500.679 479.371
1002.17 506.935
990.453 513.623
341.159 292.892
465.593 486.345
1001.92 517.501
381.442 453.65
363.87 581.765
388.18 344.979
516.038 471.717
385.78 358.264
455.782 309.958
363.285 452.275
480.153 302.154
990.382 549.947
945.068 544.135
543.475 585.583
419.446 510.204
372.913 581.861
928.592 537.318
506.769 416.148
422.766 555.902
1180.74 772.184
509.63 612.332
401.481 468.932
601.238 429.616
337.255 368.455
377.494 348.496
419.647 557.936
623.854 539.76
218.623 331.598
928.061 540.909
413.946 559.474
1125.7 699.842
929.654 550.725
335.747 442.179
508.758 448.867
844.25 526.175
466.362 531.314
445.303 405.045
526.985 599.82
379.206 356.003
549.211 586.909
408.866 496.107
440.232 252.686
1207.12 762.226
479.774 529.495
495.184 398.188
666.751 380.163
1127.13 691.555
950.67 540.194
994.744 519.966
523.486 600.254
1242.62 637.888
681.22 333.151
468.005 383.016
691.623 295.123
339.832 371.401
1173.04 774.37
335.747 442.179
456.256 454.373
290.325 316.688
375.601 349.871
370.478 357.381
537.362 453.943
452.825 538.062
367.301 429.559
