2500
700.103 405.256
586.337 266.159
876.711 364.531
857.962 396.072
657.91 478.892
1260.82 591.788
823.59 442.78
700.855 315.011
584.713 269.924
745.562 326.436
544.624 537.325
597.1 250.183
399.173 477.508
822.001 457.242
432.614 320.099
415.726 342.66
1036.13 338.293
1221.56 308.52
1029.78 717.318
534.708 485.912
417.258 482.317
833.408 451.348
732.386 348.394
685.454 404.29
392.724 322.343
502.793 316.726
484.678 321.073
672.048 531.912
989.811 461.074
857.806 400.993
584.864 258.066
883.068 356.311
1100.84 670.912
600.245 245.564
1399.21 715.895
403.616 322.248
408.167 507.479
1025.78 722.036
604.748 382.302
701.775 240.977
712.774 294.336
738.755 325.503
857.136 397.642
693.376 489.959
1033.74 714.761
702.288 370.807
1027.19 739.395
733.118 428.003
344.894 325.602
717.848 455.106
444.227 345.828
479.943 546.19
726.632 444.324
954.119 355.368
1346.11 517.182
626.366 444.7
653.27 446.391
715.734 391.799
436.633 339.812
368.635 320.816
986.696 614.308
655.855 407.203
994.932 773.194
846.855 408.333
670.083 533.045
574.249 293.671
483.34 396.773
424.178 345.595
402.491 352.315
501.276 236.265
1049.36 726.911
713.027 463.441
431.226 319.166
1035.48 334.505
828.868 437.39
729.242 437.753
613.38 448.158
564.483 659.199
520.54 472.054
734.132 422.817
480.961 342.193
359.843 335.289
726.872 338.189
657.514 375.371
1329.74 514.136
420.651 324.509
597.1 250.183
601.902 406.552
861.704 386.007
1265.37 607.895
513.835 241.844
745.093 420.316
872.277 366.43
594.837 266.621
845.101 570.772
722.067 444.423
407.523 329.16
718.145 452.527
892.189 326.538
319.286 322.783
540.267 213.656
679.207 430.405
841.736 427.544
463.354 411.753
871.297 362.098
520.54 472.054
335.409 328.79
710.195 463.591
994.763 481.885
654.073 402.173
686.348 440.59
1027.78 717.832
357.555 320.933
821.57 458.9
426.86 320.038
1248.12 651.813
1116.72 326.224
502.405 324.104
694.676 489.785
363.222 320.764
710.481 295.715
461.04 577.152
1237.81 622.851
501.751 580.749
404.832 498.865
642.574 335.35
883.884 349.027
838.631 431.985
406.382 332.774
671.102 363.792
829.134 440.993
656.452 282.984
408.382 573.538
816.412 607.189
443.33 317.684
574.352 296.674
1347.04 569.631
376.226 507.436
375.889 328.258
1101.14 574.865
842.827 614.809
904.372 322.884
719.281 449.635
1283.88 619.394
704.689 220.947
576.507 465.817
1073.04 616.948
850.335 414.082
725.86 435.641
860.179 404.601
386.614 320.603
855.889 392.919
555.448 514.55
917.819 288.345
889.601 343.707
360.112 523.704
355.005 326.676
666.721 424.252
693.182 492.797
1002.6 699.684
994.237 504.208
876.29 357.62
620.475 395.352
579.863 281.171
485.685 404.719
459.612 325.334
393.918 517.855
1345.98 527.192
574.906 288.894
518.223 447.992
855.467 398.217
944.323 564.901
697.869 492.167
317.543 326.883
425.99 321.865
1000.1 557.757
408.86 330.395
566.426 259.35
851.357 407.14
415.892 435.722
384.845 512.107
1242.5 597.751
1031.79 735.956
704.567 219.854
899.776 325.611
721.877 442.23
392.678 354.9
738.672 323.531
562.576 193.651
574.249 293.671
655.045 317.851
455.151 577.325
646.85 511.358
932.118 278.903
843.78 423.603
1078.48 607.765
339.682 325.778
441.529 315.338
582.786 286.736
717.638 455.199
740.107 422.571
866.096 375.649
922.239 276.594
613.077 199.089
486.375 326.788
387.25 331.862
716.016 350.605
906.91 307.495
712.774 294.336
728.652 433.894
739.762 358.31
690.593 287.927
317.052 585.18
538.656 227.105
575.011 282.6
914.122 294.681
465.898 581.751
401.707 320.271
914.478 289.437
543.69 527.576
721.406 459.789
525.471 515.516
691.498 503.388
831.45 438.363
480.06 395.028
432.592 327.855
520.809 233.593
1101.14 574.865
645.089 322.952
386.909 348.12
630.129 555.774
840.675 415.375
517.83 315.352
577.04 414.275
539.35 506.954
1326.48 528.838
382.686 493.521
384.821 431.911
867.578 379.666
501.864 604.64
690.095 490.893
534.328 339.263
488.254 628.39
572.922 486.116
1033.71 356.483
720.092 278.559
1031.86 345.539
1021.93 284.064
620.873 444.689
463.036 315.99
668.96 420.803
717.717 458.23
870.755 372.67
886.185 355.651
536.241 219.641
457.334 351.204
675.101 286.953
903.359 315.866
592.124 274.267
520.057 474.176
685.844 269.281
648.012 470.197
748.411 413.101
520.296 238.905
882.573 365.311
323.91 321.271
690.593 287.927
529.217 250.621
480.151 630.076
824.704 613.602
461.122 318.63
1029.26 721.792
1058.74 568.401
374.438 328.946
877.485 358.73
732.802 421.64
701.218 407.368
317.763 333.546
504.115 505.816
423.952 329.418
479.749 550.947
645.834 413.558
691.594 364.939
635.733 342.895
611.93 244.589
1094.53 369.613
722.44 450.898
604.943 240.337
1042.53 706.793
972.222 705.153
1034.64 662.197
679.301 284.741
956.329 615.86
845.263 417.845
921.505 287.036
607.929 232.374
1244.56 620.277
383.166 355.015
665.614 424.471
601.264 102.463
673.701 283.223
950.183 594.725
431.627 346.093
599.269 258.121
1219.21 332.913
1263.67 626.701
461.122 318.63
365.298 526.451
378.918 327.237
512.117 255.61
694.742 383.697
906.645 321.294
626.507 462.457
597.779 408.13
675.129 535.722
1272.17 623.199
455.151 577.325
363.126 319.901
424.46 323.299
538.533 520.881
1237.09 594.236
1265.27 611.145
450.628 578.358
565.467 260.269
517.777 496.465
674.366 368.698
925.723 284.249
693.941 497.704
687.63 495.404
426.035 315.559
525.476 526.987
828.553 443.369
563.229 262.823
463.354 411.753
1049.86 741.686
865.438 387.244
369.423 324.568
860.755 399.749
398.436 323.027
462.899 584.304
394.6 346.869
341.707 334.202
532.655 479.103
401.707 320.271
479.89 547.374
386.076 487.646
659.176 304.058
1352.84 537.372
425.826 325.544
597.921 270.17
1100.2 393.449
587.961 276.425
414.896 480.595
594.033 277.405
687.55 269.396
661.133 438.717
727.954 286.369
406.685 584.177
457.263 379.352
680.999 406.337
502.793 316.726
703.842 309.306
587.884 272.863
699.082 343.316
889.601 343.707
585.205 407.226
1282.71 570.351
391.974 352.208
948.703 567.878
726.1 453.595
649.542 472.527
887.184 347.261
461.354 325.078
375.553 437.341
417.258 482.317
716.016 350.605
697.869 492.167
919.604 288.903
798.892 598.301
433.597 329.706
929.322 488.946
923.07 286.561
825.183 612.19
414.837 501.89
519.34 212.295
431.343 329.13
705.648 551.591
426.776 587.406
429.783 520.762
518.769 612.584
692.369 384.421
887.184 347.261
485.197 259.937
373.839 351.437
377.609 436.122
701.023 374.075
820.554 459.235
339.722 328.789
838.631 431.985
1256.66 598.789
953.164 590.69
1239.68 614.409
843.867 427.043
679.077 268.619
315.217 324.87
433.233 474.118
696.686 423.791
408.382 573.538
510.107 347.392
923.419 283.243
704.567 219.854
512.647 313.62
357.555 320.933
573.743 282.603
903.944 318.417
532.214 491.985
668.902 292.169
1058.67 733.184
393.46 502.088
560.496 196.937
857.357 403.672
1278.74 575.257
597.908 272.662
602.432 259.706
625.753 414.698
408.86 330.395
685.454 404.29
395.971 513.929
842.623 426.191
550.597 535.158
1025.6 715.742
651.496 479.227
399.429 330.364
663.866 132.041
635.427 397.788
995.348 535.383
433.597 329.706
824.588 460.343
874.519 373.96
593.519 386.61
1068.79 610.82
893.157 333.928
402.854 332.087
382.686 493.521
683.44 498.656
472.61 405.844
725.158 335.102
649.143 299.611
394.052 328.184
593.782 275.42
838.287 619.74
368.658 323.307
575.762 445.971
717.121 379.492
1250.86 622.502
696.513 421.564
692.614 489.447
382.561 433.186
649.472 300.864
918.699 283.307
379.811 322.336
713.027 463.441
916.13 295.462
591.582 276.344
863.468 382.387
333.765 335.24
422.31 475.746
611.93 244.589
697.528 343.717
538.246 309.753
476.582 393.101
835.884 439.838
1268.72 608.264
554.348 205.859
360.237 325.832
360.323 320.236
994.368 480.124
1024.13 283.176
905.454 634.374
1237.81 622.851
1025.6 715.742
433.562 553.382
694.683 427.857
600.991 101.361
854.694 401.89
1399.21 715.895
645.896 345.647
433.286 476.317
372.349 524.636
1059.09 561.557
696.686 423.791
495.401 347.729
464.427 386.913
418.058 480.18
628.615 420.02
724.742 281.274
534.731 214.711
844.607 420.391
399.844 507.748
377.41 494.729
709.216 457.863
515.804 479.36
734.704 436.75
709.527 479.142
678.208 537.124
410.337 327.06
907.132 302
676.821 427.54
709.564 365.047
412.058 481.519
448.492 316.718
1034.68 697.12
833.839 442.839
624.217 349.186
457.579 579.165
898.346 332.265
699.732 416.864
879.987 359.766
479.652 565.954
683.929 502.106
879.987 359.766
427.929 478.996
964.201 515.687
605.795 236.741
445.372 317.307
1034.46 341.968
1088.29 732.806
495.401 347.729
658.853 387.327
1035.1 364.454
424.178 345.595
961.374 510.658
524.985 315.309
738.777 429.393
701.773 486.259
924.3 281.824
446.201 575.94
876.29 357.62
406.693 339.74
420.835 322.873
846.63 568.298
595.439 255.991
408.479 577.245
396.995 518.294
455.176 552.303
690.306 497.797
740.107 422.571
1082.59 745.513
1055.4 556.635
737.887 425.689
455.222 566.628
593.815 271.777
1253.2 618.464
1289.53 642.421
586.337 266.159
586.889 280.509
525.219 479.849
667.209 132.575
1209.67 323.447
409.765 325.173
1191.4 367.369
885.62 353.248
707.369 277.102
426.782 315.82
910.551 309.533
402.339 346.651
480.81 349.276
676.985 306.912
729.817 449.107
344.749 324.692
584.698 254.087
676.91 286.209
365.954 317.894
389.766 320.136
929.536 275.613
695.411 352.839
1033.74 714.761
722.458 458.014
599.896 252.125
1271.83 645.316
495.256 480.098
815.861 559.509
1073.3 611.871
602.041 246.405
671.372 452.427
402.491 352.315
517.945 311.528
683.804 444.443
590.579 253.656
665.28 304.931
447.903 327.836
523.896 340.28
386.614 320.603
930.244 282.145
689.127 492.588
666.123 468.49
690.593 287.927
733.013 431.633
1049.8 747.839
738.118 431.131
630.56 436.389
529.174 312.671
536.596 489.862
974.743 431.084
655.681 314.439
745.635 349.752
584.713 269.924
738.118 431.131
526.619 466.667
852.306 411.066
1035.92 341.904
455.176 552.303
839.873 565.718
1193.44 328.398
340.065 324.835
408.562 578.387
415.079 483.012
1319.46 658.661
831.679 437.538
706.642 477.418
1051.78 746.624
569.855 494.95
544.394 503.474
403.88 324.822
504.64 250.369
363.39 327.298
1114.02 285.27
1242.5 597.751
592.568 272.164
519.827 613.071
864.451 385.155
976.881 432.651
415.012 328.122
617.084 238.789
751.748 412.437
867.708 368.218
719.958 446.6
609.296 363.421
692.467 420.661
829.134 440.993
534.731 214.711
592.665 268.471
401.708 318.003
861.704 386.007
765.786 582.797
510.191 339.92
903.117 331.774
737.231 318.928
431.627 346.093
579.362 291.074
549.72 203.7
629.841 432.21
855.201 402.778
626.507 462.457
433.472 555.791
549.72 203.7
695.078 487.834
487.683 399.193
517.184 488.591
1268.17 645.102
867.52 372.913
527.139 312.852
600.245 245.564
906.645 321.294
693.094 497.382
648.012 470.197
395.971 513.929
544.974 495.896
1272.17 623.199
593.815 271.777
1273.54 585.028
698.376 241.784
720.063 288.588
594.033 277.405
503.099 340.222
402.737 330.063
1127.8 657.058
562.942 179.66
718.496 346.797
1035.42 337.466
656.764 479.151
1028.27 715.185
732.118 426.926
1099.06 662.854
547.13 203.886
1112.22 672.171
1028.33 668.865
705.361 473.87
1045.69 716.069
342.713 320.629
337.104 321.836
399.044 325.004
394.968 497.949
580.932 278.553
383.756 326.151
910.613 300.391
624.985 393.309
689.127 492.588
1035.64 741.878
727.954 286.369
432.149 323.307
1057.24 556.135
1333.15 521.671
540.113 497.102
690.593 287.927
624.098 454.236
625.753 414.698
926.441 274.949
557.578 515.619
516.846 212.68
669.826 451.628
657.25 297.382
697.899 546.098
774.126 225.952
604.261 114.785
386.909 348.12
914.779 304.169
502.625 495.382
699.391 481.723
924.834 287.207
841.011 435.903
838.835 620.836
743.152 427.074
690.659 353.763
721.877 442.23
518.22 480.362
1289.74 611.676
684.787 269.249
1046.23 714.325
773.115 226.266
863.71 390.285
850.142 406.823
1122.41 655.515
695.078 487.834
1072.39 605.369
1271.83 645.316
1112.81 662.738
1181.45 337.905
638.215 314.542
1232.33 594.339
504.64 250.369
1258.35 627.212
383.785 328.163
525.868 471.535
732.514 345.8
714.703 463.541
923.419 283.243
956.229 485.587
1285.13 641.495
459.285 325.96
556.243 543.24
743.113 419.773
1288.08 641.12
705.029 307.989
881.471 682.955
659.058 438.178
381.573 319.656
698.523 548.009
433.884 546.728
849.995 399.712
537.663 214.389
612.753 244.976
1215.12 310.974
579.362 291.074
534.239 343.792
515.857 629.499
706.826 365.323
847.228 571.991
863.905 386.364
723.281 447.286
403.607 322.784
379.159 323.826
657.295 468.607
932.854 276
1021.93 284.064
374.381 522.885
672.665 534.221
606.427 254.343
902.485 327.432
964.201 515.687
527.879 323.252
839.265 428.051
501.864 604.64
519.653 311.319
483.036 580.635
1046.23 714.325
538.656 227.105
747.87 419.118
503.079 503.523
1035.2 356.812
713.666 465.531
567.673 422.406
515.659 610.869
510.648 501.641
687.354 537.684
660.822 393.348
1052.44 727.682
566.426 259.35
717.717 458.23
884.729 361.675
689.783 543.327
441.286 320.834
419.628 318.081
690.882 354.843
1214.94 334.503
433.819 317.206
731.34 434.103
337.972 331.841
1076.68 733.157
659.058 438.178
1266.92 621.404
515.857 629.499
1036.21 712.085
604.842 497.616
1067.99 604.711
419.722 319.775
484.613 327.171
618.138 399.864
529.653 473.575
415.218 503.175
728.333 428.272
443.098 349.788
929.536 275.613
568.065 176.737
404.723 320.432
1126.5 325.47
514.092 460.483
1304.12 531.26
1329.74 514.136
985.232 616.3
492.075 315.274
723.468 443.629
592.124 274.267
1010.04 517.966
1238.6 607.237
713.666 465.531
720.105 457.192
1206.77 316.622
1073.1 551.108
412.538 328.664
685.322 435.907
383.785 328.163
862.325 388.328
831.122 441.19
831.403 446.243
467.947 435.48
867.141 383.112
391.629 331.138
1034.41 334.792
1406.25 720.487
974.743 431.084
1076.68 733.157
521.54 258.849
612.551 385.673
1035.64 741.878
394.242 515.743
505.044 395.181
881.26 355.645
898.582 325.186
397.573 589.324
341.899 331.441
680.5 538.285
706.427 480.761
873.763 370.643
543.44 496.992
738.314 430.433
621.428 340.221
518.423 238.902
909.757 305.972
570.813 411.238
927.284 292.823
994.245 669.769
876.253 367.634
847.286 416.818
354.827 323.254
318.478 335.28
646.577 375.365
840.993 425.908
662.009 294.782
729.952 441.382
383.11 332.539
601.264 102.463
424.457 317.719
661.3 472.133
655.391 484.929
1036.76 549.972
519.653 315.341
336.223 323.684
505.174 314.236
685.452 499.058
1267.37 640.729
683.542 447.495
530.259 240.744
483.705 343.369
871.532 366.247
618.138 399.864
747.926 346.202
717.638 455.199
370.305 355.745
544.792 501.435
565.467 260.269
821.462 609.985
741.191 426.166
324.234 327.371
583.243 262.492
849.758 417.044
541.409 217.421
707.369 277.102
680.692 536.276
653.277 333.257
861.231 390.707
1070.37 565.131
1289.74 611.676
1019.23 339.079
525.534 529.21
839.265 428.051
314.68 322.772
415.134 318.374
355.005 326.676
505.239 310.389
624.217 349.186
527.884 322.452
684.271 281.538
698.816 492.668
691.885 495.712
915.53 308.989
567.871 198.88
1223.83 455.125
1212 405.174
722.154 360.926
845.381 417.979
1035.42 337.466
918.987 287.383
717.121 379.492
473.647 348.842
480.693 401.009
465.125 434.972
341.947 324.036
864.451 385.155
590.542 280.568
1238.6 607.237
501.84 583.248
675.503 426.686
373.746 500.771
719.938 369.167
657.851 289.157
724.605 381.951
735.466 321.502
1059.21 555.804
1275.34 614.739
413.444 580.291
1051.85 301.467
720.063 288.588
697.127 487.582
519.961 480.636
1082.59 745.513
894.431 327.228
594.336 484.218
922.964 294.784
330.777 324.783
849.695 402.708
394.242 515.743
720.202 214.354
864.398 381.464
1035.42 337.466
391.689 324.703
530.163 220.766
975.652 561.352
883.99 354.154
706.642 477.418
825.174 460.014
1210.85 323.364
404.903 348.301
525.868 471.535
903.359 315.866
1074.86 610.074
589.709 256.113
733.013 431.633
719.281 449.635
688.727 540.192
408.86 330.395
584.258 275.23
951.254 461.219
1082.7 648.609
568.065 176.737
416.167 494.163
1115.52 284.859
321.022 328.141
1240.2 607.755
1246.71 608.843
344.749 324.692
535.089 217.751
559.257 210.098
1275.76 640.541
1039.71 722.3
917.584 303.813
839.977 426.561
1296.41 591.853
684.599 375.199
684.125 441.468
738.755 325.503
1016.82 643.753
318.819 329.196
387.953 507.212
671.378 533.731
830.934 449.401
716.213 297.727
677.522 303.296
642.574 335.35
409.41 480.544
1311.54 543.812
1351.35 574.382
436.158 329.903
394.191 330.643
689.004 500.216
414.685 579.568
738.842 418.116
647.705 399.734
711.883 380.19
620.873 444.689
507.306 505.05
888.557 350.887
728.722 431.178
711.206 377.16
591.35 368.198
533.785 479.863
1233.72 649.484
864.994 391.1
926.811 283.722
821.332 450.303
996.314 522.325
607.929 232.374
589.373 264.407
604.441 248.174
921.365 289.617
637.974 467.193
665.2 131.76
344.214 330.597
409.774 500.392
593.08 257.911
543.44 496.992
599.269 258.121
386.909 348.12
609.652 355.262
602.712 235.702
581.452 364.695
907.281 324.647
1025.93 723.377
897.297 319.834
1054.23 564.354
536.165 314.5
661.698 301.579
582.056 435.762
678.591 448.074
1035.27 349.252
739.133 317.307
504.463 500.447
462.764 350.743
714.415 456.277
687.652 502.493
544.281 204.612
615.672 466.916
1334.25 527.946
380.194 330.086
426.739 327.986
871.532 366.247
342.713 320.629
1265.1 627.024
324.234 327.371
503.344 312.347
734.905 428.781
967.287 670.771
857.585 399.151
489.986 583.186
1213.63 328.953
1191.98 442.477
797.635 393.74
495.262 348.402
1035.14 652.304
903.029 325.238
380.194 330.086
711.471 389.889
591.122 269.905
862.325 388.328
503.099 340.222
393.918 517.855
344.894 325.602
560.62 516.911
774.126 225.952
369.381 353.378
1285.78 581.928
1104.28 678.184
700.855 315.011
597.594 502.439
732.654 291.517
745.628 347.089
417.689 481.299
534.03 484.902
1059.09 561.557
488.128 630.886
837.114 424.744
463.036 315.99
386.598 353.701
694.676 489.785
659.176 304.058
1066.48 719.409
368.065 324.226
1258.35 627.212
1034.02 349.481
666.1 307.564
369.635 512.825
1086.34 642.762
947.906 564.25
787.159 594.134
983.15 759.897
323.932 322.803
998.671 700.146
571.222 285.637
713.831 387.765
890.944 336.508
1267.37 640.729
647.846 408.732
581.821 270.993
447.38 397.536
738.777 429.393
526.902 470.399
896.719 341.132
694.499 501.798
709.661 550.736
365.191 331.758
1002.6 699.684
1242.52 621.548
397.69 478.524
447.887 325.728
525.476 526.987
628.615 420.02
873.143 370.424
497.958 390.897
896.403 327.686
690.217 434.248
525.534 529.21
649.472 300.864
392.154 586.538
673.176 532.629
455.18 575.382
602.331 105.455
530.926 305.661
835.236 426.727
318.098 321.384
1029.19 716.557
883.884 349.027
1073.35 595.964
580.846 285.739
1002.64 559.277
596.792 383.663
1036.13 338.293
506.408 471.272
590.253 274.091
728.948 356.684
550.079 573.05
1280.15 610.037
1040.8 725.928
407.092 507.522
1280.75 623.991
519.827 613.071
601.958 373.065
417.109 327.639
522.831 475.114
1330.71 514.373
840.454 422.009
973.713 702.855
379.811 322.336
422.602 353.172
861.917 396.073
1034.4 711.735
986.784 486.69
443.181 351.815
902.234 318.523
648.84 289.469
388.996 507.705
374.832 354.234
1326.48 528.838
413.444 580.291
411.805 319.98
610.277 131.157
1049.77 549.881
1045.69 716.069
927.742 274.9
907.248 303.789
535.089 217.751
365.298 526.451
987.852 763.115
424.46 323.299
390.855 482.112
390.106 328.345
598.483 264.761
559.379 574.883
402.002 316.507
852.23 397.967
707.871 550.431
1085.09 637.761
391.298 320.556
353.078 440.878
407.749 542.701
392.356 498.882
608.726 235.009
757.678 328.702
894.059 346
411.257 585.407
1206.01 317.869
422.569 479.137
396.122 477.347
675.972 442.033
983.407 431.45
371.963 349.048
1100.84 670.912
1053.3 550.851
742.161 352.165
390.106 328.345
1088.56 744.352
1015.51 360.825
597.578 264.337
369.934 440.426
1014.38 748.444
449.879 326.593
479.954 544.387
723.468 443.629
855.889 392.919
1357.9 575.373
408.562 578.387
1086.34 642.762
903.029 325.238
452.336 579.279
894.431 327.228
686.128 497.181
915.269 298.296
544.974 495.896
461.764 319.741
1078.18 604.71
413.924 434.763
501.864 604.64
467.322 560.18
407.188 558.729
447.887 325.728
932.144 493.639
741.641 317.703
914.128 301.87
867.52 372.913
1054.62 548.202
360.808 445.339
391.107 525.379
399.429 330.364
588.586 270.798
551.257 572.482
436.368 472.176
354.827 323.254
708.649 321.602
323.156 333.312
398.436 323.027
401.344 322.759
317.052 585.18
388.996 507.705
318.098 321.384
450.188 313.386
834.291 447.292
1283.88 619.394
518.22 480.362
1215.72 325.105
712.12 554.897
649.542 472.527
503.439 310.41
655.045 317.851
525.471 515.516
441.947 585.53
1272.37 626.746
829.252 455.425
571.428 282.41
600.133 248.86
745.831 415.89
697.144 547.371
502.719 321.444
477.303 341.604
983.672 618.371
380.121 318.751
737.184 425.046
536.241 219.641
921.594 294.93
697.164 242.078
874.272 363.773
720.613 382.221
587.45 262.861
662.038 301.82
746.218 413.071
1248.56 604.423
481.275 395.595
527.879 323.252
394.333 512.397
587.291 255.002
360.805 328.177
603.174 237.127
928.448 281.721
652.602 514.234
557.273 518.27
1076.23 607.604
579.315 161.821
398.22 334.026
680.904 445.356
697.899 546.098
1266.56 620.047
691.247 486.254
733.174 325.809
849.667 420.265
970.239 535.593
613.704 427.832
1279.51 599.776
691.779 489.063
382.576 352.917
535.089 217.751
320.247 331.399
1272.5 620.012
739.021 425.739
412.939 477.896
995.938 293.94
535.536 491.735
455.128 558.013
426.724 317.685
427.229 352.763
1208.1 316.752
527.788 312.773
473.158 582.344
832.705 438.759
433.286 476.317
835.346 430.59
330.777 324.783
894.303 334.207
394.242 515.743
710.563 336.165
494.781 258.973
687.324 316.672
578.459 447.736
594.858 402.857
890.626 344.422
408.524 580.357
433.748 549.66
893.24 339.325
374.381 522.885
479.72 553.241
842.623 426.191
919.268 291.327
611.908 493.165
369.934 440.426
506.042 503.011
1272.5 620.012
431.606 345.261
354.827 323.254
924.819 290.888
923.629 283.392
425.46 330.997
441.095 583.502
693.941 497.704
889.706 346.009
456.501 348.728
892.933 345.261
521.785 231.023
397.658 408.39
649.54 136.127
1270.01 591.031
433.562 553.382
908.567 312.981
588.586 270.798
923.932 295.346
398.259 325.453
850.142 406.823
1020.48 278.353
383.627 323.507
324.234 327.371
400.855 524.882
587.057 270.011
1282.74 573.352
598.452 238.045
861.603 380.281
1219.67 324.768
522.831 475.114
466.981 322.085
995.938 293.94
888.53 353.919
711.217 462.632
1239.34 607.876
737.979 421.486
826.37 460.456
851.98 403.78
710.841 314.068
1229.82 360.366
568.942 442.113
822.001 457.242
472.61 405.844
1069.74 583.641
698.945 410.74
663.603 447.73
720.151 271.199
674.416 265.328
439.677 632.828
885.709 342.177
678.28 290.783
919.164 285.825
330.777 324.783
829.566 445.829
744.138 346.828
840.223 418.653
826.451 449.467
536.505 307.851
388.386 320.922
869.826 384.372
383.954 321.121
882.177 347.625
1050.38 750.19
707.756 315.642
891.436 342.572
605.095 388.272
462.459 582.405
656.076 276.451
886.047 346.433
594.723 378.44
748.411 413.101
448.492 316.718
908.493 307.653
901.276 318.342
647.705 399.734
871.56 385.226
486.212 318.747
612.753 244.976
332.453 322.881
857.585 399.151
1233.42 610.214
505.641 484.46
624.915 398.639
843.166 413.808
830.151 450.171
1262.73 640.23
419.756 316.27
1082.61 739.793
645.404 468.74
705.858 549.448
890.56 338.707
897.083 335.571
595.07 498.281
575.968 280.372
1025.78 722.036
730.848 446.025
585.322 283.181
893.818 330.182
495.965 484.555
1031.98 353.137
857.357 403.672
700.031 419.184
519.653 315.341
812.265 607.731
1070.37 565.131
631.719 441.342
861.704 386.007
702.7 486.743
867.703 384.35
972.659 565.247
875.629 360.882
398.409 475.599
1278.65 624.079
379.159 323.826
661.626 330.326
915.877 286.293
609.221 491.822
723.234 217.926
561.091 185.237
1082.59 745.513
537.663 214.389
659.852 446.612
714.907 393.745
838.851 424.387
702.288 370.807
614.846 394.314
613.077 199.089
708.935 475.099
364.875 525.365
900.309 318.137
886.185 355.651
1238.58 611.542
703.263 550.836
703.12 478.394
908.493 307.653
962.297 352.368
603.218 249.559
599.473 261.947
1248.3 597.278
854.767 408.165
886.047 346.433
410.143 318.197
369.313 321.065
601.196 367.388
1014.74 615.791
395.501 508.819
742.63 424.323
1232.37 642.119
360.497 330.248
918.694 551.017
1290.27 608.371
398.979 327.247
1035.42 337.466
698.637 408.404
697.044 151.589
687.629 532.695
825.29 445.628
542.044 220.813
425.46 330.997
823.537 454.7
417.058 473.49
554.031 513.964
996.856 533.389
1229.21 356.211
394.333 512.397
1255.44 621.614
1052.81 715.425
519.169 447.896
448.124 317.872
679.805 535.57
536.596 186.367
843.108 569.877
320.178 332.305
833.839 442.839
391.549 496.303
391.298 320.556
479.943 546.19
923.07 286.561
874.718 368.28
720.105 457.192
603.907 249.847
383.756 326.151
834.55 422.945
714.595 350.719
1244.56 620.277
1290.43 613.245
842.745 423.594
1011.5 371.123
675.503 426.686
1329.74 514.136
899.572 259.099
603.907 249.847
535.64 213.17
539.28 215.185
864.419 392.811
854.767 408.165
844.518 416.301
1193.44 328.398
800.908 601.215
531.254 345.122
580.22 432.231
441.266 322.721
557.624 267.956
519.521 259.658
723.303 383.667
847.249 411.874
1294.74 599.635
612.558 249.018
411.257 585.407
484.096 325.309
651.311 305.354
702.495 381.132
1210.98 327.021
508.34 254.608
415.729 320.537
929.536 275.613
885.62 353.248
631.719 441.342
404.832 498.865
662.39 370.788
412.702 329.415
1092.14 738.957
520.619 240.32
1086.72 739.402
662.038 301.82
415.012 328.122
735.717 420.614
593.815 271.777
410.305 584.556
1060.23 558.748
590.542 280.568
645.277 401.717
688.4 542.823
730.746 286.465
510.271 496.579
945.646 562.647
455.128 558.013
604.748 382.302
706.826 365.323
869.15 373.714
386.391 585.205
1103.08 697.656
733.013 431.633
1368.38 582.839
397.139 598.224
697.33 542.657
701.218 407.368
378.888 435.508
725.179 448.294
697.164 242.078
716.016 350.605
660.597 301.16
928.18 285.755
694.676 489.785
494.339 449.581
737.531 413.946
636.151 317.452
909.757 305.972
1230.62 631.718
1074.08 605.788
959.85 485.19
719.995 445.732
448.124 317.872
489.701 584.168
393.724 520.152
1102.72 578.135
653.342 318.338
1376.1 604.32
849.66 409.703
1043.64 702.837
714.703 463.541
1274.24 611.18
1288.16 580.785
683.465 535.633
576.168 162.621
469.284 328.609
465.113 369.66
520.75 478.925
554.348 205.859
707.826 361.123
579.351 131.379
1252.93 621.601
831.679 437.538
984.405 434.808
714.405 270.03
1056.09 552.643
694.835 498.299
710.841 314.068
657.198 172.302
691.779 489.063
525.557 533.886
924.316 321.33
517.314 629.96
525.557 533.886
397.974 327.159
675.972 442.033
1041.32 708.78
1212.25 399.085
643.167 371.88
369.423 324.568
383.627 323.507
1010.04 517.966
392.051 320.424
678.118 428.805
624.217 349.186
1017.67 637.894
831.45 438.363
751.512 328.095
684.355 302.136
779.382 590.359
603.907 249.847
738.416 414.395
1269.16 624.029
640.603 463.395
646.85 511.358
1041.42 720.227
644.811 301.927
1294.91 608.787
624.915 398.639
423.952 329.418
484.613 327.171
919.77 297.891
741.153 415.747
841.116 560.855
536.611 309.759
507.455 316.416
979.831 455.175
587.291 255.002
705.029 307.989
728.948 356.684
619.71 497.147
429.005 317.333
779.99 588.063
394.114 329.889
657.932 376.495
1108.94 667.804
670.7 362.855
660.666 303.545
651.496 479.227
676.91 286.209
432.961 568.485
731.764 421.167
851.841 401.724
907.426 316.233
572.623 296.288
1007.81 404.813
374.587 332.168
646.577 375.365
657.932 376.495
417.181 318.211
726.422 377.545
1271.83 645.316
424.46 323.299
421.305 321.333
1030.82 734.831
501.663 501.538
710.939 465.552
465.089 370.806
829.566 445.829
465.062 374.133
793.598 597.742
835.946 433.265
421.261 575.668
482.251 614.999
436.15 352.433
925.834 281.159
723.53 380.639
422.347 342.432
531.193 339.733
717.638 455.199
676.146 269.893
741.937 355.05
602.225 339.243
883.99 354.154
847.249 411.874
621.428 340.221
414.685 579.568
480.151 630.076
784.045 590.594
551.257 572.482
702.728 374.153
521.406 256.119
688.386 322.964
527.077 308.794
392.896 595.728
1368.02 583.843
539.994 210.863
377.727 354.945
341.65 325.704
630.439 344.739
823.356 462.577
865.113 381.988
919.268 291.327
824.261 445.393
459.608 323.331
1290.43 613.245
658.167 446.3
900.963 325.975
915.847 302.835
1031.65 714.45
374.438 328.946
603.087 382.734
383.185 349.558
341.899 331.441
852.306 411.066
716.167 293.103
374.344 353.45
726.834 447.851
700.582 546.681
561.763 183.746
653.277 333.257
574.252 422.686
737.7 421.312
676.624 329.787
479.812 591.9
618.138 399.864
1189.86 397.74
391.043 494.128
433.783 548.529
574.708 297.502
703.12 478.394
407.272 502.112
850.335 414.082
1308.48 542.483
427.929 478.996
342.25 325.695
993.69 477.988
379.881 351.263
696.603 477.846
413.298 346.07
417.058 473.49
580.287 289.282
1073.1 551.108
574.708 297.502
724.051 450.054
356.928 321.413
514.667 495.763
1206.14 319.408
919.268 291.327
843.824 619.782
708.13 362.131
513.797 259.705
690.095 490.893
403.616 322.248
692.614 489.447
1266.56 620.047
440.981 330.042
697.442 265.353
332.877 335.246
541.281 523.702
669.677 531.004
554.483 221.661
635.342 340.346
962.297 352.368
890.56 338.707
1213.63 328.953
470.333 346.395
560.496 196.937
1116.72 326.224
444.227 345.828
593.102 403.37
781.377 588.307
407.363 483.08
743.653 417.288
1127.73 657.717
576.046 288.347
1100.2 393.449
412.847 353.817
873.763 370.643
916.496 298.45
1285.78 581.928
666.639 470.871
450.702 630.75
888.626 348.294
660.915 316.408
456.501 348.728
608.028 473.872
629.841 432.21
709.702 380.657
1236.72 608.504
612.966 364.743
753.022 335.113
653.451 339.203
669.826 451.628
459.206 343.215
737.896 429.959
1225.09 351.966
726.422 377.545
1126.5 325.47
344.214 330.597
875.946 376.767
587.057 270.011
366.006 319.441
410.575 331.949
1086.72 739.402
648.012 470.197
397.42 411.747
958.718 306.255
383.11 332.539
898.346 332.265
320.178 332.305
447.903 327.836
1071.67 619.391
594.858 402.857
861.177 389.391
654.286 407.577
912.424 301.269
662.374 300.048
870.046 379.346
1207.77 320.293
1277.28 619.174
594.837 266.621
686.819 539.421
1035.43 348.023
1004.9 701.23
1216.54 304.932
890.944 336.508
1001.68 695.884
1005.22 512.969
324.252 334.11
1042.53 706.793
843.78 423.603
743.972 410.302
1239.34 607.876
652.856 315.351
593.049 267.021
1275.76 640.541
827.641 450.122
994.575 643.192
455.151 577.325
1232.18 609.305
720.861 360.178
404.903 348.301
700.299 372.421
970.245 676.104
723.908 219.015
1205.53 316.043
406.685 584.177
383.166 355.015
1057.41 562.619
727.722 212.129
910.551 309.533
838.201 425.837
1023.75 665.692
743.653 417.288
906.539 324.097
861.177 389.391
1036.22 711.963
821.57 458.9
695.932 148.017
1242.02 612.334
848.897 408.8
671.102 363.792
906.208 327.8
988.178 612.18
1226.86 352.834
713.666 465.531
885.379 338.626
587.944 274.391
694.883 494.616
701.773 486.259
505.024 259.256
575.762 445.971
870.046 379.346
830.934 449.401
1025.3 283.373
961.667 643.081
447.184 344.895
479.89 547.374
600.954 510.535
720.613 382.221
1127.73 657.717
1057.41 562.619
738.706 419.691
678.554 264.071
717.848 455.106
893.24 339.325
690.043 495.855
706.427 480.761
690.659 353.763
715.666 460.722
740.377 324.919
1082.59 745.513
1213.75 330.27
557.273 518.27
745.042 412.923
867.703 384.35
900.235 315.07
320.123 335.36
831.122 441.19
417.689 481.299
724.605 381.951
582.849 274.835
661.915 397.697
612.966 364.743
837.983 569.423
694.883 494.616
431.342 317.292
1274.75 621.275
728.652 433.894
823.897 454.382
519.793 627.776
1319.8 509.819
700.103 405.256
344.894 325.602
1278.65 624.079
609.973 356.661
737.706 419.762
345.202 322.568
1026.43 330.508
511.576 470.67
482.251 614.999
1007.81 404.813
1215.12 310.974
916.496 298.45
594.723 378.44
327.207 322.336
887.86 344.503
1264.22 596.202
341.942 328.6
745.075 422.978
705.229 299.215
716.324 447.993
401.088 327.554
666.1 307.564
394.88 439.226
835.523 614.923
894.091 342.301
321.87 326.845
603.087 382.734
635.427 397.788
604.261 114.785
403.836 327.082
742.161 352.165
739.021 425.739
1068.31 602.771
1085.78 543.601
427.642 324.197
668.624 466.677
525.631 536.147
750.638 255.011
726.847 436.18
588.108 115.642
712.725 467.247
587.172 387.23
389.766 320.136
622.753 419.554
660.666 303.545
433.597 329.706
427.929 478.996
727.317 440.92
388.604 351.357
427.271 325.276
853.148 411.382
617.979 415.493
857.136 397.642
608.623 238.655
372.928 500.969
329.341 327.697
397.163 596.72
954.848 460.703
923.706 281.884
778.196 587.55
418.714 327.529
495.508 581.672
693.376 489.959
513.067 251.857
1076.68 733.157
923.801 273.122
410.584 345.076
627.7 339.477
1211.14 405.036
609.296 363.421
525.334 509.852
857.357 403.672
667.16 300.889
830.934 449.401
469.284 328.609
576.168 162.621
577.4 276.942
424.178 345.595
678.28 290.783
539.28 215.185
647.705 399.734
1288.63 641.54
419.713 318.252
695.22 544.072
406.009 334.23
340.065 324.835
1059.7 756.019
429.035 328.612
466.981 322.085
865.113 381.988
690.043 495.855
467.085 573.659
919.137 300.853
455.176 552.303
1280.75 623.991
874.718 368.28
699.156 484.417
418.494 353.732
507.455 316.416
823.953 457.033
382.561 433.186
383.715 330.195
699.666 489.65
594.593 255.761
915.942 294.109
431.343 329.13
326.6 322.139
681.504 367.328
652.602 514.234
669.921 423.846
974.356 317.363
750.822 261.678
1216.99 319.279
397.69 478.524
920.396 286.266
670.167 266.361
700.729 381.341
423.627 322.282
529.174 312.671
854.202 579.122
510.191 339.92
1281.21 622.465
405.408 584.915
418.775 329.484
713.831 387.765
586.676 275.771
825.29 445.628
660.617 283.213
457.334 351.204
1283.04 626.412
884.11 359.123
547.749 485.578
1027.78 717.832
728.722 431.178
717.198 467.067
535.64 213.17
547.13 203.886
822.078 612.299
708.649 321.602
928.856 279.464
702.495 381.132
679.032 300.63
706.093 246.354
1077.39 567.366
689.127 492.588
1254.61 639.38
394.968 497.949
355.005 326.676
924.819 290.888
904.372 322.884
362.657 333.873
582.056 435.762
716.139 466.44
653.277 333.257
741.153 415.747
916.041 563.003
953.813 594.082
842.531 611.548
714.415 456.277
622.82 448.7
893.157 333.928
977.236 730.246
518.223 447.992
665.225 406.938
1281.21 622.465
465.019 376.468
1105.14 665.868
872.277 366.43
1078.8 745.217
649.143 299.611
328.584 327.584
601.367 259.096
441.108 318.023
606.986 241.441
662.374 300.048
829.442 443.986
874.272 363.773
913.655 308.142
726.239 379.04
409.783 481.16
841.116 560.855
702.075 475.17
687.308 345.207
398.979 327.247
412.538 328.664
742.383 414.389
741.675 420.177
732.811 369.378
612.551 385.673
520.296 238.905
585.891 272.409
584.679 261.559
407.092 507.522
701.445 549.616
660.979 284.229
974.356 317.363
679.847 443.982
830.734 438.824
502.856 347.43
841.281 424.295
438.949 343.506
1221.56 308.52
906.149 307.855
394.191 330.643
606.699 522.129
343.677 334.52
824.535 454.63
312.724 324.412
707.826 361.123
1068.36 555.004
1281.37 577.19
1270.01 591.031
1244.07 639.268
896.425 319.407
1295.34 628.32
609.652 355.262
1181.45 337.905
929.405 276.323
420.123 351.598
572.866 292.13
1104.28 678.184
1353.23 576.718
455.16 573.905
370.305 355.745
1037.05 335.489
1029.11 743.39
479.652 565.954
335.409 328.79
985.317 761.33
826.673 456.814
677.066 407.4
423.303 330.861
613.734 242.161
913.737 297.179
1036.21 712.085
645.896 345.647
1245.54 595.817
741.123 421.542
1036.21 712.085
691.633 541.846
562.942 179.66
602.211 407.728
986.784 486.69
1061.89 724.764
1058.74 568.401
677.269 446.22
1057.87 564.399
929.731 272.53
488.25 341.235
1212.09 414.513
394.242 515.743
402.737 330.063
383.444 351.275
530.15 491.759
1092.14 738.957
338.567 325.69
923.271 277.055
630.26 325.588
895.16 338.216
658.167 446.3
574.094 458.325
1404.12 700.165
392.356 498.882
864.451 385.155
586.66 264.114
445.372 317.307
431.467 330.553
680.092 435.485
650.716 473.42
1258.35 627.212
861.464 387.289
734.953 433.719
392.677 323.983
465.125 434.972
1058.67 733.184
413.847 487.839
602.211 407.728
661.643 473.438
692.901 425.805
728.652 433.894
376.483 502.08
1082.61 739.793
884.11 359.123
727.773 318.97
851.841 401.724
864.994 391.1
1108.94 667.804
657.197 439.605
416.167 494.163
904.498 314.905
783.312 592.281
708.13 362.131
919.312 304.143
599.473 261.947
1305.92 549.04
646.577 375.365
648.012 470.197
385.435 586.143
880.072 369.207
584.129 257.72
693.666 485.399
483.961 260.597
846.63 568.298
903.944 318.417
910.613 300.391
657.334 290.001
543.186 287.214
423.952 329.418
844.607 420.391
469.223 582.112
602.225 339.243
386.348 325.531
375.37 508.518
395.363 354.803
630.439 344.739
879.78 349.244
380.464 503.378
432.339 330.437
869.278 379.17
1034.22 368.627
712.818 455.906
730.527 438.162
723.234 217.926
884.11 359.123
775.817 586.512
521.808 614.148
482.505 261.437
1027.89 723.434
836.473 435.936
847.095 406.663
440.702 323.541
519.724 239.266
384.699 487.663
538.346 322.432
987.704 310.085
1285.84 595.895
661.133 438.717
432.614 320.099
612.753 244.976
731.339 427.389
427.46 584.005
416.378 322.926
785.193 591.333
704.847 293.258
505.641 484.46
624.985 393.309
388.932 487.118
844.518 416.301
363.122 519.529
1125.16 658.142
390.118 499.315
544.394 503.474
353.078 440.878
687.706 498.366
680.645 374.219
890.05 349.311
425.57 477.883
821.383 456.393
722.341 194.852
863.95 388.523
708.708 320.573
334.381 327.418
482.505 261.437
444.313 350.196
386.015 328.345
994.237 504.208
401.708 318.003
666.1 307.564
536.952 496.867
377.609 436.122
665.614 424.471
492.901 573.124
784.701 592.795
601.613 254.799
590.542 280.568
544.516 419.758
615.147 395.279
1334.25 527.946
512.801 341.257
902.126 331.442
339.633 330.706
1057.87 564.399
415.134 318.374
603.926 245.062
699.92 480.334
1022.14 722.956
881.052 352.642
505.223 312.238
433.884 546.728
375.553 437.341
1047.8 749.181
695.078 487.834
897.744 330.8
579.118 446.974
413.924 434.763
659.058 438.178
342.76 321.923
1084.69 579.305
827.641 450.122
559.379 574.883
589.151 279.435
572.43 247.283
1018.37 641.721
739.762 358.31
708.577 379.45
488.182 321.053
831.403 446.243
587.45 262.861
1067.99 604.711
431.467 330.553
387.953 507.212
605.095 388.272
831.726 452.203
692.369 384.421
687.223 403.757
732.429 426.123
1058.54 730.752
1018.31 329.697
404.427 352.337
1002.6 699.684
929.668 283.592
989.538 304.319
602.041 246.405
368.635 320.816
595.402 266.583
429.318 482.724
345.258 320.751
710.674 386.329
321.87 326.845
373.73 326.195
1272.45 608.961
573.743 282.603
602.041 246.405
699.391 481.723
666.738 446.699
412.939 477.896
375.37 508.518
505.174 314.236
1057.24 556.135
958.478 361.703
1191.98 442.477
404.322 585.544
505.044 395.181
741.675 420.177
470.413 344.551
622.834 454.539
679.172 429.899
655.855 407.203
722.263 193.806
717.638 455.199
508.932 472.395
840.248 432.142
425.46 330.997
693.182 492.797
492.075 315.274
536.339 221.911
393.724 520.152
660.915 316.408
511.135 258.742
538.232 307.717
354.048 330.354
463.036 315.99
377.241 510.681
874.882 360.559
740.377 324.919
703.239 148.7
844.518 416.301
612.551 385.673
557.877 488.955
461.397 328.748
332.102 320.827
592.665 268.471
1412.79 724.618
624.217 349.186
584.942 273.762
542.032 495.876
1189.86 397.74
602.611 234.692
1019.18 635.738
1080.62 587.85
670.083 533.045
497.502 575.588
495.262 348.402
384.079 322.83
1047.05 746.848
909.395 316.676
821.332 450.303
396.799 480.115
730.527 438.162
715.542 381.03
1018.37 641.721
514.093 255.255
932.779 488.278
509.922 257.573
573.276 279.782
1019.17 336.304
518.423 238.902
1308.48 542.483
619.71 497.147
892.762 343.167
1365.46 585.667
1047.05 746.848
909.395 316.676
581.031 473.64
678.984 428.578
892.762 343.167
733.399 435.989
369.574 512.001
899.142 320.35
890.626 344.422
606.201 500.13
408.524 580.357
518.22 480.362
1348.09 526.962
758.469 325.94
729.296 425.474
455.138 577.955
887.702 339.117
571.263 303.182
545.789 201.682
696.513 421.564
636.896 467.388
392.289 321.286
672.749 372.372
657.699 283.505
1105.14 665.868
750.822 261.678
580.451 415.167
554.483 221.661
724.193 204.648
574.646 444.009
344.749 324.692
1085.31 610.231
581.799 286.393
632.085 442.785
828.092 439.883
420.539 332.103
599.896 252.125
653.66 365.477
1015.51 360.825
472.341 633.154
641.25 466.758
787.042 495.942
455.222 566.628
