1262
399.173 477.508 840.687 597.253
432.614 320.099 1026.83 582.87
534.708 485.912 857.385 740.96
392.724 322.343 1015.95 542.167
484.678 321.073 1040.42 639.242
403.616 322.248 1019.35 553.67
408.167 507.479 808.655 615.158
344.894 325.602 1000.77 495.643
444.227 345.828 1001.17 603.569
479.943 546.19 779.737 699.43
436.633 339.812 1006.39 593.819
483.34 396.773 950.106 658.693
424.178 345.595 996.77 582.408
480.961 342.193 1013.82 641.833
359.843 335.289 994.218 514.652
420.651 324.509 1020.57 571.952
407.523 329.16 1011.61 559.807
319.286 322.783 997.183 468.491
463.354 411.753 927.604 643.334
335.409 328.79 994.321 486.358
426.86 320.038 1028.68 577.67
461.04 577.152 740.664 687.331
501.751 580.749 744.737 731.841
406.382 332.774 1007.44 559.611
408.382 573.538 736.321 634.753
443.33 317.684 1032.87 594.157
376.226 507.436 802.224 583.293
375.889 328.258 1005.58 528.643
386.614 320.603 1018.11 535.299
360.112 523.704 782.421 572.191
355.005 326.676 999.368 506.16
459.612 325.334 1029.74 613.702
393.918 517.855 794.625 603.956
518.223 447.992 897.251 712.752
317.543 326.883 991.881 467.766
425.99 321.865 1024.71 576.267
408.86 330.395 1010.33 561.711
415.892 435.722 890.086 601.573
384.845 512.107 799.79 592.581
392.678 354.9 978.135 552.935
455.151 577.325 740.645 682.845
339.682 325.778 999.976 489.231
441.529 315.338 1036.8 591.509
486.375 326.788 1034.58 642.365
465.898 581.751 737.866 694.496
401.707 320.271 1017.74 551.328
480.06 395.028 950.386 657.521
432.592 327.855 1019.14 585.618
386.909 348.12 984.259 544.77
517.83 315.352 1057.8 674.133
539.35 506.954 833.842 755.754
382.686 493.521 819.298 585.195
488.254 628.39 691.423 730.174
457.334 351.204 997.782 619.315
520.057 474.176 867.975 722.318
374.438 328.946 1002.55 525.834
317.763 333.546 984.179 470.436
504.115 505.816 828.496 713.877
423.952 329.418 1014.07 577.322
479.749 550.947 774.614 700.595
383.166 355.015 975.425 542.779
431.627 346.093 997.987 590.197
461.122 318.63 1037.91 613.558
365.298 526.451 780.13 578.059
378.918 327.237 1008.08 529.783
455.151 577.325 740.645 682.845
363.126 319.901 1012.38 514.103
424.46 323.299 1022.51 575.467
538.533 520.881 817.687 755.01
450.628 578.358 738.968 678.701
517.777 496.465 841.502 726.195
426.035 315.559 1032.13 575.789
525.476 526.987 807.107 743.09
463.354 411.753 927.604 643.334
369.423 324.568 1005.84 517.394
398.436 323.027 1014.28 549.58
462.899 584.304 735.171 692.657
394.6 346.869 988.001 552.24
341.707 334.202 989.333 494.369
532.655 479.103 863.104 738.986
479.89 547.374 778.443 699.701
386.076 487.646 826.36 586.799
425.826 325.544 1021 577.531
414.896 480.595 837.985 612.255
406.685 584.177 726.106 636.18
391.974 352.208 980.523 551.04
375.553 437.341 879.726 561.146
417.258 482.317 838.238 615.139
433.597 329.706 1017.78 587.404
414.837 501.89 815.872 620.383
431.343 329.13 1017.29 584.808
426.776 587.406 725.716 656.629
429.783 520.762 798.347 640.634
518.769 612.584 712.216 759.845
377.609 436.122 881.168 562.617
339.722 328.789 995.252 490.73
315.217 324.87 994.152 468.048
433.233 474.118 850.689 630.82
408.382 573.538 736.321 634.753
357.555 320.933 1008.35 506.229
532.214 491.985 849.079 741.561
393.46 502.088 811.835 598.901
408.86 330.395 1010.33 561.711
399.429 330.364 1009.01 550.377
433.597 329.706 1017.78 587.404
402.854 332.087 1008.26 555.101
382.686 493.521 818.259 587.477
394.052 328.184 1009.38 545.806
382.561 433.186 884.829 566.467
379.811 322.336 1012.54 528.579
333.765 335.24 986.332 486.708
476.582 393.101 952.31 651.125
433.562 553.382 764.009 653.799
433.286 476.317 848.271 631.419
495.401 347.729 1010.28 659.205
464.427 386.913 956.23 637.581
399.844 507.748 806.895 606.916
515.804 479.36 860.367 719.27
410.337 327.06 1014.42 560.192
412.058 481.519 837.985 612.255
448.492 316.718 1036.64 599.109
457.579 579.165 739.501 685.979
427.929 478.996 844.082 627.439
445.372 317.307 1035.41 596.08
495.401 347.729 1010.28 659.205
424.178 345.595 995.758 582.239
446.201 575.94 740.735 673.393
420.835 322.873 1022.73 571.696
408.479 577.245 732.913 635.826
396.995 518.294 794.977 607.147
455.176 552.303 765.85 677.061
455.222 566.628 751.299 680.497
409.765 325.173 1019.51 560.317
426.782 315.82 1032.13 575.789
402.339 346.651 990.052 559.926
480.81 349.276 1005.94 643.746
344.749 324.692 1001.83 494.14
365.954 317.894 1014.06 513.71
389.766 320.136 1017.73 538.635
495.256 480.098 854.986 697.894
447.903 327.836 1022.34 602.182
386.614 320.603 1018.11 535.299
536.596 489.862 852.438 744.797
526.619 466.667 876.805 728.321
455.176 552.303 765.85 677.061
340.065 324.835 999.976 489.231
408.562 578.387 731.781 636.167
415.079 483.012 838.238 615.139
519.827 613.071 712.216 759.845
415.012 328.122 1014.7 567.689
401.708 318.003 1021.76 551.106
431.627 346.093 997.987 590.197
433.472 555.791 761.417 654.416
517.184 488.591 850.3 722.863
544.974 495.896 846.881 755.195
503.099 340.222 1021.89 665.225
342.713 320.629 1006.12 490.732
337.104 321.836 1002.55 485.678
394.968 497.949 816.486 599.034
383.756 326.151 1007.74 534.562
432.149 323.307 1024.88 583.946
540.113 497.102 843.841 749.857
386.909 348.12 984.259 544.77
502.625 495.382 839.804 709.327
383.785 328.163 1005.21 534.855
381.573 319.656 1016.46 529.654
515.857 629.499 694.766 758.991
403.607 322.784 1019.35 553.67
379.159 323.826 1011.52 528.758
503.079 503.523 828.496 713.877
510.648 501.641 834.163 719.845
441.286 320.834 1029.72 592.797
419.628 318.081 1027.89 569.01
433.819 317.206 1031.85 581.387
337.972 331.841 991.425 489.944
515.857 629.499 694.766 758.991
419.722 319.775 1024.86 570.053
484.613 327.171 1032.77 641.388
529.653 473.575 869.265 732.025
415.218 503.175 814.638 620.962
443.098 349.788 995.399 604.258
404.723 320.432 1019.35 553.67
412.538 328.664 1015.6 563.721
383.785 328.163 1007.74 534.562
391.629 331.138 1005.31 544.207
394.242 515.743 796.804 603.397
397.573 589.324 719.052 628.547
341.899 331.441 992.786 493.728
543.44 496.992 846.881 755.195
354.827 323.254 1005.8 503.823
318.478 335.28 982.197 472.882
383.11 332.539 1001.4 535.769
424.457 317.719 1029.62 573.578
336.223 323.684 998.682 488.365
483.705 343.369 1013.14 645.501
544.792 501.435 841.261 756.396
324.234 327.371 993.428 475.253
525.534 529.21 807.107 743.09
314.68 322.772 996.022 463.94
415.134 318.374 1026.49 564.272
480.693 401.009 944.737 659.449
465.125 434.972 901.735 652
341.947 324.036 1001.13 491.055
373.746 500.771 809.074 578.736
413.444 580.291 730.709 641.355
519.961 480.636 859.385 724.035
394.242 515.743 796.804 603.397
404.903 348.301 988.809 562.891
525.868 471.535 873.076 729.055
408.86 330.395 1010.33 561.711
416.167 494.163 823.095 619.634
321.022 328.141 989.805 472.499
344.749 324.692 1001.83 494.14
318.819 329.196 989.452 469.719
387.953 507.212 804.933 595.267
436.158 329.903 1017.5 590.222
394.191 330.643 1007.4 546.124
414.685 579.568 730.709 641.355
507.306 505.05 829.866 716.875
533.785 479.863 863.104 738.986
344.214 330.597 994.561 495.909
409.774 500.392 814.795 616.537
543.44 496.992 846.881 755.195
426.739 327.986 1016.96 579.862
324.234 327.371 993.428 475.253
495.262 348.402 1010.28 659.205
503.099 340.222 1021.89 665.225
393.918 517.855 794.625 603.956
369.381 353.378 974.159 528.505
417.689 481.299 838.238 615.139
534.03 484.902 857.385 740.96
386.598 353.701 978.136 546.099
368.065 324.226 1005.84 517.394
369.635 512.825 795.802 578.378
323.932 322.803 998.318 472.79
447.38 397.536 939.216 621.256
365.191 331.758 998.253 517.319
397.69 478.524 838.917 595.869
525.476 526.987 807.107 743.09
525.534 529.21 807.107 743.09
392.154 586.538 721.142 621.943
455.18 575.382 742.777 682.279
506.408 471.272 868.224 706.646
550.079 573.05 760.156 780.923
407.092 507.522 808.655 615.158
417.109 327.639 1016 569.124
379.811 322.336 1012.54 528.579
422.602 353.172 986.68 583.209
388.996 507.705 804.676 596.345
374.832 354.234 975.348 533.442
413.444 580.291 730.709 641.355
411.805 319.98 1024.22 561.159
365.298 526.451 780.13 578.059
424.46 323.299 1022.51 575.467
390.106 328.345 1008.05 541.672
402.002 316.507 1025.04 550.127
391.298 320.556 1017.73 538.635
353.078 440.878 871.312 539.781
392.356 498.882 815.232 596.641
411.257 585.407 725.476 640.453
396.122 477.347 839.534 594.221
371.963 349.048 980.815 529.77
390.106 328.345 1008.05 541.672
479.954 544.387 781.404 699.044
408.562 578.387 731.781 636.167
452.336 579.279 738.405 680.607
544.974 495.896 846.881 755.195
461.764 319.741 1037.29 615.512
413.924 434.763 890.086 601.573
501.864 604.64 719.048 737.402
407.188 558.729 751.62 630.151
447.887 325.728 1025.95 601.218
360.808 445.339 868.181 549.197
391.107 525.379 785.592 603.292
399.429 330.364 1009.73 550.306
551.257 572.482 761.214 782.187
436.368 472.176 853.31 633.293
354.827 323.254 1005.8 503.823
398.436 323.027 1016.87 548.42
401.344 322.759 1017.74 551.328
388.996 507.705 804.676 596.345
318.098 321.384 998.362 466.756
441.947 585.53 728.876 671.303
477.303 341.604 1013.74 637.727
380.121 318.751 1016.97 528.393
481.275 395.595 950.106 658.693
394.333 512.397 800.789 602.862
360.805 328.177 1001.58 511.504
557.273 518.27 823.238 775.272
398.22 334.026 1004.1 551.635
320.247 331.399 987.599 472.179
412.939 477.896 839.725 609.789
535.536 491.735 849.138 744.705
455.128 558.013 760.091 678.287
426.724 317.685 1029.62 573.578
427.229 352.763 988.555 587.976
473.158 582.344 738.765 702.647
433.286 476.317 848.271 631.419
408.524 580.357 729.794 636.638
433.748 549.66 767.648 653.06
479.72 553.241 772.321 701.015
506.042 503.011 829.866 716.875
431.606 345.261 999.273 590.51
425.46 330.997 1014.02 579.201
441.095 583.502 732.113 670.26
397.658 408.39 918.163 574.305
433.562 553.382 764.009 653.799
398.259 325.453 1013.39 549.08
383.627 323.507 1012.87 533.187
324.234 327.371 993.428 475.253
400.855 524.882 788.079 612.783
466.981 322.085 1035.19 620.191
388.386 320.922 1018.11 535.299
383.954 321.121 1015.29 532.895
462.459 582.405 737.271 692.252
448.492 316.718 1036.64 599.109
486.212 318.747 1043.63 640.514
332.453 322.881 999.826 481.37
419.756 316.27 1030.36 571.214
495.965 484.555 850.056 699.756
398.409 475.599 838.917 595.869
379.159 323.826 1011.52 528.758
364.875 525.365 781.002 577.578
410.143 318.197 1025.4 560.845
369.313 321.065 1011.94 517.69
395.501 508.819 804.59 602.853
360.497 330.248 996.35 512.233
398.979 327.247 1009.01 550.377
425.46 330.997 1014.07 577.322
394.333 512.397 800.789 602.862
519.169 447.896 897.251 712.752
448.124 317.872 1036.64 599.109
320.178 332.305 985.062 472.483
391.549 496.303 818.106 595.055
391.298 320.556 1017.73 538.635
479.943 546.19 779.737 699.43
383.756 326.151 1007.74 534.562
441.266 322.721 1029.72 592.797
411.257 585.407 725.476 640.453
415.729 320.537 1023.39 565.504
412.702 329.415 1012.44 563.354
415.012 328.122 1014.7 567.689
410.305 584.556 726.051 639.269
510.271 496.579 838.948 717.861
455.128 558.013 760.091 678.287
386.391 585.205 721.206 615.712
397.139 598.224 709.194 630.446
378.888 435.508 881.168 562.617
393.724 520.152 792.355 604.335
465.113 369.66 978.193 632.921
525.557 533.886 800.029 744.706
525.557 533.886 800.029 744.706
397.974 327.159 1011.97 550.023
369.423 324.568 1005.84 517.394
383.627 323.507 1012.87 533.187
423.952 329.418 1014.07 577.322
484.613 327.171 1032.77 641.388
429.005 317.333 1031.07 578.64
394.114 329.889 1007.4 546.124
432.961 568.485 746.289 657.633
417.181 318.211 1027.89 569.01
424.46 323.299 1022.51 575.467
421.305 321.333 1022.73 571.696
501.663 501.538 832.521 710.237
465.089 370.806 977.05 633.161
465.062 374.133 971.072 634.632
482.251 614.999 704.048 719.696
414.685 579.568 730.709 641.355
551.257 572.482 761.214 782.187
374.438 328.946 1001.61 524.236
383.185 349.558 982.904 541.656
341.899 331.441 992.786 493.728
374.344 353.45 975.348 533.442
391.043 494.128 819.924 594.129
407.272 502.112 814.02 613.038
427.929 478.996 844.186 626.518
342.25 325.695 999.653 492.12
413.298 346.07 993.441 571.063
356.928 321.413 1007.68 505.295
514.667 495.763 841.221 722.774
403.616 322.248 1019.35 553.67
332.877 335.246 986.332 486.708
470.333 346.395 1006.05 631.485
444.227 345.828 1001.17 603.569
412.847 353.817 984.023 573.234
459.206 343.215 1007.83 619.081
344.214 330.597 994.561 495.909
366.006 319.441 1012.38 514.103
410.575 331.949 1010.33 561.711
397.42 411.747 914.423 575.314
383.11 332.539 1001.4 535.769
320.178 332.305 987.599 472.179
447.903 327.836 1022.34 602.182
324.252 334.11 985.514 476.811
455.151 577.325 740.645 682.845
404.903 348.301 988.91 564.813
406.685 584.177 726.106 636.18
383.166 355.015 975.425 542.779
447.184 344.895 1002.61 606.415
479.89 547.374 778.443 699.701
557.273 518.27 823.238 775.272
320.123 335.36 982.197 472.882
431.342 317.292 1031.85 581.387
344.894 325.602 1001.83 494.14
511.576 470.67 869.648 711.884
482.251 614.999 704.048 719.696
327.207 322.336 999.692 475.9
401.088 327.554 1012.75 552.278
394.88 439.226 882.057 581.356
403.836 327.082 1015.24 555.25
427.642 324.197 1022.73 579.416
389.766 320.136 1017.73 538.635
433.597 329.706 1017.78 587.404
427.929 478.996 844.186 626.518
388.604 351.357 981.124 547.427
427.271 325.276 1022.73 579.416
372.928 500.969 809.074 578.736
329.341 327.697 993.871 479.913
397.163 596.72 710.918 630.042
418.714 327.529 1016.55 571.06
495.508 581.672 743.176 725.7
525.334 509.852 826.877 741.186
424.178 345.595 996.77 582.408
419.713 318.252 1027.76 569.203
406.009 334.23 1005.86 559.785
340.065 324.835 999.976 489.231
429.035 328.612 1016.96 579.862
466.981 322.085 1033.83 620.198
455.176 552.303 765.85 677.061
382.561 433.186 884.829 566.467
383.715 330.195 1005.21 534.855
431.343 329.13 1019.14 585.618
326.6 322.139 999.339 475.249
397.69 478.524 838.917 595.869
423.627 322.282 1024.25 574.569
405.408 584.915 724.839 634.727
418.775 329.484 1014.22 571.612
457.334 351.204 997.782 619.315
394.968 497.949 816.486 599.034
362.657 333.873 994.218 514.652
518.223 447.992 897.251 712.752
465.019 376.468 971.072 634.632
328.584 327.584 993.871 479.913
441.108 318.023 1033.06 590.519
398.979 327.247 1013.39 549.08
412.538 328.664 1012.44 563.354
407.092 507.522 808.557 613.921
394.191 330.643 1007.4 546.124
343.677 334.52 989.617 496.326
312.724 324.412 993.793 462.284
420.123 351.598 988.372 579.94
455.16 573.905 744.252 681.996
370.305 355.745 971.829 530.125
479.652 565.954 756.721 704.52
335.409 328.79 994.321 486.358
423.303 330.861 1013.5 576.945
402.737 330.063 1009.12 555.074
530.15 491.759 848.861 739.469
338.567 325.69 998.682 488.365
392.356 498.882 815.232 596.641
445.372 317.307 1035.41 596.08
431.467 330.553 1015.69 584.887
392.677 323.983 1015.95 542.167
465.125 434.972 901.735 652
413.847 487.839 832.601 615.412
385.435 586.143 720.261 615.359
423.952 329.418 1014.07 577.322
469.223 582.112 738.21 698.519
386.348 325.531 1011.05 538.316
375.37 508.518 800.977 582.727
395.363 354.803 979.177 555.398
380.464 503.378 807.667 586.177
432.339 330.437 1015.69 584.887
384.699 487.663 826.136 585.853
427.46 584.005 729.069 656.398
416.378 322.926 1020.94 569.653
388.932 487.118 827.581 589.534
363.122 519.529 786.828 574.14
353.078 440.878 871.312 539.781
425.57 477.883 844.186 626.518
334.381 327.418 995.587 484.724
444.313 350.196 995.399 604.258
386.015 328.345 1006.97 537.716
401.708 318.003 1021.76 551.106
377.609 436.122 881.168 562.617
492.901 573.124 751.193 721.512
339.633 330.706 993.05 490.708
415.134 318.374 1024.3 565.165
375.553 437.341 879.726 561.146
413.924 434.763 890.086 601.573
342.76 321.923 1003.55 491.469
431.467 330.553 1015.69 584.887
387.953 507.212 804.933 595.267
404.427 352.337 983.36 564.186
368.635 320.816 1011.58 516.977
429.318 482.724 840.359 629.131
345.258 320.751 1005.91 493.386
373.73 326.195 1007.12 524.179
404.322 585.544 724.839 634.727
508.932 472.395 867.742 709.975
425.46 330.997 1014.07 577.322
393.724 520.152 794.625 603.956
354.048 330.354 997.15 505.45
463.036 315.99 1041.28 614.488
377.241 510.681 797.831 583.382
461.397 328.748 1026.94 615.823
332.102 320.827 1001.99 480.593
497.502 575.588 749.542 726.386
495.262 348.402 1010.28 659.205
396.799 480.115 837.594 595.688
369.574 512.001 795.802 578.378
408.524 580.357 729.794 636.638
455.138 577.955 740.645 682.845
344.749 324.692 1001.83 494.14
420.539 332.103 1010.5 574.816
472.341 633.154 683.832 715.289
455.222 566.628 751.299 680.497
586.337 266.159 646.832 255.54
876.711 364.531 509.242 516.183
857.962 396.072 474.986 498.831
657.91 478.892 406.192 328.409
584.713 269.924 642.616 255.476
597.1 250.183 664.812 265.497
822.001 457.242 410.823 466.356
685.454 404.29 483.467 346.871
584.864 258.066 657.107 253.496
600.245 245.564 671.429 266.297
857.136 397.642 473.32 497.925
733.118 428.003 452.454 389.217
717.848 455.106 425.801 377.839
726.632 444.324 436.174 383.268
626.366 444.7 445.692 300.888
715.734 391.799 494.747 370.705
846.855 408.333 462.216 488.239
713.027 463.441 417.733 373.481
828.868 437.39 432.235 472.25
597.1 250.183 665.558 263.668
861.704 386.007 486.66 502.524
872.277 366.43 507.457 512.62
594.837 266.621 645.749 261.512
722.067 444.423 436.554 379.54
892.189 326.538 552.606 531.688
540.267 213.656 708.801 214.94
841.736 427.544 441.734 483.589
871.297 362.098 512.328 510.988
654.073 402.173 489.805 319.003
671.102 363.792 529.606 332.215
850.335 414.082 455.444 491.802
860.179 404.601 465.683 500.732
917.819 288.345 599.045 558.688
889.601 343.707 533.028 529.033
666.721 424.252 463.345 332.475
876.29 357.62 516.722 515.553
855.467 398.217 473.537 495.722
697.869 492.167 388.422 362.18
851.357 407.14 463.306 492.564
899.776 325.611 553.781 539.181
932.118 278.903 609.611 573.358
582.786 286.736 623.086 253.79
717.638 455.199 425.331 376.416
716.016 350.605 542.236 370.115
906.91 307.495 574.152 548.355
728.652 433.894 446.86 384.899
739.762 358.31 531.117 391.314
914.122 294.681 591.223 554.671
914.478 289.437 597.512 555.326
721.406 459.789 421.785 381.304
691.498 503.388 377.064 357.292
831.45 438.363 430.849 474.686
840.675 415.375 455.096 482.677
867.578 379.666 492.627 508.09
620.873 444.689 448.673 295.869
668.96 420.803 466.722 334.225
717.717 458.23 422.485 376.456
870.755 372.67 500.402 510.892
886.185 355.651 518.624 525.405
675.101 286.953 619.29 331.607
648.012 470.197 416.44 320.571
520.296 238.905 681.238 199.131
882.573 365.311 508.077 521.844
877.485 358.73 516.185 517.171
732.802 421.64 460.094 386.919
645.834 413.558 475.954 315.142
691.594 364.939 529.239 350.696
611.93 244.589 671.727 276.466
722.44 450.898 429.694 379.991
604.943 240.337 677.668 269.113
679.301 284.741 622.721 336.788
921.505 287.036 600.633 562.502
607.929 232.374 686.789 272.533
665.614 424.471 463.063 331.222
599.269 258.121 655.635 267.206
906.645 321.294 558.365 546.267
626.507 462.457 428.889 302.712
674.366 368.698 524.25 335.11
925.723 284.249 603.638 566.587
693.941 497.704 382.94 358.913
828.553 443.369 425.688 472.018
860.755 399.749 471.925 501.667
659.176 304.058 600.037 318.88
597.921 270.17 641.858 264.51
587.961 276.425 635.938 256.109
594.033 277.405 633.17 262.972
661.133 438.717 448.165 328.746
703.842 309.306 591.108 357.739
587.884 272.863 639.207 257.21
889.601 343.707 533.028 529.033
726.1 453.595 426.601 383.602
887.184 347.261 528.366 526.417
716.016 350.605 542.236 370.115
697.869 492.167 388.422 362.18
692.369 384.421 504.814 350.872
887.184 347.261 528.366 526.417
701.023 374.075 516.024 357.919
820.554 459.235 409.46 465.16
838.631 431.985 436.103 483.28
843.867 427.043 442.037 485.882
696.686 423.791 461.226 356.771
923.419 283.243 605.492 564.146
602.432 259.706 654.687 268.31
625.753 414.698 477.12 298.991
842.623 426.191 442.037 485.882
651.496 479.227 407.719 323.046
874.519 373.96 499.497 513.517
893.157 333.928 543.7 532.343
683.44 498.656 382.631 350.36
725.158 335.102 559.315 377.673
649.143 299.611 605.228 310.316
593.782 275.42 635.717 262.329
717.121 379.492 508.498 372.395
696.513 421.564 464.031 356.924
649.472 300.864 604.053 310.705
918.699 283.307 605.075 559.61
713.027 463.441 417.733 373.481
916.13 295.462 590.242 556.917
591.582 276.344 635.717 262.329
611.93 244.589 672.26 275.781
697.528 343.717 551.42 353.77
835.884 439.838 428.943 478.921
694.683 427.857 457.36 355.393
854.694 401.89 468.787 495.606
645.896 345.647 551.801 310.863
696.686 423.791 461.226 356.771
628.615 420.02 471.119 301.123
709.216 457.863 422.828 369.179
734.704 436.75 443.394 389.617
709.527 479.142 401.052 371.614
907.132 302 582.177 547.727
709.564 365.047 525.887 365.022
833.839 442.839 425.721 476.9
624.217 349.186 548.346 292.264
699.732 416.864 468.934 359
683.929 502.106 379.429 350.865
605.795 236.741 681.582 267.73
658.853 387.327 505.883 323.252
738.777 429.393 451.374 393.016
701.773 486.259 394.206 365.1
876.29 357.62 516.722 515.553
595.439 255.991 659.178 262.017
690.306 497.797 383.441 356.596
740.107 422.571 458.757 393.363
737.887 425.689 455.925 391.298
586.889 280.509 630.172 256.97
707.369 277.102 629.828 359.366
910.551 309.533 573.029 550.272
676.985 306.912 597.15 332.937
584.698 254.087 660.558 255.473
676.91 286.209 618.853 334.538
722.458 458.014 422.144 380.602
602.041 246.405 670.364 267.946
671.372 452.427 432.918 338.248
590.579 253.656 661.501 258.719
930.244 282.145 605.849 571.585
666.123 468.49 416.435 334.797
733.013 431.633 448.677 388.881
738.118 431.131 449.659 392.317
630.56 436.389 454.377 304.016
745.635 349.752 541.149 396.187
584.713 269.924 643.037 253.26
738.118 431.131 449.659 392.317
852.306 411.066 458.73 493.603
831.679 437.538 430.849 474.686
706.642 477.418 402.897 368.647
864.451 385.155 487.157 504.283
617.084 238.789 679.036 279.775
867.708 368.218 505.788 507.137
719.958 446.6 434.113 378.023
609.296 363.421 533.924 281.812
592.665 268.471 644.174 261.138
861.704 386.007 486.66 502.524
903.117 331.774 546.185 542.13
579.362 291.074 618.31 251.685
629.841 432.21 460.018 303.34
695.078 487.834 394.105 360.495
867.52 372.913 500.89 507.49
600.245 245.564 671.429 266.297
906.645 321.294 558.365 546.267
693.094 497.382 382.94 358.913
648.012 470.197 416.44 320.571
593.815 271.777 640.426 262.824
718.496 346.797 546.6 372.392
732.118 426.926 454.18 387.099
705.361 473.87 406.229 367.83
625.753 414.698 477.12 298.991
669.826 451.628 433.936 336.537
657.25 297.382 607.225 316.936
914.779 304.169 579.638 554.833
699.391 481.723 399.25 363.101
924.834 287.207 600.129 566.151
841.011 435.903 432.879 483.477
743.152 427.074 453.736 396.65
721.877 442.23 438.663 379.039
850.142 406.823 463.851 491.425
695.078 487.834 394.105 360.495
714.703 463.541 414.969 374.008
923.419 283.243 605.492 564.146
705.029 307.989 591.108 357.739
849.995 399.712 471.674 491.118
612.753 244.976 671.727 276.466
706.826 365.323 525.242 362.394
863.905 386.364 486 503.866
606.427 254.343 660.208 270.821
839.265 428.051 440.746 482.115
713.666 465.531 414.969 374.008
660.822 393.348 497.438 325.16
717.717 458.23 423.316 377.557
884.729 361.675 511.932 524.106
659.058 438.178 448.302 326.548
728.333 428.272 453.098 383.553
723.468 443.629 437.112 380.861
592.124 274.267 638.872 260.646
720.105 457.192 423.316 377.557
685.322 435.907 449.264 348.227
831.122 441.19 427.179 475.155
831.403 446.243 423.102 475.522
867.141 383.112 489.075 507.332
898.582 325.186 554.847 538.036
706.427 480.761 399.582 368.416
873.763 370.643 502.604 513.216
738.314 430.433 449.659 392.317
909.757 305.972 577.603 549.818
927.284 292.823 592.986 567.941
847.286 416.818 452.901 488.795
840.993 425.908 443.76 483.158
662.009 294.782 608.977 321.892
729.952 441.382 438.977 385.844
661.3 472.133 412.397 331.566
655.391 484.929 399.748 327.609
685.452 499.058 381.3 351.101
683.542 447.495 437.091 348.058
871.532 366.247 508.196 511.312
747.926 346.202 545.186 398.3
717.638 455.199 425.331 376.416
849.758 417.044 452.23 491.371
707.369 277.102 629.828 359.366
861.231 390.707 481.043 501.301
839.265 428.051 440.746 482.115
624.217 349.186 548.346 292.264
684.271 281.538 625.181 339.966
698.816 492.668 387.676 362.928
915.53 308.989 573.398 556.143
722.154 360.926 529.213 376.282
845.381 417.979 451.855 486.912
918.987 287.383 600.255 560.034
717.121 379.492 508.498 372.395
864.451 385.155 487.157 504.283
724.605 381.951 506.488 379.144
697.127 487.582 393.264 361.336
922.964 294.784 590.869 563.372
849.695 402.708 468.665 490.922
864.398 381.464 490.803 504.431
530.163 220.766 701.904 207.643
706.642 477.418 402.897 368.647
825.174 460.014 408.08 469.652
589.709 256.113 659.167 257.368
584.258 275.23 636.948 253.887
917.584 303.813 579.755 558.085
839.977 426.561 442.862 481.878
684.599 375.199 515.981 345.013
684.125 441.468 443.015 348.021
830.934 449.401 419.357 474.391
677.522 303.296 598.704 333.49
689.004 500.216 380.799 355.318
711.883 380.19 508.231 367.194
620.873 444.689 448.673 295.869
888.557 350.887 524.032 527.828
728.722 431.178 450.16 384.381
821.332 450.303 418.268 466.663
607.929 232.374 686.789 272.533
589.373 264.407 648.794 258.488
604.441 248.174 668.539 271.278
921.365 289.617 597.277 562.063
637.974 467.193 420.269 311.653
602.712 235.702 683.076 267.369
907.281 324.647 554.646 546.749
897.297 319.834 560.892 537.172
661.698 301.579 602.117 321.35
678.591 448.074 436.569 343.658
714.415 456.277 424.449 374.058
871.532 366.247 508.196 511.312
734.905 428.781 452.454 389.217
857.585 399.151 471.628 498.316
903.029 325.238 553.122 542.719
591.122 269.905 643.76 258.917
837.114 424.744 445.31 479.395
659.176 304.058 600.613 320.184
666.1 307.564 593.385 325.691
713.831 387.765 499.722 369.435
890.944 336.508 540.932 530.593
647.846 408.732 480.945 315.575
581.821 270.993 643.037 253.26
738.777 429.393 451.374 393.016
896.719 341.132 536.416 534.893
694.499 501.798 378.771 360.122
628.615 420.02 471.119 301.123
873.143 370.424 502.604 513.216
690.217 434.248 450.68 353.157
649.472 300.864 604.053 310.705
883.884 349.027 526.495 524.007
580.846 285.739 623.753 252.996
840.454 422.009 447.811 482.846
861.917 396.073 475.519 503.172
902.234 318.523 562.722 540.921
648.84 289.469 614.547 308.856
907.248 303.789 581.834 548.771
535.089 217.751 704.049 210.849
598.483 264.761 648.503 265.54
608.726 235.009 683.346 272.507
757.678 328.702 561.606 405.073
894.059 346 529.852 533.112
675.972 442.033 442.706 341.016
742.161 352.165 539.589 393.871
597.578 264.337 649.084 264.821
723.468 443.629 437.112 380.861
915.269 298.296 586.607 556.392
867.52 372.913 500.89 507.49
834.291 447.292 420.877 477.768
649.542 472.527 415.135 322.741
829.252 455.425 412.558 473.243
600.133 248.86 667.35 266.151
737.184 425.046 455.889 391.4
874.272 363.773 510.75 514.296
720.613 382.221 505.084 375.366
587.45 262.861 652.378 254.303
662.038 301.82 602.117 321.35
746.218 413.071 468.437 398.002
603.174 237.127 681.582 267.73
928.448 281.721 606.519 569.737
680.904 445.356 440.36 344.839
691.247 486.254 394.285 357.831
849.667 420.265 448.975 491.026
691.779 489.063 392.363 356.882
535.089 217.751 704.049 210.849
739.021 425.739 455.008 393.021
832.705 438.759 430.289 475.842
835.346 430.59 438.909 478.22
894.303 334.207 543.519 533.595
890.626 344.422 531.764 530.073
893.24 339.325 537.118 532.889
924.819 290.888 594.593 565.354
693.941 497.704 382.94 358.913
889.706 346.009 530.097 528.588
892.933 345.261 530.522 532.015
908.567 312.981 568.29 549.062
588.586 270.798 641.095 257.638
923.932 295.346 590.316 564.393
598.452 238.045 679.842 264.616
861.603 380.281 492.678 501.898
995.938 293.94 583.754 637.2
888.53 353.919 520.267 528.249
737.979 421.486 460.153 391.712
826.37 460.456 407.544 470.961
710.841 314.068 583.591 361.765
822.001 457.242 410.823 466.356
698.945 410.74 474.733 358.167
885.709 342.177 535.113 525.089
919.164 285.825 602.301 560.397
829.566 445.829 422.055 474.202
840.223 418.653 451.82 482.381
826.451 449.467 419.151 470.215
869.826 384.372 487.102 510.086
882.177 347.625 528.574 521.751
707.756 315.642 583.591 361.765
891.436 342.572 533.766 531.12
886.047 346.433 528.366 526.417
748.411 413.101 468.854 400.06
901.276 318.342 562.722 540.921
871.56 385.226 486.517 511.507
612.753 244.976 671.727 276.466
857.585 399.151 471.628 498.316
624.915 398.639 493.967 296.4
830.151 450.171 417.444 473.739
890.56 338.707 538.821 529.786
897.083 335.571 542.332 537.024
730.848 446.025 434.313 387.42
893.818 330.182 548.314 533.078
700.031 419.184 465.67 359.58
861.704 386.007 486.66 502.524
875.629 360.882 513.812 515.53
659.852 446.612 440.686 328.864
714.907 393.745 492.932 370.547
886.185 355.651 518.624 525.405
703.12 478.394 402.526 365.405
603.218 249.559 666.047 268.81
599.473 261.947 652.316 266.558
854.767 408.165 461.981 495.695
886.047 346.433 528.366 526.417
825.29 445.628 423.361 469.273
542.044 220.813 702.28 216.96
833.839 442.839 425.721 476.9
874.718 368.28 505.511 514.156
720.105 457.192 423.316 377.557
603.907 249.847 666.35 269.773
834.55 422.945 446.656 476.622
603.907 249.847 666.35 269.773
539.28 215.185 708.801 214.94
864.419 392.811 478.168 504.58
854.767 408.165 461.981 495.695
723.303 383.667 503.594 377.803
847.249 411.874 458.694 488.692
612.558 249.018 667.923 276.125
651.311 305.354 598.637 312.303
885.62 353.248 521.596 525.143
662.038 301.82 602.117 321.35
590.542 280.568 629.877 260.163
706.826 365.323 525.887 365.022
869.15 373.714 500.014 508.759
733.013 431.633 448.677 388.881
725.179 448.294 431.795 382.094
716.016 350.605 542.236 370.115
660.597 301.16 602.117 321.35
737.531 413.946 467.874 390.602
909.757 305.972 576.09 549.143
719.995 445.732 434.847 376.616
714.703 463.541 416.797 375.11
831.679 437.538 431.993 474.996
691.779 489.063 392.363 356.882
675.972 442.033 442.706 341.016
678.118 428.805 457.996 343.202
624.217 349.186 548.346 292.264
831.45 438.363 430.849 474.686
751.512 328.095 564.324 399.048
684.355 302.136 600.155 340.776
603.907 249.847 666.35 269.773
738.416 414.395 467.454 391.648
624.915 398.639 493.967 296.4
660.666 303.545 600.613 320.184
651.496 479.227 407.719 323.046
731.764 421.167 460.191 386.001
907.426 316.233 564.64 547.465
646.577 375.365 519.473 310.398
726.422 377.545 510.48 379.899
710.939 465.552 415.128 371.465
829.566 445.829 422.055 474.202
835.946 433.265 435.943 478.607
925.834 281.159 608.273 566.421
717.638 455.199 425.331 376.416
676.146 269.893 638.469 329.991
741.937 355.05 535.387 393.371
702.728 374.153 516.037 359.295
824.261 445.393 423.361 469.273
658.167 446.3 441.319 327.101
852.306 411.066 458.73 493.603
726.834 447.851 432.956 383.261
580.287 289.282 620.145 252.396
708.13 362.131 529.555 364.032
692.614 489.447 392.363 356.882
890.56 338.707 537.927 530.305
743.653 417.288 464.509 396.465
873.763 370.643 502.604 513.216
916.496 298.45 586.134 557.342
888.626 348.294 528.417 527.36
660.915 316.408 584.368 319.356
709.702 380.657 508.105 365.661
753.022 335.113 558.395 402.484
669.826 451.628 433.936 336.537
875.946 376.767 495.691 515.409
587.057 270.011 642.616 255.476
648.012 470.197 416.44 320.571
861.177 389.391 482.459 501.475
662.374 300.048 604.34 320.25
870.046 379.346 492.667 509.946
890.944 336.508 540.932 530.593
843.78 423.603 445.721 485.99
743.972 410.302 472.069 396.584
593.049 267.021 645.749 261.512
827.641 450.122 418.042 471.815
910.551 309.533 573.029 550.272
838.201 425.837 444.043 480.452
743.653 417.288 464.509 396.465
906.539 324.097 555.276 545.967
861.177 389.391 482.459 501.475
671.102 363.792 529.606 332.215
906.208 327.8 550.453 545.501
713.666 465.531 414.969 374.008
885.379 338.626 538.811 524.604
587.944 274.391 635.938 256.109
701.773 486.259 394.206 365.1
870.046 379.346 492.667 509.946
830.934 449.401 419.357 474.391
738.706 419.691 461.695 392.407
717.848 455.106 425.801 377.839
893.24 339.325 537.118 532.889
706.427 480.761 399.582 368.416
715.666 460.722 419.734 375.126
740.377 324.919 570.919 390.916
745.042 412.923 468.854 400.06
867.703 384.35 487.536 507.556
900.235 315.07 566.483 540.204
831.122 441.19 427.179 475.155
724.605 381.951 506.488 379.144
582.849 274.835 637.182 252.364
612.966 364.743 533.924 281.812
823.897 454.382 414.008 468.137
737.706 419.762 461.779 391.691
916.496 298.45 586.134 557.342
887.86 344.503 532.017 526.922
705.229 299.215 603.032 358.012
716.324 447.993 433.026 374.547
666.1 307.564 593.385 325.691
894.091 342.301 533.725 533.253
742.161 352.165 539.589 393.871
739.021 425.739 455.008 393.021
668.624 466.677 418.133 336.751
726.847 436.18 445.075 383.187
712.725 467.247 413.422 372.816
622.753 419.554 473.672 294.279
660.666 303.545 600.613 320.184
853.148 411.382 458.144 494.441
857.136 397.642 473.32 497.925
608.623 238.655 679.598 273.039
693.376 489.959 392.363 356.882
627.7 339.477 559.376 294.646
609.296 363.421 533.924 281.812
830.934 449.401 419.357 474.391
919.137 300.853 583.272 559.585
874.718 368.28 505.511 514.156
823.953 457.033 411.276 468.654
699.666 489.65 391.393 363.187
594.593 255.761 659.178 262.017
669.921 423.846 463.706 335.385
974.356 317.363 556.393 614.243
586.676 275.771 635.938 256.109
825.29 445.628 423.361 469.273
717.198 467.067 413.007 377.198
547.13 203.886 721.864 220.288
924.819 290.888 595.198 565.606
716.139 466.44 413.571 375.965
714.415 456.277 424.449 374.058
893.157 333.928 543.7 532.343
649.143 299.611 605.228 310.316
601.367 259.096 654.687 268.31
662.374 300.048 604.34 320.25
829.442 443.986 424.898 472.985
874.272 363.773 510.75 514.296
913.655 308.142 573.931 553.546
726.239 379.04 508.173 379.83
702.075 475.17 405.599 364.739
687.308 345.207 550.116 344.792
742.383 414.389 467.676 395.455
741.675 420.177 462.221 394.236
732.811 369.378 519.307 385.231
585.891 272.409 639.404 253.953
584.679 261.559 652.378 254.303
974.356 317.363 556.393 614.243
679.847 443.982 440.36 344.839
906.149 307.855 575.164 546.126
896.425 319.407 561.233 536.295
826.673 456.814 411.268 470.668
677.066 407.4 480.587 339.703
613.734 242.161 676.514 277.956
913.737 297.179 588.526 554.265
645.896 345.647 551.801 310.863
741.123 421.542 459.665 394.575
895.16 338.216 538.914 534.739
658.167 446.3 441.319 327.101
864.451 385.155 486 503.866
586.66 264.114 649.656 255.778
680.092 435.485 451.117 343.202
650.716 473.42 413.1 322.988
661.643 473.438 411.187 331.741
884.11 359.123 514.704 523.42
727.773 318.97 577.866 378.074
657.197 439.605 448.302 326.548
904.498 314.905 566.341 544.82
708.13 362.131 529.555 364.032
919.312 304.143 579.456 559.4
599.473 261.947 652.316 266.558
646.577 375.365 519.473 310.398
648.012 470.197 416.44 320.571
880.072 369.207 503.674 519.605
584.129 257.72 657.107 253.496
693.666 485.399 394.285 357.831
910.613 300.391 584.516 551.23
879.78 349.244 526.725 519.356
869.278 379.17 492.667 509.946
884.11 359.123 514.704 523.42
836.473 435.936 433.103 478.952
847.095 406.663 463.591 489.104
987.704 310.085 563.979 628.381
612.753 244.976 671.727 276.466
731.339 427.389 454.049 386.13
821.383 456.393 412.249 466.301
708.708 320.573 577.788 362.824
666.1 307.564 593.385 325.691
665.614 424.471 463.063 331.222
601.613 254.799 660.375 267.108
590.542 280.568 629.877 260.163
902.126 331.442 546.503 541.168
603.926 245.062 671.656 269.619
881.052 352.642 523.002 520.203
695.078 487.834 394.105 360.495
659.058 438.178 448.302 326.548
827.641 450.122 418.042 471.815
739.762 358.31 531.117 391.314
708.577 379.45 509.843 364.585
831.726 452.203 416.703 475.699
692.369 384.421 504.814 350.872
929.668 283.592 603.008 571.573
602.041 246.405 670.364 267.946
595.402 266.583 644.821 264.682
602.041 246.405 670.364 267.946
666.738 446.699 440.231 334.935
958.478 361.703 503.168 595.348
717.638 455.199 425.331 376.416
840.248 432.142 436.103 483.28
693.182 492.797 388.451 358.229
536.339 221.911 700.952 213.172
874.882 360.559 514.446 514.5
740.377 324.919 570.919 390.916
592.665 268.471 644.174 261.138
624.217 349.186 548.346 292.264
584.942 273.762 638.772 254.194
602.611 234.692 683.076 267.369
909.395 316.676 564.001 548.856
715.542 381.03 507.027 371.054
892.762 343.167 533.725 533.253
909.395 316.676 564.001 548.856
678.984 428.578 457.734 342.755
892.762 343.167 533.766 531.12
733.399 435.989 444.268 388.653
899.142 320.35 559.767 539.385
758.469 325.94 568.293 406.928
729.296 425.474 456.196 384.076
887.702 339.117 538.348 526.924
696.513 421.564 464.031 356.924
657.699 283.505 624.665 316.179
581.799 286.393 623.086 253.79
828.092 439.883 429.23 471.469
599.896 252.125 663.845 265.783
653.66 365.477 529.614 317.364
641.25 466.758 420.717 315.508
1036.13 338.293 890.9 211.932
989.811 461.074 828.355 318.902
1346.11 517.182 1157.82 404.793
1035.48 334.505 892.083 207.782
1329.74 514.136 1142.72 401.157
994.763 481.885 829.284 338.602
1116.72 326.224 970.371 209.735
1345.98 527.192 1158.24 414.072
1326.48 528.838 1136.65 414.099
1033.71 356.483 886.729 228.346
1031.86 345.539 886.661 217.476
1058.74 568.401 875.202 425.182
1094.53 369.613 942.075 248.182
1219.21 332.913 1067.41 225.677
1278.74 575.257 1082.9 452.89
994.368 480.124 829.218 336.997
1059.09 561.557 876.706 419.45
1034.46 341.968 890.02 214.708
1035.1 364.454 886.413 235.888
1209.67 323.447 1059.66 215.936
1191.4 367.369 1034.32 255.318
1035.92 341.904 891.2 214.809
1114.02 285.27 975.271 171.029
1035.42 337.466 890.9 211.932
1333.15 521.671 1144.61 408.145
1289.74 611.676 1087.12 486.259
1181.45 337.905 1029.35 226.92
1215.12 310.974 1066.87 204.798
1035.2 356.812 888.057 228.698
1214.94 334.503 1063.27 226.531
1126.5 325.47 979.887 209.959
1304.12 531.26 1114.44 414.851
1329.74 514.136 1142.72 401.157
1010.04 517.966 837.898 373.767
1206.77 316.622 1058.25 209.152
1073.1 551.108 891.713 411.665
1034.41 334.792 891.081 207.86
1036.76 549.972 857.824 406.119
1070.37 565.131 886.75 423.861
1212 405.174 1047.4 292.117
1035.42 337.466 890.9 211.932
1059.21 555.804 878.226 414.259
1210.85 323.364 1060.63 215.718
1115.52 284.859 974.99 169.763
1296.41 591.853 1096.82 468.87
1311.54 543.812 1119.31 426.782
1351.35 574.382 1154.81 459.679
1035.27 349.252 889.456 221.602
1334.25 527.946 1144.62 413.854
1285.78 581.928 1088.27 459.077
1059.09 561.557 876.706 419.45
1034.02 349.481 888.333 221.54
1330.71 514.373 1143.36 401.451
986.784 486.69 821.219 342.129
1206.01 317.869 1057.3 210.845
983.407 431.45 826.916 290.705
1053.3 550.851 873.309 408.764
1054.62 548.202 874.776 406.835
1279.51 599.776 1079.33 474.656
1208.1 316.752 1059.29 209.355
1282.74 573.352 1086.74 449.287
1229.82 360.366 1072.79 252.101
1069.74 583.641 883.229 440.401
1031.98 353.137 885.512 224.648
1070.37 565.131 886.75 423.861
1035.42 337.466 890.9 211.932
996.856 533.389 823.224 386.238
1229.21 356.211 1072.71 248.279
1329.74 514.136 1142.72 401.157
1193.44 328.398 1043 220.348
1294.74 599.635 1093.73 475.246
1210.98 327.021 1060.57 219.342
1368.38 582.839 1168.47 465.967
1288.16 580.785 1090.7 458.222
1212.25 399.085 1049.02 286.656
1010.04 517.966 837.898 373.767
1294.91 608.787 1092.34 483.904
1189.86 397.74 1027.65 283.437
1308.48 542.483 1116.5 425.639
993.69 477.988 829.116 335.283
1206.14 319.408 1057.3 210.845
1116.72 326.224 970.371 209.735
1285.78 581.928 1088.27 459.077
1225.09 351.966 1070 243.626
1126.5 325.47 979.887 209.959
1207.77 320.293 1058.66 212.725
1035.43 348.023 889.456 221.602
1005.22 512.969 834.514 368.692
1057.41 562.619 876.706 419.45
1226.86 352.834 1070.85 244.786
1057.41 562.619 876.706 419.45
1213.75 330.27 1062.51 222.667
1319.8 509.819 1133.08 396.641
1215.12 310.974 1066.87 204.798
1216.99 319.279 1067.62 213.265
1077.39 567.366 892.558 426.804
1068.36 555.004 886.7 414.418
1181.45 337.905 1029.35 226.92
1353.23 576.718 1154.81 459.679
1037.05 335.489 893.249 209.405
1058.74 568.401 875.202 425.182
1212.09 414.513 1046.54 300.895
1305.92 549.04 1112.81 430.707
1034.22 368.627 885.279 239.641
1334.25 527.946 1144.62 413.854
1084.69 579.305 897.842 438.008
1189.86 397.74 1027.65 283.437
1308.48 542.483 1116.5 425.639
1365.46 585.667 1166.1 468.848
1348.09 526.962 1158.24 414.072
