0 178
1 1481
2 4631
3 4530
4 1118
5 2285
6 1290
7 2177
8 4016
9 267
10 842
11 4389
12 721
13 4616
14 1774
15 964
16 1624
17 1529
18 1162
19 2571
20 2806
21 1858
22 1072
23 1214
24 2820
25 1025
26 4213
27 690
28 712
29 2147
30 1492
31 403
32 4149
33 3482
34 2851
35 1750
36 1568
37 4288
38 198
39 2729
40 2519
41 1591
42 1939
43 2429
44 3394
45 4632
46 1306
47 1176
48 2300
49 2417
50 3637
51 4417
52 1153
53 1397
54 1827
55 4668
56 4320
57 2642
58 862
59 4148
60 699
61 208
62 2731
63 1921
64 1570
65 3938
66 2264
67 1676
68 4714
69 276
70 1719
71 2735
72 942
73 2256
74 70
75 1958
76 221
77 1021
78 4590
79 440
80 2332
81 4444
82 331
83 2000
84 4496
85 1752
86 536
87 4273
88 3849
89 2449
90 4340
91 448
92 2451
93 2152
94 2398
95 3182
96 1721
97 1175
98 2046
99 817
100 568
101 43
102 99
103 2933
104 1980
105 2577
106 3608
107 2451
108 716
109 2751
110 31
111 4766
112 1673
113 4616
114 2821
115 3882
116 2265
117 1771
118 3778
119 1677
120 3152
121 2206
122 3548
123 1545
124 4531
125 4304
126 32
127 3816
128 1708
129 2003
130 1111
131 1867
132 4649
133 2663
134 986
135 4392
136 1091
137 2221
138 855
139 12
140 1097
141 3930
142 1153
143 1406
144 2183
145 4178
146 4201
147 4262
148 1351
149 1928
150 1746
151 2434
152 2437
153 1420
154 2465
155 631
156 3630
157 1923
158 1915
159 3540
160 4450
161 1262
162 3109
163 1620
164 753
165 971
166 646
167 2397
168 4200
169 1625
170 3239
171 619
172 4234
173 3601
174 3713
175 661
176 1719
177 3247
178 1924
179 4105
180 2218
181 3412
182 1376
183 1520
184 4330
185 66
186 1639
187 3190
188 485
189 1251
190 234
191 4063
192 2623
193 456
194 3281
195 2088
196 1688
197 997
198 1455
199 3163
200 1427
201 486
202 1930
203 2991
204 990
205 2325
206 4321
207 1368
208 3308
209 3200
210 3296
211 1151
212 3561
213 3494
214 1510
215 3977
216 1540
217 1745
218 2108
219 1818
220 1866
221 2953
222 1101
223 1148
224 2585
225 925
226 1860
227 955
228 2902
229 3589
230 177
231 1179
232 2603
233 1961
234 2883
235 1825
236 2554
237 4659
238 1226
239 1825
240 4512
241 974
242 3498
243 1042
244 1617
245 460
246 2250
247 4704
248 2890
249 3734
250 1929
251 1137
252 1235
253 243
254 4514
255 3623
256 3446
257 3287
258 381
259 4591
260 2177
261 4812
262 4383
263 4052
264 1249
265 1725
266 2180
267 3041
268 2532
269 612
270 3068
271 345
272 1606
273 844
274 3277
275 1187
276 4090
277 1648
278 1578
279 4607
280 2696
281 2838
282 2850
283 2866
284 4046
285 2584
286 1147
287 2173
288 102
289 619
290 716
291 2781
292 624
293 3289
294 4838
295 4569
296 3641
297 760
298 3222
299 3249
300 443
301 619
302 4450
303 2526
304 2605
305 1970
306 1001
307 4069
308 868
309 2124
310 2444
311 326
312 2736
313 172
314 691
315 3974
316 1543
317 1725
318 1758
319 2230
320 3585
321 2902
322 2204
323 4054
324 2563
325 4684
326 1427
327 1832
328 3030
329 981
330 2799
331 3800
332 4318
333 4782
334 2875
335 4789
336 1701
337 174
338 1735
339 1538
340 3091
341 1658
342 2574
343 3067
344 2544
345 2231
346 2110
347 1628
348 3065
349 2151
350 4796
351 1467
352 2806
353 2523
354 208
355 3819
356 2133
357 577
358 148
359 2741
360 3739
361 398
362 504
363 3247
364 4543
365 476
366 2610
367 1641
368 629
369 1143
370 2633
371 3888
372 855
373 3566
374 2236
375 4320
376 1836
377 2454
378 618
379 915
380 2154
381 4263
382 2663
383 2228
384 276
385 914
386 1552
387 2194
388 3539
389 2188
390 3260
391 3887
392 2694
393 4119
394 2248
395 1985
396 38
397 3610
398 83
399 2962
400 629
401 2847
402 100
403 1940
404 3603
405 4587
406 145
407 2689
408 902
409 3421
410 3994
411 1668
412 1711
413 2877
414 4614
415 2708
416 2151
417 601
418 4655
419 3494
420 3925
421 4224
422 386
423 4031
424 2746
425 1719
426 4273
427 4173
428 100
429 725
430 3225
431 4615
432 4462
433 1201
434 2944
435 677
436 3690
437 1849
438 1232
439 1817
440 2324
441 3916
442 874
443 2700
444 1106
445 4700
446 3936
447 1431
448 4461
449 501
450 1551
451 3617
452 1478
453 2452
454 2088
455 2437
456 3789
457 4659
458 4363
459 1432
460 4467
461 4666
462 1403
463 501
464 200
465 2278
466 4656
467 2171
468 2042
469 1065
470 2815
471 4255
472 1989
473 3494
474 3601
475 1680
476 715
477 613
478 2220
479 4094
480 156
481 2695
482 1183
483 3840
484 4624
485 3574
486 2857
487 1594
488 3839
489 4098
490 3217
491 2322
492 4784
493 3862
494 1935
495 474
496 3450
497 1427
498 1567
499 1
500 1867
501 2573
502 102
503 1848
504 1552
505 904
506 2089
507 4813
508 2656
509 2806
510 3096
511 694
512 4254
513 4761
514 1542
515 4270
516 2439
517 4824
518 4778
519 1103
520 3273
521 2564
522 3555
523 4053
524 4211
525 1621
526 3300
527 4464
528 4729
529 1618
530 4448
531 643
532 1799
533 123
534 4236
535 146
536 2690
537 3876
538 508
539 944
540 3773
541 2161
542 2536
543 4845
544 4778
545 4717
546 3828
547 1365
548 3626
549 4263
550 4699
551 4041
552 4091
553 2393
554 4768
555 1461
556 3862
557 1201
558 2373
559 926
560 2361
561 2421
562 2141
563 981
564 1366
565 1659
566 4457
567 416
568 1887
569 3641
570 1498
571 2519
572 2330
573 4193
574 1932
575 319
576 2454
577 1136
578 462
579 4760
580 2710
581 2999
582 2387
583 4842
584 3806
585 2818
586 1047
587 227
588 533
589 2507
590 3703
591 957
592 4192
593 448
594 3129
595 2408
596 4745
597 1171
598 2922
599 3822
600 2742
601 3758
602 1595
603 3554
604 338
605 290
606 509
607 1174
608 731
609 1917
610 2254
611 2926
612 12
613 2996
614 1688
615 4410
616 2236
617 553
618 3804
619 1116
620 3387
621 1828
622 4691
623 1031
624 4400
625 2268
626 2720
627 3536
628 3542
629 2188
630 1220
631 3553
632 2333
633 1515
634 498
635 2450
636 1883
637 2763
638 4353
639 3216
640 487
641 3467
642 2598
643 1219
644 2545
645 4470
646 2032
647 2494
648 2295
649 477
650 541
651 2832
652 3326
653 2826
654 2794
655 2850
656 3778
657 754
658 4657
659 2607
660 3858
661 1050
662 540
663 3345
664 4233
665 47
666 2217
667 4085
668 4387
669 1473
670 4172
671 3452
672 4771
673 377
674 939
675 4461
676 1598
677 2112
678 4323
679 4108
680 118
681 3891
682 1909
683 1652
684 481
685 3641
686 704
687 1119
688 829
689 859
690 1694
691 3692
692 4871
693 957
694 1704
695 1236
696 2755
697 326
698 1818
699 497
700 2600
701 1026
702 1094
703 4586
704 1200
705 1336
706 4674
707 1931
708 4691
709 259
710 4516
711 2510
712 690
713 3872
714 3848
715 776
716 376
717 2561
718 3781
719 1421
720 1882
721 1551
722 128
723 2042
724 3185
725 1923
726 4226
727 1379
728 4161
729 2048
730 187
731 1192
732 4437
733 3777
734 1636
735 1082
736 4455
737 4806
738 240
739 4801
740 2183
741 405
742 3654
743 3270
744 1035
745 3145
746 3037
747 661
748 3423
749 1771
750 2462
751 3039
752 2393
753 398
754 4597
755 4689
756 1743
757 1552
758 4070
759 1205
760 423
761 1513
762 2822
763 4683
764 1768
765 4570
766 2459
767 3126
768 4283
769 4510
770 1750
771 888
772 2618
773 1932
774 2797
775 3080
776 691
777 1497
778 316
779 705
780 4486
781 2623
782 4227
783 3070
784 304
785 1756
786 555
787 451
788 1578
789 2251
790 3145
791 2730
792 4661
793 719
794 1029
795 2643
796 1817
797 3471
798 60
799 1254
800 1031
801 970
802 1777
803 1216
804 2377
805 982
806 220
807 2283
808 3518
809 2427
810 456
811 2532
812 663
813 2916
814 4448
815 954
816 3721
817 4679
818 2578
819 1569
820 1177
821 1672
822 2399
823 3952
824 4197
825 4439
826 2885
827 1089
828 4497
829 3551
830 3738
831 1157
832 3460
833 1585
834 4698
835 212
836 60
837 4488
838 744
839 907
840 118
841 1704
842 4631
843 3801
844 1869
845 2797
846 1955
847 857
848 1623
849 1202
850 3536
851 3082
852 2247
853 4731
854 628
855 3537
856 1524
857 3348
858 1341
859 2788
860 4598
861 1552
862 3782
863 1237
864 4085
865 3823
866 4350
867 2178
868 368
869 1508
870 2503
871 661
872 3020
873 2431
874 1700
875 2274
876 4732
877 105
878 2120
879 1888
880 4452
881 380
882 969
883 1123
884 1847
885 1597
886 3749
887 2297
888 1032
889 19
890 3897
891 1156
892 3361
893 4185
894 3867
895 2752
896 293
897 3164
898 825
899 2706
900 1478
901 2854
902 1969
903 4131
904 2030
905 125
906 3744
907 4375
908 2385
909 4759
910 1211
911 3570
912 2313
913 617
914 2799
915 4618
916 2289
917 1773
918 4136
919 1046
920 2898
921 2365
922 2871
923 3128
924 220
925 2491
926 485
927 1027
928 1792
929 3889
930 2629
931 1624
932 1423
933 4536
934 2288
935 2263
936 2258
937 2818
938 3851
939 3373
940 2095
941 1545
942 47
943 671
944 281
945 2521
946 3263
947 2675
948 733
949 4155
950 2199
951 2344
952 2912
953 1839
954 4589
955 1434
956 353
957 4631
958 2104
959 1687
960 167
961 657
962 2686
963 1957
964 4491
965 2319
966 564
967 677
968 1358
969 3783
970 1121
971 1801
972 3592
973 2579
974 3138
975 403
976 1494
977 2413
978 3812
979 2189
980 4179
981 503
982 661
983 908
984 1368
985 2802
986 2268
987 4713
988 686
989 1318
990 3640
991 3990
992 485
993 2729
994 3518
995 1381
996 101
997 1087
998 2847
999 1892
1000 1350
1001 699
1002 4124
1003 4580
1004 1552
1005 3156
1006 443
1007 3404
1008 4230
1009 4086
1010 1090
1011 1096
1012 2340
1013 4170
1014 4612
1015 4409
1016 453
1017 2751
1018 1250
1019 4757
1020 1580
1021 1276
1022 119
1023 2755
1024 2296
1025 2574
1026 981
1027 123
1028 2435
1029 1860
1030 602
1031 2531
1032 1484
1033 1510
1034 1418
1035 1133
1036 1201
1037 1670
1038 2699
1039 1517
1040 1593
1041 4031
1042 1695
1043 311
1044 2179
1045 1719
1046 2050
1047 2038
1048 1349
1049 2287
1050 3762
1051 4560
1052 3588
1053 1886
1054 2252
1055 1482
1056 1582
1057 1636
1058 1872
1059 1932
1060 1453
1061 311
1062 3769
1063 872
1064 2339
1065 1248
1066 3680
1067 401
1068 1666
1069 1039
1070 3825
1071 624
1072 1206
1073 2202
1074 743
1075 1761
1076 3006
1077 2322
1078 4382
1079 313
1080 1703
1081 2749
1082 3464
1083 2650
1084 3704
1085 3533
1086 1679
1087 2030
1088 1255
1089 1637
1090 1080
1091 974
1092 4396
1093 2921
1094 1465
1095 119
1096 2236
1097 2571
1098 4098
1099 1597
1100 1895
1101 3734
1102 766
1103 3301
1104 3989
1105 3915
1106 4167
1107 3974
1108 1620
1109 4691
1110 2217
1111 4124
1112 708
1113 1570
1114 619
1115 1681
1116 656
1117 738
1118 1231
1119 3083
1120 1296
1121 2747
1122 509
1123 2262
1124 3204
1125 4803
1126 277
1127 1102
1128 618
1129 1683
1130 3541
1131 823
1132 2237
1133 3703
1134 4705
1135 4273
1136 3859
1137 2202
1138 3930
1139 2628
1140 4705
1141 2117
1142 2534
1143 3074
1144 4412
1145 380
1146 3001
1147 4722
1148 3668
1149 4766
1150 258
1151 2519
1152 2134
1153 3551
1154 1985
1155 4491
1156 1600
1157 99
1158 3889
1159 4068
1160 4115
1161 1390
1162 1568
1163 3377
1164 3276
1165 4682
1166 1741
1167 4342
1168 1826
1169 1170
1170 624
1171 2328
1172 781
1173 1941
1174 601
1175 3547
1176 760
1177 2061
1178 2867
1179 4420
1180 1638
1181 997
1182 4409
1183 951
1184 4804
1185 2365
1186 4496
1187 3236
1188 1386
1189 566
1190 1553
1191 661
1192 1758
1193 2702
1194 4847
1195 4023
1196 4019
1197 2351
1198 535
1199 1552
1200 4124
1201 1747
1202 4093
1203 4776
1204 1571
1205 2180
1206 2766
1207 2005
1208 2193
1209 2725
1210 1243
1211 1586
1212 4522
1213 1577
1214 2273
1215 2795
1216 727
1217 4547
1218 3664
1219 3270
1220 2609
1221 2156
1222 3566
1223 2988
1224 1760
1225 4070
1226 3814
1227 3185
1228 2509
1229 2200
1230 3728
1231 3197
1232 1541
1233 1343
1234 1351
1235 3970
1236 1593
1237 3733
1238 4121
1239 4105
1240 2920
1241 33
1242 2924
1243 956
1244 603
1245 4381
1246 3257
1247 1236
1248 730
1249 2810
1250 632
1251 1714
1252 389
1253 4414
1254 1596
1255 4166
1256 1189
1257 1683
1258 4473
1259 4191
1260 725
1261 2222
1262 1680
1263 1003
1264 1864
1265 3977
1266 2265
1267 2605
1268 689
1269 2825
1270 1045
1271 3276
1272 1667
1273 2196
1274 4021
1275 1124
1276 476
1277 538
1278 1436
1279 1552
1280 1674
1281 1733
1282 699
1283 2336
1284 133
1285 3394
1286 1369
1287 1216
1288 1979
1289 1242
1290 1487
1291 4560
1292 1198
1293 4738
1294 2264
1295 2365
1296 4076
1297 4875
1298 4157
1299 1519
1300 3039
1301 2623
1302 3552
1303 2081
1304 147
1305 2307
1306 94
1307 618
1308 698
1309 27
1310 3480
1311 1173
1312 682
1313 4735
1314 1817
1315 3129
1316 1697
1317 3502
1318 4121
1319 449
1320 3077
1321 2560
1322 3968
1323 2568
1324 4753
1325 969
1326 1655
1327 4220
1328 4492
1329 2205
1330 1879
1331 4086
1332 3013
1333 3628
1334 2029
1335 965
1336 2900
1337 2911
1338 3835
1339 256
1340 4278
1341 1292
1342 4061
1343 2543
1344 3309
1345 4858
1346 4703
1347 99
1348 3380
1349 2655
1350 734
1351 1580
1352 2905
1353 4150
1354 801
1355 3983
1356 1188
1357 1732
1358 2201
1359 4233
1360 262
1361 4436
1362 1289
1363 3495
1364 2583
1365 612
1366 2926
1367 4653
1368 2488
1369 3463
1370 2499
1371 2594
1372 3781
1373 1
1374 3681
1375 4130
1376 1557
1377 389
1378 2610
1379 2175
1380 1225
1381 2328
1382 1243
1383 3727
1384 1390
1385 1990
1386 3503
1387 3579
1388 1188
1389 1852
1390 4325
1391 4689
1392 1816
1393 338
1394 2617
1395 4699
1396 737
1397 3240
1398 2621
1399 2052
1400 373
1401 4570
1402 3897
1403 473
1404 438
1405 4151
1406 3157
1407 1257
1408 124
1409 1861
1410 3073
1411 1746
1412 1221
1413 1736
1414 3886
1415 3074
1416 4689
1417 1293
1418 3087
1419 1539
1420 1943
1421 3887
1422 4306
1423 1932
1424 3096
1425 2409
1426 2061
1427 1245
1428 1951
1429 3101
1430 4047
1431 1687
1432 3841
1433 3641
1434 143
1435 4290
1436 1360
1437 2412
1438 3765
1439 975
1440 827
1441 3212
1442 618
1443 3907
1444 4322
1445 2921
1446 4200
1447 2064
1448 1884
1449 4386
1450 2037
1451 2569
1452 2249
1453 3926
1454 158
1455 1042
1456 1031
1457 740
1458 2042
1459 3850
1460 3209
1461 3250
1462 699
1463 2454
1464 2237
1465 4377
1466 3678
1467 2860
1468 1912
1469 2738
1470 2265
1471 2061
1472 1434
1473 332
1474 4520
1475 2446
1476 427
1477 2652
1478 3830
1479 4804
1480 1103
1481 2215
1482 1105
1483 3282
1484 945
1485 1552
1486 1115
1487 4506
1488 279
1489 2168
1490 2159
1491 1092
1492 1922
1493 3888
1494 4609
1495 2326
1496 3247
1497 705
1498 2549
1499 195
1500 3120
1501 1674
1502 1478
1503 1082
1504 4462
1505 4107
1506 3317
1507 608
1508 618
1509 4248
1510 1523
1511 4607
1512 1148
1513 1707
1514 2861
1515 692
1516 1815
1517 1564
1518 4320
1519 615
1520 1625
1521 1786
1522 1029
1523 329
1524 2611
1525 1651
1526 1876
1527 4423
1528 4193
1529 2214
1530 1913
1531 220
1532 3159
1533 4041
1534 4169
1535 1897
1536 4695
1537 1250
1538 4226
1539 4257
1540 618
1541 3146
1542 2396
1543 2894
1544 4042
1545 3428
1546 3506
1547 183
1548 4268
1549 3160
1550 4801
1551 691
1552 946
1553 889
1554 970
1555 4485
1556 1814
1557 218
1558 1186
1559 1085
1560 1509
1561 4407
1562 989
1563 2774
1564 4626
1565 2374
1566 525
1567 4481
1568 4621
1569 1272
1570 4054
1571 1105
1572 15
1573 893
1574 2926
1575 354
1576 827
1577 4559
1578 4471
1579 446
1580 3969
1581 1532
1582 4094
1583 495
1584 3337
1585 1034
1586 4013
1587 2704
1588 624
1589 4752
1590 3247
1591 2656
1592 2447
1593 1531
1594 3480
1595 3821
1596 1828
1597 1528
1598 1495
1599 1214
1600 2248
1601 3171
1602 4062
1603 2023
1604 2507
1605 195
1606 1839
1607 2290
1608 1930
1609 240
1610 363
1611 2822
1612 1777
1613 655
1614 76
1615 1010
1616 2202
1617 640
1618 2722
1619 3276
1620 1526
1621 1144
1622 2602
1623 50
1624 356
1625 1083
1626 1029
1627 4282
1628 3696
1629 2269
1630 2572
1631 555
1632 1601
1633 148
1634 2079
1635 4816
1636 1577
1637 2052
1638 4602
1639 1248
1640 2906
1641 3586
1642 25
1643 4419
1644 2956
1645 2532
1646 2219
1647 1723
1648 2424
1649 3281
1650 2602
1651 240
1652 4167
1653 896
1654 4081
1655 3062
1656 2830
1657 4761
1658 661
1659 3805
1660 4551
1661 2111
1662 1552
1663 4040
1664 1196
1665 1472
1666 1929
1667 2738
1668 4196
1669 519
1670 1084
1671 1960
1672 4606
1673 987
1674 1257
1675 3430
1676 11
1677 4223
1678 4219
1679 656
1680 3876
1681 636
1682 1284
1683 2738
1684 1779
1685 2738
1686 4170
1687 2260
1688 2304
1689 1278
1690 1422
1691 2615
1692 3308
1693 2922
1694 1918
1695 3192
1696 2065
1697 718
1698 3438
1699 844
1700 2896
1701 4433
1702 1777
1703 1978
1704 3448
1705 4199
1706 944
1707 2729
1708 1583
1709 45
1710 4596
1711 58
1712 4712
1713 1570
1714 1154
1715 4648
1716 2185
1717 1686
1718 3040
1719 2751
1720 2325
1721 2593
1722 3162
1723 4774
1724 275
1725 147
1726 333
1727 3778
1728 2094
1729 2199
1730 4571
1731 619
1732 2210
1733 3875
1734 2887
1735 2994
1736 1658
1737 4797
1738 1584
1739 1437
1740 891
1741 3110
1742 4306
1743 2613
1744 205
1745 3377
1746 1868
1747 971
1748 1822
1749 3190
1750 1341
1751 3255
1752 2053
1753 4158
1754 1981
1755 3585
1756 2588
1757 4265
1758 3437
1759 1638
1760 1881
1761 1552
1762 586
1763 2860
1764 781
1765 444
1766 148
1767 2880
1768 4299
1769 4206
1770 4583
1771 4070
1772 1412
1773 3811
1774 2226
1775 1301
1776 3097
1777 2707
1778 2591
1779 714
1780 2819
1781 74
1782 1667
1783 1072
1784 3447
1785 3594
1786 3983
1787 3012
1788 2593
1789 1588
1790 4664
1791 370
1792 2259
1793 4307
1794 1447
1795 119
1796 4197
1797 3129
1798 3389
1799 1659
1800 500
1801 2278
1802 4744
1803 690
1804 4592
1805 33
1806 388
1807 2014
1808 4243
1809 2313
1810 555
1811 4435
1812 839
1813 234
1814 619
1815 4189
1816 3835
1817 1598
1818 2609
1819 3640
1820 1650
1821 3859
1822 4556
1823 3768
1824 1379
1825 2323
1826 2461
1827 2678
1828 1637
1829 2854
1830 2122
1831 1976
1832 1690
1833 4009
1834 2670
1835 148
1836 2420
1837 1710
1838 1881
1839 3074
1840 4046
1841 2270
1842 4134
1843 1965
1844 4016
1845 1725
1846 1719
1847 3625
1848 4813
1849 4661
1850 2191
1851 2301
1852 4269
1853 4121
1854 938
1855 2723
1856 1942
1857 190
1858 4302
1859 1391
1860 1430
1861 207
1862 4490
1863 685
1864 1479
1865 16
1866 2252
1867 694
1868 2379
1869 4861
1870 3555
1871 2234
1872 2276
1873 2986
1874 3015
1875 173
1876 686
1877 186
1878 2152
1879 2607
1880 3009
1881 705
1882 4064
1883 980
1884 4743
1885 3593
1886 3202
1887 661
1888 1521
1889 1238
1890 3511
1891 760
1892 1609
1893 725
1894 3949
1895 3197
1896 3531
1897 1194
1898 1343
1899 190
1900 332
1901 2617
1902 1071
1903 424
1904 3779
1905 4306
1906 2041
1907 640
1908 1812
1909 46
1910 1305
1911 1467
1912 4262
1913 1840
1914 2704
1915 1478
1916 3252
1917 57
1918 2822
1919 624
1920 4162
1921 4577
1922 2969
1923 4200
1924 2805
1925 4098
1926 3218
1927 2083
1928 4513
1929 282
1930 60
1931 1114
1932 2198
1933 3791
1934 2490
1935 353
1936 2376
1937 695
1938 1932
1939 196
1940 1357
1941 2274
1942 1144
1943 4516
1944 222
1945 2525
1946 3830
1947 2763
1948 9
1949 368
1950 982
1951 2947
1952 60
1953 4719
1954 2592
1955 2395
1956 1209
1957 842
1958 536
1959 2198
1960 2436
1961 2305
1962 2437
1963 4092
1964 4402
1965 466
1966 4716
1967 4555
1968 1987
1969 2299
1970 1291
1971 2254
1972 4121
1973 1426
1974 2864
1975 1150
1976 898
1977 2771
1978 1613
1979 4665
1980 271
1981 3651
1982 4057
1983 3077
1984 1218
1985 3685
1986 2471
1987 4856
1988 4195
1989 2723
1990 2347
1991 3150
1992 2546
1993 3209
1994 1894
1995 137
1996 1126
1997 240
1998 1747
1999 4758
2000 3989
2001 3691
2002 4656
2003 3810
2004 4115
2005 2347
2006 3209
2007 3840
2008 4275
2009 4051
2010 671
2011 2286
2012 2187
2013 655
2014 4611
2015 2738
2016 910
2017 4573
2018 3129
2019 2053
2020 2079
2021 2872
2022 2325
2023 2765
2024 2601
2025 4685
2026 4795
2027 1327
2028 4374
2029 3155
2030 2335
2031 3514
2032 2640
2033 4140
2034 465
2035 3510
2036 3866
2037 2393
2038 963
2039 1029
2040 2312
2041 4152
2042 28
2043 2339
2044 988
2045 3203
2046 3159
2047 2815
2048 382
2049 4777
2050 3454
2051 3262
2052 1144
2053 2600
2054 1796
2055 41
2056 2715
2057 856
2058 2400
2059 4387
2060 2454
2061 925
2062 1684
2063 1946
2064 2738
2065 2632
2066 3341
2067 1536
2068 2726
2069 4426
2070 114
2071 488
2072 179
2073 1764
2074 2603
2075 2584
2076 4497
2077 3812
2078 4406
2079 1731
2080 4287
2081 1467
2082 1868
2083 460
2084 825
2085 2099
2086 3876
2087 998
2088 2947
2089 3129
2090 1855
2091 4265
2092 3508
2093 608
2094 3830
2095 1194
2096 2639
2097 3837
2098 176
2099 746
2100 3282
2101 2729
2102 2552
2103 2333
2104 2106
2105 3365
2106 2287
2107 2959
2108 1127
2109 4740
2110 4567
2111 1478
2112 661
2113 721
2114 4253
2115 4757
2116 3917
2117 619
2118 1625
2119 2834
2120 4397
2121 2816
2122 735
2123 1888
2124 2395
2125 3994
2126 2286
2127 4030
2128 2360
2129 2904
2130 1430
2131 1873
2132 4300
2133 1369
2134 227
2135 4656
2136 6
2137 3137
2138 2856
2139 2594
2140 893
2141 3836
2142 149
2143 3878
2144 2608
2145 3396
2146 2149
2147 1487
2148 4421
2149 1570
2150 3882
2151 320
2152 94
2153 2401
2154 4183
2155 112
2156 2298
2157 4058
2158 1370
2159 1705
2160 1
2161 787
2162 1237
2163 801
2164 4092
2165 1619
2166 4225
2167 2880
2168 1817
2169 2060
2170 3124
2171 3337
2172 2996
2173 4718
2174 1654
2175 3047
2176 972
2177 1096
2178 4575
2179 3575
2180 2716
2181 599
2182 2925
2183 807
2184 626
2185 42
2186 3844
2187 4187
2188 2530
2189 2101
2190 3162
2191 4737
2192 572
2193 2435
2194 3551
2195 1029
2196 1424
2197 2260
2198 3555
2199 1404
2200 4095
2201 1952
2202 3626
2203 1207
2204 4179
2205 1790
2206 468
2207 1713
2208 2280
2209 2807
2210 666
2211 2297
2212 1196
2213 259
2214 2016
2215 97
2216 3089
2217 624
2218 4079
2219 1950
2220 522
2221 1785
2222 1739
2223 2627
2224 43
2225 3521
2226 3413
2227 4295
2228 2820
2229 4432
2230 3396
2231 2954
2232 204
2233 1853
2234 48
2235 3159
2236 558
2237 2166
2238 3275
2239 2903
2240 503
2241 3204
2242 3645
2243 2427
2244 2882
2245 1358
2246 1552
2247 2004
2248 2085
2249 4385
2250 1823
2251 4759
2252 3008
2253 2190
2254 1241
2255 1492
2256 27
2257 4652
2258 1100
2259 2614
2260 1394
2261 2521
2262 2993
2263 2596
2264 65
2265 2203
2266 3221
2267 884
2268 1563
2269 767
2270 2003
2271 1279
2272 2798
2273 1739
2274 207
2275 1615
2276 125
2277 3127
2278 4401
2279 232
2280 2738
2281 4593
2282 3276
2283 3392
2284 72
2285 153
2286 2338
2287 2983
2288 1576
2289 3741
2290 2064
2291 1641
2292 1379
2293 2598
2294 4046
2295 129
2296 2195
2297 1754
2298 618
2299 2
2300 3212
2301 3875
2302 2702
2303 3159
2304 1556
2305 4752
2306 2555
2307 706
2308 1602
2309 2435
2310 148
2311 90
2312 4656
2313 1122
2314 2198
2315 3411
2316 2083
2317 4137
2318 4059
2319 1672
2320 1703
2321 2295
2322 4608
2323 4692
2324 3098
2325 4430
2326 151
2327 2693
2328 1570
2329 2163
2330 495
2331 2311
2332 4306
2333 1095
2334 4185
2335 1321
2336 1665
2337 3625
2338 4203
2339 1512
2340 3010
2341 2729
2342 1992
2343 1798
2344 1554
2345 734
2346 3387
2347 1110
2348 2465
2349 1478
2350 1622
2351 4524
2352 2305
2353 1626
2354 4814
2355 1478
2356 4317
2357 2230
2358 3531
2359 266
2360 229
2361 1012
2362 2104
2363 1484
2364 4466
2365 1739
2366 2548
2367 4565
2368 49
2369 219
2370 3439
2371 1423
2372 2988
2373 1781
2374 3587
2375 692
2376 1426
2377 568
2378 3047
2379 4180
2380 4018
2381 1587
2382 860
2383 4289
2384 853
2385 2592
2386 4530
2387 4200
2388 3047
2389 1148
2390 2739
2391 4086
2392 1627
2393 3742
2394 4133
2395 1970
2396 4200
2397 4406
2398 4056
2399 3420
2400 4208
2401 1255
2402 3007
2403 3253
2404 1395
2405 62
2406 2576
2407 83
2408 2596
2409 1109
2410 1022
2411 1522
2412 3533
2413 4691
2414 3914
2415 2581
2416 819
2417 1789
2418 1560
2419 1257
2420 4553
2421 16
2422 60
2423 4565
2424 2718
2425 3095
2426 2303
2427 512
2428 4058
2429 2898
2430 1470
2431 4586
2432 1776
2433 2179
2434 3555
2435 1695
2436 691
2437 2208
2438 4463
2439 3110
2440 1424
2441 4862
2442 26
2443 2804
2444 20
2445 2648
2446 4610
2447 534
2448 3524
2449 3914
2450 1445
2451 420
2452 4343
2453 1824
2454 2623
2455 271
2456 2730
2457 1082
2458 1355
2459 962
2460 1914
2461 1293
2462 1893
2463 2217
2464 3937
2465 3210
2466 18
2467 1534
2468 2517
2469 2397
2470 4337
2471 1912
2472 4063
2473 3906
2474 573
2475 1456
2476 4527
2477 3222
2478 1747
2479 265
2480 2521
2481 819
2482 4408
2483 1961
2484 2999
2485 2827
2486 3720
2487 842
2488 778
2489 1455
2490 311
2491 1146
2492 4466
2493 1504
2494 2849
2495 2511
2496 3493
2497 4617
2498 4881
2499 2791
