-0.055835 1.24861 -1.20031 -0.010125
1.12337 0.677647 -0.964177 3.27864
-3.20744 0.181104 0.283379 -2.23411
-0.830065 1.04716 -1.4718 -0.482646
0.428705 1.58401 -1.59802 0.982156
0.871569 -1.34751 1.50246 2.52027
0.416709 -1.13288 1.19024 0.746552
0.251027 -1.15895 2.36117 0.78208
-0.284676 1.34365 -4.59767 -1.84934
0.383921 1.26939 -1.69031 0.042992
-0.417838 0.962717 -1.58061 -0.436337
-1.26725 -0.265655 0.278756 -1.03463
-0.305796 -4.4049 5.09827 -0.824283
-4.13582 1.1719 -2.43966 -4.31152
-1.04013 0.555809 -0.438782 -2.08042
-1.04013 -0.251438 0.438063 -1.97669
-28.1324 32.9126 -50.5054 -33.2221
0.541775 -1.25464 2.26152 0.938455
-1.02311 0.242815 -0.242815 -1.02311
0.098672 -1.08004 2.60319 0.46223
-6.78321 -2.02244 3.65291 -5.10398
-0.97421 -0.981702 1.61452 -1.84263
-2.33769 -7.46048 2.92549 -1.37741
0.215745 -1.09525 1.62839 0.409479
-0.707228 -0.951339 1.66605 -0.549559
12.7208 -32.7891 38.7548 17.2858
0.290394 -1.0628 1.62254 0.431338
1.16426 0.858896 -0.895897 0.875836
0.953681 -0.70225 2.83185 3.47785
-0.105419 1.35179 -1.06631 -0.27215
0.972018 -4.85524 9.11893 1.67201
-0.778082 2.49095 -2.61515 0.187916
-2.42774 0.843322 -1.02027 -0.865981
1.76776 -0.657964 1.20183 1.39713
0.066769 2.08008 -7.51499 -3.19109
-1.66554 -0.828769 1.05341 -1.34814
0.405041 -0.990651 1.63749 0.626245
-0.345465 0.977193 -1.9731 -0.744869
-0.863067 -1.19615 1.42937 -1.05597
1.18865 1.8799 -2.0654 0.847052
-0.254051 1.00962 -4.54991 -1.89072
4.6691 -0.237597 3.9589 5.13289
1.00141 0.670426 -0.839838 0.797581
-0.489543 2.33649 -2.67215 -0.735761
-0.945577 0.585636 -1.08913 -1.08684
-1.34241 1.05443 -0.777838 -1.07925
0.796445 0.940771 -1.26403 0.487196
-4.85023 -8.85384 9.34109 -5.87871
-1.51248 -0.799589 0.123612 -1.73715
-1.11036 -0.011982 0.360755 -1.53177
1.22227 -0.032336 -0.595881 1.97208
-1.79487 1.10234 -1.24675 -1.75053
0.336152 -1.02807 2.94645 0.5492
0.606568 -1.84883 2.68259 0.617843
-3.18202 0.926025 -1.1623 -1.97773
1.62825 0.775289 -0.832907 1.24476
-0.992814 1.31705 -1.72109 -0.270198
-1.35689 -0.603901 0.838662 -0.878736
-0.501883 -1.56132 2.33439 0.175803
-2.2102 -0.967768 1.52477 -1.6833
1.85583 0.907199 -1.09955 1.51031
43.66 27.2062 -39.106 35.2683
1.61216 2.09075 -4.32831 2.42671
0.866559 -1.12288 1.43231 0.708882
0.682014 -1.20276 1.3488 0.625757
0.13858 -1.06283 3.98742 0.748422
0.979695 0.86542 -1.28184 1.03815
-1.41096 -0.460274 -0.595966 -2.0552
-0.305789 1.05431 -1.19653 -0.592942
0.776104 -0.691933 0.716988 0.788414
-3.87659 -22.1477 26.7712 -14.2835
-1.14723 0.186083 -0.067819 -1.20547
-6.38392 -5.82271 7.24048 -5.04444
1.93874 1.7796 -0.524095 2.12508
-1.17126 0.433083 -0.865556 -1.0269
-3.84905 2.71675 -2.12844 -5.207
-1.24573 1.5451 -0.967696 -3.44124
-0.481271 -0.990281 1.22462 -0.813663
-0.415244 0.957867 -0.957867 -0.415244
1.13082 -0.825346 1.27212 1.18243
0.505896 1.06989 -1.50184 0.149705
-0.976033 0.841918 -0.781567 -0.800031
0.367976 -0.981758 1.56808 0.518803
-0.984963 0.733246 -0.716591 -2.84469
-0.056192 1.0759 -1.67551 -0.19915
-1.46536 -0.461745 1.11853 -1.8244
-1.39485 -4.26411 5.22382 -3.5012
-0.335006 -1.12601 1.45339 -0.222287
1.20745 -0.782787 2.05025 0.881088
1.17523 0.523782 -0.547659 0.934083
-0.84381 -0.809008 1.00274 -0.702857
-1.11822 -0.185957 0.352318 -1.34542
-0.282247 1.1304 -1.30183 -0.547794
-1.20254 0.912783 -0.465085 -1.01437
-1.85689 -4.00238 5.5328 -0.678619
-1.33033 -0.884865 1.17019 -0.839199
-0.110436 2.04781 -2.72819 -0.208832
0.699837 0.935642 -1.39418 0.519722
-10.21 -3.47172 4.44104 -8.64584
0.691496 -1.16927 0.887441 1.32325
0.148874 1.02737 -1.09928 0.114002
1.30656 0.885295 -0.85618 0.75794
-0.953888 -0.492368 0.534642 -1.20597
1.31629 -1.07763 0.914788 0.677732
-1.0247 0.664711 -3.29693 -4.10204
-0.879824 -0.58834 0.644744 -0.960137
2.0693 0.933193 -1.04449 1.65596
-0.173101 -1.27081 1.34279 0.064931
0.697367 0.983331 -1.13752 0.503286
0.565554 -1.06762 1.35584 0.604142
0.756025 -1.08863 1.33411 0.484461
-0.718513 1.15445 -1.31948 -0.56903
-1.25373 3.30717 -3.61888 0.145898
-3.74641 0.924484 -1.29102 -2.48876
0.614555 -0.93869 4.81491 2.07337
2.03247 -0.342611 1.49756 2.10763
-1.27096 2.46326 -1.0867 -2.92289
2.3678 0.704244 -1.0334 3.2878
1.0789 -0.437944 0.190406 1.22863
-1.09438 0.107209 -0.749242 -3.00697
-7.10525 3.98038 -2.97075 -5.85299
-2.12602 -0.900328 0.799833 -1.25496
-0.836165 -2.68663 2.74525 -1.48926
0.552658 -0.967929 1.27981 0.516987
-0.590401 -0.908564 0.908564 -0.590401
-0.276843 1.06799 -4.97573 -2.09526
0.76896 0.7829 -1.33122 1.15667
0.388127 1.40706 -1.73283 1.15481
-0.027355 1.41316 -3.23406 -1.61197
0.722527 1.02527 -1.53356 0.881502
0.247254 -1.03813 3.27656 0.624996
-1.8303 -0.687975 0.859006 -1.11066
0.252541 -1.05169 1.25756 0.18414
-1.71187 -1.75296 2.4432 -0.937721
2.05207 1.00166 -0.974026 1.17566
-2.98071 -1.89208 -0.9412 -6.78117
-1.0919 0.726656 -0.486784 -0.96883
1.43164 2.19995 -1.33656 0.321134
3.27774 -0.825379 1.45963 3.61737
-0.446406 1.54939 -1.69649 -0.860958
1.30076 -0.762204 0.216796 1.29607
0.439481 -1.59619 1.65861 -0.206187
0.862028 0.693711 -0.693711 0.862028
0.530801 -0.923891 0.923891 0.530801
-1.60644 -0.775063 0.845721 -1.23863
-3.27738 0.832397 -2.35269 -2.79644
0.528178 -1.07163 1.3351 0.443255
1.80947 0.928329 -0.733029 1.14678
2.43963 -18.779 20.3995 2.49487
-0.7426 1.32809 -1.68669 -0.009265
1.78372 1.27016 -1.26264 1.63285
-27.7056 -6.11932 7.90037 -17.564
0.742321 0.848332 -0.827386 0.679606
0.145076 1.25477 -2.36007 0.091458
-0.694652 -1.12005 1.3029 -1.05444
0.926101 -0.619351 1.14014 1.47148
3.86826 -4.03481 7.2006 2.81876
0.71525 -1.20274 1.50739 0.644071
0.079503 -1.1333 1.23779 0.219067
1.27715 1.62774 -2.16376 1.19398
4.26209 3.05256 -4.51838 4.55719
1.19965 -0.088925 0.202544 1.12125
1.12104 -0.126906 -0.042155 1.17406
4.50913 0.468882 -0.783773 4.26651
-1.15207 0.726071 -2.07621 -1.01939
-1.30753 -0.215624 1.01356 -1.8029
0.238668 -1.0603 1.58264 0.365639
-0.51053 -0.956813 1.03626 -0.470042
0.887552 -0.641312 0.641312 0.887552
0.970182 -1.1592 1.58677 0.974526
3.75723 2.92367 -5.46979 5.47429
0.633334 -0.896806 0.993025 0.566937
1.56725 -1.01264 1.92459 1.86004
0.384182 -0.982178 1.67529 0.35775
1.23557 -0.384107 0.957334 4.34982
2.97938 0.539802 -3.23478 5.75072
-0.38842 -2.18719 2.63592 -0.426349
-2.17265 -0.219973 0.893746 -2.4342
0.157025 -1.05871 5.09157 0.963259
1.33026 -0.552145 0.238059 1.55063
-0.187946 1.25613 -4.70871 -1.78709
-2.76842 -0.059086 1.24303 -2.60688
0.315649 -1.30067 2.32249 0.57209
-4.28579 10.3529 -19.1588 -9.47166
1.12915 0.637154 -0.601451 0.871343
1.08694 -0.084189 -0.060501 1.36666
0.130503 1.58505 -1.33636 0.064328
0.997665 0.847443 -1.03988 0.728021
0.743136 2.05166 -2.00403 1.4542
-1.60326 0.771982 -3.88386 -3.77043
1.31855 0.570717 -0.347687 1.01951
0.726835 -0.903653 0.913027 0.601064
-3.30147 3.1232 -3.92702 -3.74497
-2.35151 -0.545671 1.41566 -2.15234
0.623132 1.58884 -2.43848 1.44638
0.085123 -1.45831 1.59766 -0.855873
1.20468 0.394387 -0.618488 1.0987
0.657307 2.10692 -5.83676 -2.28493
-0.536238 -1.65376 1.10274 -2.14787
1.6702 -1.04596 1.00193 1.21019
0.476922 -2.9607 3.98336 0.350038
1.07361 -0.722293 2.06533 2.52261
-3.73743 -3.15554 -0.234392 -6.89917
1.63749 0.602075 0.006347 1.61028
0.088683 -1.15188 1.77152 0.224039
12.1685 6.65039 -18.5349 21.344
0.789987 -0.780677 3.75479 3.53056
2.81772 -0.168057 1.83474 1.89373
-2.91295 -1.06668 0.899068 -1.37173
0.515157 1.23036 -2.49388 -0.466737
1.10864 -25.1945 22.2404 1.06946
0.278969 -1.00068 1.05849 0.267248
0.739043 -0.778067 1.36776 0.978117
-0.871885 0.624035 -0.624035 -0.871885
-13.8176 -1.00513 0.13849 -10.1962
1.76015 0.746731 -0.846131 1.1587
-1.51136 -0.884491 1.05244 -0.927158
-1.11719 -0.852643 1.63965 -1.42565
2.06342 0.822524 -0.463755 2.11287
0.576111 0.891099 -0.891099 0.576111
3.1925 2.34475 -2.73072 2.00366
-1.03165 -0.287098 0.26196 -1.18193
-0.897175 0.714085 -1.07958 -0.955788
-1.0558 0.290629 -0.24722 -1.14284
-0.558139 0.982276 -1.93604 -0.52213
0.603238 -1.20677 1.19836 0.838983
-0.301609 1.04051 -1.14856 -0.213328
0.226822 -1.29843 1.29843 0.226822
-0.426298 -1.10968 1.75145 -0.166484
2.89219 -2.98853 4.86633 2.70774
0.07312 -1.32727 2.04078 0.390987
-1.61931 -0.799003 0.951691 -1.30073
-0.772553 1.19779 -1.35204 -0.444971
-48.2124 -92.2469 96.9127 -42.718
1.23223 0.624565 -1.29894 1.82948
1.72409 1.94966 -3.3607 0.060114
-0.661915 0.868428 -1.20952 -0.815734
1.52053 0.607787 -0.770651 1.38931
-1.2366 -0.060478 0.492787 -1.22924
-2.98099 -1.31107 6.28969 -9.36862
-0.834217 0.836292 -0.797732 -0.721019
1.11185 0.476802 -0.748778 1.15336
-0.295668 2.52981 -3.54409 -0.429644
-0.433813 -0.949336 1.23271 -0.463353
-1.02321 0.678479 -1.15757 -0.948931
0.761938 -1.15666 1.57557 0.685137
0.662936 -1.04881 1.38232 0.429194
-1.56733 -0.397204 0.491402 -1.19015
0.922656 0.528942 -0.609261 0.99757
-0.813227 1.04569 -1.3943 -0.576791
-0.044094 2.1552 -4.74296 -1.48081
-2.0162 -1.62425 3.83914 -2.44783
-1.26584 0.746393 -2.54689 -2.35012
-0.956375 -5.75926 7.42018 -2.33465
-1.26964 0.08152 0.551113 -1.67977
1.43718 0.041904 -0.009403 1.07169
-3.25122 -1.49331 5.53813 -3.59533
-0.887343 0.6416 -0.6416 -0.887343
-0.370194 1.04147 -1.43867 -0.327352
1.99517 0.932938 -1.05642 1.01213
1.59891 -1.25423 3.28261 4.11243
-4.08572 -0.608452 1.24181 -4.26028
1.74859 -0.500959 0.869577 1.21863
-1.60329 1.0979 -1.01563 -1.20488
-1.07208 -0.290618 0.365346 -1.08147
-0.306062 1.04423 -1.4346 -0.258217
1.0935 -0.156077 -0.003422 1.29322
0.772925 -1.34201 1.63875 0.587277
-1.08945 0.249967 -0.41778 -1.52982
-0.49163 1.28269 -1.5944 -0.464888
0.229759 -2.04533 2.17328 0.310059
-0.744876 -1.65647 0.892404 -0.629096
-0.878115 -0.745067 0.745067 -0.878115
-4.66475 -1.68933 3.51972 -3.96064
-1.01343 1.14151 -0.79645 -0.845781
-1.73001 -0.91858 0.942133 -1.47109
0.828045 2.82807 -3.43835 0.628481
-0.836795 -0.663775 0.663775 -0.836795
-1.32207 0.319383 -0.785795 -1.19229
0.120049 1.35895 -2.60293 -1.22382
0.392003 -1.02195 1.86983 0.638878
-1.54838 -0.799804 0.767943 -1.10246
-0.506671 -2.73004 3.13729 -1.189
-1.52842 -1.69451 2.82995 -0.23661
-3.53905 -2.09802 7.46986 -9.9486
-1.36255 1.52443 -2.52894 -1.60943
-3.47245 2.04291 -4.12357 -4.75853
0.736613 1.43857 -4.80918 -1.78159
-1.48599 0.260285 -0.622724 -2.74588
0.155198 -1.1678 4.28615 1.76089
-1.80203 -0.825654 0.650069 -1.26054
1.11416 -7.52435 10.2754 -0.119059
-0.81948 1.23927 -1.43655 -0.460663
-2.86307 -1.72007 2.12966 -2.97101
1.0654 -1.05031 1.50649 1.18146
1.0337 0.546221 -0.796819 1.2063
-0.492512 -0.919617 1.31269 -0.683742
-0.060976 1.14127 -2.85554 -1.33976
2.40292 1.43546 -1.23012 3.55955
-0.701212 -0.785834 0.920594 -0.740878
-0.863044 -0.631748 0.809589 -1.30375
-0.388874 -1.4757 1.36367 -0.725123
1.07956 -0.593169 1.11137 1.03658
1.60432 -1.62669 1.70023 1.32154
0.320888 -1.28377 1.67439 0.411647
-0.053432 1.58272 -5.36194 -2.27583
-0.455762 1.27209 -1.89837 -0.747449
0.292374 1.60581 -5.31493 -2.31197
1.07166 -0.295107 0.673157 1.85801
-0.915585 1.19493 -3.85664 -1.38535
1.97411 0.742268 -1.71167 1.26478
0.104498 -1.12206 4.83466 1.98329
-1.2702 -0.721843 0.84069 -0.909745
-0.775589 1.32795 -1.53972 -0.464264
-0.750946 0.757912 -0.852157 -0.918108
-0.245409 -2.20622 2.87118 -0.465586
-0.598979 -0.953848 1.20164 -1.08797
-0.478292 -0.9342 1.32192 -0.696559
0.502184 -1.04115 1.31487 0.451372
-0.04515 -1.15851 1.14541 0.133122
1.14022 0.510026 -0.926102 1.08747
1.01355 0.342376 -0.363195 1.96804
0.478936 -0.965619 1.48687 0.652534
0.901916 -0.878787 1.23574 1.02578
1.67317 0.413475 -0.329069 1.00344
-1.07314 -0.205969 0.127897 -1.4818
5.54214 2.34984 -5.49955 6.30696
0.152398 1.44741 -4.88841 -2.12632
1.02725 0.593732 -0.803503 0.901431
-1.60869 2.05106 -2.2174 -1.92958
2.09393 -0.30292 3.936 1.93544
0.510281 -1.01623 1.03333 0.376049
-0.960428 0.465218 -0.468122 -0.999832
2.327 1.05704 -1.0761 1.34696
-1.04197 0.753799 -1.7311 -0.844968
0.981193 -0.671016 3.61425 4.48743
-1.92859 -0.816417 1.1492 -1.54496
0.986464 0.611035 -0.743382 0.875803
-0.362805 0.965494 -2.00977 -0.714842
-1.53005 -0.611067 1.11672 -1.47645
1.38286 0.61324 -1.11462 1.60263
-4.4835 -4.32898 6.64345 -4.02769
1.01777 0.501284 -0.925427 1.31004
-0.690661 0.900201 -1.1077 -0.569275
-0.284172 1.27455 -1.27345 -0.712907
-1.63471 0.43445 0.532463 -2.1062
-1.70812 -0.722945 1.1001 -1.40148
0.541085 -1.054 2.79737 3.77444
1.58898 -1.16115 1.52191 1.33805
0.171716 -1.07683 2.30733 0.41454
-0.416992 1.00499 -1.00499 -0.416992
-6.84949 4.87579 -7.62498 -4.82963
-1.70001 -0.616679 0.705071 -1.3155
-6.78536 -3.26669 8.0941 -10.2564
-8.57892 -0.572787 -1.87223 -8.50031
-2.18985 -1.02852 0.809067 -1.00397
2.36992 1.12397 -1.25884 1.61159
-2.97177 -1.2396 3.69031 -4.80991
-0.505409 1.13281 -1.25448 -0.247733
0.732878 -0.85156 0.85156 0.732878
0.004616 1.12445 -1.67652 -0.364881
-0.064719 -1.15668 1.24371 -0.340516
-2.75584 1.28965 -1.60153 -2.21387
-1.51671 -5.54579 6.17827 -0.857605
0.414203 1.00841 -1.04353 0.368142
-0.939004 0.567027 -0.716142 -1.03597
-0.753639 -2.08178 2.34976 -0.860319
1.50741 0.623561 -0.805105 1.04826
-3.32491 0.939137 -1.20534 -2.74062
-1.11783 -0.649574 0.375802 -1.55374
-0.612658 1.10315 -2.01779 -0.593697
0.858508 0.676628 -0.676628 0.858508
1.32931 1.52637 -3.2376 1.96896
-0.063216 -1.10106 1.79619 0.295893
-1.38033 0.590306 -1.42496 -1.214
-9.33088 -5.1569 6.48957 -5.91527
-1.90842 -0.630371 1.66546 -1.86826
-1.11409 -0.538317 0.659318 -1.00811
-0.521733 -2.00289 1.13759 -1.09815
1.75434 -10.0658 12.7699 0.900146
-0.530565 -1.30279 1.08127 -0.366101
-0.790168 1.03719 -1.50803 -1.31658
7.1872 -8.63217 8.61713 5.14127
1.77476 0.926168 -1.03887 0.911978
0.417969 -1.08483 2.71059 1.02558
0.030596 2.09547 -2.37281 0.130146
-1.96426 1.94635 -2.7966 -2.20889
1.29714 1.65268 -1.94475 1.28889
-0.436035 -1.03018 2.4393 -1.81236
1.26963 -1.76619 2.6628 0.813226
0.708444 1.53763 -2.75054 -0.420148
-0.610365 0.944236 -1.14635 -0.462677
9.91269 4.2692 -6.79436 7.32168
0.146416 -1.1138 3.94132 1.58541
0.990746 0.527824 -0.745282 1.00915
0.582835 -0.872251 4.06868 1.71174
1.32646 0.427567 -0.843356 1.40369
-0.030275 -1.12252 1.68226 -0.635233
-4.6926 -1.22571 2.14102 -3.44456
-1.51492 0.595035 -1.28725 -1.1785
-10.6281 -14.2575 13.2653 -12.6178
0.709504 0.828407 -1.6111 1.20191
-0.991375 0.465857 -0.397197 -2.5457
1.90776 1.1175 -1.2273 1.60756
1.29445 0.618724 -0.67793 1.0486
0.46271 1.01699 -1.55335 0.337688
0.373298 -1.05978 1.05978 0.373298
-2.45864 -1.23598 1.03789 -1.07771
1.05962 0.661304 -0.854881 0.857459
-1.08756 -0.84937 1.03659 -0.967012
-1.11086 0.594465 -1.41993 -1.03135
-0.860457 0.783144 -1.67554 -0.97579
1.50559 0.603753 -0.329131 1.10253
1.06349 -0.331747 0.706132 2.28472
-0.349591 1.00674 -3.85704 -1.63463
0.963783 0.518229 -0.571769 1.10397
1.07653 0.190923 -0.198246 1.01801
1.22252 -2.26433 1.89479 0.090301
-1.36774 0.986344 -2.73247 -2.49443
0.028136 1.71242 -6.37575 -2.6312
0.109 1.50349 -6.88107 -1.26665
-0.966409 -0.632166 0.783442 -1.00292
-1.17377 -0.480342 0.312879 -1.0026
-0.333241 1.73318 -4.36902 -1.81064
-1.23364 1.7455 -2.37002 -1.19407
-0.300335 1.05828 -1.47256 -0.45052
0.741504 -0.754024 0.814032 0.851387
-1.69601 -0.701773 -0.291781 -1.44953
0.03823 -1.06848 1.27924 0.045708
-1.05516 -0.488641 0.750265 -1.13565
3.23602 -0.142504 1.76358 2.12531
0.338941 -1.17099 1.18309 0.758362
-0.842 0.740398 -0.775471 -0.811552
0.743072 -1.31674 2.6738 0.961692
-4.22119 4.53707 -14.9048 -6.50142
-0.157456 -1.58471 1.21165 0.211823
-0.152657 -1.12183 1.67515 -0.256444
0.370723 -1.03064 1.32802 0.597809
-0.036472 -1.04684 1.74129 -0.153427
2.06559 -1.48936 1.35067 1.64466
-1.06818 0.365481 -1.27385 -1.90185
-23.0177 29.241 -54.1217 -19.2127
1.40146 -0.111317 -1.09304 1.92135
-17.0792 -2.00691 0.109725 -22.4213
-0.290412 1.00056 -1.69406 -0.30257
0.375549 -1.50982 1.68466 0.74345
0.064101 -1.05167 1.61915 0.192567
-0.533475 0.982404 -1.33453 -0.430289
-1.28387 -1.85725 2.36685 -1.4571
-0.874591 -0.601446 0.774538 -0.944232
1.23025 -0.855639 0.743221 1.06455
-1.19216 1.07263 -1.16518 -1.11135
1.63261 -0.364286 0.74213 1.5258
-1.28701 0.584605 -1.02834 -0.899758
-0.38127 0.995706 -1.74457 -0.700034
-0.607121 -1.38097 1.97894 -0.005761
1.07398 -0.032015 0.125441 1.46678
0.392272 -0.979186 0.979186 0.392272
0.708919 -0.858668 1.16918 1.34521
-0.466906 0.972368 -1.4352 -0.417836
-0.038969 1.08862 -1.29821 -0.058389
-1.65947 -0.915909 0.861827 -1.30918
0.448278 -1.27087 2.11196 0.656153
0.669699 2.21372 -5.64982 -2.20362
0.587015 0.910756 -0.910756 0.587015
3.92133 -6.59232 8.34714 2.63398
-0.138274 1.61931 -1.51836 0.977058
-0.613717 -0.95455 1.14597 -0.469973
-1.166 -0.758971 0.157606 -1.51067
1.00527 -0.587337 2.33054 2.05872
3.04423 -3.61245 6.43181 3.17539
0.064994 -1.0703 1.55862 -0.000146
-0.244537 1.21339 -1.75762 -0.54957
-0.189044 1.01158 -2.27413 -0.36923
1.70384 -1.25635 1.89266 1.62571
-2.07584 -0.321128 0.911074 -2.78665
-1.28944 0.092224 -2.25843 -3.329
-0.970967 1.10358 -1.31807 -1.49435
-1.78198 -0.932798 1.22292 -1.35824
-0.23274 1.31735 -5.80676 -2.48932
-0.507843 -2.0123 2.61261 -1.95731
4.39345 2.92512 -3.22077 4.55119
1.10296 0.106351 -0.32662 1.22292
1.96378 1.7085 -2.57279 1.4566
-4.12121 -1.53657 2.57899 -3.88714
0.914637 -0.673254 0.932499 0.83157
-0.181329 1.07683 -3.69479 -1.49525
-0.960227 16.8621 -19.9375 -1.08673
-0.952214 -0.883553 0.743562 -1.15947
1.60998 -1.08708 2.07215 1.93858
-6.97378 2.94127 -8.58711 -6.68131
-1.81445 -0.823889 0.78132 -1.02106
-3.60074 -1.42987 1.83005 -2.38256
-2.25618 0.295618 -0.597425 -1.68126
0.928384 1.04254 -1.85963 1.40311
-2.59537 -1.28835 0.981127 -1.60731
-0.324555 1.11949 -4.75471 -1.96628
1.05318 -0.307187 0.242484 1.46417
0.030569 1.86159 -4.23451 -1.69063
0.476604 1.49868 -1.51005 0.969085
-1.40206 -0.716872 0.964473 -1.09856
-1.67885 -0.029388 0.600559 -1.68015
-1.81317 -1.12242 1.21032 -0.734113
-0.338178 1.01695 -1.71019 -0.453747
2.47758 -0.656948 1.09269 1.84449
0.202778 -1.08786 1.08786 0.202778
1.20239 0.2479 -0.470257 1.48889
-2.15133 -1.01442 0.886133 -1.41061
-0.88548 0.638743 -0.638743 -0.88548
-1.42824 -1.74826 3.12645 -2.53092
1.56816 -0.154213 -0.302656 1.57501
-0.99678 -0.344183 0.35822 -1.10414
-0.918248 -0.707605 1.0649 -0.925927
0.068436 1.30102 -2.63893 -1.12998
1.93367 -0.474089 3.26722 1.46797
15.8684 -17.157 20.0632 15.3891
-0.004858 1.49369 -4.59948 -1.95145
0.094957 -1.54277 1.63488 -0.779787
-3.43925 1.93157 -1.6914 -1.07386
-0.79662 -2.74146 8.39412 3.53896
-1.4161 -0.721772 1.41467 -1.6562
0.467419 1.06303 -1.68205 0.199471
-1.08235 -0.799338 0.490739 -1.2254
-0.923455 0.662035 -0.662035 -0.923455
-0.913103 -0.727899 1.00203 -0.803259
1.01462 0.495317 -0.702617 0.988528
-1.6154 -0.914017 1.01612 -1.345
1.09777 -0.125348 -0.002996 1.14481
-0.242777 1.02119 -1.67559 -0.517126
0.285518 -1.03447 1.10287 0.256166
1.77603 0.963674 -1.02992 1.44014
-1.08943 -0.027921 -0.238216 -1.84301
-0.555176 1.68651 -1.78936 0.378885
1.47381 -0.364436 0.208227 1.37673
-0.827819 1.19704 -1.27979 -0.645745
-3.54384 -1.39347 1.88037 -2.63562
-1.8667 0.231367 -2.14031 -3.59129
1.05087 0.201474 -0.340967 1.23939
-0.296393 1.03907 -1.2018 -0.230136
-0.38657 1.52697 -1.49585 0.14913
-0.539625 -1.18626 1.98828 -0.150493
-2.48553 1.15485 -1.72289 -1.77947
2.66399 1.14376 -1.21459 1.46543
-0.802803 1.29932 -1.67323 -0.161295
-0.614185 1.32639 -0.901549 -0.655396
-0.783868 1.44887 -0.748069 -2.22619
-4.13176 -4.27024 4.44453 -3.2203
-0.231257 1.05791 -3.82365 -1.47225
3.34433 -4.73299 5.44352 2.27963
-0.392705 -1.12879 1.72068 -0.476084
-1.58549 0.869728 -1.90836 -2.30092
0.566616 0.871695 -0.871695 0.566616
-1.81581 0.664388 0.505386 -1.80711
-1.2365 0.497491 -0.672409 -1.01991
-0.126472 -1.14533 1.72222 0.267832
0.504034 -2.44911 2.49803 -0.251901
-0.286381 1.9054 -3.43499 -0.553866
-1.56419 0.157723 -0.731657 -1.16561
-0.126676 1.09492 -4.37243 -1.78513
-1.47262 -0.730022 0.884544 -1.31165
1.72526 -0.199346 0.575222 1.62269
0.94927 -0.563899 0.732663 0.949294
0.071836 1.56705 -5.06375 -2.12145
-1.70517 0.449949 -1.50195 -1.43312
-0.217817 2.09999 -2.36434 -0.041537
8.84364 3.46557 -4.92298 5.79019
0.376261 -1.05211 1.90404 0.413676
1.94592 -0.426973 1.78619 1.53729
3.18822 -1.15009 8.48133 3.38447
-1.30748 -0.141342 0.359336 -1.43979
1.69688 0.901397 -1.33791 1.58124
2.36663 0.698138 -5.19633 7.7863
0.367713 -1.01496 2.59376 0.453879
-1.59483 0.224121 -0.996532 -4.90734
2.13434 -0.314878 0.5402 3.82659
-0.978403 -0.856204 1.3844 -1.04649
-1.06249 0.27836 -0.500168 -1.21376
0.678207 -1.23554 1.45649 0.58851
6.00778 9.98069 -15.2612 6.10459
-10.1816 4.01026 -4.55852 -12.2006
-1.08335 -0.089494 0.342018 -1.9723
-0.724162 1.07539 -1.19567 -0.614563
-1.38941 -0.69847 0.809869 -1.03824
1.24236 0.80542 -3.47365 5.50712
-1.6801 -0.645027 0.612689 -1.09995
-8.51529 -3.04603 5.29773 -6.81461
-1.78065 -0.118847 0.941752 -3.13196
-0.280842 1.02114 -1.66839 -0.401882
0.562834 -0.966814 1.08459 0.445629
-1.64958 -0.925155 0.743701 -1.15099
-0.042737 -1.16128 1.52875 -0.105007
-1.64003 -0.719234 1.03246 -1.39669
-1.02202 0.574303 -3.06919 -2.96025
1.93846 1.44164 -1.79754 1.9929
-1.10829 -0.396786 0.586309 -1.01461
1.10762 0.124111 -0.477507 1.80939
-1.24161 -0.545521 0.975079 -1.33302
0.813629 -1.05344 1.34134 0.616821
12.9327 5.52325 -8.93446 11.053
-0.920052 0.655133 -2.26753 -2.78378
0.687457 0.818065 -1.53874 1.08129
0.30258 2.76826 -2.52868 0.299644
0.835036 -0.890792 0.934007 0.68593
-2.70078 -1.36961 0.978698 -1.74308
3.1925 -4.56147 6.25832 2.00669
1.13615 0.20956 -0.084509 1.08742
0.12058 1.09372 -1.11984 0.227413
-1.05417 -0.257203 0.522087 -1.93569
-1.49195 0.667575 -1.74475 -1.23932
-0.956831 0.64695 -1.08607 -1.28491
-0.519862 -1.192 1.45957 -0.074003
0.595851 0.954934 -1.68758 1.74828
0.105556 1.06615 -1.66961 -0.064121
-1.13165 0.903805 -2.25999 -2.11617
0.96249 -0.764458 1.10205 0.748675
-0.754901 -0.886294 1.57098 -0.719135
-0.884797 1.02261 -2.58626 -0.981125
-0.558153 -0.968361 1.28601 -0.912025
-0.66292 -0.993806 1.07617 -1.55409
1.00532 0.692183 -0.879953 0.812142
1.22402 0.559043 -0.625013 0.89986
0.998273 -0.605486 1.07791 1.07051
-0.927591 0.592102 -0.727255 -0.975304
-0.139423 -1.34255 1.77183 -1.37897
-1.04198 0.275754 -0.224768 -1.12145
1.03707 0.257104 -0.230138 1.24057
1.31063 0.718442 -0.764781 0.962368
0.470329 0.955254 -1.0308 0.549485
-0.786583 1.16389 -1.13066 -0.362899
0.889752 -0.648191 0.648191 0.889752
2.14745 1.16961 -1.37302 0.847926
-1.18365 1.14414 -0.15182 -2.17974
-2.79934 1.64468 -1.56507 -0.826786
-1.27363 -0.668277 0.761479 -0.909207
0.531384 2.10542 -7.20789 -2.93465
-4.69122 7.13514 -9.03005 -2.92665
-0.754417 -1.08837 1.38849 -0.278397
2.29644 1.33187 -1.55812 0.940634
1.62219 0.505257 -0.664785 1.19871
-0.706979 -0.918617 1.19211 -0.568248
-0.101555 -1.15912 5.55444 0.879392
-1.07489 -0.078663 0.028842 -1.132
-0.255378 1.05752 -3.82665 -0.741446
-1.84782 -0.855939 1.32427 -1.78529
0.500224 -0.985297 1.08703 0.377075
1.38682 -0.346822 3.24502 3.20996
3.93004 0.953994 -0.493838 2.35269
0.20418 -1.03357 1.3026 0.231436
-0.770356 1.18512 -1.75352 -0.78146
0.256026 1.20864 -1.5024 -0.019416
-1.29443 0.876347 -2.91993 -2.68122
-1.25507 0.179269 0.407155 -1.95561
0.635048 0.851168 -0.851168 0.635048
-2.01578 -0.778133 1.00583 -1.27123
1.25939 0.888357 -0.916254 0.748199
6.26294 7.94266 -4.14417 6.33924
-0.607083 -0.936704 0.936704 -0.607083
-0.827304 0.750443 -1.00811 -0.946963
1.27172 -0.878823 1.38731 0.667119
1.53656 0.424548 0.525159 1.52427
-1.36011 1.56155 -0.951344 -1.13481
-1.10091 -0.639286 0.936953 -0.9311
0.433602 -1.23788 1.3591 0.8076
0.298163 1.04242 -1.67577 0.139385
4.90212 3.05401 -3.18202 6.99455
1.40948 0.812377 -0.855655 0.936082
-0.369504 1.06969 -4.23962 -1.79817
0.144991 1.08482 -1.157 0.199616
-2.49619 -0.974071 0.84361 -0.966438
0.46383 -1.08802 1.86123 0.643063
0.469684 1.92365 -2.4347 0.030237
-2.17365 1.89199 -1.3755 -3.80778
-6.87399 -0.921551 2.95329 -6.14576
0.640776 -0.876261 1.33506 1.66371
0.944185 0.498663 -0.922183 1.40902
-0.829767 0.783648 -1.18409 -0.755041
-0.273592 1.03003 -1.66533 -0.55912
0.60645 0.974492 -1.00696 1.20021
1.1954 -0.807466 1.57234 1.95448
-0.876398 1.16052 -1.42792 -0.712094
-1.79573 -0.893948 1.08963 -1.50068
-0.976897 2.84297 -3.11287 -1.99109
-1.08128 -0.853789 1.70506 -1.06721
-1.03537 -0.420991 0.623091 -0.988698
-0.89036 0.939885 -1.30633 -1.21392
2.02089 0.861506 -1.13466 1.2945
0.721965 -0.908406 1.53434 0.635844
-1.55083 0.168987 -0.793897 -1.15947
-0.85117 0.721577 -1.00172 -0.779586
1.00349 -0.524522 0.44844 0.937902
-1.08058 -0.116052 0.247727 -1.10769
1.02344 -0.395711 0.355837 2.62651
-0.441138 -1.32575 2.4702 -0.315289
0.519478 -0.994849 1.29562 0.73512
0.578589 -1.08297 1.52598 0.557333
-0.219021 -1.03802 2.5271 -0.532593
-1.71658 -0.764255 0.873497 -1.23016
-1.15612 0.042605 -0.555474 -1.99885
0.607925 1.2454 -1.71064 0.167774
-1.0297 -0.818258 0.867023 -1.30362
0.776737 0.867555 -1.34848 0.702339
-0.533247 -2.76433 3.38351 -0.536639
-1.38547 0.332295 0.483904 -1.64533
1.17043 -0.244871 0.344351 1.2477
-2.6681 0.563891 1.10318 -3.67422
10.3974 5.58061 -7.61842 8.42537
-1.08388 0.005349 0.136343 -1.24184
0.032088 -1.63788 6.11867 2.64463
-1.73003 -1.1328 4.39955 -5.99827
-0.188082 -1.21154 1.9571 -0.361121
0.766943 1.15587 -1.69694 1.0834
0.740096 0.8118 -1.00782 0.771767
-1.43695 -0.643844 0.777528 -1.03139
-0.120825 -1.45257 1.83645 -0.029769
0.898209 0.80277 -1.33904 1.20527
2.59 -1.0773 1.36788 2.43523
1.08731 0.980647 -1.42925 0.566669
2.75074 1.27274 -1.13455 1.65454
-1.26533 -0.821546 1.36143 -1.07489
-0.794166 -1.60942 2.99111 -0.542412
-0.627233 0.905246 -1.34658 -0.68589
-4.00373 -0.89229 6.39095 -9.79299
-0.947824 -0.573383 0.659633 -0.888529
-1.1596 3.34123 -3.02765 0.445867
0.879359 0.789889 -1.05489 0.736905
0.822783 0.957328 -1.36928 0.504079
-3.95741 -2.53758 2.77518 -2.97583
-0.697536 0.802701 -1.9996 -2.44223
0.285196 -1.00957 2.46228 0.901493
-0.00891 1.17682 -2.36437 -0.981954
1.30154 -0.381579 4.0609 3.97246
-0.921404 1.01244 -0.909997 -3.65821
0.011734 -1.26636 1.75813 0.215972
-0.273938 1.22433 -4.83962 -2.07764
0.742216 0.797525 -1.56959 1.05386
-1.76118 -0.740987 1.01311 -1.21475
0.611039 -1.19276 1.32308 0.922496
1.15705 0.406207 -1.12426 1.37008
0.047177 -1.07066 1.52331 0.198619
-0.471714 1.82054 -1.03111 -1.56877
1.01967 0.623077 -0.804324 0.847011
-0.944884 0.5043 -0.506276 -0.97796
-0.11056 1.06252 -1.26113 -0.157533
-1.66427 -0.139807 -0.145289 -1.32441
5.94401 2.2805 -2.14665 4.28765
-2.22785 0.059064 -1.06299 -4.09676
-0.199631 -1.33832 1.43386 0.445072
-4.04074 2.90093 -3.4305 -3.40286
-2.44376 -0.986271 0.899287 -1.03995
1.73522 -1.07083 1.23139 1.30203
-2.58881 5.54774 -8.45313 -2.09556
-1.64707 4.36492 -4.23404 -0.055735
0.426816 -1.02406 3.64674 0.697728
2.26105 1.35569 -5.80405 8.9601
-2.56646 -1.16255 6.72598 -9.59956
2.01522 -2.40955 3.80381 3.60783
0.53118 -1.04754 2.38476 2.24245
-0.713913 -0.788823 1.64384 -0.982431
1.7735 0.918933 -1.04774 1.42851
-0.237282 1.63823 -6.38483 -2.63175
1.39389 -0.399368 3.38549 3.3205
1.26117 -0.670737 0.283652 1.69219
1.88726 1.27847 -1.653 0.937827
0.102145 1.45079 -6.08401 -2.2586
-0.626193 2.22668 -2.5378 0.39698
-1.14957 -0.259848 0.324702 -1.03696
43.7029 -28.1184 14.1788 47.9327
2.3495 0.820676 -0.535775 2.82232
2.45199 -0.095941 -0.749887 2.49447
1.86437 -1.01193 1.37767 1.56658
2.05355 -0.355651 0.647191 1.46223
-3.03062 4.33174 -7.05779 -2.17242
1.46279 0.633581 -0.649592 0.925471
1.13213 2.66598 -4.16408 1.96325
1.72599 -1.4733 1.12013 0.930339
0.320863 1.03354 -1.09341 0.270788
4.3473 2.09456 -1.14904 3.9375
1.69028 0.450182 -0.400982 2.26445
-0.986938 -0.469147 0.543443 -1.1809
-0.855162 0.771525 -0.8274 -0.706108
1.22068 0.370397 -1.06762 3.74274
1.05423 1.06196 -1.42563 0.430204
-1.75967 -1.85622 0.874876 -3.74508
-1.16643 -1.05133 1.26353 -0.719271
-0.213253 1.04717 -2.17027 -0.376821
-14.5327 -6.53363 10.7362 -16.1003
1.97611 0.866196 -0.854955 1.3294
1.21693 0.787437 -0.793679 0.781164
0.976419 0.486129 -0.728867 1.00639
-1.0847 -0.96847 1.26517 -0.567443
0.332355 1.76161 -3.41731 0.556903
0.359357 -1.01165 1.83005 0.453325
1.37641 -1.44246 5.68591 5.32279
0.515884 -1.22262 1.54019 0.833431
1.37629 0.417541 -1.22565 1.26078
-40.9742 33.6411 -70.1364 -33.5722
-1.05269 -0.500085 0.814428 -1.00691
1.47887 0.137778 -0.088936 1.06958
-0.568062 -2.30113 0.943547 -0.968712
-8.21599 -3.50079 7.32268 -8.64842
-0.919566 0.606369 -0.884237 -1.2175
-1.16823 -0.464202 0.651852 -0.999122
-0.499773 1.39134 -2.37114 -0.88654
0.822646 0.670811 -1.34468 1.20915
-0.893654 -1.27743 1.66463 -0.457686
1.64741 -0.106789 0.30762 1.28119
0.90355 0.660989 -0.682733 0.816264
-0.291656 1.3335 -2.53358 -0.8462
-0.764799 -1.03515 1.40797 -0.609199
0.326756 -1.11792 1.60505 0.260718
-1.65012 0.190289 0.320113 -1.41363
2.01657 0.5965 0.198068 2.41265
-0.511532 0.986584 -1.10971 -0.399959
0.996684 -0.456215 0.404999 0.988087
1.31315 0.364234 -0.551581 1.00909
2.47435 -3.34703 4.52571 1.4713
-0.944554 -3.36066 3.54314 -1.70288
-2.57727 -1.02662 0.958931 -1.04892
1.53582 -0.485886 -0.5431 2.50603
0.296189 -1.05631 1.99011 0.353929
-5.49261 -1.62128 4.84776 -6.62247
-0.283298 -1.4507 1.93202 0.237265
-2.80778 -1.49439 1.43808 -1.61019
0.120367 2.40105 -3.005 1.90512
-1.14442 -0.479722 0.706813 -0.999025
0.86019 -0.655546 0.729335 0.970305
0.31876 -1.07786 3.79569 0.721057
-1.0533 0.483921 -0.530456 -0.945159
1.08493 0.003874 -0.025143 1.2159
-1.66203 2.56532 -2.53908 -0.467408
-3.88937 -1.88174 2.12438 -1.93451
1.02047 0.598711 -0.699506 0.940722
-0.823367 -0.954517 2.235 -0.878647
0.908006 0.819641 -1.2216 1.3034
-1.57398 -0.32257 0.09676 -1.19881
-11.5325 -3.01349 15.8369 -20.612
-3.64263 1.74913 -2.51438 -4.87176
-0.260249 -1.13551 1.4079 -0.832609
0.22387 -1.02373 1.29771 0.413817
-0.935905 -0.874522 1.18436 -0.594024
-0.296328 0.99552 -4.20553 -1.77358
2.81528 -0.594703 1.04457 1.85619
1.99338 -1.81473 1.94096 1.03355
-0.182101 1.06964 -1.4126 -0.082456
-0.565496 1.17377 -1.18386 -0.361618
1.24549 0.071702 -0.568005 1.40127
-1.40248 -1.66358 2.26582 -1.98015
-1.36191 0.651194 -1.32518 -1.08966
-1.26274 -0.822563 0.994469 -0.701736
1.10838 0.454182 -0.71134 1.11569
0.557365 -0.933974 1.13579 0.603353
1.6969 0.873998 -1.04002 1.44211
-0.411758 -1.23536 2.35715 -1.78026
1.97192 -1.25754 2.41093 1.80508
-0.718813 -1.43311 2.39197 0.638735
-0.776688 1.76557 -2.00551 -0.439839
-1.61693 -0.719844 0.804973 -1.18579
2.34038 1.17032 -1.28885 3.26272
-0.31923 1.36207 -1.37051 0.214904
-0.355076 -1.70858 1.03194 -0.875913
-0.623968 -1.17985 1.29191 -0.549406
0.977605 0.903562 -0.685613 0.954251
0.134235 -1.04885 1.24121 0.212033
-1.36995 0.6892 -1.89031 -1.26127
-0.135877 1.5609 -5.42121 -2.30876
-2.64021 -1.25903 1.06725 -1.70892
0.33157 1.06712 -1.61367 0.112141
-2.50706 0.06747 0.166265 -2.01757
-1.09392 -0.183882 -0.066829 -1.43836
-0.699636 -1.22241 1.10912 -0.603086
1.05286 0.566535 -0.765206 0.920234
1.51444 0.719112 -1.05646 1.61715
0.984264 -0.585037 0.511532 0.942851
2.20212 -4.59176 4.69497 -0.174429
-1.07482 -0.295615 0.450059 -1.11082
1.08617 -0.342752 0.938054 1.54409
-0.612218 1.46799 -1.25683 -0.046934
0.578147 0.895117 -0.895117 0.578147
-0.633958 0.950685 -2.35435 -3.48488
0.8684 0.721485 -0.770963 0.793543
0.527077 2.13654 -2.92187 -0.974896
1.57416 -0.128416 -0.454133 1.54167
-1.1864 -0.358586 -0.555078 -2.84197
-1.00445 -0.501644 0.54506 -2.80134
0.879371 -0.592875 2.11154 2.58332
-2.27918 -9.58722 8.38512 -4.34544
1.64167 0.771591 -1.71647 2.09176
0.151689 1.17908 -4.17608 -1.63747
0.036665 3.07512 -3.56642 -0.960632
-1.12532 0.677557 -1.26581 -0.870355
-2.62422 -0.675177 0.494685 -1.71782
-0.317157 1.13182 -1.84952 -0.153819
0.586568 0.885353 -0.885353 0.586568
0.48012 1.05562 -1.62444 0.202104
0.673782 0.867413 -0.967903 0.612453
-18.7091 22.0492 -27.4409 -14.3812
-1.06446 0.627383 -1.11447 -1.08926
0.472835 2.18207 -1.98438 0.933614
-1.66957 0.365867 -1.1387 -1.27711
-5.7638 5.76932 -3.86209 -4.07837
-1.68344 1.09705 -0.999676 -1.10997
4.73556 -5.84531 7.43334 3.33058
-1.34277 -0.483137 0.985483 -1.07455
0.958265 0.638238 -0.896195 0.911863
-0.63761 1.02574 -1.39124 -0.426965
-0.982227 3.31129 -1.88827 -0.571785
0.953003 -0.529635 1.24808 1.52634
0.139572 1.04981 -1.40187 0.348279
-0.781978 -0.82464 0.978859 -0.764186
0.844702 -0.749641 0.925581 0.850088
-1.2418 -4.95478 6.63 -2.37658
1.08905 -0.536815 2.03012 1.74699
-1.85212 1.38291 -0.870118 -1.2294
0.10589 -1.03795 1.35224 0.127123
-1.12682 -0.866822 1.27699 -0.625251
1.3588 0.513295 -0.942536 1.61658
-0.471954 0.98594 -1.339 -0.854636
1.1349 -0.622129 1.06433 0.869386
0.991809 -0.826236 3.29381 4.06772
-0.33051 1.06053 -1.18185 -0.196924
-1.24743 -0.545493 0.350383 -1.21279
-21.908 -10.5083 17.228 -25.5228
4.87352 2.02296 -1.65296 1.35417
-1.09633 0.300532 -0.309682 -1.02246
-1.09184 -0.3937 0.659472 -1.0995
0.256911 1.19069 -2.73497 0.10848
-0.399885 -1.24778 1.66285 -0.279122
-1.12645 5.76284 -6.24251 -3.13721
0.952902 1.05149 -1.15128 0.946383
-5.61347 0.168816 -0.923961 -6.33213
0.962959 0.54655 -0.629583 0.928927
0.049344 1.80327 -1.65682 1.11847
-0.553783 -0.919389 0.919389 -0.553783
-1.13992 0.095327 -0.56334 -1.3781
-0.743057 0.822998 -1.05179 -0.671403
-1.20248 0.959663 -4.21241 -4.99287
0.978819 0.568376 -0.981191 1.3063
-2.92164 0.480387 0.419948 -1.88102
-2.18352 0.490295 -1.71278 -1.55508
-0.793307 0.680944 -1.64456 -2.47558
3.14418 3.74063 -4.90101 2.81071
-2.13904 -1.29485 1.30814 -1.23279
0.51727 -5.63285 7.72349 0.003312
-0.025624 -2.55353 5.96124 0.660099
-0.685281 -0.849129 0.917702 -0.650342
0.728935 -1.29232 1.68597 1.59403
-2.17503 -2.56048 3.61199 -0.759552
-1.1135 0.638521 -1.61125 -2.1296
1.51589 0.149353 0.285374 1.35059
1.65456 -0.509263 2.2946 1.98916
1.60852 1.12104 -1.47262 0.898332
1.48252 0.787484 -0.844921 1.02494
1.44069 0.476167 0.393762 1.54066
2.73475 1.50945 -1.79757 2.23752
0.680373 -0.930916 1.23858 0.667535
0.905891 -0.549511 1.1409 1.44705
0.93778 0.901983 -0.814264 0.708683
1.25647 0.562626 -0.996757 1.38591
-1.55959 -0.691323 0.849555 -1.17408
0.963427 4.09708 -6.06128 2.58299
1.10696 -0.83803 1.1762 1.02597
0.409812 -1.55263 1.56782 -0.102767
-1.8605 -0.718011 0.840348 -1.21669
1.17571 0.759326 -0.215735 1.44081
2.46533 0.857579 -4.08104 6.24232
-0.933344 0.769745 -0.620215 -0.945935
2.38333 1.28631 -1.65217 1.33174
1.29021 -8.64978 8.61297 1.65566
-4.4509 -0.452206 1.63458 -3.98731
0.08223 -1.0321 1.63284 0.228
0.53917 -1.01705 1.24461 0.618707
2.0068 0.91341 -1.98785 1.97836
2.07144 -2.16004 2.97384 1.49902
-2.44621 0.477189 -0.324643 -2.20142
-2.52756 -1.24282 1.67748 -2.02905
-1.04198 -0.697591 0.883136 -0.833387
0.798289 1.10073 -1.44241 0.506834
-1.29212 0.658158 -0.864357 -0.899539
1.01444 -1.07368 1.13656 0.737317
-1.0355 0.60681 -0.448915 -0.990654
0.513693 1.54843 -5.46024 -2.24754
0.666411 0.861113 -0.940625 0.745969
-1.0491 -0.596673 0.414053 -1.55269
0.676868 1.03285 -0.853083 1.27152
0.217461 2.35977 -3.77127 -0.163659
0.849561 0.654366 -0.659533 0.927403
1.15243 0.512626 -0.464626 0.982261
1.0668 0.135513 -0.246348 1.31323
-3.10815 4.65592 -12.0004 -5.43655
1.14978 0.267598 -0.242802 1.29287
0.112895 1.58449 -3.9369 -1.73297
-2.13756 -1.23951 1.14146 -1.08876
-0.358691 1.22044 -1.86387 -0.676568
0.580732 -1.0027 1.35114 0.502849
1.15102 -1.76697 2.31227 1.15228
1.58554 0.808459 -0.837883 1.05902
0.817874 -0.729087 0.761989 0.852234
0.292647 -4.53897 5.14043 0.307502
-0.460143 -1.20855 2.37376 -0.852694
-6.28067 4.89361 -7.2785 -4.33316
0.597494 -1.0715 1.78369 0.542988
1.51155 0.787615 -0.702133 0.820216
-0.958289 0.693141 -0.666026 -0.835118
1.96805 0.977747 -1.62392 1.75921
-0.657449 0.903899 -1.10465 -0.545753
-1.79086 -1.8022 3.4832 -1.67299
-0.994323 -0.601675 0.732837 -0.882259
-0.895666 0.657724 -1.40646 -2.07798
0.719062 -1.03122 1.14415 1.18858
-2.32051 -2.84274 3.17508 -2.99243
-0.386684 -1.13316 1.52995 -0.777311
1.89566 0.817035 -0.759349 1.11668
-1.28115 -0.469822 0.931277 -1.48387
2.73716 1.19143 -0.966017 1.15784
-0.889432 0.940642 -0.85686 -3.5299
-1.08593 -1.30509 0.326283 -2.01796
-0.215126 1.65749 -4.62851 -2.00393
1.69912 -0.804639 2.49445 2.18152
-0.579844 1.72208 -2.08321 -2.11192
-0.042975 -1.70463 2.57331 -0.067732
0.753951 -0.887001 0.925923 0.969665
-0.942826 -2.46457 2.9634 -0.574281
0.214573 -15.0989 14.4269 0.684069
0.070026 -1.09333 1.39067 0.240447
0.766398 -1.10903 1.82537 1.81846
-0.96663 -0.52009 0.808455 -1.02235
-1.4143 -0.785851 1.08616 -1.14935
1.18841 -0.069365 1.02372 3.1285
-1.04549 -0.452055 0.79552 -1.12791
-1.12973 -0.52324 0.849054 -1.3629
1.37356 0.660356 -0.902369 1.299
-2.20846 -1.06309 0.872245 -0.908111
-0.292313 1.03665 -4.75118 -2.0375
-0.062785 -1.13805 1.80449 -0.511241
2.2825 0.987984 -1.2493 1.50103
-1.11304 0.587427 -0.420141 -1.37881
-0.339535 -1.64056 2.25828 -0.793262
1.51905 0.784031 -0.979351 1.04371
0.955762 -0.469467 0.639172 1.95695
-1.31974 -0.571538 0.724188 -1.06989
-1.1006 -0.540885 0.810262 -0.917519
-1.27319 -0.74 1.38596 -0.818399
0.934263 -1.16602 1.52178 0.461013
2.3559 0.74973 -0.191168 1.42843
-3.33482 -1.54564 1.98334 -2.84906
-1.046 -0.199209 1.29195 -3.83895
-2.97201 -1.984 3.72107 -4.20841
-0.281333 1.08312 -1.82763 -0.440669
0.877725 -0.563772 0.868344 1.15039
-0.339525 0.988137 -2.32157 -0.445163
1.22285 -1.79534 2.39051 0.739484
0.414011 -1.01116 1.16652 0.331956
-1.27742 -1.2602 1.33449 -0.616007
-1.01755 0.72623 -1.03991 -0.831855
2.08065 1.1641 -2.64231 3.27091
0.567584 0.90084 -1.93437 1.14792
0.174521 -1.47647 1.78486 -0.221621
-0.916133 -0.798919 1.07358 -0.857845
-1.79627 0.516391 0.431243 -2.90919
-1.29866 -0.484594 0.045445 -1.46474
0.61928 -1.02446 1.08753 0.442849
-0.665665 0.901449 -1.49179 -0.722901
-1.5774 0.815469 -0.566146 -1.15547
-1.44228 -2.04903 0.836776 -0.74304
1.09619 0.524424 -0.404886 1.27352
-0.822171 -0.680676 0.977299 -1.33039
1.23792 0.645309 -0.611894 1.03871
0.453782 -0.959857 1.01619 0.476043
-3.07614 -1.74389 2.32305 -0.939326
1.98398 0.170022 0.133517 1.58155
0.953613 -0.613735 2.25362 2.7932
0.842486 0.895429 -1.21575 0.651112
-5.00636 -2.94456 6.03677 -7.59719
1.28384 -0.434962 1.04577 4.67471
-2.31592 -1.02477 1.61676 -1.64848
2.71369 0.415251 -0.126177 2.41415
1.78152 2.12449 -3.22618 0.154302
1.73585 -0.263833 1.6308 1.74264
2.01162 0.987721 -0.928442 1.18041
2.14788 1.12085 -1.07922 1.24356
-1.04325 -0.728838 0.899597 -0.93637
0.345031 -1.24437 1.38063 0.935399
1.11064 0.43048 -0.59203 0.996298
0.211476 -1.01198 1.8998 0.392884
-0.886752 0.604303 -1.19524 -1.44899
0.054555 1.30497 -1.74094 -0.258342
-1.46285 -0.194452 0.972929 -1.38034
0.268132 1.24511 -1.14331 0.019702
-0.616675 -1.05101 1.32581 -0.957636
0.610636 0.934434 -1.35025 0.479805
-1.98671 -0.994299 1.08112 -1.04728
-1.13732 -0.392157 0.900376 -1.15338
-3.22652 -1.79771 2.18726 -1.4918
-0.972706 0.50544 -0.969254 -1.08831
1.1349 -0.383822 0.203278 1.21271
-2.25305 0.93149 -1.79181 -1.94619
-3.93427 2.36439 -1.8236 -1.74348
0.653292 -1.31053 0.992463 0.809639
-0.801821 -0.709119 1.4614 -1.17513
-2.88798 0.584814 -0.962062 -2.40759
-0.913452 0.827451 -0.857472 -0.761141
3.34682 -4.80534 5.19956 2.22041
0.156124 1.2171 -2.81618 1.65722
-0.747936 -0.764276 1.21044 -1.04781
-1.06628 0.258566 -0.367297 -1.14209
-1.05925 -0.342334 0.848869 -1.37466
0.055841 -1.32046 1.85766 0.403975
0.386099 -1.09943 1.26694 0.656054
0.807753 -0.653187 0.981992 1.21721
-5.47768 4.22704 -7.02023 -4.12828
-0.400073 -1.67542 1.60555 -0.160711
0.289528 -1.0291 1.08475 0.305576
-0.49464 -1.23187 1.9183 -1.08477
3.42278 0.997477 -7.62723 11.5954
1.9994 -0.987361 1.80242 1.64185
1.08968 0.709571 -0.978708 0.903376
0.38475 -1.02839 1.41552 0.315439
1.06385 -1.48574 1.77459 0.695445
-1.37306 0.010901 -0.925523 -4.69489
5.08547 3.34167 -3.34167 5.08547
0.694407 -1.11628 2.09288 0.820547
0.847164 0.658843 -0.738541 0.819644
0.442827 -0.985048 1.42837 0.469948
0.139999 -1.13066 1.46248 0.483951
-1.88819 -0.154116 -0.065797 -1.34817
4.42934 1.31559 -1.6376 7.21749
-0.90801 1.28741 -1.28862 -0.620733
-0.569071 -1.23098 1.71204 -0.022617
0.394198 1.09462 -1.60356 0.068706
1.06919 -0.908626 4.89241 4.63656
-0.374038 -1.10475 1.70711 -0.898255
1.61442 -0.291375 0.691114 1.09989
11.0435 4.52315 -8.47786 10.3873
-1.07859 0.023658 -0.176257 -1.23887
-1.03111 -0.916489 1.09989 -0.602314
5.26734 1.57312 -11.8008 19.0546
-1.00244 0.834943 -0.930218 -0.92855
1.10316 0.756412 -1.10709 0.788099
-1.75253 -0.673254 0.940795 -1.18964
-8.39861 -4.93679 6.44843 -6.13065
-1.96914 -2.46902 4.33494 -2.63591
2.96295 -0.898527 -0.222615 2.73718
0.912334 -0.574983 1.93219 2.41143
0.009625 1.09817 -1.15421 0.115265
-0.911334 -1.46677 0.629435 -2.07588
1.96647 0.783907 -0.927189 1.15421
-8.20806 -2.02142 7.7795 -11.0075
2.39614 2.06648 -3.20014 2.7537
1.28189 -2.02461 2.61464 1.16048
-1.48597 -2.11135 2.11467 -1.82571
-0.47529 1.39387 -1.41052 -0.292128
-1.00172 -0.348182 0.457297 -1.16097
0.466113 -5.24444 4.47815 -0.773207
-0.951023 -2.54949 3.56521 -0.593708
0.994218 0.367096 -0.450724 1.46614
-0.927205 0.744146 -0.852974 -0.994279
-0.787794 -1.77772 2.27425 -2.01215
1.53008 0.736244 -0.751931 1.12936
-6.47929 -2.90312 4.19129 -5.12046
-8.88652 -4.90661 4.27067 -8.28744
-0.021802 2.21677 -6.02217 -2.79824
1.05381 -0.20533 0.157654 1.15831
0.857491 -0.596013 0.596013 0.857491
-2.08771 -0.811416 0.770719 -1.31702
-1.12017 -1.25057 2.25382 -1.74714
1.01896 -0.830346 1.47363 0.751607
-0.020621 1.19134 -4.34292 -1.79177
-1.31769 -0.545659 1.03558 -1.30474
-0.559037 2.02704 -3.23798 -0.922
-2.71205 -0.784524 6.35147 -9.68402
-0.69909 -1.0516 2.25803 -1.12745
-3.71709 -1.86155 2.57592 -3.64688
-1.95018 -2.29413 4.23044 -3.10958
1.23433 0.543211 -0.999157 1.4034
-1.30851 0.960216 -1.2164 -0.881192
-1.05151 0.702645 -1.47904 -1.19455
-2.34576 -1.18541 1.27391 -1.16536
-0.817643 -0.767032 1.00399 -0.769448
2.12204 -1.83232 1.51286 2.96194
0.994776 1.0044 -1.57002 0.906369
-1.65864 -0.097158 -2.87989 -4.31077
0.713611 0.874692 -1.02976 0.706346
-2.17451 -1.67105 6.28362 -8.35276
-1.67381 -0.577211 1.30419 -2.08163
2.59703 1.80522 -2.33445 2.39519
-1.13349 1.76779 -2.14722 -1.05306
-1.14286 -1.2359 1.69863 -0.361261
0.621462 -2.10072 1.86035 0.739174
0.922312 -0.663627 0.663627 0.922312
1.21182 0.345544 -0.543 1.33229
-1.07414 -1.67762 2.97725 -0.974621
-1.23151 0.312909 -0.948855 -1.21004
-1.20829 -0.026447 -0.444729 -1.62796
0.831042 1.16826 -2.01799 1.45881
1.08424 0.996278 -0.879147 0.733183
-2.6565 1.85387 -2.16229 -2.11959
0.386266 -1.02666 4.40549 1.85884
1.68015 0.794769 -0.970473 1.27475
-0.263476 1.03247 -1.51433 -0.3088
0.237227 2.08767 -2.39336 -0.346914
-1.05827 -0.639952 0.880898 -1.02514
-0.064213 1.41333 -5.204 -1.95404
-1.10011 -0.21021 0.541307 -2.06682
1.03132 0.832587 -0.436512 1.41967
1.07219 0.346785 -0.66296 1.26572
-5.20738 2.78959 -2.50372 -5.01015
-5.27385 1.03436 -1.82201 -5.16029
0.335595 -2.29863 2.31645 -0.093319
0.447193 1.94122 -2.55047 0.168974
-1.13155 0.251964 -0.52571 -1.4456
1.9516 1.16833 -1.15074 1.61703
0.539244 0.893365 -1.91102 1.13187
-1.50017 2.25827 -1.80795 -0.934852
-1.45447 2.26477 -1.57018 -4.58437
-3.38348 0.685334 -0.583533 -1.71573
1.64211 -0.377723 1.51559 1.63193
-1.12894 -0.142497 -0.382326 -2.10554
0.868486 -0.615848 2.88279 3.57514
8.68913 3.26236 -5.59676 6.78137
-2.33522 -0.646856 3.07447 -2.90803
-1.3481 1.88971 -2.42335 -0.697652
-1.54261 -0.708892 0.682944 -1.06006
1.24002 -0.668163 0.598558 1.00698
2.13133 1.00628 -1.04212 1.31623
-0.758532 1.83343 -0.807061 -1.76047
-0.801809 0.873079 -1.68649 -0.620475
-1.57409 -0.289516 0.960322 -1.80046
0.891132 -0.707895 0.994296 0.836203
-3.47313 0.941438 -2.27942 -2.59888
0.008833 -1.23786 4.17598 1.35728
-5.95252 3.79041 -10.1927 -6.402
1.61923 0.916985 -0.952302 1.17888
1.51512 1.35529 -1.77864 1.76558
-2.23911 -0.996749 1.14189 -1.74635
0.579526 1.2117 -1.18128 0.871064
0.288955 -1.029 2.04884 0.453059
-0.985017 -0.416683 0.615402 -1.1786
-0.915316 0.71718 -1.0237 -0.935031
0.733599 -2.14238 2.34818 1.93267
1.44616 0.497316 -0.695886 1.3903
0.133659 1.34272 -4.85444 -2.11588
0.596947 -0.971242 1.16096 0.546777
-0.428893 -2.05409 2.97646 -0.55943
-0.709641 0.960204 -1.50824 -0.595595
0.996041 -0.468343 1.48779 2.05182
-0.556523 -0.873752 0.873752 -0.556523
-1.32018 0.223328 0.447506 -1.88625
-0.931174 -0.792967 0.792248 -1.21397
-2.72654 0.510622 -1.0513 -2.0024
0.145492 -1.46886 1.33323 0.648041
0.333922 1.26936 -1.31207 0.088943
-14.2926 0.627319 0.36579 -11.2997
-0.943497 0.865506 -1.15515 -0.753801
-21.3101 32.5082 -29.4166 -16.3835
-0.441087 0.973533 -0.973533 -0.441087
18.2675 5.96218 -18.214 32.093
-0.042303 1.29465 -5.43872 -2.1717
-1.03799 -0.317793 0.413626 -1.29278
-1.40907 -0.333719 1.59496 -1.44237
1.81736 -1.57486 1.17717 0.932955
-2.3203 -0.022761 -1.77557 -1.80182
0.924266 0.719969 -1.12411 0.813377
-3.39344 -1.30744 2.04996 -2.74771
-0.569906 0.993107 -1.23645 -0.431622
-0.319847 -1.28646 1.63463 -0.234513
2.51858 1.06097 -1.22877 1.71305
-0.395327 -1.89321 1.12596 -1.57356
5.94785 -0.410727 -2.31356 7.9653
-0.69981 -1.43611 2.85138 -0.479488
13.1612 -4.73537 6.33995 17.4022
-2.1738 -0.642358 0.370025 -1.2275
-1.88056 -0.711978 0.693991 -1.07975
-0.163843 -1.25259 1.95637 0.222128
-1.16073 1.96781 -1.49932 -0.334708
-1.84504 1.41752 -0.389334 -1.53287
-0.777825 1.02158 -1.16964 -1.27435
-6.76807 8.11156 -5.9332 -4.93436
1.26612 -0.640544 1.08452 1.19381
0.517249 -1.00474 1.45431 1.43008
-3.52039 -1.28369 8.11305 -11.7832
-1.38986 -0.676595 0.922766 -0.828933
0.239894 -1.04782 1.94719 0.4561
0.559823 -1.0711 1.29144 0.510534
-1.7985 -3.96942 9.49853 -13.4966
1.63605 -0.932742 0.071913 1.4554
0.893371 -2.10894 2.42184 0.918663
-2.10983 -1.0469 -0.473886 -2.51591
-0.244301 1.14183 -1.89745 -1.03729
-0.471021 0.992794 -1.9474 -0.478265
1.08973 -0.048153 -0.029068 1.33097
-1.74273 -0.999685 1.37916 -1.23996
0.976108 0.754688 -0.853152 0.740422
-0.7938 0.731569 -1.60484 -1.97335
1.46252 -1.68363 2.46706 2.45283
-0.338721 1.01578 -2.12252 -0.441666
-0.915929 0.844106 -1.37654 -0.672932
-0.655011 0.93364 -1.13236 -0.538362
2.63511 -0.162763 -0.205838 2.36305
0.991504 -1.26481 1.67273 0.775286
1.757 0.849641 -0.906041 1.07575
0.087497 1.1993 -2.60697 -1.12106
-1.46997 -0.612827 0.775493 -1.04821
-1.64653 -0.738731 1.31548 -1.67739
-1.41475 -0.553755 0.766259 -1.15921
-0.225895 1.30178 -1.51069 -0.82041
-0.348532 -1.12029 1.71543 -0.938255
-3.94097 -1.56658 2.71789 -3.81371
-0.022768 1.13713 -4.79518 -2.02183
1.15713 0.58104 -0.707762 1.06197
0.727149 0.797844 -1.09662 1.00307
-1.07255 1.13469 -1.53771 -1.12409
4.76237 -3.45321 5.13794 5.73497
3.13753 -1.8886 2.01776 3.17799
-1.51224 -0.917799 1.11382 -1.20789
0.702303 0.807556 -0.807556 0.702303
-0.484776 0.985496 -0.985496 -0.484776
1.36404 0.525337 -0.800272 1.08082
2.50471 0.836664 -2.62947 3.72735
-1.49494 -0.775038 2.2297 -2.22955
0.92299 0.512258 -0.915877 1.39427
-0.89739 0.631668 -0.631668 -0.89739
0.987969 1.09194 -1.33374 1.59182
-1.08756 1.68169 -0.35103 -2.29588
1.03431 0.55373 -1.16665 1.67635
-5.11287 -0.352825 0.969685 -6.0803
0.962022 0.559155 -1.01437 1.35814
1.06534 0.027314 -0.070441 1.20375
-0.61441 -1.21602 1.3796 -0.702618
1.04736 0.677256 -0.795381 0.847069
-2.16402 -0.925878 0.778604 -1.03831
0.346178 1.91531 -1.5382 0.287938
1.25932 0.244872 -0.380947 1.05952
-6.14387 -232.423 175.648 24.0426
0.423375 1.47461 -3.25785 1.85895
-3.10163 0.397082 -1.83618 -2.15496
0.076919 -1.05152 4.61846 0.751992
-0.798173 0.915728 -2.60443 -1.17071
-1.16951 -0.535985 1.18022 -1.37057
0.931711 0.604202 -0.856209 1.08181
-0.342839 1.43307 -2.05468 -0.72833
-1.02274 0.667829 -0.522838 -0.954606
-1.5373 0.111355 -0.487785 -1.14761
-11.202 -9.33413 9.33413 -11.202
-2.39005 -1.61452 1.87021 -2.39744
-0.639421 0.900901 -1.35983 -0.614235
-1.2402 -0.982585 1.28491 -1.30606
1.22477 1.61573 -2.00478 1.83389
1.07245 0.354011 -0.98732 1.72835
-1.79979 0.995793 -4.35665 -4.2228
-4.82946 2.31694 -2.4196 -6.15954
-2.68418 -3.8596 4.98409 -1.16902
1.97513 -1.34743 2.15362 1.56678
2.46669 -0.117464 -0.640015 2.45923
7.32306 2.45298 -4.2596 5.75069
-1.17667 -0.578306 0.804072 -0.899834
-1.12041 -0.317955 0.09933 -1.20371
-1.776 -0.915317 0.957723 -1.1306
-0.024164 1.5016 -2.57772 -0.749877
0.997192 0.51723 -0.855288 1.09955
-0.446406 1.54939 -1.69649 -0.860958
1.09964 0.96547 -2.06397 0.983796
-1.05029 -0.887048 0.509184 -2.75818
1.62647 0.399945 -0.979794 1.12699
1.02613 0.596156 -0.685305 0.862699
1.10952 -0.388663 0.39709 2.69866
-1.27091 1.37697 -3.88711 -1.5378
0.682313 -0.895196 1.2015 0.558051
0.641436 -0.846592 1.08415 0.832347
-0.967646 0.665264 -0.665264 -0.967646
2.87026 -0.076195 -0.255889 2.25353
0.799792 -0.698957 1.06256 0.939216
1.66061 0.702581 -1.06774 1.49149
0.793854 -0.789823 0.850664 1.00967
1.58013 3.2578 -4.52875 -1.04107
2.26408 0.700636 -3.97128 5.86304
-0.155108 1.05742 -1.97582 -0.306136
-1.07034 -0.444548 0.626609 -0.968532
0.251258 -1.04738 1.74558 0.373776
-4.02772 -2.50224 3.45202 -4.60215
-1.455 -0.032543 0.745163 -2.90619
-3.1629 2.15436 -3.9199 -3.97777
-2.5398 -0.236297 0.187511 -2.77439
-0.801022 -0.704132 0.689038 -0.777539
-0.883461 -2.58978 4.06953 -0.478156
-1.43335 -0.562169 1.06498 -1.12076
-0.490998 -1.16285 1.3882 -1.01594
1.01779 0.708672 -1.25538 1.48372
1.64059 0.6099 -0.945692 1.24173
-0.237168 -1.21154 4.30722 0.787427
-0.155672 1.10516 -1.46865 -0.078605
0.416916 -1.20927 1.63491 0.257756
-0.292902 -1.11039 1.2737 -0.051111
5.38859 3.00536 -4.65865 5.04938
-1.22325 -0.582417 0.816595 -1.10637
-1.04418 -0.748497 1.75965 -1.24577
-1.83771 -1.18754 1.35359 -2.33031
-0.163933 1.02148 -1.90449 -0.367471
1.40558 0.963911 -1.20199 1.02288
1.42787 0.145221 -0.139905 1.29337
1.14095 0.866018 -0.512124 2.13558
1.16541 1.13652 -1.58311 1.20331
-1.22254 -0.849785 1.24446 -0.775728
-1.06069 -0.077971 0.188303 -1.45013
-4.38411 -2.34218 4.51848 -6.01619
0.676755 0.836386 -1.5143 1.15184
-0.692166 0.959579 -1.12466 -0.516001
-5.28408 -13.9195 19.4957 -10.1875
-0.133777 1.09987 -4.49952 -1.89378
-4.46793 -2.98914 2.98914 -4.46793
-2.69283 -1.18157 0.781741 -1.03091
-0.955177 0.598562 -0.649707 -0.882131
0.616542 0.91644 -1.04236 0.537328
-1.98458 -0.994206 1.21748 -1.55431
0.312131 -1.03657 1.44866 0.17001
-1.35398 -0.104228 0.230115 -1.76823
-1.12277 -0.610158 0.55642 -0.955154
0.31529 -1.6186 1.6186 0.31529
-1.03581 1.11848 -1.77716 -0.904001
0.949514 1.16323 -1.97603 1.38042
-1.26029 -0.739254 0.627314 -2.28787
1.44932 0.568039 -0.554824 0.922155
0.26441 -1.05044 1.0835 0.280118
-0.954054 -5.59877 6.40378 -0.728659
0.51206 -1.26235 2.03945 0.657453
3.35094 -5.03627 22.7354 8.63827
-0.149542 -1.41466 2.02781 0.13829
0.81704 -0.682981 0.900003 1.05026
0.943937 0.983967 -1.34255 1.50584
1.11926 0.527163 -0.675122 0.929489
-0.935168 0.642789 -0.642789 -0.935168
2.16312 2.81305 -5.21878 2.78575
0.394273 1.76679 -5.88857 -2.23386
0.080939 -1.46571 2.47761 0.496344
0.467564 -1.09873 1.92128 0.779544
0.858809 0.868251 -1.37606 1.12955
-0.181914 1.08429 -1.80783 -0.1479
2.02434 -6.56612 9.91704 1.55645
0.597701 -0.895372 1.42261 0.722924
1.18725 0.622257 -0.78227 0.887614
1.03643 -0.749669 1.31769 0.797007
0.948819 -0.957153 1.82449 0.879402
0.287079 -1.01243 1.57867 0.456841
-0.375282 -1.54713 1.61451 -1.45229
2.12202 0.473075 -0.503889 1.64798
3.21533 -5.48491 7.01496 2.1361
0.824518 0.731893 -1.26378 1.10281
0.692401 -0.84954 1.86683 1.75109
-1.16966 -0.434722 0.69533 -1.15295
8.04308 4.67269 -14.045 16.7519
-0.754685 0.78353 -1.31237 -1.03972
-1.69302 -1.09552 0.969826 -2.99261
-1.16186 -0.130121 0.457466 -1.96382
-0.375175 1.00998 -1.00998 -0.375175
-1.08996 -0.393503 0.393503 -1.08996
-0.358413 1.02389 -1.69907 -0.69146
-4.12082 -3.05648 5.57814 -7.29137
2.14042 -2.62456 3.64193 1.71417
3.6469 3.9854 -5.24563 3.42264
1.69201 1.03244 -1.38654 1.56869
1.16577 0.519724 -0.588514 0.93732
-2.82775 0.815379 -2.12306 -2.03396
1.12796 -1.76148 2.94608 1.31266
-0.424985 -1.01641 1.19328 -0.86958
-2.36857 0.274674 -0.901178 -2.34878
-3.72542 -1.94536 2.22088 -3.30865
-1.34079 0.675661 -1.43405 -1.07787
0.167094 1.23398 -4.24724 -1.77814
0.251423 1.10364 -1.0097 0.28893
0.55874 -0.949921 1.14168 0.491606
0.05672 -1.33695 1.55316 -0.216163
5.0278 0.231743 -0.898381 4.47536
-0.32676 1.32252 -5.41422 -2.3102
-0.906699 1.41029 -3.72846 -0.445994
0.889058 -0.588807 1.34175 1.69832
0.135498 -1.10997 4.04305 0.75512
-0.539943 -0.909648 1.03107 -0.569263
-0.944156 1.7307 -2.47981 -1.7591
-1.04733 -0.22238 0.508897 -1.54317
0.419017 -1.12058 1.84678 0.327349
1.79384 3.65716 -8.66007 11.2746
0.118359 -1.20156 4.98422 2.10212
1.59217 0.674846 -0.890269 1.20577
0.689828 -0.821008 0.965307 0.730722
0.367184 -1.24348 1.73467 0.40435
1.10495 0.907293 -1.00869 1.15836
-4.21679 -0.571282 1.57791 -5.27026
-1.34546 1.23946 -1.40614 -1.23248
1.62501 -2.01717 7.4843 6.87364
-0.271999 1.03309 -1.38927 -0.23643
-0.003202 1.66408 -1.65464 -0.252374
-3.78495 2.91522 -3.62382 -3.28252
-0.527369 1.03661 -1.06481 -0.328243
-1.81799 0.962013 -0.028376 -1.29602
1.54374 -0.053589 -0.010221 1.07904
0.202644 -1.13129 1.94366 -0.257043
-1.10938 -0.445249 0.754927 -1.07928
-1.14248 -0.592977 0.735293 -0.871175
-1.51928 1.15368 -3.60092 -3.31481
0.639118 -1.00837 1.38264 0.576098
-0.605253 1.05233 -1.27078 -0.548183
-1.29191 0.135033 -0.100409 -1.22777
1.14125 0.881648 -1.53879 0.981927
-1.27327 -0.488793 0.715507 -1.21873
0.006562 1.28502 -1.08847 0.20753
-1.38299 -0.842717 0.654085 -1.05562
-0.98829 0.792162 -1.22884 -0.955868
-0.235046 1.04317 -3.00007 -1.16162
0.285543 1.9088 -2.67671 -0.164427
7.00104 -10.0257 28.9354 10.3828
-0.395842 -0.981009 1.01428 -0.420198
2.68829 1.20528 -0.892738 1.69468
-0.230576 1.42359 -3.93794 -1.70109
-4.56767 -2.01361 2.11588 -3.00104
0.882589 0.852738 -0.76002 0.808767
-0.060415 1.77509 -1.50177 -1.31916
0.411905 1.06731 -0.998614 0.43103
0.849185 0.678769 -1.22735 1.15634
-0.059802 -1.18383 1.75523 0.479223
-0.988093 0.65873 -2.68056 -3.3042
-2.98216 -0.822874 2.0221 -1.0751
1.27619 -0.913581 2.27931 2.07284
1.40955 0.748942 -0.916499 1.1734
-5.72759 -2.2133 16.109 -19.6719
-1.4366 -0.440936 1.10289 -1.29868
0.414686 1.66699 -3.18947 -0.385348
-1.04912 -0.247646 0.59757 -1.68285
-1.39545 -0.628527 0.857725 -0.960563
-1.0046 -2.75434 2.05429 -0.103172
2.57472 1.1547 -1.08656 1.36142
-7.9037 -4.28499 20.3308 -25.1286
-1.05536 0.620629 -1.40379 -1.11621
-1.12658 -0.505682 0.6125 -0.906342
-2.70444 -10.6174 8.95001 -3.75994
0.652461 -0.884703 1.1063 0.635556
-0.490083 2.7937 -4.08587 -0.836455
-3.16461 -8.76511 14.5165 -9.14816
0.488784 -1.65737 3.74662 0.604746
-0.828486 0.738814 -0.950501 -0.998709
-1.42373 0.305111 -0.754435 -1.06668
-1.00215 -0.436299 1.53307 -4.70689
-0.37595 1.03088 -2.08929 -1.19259
1.57229 -0.292389 0.393572 1.03093
1.43094 -0.428895 0.106249 1.80354
-1.62235 -0.405829 -0.640576 -2.33568
1.32794 0.475733 0.368856 1.75071
-0.307977 -1.18523 1.22921 -0.072975
-2.95996 -1.03587 2.13801 -2.44151
-1.02984 -0.418637 0.731995 -1.07452
0.908684 -0.765315 0.872678 0.978078
1.2362 0.637886 -0.875786 1.32214
0.648363 -0.929642 0.965295 0.552492
0.060794 -2.32587 2.35433 -0.568748
1.43591 -1.06709 5.90156 5.60371
1.01999 0.322648 -0.367259 1.21262
0.803615 -0.657117 2.23317 2.77175
0.749308 0.74479 -0.771973 0.793559
-0.268774 1.03669 -1.26941 -0.257504
2.10258 1.70722 -2.08276 2.45491
-0.847108 0.924948 -0.926361 -1.05196
0.954261 -0.580528 0.757538 1.23128
2.1663 1.08333 -0.942832 1.20965
1.38846 -0.311644 1.26115 1.48811
1.07367 -0.126135 0.065451 1.1452
0.216929 -1.09211 1.09211 0.216929
2.21224 1.16023 -0.988969 1.17289
2.33514 0.911715 -4.13151 6.42963
0.388634 -1.11753 1.31497 0.641276
-2.74835 1.12552 -2.17743 -2.35438
2.92379 3.05509 -3.30538 3.09945
-0.492939 1.53237 -2.38389 -0.860678
-1.08962 -0.370635 0.370635 -1.08962
0.61699 0.931986 -1.1676 0.564313
-6.36661 3.26221 -1.06229 -3.94584
-11.8107 12.4567 -27.7417 -13.0056
-0.121974 1.78266 -6.31363 -2.66271
1.03337 0.92524 -1.28806 0.561296
1.00816 -0.745482 0.472499 1.14375
-1.47297 1.05016 -0.655873 -0.997141
-0.804856 2.0101 -2.08802 -0.452904
3.40302 -2.67447 1.97113 3.14372
-0.287356 1.04756 -1.10373 -0.240224
-0.558456 -0.980703 1.40282 -0.987556
-0.235741 2.65323 -3.95559 -0.094806
0.584714 -0.967967 1.09754 0.453509
-1.094 -0.43033 1.59598 -1.98021
0.051357 1.1044 -2.24254 0.343494
4.3679 2.36371 -4.53415 6.00777
1.05858 0.581146 -0.625905 0.951957
-0.565417 -0.874825 1.1438 -0.616243
0.984578 0.646117 -0.830113 0.906279
1.12619 -0.632172 0.805561 0.883498
-2.29713 -0.677729 0.380734 -1.32582
-5.23455 -1.94233 14.3775 -18.0647
0.511311 1.00773 -1.7076 0.335054
0.526142 1.12352 -1.67545 0.17988
2.03159 -3.54271 5.48547 2.02356
0.530318 -0.930807 1.15897 0.46205
-1.06492 -1.39585 1.84208 -0.945284
1.23753 -0.873276 2.12309 1.64655
-1.04693 -0.496847 1.74523 -2.07936
-1.43477 -0.752563 0.851617 -1.138
-2.19242 -0.999666 1.14003 -1.48908
-0.460598 -1.25358 1.86934 -0.047612
0.527695 -0.941183 1.38193 0.605197
0.386213 1.19215 -1.61649 0.230415
-1.58365 1.20089 -4.01524 -3.85139
0.808919 -0.797536 1.45589 1.48051
-0.490968 1.00422 -1.29451 -0.36994
0.389631 1.08881 -1.43316 0.125701
2.49833 -0.695266 1.82938 3.92445
0.996519 0.623013 -0.817769 1.1763
0.755903 1.22851 -1.68529 1.20508
1.20792 0.927031 -0.475006 1.57746
2.07335 -2.75019 3.69515 1.37563
1.18467 0.51643 -0.669176 0.987132
2.63592 -3.34345 4.22421 1.64477
-1.39071 -0.554059 0.756363 -0.961127
0.484448 -1.67327 1.29654 -0.168627
-0.28823 -1.32247 1.42629 -0.451191
1.03713 0.166321 -0.387783 1.73984
1.9687 0.939663 -1.18034 1.35352
-0.928289 1.67091 -0.500973 -2.66698
1.33491 -0.099567 1.60759 5.64453
-1.36618 -1.31176 1.13569 -2.46401
1.12483 0.57183 -0.726682 1.10299
-0.208105 -1.10066 1.57322 -0.004919
-2.64036 -1.01596 0.854339 -1.27533
0.819124 -0.803776 1.21514 0.961962
1.01556 0.590807 -1.2402 1.12763
-0.047845 1.06478 -1.13347 -0.047083
1.21626 -0.595373 0.95939 0.886572
-1.10173 0.599109 -3.18739 -3.07899
-1.29337 1.45797 -1.07058 -0.828787
-0.858467 1.36759 -1.23397 -0.774656
-1.14315 0.99909 -1.3646 -1.20571
1.14277 -0.225643 0.338529 1.0513
0.517949 -1.08291 2.58348 0.842686
1.88995 1.20094 -1.02838 2.9519
1.06202 0.629172 -0.612398 0.886361
1.45155 0.725233 -0.861816 0.99692
-1.14368 1.8565 -2.04197 -0.989114
-1.78341 0.642118 -0.735449 -2.88079
-1.90845 -0.896846 1.01772 -1.45544
1.44336 0.606547 -1.02172 1.04842
1.32496 0.892975 -0.976519 0.731058
-0.569557 -2.84294 2.75867 -0.15075
-7.5206 -3.66998 19.9515 -24.4601
-0.269443 -1.28769 1.42766 0.222935
0.468489 -1.05425 1.30585 0.258925
2.29841 1.35864 -1.51476 1.67874
-1.01966 -0.232224 0.25446 -1.22164
0.692487 0.791499 -1.48794 1.00264
-1.63341 -0.844497 0.825618 -1.26544
1.39062 0.687607 -0.91439 1.40612
1.08322 0.99577 -0.878154 0.731991
-1.21146 -0.510542 0.897459 -2.48448
0.795905 -0.886871 2.22921 0.759732
0.379713 -1.02152 4.85455 2.03706
0.904321 0.784878 -1.11212 0.95206
0.565447 1.23224 -1.45326 0.87105
0.417982 -1.01847 1.01847 0.417982
1.32064 -1.74918 2.47088 2.31488
1.08879 -0.121861 0.070085 1.13458
-1.14358 -0.57931 0.733662 -1.12632
0.921133 0.571783 -0.571783 0.921133
0.448736 -0.991506 1.88903 0.464668
0.078053 1.92784 -7.1707 -3.00858
1.1666 0.481385 -0.4948 0.958951
-0.939331 0.507825 -0.831855 -1.23096
-2.10217 0.561307 -1.11794 -2.67177
-5.0964 0.858046 -2.20056 -7.17363
1.03234 0.618926 -0.566983 0.947636
0.787621 2.82862 -4.15116 1.99658
-0.167225 -1.46914 2.25953 0.322601
-1.44256 -0.097059 0.064957 -1.06773
-2.30642 -1.15555 1.23658 -1.25634
0.83726 -0.694655 0.879868 0.801394
-0.974698 0.7646 -1.32926 -0.854978
-0.58397 0.885732 -2.34423 -1.46763
0.707061 0.767867 -1.05105 0.854306
-1.174 -0.291757 0.731891 -1.31891
-1.02409 -0.388772 0.521996 -1.62375
-1.42066 -0.372634 2.10517 -1.86971
-0.44646 1.15259 -1.43355 -0.2164
-2.76486 -2.09151 8.4387 -12.6559
-0.940672 -0.663249 0.881199 -1.25638
-2.54157 -1.53532 0.861204 -2.22061
1.57002 0.357101 -0.988139 1.08117
-1.13066 0.794118 -0.913622 -0.897339
-1.08957 -0.018023 0.142076 -1.12748
3.63942 1.70296 -7.85333 12.1673
0.471265 -0.980691 1.4359 0.587955
3.0612 -2.40164 3.16163 2.81366
-2.22971 -1.27537 1.32515 -1.33247
1.20366 -0.28841 0.730366 1.84094
1.5848 0.833135 -1.0079 1.26776
-1.40302 0.542408 -1.00665 -1.53332
-1.3238 -0.549693 0.682945 -1.05976
0.958265 0.638238 -0.896195 0.911863
-3.24954 -1.15284 2.59065 -2.70421
1.43037 -1.76489 2.00622 0.966403
-2.93594 -2.30942 3.92016 -4.18287
-0.505536 1.98077 -3.09642 -1.01193
-1.41014 3.0557 -3.13466 0.35311
-1.04089 0.582107 -0.689326 -0.915982
2.84712 -4.38915 7.22629 5.62665
-0.546616 -0.967136 1.7341 -1.2922
-1.21215 -0.435186 0.86601 -1.38611
-9.62014 4.91751 -5.60529 -7.91337
-2.13789 -0.696974 1.25138 -2.04337
0.495612 -0.952182 2.22751 0.502964
-0.378729 -1.29188 1.95081 -1.02322
-0.282054 -1.47204 1.49047 -0.049981
0.51322 -0.994296 1.18606 0.400178
1.14895 0.429939 -0.182237 1.212
-0.823029 -0.974773 0.837824 -0.658384
1.01377 0.676623 -1.78551 1.22006
-0.423098 0.979669 -1.46578 -0.558521
-0.006949 1.16805 -4.71236 -2.01743
14.7966 18.7334 -17.1745 19.5277
0.72814 -1.23779 1.99033 0.913769
-1.55673 0.113507 -0.100455 -1.06426
2.74158 0.898027 -6.05773 8.47081
-1.00668 -0.276619 0.378388 -1.18905
-6.21218 -0.691398 1.80859 -5.2879
-1.32992 -0.552773 0.448076 -1.83599
0.753648 -0.902209 0.813036 0.653042
-0.66775 -0.91984 1.11008 -0.52648
1.6256 0.893107 -0.806447 0.805534
0.289947 -1.02587 1.11953 0.280979
1.98511 0.839882 -0.756578 0.907334
1.04928 0.493274 -0.791063 1.05553
-0.982342 0.651641 -2.07231 -2.46774
-0.147511 -1.17961 1.30326 -0.422059
1.11739 -1.16231 1.32721 1.03543
1.35892 0.705495 -0.888845 1.30999
-1.14135 0.640508 -1.36056 -1.04416
2.07997 0.56571 -0.113966 1.5047
0.745688 0.832544 -0.832544 0.745688
0.92768 -1.24192 1.53211 0.585386
0.824397 -0.649793 2.03709 2.54783
-1.08052 -10.9527 12.9915 -0.810595
0.026771 -1.11728 2.16775 0.395369
-1.10765 -0.410032 1.08384 -1.52274
3.57153 -0.525933 1.79895 1.98026
1.21424 0.574603 -0.246413 1.20498
-1.25046 -1.12382 1.52828 -0.708965
0.333849 -1.18298 1.67634 0.267118
-1.22786 -0.201656 -0.7463 -2.56744
0.485049 -1.81983 1.31688 0.603841
-0.976673 0.546243 -0.789414 -0.989026
5.72368 -1.90193 0.974611 5.25344
1.03268 0.159738 -0.465388 1.73609
1.86679 1.06439 -0.967929 1.27114
-0.979479 0.661989 -0.895561 -0.899531
-3.19966 -1.23072 1.70199 -2.3234
1.38142 0.622839 -1.20479 1.71038
-1.49361 -0.727369 1.13482 -1.65632
-1.27516 1.14926 -3.65389 -3.48123
-1.60581 -0.802662 2.77616 -1.65659
-2.93623 -1.75869 2.37599 -0.843675
0.072318 1.77565 -4.28334 -1.87767
1.74916 0.733351 -0.864048 1.26597
-0.924529 1.2098 -1.56151 -0.463938
-0.780357 0.888154 -1.12901 -0.598606
5.13301 1.10655 -1.32218 4.33248
1.72944 1.87629 -3.70512 1.76805
-4.3775 0.632757 -1.808 -6.42649
-0.598335 2.44789 -3.06446 0.160866
-2.31599 0.371707 -0.773172 -1.75448
-5.12976 4.45639 -5.79702 -3.44523
-0.567542 0.901456 -1.33547 -0.659344
0.803175 -1.25906 5.3567 2.33033
0.456919 -1.75287 1.4318 -0.304713
1.0179 -0.33176 0.713904 2.53511
-0.803478 0.811481 -1.04394 -0.720856
1.04324 0.406632 -0.764471 1.18555
0.317594 -1.00879 2.15357 0.485474
-0.533514 0.89881 -1.62197 -0.685255
-0.847577 -1.11405 1.53537 -0.315849
-0.538759 -0.891158 0.891158 -0.538759
0.938042 -0.830464 1.42057 0.917995
0.85248 -1.09432 1.74803 0.239425
0.939697 0.78446 -1.04865 2.16896
-0.926654 0.548843 -0.613939 -0.938245
1.03391 0.224545 -0.317166 1.13525
-0.536344 1.15642 -1.30988 -0.401299
0.596818 -0.946011 1.02663 0.482931
-1.00943 -0.309445 0.423963 -1.47974
-1.41123 1.11944 -1.52219 -1.31504
-39.2895 35.1534 -43.4949 -27.3545
-1.26348 0.645407 -3.59401 -3.48163
1.95319 -1.2554 1.7367 1.25471
0.667539 0.833501 -1.16568 0.704512
1.52238 -1.02766 2.62867 2.3278
1.24254 0.787137 -0.802673 0.795301
-0.487596 0.962204 -1.99992 -0.606548
0.466581 -0.986145 0.986145 0.466581
-1.38112 -0.315333 0.846933 -2.19742
-0.803738 1.19669 -1.46414 -0.380354
-1.1369 -0.517828 1.87503 -1.47432
1.59234 0.86466 -1.06249 1.2667
-0.710939 -0.82655 1.00047 -0.783596
-0.879341 -0.693765 1.52506 -1.28434
-2.36677 0.342625 -1.82781 -2.85643
-0.634435 -0.934972 1.42099 -0.609721
0.634784 -0.988515 4.72331 2.03528
0.203229 1.91352 -2.28025 -0.222972
-3.65626 -1.67724 4.30149 -5.44568
1.65299 0.750321 -1.36873 2.02383
-2.2411 0.522587 -0.273684 -1.83009
4.56389 3.59717 -5.34131 3.4488
1.99871 0.877714 -1.06617 1.52918
-1.05898 -0.456056 0.660565 -1.01818
1.24245 -0.850197 2.13287 1.91957
-0.60072 0.886497 -0.92601 -0.651268
-0.617612 1.07128 -1.32809 -0.414654
-1.13131 -0.140337 -0.238712 -1.5579
-0.579014 -0.885504 0.885504 -0.579014
1.76886 0.903561 -0.892839 1.04684
0.568828 -0.946528 1.03133 0.62062
-1.28154 1.57779 -0.960153 -3.38478
-0.15886 -1.34598 1.41159 0.047034
0.996338 0.520065 -0.779799 1.04908
6.81515 4.00428 -5.58872 5.40612
1.25368 0.752767 -0.608491 1.02206
1.05753 0.294051 -0.290453 1.1308
-14.1662 2.41599 -2.73825 -14.92
-1.07299 1.26095 -1.58528 -0.873017
-2.33394 -0.958727 0.97799 -1.21762
-2.71593 -1.18593 0.752934 -1.16376
1.28864 0.501943 -0.162516 1.41212
0.277693 -1.02864 1.51523 0.388299
0.93028 1.39128 -0.707601 1.09076
0.337716 2.27975 -2.62147 0.642849
-0.107681 1.29556 -2.65411 -1.34812
-3.7544 7.23692 -9.29949 -1.82872
0.094807 1.24312 -2.81344 -1.21643
-2.07859 -5.34026 6.37688 -1.16429
1.43471 -1.12811 0.721767 1.88968
2.13476 1.43172 -1.72017 1.17389
-0.823748 1.09431 -1.27803 -1.29422
0.793998 -0.885414 0.885414 0.793998
0.049391 -1.14051 3.86123 1.58791
1.53528 0.988252 -1.07888 0.694036
-2.81813 -0.212401 -1.47393 -1.98321
-0.264145 1.08642 -4.84678 -1.99993
-0.02529 1.38991 -1.74833 -0.524429
0.780987 -1.04156 1.34602 0.401345
-1.21106 -0.556984 0.701185 -1.12067
1.18563 0.838617 -0.856892 0.742395
-10.7916 -4.27528 7.18969 -8.70888
-1.43549 -0.774184 1.17503 -1.29585
-2.42027 0.089309 -0.38424 -1.75082
1.91218 0.93339 -1.04442 1.05392
0.726171 0.78095 -1.2037 0.864894
-2.61582 0.482281 0.790675 -2.86824
-0.972849 -0.505571 0.405132 -1.24984
-2.4706 -1.08695 0.695988 -1.04337
0.383677 1.16967 -1.4165 1.20391
-3.4927 -1.18361 1.82803 -2.65636
-1.01024 -1.52351 2.71593 -0.471992
-1.12942 -0.588058 0.636454 -0.878616
-4.08513 5.53276 -3.89651 -1.36275
7.53645 2.97948 -7.39344 9.01226
1.11167 0.394213 -0.570608 0.964219
-1.8517 -0.767743 0.646765 -2.09045
-0.327714 1.07384 -1.73663 -0.410164
-0.251943 1.03849 -1.04474 -0.242035
3.26131 0.909156 -0.547065 3.05163
-0.602268 -1.31342 1.94638 -1.24782
1.28154 0.695248 -1.01499 1.24704
-0.840686 0.688898 -0.744151 -0.82331
-1.21683 1.68972 -2.70428 -0.86633
-0.290183 1.01635 -1.47286 -0.358303
1.94031 0.582073 -0.795379 2.65438
-1.01206 -0.977594 1.81544 -1.44911
0.271237 1.23206 -1.32469 0.020159
-0.244578 -1.17955 1.78466 -1.293
-5.49729 7.35386 -9.24873 -4.02252
-0.270731 1.27657 -1.05056 -0.606263
-0.571067 1.25293 -1.3937 -0.172679
1.27791 1.07796 -1.18842 0.875036
0.423247 -1.10952 1.15236 0.228111
0.385106 -0.985315 4.17534 0.80358
-2.10596 -8.21006 13.3854 -8.69452
0.839686 0.955831 -0.736952 2.28203
-0.779912 0.859731 -1.75955 -0.884915
0.881959 -0.663637 1.66989 2.0564
0.519773 1.15489 -1.67499 0.084171
-3.43802 -2.7944 4.0138 -5.13161
-2.2146 1.1837 -3.97842 -1.86347
0.309429 -1.07877 3.9245 0.744274
0.626749 -1.36638 1.69723 0.520759
4.55744 -5.81205 7.62172 2.60962
-2.59453 -8.14903 1.3215 -2.11428
0.536777 1.30964 -1.62973 0.116425
-1.12714 0.346193 -0.241737 -1.08542
0.106994 1.25928 -4.67223 -2.00976
1.01177 0.577391 -0.751841 0.989087
-0.979999 -0.923166 1.57138 -1.25977
1.266 -1.76173 2.95772 2.89821
1.24487 0.61069 -0.50002 1.46053
0.043946 -1.09893 1.66593 0.228628
-0.400231 -1.56904 1.22883 -0.928623
-0.555014 2.19905 -1.96753 -0.070817
-0.274654 -0.994374 1.29503 -0.311023
-0.522024 1.01077 -1.74234 -0.491281
0.68628 0.860373 -1.23274 0.70337
0.928241 0.506303 -1.05937 1.57109
0.890214 -1.1054 1.40774 0.407629
0.691225 -1.14811 2.66159 0.914348
-2.243 -1.7032 4.03761 -2.7128
1.08974 0.018813 -0.072757 1.22541
3.32482 -12.4153 13.0008 0.654302
0.851578 -1.23308 3.35706 3.22185
0.478145 -0.962809 1.76185 0.711565
-1.17218 -4.14794 5.7968 -2.39107
0.88544 -0.585963 1.51685 1.86292
-2.43535 0.403893 -5.2109 -5.60792
0.598277 -1.02927 4.2346 0.793771
1.68554 1.77912 -2.49821 1.26348
-0.871855 -0.677881 0.677881 -0.871855
1.15234 0.697341 -0.703021 0.850722
1.0715 1.3341 -1.8968 0.250426
-2.32929 -1.49903 1.2423 -3.6378
-0.396045 1.01632 -1.05532 -0.385225
0.73526 -0.774524 1.09091 0.92139
3.14911 0.905618 0.197971 3.12008
1.03984 -0.394261 2.35107 2.88468
0.672902 -0.823387 1.41359 1.01391
-3.96872 -1.74183 2.27268 -2.83719
11.0138 -22.4504 29.8605 13.1785
-0.711846 -1.23034 1.77961 -0.289181
-1.63945 1.21833 -1.98853 -2.60806
-0.80841 -0.759697 1.14089 -0.903371
0.397438 1.06312 -1.72519 0.159494
1.11093 0.119109 -0.098612 1.08061
-0.777546 -0.789755 0.973127 -0.811396
-0.458406 -5.65752 10.0317 1.29727
-1.06832 -0.41042 0.804008 -1.24281
-1.0574 0.414711 -0.335194 -1.0292
1.47084 -0.392683 0.411246 1.19529
-1.13558 -0.481853 1.18266 -1.23432
0.418435 -0.970587 0.970587 0.418435
-1.22949 0.547282 -1.17138 -1.02916
-1.13791 0.719789 -1.30119 -0.871812
3.78287 3.69809 -4.89148 3.78757
-0.351937 1.01118 -1.47089 -0.342804
0.763952 0.827935 -1.15416 1.059
-0.120442 1.19374 -1.83489 -0.970465
1.82395 2.28125 -3.14384 2.36919
1.5169 0.21687 0.00805 1.45683
1.67994 0.545706 1.49721 5.93663
-1.50569 -0.446165 2.871 -1.60945
1.11974 0.522773 -0.700102 0.955906
-1.10487 -0.10896 0.218724 -1.11178
1.2633 -0.651829 1.01704 0.936008
0.798778 0.792714 -1.04029 0.970163
-0.311829 2.09988 -8.54733 -3.82064
0.99204 -0.659446 0.840088 0.834968
1.02862 0.303309 -0.564454 1.17802
2.27946 -0.532423 -0.850124 2.96813
-1.05387 0.009971 0.115885 -1.45399
0.195267 -1.09719 1.09719 0.195267
-0.643437 -0.844844 0.844844 -0.643437
1.37823 -0.338596 0.58409 1.05553
10.0177 -4.81492 13.0409 16.9327
3.4214 -4.48054 5.95772 2.50147
2.30755 -0.783775 2.04832 1.69216
-1.71449 2.37047 -1.92642 -0.91726
-5.01675 2.9636 -3.61738 -4.45538
-1.55343 0.494636 -1.18314 -1.38426
-0.877471 1.16466 -1.71982 -0.173674
-3.41188 1.12872 0.273256 -1.94548
-1.25048 -0.56666 0.815743 -0.909179
-1.5678 0.583463 -1.32759 -1.212
1.73276 -0.589379 1.1321 1.20447
-0.972568 -0.99191 1.45052 -0.588426
0.944799 0.756131 -1.17298 1.01386
1.45825 1.29537 -1.84824 1.45486
1.49388 -0.174445 0.496434 1.21959
-1.84276 0.436898 -1.43068 -1.64976
1.22596 -1.29661 1.60419 0.432068
2.03341 0.275674 -0.86414 2.8999
-1.43247 0.60376 -1.46813 -1.9416
-2.25342 -1.43247 2.64826 -1.75187
-0.337306 1.33356 -2.30091 -0.822463
0.451604 -1.03756 1.10963 0.277093
-0.584067 -0.888712 0.888712 -0.584067
-0.244288 1.07715 -1.22021 -0.160342
0.881315 -0.596353 0.596353 0.881315
0.740488 0.822849 -0.793182 0.823056
0.208143 -1.06674 3.67493 0.676616
-5.02829 7.60713 -14.5447 -6.81118
1.13462 0.587447 -0.645613 0.947197
-0.115065 -1.46503 1.85864 -0.602883
-0.447304 1.58023 -1.68906 0.294834
-1.54644 -0.996451 1.1123 -1.22856
-0.335414 1.46757 -5.81519 -2.49101
0.446255 -1.03639 0.939982 0.476864
-0.613569 1.65332 -1.71442 -0.340285
0.683723 0.903965 -1.07053 0.737094
0.938775 0.674299 -1.11447 1.05551
-0.832966 -0.659686 0.659686 -0.832966
1.02536 -0.606781 0.452263 2.30521
-1.00155 -0.584933 0.912022 -1.02482
-1.27307 -0.556639 0.689906 -1.2267
5.65414 6.98994 -3.45685 5.86216
1.43196 0.75394 -0.912685 1.29892
0.16784 -1.07641 4.06418 0.766938
-9.07919 -1.16737 3.52285 -13.6378
0.703548 -1.01581 3.92663 1.67237
4.2569 2.38356 -2.68687 2.71652
-1.23982 0.081753 -2.85464 -4.27633
0.929154 -1.62093 6.47887 6.02967
0.994401 0.674302 -1.45077 1.32408
-0.215753 1.46946 -4.06515 -1.73074
0.895643 1.83289 -2.28841 -0.337983
-2.40828 -1.29236 1.18127 -1.6187
0.922412 -0.834114 4.95869 1.96044
1.45638 0.748785 -0.521599 0.958639
0.423774 -1.01514 2.33631 0.731996
-13.4968 16.3225 -33.1443 -16.4373
-3.09277 -1.40955 1.10916 -1.64369
0.429507 -0.972953 3.40868 1.42213
-0.290709 1.22619 -1.35779 0.064918
0.493247 -1.04349 4.84977 0.915782
8.42723 4.03614 -5.15809 6.53334
0.747373 -1.06132 2.9267 1.24204
0.068374 -1.53126 1.87217 -0.222197
3.61908 -2.65359 3.05245 2.00723
1.99402 0.905944 -0.743425 2.24116
-1.26936 -0.189898 0.396336 -1.13267
0.258246 -1.44101 1.60559 0.519295
1.17466 1.00436 -0.87403 0.861285
-0.819013 -2.05204 1.5057 -0.553654
0.561908 -1.32119 1.3921 0.503133
-0.917383 -1.10419 1.98024 -1.50788
-0.725428 1.02004 -2.36283 -3.49293
-1.0331 -3.67397 1.2053 -1.5044
0.325536 -1.03626 1.50824 0.287085
-2.2946 -1.01358 0.751177 -1.24604
-1.43037 2.12577 -1.96509 -0.953822
0.907909 0.799668 -0.81496 1.16745
2.31182 1.15298 -1.15193 1.76652
1.17386 -0.928932 1.71056 1.2565
0.075953 1.22098 -4.42734 -1.88874
1.07586 -0.865701 3.60703 4.40122
0.861298 1.14178 -1.68921 1.63726
1.67368 0.613086 -0.747534 1.28045
-4.26726 2.50064 -1.76742 -2.00175
-0.445329 0.975721 -2.22554 -1.33702
-0.510586 1.17855 -1.59621 -0.513682
2.74493 -2.66693 2.63609 0.99126
1.47845 0.183297 -0.145636 1.05828
-0.385216 0.981336 -1.19037 -0.44663
0.789835 -0.806649 1.49181 0.790723
0.697564 -0.808942 1.24346 0.96836
-1.4408 0.259443 0.004453 -1.17809
-1.60363 -0.746762 1.00953 -1.07439
1.06533 0.076798 -0.433751 1.72602
0.14175 -1.05622 1.38583 0.154078
-1.14863 -0.335755 0.760097 -1.17201
0.294333 3.08449 -3.79724 -1.0939
1.05171 0.047797 -0.089872 1.18629
-1.09686 1.13794 -1.04302 -1.21907
0.576829 1.16503 -1.5253 1.14192
2.16606 1.13691 -1.1812 1.74405
1.13781 0.062655 -0.10388 1.17246
-0.372668 1.05765 -1.10091 -0.287169
-0.13872 1.07646 -1.06867 -0.168682
1.75936 -3.00858 3.46224 0.022345
-1.07958 0.28537 -0.100715 -1.56202
-0.82944 2.18935 -2.79135 -0.807798
0.859925 0.642381 -1.32697 1.24321
1.78736 1.058 -1.03231 1.11733
-0.269566 -1.01856 1.37719 -0.275433
-1.55119 2.23445 -2.20645 -0.565733
-1.04692 0.525511 -1.15799 -1.16615
1.04302 0.783051 -0.51457 1.44613
1.16468 -0.676472 1.20552 0.828255
2.42461 -0.696666 0.673678 3.88454
1.48665 1.90027 -3.0159 -0.058331
-1.78824 -0.833327 0.995883 -1.47493
-0.457368 -1.93895 2.42602 -0.740481
0.058218 1.5821 -2.36735 -0.81654
0.252634 -1.03254 1.37905 0.317887
-0.685734 1.23248 -1.45296 -0.594896
0.996912 -1.37384 1.68575 0.532694
0.242357 2.54973 -3.48771 1.99656
0.62585 -1.33662 1.53922 0.538037
1.23292 -0.197131 -0.166635 1.29684
1.01923 0.348794 -0.834278 1.45093
-1.58062 -1.32419 3.20346 -2.38426
2.52382 1.47697 -0.992672 3.16592
-0.808514 -0.926766 1.32778 -0.61923
-0.160992 1.51567 -5.3157 -2.04308
0.261908 1.19999 -1.28922 -0.094158
0.247966 -1.24829 1.24829 0.247966
0.893557 1.88607 -3.02474 0.290407
-1.27379 -0.37444 0.548275 -1.06224
0.034441 -5.85659 8.39629 -1.82957
-0.968899 -0.594263 0.899145 -0.975995
2.47484 -0.317758 1.25446 2.03526
3.70653 -2.30164 1.97968 1.83684
-3.1986 -4.37316 7.52938 -4.62378
-1.48779 0.759756 0.3332 -1.73193
-0.532865 1.11325 -1.29863 -0.322821
-1.42378 -0.766514 0.96809 -1.39996
0.524863 -1.05617 1.38462 1.42359
-2.11391 10.0212 -7.52487 -0.158442
-1.22368 -0.530601 1.69946 -1.24845
-1.3505 -0.419241 0.821998 -1.30849
-0.217986 1.33376 -5.18364 -2.22146
0.524548 -0.971448 1.31488 0.42364
-0.985843 0.481432 -1.72949 -2.18858
1.08249 0.838578 -0.939703 0.795516
1.13141 0.291256 -0.473544 1.86104
-5.17909 7.74704 -12.0257 -6.22451
-1.1191 -0.391841 0.66792 -1.12358
0.079152 -1.07507 1.16036 0.222197
0.596695 -0.964186 1.72565 2.3796
10.3191 -6.9399 11.0833 12.8674
-9.49616 -2.85806 13.1063 -17.155
-1.11564 -0.51789 0.988618 -1.00229
1.02948 0.696047 -0.705642 1.01779
0.996934 0.598463 -0.601144 0.977314
0.127794 1.73687 -6.06006 -2.53261
1.40318 0.693199 -0.936751 1.12005
-0.546563 0.936589 -1.99989 -1.33228
0.395113 1.05858 -1.11187 0.729917
-1.32408 -0.590674 0.70205 -1.04522
-0.862513 -0.678289 1.60088 -1.25984
0.868537 -1.14648 1.51447 0.469947
0.761727 0.746383 -0.806357 0.821065
0.583496 -0.965812 1.30805 0.463484
0.943109 0.628529 -0.797833 0.889262
-0.539411 -0.905878 1.45845 -0.952313
-0.389973 1.32172 -5.71871 -2.44528
-1.55873 -20.5008 21.6349 -13.3146
-0.02176 -1.09932 1.64518 0.288511
-2.10837 0.37393 -0.891985 -1.88982
-0.238905 1.36016 -1.87058 -0.497215
-1.18045 -0.822045 1.77656 -1.16273
0.043052 -1.26881 4.62611 0.878132
1.39865 0.43907 -0.340083 1.30247
-1.14627 0.619285 -1.2483 -0.918888
-2.01805 -0.90306 0.762643 -0.96423
-1.27909 1.69111 -2.36518 -2.06927
-0.683804 0.829427 -4.05293 -1.7329
0.206228 1.69636 -1.4873 -0.553462
-1.24026 -0.497084 0.737122 -1.10331
1.378 0.801274 -1.03515 1.18697
1.05564 0.622505 -0.855405 0.876518
0.888122 -0.575815 0.80621 1.50394
0.600509 1.37527 -2.22477 1.32245
-0.073061 1.94624 -2.08307 1.3521
-1.28125 1.64036 -1.7818 -1.55758
1.51854 -0.605672 0.40319 1.45846
-1.31387 -0.466266 0.999268 -1.25423
-0.996728 0.746748 -1.30566 -0.899779
5.41783 1.58549 -1.83302 5.78487
-1.10877 -0.061925 -0.168764 -1.66975
17.1008 9.03506 -13.7987 16.671
3.49323 -3.32725 8.51508 7.19885
-0.799344 -1.4555 2.35338 -0.478618
-1.81479 0.649421 -0.606497 -2.67695
1.56748 0.81418 -1.15197 1.56218
1.87337 -2.23986 3.42579 1.39622
0.446735 -0.998927 1.58415 0.577924
0.755601 0.732899 -1.29428 1.12674
1.13201 0.696362 -1.02882 1.13068
-0.252269 1.74714 -2.82365 -0.181271
0.466931 -0.953621 1.82966 0.760377
1.26583 -0.718807 1.26886 1.25532
1.35264 0.808303 -0.883049 0.92052
1.11046 1.86401 -1.86832 1.58595
3.24139 -2.23722 1.64435 2.41081
-1.03159 0.416916 -0.479157 -1.4149
0.314389 -1.12027 1.09109 0.17364
-4.54569 0.890029 -0.143932 -4.05556
0.587035 -1.2211 1.53735 0.622347
1.72021 -1.05408 0.934982 1.15086
-0.184972 1.63554 -4.60867 -1.81268
-7.74488 -2.44783 4.34484 -5.88202
-6.63734 5.66713 -6.29569 -3.95783
1.45801 1.21438 -1.05713 1.45391
-0.663137 0.873259 -1.66504 -0.82928
-0.191101 -1.13362 2.14836 0.211217
0.333504 -1.05168 1.41619 0.336692
-0.368505 1.3826 -2.87914 -0.921161
2.70447 1.74684 -2.41256 1.96505
-1.71002 0.223215 -1.02326 -4.99147
-1.00382 1.10448 -0.658162 -3.52166
-3.33483 2.91161 -3.66204 -3.42177
-0.957787 0.620194 -0.569597 -2.73928
0.305054 1.79299 -1.76542 0.56775
0.950878 -0.57115 1.67765 1.49283
-0.002567 1.0939 -1.1883 0.032631
-2.06058 -0.718823 1.45026 -2.29318
0.676782 -0.90054 0.930393 0.592157
-0.394309 -1.0589 1.8259 -0.078201
1.62707 2.45838 -7.01272 9.35198
1.44806 1.23174 -1.4695 1.15804
-1.26333 -0.765824 1.0573 -0.751559
-1.73627 2.19988 -3.0728 -2.30883
0.179566 -2.91772 4.83221 5.85917
0.371668 1.66702 -1.90771 -1.07699
-0.107602 -6.75479 9.14759 -1.46751
1.21448 -0.811132 1.34135 1.234
0.867191 -0.864254 1.21239 2.81436
-1.47581 4.90735 -4.83519 -4.16823
-1.46015 -0.114267 -0.16696 -1.20139
-1.08871 2.66983 -12.4879 -5.49593
0.498807 -1.00002 1.27891 0.694567
-1.08698 -1.79741 2.02875 -0.341731
-2.16321 0.326955 0.793896 -2.38532
1.75059 0.95442 -0.845461 1.23278
0.839869 -0.695465 0.93364 0.890439
-6.46897 -2.6896 16.8375 -20.6917
0.995613 1.13231 -0.998493 0.883709
-1.14157 0.860076 -0.820989 -0.78633
1.6952 -0.23053 1.52778 1.311
-0.743646 -1.19324 1.37146 -1.63739
-1.84866 -2.32563 1.90352 -0.825363
2.84929 1.0927 -1.27671 3.02318
1.71439 1.52468 -0.655925 0.894995
0.232707 -1.04272 1.11036 0.220712
-1.04635 -0.386769 1.29781 -1.74446
-1.09272 0.724682 -1.19678 -1.10873
1.1638 -0.593537 0.83213 1.4958
1.06582 0.655526 -0.722788 0.835699
-1.04357 0.354273 -0.29584 -1.26849
18.6254 -7.1597 9.49761 17.0422
0.434071 1.25334 -1.39968 0.023943
4.86176 0.697439 -0.000959 4.75252
-0.838562 0.814282 -3.55832 -4.34768
-0.883503 0.629198 -0.708484 -0.841013
-0.433589 1.44675 -4.93922 -2.0286
-2.89259 -1.28548 4.11955 -5.40258
-0.918498 -0.519305 0.601224 -1.02792
0.715532 -0.89441 1.27861 0.920322
1.30609 -0.708572 1.02779 0.986017
1.15492 0.951936 -0.423655 1.97349
-0.561182 -0.864171 0.864171 -0.561182
-0.930164 -2.4139 2.89841 -0.558236
1.41446 -1.96193 2.33609 0.657926
0.912568 -0.631371 0.792227 1.02471
0.799244 0.784538 -0.961612 0.856374
0.805632 -0.931942 0.981217 0.587088
-1.38169 -0.744225 0.930188 -1.07523
-1.24965 -0.604388 0.913217 -1.2327
-0.940133 -1.17338 2.18578 -0.110653
-0.955702 0.941864 -1.31465 -0.820448
-0.892968 0.592262 -0.586777 -0.941284
2.54613 1.37031 -1.03952 1.27912
2.25195 1.02633 -1.03625 1.15815
-0.519084 1.14572 -1.62853 -0.39764
-0.045716 1.07617 -1.33205 0.08264
1.1116 -1.33282 2.6134 3.34283
-1.05973 -0.18945 0.488071 -1.50863
0.581564 -1.12708 2.09848 0.895758
-0.043643 1.1422 -2.24946 -0.915405
-1.0842 -0.495087 0.220535 -1.41438
2.35268 1.10592 -1.14613 1.30023
-1.28265 0.908888 -1.24556 -1.14624
0.034649 1.21254 -4.85303 -2.01455
0.621906 -1.13716 1.27513 0.685175
1.30666 0.202392 -0.439951 1.20499
0.729998 -1.03684 1.11152 0.493938
1.31141 1.21991 -1.72203 1.36955
0.792223 -0.722769 2.78611 3.45036
1.33901 -0.562061 1.10326 0.963267
-0.770008 -1.19601 1.33133 -0.305174
1.44263 -1.1359 2.47699 0.889054
-12.74 17.1865 -17.9034 -8.01113
-1.17062 1.11908 -1.2805 -1.082
-2.06071 -1.04633 0.874675 -1.92054
0.216876 1.34815 -1.25716 -0.180232
1.68188 0.681772 -0.884833 1.14633
0.370394 1.21719 -1.54848 0.314588
1.04305 -0.495235 1.09386 2.01756
-1.25989 -0.369632 0.477408 -0.992988
2.60792 4.49506 -5.92123 2.86956
-1.15314 -0.221341 0.063548 -1.27376
-1.70792 -0.756995 0.920719 -1.29754
-1.81167 -0.81602 0.929946 -1.24616
-1.38129 -0.642809 0.688347 -0.883235
-1.21297 -0.580346 0.900972 -1.04808
-0.676466 -1.80547 2.69876 -1.04964
-1.00024 0.721931 -0.607313 -0.928828
1.33558 1.79267 -1.57236 1.4594
-1.99452 0.461891 0.755228 -1.57804
-3.0769 -0.962022 2.29265 -1.12354
2.29855 -0.027955 1.08989 2.90165
-0.429666 -1.7539 1.21177 -1.53653
0.64918 -1.89249 4.85234 4.61647
-1.89468 -1.03497 1.65781 -1.55288
4.25823 -2.72643 2.12995 2.36868
-1.12804 -0.142659 0.181419 -1.16543
-1.25267 -0.853874 1.27383 -0.984587
2.95343 -2.00633 1.95444 4.23924
0.239077 -1.0857 1.20633 0.15339
1.49634 0.362466 0.273782 1.35874
0.389609 -1.1389 1.19156 0.780861
7.60475 -9.71628 18.8334 6.99218
1.12256 0.027092 -0.130994 1.06175
1.61079 -1.608 1.9127 0.770214
0.643481 -1.07566 1.21802 0.500952
0.309032 -1.99264 1.72338 -0.607231
1.42908 0.865765 -1.01031 1.02846
-0.189467 1.04655 -2.12775 -0.344788
0.326974 -1.06481 3.68572 0.684951
2.34285 1.21547 -1.10259 1.272
-72.4937 -24.7044 25.46 -36.9734
-1.0671 -0.638579 0.470854 -0.95586
-2.10092 -0.954968 1.02271 -1.25409
-1.65165 0.366625 0.336897 -1.32442
0.98506 0.5208 -0.886748 1.10564
-0.445922 -18.5831 28.8066 0.780745
-2.57207 -1.28273 1.02386 -1.51518
-0.026094 1.9141 -1.87899 1.11
-0.00687 -1.15728 4.10466 1.63678
-1.06045 0.796717 -0.689385 -2.87598
-1.39541 0.816516 -1.57302 -1.16579
1.72873 1.99436 -2.66941 -0.027708
0.26992 -2.75296 4.01619 1.10827
1.57071 0.506555 -0.674111 1.10191
2.80391 1.9273 -2.80283 2.35474
-1.29048 -0.449452 1.0083 -1.3987
2.93752 -1.80774 2.01389 1.49574
-0.956416 0.479102 -1.04482 -2.04324
-0.040271 1.44919 -1.51638 -0.263165
-0.87224 1.75478 -1.91663 -0.55706
17.2979 -11.5282 17.8332 26.0718
0.299121 -1.16132 1.39883 0.570999
0.581593 1.7182 -6.18935 -2.33223
-4.80913 -0.392412 1.96331 -6.66074
2.30737 0.347062 -0.559976 2.07153
-2.02117 -4.30808 5.33479 -1.0355
1.61658 0.031282 0.383376 1.15062
11.0435 -12.6995 17.2211 12.4546
1.88787 0.855977 -0.948259 1.15844
-1.49048 0.347132 0.600535 -1.61291
-0.679248 -0.843023 0.827835 -0.680728
-1.06282 0.088658 0.013583 -1.25712
12.4417 6.4078 -10.7756 11.7815
1.33783 1.28105 -1.09326 1.90434
-1.2124 -0.034425 -0.206179 -1.89979
0.997453 0.887013 -1.31489 0.83384
1.2584 0.288705 -0.235108 1.06665
-1.10175 -0.628206 0.373419 -1.12212
-2.70004 0.698391 0.92447 -2.9757
-0.145114 -1.1618 1.47698 0.190421
0.440662 -0.973761 0.973761 0.440662
-0.264785 -1.79088 3.67638 -0.650175
1.12021 0.595092 -0.65334 0.940333
-1.3629 1.14316 -1.09571 -4.91772
-1.09385 -0.595625 0.802501 -0.934379
-0.313431 1.0244 -1.40072 -0.345208
2.02185 0.922746 -0.855547 1.07484
-2.63603 -0.742145 1.12606 -1.23689
1.38024 0.503098 -0.665243 1.18113
-2.00444 -0.779478 2.13496 -3.09824
1.32821 -1.35899 1.66898 0.425258
1.37416 0.860675 -1.03089 1.22988
-0.865231 0.579974 -0.606453 -0.87407
0.154198 -1.08931 5.31975 1.00282
-0.583061 0.903006 -1.79603 -0.819844
0.999575 -0.554339 1.15858 1.38807
-1.38954 0.170169 -0.729254 -1.14806
0.838896 -1.05223 1.39014 0.430635
0.001436 -1.13161 1.43003 0.230309
1.74729 0.923716 -0.936556 1.04506
-0.765438 -0.75554 0.880916 -0.779119
-8.3454 -3.37192 -2.87316 -9.19111
2.14607 0.857237 -0.957467 1.31739
1.09791 0.888959 -0.935717 1.07835
1.2609 0.502402 -0.62154 0.935243
-1.05476 -0.308289 0.251408 -1.06616
-1.68481 -0.812468 0.869246 -1.07619
-1.11219 0.641341 -1.03311 -1.02034
0.078131 1.07501 -1.20764 0.160587
-0.413409 0.998302 -1.17932 -0.390138
-0.886643 0.750313 -1.10082 -0.75433
-1.0836 -0.378479 0.73113 -1.12428
-1.92275 -0.811058 0.875382 -1.19032
-0.43396 -1.27827 1.05557 -0.236704
1.31574 1.07295 -1.06031 1.08869
4.31285 -3.83659 3.43549 4.90388
4.56437 2.56241 -5.3493 6.55523
-0.168587 1.05113 -1.31019 -0.262891
-0.537219 1.26958 -1.43026 -0.268951
-1.70649 -0.586709 0.766913 -1.32882
-5.22794 -5.96613 5.04309 -6.41318
8.6767 5.10077 -16.6181 19.6851
-1.60164 -0.64919 0.762153 -0.977539
-2.11868 0.322741 -1.19469 -4.42759
-5.44727 0.992315 -2.13746 -7.34603
-29.1197 -6.51369 5.12621 -17.9829
-17.2939 -26.2662 37.8041 -22.8698
-1.26558 0.12075 0.0377 -1.0897
0.765744 0.843772 -0.902502 1.11054
0.141503 -4.60545 4.88941 -0.461067
-0.477275 1.0167 -3.50706 -1.43486
0.456261 -0.971436 1.75635 0.709109
-0.037458 1.24162 -2.80334 -1.41358
-2.02957 -0.995058 1.18457 -1.21665
2.01544 0.736132 -4.27633 6.05975
-3.58438 -1.71356 2.39766 -3.3182
0.035097 1.10971 -1.08375 -0.01678
0.362757 -1.09439 2.69973 1.0057
-0.854047 1.22473 -1.34154 -0.641027
-6.30235 -3.29771 6.95841 -8.97659
-0.754896 1.27307 -1.67366 -0.241513
-0.502477 -0.953817 0.953817 -0.502477
0.81665 -0.682709 0.785284 1.08816
-2.09264 -0.688336 3.56436 -5.39787
-3.23896 -1.08382 0.996074 -1.80978
-7.05153 -1.94822 1.74356 -8.53979
1.57293 -0.122604 -0.389739 1.55119
-0.898731 1.0515 -1.44874 -0.84372
-0.95781 1.35715 -2.98561 -0.396154
1.69322 0.075135 -3.40008 5.34809
0.680968 -1.08239 1.77171 0.880703
0.903572 3.12147 -2.38564 0.92861
-0.67518 -1.19077 1.49971 -0.323014
-1.85289 -0.904253 0.834031 -1.32879
6.11857 1.69219 -1.11799 5.61217
-0.265246 1.01341 -1.58869 -0.453875
-3.81996 2.91398 -3.49738 -4.70358
2.45037 1.23453 -1.17359 1.3781
-0.914154 1.26452 -0.743665 -2.41554
-0.428913 0.983972 -1.20002 -0.43622
1.2559 0.676391 -0.753432 0.96106
-0.957806 0.656587 -1.01543 -1.04834
-13.6598 -1.88721 3.1892 -11.0394
1.23404 0.452926 -0.80622 2.23222
1.81342 1.0939 -1.14356 1.53396
-4.0724 -1.86364 2.4288 -3.20564
-1.69279 0.775948 -1.81095 -1.33887
-174.702 -6.65804 -19.2142 -233.569
-0.5849 1.18262 -1.41082 -0.429324
-0.435814 -1.04061 1.33309 -0.284215
-0.086384 -2.21866 2.94945 -0.349173
-0.421328 0.982282 -0.982282 -0.421328
1.09267 -0.827043 1.15969 1.09476
-1.63299 0.024882 -0.268502 -1.58766
0.174617 1.18197 -2.00286 0.02905
3.3574 -0.973746 1.67698 3.96288
-0.380078 1.04585 -2.09013 -0.659433
0.023701 -1.37585 2.17396 0.231818
0.563012 0.896557 -0.943594 0.683899
-1.34825 -4.43914 1.51397 -2.01742
1.19308 -0.725085 1.20695 0.805299
-5.53629 5.02816 -5.17735 -2.97769
-1.2909 0.121844 -0.881303 -4.36505
0.648595 -0.939659 1.16804 0.505701
3.01859 1.69439 -2.02696 2.47117
0.669506 -0.868964 1.25865 0.93371
-0.716665 -0.801671 1.05551 -0.773202
-0.410537 -4.31835 8.78798 1.45408
8.71266 5.85125 -9.58476 9.40068
-15.6004 18.4283 -25.3849 -12.7342
-4.30859 -0.753779 -0.337321 -7.19183
-0.010102 -1.27996 5.14278 0.989477
-1.14728 3.18134 -7.52835 -2.66946
4.79493 3.62406 -2.48731 5.49311
-0.806382 -0.915787 1.1979 -0.557491
-2.12003 -1.54944 2.80005 -1.79183
1.88708 0.641907 -1.31349 4.52022
-0.220346 -1.23636 3.16881 0.00194
-0.332484 -1.28313 1.60554 0.015603
-1.07678 -0.492343 1.63136 -1.91526
0.323566 -1.36448 1.4458 0.471367
-1.36847 -0.450409 0.982142 -1.60808
-0.35586 1.8393 -1.23084 -0.149381
-2.02928 -0.293973 1.16242 -1.34669
9.60285 5.40148 -17.0761 20.1186
-1.32243 -0.746999 1.01963 -1.19394
1.11493 0.538589 -0.651701 0.936644
-0.01321 1.17402 -3.92913 -1.6354
-1.36943 -0.949776 0.423589 -1.29124
1.4636 -0.222705 -0.271067 1.86904
1.24569 1.72026 -2.42439 1.4066
-1.13563 0.077629 -0.026422 -1.64493
1.15917 0.695264 -0.999204 0.866633
-0.309339 1.03114 -1.15112 -0.298289
-1.09891 -1.01833 0.761455 -0.869144
0.241326 2.48851 -3.95359 -0.502543
1.83774 -2.26629 3.58903 3.43875
0.792431 2.05426 -2.92939 1.60604
-0.379647 1.06387 -1.1922 -0.249154
2.38311 -2.1228 3.26117 1.793
-1.55757 -0.62329 1.13265 -1.7693
-4.16092 -6.54135 2.46357 0.231667
0.817154 0.691856 -0.740639 0.865773
1.04134 0.539174 -1.20881 1.16579
-0.650391 0.927843 -1.0501 -0.528679
