814
1053.59 346.804 780.469 295.53
954.846 358.587 794.753 380.776
997.404 215.265 618.011 323.969
1042.56 254.842 667.85 292.963
1063.55 265.221 682.91 276.268
1058 268.738 686.846 281.405
1021.08 260.047 674.867 308.707
1038 247.853 659.613 295.659
1052.79 247.655 661.131 282.754
1044.34 250.805 664.138 290.077
1037.82 242.139 652.831 294.366
1048.96 263.633 679.59 288.477
916.857 354.551 790.396 412.196
1039.25 344.926 778.542 307.757
1055.97 259.161 675.491 282.204
1020.7 225.929 632.425 306.288
1053.88 266.641 683.76 284.549
1063.22 273.258 692.057 278.09
1011.69 355.548 790.153 331.225
907.558 358.656 793.654 421.919
913.249 354.588 788.872 416.447
1004.7 210.69 611.672 317.108
1027.09 259.23 672.385 306.224
937.972 337.909 767.287 392.172
1047.79 347.706 781.402 300.928
932.743 298.814 718.905 392.325
1033.12 264.612 681.907 302.326
1013.04 253.079 663.518 315.647
921.1 345.648 776.129 407.683
955.903 351.119 784.824 378.115
1058.58 260.052 674.102 280.769
913.604 352.827 782.876 415.704
929.176 355.555 790.425 402.887
1058.33 317.721 745.424 287.835
1017.68 230.806 638.021 310.056
938.433 332.885 761.417 391.319
1066.31 300.024 725.1 279.837
948.221 345.134 779.065 384.143
1048.96 263.633 679.59 288.477
911.554 356.124 788.872 416.447
1030.54 233.63 642.033 299.446
1039.64 250.236 663.122 292.701
930.879 358.6 793.71 401.485
932.81 349.595 782.684 398.573
1013.51 255.993 668.75 316.544
1033 234.194 643.64 298.142
1017.21 228.216 634.802 310.201
906.807 357.314 790.858 421.586
1047.48 256.198 670.695 288.083
939.655 337.871 767.717 390.252
916.426 353.205 786.993 413.629
1012.93 407.928 852.474 338.025
967.079 358.301 793.825 369.866
1053.99 248.755 662.864 281.659
1039.04 399.672 843.675 317.385
1050.82 256.634 671.703 285.717
919.292 343.947 775.473 409.926
922.94 342.957 773.997 406.232
1063.35 257.252 673.278 275.365
1011.86 229.317 635.434 313.349
919.607 348.243 780.187 409.186
1016.62 229.623 634.802 310.201
978.457 322.853 752.342 354.806
911.554 356.124 788.872 416.447
953.931 351.507 784.303 379.174
1044.37 252.542 666.118 290.124
1040.05 241.786 652.648 292.582
952.625 349.096 781.562 380.982
1018.05 251.505 664.78 311.4
1052.11 281.666 701.149 288.213
1042.56 254.842 667.85 292.963
1068.81 267.305 685.856 272.127
908.28 356.079 790.858 421.586
953.982 351.67 784.303 379.174
908.719 337.289 765.982 417.767
1029.69 229.772 636.77 298.316
1058.58 260.052 676.473 279.787
911.554 356.124 788.872 416.447
1056.7 267.46 685.069 281.033
1048.09 245.16 657.335 286.443
1064.84 353.052 787.286 288.536
1052.04 249.041 662.503 283.665
1075.58 307.949 736.102 272.035
924.587 359.594 795.739 406.942
1055.97 259.161 675.491 282.204
901.467 338.096 767.807 424.97
939.655 337.871 767.287 392.172
911.554 356.124 788.872 416.447
1020.7 225.929 632.425 306.288
1057.47 257.895 672.746 280.027
1057.12 318.776 746.411 289.021
1000.83 217.642 619.352 322.888
1021.08 260.047 674.109 312.055
1030.19 238.918 648.569 300.927
1052.04 249.041 662.503 283.665
885.546 343.841 774.937 440.065
1052.76 250.887 662.503 283.665
1043.29 253.425 667.776 291.407
1005.29 218.533 621.152 318.996
1038.07 244.448 654.62 294.336
1032.47 266.946 682.493 302.517
1038.71 252.52 665.37 295.244
1038 247.853 659.613 295.659
910.986 359.688 794.961 418.812
1008.25 214.599 616.444 315.385
1057.34 267.32 685.069 281.033
1049.4 258.334 673.945 287.185
1011.42 245.252 654.784 318.03
1077.39 307.921 734.997 271.023
937.969 336.332 765.549 392.118
1056.82 251.212 665.842 279.679
1045.17 328.197 756.791 301.048
917.644 359.751 795.517 414.209
987.69 201.312 598.363 331.623
915.003 336.93 765.416 412.524
920.388 359.503 793.54 410.713
1008.25 214.599 616.634 316.085
1047.48 256.198 670.695 288.083
1041.59 250.134 663.122 292.701
1042.93 240.437 649.732 291.178
1011.69 355.548 790.153 331.225
1024.81 228.103 634.367 302.707
1052.79 247.655 661.131 282.754
1013.51 255.993 668.75 316.544
1012.61 211.702 613.251 311.907
1059.93 268.019 686.217 279.768
909.781 355.069 787.898 419.25
964.269 357.708 793.174 371.687
1061.81 269.363 687.136 277.378
1049.8 247.014 659.894 284.989
1045.98 277.207 696.547 292.57
941.686 353.424 786.895 390.116
1000.22 215.247 616.103 322.432
924.101 334.911 763.354 403.873
1031.48 271.358 688.244 304.05
1016.37 254.178 666.365 314.241
941.615 337.091 766.569 389.128
956.295 354.118 788.356 378.624
1055.72 264.777 681.36 282.278
1033.48 325.443 753.428 308.795
1043.45 248.29 660.905 290.05
1058.58 260.052 676.473 279.787
924.79 363.234 799.207 407.223
996.527 205.694 604.043 325.364
1060.79 260.577 678.215 277.234
1025.85 227.814 634.367 302.707
1062.16 260.071 677.05 276.836
1037.35 236.384 645.551 294.139
1008.25 214.599 615.682 314.921
1025.58 261.221 676.541 307.749
919.062 345.067 775.473 409.926
947.763 347.011 779.065 384.143
997.91 409.132 851.513 351.117
1033 234.194 641.472 297.447
912.803 347.96 781.241 416.089
1047.76 248.301 661.247 286.986
1010.78 245.271 654.784 318.03
943.732 340.938 772.659 387.198
1047.57 352.297 786.212 302.068
1057.47 257.895 672.746 280.027
1022.23 222.131 628.139 303.788
919.769 359.988 795.21 410.54
1055.67 252.112 665.842 279.679
1015.65 251.179 661.553 314.293
933.766 350.12 784.065 398.625
1049.63 342.937 775.545 298.978
1025.85 227.814 634.367 302.707
913.389 349.303 782.876 415.704
1054.45 260.929 677.878 283.356
1044.25 245.017 656.47 287.963
1032.14 234.754 643.64 298.142
1045.62 346.991 780.723 302.83
1052.22 260.909 676.2 284.311
921.927 344.43 776.129 407.683
1043.18 249.419 662.487 290.997
1018.03 232.708 639.542 310.239
948.221 345.134 779.065 384.143
1024.81 228.103 634.367 302.707
1014.15 254.059 667.519 315.381
1058 268.738 686.846 281.405
1005.41 210.996 611.672 317.108
1031.13 228.582 636.77 298.316
1058.35 268.959 685.069 281.033
1045.98 277.207 696.547 292.57
913.931 364.282 801.438 416.539
1032.4 232.859 641.472 297.447
1032.14 234.754 641.472 297.447
989.253 199.939 597.245 329.83
1036.24 344.212 777.492 310.454
1059.04 290.23 712.528 283.625
1039.72 400.393 844.082 316.336
925.317 360.282 796.65 406.425
916.054 335.953 764.262 411.216
1051.11 245.813 658.287 283.407
316.567 239.051 932.871 108.28
447.367 263.039 989.261 202.058
364.026 180.529 1012.11 99.4958
469.406 289.632 977.657 234.088
388.939 287.828 931.96 181.651
473.006 360.82 916.513 280.764
434.547 287.113 958.663 209.095
482.757 234.033 1037.81 206.299
364.886 175.731 1015.5 97.981
369.22 180.298 1015.36 102.203
364.026 180.529 1010.08 100.819
484.703 340.335 940.832 275.673
324.867 225.814 948.953 104.86
523.539 226.073 1069.31 229.724
481.67 271.183 1001.79 229.77
282.583 176.654 966.277 50.2229
447.853 317.043 940.179 235.276
511.87 215.791 1072.16 215.524
530.354 222.614 1077.45 232.122
293.021 268.035 895.18 112.433
440.741 208.375 1032.94 166.623
493.001 253.253 1024.98 225.442
507.111 257.244 1030.2 237.746
472.579 292.794 975.333 238.152
507.889 309.829 982.607 270.408
495.889 257.032 1023.3 229.246
486.774 284.288 992.609 241.125
492.531 331.542 953.008 275.031
485.148 213.652 1056.11 196.215
489.508 330.62 952.24 272.406
291.438 256.828 903.604 104.482
360.71 184.886 1006.31 100.057
483.379 342.323 937.385 276.216
442.404 217.323 1027.78 172.851
424.963 332.419 912.622 233.447
505.387 311.676 980.024 271.063
450.603 412.186 859.898 294.884
324.867 225.814 948.953 104.86
513.833 245.307 1045.48 235.028
340.301 211.774 970.489 103.758
374.715 179.71 1021.21 105.008
287.766 267.741 891.954 108.831
451.233 177.291 1070.23 151.831
466.262 355.824 915.739 273.288
285.973 273.496 884.018 112.621
496.651 328.949 958.339 275.819
211.585 266.916 849.666 65.8463
369.375 166.293 1027.91 94.1804
342.474 221.157 963.578 111.243
460.063 241.367 1015.83 195.809
449.711 314.839 943.559 236.778
291.97 279.277 884.931 118.343
404.511 337.155 898.84 222.766
246.691 219.094 909.024 57.0422
377.095 172.245 1026.55 100.588
463.908 248.894 1011.04 203.853
276.251 284.074 871.021 112.272
376.934 265.018 944.726 159.623
319.467 244.284 930.054 111.922
254.724 213.824 919.146 56.7917
308.613 260.334 910.444 116.277
394.625 339.544 889.94 217.41
478.044 288.271 984.346 236.371
491.933 252.721 1024.98 225.442
308.475 245.204 923.128 106.548
489.508 330.62 952.24 272.406
319.996 230.562 942.046 104.04
257.228 220.974 914.661 63.3957
364.883 185.939 1007.87 103.437
347.15 309.224 889.206 170.635
464.962 283.682 979.948 227.123
517.774 222.692 1068.81 224.039
427.751 363.118 887.873 253.391
418.756 355.852 889.387 241.109
360.367 195.362 996.648 105.784
461.66 297.413 966.123 233.913
436.923 204.971 1035.15 159.506
320.377 241.112 933.466 110.879
446.951 410.397 859.898 294.884
289.759 269.956 891.197 111.638
274.119 296.373 859.049 118.357
466.303 368.201 905.336 281.575
508.252 312.906 980.948 273.894
431.798 279.333 963.834 201.291
245.795 221.707 906.978 56.0361
482.672 346.122 934.113 277.809
494.583 328.164 957.397 274.265
341.418 224.739 959.848 111.56
494.043 270.922 1009.74 237.918
296.705 273.43 892.424 117.44
513.648 248.169 1043.27 236.598
306.818 238.927 927.452 101.735
305.453 259.556 908.715 113.624
407.623 289.811 941.775 193.287
386.13 154.614 1048.47 97.6978
340.297 225.176 958.885 112.339
498.267 233.776 1046.69 217.771
324.303 235.366 941.024 109.27
484.826 336.681 943.975 273.403
262.17 197.27 937.198 51.8818
424.549 336.921 909.189 234.848
371.127 187.579 1010.33 107.415
517.411 242.914 1049.73 236.075
359.688 184.21 1006.31 100.057
485.148 213.652 1059.24 196.255
261.916 291.761 856.588 109.843
507.158 308.495 982.607 270.408
485.603 336.517 943.975 273.403
299.36 257.08 907.893 108.744
332.414 219.401 959.114 104.426
305.453 259.556 908.715 113.624
499.983 322.819 965.275 274.38
427.663 359.147 891.125 250.956
483.4 336.458 943.245 272.209
361.194 174.154 1016.19 93.5097
260.202 205.517 927.793 54.2134
496.214 323.292 964.11 272.379
412.702 349.549 891.569 235.243
490.57 334.423 949.629 275.912
503.778 192.527 1090.34 193.122
301.545 267.643 899.916 116.451
510.935 304.832 988.269 269.875
437.167 196.795 1041.95 155.451
400.822 248.474 972.816 163.197
521.85 297.711 999.757 273.714
304.139 253.416 914.316 110.501
254.958 205.678 925.753 52.3309
523.539 226.073 1069.31 229.724
486.285 331.853 949.175 271.437
429.176 316.928 928.585 226.253
386.998 161.589 1042.99 101.353
492.752 330.903 954.835 275.313
454.739 256.497 998.752 201.03
300.089 263.827 902.892 115.161
445.969 285.232 966.284 216.183
530.354 222.614 1077.68 230.99
515.535 240.737 1051.08 232.701
343.798 194.257 987.98 95.6415
291.97 279.277 884.931 118.343
481.67 271.183 1001.79 229.77
305.329 245.845 920.464 105.138
385.311 281.21 936.939 176.876
336.24 210.878 966.097 101.746
232.304 237.193 887.145 58.7278
495.883 237.433 1041.84 218.044
504.194 309.804 979.715 269.224
392.488 288.729 930.79 186.166
301.133 253.523 912.383 108.195
424.159 336.34 909.189 234.848
330.998 221.052 956.591 105.778
455.113 189.214 1060.2 161.728
295.681 254.154 908.039 104.586
379.643 284.49 929.084 177.311
389.171 288.755 931.494 182.558
339.222 221.353 961.437 109.541
475.189 352.58 924.423 276.918
456.71 374.02 894.588 277.914
369.96 275.169 932.148 162.148
211.585 266.916 849.666 65.8463
464.329 363.939 907.754 277.455
373.275 167.634 1029.08 97.902
503.778 192.527 1090.34 193.122
334.349 359.765 840.877 194.08
260.198 215.854 920.807 62.3315
329.621 236.451 943.188 113.111
371.12 186.987 1010.33 107.415
320.387 244.546 930.452 112.787
376.372 161.966 1035.59 96.5644
510.628 306.161 987.434 271.381
244.615 234.663 893.632 65.1494
417.799 234.723 996.34 165.664
315.701 238.698 932.964 106.637
246.792 220.953 906.978 56.0361
434.547 287.113 958.663 209.095
463.923 373.767 898.62 282.816
508.245 313.631 978.91 274.102
496.5 315.107 970.255 267.56
387.037 349.031 877.174 218.756
491.933 252.721 1024.98 225.442
469.449 352.028 920.933 273.272
367.052 188.763 1006.73 106
342.439 216.841 967.895 109.828
517.793 241.108 1051.69 234.476
421.312 352.878 893.201 242.503
351.841 200.306 986.963 103.943
327.329 222.339 952.944 103.18
476.281 355.347 922.296 279.704
231.639 235.266 888.266 57.257
421.503 223.638 1007.33 162.791
492.346 337.888 947.467 279.62
420.605 354.29 891.917 242.937
456.457 377.677 889.314 278.863
474.832 277.693 992.654 230.858
375.461 297.873 914.739 179.988
505.387 311.676 980.024 271.063
402.936 322.614 908.879 211.442
342.439 216.841 967.895 109.828
462.768 176.009 1077.76 158.676
311.23 247.444 922.65 110.037
363.133 189.344 1003.92 104.248
481.9 344.444 935.572 275.652
332.414 219.401 959.114 104.426
292.031 170.53 977.4 52.0141
511.87 215.791 1072.16 215.524
442.404 217.323 1027.78 172.851
436.072 207.017 1032.66 159.769
465.83 360.489 911.44 276.437
483.769 344.954 936.306 277.654
360.889 180.849 1009.36 98.5554
434.517 207.514 1031.37 158.961
378.728 161.104 1037.92 96.8447
249.888 219.271 909.024 57.0422
246.792 220.953 909.024 57.0422
531.623 222.212 1078.87 232.785
515.28 297.728 998.003 268.985
511.673 251.115 1038.88 237.129
381.955 168.163 1033.93 102.714
492.99 270.459 1009.21 237.119
354.391 190.13 997.744 99.312
470.297 272.878 991.514 223.569
449.297 295.802 959.765 224.722
492.144 326.052 957.978 271.825
529.197 221.519 1077.68 230.99
489.295 328.292 953.806 271.746
377.224 172.853 1026.55 100.588
503.162 305.372 983.031 265.253
316.473 235.432 935.371 105.792
506.212 224.025 1060.89 217.61
281.09 288.74 870.551 118.355
511.87 215.791 1072.16 215.524
404.795 235.983 985.765 158.263
312.881 241.274 928.697 106.304
417.799 234.723 996.34 165.664
529.197 221.519 1077.68 230.99
369.681 266.15 938.437 155.451
455.497 325.234 937 246.839
478.66 269.169 1001.5 225.952
498.938 225.477 1054.63 211.466
377.851 173.51 1026.77 102.276
493.503 325.211 959.692 271.965
359.474 195.096 996.413 105.051
307.069 252.628 916.239 110.044
262.006 199.843 934.859 52.816
402.936 322.614 908.879 211.442
385.291 154.882 1048.08 96.8514
377.374 272.188 939.087 164.909
451.625 319.28 938.857 242.186
437.585 345.252 908.864 247.891
421.312 352.878 893.201 242.503
319.256 230.537 942.491 106.254
492.524 244.808 1032.87 220.818
502.324 189.299 1091.86 188.801
438.347 345.543 908.864 247.891
284.63 176.396 967.114 51.3818
461.139 314.64 950.095 244.002
423.304 352.203 892.087 243.725
289.422 274.216 887.873 114.48
649.053 248.677 1131.3 326.835
476.926 259.351 1009.73 219.484
434.448 198.387 1039.11 153.646
262.652 294.715 854.523 113.325
362.495 173.414 1017.84 94.2989
475.189 352.58 924.423 276.918
321.856 231.669 942.491 106.254
231.639 235.266 888.266 57.257
500.025 308.21 978.726 265.086
423.812 291.195 949.503 205.938
464.598 275.322 987.658 221.658
280.825 281.359 876.762 114.057
386.13 154.614 1048.47 97.6978
517.411 242.914 1049.73 236.075
501.573 310.645 977.384 268.185
452.712 374.464 891.537 276.4
431.032 219.539 1017.9 164.872
373.091 181.445 1018.56 106.356
332.414 219.401 959.114 104.426
448.978 411.04 859.37 292.685
452.667 190.855 1057.4 161.396
465.872 364.127 908.857 278.693
358.011 190.827 999.502 102.239
345.404 213.739 971.896 108.262
425.92 364.305 885.592 252.544
411.397 345.651 894.1 232.139
364.194 182.93 1010.08 100.819
478.66 269.169 1001.5 225.952
482.757 234.033 1037.81 206.299
398.471 291.095 934.54 188.9
329.431 229.72 948.612 110.785
481.9 344.444 935.572 275.652
497.833 231.823 1048.3 216.305
316.473 235.432 935.371 105.792
350.724 202.119 986.082 104.086
511.928 303.842 991.097 270.185
462.511 288.932 973.787 228.215
470.481 297.474 970.672 238.975
458.533 375.45 893.601 280.679
351.294 189.13 996.383 97.2852
385.311 281.21 936.939 176.876
301.535 260.22 906.06 111.478
375.464 174.946 1024.09 103.489
431.798 279.333 963.834 201.291
302.991 254.964 909.333 110.599
497.208 251.94 1028.93 228.164
376.118 180.574 1019.27 106.065
258.098 205.818 927.793 54.2134
340.264 217.794 963.319 107.86
376.447 175.333 1024.09 103.489
426.005 292.085 949.503 205.938
458.533 375.45 893.601 280.679
424.573 193.877 1035.98 143.892
299.36 257.08 907.893 108.744
385.489 255.51 958.595 159.036
383.02 306.704 910.327 189.829
366.85 180.197 1015.85 100.325
300.644 165.299 986.903 53.3443
235.443 233.801 887.145 58.7278
440.338 337.269 919.58 245.512
518.11 236.66 1056.4 230.211
495.1 329.229 957.397 274.265
464.295 250.176 1010.2 204.872
300.089 263.827 902.892 115.161
484.099 198.604 1070.66 186.049
351.544 192.15 994.922 99.6682
456.602 311.331 950.918 239.101
440.621 336.156 919.095 244.415
475.002 271.814 996.79 225.869
313.539 251.766 920.358 113.903
437.194 349.553 904.761 250.144
316.567 239.051 932.964 106.637
455.516 414.464 860.73 299.694
313.124 256.114 916.777 116.237
458.728 369.268 899.751 277.186
358.413 299.66 903.205 171.851
372.946 170.685 1026.01 98.8965
332.083 218.368 959.753 103.646
372.595 176.992 1019.01 101.316
393.148 305.45 918.475 195.659
383.681 169.475 1033.25 102.985
485.568 277.246 998.367 235.924
364.724 176.747 1015.5 97.981
375.752 298.642 914.049 181.066
493.001 253.253 1024.98 225.442
375.622 181.244 1018.56 106.356
352.482 205.132 983.607 107.072
339.222 221.353 961.437 109.541
481.093 255.432 1016.1 219.678
497.661 328.299 959.357 275.467
371.858 184.855 1012.77 106.624
436.923 204.971 1035.15 159.506
492.572 272.411 1007.62 238.942
496.228 318.25 967.638 269.579
385.291 154.882 1048.08 96.8514
498.677 311.269 974.921 266.355
286.124 270.906 888.735 109.921
288.72 281.573 881.118 118.795
496.189 271.706 1010.04 239.222
502.23 304.846 982.733 264.568
397.06 285.116 938.892 185.751
249.705 214.144 916.256 53.6862
481.09 344.98 934.113 277.809
430.827 323.568 924.383 230.381
479.412 353.647 925.603 280.253
508.245 313.631 978.91 274.102
373.275 167.634 1028.37 96.2607
510.935 304.832 988.269 269.875
335.358 221.534 959.269 107.205
500.195 186.399 1091.86 188.801
474.666 210.108 1052.01 185.99
482.672 346.122 934.113 277.809
503.35 318.017 971.886 273.662
289.529 176.59 970.924 53.6066
432.28 200.885 1035.62 154.062
504.194 309.804 979.715 269.224
464.096 367.204 905.752 278.811
405.736 243.939 980.474 163.531
499.442 330.976 958.415 279.296
312.215 244.717 925.731 108.847
513.384 297.896 997.047 268.166
367.756 175.5 1018.74 98.7293
358.011 190.827 999.502 102.239
334.565 219.57 959.269 107.205
468.14 307.339 960.448 243.275
483.675 333.284 946.28 270.709
497.912 269.349 1013.15 239.116
437.585 345.252 908.864 247.891
461.339 315.523 949.673 244.912
462.768 176.009 1077.76 158.676
452.823 329.353 932.076 247.839
467.918 372.65 902.402 284.812
359.474 195.096 996.648 105.784
344.516 216.392 967.895 109.828
472.079 353.641 921.274 275.582
468.14 307.339 960.448 243.275
486.398 329.019 951.591 269.753
249.705 214.144 916.256 53.6862
459.173 377.999 892.028 282.487
287.891 283.741 878.713 118.817
367.728 178.661 1015.85 100.325
506.97 312.518 978.91 274.102
513.18 310.13 985.271 275.169
329.346 220.369 956.18 103.574
428.402 196.739 1036.2 150.318
499.955 326.488 962.406 276.719
335.224 224.121 955.572 109.034
459.173 377.999 892.028 282.487
461.781 319.267 946.622 247.674
377.224 172.853 1026.55 100.588
429.644 219.952 1016.66 164.044
425.134 204.352 1028.63 151.39
497.913 267.532 1014.3 236.575
505.387 311.676 980.024 271.063
308.594 241.72 926.002 104.595
309.108 257.419 911.267 114.583
332.414 219.401 959.114 104.426
482.426 258.011 1014.24 222.433
497.833 231.823 1048.3 216.305
456.457 377.677 891.028 280.612
479.681 201.693 1065.15 185.076
509.149 303.782 988.269 269.875
347.15 309.224 889.206 170.635
335.557 230.856 950.91 113.27
425.463 366.084 883.648 253.677
530.354 222.614 1077.45 232.122
461.66 297.413 966.123 233.913
211.585 266.916 849.666 65.8463
842.275 528.745 1077.4 793.142
618.17 596.178 946.063 582.471
795.833 666.389 909.867 764.97
845.016 526.304 1080.69 795.82
848.184 523.54 1085.99 796.622
856.436 523.479 1087.77 807.984
810.823 661.06 918.79 778.854
826.134 522.189 1079.67 775.616
728.644 663.806 897.842 698.393
810.638 671.806 906.779 778.68
728.613 650.802 911.73 695.681
841.052 529.473 1076.5 792.062
724.352 676.121 884.567 696.189
835.134 495.187 1114.57 778.198
871.772 530.594 1083.63 824.914
733.832 644.795 919.343 699.914
674.03 689.901 860.836 651.482
791.946 663.693 911.435 760.311
855.377 526.623 1084.56 806.833
855.784 522.488 1087.64 807.092
744.364 660.769 904.841 712.45
661.009 691.867 856.699 639.935
871.277 529.383 1085.76 824.865
631.993 686.309 856.659 612.671
797.348 672.198 903.812 766.947
892.117 750.614 839.891 875.694
859.256 526.782 1084.76 810.954
855.492 523.253 1087.64 807.092
848.31 501.264 1112.19 795.903
799.799 668.42 908.408 768.776
855.322 530.525 1079.55 807.608
856.436 523.479 1087.64 807.092
751.239 663.83 903.049 720.007
855.492 523.253 1087.64 807.092
829.288 673.121 909.783 799.598
860.731 523.43 1088.78 812.237
855.322 530.525 1079.55 807.608
841.287 522.656 1084.18 791.612
728.746 658.872 903.3 697.343
793.929 660.674 915.215 761.906
636.215 694.396 849.237 618.107
794.693 663.794 912.162 763.255
728.789 660.565 901.573 697.708
848.31 501.264 1112.19 795.903
855.393 525.854 1084.56 806.833
1079.54 214.739 243.249 709.026
1070.74 184.802 212.546 685.137
1209.03 239.095 378.92 626.343
1112.73 276.739 321.618 744.398
1108.16 328.343 362.322 802.736
1213.05 379.276 490.392 767.071
1280.95 293.32 481.888 624.002
1349.76 326.723 560.155 604.117
1099.87 291.183 323.888 772.397
1112.82 329.572 366.21 799.318
1316.18 275.212 496.717 578.614
1112.12 274.571 321.618 744.398
1386.96 303.858 575.168 552.904
1124.59 351.466 394.026 812.991
1265.72 230.568 421.292 573.226
1112.73 276.739 321.618 744.398
1280.47 334.149 512.192 664.422
1409.69 444.572 693.321 672.549
1381.79 407.577 646.404 659.398
1113.13 353.254 385.309 825.948
1301.71 449.016 614.507 764.703
1257.62 301.66 468.388 650.446
1167.87 199.644 312.075 619.394
1302.85 304.811 508.345 617.726
1270.57 227.57 423.182 565.87
1207.24 275.622 407.171 664.3
1277.07 282.567 470.546 617.049
1091.51 207.791 246.252 691.57
1267.21 433.891 576.121 776.789
1312.89 214.78 448.551 520.467
1093.23 210.301 252.124 693.316
1298.61 399.612 575.605 715.881
1114.67 222.831 280.531 687.15
1343.81 447.809 646.382 727.175
1066.75 168.772 192.203 671.593
1237.05 269.907 427.077 635.349
1268.84 231.962 424.305 573.325
1114.82 353.788 386.451 825.522
1176.07 269.671 374.266 685.152
1256.69 261.139 437.311 610.688
1200.91 377.278 478.92 774.637
1176.35 308.626 403.863 725.569
1068.57 156.366 183.242 657.223
1269.34 251.902 440.554 591.068
1102.19 225.212 272.284 700.733
1064.16 156.757 180.587 659.782
1425.35 449.418 708.154 665.384
1109.52 351.858 383.217 824.137
1334.03 416.065 616.449 704.107
1087.78 193.418 235.641 678.033
1085.37 213.886 248.065 703.608
1265.79 298.704 472.778 641.857
1218.99 266.525 407.63 646.962
1120.23 352.878 391.044 818.774
1427.6 448.744 709.407 663.089
1273.46 233.713 429.407 569.585
1106.36 191.713 250.263 661.82
1378.28 410.075 645.694 662.924
1102.88 198.943 252.903 673.003
1282.59 277.56 470.657 605.987
1416.13 460.269 709.356 683.684
1109.35 347.078 377.457 823.186
1267.16 297.669 472.778 641.857
1430.79 453.52 714.903 664.256
1205.36 374.996 481.871 768.442
1175.81 187.838 310.395 601.143
1378.41 349.289 599.742 605.307
1269.97 247.898 438.667 586.864
1131.69 353.093 400.655 808.865
1124.1 335.253 380.016 796.021
1270.73 302.319 478.124 639.949
1097.33 212.77 259.445 691.123
1085.37 213.886 248.065 703.608
1214.13 337.814 459.608 722.744
1267.27 235.393 426.593 576.306
1064.81 157.326 182.359 659.26
1209.03 239.095 379.95 625.663
1068.15 172.088 196.858 673.944
1416.13 460.269 709.356 683.684
1176.35 308.626 403.863 725.569
1377.75 349.069 599.742 605.307
1229.03 258.774 413.059 630.616
1222.55 272.741 416.499 650.157
1276.5 330.75 506.075 665.016
1080.37 158.126 197.006 648.179
1120.13 326.93 370.226 790.189
1091.97 203.069 245.012 685.59
1100.59 202.405 252.734 679.341
1204.63 377.199 481.975 771.406
1308.55 304.662 512.839 613.19
1112.82 329.572 367.067 801.259
1303.55 446.707 614.621 758.351
1339.76 319.79 548.419 604.468
1343.09 446.783 644.569 727.784
1398.78 399.936 652.955 637.954
1327.11 329.813 546.34 623.777
1100.07 155.765 214.26 629.697
1105.82 229.722 279.762 702.085
1103.74 234.727 283.661 709.839
1305.76 307.342 512.051 618.255
1269.87 428.533 575.214 769.299
1226.76 267.608 416.756 641.569
1099.87 291.183 323.888 772.397
1308.01 268.381 485.018 577.84
1098.8 309.971 338.055 793.163
1334.41 418.934 619.584 706.381
1363.36 355.952 593.636 622.544
1093.04 230.288 268.7 714.681
1311.8 218.458 450.758 525.424
1275.97 320.686 498.112 654.781
1082.66 172.831 211.533 661.169
1255.34 297.291 463.557 647.615
1065.92 166.54 190.632 669.299
1104.15 348.738 373.85 827.176
1399.5 406.079 657.388 643.464
1112.11 261.323 311.107 730.251
1111.53 226.379 281.942 693.974
1423.03 447.228 704.01 664.184
1308.69 445.697 617.402 753.98
1339.69 338.089 560.82 623.408
1135.19 315.192 374.408 766.28
1266.68 299.216 474.4 641.051
1139.24 330.627 390.348 778.398
1320.29 377.702 576.23 676.911
1088.38 196.336 237.126 680.718
1266.35 232.816 424.305 573.325
1126.77 348.708 392.98 808.725
1091.44 204.383 245.012 685.59
1305.05 360.722 550.237 670.91
1099.72 203.633 252.734 679.341
1272.09 432.002 579.29 770.108
1174.8 295.67 392.722 713.159
1179.76 302.009 402.556 714.316
1132.1 167.961 253.998 616.909
1343.81 447.809 646.382 727.175
1096.65 233.737 274.398 714.889
1090.32 225.004 262.684 712.297
1338.55 312.593 542.382 597.728
1368.11 271.609 535.054 536.856
1244.64 305.255 460.764 664.703
1250.06 246.572 420.38 600.967
1381.67 414.286 651.03 663.693
1127.33 344.083 390.091 804.206
1130.62 347.981 397.211 804.749
1238.66 341.61 482.239 706.673
1204.44 237.355 373.5 628.323
1229.03 258.774 413.059 630.616
1303.54 269.259 481.83 581.618
1222.55 272.741 416.499 650.157
1068.28 166.336 192.99 669.584
