0 1449
1 1617
2 2769
3 4310
4 142
5 3631
6 3956
7 4721
8 1404
9 2009
10 568
11 890
12 3189
13 3085
14 3650
15 2670
16 3697
17 4271
18 725
19 631
20 3413
21 4931
22 3102
23 1997
24 5704
25 3693
26 1997
27 1932
28 3511
29 115
30 3402
31 3605
32 62
33 5696
34 602
35 2720
36 944
37 1723
38 2265
39 2346
40 1652
41 5384
42 4851
43 4432
44 261
45 3744
46 1051
47 1593
48 3891
49 1164
50 5011
51 4509
52 2305
53 838
54 4951
55 2621
56 4756
57 1206
58 2455
59 2513
60 3042
61 5181
62 4542
63 1650
64 2665
65 1003
66 1544
67 3299
68 3671
69 4147
70 2383
71 1756
72 579
73 5195
74 4400
75 5199
76 419
77 5247
78 736
79 3786
80 279
81 393
82 836
83 740
84 5681
85 1026
86 5493
87 349
88 1284
89 2091
90 3154
91 3153
92 491
93 2887
94 3150
95 1727
96 3045
97 51
98 3616
99 2751
100 4148
101 1935
102 573
103 4005
104 2816
105 612
106 2687
107 4875
108 1004
109 3789
110 4826
111 4732
112 5262
113 3105
114 3695
115 2233
116 5245
117 2900
118 2835
119 3127
120 2722
121 5356
122 3376
123 1123
124 96
125 565
126 329
127 2279
128 546
129 4627
130 992
131 2966
132 4127
133 216
134 3073
135 5368
136 2290
137 85
138 3156
139 1540
140 2786
141 4141
142 984
143 5452
144 3808
145 1571
146 4404
147 4773
148 3944
149 4862
150 1787
151 1277
152 5300
153 3821
154 2341
155 4237
156 5573
157 1443
158 3801
159 5113
160 3513
161 3672
162 4140
163 5403
164 5500
165 1018
166 1210
167 4957
168 5532
169 3979
170 3556
171 4319
172 2965
173 2299
174 483
175 2996
176 2906
177 2650
178 4977
179 1373
180 387
181 2658
182 1729
183 1335
184 2027
185 4140
186 4142
187 1725
188 4556
189 1617
190 938
191 4122
192 5405
193 2499
194 4621
195 4986
196 2079
197 470
198 1129
199 4943
200 5436
201 2600
202 5368
203 2074
204 4905
205 3548
206 1405
207 5130
208 2636
209 1435
210 2068
211 575
212 3974
213 677
214 5651
215 2712
216 1727
217 1545
218 752
219 3912
220 3017
221 4139
222 1035
223 548
224 568
225 4795
226 628
227 659
228 2867
229 114
230 5319
231 4800
232 4297
233 1597
234 1001
235 3006
236 1072
237 1651
238 413
239 5447
240 4138
241 1599
242 2298
243 2
244 2889
245 2637
246 4345
247 1276
248 612
249 4776
250 1334
251 4541
252 1680
253 3551
254 1629
255 906
256 3243
257 5532
258 632
259 1744
260 750
261 3172
262 1339
263 4943
264 616
265 634
266 4140
267 954
268 4030
269 5333
270 5350
271 3293
272 984
273 3289
274 5232
275 3798
276 3166
277 2633
278 4296
279 3081
280 1918
281 1159
282 2900
283 2764
284 3394
285 2635
286 975
287 18
288 2226
289 4751
290 1768
291 5586
292 4195
293 3384
294 5245
295 2537
296 534
297 3448
298 2903
299 1628
300 1313
301 1861
302 1279
303 3891
304 4333
305 670
306 1833
307 581
308 192
309 3026
310 2647
311 3219
312 5679
313 1873
314 105
315 5005
316 1375
317 2182
318 4369
319 5300
320 750
321 838
322 1013
323 2576
324 4858
325 2024
326 3554
327 1644
328 1773
329 2937
330 1336
331 616
332 4149
333 2941
334 2684
335 2816
336 2510
337 4157
338 1027
339 1859
340 2124
341 1861
342 2123
343 4448
344 2012
345 1766
346 2724
347 1341
348 2496
349 5434
350 2633
351 3544
352 3954
353 3520
354 3457
355 1711
356 2627
357 2944
358 3818
359 677
360 4828
361 1531
362 2828
363 3375
364 4149
365 2243
366 5493
367 2105
368 2657
369 3239
370 1446
371 2633
372 2323
373 1094
374 5137
375 3510
376 2930
377 1233
378 2385
379 5615
380 1044
381 1618
382 2243
383 4229
384 4378
385 4980
386 3091
387 322
388 4543
389 2580
390 2797
391 4163
392 2992
393 5587
394 2000
395 5453
396 2387
397 217
398 1920
399 5119
400 3686
401 3749
402 1793
403 1040
404 892
405 4688
406 659
407 2472
408 647
409 1694
410 4385
411 4256
412 4858
413 1402
414 2690
415 286
416 732
417 5407
418 2384
419 5731
420 659
421 804
422 762
423 670
424 5027
425 1726
426 3558
427 1892
428 4294
429 2104
430 5130
431 2768
432 827
433 5064
434 3599
435 2135
436 1299
437 4747
438 215
439 3106
440 663
441 4929
442 4105
443 3661
444 3838
445 2046
446 4127
447 4306
448 2788
449 1092
450 4040
451 1521
452 1503
453 239
454 886
455 816
456 237
457 2633
458 1345
459 633
460 559
461 2737
462 4817
463 470
464 3912
465 5612
466 1611
467 1699
468 1753
469 512
470 5498
471 5346
472 2899
473 1003
474 356
475 2365
476 5447
477 5194
478 1730
479 556
480 2391
481 3317
482 577
483 2982
484 3270
485 988
486 2684
487 2237
488 740
489 2942
490 5595
491 1907
492 3239
493 5009
494 4620
495 5321
496 4531
497 4880
498 1712
499 142
500 1703
501 1300
502 1806
503 4343
504 2181
505 984
506 508
507 2596
508 3440
509 2343
510 1585
511 616
512 4389
513 3390
514 1329
515 2836
516 670
517 4296
518 209
519 2100
520 1690
521 1498
522 434
523 3440
524 1114
525 858
526 2579
527 4140
528 1043
529 4127
530 2628
531 766
532 5464
533 4469
534 1937
535 5321
536 5104
537 4127
538 628
539 1937
540 1596
541 5010
542 2414
543 1671
544 3731
545 3495
546 3243
547 1338
548 5110
549 1573
550 2188
551 96
552 4946
553 4783
554 4484
555 5004
556 4591
557 1190
558 672
559 1232
560 3183
561 4943
562 670
563 2434
564 2554
565 5572
566 632
567 506
568 2729
569 2005
570 2755
571 3075
572 3563
573 3492
574 5286
575 1539
576 4684
577 4881
578 1315
579 4243
580 4222
581 4896
582 951
583 2125
584 1879
585 5572
586 399
587 5040
588 712
589 2481
590 918
591 3844
592 1617
593 2925
594 806
595 1003
596 1851
597 2998
598 3687
599 92
600 2164
601 3278
602 4675
603 5145
604 3539
605 1598
606 606
607 3780
608 4714
609 2188
610 180
611 1098
612 3055
613 3203
614 3930
615 1499
616 4403
617 1520
618 2345
619 1259
620 1181
621 5661
622 1374
623 526
624 4149
625 2245
626 1791
627 3882
628 5058
629 5532
630 4853
631 1087
632 207
633 795
634 470
635 3519
636 2215
637 4847
638 4841
639 1911
640 665
641 554
642 4210
643 2972
644 626
645 106
646 3028
647 628
648 5677
649 2743
650 1684
651 372
652 1621
653 5074
654 875
655 5547
656 3915
657 1526
658 109
659 1753
660 2809
661 2578
662 1401
663 3978
664 3474
665 2732
666 3710
667 574
668 4409
669 1918
670 2656
671 4590
672 5619
673 1345
674 1241
675 4232
676 3919
677 656
678 1395
679 4689
680 4800
681 1639
682 286
683 2690
684 510
685 2497
686 4224
687 1190
688 752
689 4149
690 4139
691 3894
692 1277
693 4314
694 4227
695 1393
696 2522
697 4530
698 2878
699 1721
700 4391
701 2906
702 3880
703 1709
704 3586
705 3615
706 1164
707 4653
708 5421
709 1
710 531
711 2164
712 2106
713 4654
714 4616
715 2542
716 891
717 2586
718 497
719 1342
720 4269
721 5422
722 4157
723 2339
724 1369
725 1860
726 3208
727 3244
728 3509
729 3079
730 106
731 3610
732 4639
733 721
734 2801
735 2505
736 2015
737 1671
738 616
739 4444
740 647
741 638
742 4127
743 1265
744 4191
745 3116
746 2942
747 3185
748 1738
749 4781
750 5570
751 5262
752 2305
753 3053
754 3849
755 530
756 1632
757 2193
758 2707
759 2299
760 383
761 5079
762 1755
763 1338
764 1550
765 4013
766 81
767 3022
768 2359
769 4935
770 260
771 5726
772 4495
773 5397
774 3825
775 4129
776 3296
777 4216
778 979
779 916
780 605
781 4242
782 3286
783 1173
784 1341
785 3595
786 2620
787 853
788 2000
789 5157
790 5199
791 632
792 348
793 4686
794 1998
795 4919
796 1946
797 900
798 3654
799 3516
800 2660
801 1967
802 4269
803 344
804 2366
805 1149
806 1579
807 3733
808 910
809 895
810 3938
811 2796
812 4176
813 4149
814 3069
815 3416
816 3376
817 2433
818 2904
819 2305
820 3527
821 5124
822 5180
823 2325
824 1067
825 3881
826 659
827 4209
828 559
829 4866
830 3263
831 932
832 4921
833 964
834 652
835 5587
836 3312
837 839
838 1391
839 1173
840 777
841 2186
842 4879
843 5352
844 1272
845 708
846 2998
847 5119
848 1876
849 2429
850 346
851 5172
852 3828
853 513
854 1938
855 2129
856 5081
857 3136
858 4958
859 1183
860 4966
861 4768
862 2305
863 4707
864 673
865 2592
866 3978
867 5112
868 783
869 4860
870 1773
871 2748
872 4149
873 5407
874 575
875 1431
876 740
877 91
878 3106
879 1778
880 2023
881 608
882 3727
883 143
884 2207
885 2762
886 1044
887 2033
888 2893
889 2087
890 3967
891 3170
892 677
893 2878
894 1575
895 3702
896 1990
897 2215
898 4669
899 1850
900 4937
901 3517
902 3916
903 1216
904 652
905 4092
906 861
907 928
908 1628
909 5068
910 3551
911 2335
912 1523
913 4127
914 4188
915 733
916 3891
917 4463
918 2586
919 89
920 4890
921 5646
922 5715
923 606
924 2480
925 1293
926 1419
927 3916
928 2467
929 5463
930 652
931 3855
932 2633
933 1389
934 4331
935 1716
936 1508
937 2769
938 5616
939 4943
940 3227
941 2491
942 5586
943 2928
944 4138
945 2305
946 4645
947 1585
948 86
949 3827
950 1763
951 4751
952 1753
953 2963
954 332
955 1343
956 1845
957 2124
958 1196
959 3268
960 4277
961 1937
962 2643
963 1753
964 5187
965 1546
966 2438
967 3567
968 5506
969 4127
970 4364
971 2477
972 5677
973 2880
974 3842
975 794
976 2047
977 4783
978 429
979 339
980 470
981 387
982 194
983 855
984 3055
985 547
986 2003
987 4127
988 3497
989 2869
990 589
991 5063
992 3205
993 3802
994 5027
995 1728
996 617
997 3299
998 169
999 4861
1000 2915
1001 1093
1002 4147
1003 2476
1004 4452
1005 4299
1006 4158
1007 4669
1008 521
1009 1527
1010 4106
1011 2952
1012 2750
1013 2609
1014 4692
1015 1129
1016 603
1017 2335
1018 4640
1019 2169
1020 1818
1021 3194
1022 1627
1023 1780
1024 787
1025 888
1026 2578
1027 3680
1028 781
1029 1018
1030 2742
1031 1799
1032 1879
1033 172
1034 2619
1035 1762
1036 2321
1037 4844
1038 3353
1039 2548
1040 755
1041 3916
1042 4807
1043 3772
1044 4415
1045 3168
1046 5266
1047 5040
1048 5083
1049 1341
1050 5079
1051 626
1052 4718
1053 4328
1054 3604
1055 4942
1056 5537
1057 2164
1058 3723
1059 3112
1060 619
1061 856
1062 4685
1063 1614
1064 4894
1065 5444
1066 1872
1067 3979
1068 4300
1069 4072
1070 4943
1071 1852
1072 3190
1073 2872
1074 5017
1075 1212
1076 2603
1077 5382
1078 2616
1079 2462
1080 4145
1081 3127
1082 5100
1083 643
1084 2188
1085 3047
1086 1311
1087 2333
1088 4605
1089 910
1090 1919
1091 933
1092 3031
1093 3976
1094 5675
1095 2327
1096 4541
1097 1087
1098 353
1099 5410
1100 4674
1101 5101
1102 2257
1103 4046
1104 3882
1105 1257
1106 4833
1107 3883
1108 154
1109 3252
1110 2019
1111 4124
1112 1513
1113 3222
1114 2419
1115 654
1116 4155
1117 2546
1118 3492
1119 3440
1120 868
1121 903
1122 4255
1123 4957
1124 2357
1125 3187
1126 1937
1127 847
1128 3729
1129 3723
1130 4009
1131 4190
1132 3613
1133 1477
1134 1111
1135 5583
1136 1577
1137 4402
1138 2503
1139 3508
1140 2793
1141 1373
1142 4943
1143 606
1144 1129
1145 5026
1146 3870
1147 2450
1148 4227
1149 3827
1150 1169
1151 575
1152 4636
1153 2920
1154 568
1155 4184
1156 2347
1157 949
1158 3383
1159 5544
1160 1640
1161 574
1162 3214
1163 4607
1164 4622
1165 1990
1166 2395
1167 933
1168 170
1169 5357
1170 1606
1171 3547
1172 3456
1173 1224
1174 4433
1175 1783
1176 2573
1177 355
1178 2986
1179 2323
1180 3291
1181 4673
1182 2964
1183 1828
1184 5302
1185 2722
1186 450
1187 2232
1188 5532
1189 4003
1190 2217
1191 274
1192 108
1193 4974
1194 923
1195 5255
1196 1742
1197 5342
1198 4127
1199 2795
1200 4542
1201 387
1202 2033
1203 1024
1204 1605
1205 3326
1206 3445
1207 4982
1208 5092
1209 1746
1210 2707
1211 2193
1212 5156
1213 5003
1214 2772
1215 5382
1216 3576
1217 2816
1218 3545
1219 418
1220 4807
1221 1958
1222 4541
1223 1761
1224 4444
1225 3418
1226 2132
1227 4277
1228 5250
1229 1409
1230 4717
1231 2997
1232 950
1233 2614
1234 2211
1235 643
1236 568
1237 2266
1238 4221
1239 2718
1240 721
1241 970
1242 2759
1243 1670
1244 92
1245 676
1246 3307
1247 1721
1248 4966
1249 4762
1250 2154
1251 5728
1252 2297
1253 3082
1254 736
1255 2779
1256 3695
1257 636
1258 1504
1259 3743
1260 4827
1261 1050
1262 5293
1263 4163
1264 2289
1265 2526
1266 1101
1267 3674
1268 1338
1269 98
1270 797
1271 797
1272 2646
1273 4436
1274 4544
1275 1282
1276 3368
1277 1922
1278 530
1279 3248
1280 1167
1281 4397
1282 4881
1283 3418
1284 1610
1285 3003
1286 1566
1287 1887
1288 568
1289 4140
1290 2395
1291 4374
1292 4568
1293 521
1294 626
1295 4840
1296 4410
1297 2362
1298 1924
1299 975
1300 556
1301 5340
1302 2620
1303 2704
1304 4534
1305 4009
1306 3246
1307 854
1308 4781
1309 4023
1310 2268
1311 579
1312 2542
1313 5189
1314 984
1315 736
1316 921
1317 3850
1318 2843
1319 304
1320 3440
1321 5212
1322 1286
1323 1722
1324 5494
1325 2008
1326 4127
1327 1543
1328 1252
1329 3766
1330 288
1331 908
1332 2315
1333 2257
1334 85
1335 662
1336 1023
1337 691
1338 1889
1339 4765
1340 1522
1341 4843
1342 3521
1343 3269
1344 2586
1345 1691
1346 5155
1347 1274
1348 1617
1349 5468
1350 1559
1351 4967
1352 2359
1353 3532
1354 1203
1355 2802
1356 2623
1357 4752
1358 1224
1359 1540
1360 5215
1361 3635
1362 4203
1363 2022
1364 4672
1365 4760
1366 4304
1367 985
1368 3440
1369 2361
1370 986
1371 2724
1372 4439
1373 2841
1374 3078
1375 4127
1376 1183
1377 631
1378 765
1379 1578
1380 3681
1381 2300
1382 4147
1383 3295
1384 1908
1385 5247
1386 2008
1387 2554
1388 660
1389 780
1390 615
1391 4135
1392 3395
1393 1727
1394 5213
1395 2486
1396 4156
1397 4718
1398 4112
1399 2861
1400 2570
1401 1699
1402 4127
1403 3428
1404 4631
1405 1482
1406 3398
1407 1790
1408 3282
1409 2606
1410 2247
1411 1076
1412 2522
1413 4779
1414 154
1415 2036
1416 2633
1417 1670
1418 2695
1419 1435
1420 1020
1421 534
1422 3375
1423 5099
1424 3563
1425 4863
1426 2693
1427 2373
1428 1095
1429 5532
1430 5211
1431 455
1432 3794
1433 2453
1434 382
1435 2165
1436 1031
1437 870
1438 1020
1439 4212
1440 4262
1441 1136
1442 2347
1443 5062
1444 5502
1445 1533
1446 107
1447 1251
1448 3548
1449 4031
1450 282
1451 1348
1452 3257
1453 984
1454 957
1455 3223
1456 3396
1457 2570
1458 2545
1459 1020
1460 4074
1461 2695
1462 1604
1463 2664
1464 3228
1465 5150
1466 1790
1467 4129
1468 4513
1469 2282
1470 5408
1471 603
1472 2953
1473 2191
1474 659
1475 4147
1476 2771
1477 632
1478 3563
1479 3418
1480 4751
1481 2639
1482 208
1483 4791
1484 5204
1485 4095
1486 2316
1487 211
1488 4127
1489 4874
1490 5495
1491 4878
1492 2841
1493 630
1494 590
1495 1262
1496 1195
1497 2386
1498 3778
1499 4882
1500 1240
1501 1602
1502 2125
1503 4872
1504 5116
1505 4167
1506 672
1507 5031
1508 3563
1509 3879
1510 1822
1511 603
1512 3256
1513 945
1514 2023
1515 606
1516 334
1517 4326
1518 3386
1519 5273
1520 3049
1521 4158
1522 3237
1523 3829
1524 2163
1525 4151
1526 4198
1527 4924
1528 2409
1529 3409
1530 5328
1531 1179
1532 5608
1533 4821
1534 1336
1535 804
1536 3563
1537 1634
1538 233
1539 659
1540 3557
1541 1653
1542 1402
1543 3299
1544 2622
1545 414
1546 715
1547 1268
1548 4470
1549 2744
1550 610
1551 2319
1552 1356
1553 633
1554 1832
1555 4147
1556 4294
1557 3196
1558 533
1559 381
1560 1011
1561 1421
1562 574
1563 984
1564 2466
1565 3053
1566 2312
1567 2327
1568 3334
1569 4769
1570 659
1571 3965
1572 5376
1573 3872
1574 1681
1575 4236
1576 5655
1577 1527
1578 1535
1579 4236
1580 4144
1581 1520
1582 2163
1583 4125
1584 751
1585 256
1586 2439
1587 1146
1588 2182
1589 2123
1590 2097
1591 773
1592 3079
1593 5011
1594 739
1595 3149
1596 4878
1597 1852
1598 4394
1599 733
1600 4583
1601 797
1602 5149
1603 4504
1604 3055
1605 3681
1606 2751
1607 4139
1608 4484
1609 3170
1610 2537
1611 4607
1612 1611
1613 3403
1614 1896
1615 1924
1616 2083
1617 4676
1618 5003
1619 525
1620 2935
1621 401
1622 1430
1623 2280
1624 4095
1625 204
1626 1972
1627 277
1628 320
1629 577
1630 4182
1631 1617
1632 1842
1633 930
1634 1526
1635 250
1636 1072
1637 2327
1638 945
1639 1723
1640 2591
1641 3576
1642 2595
1643 920
1644 770
1645 3086
1646 658
1647 40
1648 2714
1649 2474
1650 4152
1651 2164
1652 5175
1653 4511
1654 923
1655 1648
1656 1105
1657 1742
1658 1550
1659 520
1660 984
1661 2344
1662 574
1663 2102
1664 1065
1665 613
1666 1673
1667 2091
1668 92
1669 829
1670 3447
1671 3895
1672 3033
1673 4729
1674 1222
1675 5107
1676 827
1677 4861
1678 1922
1679 2164
1680 936
1681 1154
1682 1387
1683 2130
1684 3284
1685 846
1686 5025
1687 4203
1688 4050
1689 4127
1690 5453
1691 993
1692 1523
1693 1820
1694 1434
1695 2730
1696 3614
1697 1255
1698 1216
1699 1936
1700 5110
1701 3157
1702 862
1703 3366
1704 4360
1705 3592
1706 1336
1707 1266
1708 5617
1709 2483
1710 4356
1711 316
1712 2019
1713 4451
1714 1162
1715 2164
1716 1363
1717 3664
1718 565
1719 2046
1720 4303
1721 3892
1722 5283
1723 576
1724 3514
1725 463
1726 607
1727 1187
1728 767
1729 575
1730 4849
1731 1075
1732 3244
1733 5072
1734 4978
1735 3816
1736 4783
1737 1811
1738 1065
1739 1894
1740 3244
1741 3641
1742 2033
1743 1088
1744 2832
1745 1600
1746 2085
1747 4492
1748 1317
1749 4567
1750 799
1751 3486
1752 1111
1753 2997
1754 1481
1755 3241
1756 2752
1757 2104
1758 468
1759 1834
1760 4300
1761 725
1762 1996
1763 4807
1764 966
1765 5406
1766 2873
1767 3300
1768 3081
1769 5009
1770 5437
1771 4799
1772 4483
1773 1600
1774 1404
1775 398
1776 2537
1777 643
1778 1087
1779 763
1780 2633
1781 4831
1782 4322
1783 4020
1784 5701
1785 4228
1786 1874
1787 4146
1788 4139
1789 2291
1790 2700
1791 1686
1792 2901
1793 297
1794 2340
1795 1223
1796 645
1797 5452
1798 1908
1799 2915
1800 689
1801 1875
1802 617
1803 373
1804 2836
1805 3555
1806 2684
1807 5162
1808 5418
1809 2748
1810 349
1811 5517
1812 2975
1813 1197
1814 3049
1815 614
1816 4168
1817 5366
1818 271
1819 1956
1820 55
1821 1569
1822 2019
1823 973
1824 5568
1825 1970
1826 613
1827 3660
1828 4789
1829 1747
1830 1947
1831 1743
1832 5353
1833 4568
1834 5006
1835 3307
1836 3526
1837 556
1838 3361
1839 2852
1840 1755
1841 1280
1842 677
1843 3542
1844 5273
1845 5316
1846 4653
1847 1388
1848 4392
1849 1943
1850 858
1851 2414
1852 927
1853 5009
1854 1971
1855 2164
1856 1618
1857 1148
1858 1947
1859 2614
1860 5510
1861 1376
1862 1018
1863 3210
1864 3547
1865 1090
1866 2168
1867 791
1868 534
1869 3109
1870 1518
1871 1885
1872 4147
1873 2512
1874 4155
1875 3586
1876 3746
1877 3622
1878 2928
1879 5565
1880 544
1881 5066
1882 1006
1883 4144
1884 2305
1885 706
1886 1354
1887 962
1888 2816
1889 737
1890 3219
1891 5442
1892 659
1893 966
1894 5580
1895 2660
1896 1473
1897 290
1898 726
1899 1214
1900 361
1901 530
1902 2908
1903 2002
1904 3502
1905 3664
1906 918
1907 3146
1908 253
1909 1253
1910 994
1911 5036
1912 310
1913 618
1914 1765
1915 1667
1916 1403
1917 3271
1918 1216
1919 2885
1920 659
1921 3265
1922 984
1923 1904
1924 2896
1925 2886
1926 616
1927 277
1928 3089
1929 2586
1930 428
1931 3235
1932 4669
1933 1658
1934 4611
1935 355
1936 1498
1937 167
1938 710
1939 3470
1940 1266
1941 4149
1942 3185
1943 1501
1944 3912
1945 4771
1946 4859
1947 2561
1948 632
1949 4045
1950 5730
1951 3119
1952 4876
1953 4927
1954 642
1955 3964
1956 4127
1957 5191
1958 2488
1959 681
1960 1140
1961 352
1962 2904
1963 371
1964 659
1965 736
1966 2969
1967 87
1968 3517
1969 506
1970 5054
1971 5541
1972 5710
1973 1775
1974 2364
1975 882
1976 5119
1977 5685
1978 4698
1979 1601
1980 2561
1981 5140
1982 4743
1983 3741
1984 2332
1985 73
1986 2949
1987 5674
1988 1254
1989 984
1990 570
1991 3214
1992 3554
1993 659
1994 3683
1995 4346
1996 604
1997 5464
1998 2651
1999 670
2000 3113
2001 1535
2002 713
2003 2450
2004 984
2005 5585
2006 997
2007 2121
2008 5547
2009 2437
2010 1003
2011 2246
2012 455
2013 781
2014 5452
2015 122
2016 1517
2017 673
2018 2155
2019 2454
2020 984
2021 768
2022 5036
2023 3398
2024 2432
2025 5453
2026 4669
2027 659
2028 3511
2029 5689
2030 2282
2031 3184
2032 2338
2033 1916
2034 2075
2035 2516
2036 2856
2037 2838
2038 4975
2039 5447
2040 2022
2041 4156
2042 2594
2043 5054
2044 3043
2045 2413
2046 5036
2047 1673
2048 1716
2049 5712
2050 1200
2051 4541
2052 3786
2053 1560
2054 4984
2055 4786
2056 5072
2057 830
2058 1488
2059 4595
2060 1039
2061 618
2062 4127
2063 977
2064 3151
2065 629
2066 1633
2067 1330
2068 2218
2069 2211
2070 616
2071 4435
2072 3180
2073 4233
2074 4709
2075 334
2076 1935
2077 2004
2078 4736
2079 473
2080 1615
2081 5341
2082 4304
2083 2603
2084 2595
2085 2829
2086 5458
2087 4496
2088 4882
2089 4801
2090 2325
2091 4615
2092 95
2093 1032
2094 2336
2095 2903
2096 1855
2097 421
2098 3977
2099 659
2100 5120
2101 4780
2102 3555
2103 999
2104 3016
2105 2807
2106 3483
2107 504
2108 3818
2109 2741
2110 530
2111 434
2112 216
2113 1920
2114 3408
2115 568
2116 73
2117 1866
2118 508
2119 3680
2120 5298
2121 1124
2122 2188
2123 2123
2124 5587
2125 981
2126 2003
2127 1881
2128 670
2129 1716
2130 2141
2131 142
2132 2678
2133 359
2134 5019
2135 4147
2136 568
2137 1214
2138 308
2139 673
2140 3499
2141 1043
2142 2660
2143 2899
2144 286
2145 659
2146 4873
2147 4241
2148 1704
2149 2331
2150 3284
2151 2795
2152 1927
2153 2124
2154 1114
2155 2762
2156 4976
2157 1611
2158 481
2159 5695
2160 2723
2161 4861
2162 3183
2163 774
2164 3877
2165 3052
2166 1348
2167 5225
2168 2541
2169 3397
2170 5055
2171 4010
2172 1265
2173 2272
2174 830
2175 5068
2176 5147
2177 5061
2178 5376
2179 824
2180 2274
2181 209
2182 4649
2183 4943
2184 2107
2185 3533
2186 5590
2187 656
2188 1788
2189 5264
2190 946
2191 1029
2192 1215
2193 3652
2194 3671
2195 3201
2196 624
2197 1276
2198 1667
2199 429
2200 1899
2201 4167
2202 95
2203 5712
2204 5076
2205 3578
2206 2771
2207 5639
2208 2023
2209 3864
2210 5068
2211 2187
2212 195
2213 5700
2214 1643
2215 3641
2216 3737
2217 393
2218 5086
2219 4230
2220 3409
2221 2129
2222 1040
2223 506
2224 1436
2225 4873
2226 3019
2227 2346
2228 4156
2229 1088
2230 1900
2231 14
2232 4330
2233 1764
2234 3673
2235 3977
2236 5462
2237 1090
2238 1524
2239 470
2240 3215
2241 573
2242 356
2243 5341
2244 1061
2245 271
2246 3194
2247 5094
2248 4214
2249 4051
2250 126
2251 3954
2252 2514
2253 4640
2254 1663
2255 4149
2256 1787
2257 2414
2258 5352
2259 974
2260 4130
2261 631
2262 1013
2263 3079
2264 3101
2265 2564
2266 5077
2267 595
2268 3979
2269 348
2270 2571
2271 3749
2272 2586
2273 5685
2274 891
2275 5286
2276 5730
2277 2305
2278 3179
2279 1141
2280 1828
2281 1637
2282 2150
2283 963
2284 5106
2285 4655
2286 3056
2287 3809
2288 1000
2289 1936
2290 1295
2291 4848
2292 5193
2293 4095
2294 5273
2295 2768
2296 4121
2297 348
2298 2504
2299 1343
2300 3256
2301 1107
2302 5036
2303 558
2304 2796
2305 745
2306 3658
2307 577
2308 3741
2309 619
2310 4588
2311 5147
2312 1341
2313 659
2314 2458
2315 744
2316 1801
2317 2517
2318 1661
2319 2357
2320 182
2321 2432
2322 3163
2323 4650
2324 3281
2325 4806
2326 4471
2327 5646
2328 2082
2329 2982
2330 933
2331 2328
2332 1604
2333 4874
2334 2757
2335 2177
2336 4551
2337 3315
2338 110
2339 1303
2340 3361
2341 4260
2342 1667
2343 5189
2344 3629
2345 617
2346 4140
2347 3655
2348 2196
2349 771
2350 2151
2351 1503
2352 4466
2353 556
2354 4957
2355 104
2356 174
2357 892
2358 428
2359 4165
2360 4152
2361 1945
2362 2973
2363 1838
2364 2069
2365 3741
2366 2122
2367 4147
2368 992
2369 4251
2370 861
2371 231
2372 109
2373 3719
2374 2620
2375 4147
2376 3594
2377 5030
2378 5204
2379 1020
2380 616
2381 1698
2382 4363
2383 574
2384 633
2385 4328
2386 960
2387 2730
2388 1781
2389 1844
2390 3293
2391 3258
2392 4978
2393 2474
2394 1858
2395 4570
2396 3525
2397 2629
2398 2779
2399 3446
2400 3709
2401 3646
2402 3105
2403 3636
2404 5409
2405 736
2406 5055
2407 546
2408 2418
2409 3218
2410 3232
2411 4120
2412 4378
2413 1937
2414 3373
2415 4381
2416 668
2417 2243
2418 3079
2419 3250
2420 433
2421 832
2422 4334
2423 2241
2424 268
2425 1789
2426 4606
2427 4394
2428 1760
2429 3363
2430 4211
2431 2816
2432 2458
2433 2138
2434 4349
2435 2056
2436 4313
2437 3654
2438 2222
2439 2538
2440 3249
2441 5690
2442 2871
2443 5405
2444 1372
2445 3173
2446 736
2447 4642
2448 4939
2449 1498
2450 3117
2451 1974
2452 746
2453 606
2454 4417
2455 1483
2456 5590
2457 3492
2458 5299
2459 2963
2460 1488
2461 1369
2462 3327
2463 5228
2464 3880
2465 3303
2466 660
2467 5499
2468 3313
2469 4502
2470 1084
2471 2358
2472 2230
2473 5336
2474 107
2475 2075
2476 2426
2477 4114
2478 5214
2479 3857
2480 2506
2481 1183
2482 2681
2483 3884
2484 491
2485 2195
2486 604
2487 4167
2488 575
2489 4187
2490 3852
2491 530
2492 5161
2493 1247
2494 5431
2495 4916
2496 529
2497 614
2498 1514
2499 641
