1140
449.875 448.958 419.362 553.787
445.836 480.912 392.219 580.872
430.431 504.483 363.474 593.21
388.616 496.35 342.066 557.922
396.921 500.849 344.666 567.622
271.501 458.88 294.701 452.635
390.017 495.825 344.242 557.827
432.497 479.224 384.285 572.581
432.497 479.224 384.285 572.581
376.024 510.39 325.348 560.819
446.583 314.774 520.833 423.625
390.775 517.158 326.634 579.085
433.768 481.125 384.285 572.581
409.63 496.713 356.216 572.345
350.466 284.525 479.433 338.994
363.829 537.509 295.749 579.994
387.59 535.74 311.532 593.219
375.977 533.663 305.916 583.908
410.589 516.617 341.464 591.639
242.695 441.71 290.424 419.144
387.003 243.426 536.614 321.173
387.46 513.192 329.163 572.248
498.726 487.889 420.873 624.104
400.609 492.409 353.637 562.147
143.199 607.215 111.343 503.891
418.508 519.28 344.213 598.111
375.359 546.287 296.609 596.854
90.6133 642.999 56.3486 504.86
242.774 467.73 269.656 441.649
506.847 481.813 431.756 622.343
382.351 514.963 323.81 571.294
90.6133 642.999 56.3486 504.86
383.143 519.001 322.093 575.063
374.531 519.554 315.36 570.578
398.571 507.375 340.542 574.307
203.907 396.766 298.747 358.136
397.332 497.773 345.924 563.486
371.516 543.42 296.002 590.102
424.788 508.202 356.942 592.865
154.697 591.265 129.32 497.177
446.811 474.578 397.044 575.087
403.267 497.161 351.661 568.814
359.861 543.558 288.211 582.798
396.865 504.089 341.878 570.385
225.684 534.87 211.246 491.717
410.589 516.617 341.464 591.639
427.909 496.408 367.526 583.186
413.339 518.09 340.951 592.912
379.341 518.782 319.554 572.927
414.712 520.899 341.752 596.639
352.512 577.797 257.959 609.045
405.852 522.508 333.981 593.046
401.308 518.868 332.836 586.872
364.268 555.3 282.093 596.337
257.46 521.34 240.651 499.31
422.172 504.873 357.744 587.831
413.27 522.734 338.381 598.534
412.765 511.166 347.331 588.038
303.634 259.139 466.813 290.5
401.505 520.005 332.419 588.716
393.559 505.156 339.235 569.465
414.35 525.291 337.183 601.964
411.058 502.395 352.257 577.857
409.882 506.291 348.498 581.114
412.142 506.943 350.202 583.211
385.24 520.26 323.293 578.519
430.826 507.83 360.926 596.605
438.379 284.864 540.081 390.177
398.571 507.375 340.542 574.307
393.368 519.648 328.162 583.492
504.584 437.672 465.105 579.166
361.082 536.155 294.275 576.864
397.923 525.156 326.696 590.612
253.981 470.095 275.863 451.763
444.027 440.204 422.376 541.319
401.555 537.801 319.6 604.154
412.47 517.406 340.951 592.912
418.618 501.57 358.105 581.966
418.508 519.28 344.213 598.111
499.418 476.596 430.701 612.028
428.156 523.172 347.749 608.516
131.367 611.551 102.789 503.705
436.006 476.87 388.88 570.872
448.356 445.819 420.724 549.591
417.205 492.811 363.891 573.505
496.896 438.174 459.42 574.499
296.886 269.081 454.463 296.166
401.737 502.195 347.853 573.503
312.503 321.47 425.975 351.74
424.329 312.572 509.086 408.863
394.726 502.09 342.328 567.034
259.593 543.597 225.766 520.686
414.712 520.899 341.752 596.639
90.6133 642.999 56.3486 504.86
498.152 420.691 474.714 558.311
152.361 590.87 128.687 495.111
355.923 576.345 261.118 609.726
474.707 456.199 430.308 576.721
384.825 514.282 323.81 571.294
300.56 266.107 459.421 295.102
497.093 475.345 430.701 612.028
357.81 557.96 276.006 594.304
431.442 477.445 385.135 568.381
393.963 499.752 343.742 566.092
350.147 282.174 480.999 336.904
378.599 510.22 325.73 564.174
363.411 533.196 298.46 575.161
310.803 246.957 481.574 282.419
383.281 536.205 309.196 590.801
228.122 562.615 192.628 517.644
141.354 605.348 111.933 501.413
350.147 282.174 480.999 336.904
419.893 522.414 341.403 602.761
241.87 439.65 291.234 417.367
389.981 518.681 326.634 579.085
401.308 518.868 332.836 586.872
237.304 495.081 247.167 463.949
167.403 601.311 128.94 513.975
426.268 496.686 367.526 583.186
436.285 515.898 358.354 607.721
413.385 498.479 356.876 576.246
232.687 556.297 199.839 515.329
409.447 534.194 326.811 606.374
417.205 492.811 363.891 573.505
432.406 436.891 417.42 531.158
389.981 518.681 326.634 579.085
372.818 542.976 296.993 590.715
252.02 459.295 283.192 440.486
501.08 480.291 428.779 617.729
318.786 316.912 433.278 351.429
250.443 442.04 294.14 425.258
501.129 421.771 475.71 561.611
365.389 531.409 301.552 575.338
169.277 579.707 146.795 498.187
383.143 519.001 322.093 575.063
474.707 456.199 430.308 576.721
396.145 521.773 327.627 587.167
494.262 466.919 434.714 600.715
414.619 491.866 364.814 570.88
511.199 419.494 484.188 566.132
377.263 530.229 309.262 581.859
308.705 245.903 480.282 281.091
236.712 455.317 276.058 428.173
396.865 504.089 341.878 570.385
405.76 492.747 358.184 567.533
414.93 519.786 341.752 596.639
249.495 466.829 275.342 446.143
424.788 508.202 356.942 592.865
408.133 521.563 335.152 595.35
146.753 619.184 104.749 516.803
175.593 587.242 143.624 506.715
412.415 351.847 469.97 438.965
393.559 505.156 339.235 569.465
394.79 516.642 331.235 580.998
510.954 484.281 432.748 628.261
403.83 513.489 339.574 583.761
403.147 540.434 318.047 608.393
363.275 578.944 263.851 616.858
120.155 624.097 88.0971 507.314
273.141 447.114 305.739 442.784
384.199 497.652 339.286 556.432
381.988 518.642 321.66 574.049
239.1 473.321 264.868 445.675
436.006 476.87 388.88 570.872
610.651 500.873 915.675 379.799
704.692 674.945 983.691 231.031
603.862 495.447 915.944 387.26
716.287 634.069 949.304 243.609
724.646 669.156 969.172 220.648
702.356 649.546 967.766 242.918
750.661 635.88 931.245 222.716
650.99 719.136 1041.2 239.619
696.508 672.643 986.688 235.446
711.473 674.797 980.281 225.669
707.64 376.404 748.54 392.682
613.188 505.122 914.823 375.077
704.66 593.217 928.317 269.335
758.109 681.119 957.814 197.446
598.833 487.487 912.952 395.932
685.176 637.816 969.738 259.053
648.181 534.444 917.928 333.916
562.935 489.732 934.237 420.027
584.565 473.247 907.72 415.824
603.203 498.227 918.907 386.441
742.756 658.34 951.613 216.274
643.319 528.414 914.809 339.743
584.84 443.333 881.163 438.092
627.515 493.077 897.952 372.353
578.99 449.693 890.569 435.858
776.448 479.688 801.686 283.044
647.172 693.126 1027.68 253.716
615.569 491.986 904.211 380.643
714.466 593.326 922.431 263.586
702.624 668.917 978.753 234.825
657.926 715.146 1034.8 236.58
716.415 685.291 983.366 217.108
663.364 630.644 977.407 274.945
699.305 666.44 978.729 236.633
617.019 485.59 897.603 384.576
763.789 674.382 950.975 197.961
637.068 516.914 911.293 350.936
665.927 556.625 924.156 311.268
722.51 681.972 978.351 216.934
702.173 658.331 973.491 239.565
629.541 510.073 909.986 360.289
580.364 460.952 899.914 427.404
690.289 649.023 974.49 249.553
596.723 469.102 896.224 409.376
703.555 649.367 966.854 242.12
591.154 474.268 903.146 410.081
677.839 591.045 941.741 285.186
852.845 382.015 672.868 286.965
678.657 655.11 985.038 254.239
833.233 391.295 693.238 296.747
742.756 658.34 951.613 216.274
695.316 603.018 940.099 270.757
631.261 689.751 1034.63 263.734
720.523 681.873 978.351 216.934
661.143 638.161 982.754 272.129
708.34 611.463 938.397 256.879
691.621 661.129 980.252 242.935
668.124 560.866 925.967 307.311
556.822 477.432 927.108 435.25
622.828 687.661 1038.09 269.278
594.23 480.572 907.272 402.786
629.541 510.073 909.986 360.289
685.07 597.91 942.967 278.725
615.547 661.812 1025.78 287.188
598.833 487.487 912.952 395.932
700.069 577.484 920.123 279.048
720.337 616.074 934.124 248.645
701.876 575.714 917.456 279.312
725.296 629.202 944.024 240.603
701.152 645.481 965.861 246.033
732.919 699.321 984.366 203.256
657.629 536.505 914.248 326.859
705.753 623.183 948.02 253.637
687.764 495.725 864.607 329.931
598.3 463.457 891.031 411.952
570.059 499.225 937.08 408.508
645.8 694.718 1027.18 252.908
659.084 565.632 934.414 309.994
578.233 466.075 905.06 425.633
721.557 391.857 755.379 372.092
709.38 667.645 975.891 230.837
649.779 542.124 922.76 328.026
614.873 489.849 902.491 383.203
731.156 462.664 812.585 321.28
760.18 692.69 964.742 192.382
572.993 446.497 892.177 442.72
593.909 482.912 909.757 402.459
615.547 661.812 1025.78 287.188
575.112 505.557 939.216 400.68
730.689 456.191 806.959 323.694
586.223 454.443 891.102 427.092
692.423 615.209 949.905 265.451
663.57 564.796 931.658 307.709
742.405 467.664 810.382 311.226
586.078 472.382 906.367 415.623
749.33 442.358 784.666 320.856
711.427 621.162 943.642 251.688
752.615 643.423 935.596 217.754
695.305 580.807 924.703 280.413
623.884 688.807 1037.28 268.988
580.364 460.952 900.687 427.549
629.638 503.742 905.004 363.513
745.495 635.383 934.533 225.718
650.99 719.136 1041.2 239.619
696.8 667.822 982.706 238.756
680.164 659.769 987.755 251.197
733.854 637.191 942.161 231.071
573.73 470.384 911.028 426.145
707.353 619.391 944.553 254.681
716.989 619.368 938.608 249.605
724.696 590.472 915.503 257.824
623.617 495.429 900.847 371.337
627.533 523.554 921.564 353.038
611.148 495.573 911.075 380.853
745.556 616.096 921.23 233.942
632.654 517.704 915.081 353.866
759.62 672.006 951.458 200.607
585.973 469.516 902.616 417.081
630.522 516.148 913.105 353.861
711.702 615.589 938.06 252.944
610.147 484.928 899.868 389.974
729.367 610.599 926.325 245.851
833.233 391.295 693.238 296.747
713.815 672.963 976.949 225.71
762.532 673.015 949.376 200.694
681.451 590.088 938.268 283.11
680.143 573.546 928.466 292.925
724.404 679.239 975.199 216.784
750.406 641.411 936.745 221.282
814.882 397.319 708.064 305.28
663.69 535.008 909.151 323.595
593.802 464.801 895.545 414.459
716.568 690.524 986.735 216.248
565.01 454.537 903.889 443.413
596.087 489.578 913.797 395.993
639.257 507.356 902.276 355.058
711.901 680.014 985.514 224.186
571.365 524.004 956.089 391.055
628.502 500.046 902.818 367.084
814.351 391.994 704.034 308.676
653.514 713.041 1036.67 240.365
817.205 394.397 704.938 305.367
705.961 585.283 921.759 271.956
648.448 541.844 922.76 328.026
575.792 526.708 955.54 386.194
582.599 468.08 903.837 420.19
773.558 663.994 938.229 197.25
750.596 442.455 784.149 319.59
699.997 648.714 968.603 245.424
705.759 457.969 823.276 340.183
613.769 668.767 1030.91 284.302
579.321 469.896 907.811 421.477
716.156 671.985 975.058 224.882
702.506 455.009 822.43 344.911
674.205 636.812 975.29 264.845
686.671 508.082 875.354 324.392
589.642 456.281 890.402 423.629
615.569 491.986 904.211 380.643
621.18 510.999 915.989 365.038
649.779 542.124 922.76 328.026
685.624 660.385 984.882 247.517
591.308 480.977 910.744 403.997
603.723 480.649 902.45 397.917
815.614 402.977 713.333 301.681
708.864 663.374 976.188 231.681
759.66 447.248 783.652 311.913
735.525 450.861 799.177 322.85
586.119 471.389 906.367 415.623
722.718 624.154 939.579 243.065
677.671 628.086 966.81 266.582
712.234 381.098 750.575 385.95
561.174 447.934 898.211 451.871
745.495 635.383 934.533 225.718
582.606 452.532 890.974 431.269
738.566 657.688 953.152 219.129
684.482 514.954 881.048 324.051
662.976 634.397 980.309 273.012
593.802 464.801 893.486 415.324
717.298 615.807 936.019 250.618
571.365 524.004 956.089 391.055
685.811 448.816 826.629 359.688
688.787 662.13 983.881 244.761
714.282 704.903 997.609 210.65
690.625 561.08 913.054 293.928
680.012 591.476 940.933 284.34
690.627 592.134 935.314 277.279
586.119 471.389 904.71 415.212
713.251 678.519 979.921 223.307
704.692 680.909 987.699 227.578
737.526 612.406 922.571 241.715
689.29 657.599 980.769 246.737
692.719 447.695 822.265 356.359
618.824 519.936 924.554 361.795
717.335 343.723 710.801 408.304
697.178 601.461 937.929 269.539
679.991 624.465 963.919 268.214
558.267 485.281 933.263 426.795
577.267 468.737 907.89 424.331
693.65 671.15 987.038 237.767
721.278 386.803 750.863 376.187
680.537 459.682 839.097 356.612
719.65 679.638 977.906 219.904
573.53 522.461 953.648 390.414
824.789 398.908 704.139 297.928
778.36 502.472 819.002 270.198
705.272 698.591 995.804 218.73
712.65 576.638 911.726 272.368
693.751 659.326 979.106 244.52
660.324 542.545 916.908 322.015
695.122 649.884 971.739 246.249
653.679 701.844 1028.45 245.659
663.328 489.161 873.297 350.326
705.081 614.851 942.897 257.891
714.644 598.455 925.549 261.372
574.152 468.026 909.645 426.81
598.426 471.786 898.944 408.031
708.781 594.571 926.705 265.764
576.333 500.767 934.865 402.926
719.814 685.01 981.312 217.313
732.762 472.873 820.641 314.41
686.971 633.712 966.053 259.701
578.233 466.075 905.577 424.716
597.739 471.501 898.944 408.031
741.682 445.243 791.679 323.191
760.802 684.673 958.624 194.897
638.439 515.966 908.225 350.17
691.467 604.3 943.592 270.892
665.961 577.712 939.106 299.412
727.869 706.444 990.025 202.227
717.488 705.916 995.879 208.063
859.418 384.569 674.379 282.033
563.108 488.37 932.818 422.145
695.483 654.766 974.622 245.076
590.616 455.691 889.156 423.208
731.337 615.149 928.702 243.758
707.353 619.391 944.553 254.681
572.819 505.259 940.215 400.909
707.353 619.391 944.553 254.681
594.106 466.644 895.882 413.098
685.677 644.614 975.817 254.951
738.029 645.021 944.4 225.668
703.042 662.608 976.484 236.89
676.689 626.269 966.245 268.506
676.317 625.222 967.646 270.158
725.701 711.798 995.354 201.368
599.409 469.682 895.796 407.637
585.971 537.479 956.783 371.614
703.183 381.235 755.126 392.285
676.002 555.015 916.921 305.393
752.615 643.423 937.259 219.592
681.358 636.731 972.741 262.641
751.285 644.824 937.469 217.914
563.895 491.096 934.68 418.407
611.453 661.54 1027.91 289.365
568.59 460.878 906.672 435.824
721.494 430.784 790.902 348.78
711.427 621.162 943.642 251.688
698.789 644.593 966.644 247.614
591.898 487.372 914.324 401.054
683.805 632.969 966.489 261.736
676.723 568.584 927.184 297.482
741.73 642.965 941.087 224.351
756.988 675.026 954.497 201.181
696.808 668.645 983.439 237.397
621.091 486.691 896.331 380.242
575.884 463.919 905.296 428.469
676.777 630.653 969.119 267.111
563.895 491.096 934.68 418.407
723.065 708.779 994.251 203.817
660.954 536.306 910.256 326.239
714.644 598.455 925.549 261.372
608.048 487.867 905.168 389.093
601.551 471.018 895.956 402.907
587.862 468.17 902.616 417.081
703.744 619.1 947.002 258.017
583.886 478.477 912.716 410.456
749.159 661.314 949.258 211.817
633.014 504.01 905.027 362.212
607.332 412.44 841.238 441.473
714.434 683.141 983.179 220.714
599.556 467.22 894.328 409.493
713.024 667.282 973.656 228.751
631.974 681.808 1029.43 267.579
689.479 561.002 913.82 294.109
714.69 601.875 928.387 258.804
727.89 615.743 933.957 245.551
734.209 630.916 937.082 233.38
708.991 681.966 985.514 224.186
673.528 630.037 971.121 269.188
580.918 511.776 940.347 392.426
684.577 639.402 971.28 258.919
712.675 378.532 748.099 386.796
695.779 444.371 817.313 355.715
707.688 675.123 981.764 227.139
658.112 710.061 1031.21 239.036
613.489 497.543 909.135 379.095
704.677 453.115 819.272 343.189
609.003 474.942 894.249 396.573
640.1 541.019 927.667 335.391
574.865 565.202 984.699 363.074
733 694.898 980.541 204.89
697.216 656.341 974.942 242.857
700.187 655.116 973.576 239.541
579.953 438.016 881.39 443.161
760.802 684.673 958.624 194.897
708.097 628.846 951.185 250.173
774.04 667.177 940.428 195.876
575.494 469.001 909.791 424.717
561.88 488.748 934.237 420.027
695.316 603.018 940.099 270.757
668.863 635.647 977.726 269.341
656.656 484.087 872.638 359.318
612.85 424.013 847.659 431.226
684.577 639.402 971.28 258.919
760.533 662.003 944.041 204.459
585.041 518.922 944.346 384.284
728.114 385.889 746.39 369.543
608.624 480.524 898.884 393.469
701.876 575.714 917.456 279.312
723.924 648.872 955.603 231.61
578.85 504.14 935.877 398.796
698.994 602.808 937.793 267.395
695.774 666.359 982.706 238.756
732.912 641.918 945.278 229.732
551.337 475.167 929.56 438.642
713.826 615.856 938.06 252.944
713.826 615.856 938.06 252.944
861.719 383.634 671.117 282.724
603.504 496.899 915.017 386.204
724.777 644.855 952.494 233.683
622.341 492.802 902.248 376.89
727.728 692.858 981.995 208.678
685.4 565.187 918.624 294.942
566.858 500.785 940.638 409.664
703.789 456.4 822.816 343.362
712.182 625.328 947.488 248.437
638.439 515.966 908.225 350.17
675.614 561.573 921.929 301.76
568.229 453.037 901.086 442.913
677.839 591.045 941.741 285.186
628.422 493.849 898.51 369.019
661.443 565.13 933.325 309.361
843.582 403.469 698.937 283.624
749.352 677.807 961.062 204.428
586.099 535.203 956.891 373.694
681.694 645.135 976.158 256.709
618.923 493.825 902.248 376.89
749.65 643.25 937.259 219.592
720.251 690.087 984 214.972
719.993 688.86 984 214.972
814.351 391.994 704.034 308.676
730.877 628.105 937.898 238.152
678.996 562.98 919.197 298.748
693.605 525.53 884.598 310.35
705.706 686.042 988.104 224.085
691.029 635.695 965.736 256.726
597.522 529.045 944.206 369.901
817.205 394.397 704.938 305.367
682.376 512.675 881.048 324.051
760.533 662.003 944.041 204.459
719.501 688.594 983.366 217.108
697.454 606.375 941.317 267.151
597.522 529.045 944.206 369.901
705.759 457.969 823.276 340.183
729.511 604.579 921.737 248.617
633.417 683.215 1029.18 265.585
771.832 674.309 945.872 195.232
586.736 518.114 942.218 384.115
734.839 701.573 984.79 201.715
610.664 662.215 1027.91 289.365
613.837 665.415 1029.4 286.216
685.216 576.436 927.578 290.051
725.389 689.134 981.109 212.228
631.254 503.886 904.012 362.765
745.492 654.818 946.989 216.802
713.623 588.138 919.213 265.909
698.36 670.158 983.596 235.668
720.523 681.873 979.271 216.728
719.993 688.86 984 214.972
670.025 459.159 844.84 363.905
753.776 640.699 933.056 218.811
685.085 493.867 864.681 333.358
572.217 499.7 936.497 406.709
679.547 459.727 839.097 356.612
596.268 473.237 900.322 407.46
609.533 487.562 903.723 388.897
667.308 385.733 780.546 415.127
757.325 653.827 940.368 210.601
705.706 686.042 988.104 224.085
793.387 480.647 794.88 269.232
572.166 499.107 936.497 406.709
602.638 497.17 915.951 386.312
861.833 380.776 668.1 284.663
627.747 504.419 907.71 363.951
706.981 578.804 916.341 273.717
634.076 504.894 902.944 360.315
595.688 532.284 947.627 369.187
622.341 492.802 902.248 376.89
709.788 591.457 926.307 267.735
618.923 493.825 902.248 376.89
626.278 495.773 900.847 371.337
639.648 500.03 898.091 359.282
706.145 679.085 984.849 227.946
723.065 708.779 994.251 203.817
729.321 465.395 816.244 320.327
705.097 683.811 988.79 225.37
728.114 385.889 746.015 371.395
729.268 386.12 746.015 371.395
699.905 453.184 822.43 344.911
671.256 563.249 925.542 304.029
628.385 669.287 1023.33 275.477
627.756 505.47 907.71 363.951
741.73 642.965 941.087 224.351
646.82 718.756 1043.81 241.377
694.924 582.031 925.693 279.713
760.319 445.626 781.744 312.251
583.367 442.284 882.532 437.394
688.527 568.082 919.656 291.06
862.639 378.225 665.088 285.302
573.885 458.022 900.061 433.521
736.517 624.684 931.661 236.247
695.774 666.359 982.706 238.756
561.174 447.934 900.976 449.98
731.477 711.937 992.32 198.177
746.115 653.959 946.096 216.772
719.834 393.79 757.77 372.041
730.877 628.105 937.898 238.152
691.068 640.706 968.232 253.776
747.978 436.842 781.052 325.476
551.337 475.167 930.439 438.079
666.359 630.843 975.397 272.311
668.259 627.554 972.33 274.272
562.935 489.732 934.237 420.027
562.935 489.732 934.237 420.027
762.402 663.346 944.041 204.459
626.824 499.303 904.297 369.388
672.803 626.785 969.31 270.86
701.587 451.235 819.652 347.294
622.095 661.45 1021.83 283.277
591.672 461.605 893.014 418.996
679.57 664.278 990.087 249.111
694.44 603.79 940.099 270.757
691.127 658.176 979.943 245.054
668.881 576.356 938.284 299.225
561.84 445.466 898.211 451.871
599.55 482.503 905.53 398.565
720.326 710.738 997.327 204.725
728.626 645.402 950.617 230.366
609.748 645.137 1018.4 298.797
674.07 462.612 843.85 359.379
764.067 655.496 937.649 206.115
677.671 628.086 967.804 267.759
678.513 644.124 978.045 255.946
567.24 455.845 903.889 443.413
617.282 504.812 913.325 371.234
733.854 637.191 942.161 231.071
674.411 625.497 967.646 270.158
608.624 480.524 898.884 393.469
757.271 630.884 924.386 220.942
693.115 658.312 979.943 245.054
654.273 716.285 1038.24 238.064
682.209 593.86 941.324 282.24
684.939 586.909 934.717 283.801
704.391 609.953 941.38 259.823
839.839 389.588 687.673 294.167
739.802 531.412 863.102 278.644
596.268 473.237 900.322 407.46
714.339 701.231 995.292 212.672
685.416 648.445 976.479 253.039
583.42 511.977 939.14 390.746
679.46 552.2 912.688 304.84
822.835 390.825 698.758 304.173
599.55 482.503 905.53 398.565
773.916 514.132 830.21 267.214
727.747 699.937 987.063 205.558
702.022 672.513 983.33 232.411
676.45 562.295 921.929 301.76
677.278 629.776 969.119 267.111
662.387 490.112 875.01 348.736
702.792 348.391 722.547 415.003
653.845 547.532 924.248 323.065
570.501 460.729 906.672 435.824
670.115 571.36 929.917 300.713
602.585 474.321 897.129 402.216
879.308 384.356 662.087 271.027
720.137 474.373 828.702 321.149
677.236 590.378 941.629 286.601
746.748 633.516 932.423 225.862
596.776 490.701 913.797 395.993
760.366 672.876 951.458 200.607
729.166 634.823 943.07 235.611
677.671 628.086 967.804 267.759
683.953 584.942 933.664 285.685
719.191 387.302 752.228 377.168
683.805 632.969 966.053 259.701
680.778 643.362 976.108 258.628
705.097 683.811 988.79 225.37
568.981 467.266 912.106 431.131
734.215 657.593 955.536 221.936
655.861 549.305 924.248 323.065
667.947 631.227 975.041 271.357
710.761 584.249 918.661 269.33
621.441 509.658 914.723 365.656
702.373 584.057 922.689 274.917
738.836 643.898 944.4 225.668
601.213 493.559 913.641 390.463
631.279 497.255 898.51 369.019
628.913 497.343 900.247 368.827
678.442 651.868 983.643 255.491
762.922 674.867 950.975 197.961
745.495 635.383 934.533 225.718
715.839 689.837 986.732 217.458
849.895 392.921 685.817 285.044
755.968 670.584 953.135 202.422
668.985 552.738 919.416 310.792
635.531 518.088 911.293 350.936
729.268 386.12 746.015 371.395
609.081 484.749 901.717 389.801
662.287 711.829 1030.83 236.208
673.21 458.188 841.868 363.311
696.8 667.822 983.439 237.397
564.055 512.013 951.103 404.032
694.185 643.816 968.543 250.246
713.53 701.429 995.292 212.672
674.205 553.21 916.066 308.047
627.262 666.906 1022.22 277.291
663.119 629.988 977.407 274.945
754.742 544.96 864.752 262.632
701.411 607.599 940.161 263.872
734.386 642.275 944.786 228.34
665.224 547.624 918.419 315.322
735.525 450.861 800.324 325.619
727.446 436.505 792.009 338.268
714.566 673.685 976.949 225.71
585.591 538.456 956.891 373.694
666.058 470.821 856.158 359.482
685.869 468.67 843.897 347.526
689.521 668.118 988.142 242.049
699.997 648.714 968.603 245.424
679.017 554.333 914.662 304.224
642.643 541.622 926.388 333.016
709.669 588.586 922.432 269.171
700.139 669.324 983.596 235.668
691.61 674.037 990.131 237.71
757.568 644.432 933.355 214.314
623.761 668.324 1025.09 278.531
600.345 481.929 904.299 398.335
680.524 645.224 978.155 257.415
657.916 543.374 916.908 322.015
704.978 670.187 980.614 230.12
745.718 690.619 970.519 199.956
573.496 455.876 898.61 434.854
674.019 623.821 965.43 271.736
688.071 639.387 969.392 256.538
759.091 662.694 946.137 204.83
725.659 432.628 789.769 342.628
730.181 654.729 956.45 225.478
701.462 653.568 970.586 241.752
635.432 521.086 913.958 349.22
711.347 604.876 931.794 258.813
622.417 511.176 915.382 364.208
707.304 581.575 917.771 272.299
571.789 436.952 884.554 449.971
648.181 534.444 917.928 333.916
727.08 706.648 989.655 204.15
744.266 377.893 730.314 363.269
685.216 576.436 927.578 290.051
681.328 560.036 917.869 299.628
765.62 446.914 779.695 307.55
668.098 648.327 986.837 263.557
566.781 494.811 935.864 413.765
568.717 448.563 897.061 443.631
684.237 660.262 984.882 247.517
731.597 700.347 984.366 203.256
610.029 490.346 905.727 385.853
1016.7 571.627 1096.61 726.371
1129.18 223.976 1115.55 310.127
1103.59 632.387 1199.05 776.763
1091.77 210.056 1072.95 299.392
1121.02 651.415 1220.43 795.411
1102.43 465.948 1153.56 588.803
1140.1 231.69 1127.95 316.114
1087.72 622.622 1180.86 770.661
1140.49 306.127 1147.87 402.258
1125.08 292.312 1129.64 388.663
1033.86 585.578 1117.64 738.8
1162.31 245.162 1153.39 328.289
1109.9 643.822 1207.96 789.091
1148.32 234.099 1135.26 317.134
1179.72 337.968 1195.79 431.762
1112.55 466.168 1164.25 587.759
1196.98 351.871 1215.77 444.065
1094.94 636.848 1191.47 784.039
1122.6 292.807 1126.82 390.606
1067.68 404.782 1102.03 527.809
1139.15 306.628 1147.87 402.258
1088.84 447.054 1135.3 570.744
1189.87 348.765 1207.78 441.823
1134.98 306.18 1143.27 402.588
1067.18 267.997 1064.11 370.728
1061.97 442.788 1107.15 571.22
1103.77 281.563 1105.22 379.617
1130.71 304.747 1140.44 402.301
987.57 352.048 1005.23 482.526
1230.46 287.65 1231.46 364.979
1014.67 394.223 1045.75 525.238
1101.33 481.688 1157.32 606.822
1246.73 299.909 1250.17 376.93
991.416 392.951 1021.38 528.591
1078.15 621.382 1172.17 769.913
1213.31 362.937 1236.02 452.282
1142.89 311.146 1152.3 407.08
1132.91 302.932 1139.98 399.409
1184.21 331.566 1199.16 422.9
1135.02 312.363 1144.69 409.549
1194.82 343.055 1212.15 434.237
1143.91 312.28 1154.09 407.717
1199.85 353.396 1219.22 445.654
1174.18 331.891 1188.96 424.965
1106.73 294.037 1111.72 393.605
1152.08 430.912 1192.96 543.437
1089.6 280.418 1090.2 380.93
1101.13 630.727 1195.58 776.805
1040.1 420.902 1078.98 550.744
1060.63 608.778 1150.72 759.867
1212.51 361.549 1234.24 451.06
1173.75 252.559 1167.22 334.511
1051.6 592.759 1137.41 744.016
1088.51 623.998 1181.87 772.021
1065.02 603.477 1154.04 752.898
1035.4 585.793 1119.7 738.232
1139.6 228.804 1126.81 313.122
1102.43 465.948 1153.56 588.803
1267.81 311.767 1273.54 386.853
1075.04 266.331 1071.65 367.277
1068.04 617.181 1160.1 767.4
970.354 340.511 985.276 473.07
1211.08 280.763 1211.81 359.727
1095.22 270.117 1093.52 367.948
1100.87 641.372 1198.28 788.075
1254.67 301.747 1258.36 377.629
1108.83 639.668 1206 784.777
1116.06 642.824 1213.37 787.836
1143.63 233.659 1131.65 318.838
1129.55 225.159 1115.55 310.127
1104.6 218.792 1088.86 307.353
1108.13 284.593 1110.41 382.452
1143.95 388.856 1174.46 495.011
1188.72 338.637 1204.23 430.845
1162.83 422.308 1201.35 528.772
1112.98 211.972 1094.12 299.069
1015.9 572.806 1096.2 728.387
1074.84 608.731 1165.37 756.184
1216.39 365.7 1238.47 456.443
1147.64 400.602 1180.22 508.986
1148.75 237.267 1138.06 321.083
1131.93 311.64 1141.85 410.167
1150.44 448.743 1196.86 563.153
1104.81 642.586 1202.6 788.834
1065.51 258.718 1060.45 360.392
1058.23 425.26 1098.67 551.419
1164.46 319.399 1175.73 412.95
1086.99 206.408 1067.43 296.069
1139.72 447.38 1185.8 561.633
1105.72 637.957 1202.34 783.687
1159.52 417.841 1198.42 525.479
1216.63 354.852 1235.61 443.611
1158 411.913 1194.47 518.3
1127.52 299.428 1133.92 396.193
1095.67 273.67 1094.94 372.064
1046.01 345.91 1065.53 463.604
1101.03 640.137 1197.83 786.133
1194.82 343.055 1212.15 434.237
1166.34 249.083 1157.29 330.55
1026.16 585.621 1109.93 740.172
1224.72 369.661 1247.2 459.954
1114.97 640.757 1211.92 784.714
1017.31 402.21 1050.62 533.824
1059.83 256.135 1053.44 358.147
1100.8 280.992 1101.27 380.489
1142.91 314.026 1153.11 410.428
1057.95 606.844 1147.4 758.111
1040.1 420.902 1078.98 550.744
1179.21 418.058 1216.3 521.098
1076.69 468.673 1128.92 596.906
1063.06 266.52 1060.75 369.392
1164.46 319.399 1175.73 412.95
1020.2 574.445 1101.42 728.247
1162.82 322.336 1174.29 415.959
1150.44 448.743 1196.86 563.153
1099.93 482.528 1155.54 608.185
1066.52 268.606 1063.66 371.485
1213.3 360.195 1234.24 451.06
1173.75 252.559 1167.22 334.511
1106.73 294.037 1111.72 393.605
1026.52 317.465 1036.31 435.215
1060.38 399.031 1094.2 522.239
967.163 381.047 992.401 519.2
1166.84 245.912 1158.69 328.046
1090.37 622.945 1183.77 769.447
1139.18 396.782 1171.8 505.044
1120.66 221.899 1105.77 308.537
1141.65 398.593 1174.89 506.088
1063.33 258.335 1057.86 360.242
1046.58 251.35 1039.17 356.887
1119.85 417.432 1157.89 530.998
1187.75 341.362 1204.68 433.48
989.107 396.272 1018.96 533.674
1087.37 214.081 1069.97 305.437
1097.39 627.201 1191.57 773.012
1143.17 317 1154.52 413.771
1069.68 338.82 1086.47 451.466
1003.18 411.754 1038.47 547.74
944.765 372.359 967.703 514.215
1245.37 295.688 1251.2 373.841
1123.54 309.568 1132.03 407.754
1054.25 599.296 1141.77 750.615
1081.36 265.81 1079.04 364.644
1066.52 268.606 1063.66 371.485
1088.78 212.157 1070.97 303.366
1060.63 608.778 1150.72 759.867
1250.63 304.428 1255.14 380.866
1023.36 575.849 1104.62 729.291
1063.38 430.096 1105.26 556.073
1172.08 335.461 1187.63 429.872
1050.65 598.586 1137.89 749.774
1099.41 206.316 1080.2 294.199
1073.87 271.951 1072.04 374.214
1101.33 481.688 1157.32 606.822
1202.8 356.014 1222.68 447.91
1091.76 281.643 1093.27 381.589
1040.64 584.72 1123.4 736.626
1131.63 226.376 1118.08 309.953
1081.38 442.066 1126.66 566.215
1025.91 332.978 1039.76 453.184
1122.32 646.218 1219.35 788.635
1112.35 284.354 1114.94 381.663
1065.62 380.518 1092.55 500.572
1112.78 287.668 1116.01 385.072
1114.25 291.63 1118.63 389.269
1174.9 251.238 1168.11 332.869
1130.71 304.747 1140.44 402.301
1030.15 326.591 1042.67 444.782
1255.48 304.362 1259.81 380.103
1044.58 247.02 1036.62 349.311
1048.61 328.405 1063.52 445.013
1139.74 306.335 1148.8 401.608
1168.25 317.434 1180.05 410.273
1062.8 606.223 1152.63 755.766
1023.36 575.849 1104.62 729.291
1208.59 343.515 1225.12 432.569
1025.91 332.978 1039.76 453.184
1140.1 231.69 1127.95 316.114
1094.84 209.767 1076.39 299.018
1055.59 247.932 1047.15 349.715
1212.36 360.333 1234.24 451.06
1233.35 289.844 1234.77 367.495
1171.21 404.849 1205.45 508.334
1090.96 204.915 1071.29 294.484
1118.52 437.683 1161.71 553.903
1222.85 359.337 1242.95 448.699
1112.55 648.024 1211.62 793.049
1115.17 636.912 1211.43 780.519
1060.49 603.769 1149.47 754.021
1184.46 336.062 1200.11 428.052
1040.14 415.81 1077.18 543.597
1252.7 303.724 1259.81 380.103
1093.55 287.569 1096.5 388.103
1103.65 219.91 1088.86 307.353
1265.6 313.394 1271.68 388.714
983.206 374.91 1007.86 509.525
1051.69 420.661 1091.19 547.794
1144.3 231.889 1130.76 315.276
1165.18 319.016 1176.47 412.065
1162.82 322.336 1174.29 415.959
1095.9 214.77 1079.05 304.841
1191.69 339.632 1208.14 431.207
1204.33 348.314 1222.44 438.679
1148.19 317.709 1157.51 412.84
1054.72 598.883 1142.44 749.574
1111.37 464.801 1162.54 586.037
1097.32 285.065 1098.9 384.612
1243.09 298.292 1250.17 376.93
1138.11 313.333 1148.05 409.765
1013.36 351.299 1031.76 476.288
1132.09 660.508 1233.61 803.574
1184.46 336.062 1200.11 428.052
1064.68 429.713 1106.19 555.782
1049.3 594.482 1135.78 745.783
1176.65 343.134 1194.15 437.456
1179.15 427.05 1218.85 532.114
1216.39 365.7 1238.47 456.443
1224.44 358.015 1243.84 446.842
1157.31 416.254 1194.64 522.752
1140.6 316.696 1152.43 414.155
1093.44 273.869 1092.61 371.939
1017.91 376.508 1044.35 504.763
1208.59 343.515 1225.12 432.569
1049.21 244.057 1039.33 345.973
1085.81 413.837 1122.9 534.628
1106.89 634.36 1202.42 778.944
1087.37 214.081 1069.97 305.437
1001.25 386.254 1029.28 518.99
1022.01 573.499 1102.6 727.42
1138.14 304.951 1144.69 399.885
1121.11 654.61 1221.29 799.117
1034.08 429.025 1075.62 560.989
1212.62 364.67 1234.05 456.336
1195.13 279.759 1195.42 362.127
1031.11 578.068 1113.05 730.558
1181.26 341.53 1198.15 435.01
1204.33 348.314 1222.44 438.679
1165.88 323.659 1177.86 416.992
1120.62 440.749 1165.26 557.952
1122.32 646.218 1219.35 788.635
1115.77 292.807 1121.11 389.887
1207.38 357.609 1227.86 448.713
1119.85 417.432 1157.89 530.998
1082.46 446.516 1129.53 570.87
973.181 394.65 1003.31 533.975
1075.37 261.792 1070.93 362.256
1207.97 361.195 1227.89 451.764
1248.37 297.636 1251.2 373.841
1086.94 358.284 1109.71 471.187
1120.66 221.899 1105.77 308.537
1076.1 442.185 1121.16 567.074
1212.33 446.642 1255.59 548.406
1189.85 341.837 1206.3 434.177
1267.81 311.767 1273.54 386.853
1127.52 654.131 1227.49 797.266
1087.3 271.89 1086.1 371.506
1202.79 346.065 1219.94 437.074
1045.42 585.941 1129.66 736.822
1205.37 340.834 1222 430.899
1066.59 613.65 1158.04 763.821
1079.75 276.86 1079.49 378.683
1187.13 337.638 1203.2 430.134
1104.29 637.186 1200.57 782.847
1052.16 336.91 1068.36 453.008
1146.8 233.351 1135.26 317.134
1051.17 593.39 1137.41 744.016
1221.11 362.211 1241.87 451.986
1096.55 285.147 1098.9 384.612
1094.05 271.287 1093.52 367.948
1090.97 211.985 1073.3 302.209
1225.57 363.666 1246.54 452.631
1190.59 345.385 1208.68 437.272
1199.04 354.111 1218.85 446.408
1111.04 453.977 1160.7 575.549
1090.82 622.117 1183.86 768.531
1132.97 300.54 1139.82 396.618
1136.1 660.556 1237.4 803.323
1098.76 633.276 1195.41 778.836
1131.17 661.849 1232.79 805.222
1253.94 303.14 1257.75 379.908
1100.46 638.018 1195.3 784.91
1202.79 346.065 1219.94 437.074
1126.17 305.608 1134.51 403.694
1107.28 642.19 1204.97 786.803
1210.72 354.955 1231.22 447.524
1112.98 211.972 1094.12 299.069
1155.97 324.899 1168.85 420.473
1097.22 628.809 1192.23 776.449
1038.83 411.094 1075.15 539.692
1085.33 270.325 1083.19 370.223
1175.92 331.101 1190.34 423.975
1031.5 352.537 1051.71 474.767
1132.91 302.932 1139.98 399.409
1128.51 312.379 1138.34 410.933
1090 449.835 1137.13 573.136
1148.65 313.073 1158.5 408.699
1138.29 306.727 1146.8 402.453
1071.17 463.108 1120.81 591.249
1034.35 427.346 1075.08 558.803
1026.95 429.403 1067.66 562.592
1103.43 282.895 1105.21 381.434
1204.88 343.89 1221.11 433.966
1058.39 606.149 1148 757.45
1116.26 283.934 1118.41 380.265
1172.71 327.361 1186.33 420.219
1066.52 268.606 1063.66 371.485
1168.25 317.434 1180.05 410.273
1024.26 572.899 1104.3 725.819
1174.47 337.753 1190.52 432.039
1085.18 622.239 1178.27 769.748
1204.39 357.365 1225.76 450.082
1157.52 324.553 1169.82 420.438
1081.14 270.567 1079.53 370.898
1020.2 574.445 1101.42 728.247
1041.13 381.872 1069.84 505.511
1125.34 311.893 1134.66 409.766
1056.25 603.192 1144.9 754.037
1024.7 580.217 1107.34 733.814
1011.99 311.857 1021.31 428.255
1120.84 644.596 1218.64 787.78
1155.05 324.999 1168.85 420.473
1097.39 627.201 1191.57 773.012
1168.19 250.073 1161.15 332.568
1072.56 465.814 1124.31 594.406
1221.11 362.211 1241.87 451.986
1210.72 354.955 1231.22 447.524
1254.67 301.747 1258.36 377.629
1097.32 285.065 1099.55 382.705
1105.36 645.423 1203.69 791.602
1132.27 402.967 1167 512.873
1056.97 397.528 1090.85 520.851
976.464 395.212 1006.44 534.14
1231.19 286.556 1231.82 363.72
1077.53 275.24 1076.85 376.467
991.699 373.109 1017.59 505.614
1050.65 598.586 1137.89 749.774
1124.98 295.398 1131.16 390.293
1055.65 448.804 1102.57 579.195
1047.38 427.178 1088.63 555.609
1072.97 613.262 1163.44 762.746
1136.1 660.556 1237.4 803.323
1001.32 380.259 1029.34 511.51
1124.42 658.676 1225.55 802.837
1183.69 339.592 1200.23 432.731
1113.17 298.395 1119.06 396.185
976.769 397.22 1007.62 536.151
1122.6 292.807 1126.82 390.606
1043.18 442.331 1088.09 574.23
1128.32 301.181 1135.46 397.81
1086.99 206.408 1067.43 296.069
1131.63 226.376 1118.08 309.953
1047.8 406.385 1084.08 533.504
1097.93 288.352 1101.12 388.638
1146.83 246.232 1138.03 331.253
1107.6 218.672 1091.93 306.831
955.326 357.348 974.13 494.321
996.735 408.998 1031.27 545.714
1070.37 341.924 1087.68 454.703
1205.98 355.948 1225.93 447.273
1143.63 233.659 1131.95 317.797
1207.97 361.195 1227.89 451.764
1174.47 337.753 1190.52 432.039
1119.22 214.781 1101.06 299.436
1163.96 320.923 1175.54 414.022
1119.17 305.694 1128.42 402.883
1052.02 604.714 1141.04 756.469
1123.17 294.623 1129.03 390.437
1036.02 437.197 1079.76 569.921
1135.47 652.879 1235.01 794.58
1100.8 280.992 1101.27 380.489
1046.01 345.91 1065.53 463.604
1057.45 258.279 1050.73 361.553
1018.64 575.329 1099.6 730.168
1053.41 246.608 1043.7 348.203
1093.86 631.702 1189.23 779.061
1040.22 442.143 1085.3 574.323
1070.52 348.179 1090.47 461.301
1114.97 640.757 1210.65 784.211
1010.85 412.279 1046.34 546.783
1128.13 298.713 1133.92 396.193
1121.9 307.58 1130.5 406.257
1208.79 353.034 1227.89 442.91
1122.32 646.218 1219.35 788.635
1076.61 623.643 1170.12 773.002
1046.99 256.852 1039.46 360.877
1119.88 302.066 1127.09 399.755
1073.1 272.686 1071.6 375.013
1052.16 336.91 1068.36 453.008
1148.32 234.099 1135.26 317.134
1139.15 306.628 1147.87 402.258
1214.92 361.441 1236.02 452.282
1072.56 465.814 1124.31 594.406
1157.27 450.355 1202.86 564.693
1140.82 309.683 1149.9 405.661
1061.2 608.209 1151.12 759.077
1115.77 292.807 1121.11 389.887
1216.9 358.739 1237.22 448.02
1121.02 651.415 1220.43 795.411
1197.16 351.103 1215.77 444.065
1030.84 362.324 1054.3 485.617
1098.41 363.174 1121.75 474.136
