0 4441
1 7431
2 6062
3 4349
4 2441
5 3763
6 4666
7 6788
8 2381
9 3080
10 5536
11 4185
12 2258
13 6424
14 7653
15 5869
16 3984
17 3345
18 1138
19 3131
20 1461
21 7507
22 7762
23 5092
24 4663
25 1424
26 4439
27 6820
28 5689
29 5268
30 6587
31 1343
32 2737
33 1370
34 7985
35 7858
36 3869
37 1871
38 2492
39 3469
40 4495
41 8357
42 6534
43 7315
44 8310
45 5473
46 2200
47 477
48 4097
49 5682
50 7068
51 3996
52 7981
53 1697
54 759
55 2697
56 1788
57 5641
58 1050
59 943
60 5408
61 3730
62 3496
63 5739
64 5358
65 5184
66 1757
67 7259
68 4536
69 3610
70 3984
71 4352
72 7685
73 8105
74 6198
75 8302
76 4353
77 6788
78 1796
79 2989
80 7745
81 4523
82 150
83 4824
84 3755
85 4360
86 3813
87 4921
88 3608
89 2427
90 5172
91 4834
92 6895
93 516
94 429
95 367
96 2117
97 6794
98 7684
99 7258
100 3059
101 1039
102 3838
103 1460
104 8395
105 3822
106 1320
107 509
108 8164
109 7981
110 4586
111 3250
112 3796
113 6127
114 7321
115 1375
116 1351
117 294
118 4074
119 7240
120 310
121 2893
122 1290
123 6935
124 4134
125 5345
126 8316
127 7859
128 3472
129 3196
130 6409
131 6393
132 5746
133 4171
134 2905
135 7703
136 2853
137 8063
138 2610
139 7267
140 565
141 810
142 7770
143 734
144 2209
145 6087
146 2174
147 2441
148 1607
149 510
150 2670
151 4616
152 1167
153 3592
154 8411
155 7782
156 6339
157 3908
158 3290
159 6617
160 5248
161 2643
162 7586
163 6007
164 5427
165 1465
166 7575
167 4299
168 5865
169 5609
170 2336
171 1497
172 2626
173 7804
174 3119
175 5877
176 4390
177 7469
178 2504
179 6997
180 8291
181 4068
182 2993
183 7847
184 1939
185 4620
186 1837
187 6387
188 2710
189 1388
190 474
191 2290
192 4890
193 5865
194 7700
195 4463
196 1057
197 4839
198 308
199 5929
200 4969
201 5872
202 7418
203 1572
204 7706
205 1975
206 456
207 8251
208 7415
209 8335
210 4379
211 2895
212 4851
213 2017
214 1386
215 4579
216 6903
217 6445
218 5206
219 3904
220 2148
221 5482
222 6888
223 4974
224 3596
225 3825
226 8015
227 3210
228 4453
229 7376
230 4364
231 8277
232 4086
233 4324
234 2300
235 546
236 1871
237 3199
238 3970
239 220
240 8256
241 5004
242 2502
243 4600
244 7159
245 4584
246 3961
247 6812
248 4370
249 7599
250 2634
251 1170
252 4334
253 3946
254 8129
255 3143
256 4905
257 7504
258 6745
259 3988
260 488
261 5901
262 3056
263 5936
264 7516
265 7256
266 1252
267 2513
268 5864
269 684
270 1569
271 7179
272 2893
273 7338
274 3970
275 3303
276 7704
277 1830
278 3962
279 4251
280 455
281 1411
282 1894
283 4276
284 6342
285 6542
286 7200
287 3771
288 2062
289 1229
290 4976
291 6454
292 4872
293 1984
294 6199
295 4628
296 2727
297 5393
298 4818
299 3088
300 3072
301 3782
302 1697
303 4857
304 3881
305 7855
306 3567
307 684
308 7127
309 3883
310 4284
311 7056
312 3019
313 1095
314 8068
315 3047
316 1097
317 7326
318 3047
319 5640
320 3467
321 7474
322 2133
323 4949
324 5924
325 2878
326 4473
327 3854
328 3811
329 214
330 3884
331 5015
332 2130
333 3944
334 6210
335 751
336 6648
337 8380
338 1243
339 4663
340 2171
341 8011
342 301
343 3121
344 3753
345 629
346 6546
347 2652
348 4611
349 292
350 7684
351 3799
352 7882
353 1488
354 3536
355 4393
356 127
357 1974
358 3167
359 2813
360 7379
361 7896
362 3997
363 7215
364 3726
365 4892
366 6898
367 13
368 4338
369 6631
370 3367
371 263
372 5866
373 2188
374 4359
375 8159
376 4920
377 561
378 7883
379 6886
380 4428
381 1537
382 3807
383 7689
384 2752
385 4712
386 6049
387 2449
388 6788
389 4028
390 4851
391 3630
392 1751
393 8026
394 1751
395 1375
396 7865
397 1317
398 44
399 6868
400 5839
401 4505
402 2522
403 6978
404 305
405 2066
406 1017
407 3994
408 5344
409 1698
410 245
411 5946
412 4466
413 728
414 6345
415 3940
416 1075
417 3198
418 8294
419 4303
420 3362
421 6787
422 5313
423 8019
424 1712
425 6884
426 3469
427 3029
428 2501
429 7499
430 3689
431 1830
432 3114
433 8400
434 7168
435 1322
436 4288
437 7662
438 7791
439 6278
440 7416
441 917
442 2627
443 5473
444 1020
445 1697
446 6960
447 5909
448 347
449 524
450 5260
451 7225
452 7344
453 7836
454 253
455 4642
456 2518
457 4314
458 2384
459 196
460 2441
461 4921
462 6051
463 3670
464 7888
465 4965
466 773
467 2047
468 8362
469 3262
470 1218
471 5388
472 5956
473 1949
474 2714
475 7593
476 3765
477 1105
478 3576
479 5641
480 6088
481 7175
482 7598
483 6205
484 1173
485 7748
486 1010
487 4009
488 2940
489 2612
490 4496
491 4760
492 4982
493 2260
494 3792
495 8302
496 544
497 706
498 1631
499 5801
500 2970
501 4
502 1278
503 6400
504 101
505 945
506 5002
507 8368
508 7997
509 2244
510 7498
511 2601
512 13
513 1325
514 5247
515 5515
516 122
517 2772
518 7630
519 8413
520 3598
521 6330
522 2497
523 2145
524 3728
525 8344
526 4835
527 4620
528 7470
529 5249
530 5119
531 3805
532 5759
533 5385
534 1898
535 5882
536 2824
537 7458
538 1946
539 4607
540 6922
541 5221
542 2283
543 7404
544 3822
545 6973
546 2264
547 4928
548 7775
549 4329
550 7791
551 4600
552 4244
553 3828
554 709
555 634
556 846
557 3476
558 2877
559 2894
560 5254
561 1295
562 4978
563 3172
564 2605
565 8065
566 3839
567 3668
568 9
569 2886
570 692
571 5289
572 3402
573 6101
574 6619
575 7368
576 3446
577 4482
578 3467
579 7388
580 309
581 5549
582 2120
583 2519
584 4079
585 1116
586 6017
587 1930
588 308
589 2178
590 1975
591 1434
592 8154
593 4138
594 1697
595 2660
596 6893
597 2121
598 1850
599 7419
600 1202
601 3197
602 5937
603 2749
604 4406
605 7450
606 807
607 3380
608 3991
609 7351
610 1620
611 7580
612 5451
613 2372
614 2841
615 2656
616 1625
617 4992
618 4469
619 4404
620 2145
621 4792
622 7359
623 2329
624 7718
625 7181
626 6801
627 778
628 4274
629 2975
630 5467
631 1577
632 2192
633 5522
634 8197
635 6770
636 322
637 1111
638 2706
639 7248
640 5946
641 281
642 4623
643 2496
644 8376
645 2560
646 1070
647 7143
648 2507
649 2840
650 1136
651 5644
652 1050
653 107
654 2398
655 649
656 1244
657 4523
658 1346
659 6411
660 2052
661 5947
662 7392
663 4858
664 5718
665 5362
666 8106
667 5981
668 3567
669 1553
670 3784
671 2973
672 3229
673 1116
674 5622
675 185
676 3507
677 3257
678 3705
679 5263
680 6339
681 732
682 8232
683 7595
684 1005
685 1033
686 442
687 3895
688 2325
689 3570
690 719
691 4112
692 4493
693 7220
694 4590
695 714
696 1236
697 8182
698 4132
699 4771
700 7482
701 8094
702 4623
703 5137
704 1457
705 4419
706 6417
707 8368
708 576
709 2100
710 7177
711 3314
712 741
713 3892
714 2831
715 2857
716 8275
717 7987
718 2927
719 5403
720 6271
721 7115
722 3790
723 414
724 4587
725 2349
726 1572
727 1135
728 3016
729 171
730 3400
731 6706
732 8048
733 2707
734 4863
735 1006
736 7533
737 4476
738 830
739 5962
740 1110
741 3413
742 4701
743 7270
744 4082
745 5534
746 2860
747 2217
748 2435
749 2709
750 7191
751 1069
752 6089
753 1034
754 7514
755 7821
756 7537
757 1305
758 2615
759 172
760 2198
761 3977
762 7170
763 1041
764 1225
765 5281
766 1717
767 1352
768 3495
769 6646
770 872
771 96
772 6655
773 8161
774 750
775 2732
776 4602
777 6956
778 4423
779 6835
780 5612
781 2588
782 1420
783 4953
784 4282
785 2968
786 5760
787 2484
788 7837
789 3216
790 7390
791 6560
792 2681
793 6022
794 1256
795 1219
796 7365
797 7464
798 1076
799 5690
800 846
801 781
802 6793
803 7914
804 2939
805 194
806 3292
807 2497
808 4951
809 1400
810 6703
811 5977
812 4958
813 5335
814 3538
815 3939
816 4320
817 2343
818 6783
819 3487
820 5084
821 2772
822 272
823 5426
824 456
825 291
826 6727
827 6962
828 5018
829 7491
830 3448
831 292
832 4298
833 1439
834 2672
835 6618
836 3732
837 2427
838 5914
839 4763
840 7185
841 6396
842 8174
843 138
844 2230
845 1637
846 6999
847 1588
848 8272
849 7127
850 8411
851 2437
852 7996
853 2642
854 559
855 1059
856 214
857 460
858 7267
859 5993
860 2604
861 4479
862 2897
863 4649
864 1307
865 3581
866 5033
867 3367
868 245
869 4142
870 224
871 2534
872 7289
873 5177
874 5244
875 347
876 3299
877 1030
878 5266
879 1844
880 6995
881 766
882 3849
883 2168
884 6902
885 7637
886 3875
887 2336
888 3551
889 8053
890 2353
891 5046
892 5678
893 6284
894 8019
895 428
896 5913
897 7283
898 4028
899 3628
900 4509
901 2179
902 1004
903 3947
904 2029
905 3527
906 4689
907 5613
908 5998
909 1794
910 2311
911 1813
912 3882
913 4956
914 7548
915 2572
916 6883
917 7933
918 1871
919 4858
920 4582
921 807
922 1168
923 1216
924 2768
925 6984
926 380
927 1879
928 5597
929 7386
930 4156
931 7267
932 2340
933 2771
934 2537
935 6952
936 7528
937 5647
938 3115
939 7005
940 4582
941 2387
942 6339
943 212
944 845
945 2173
946 1232
947 6167
948 5057
949 7851
950 4546
951 7136
952 2542
953 2941
954 3529
955 1276
956 1697
957 2796
958 2775
959 3281
960 6627
961 1448
962 843
963 524
964 6555
965 717
966 2166
967 2965
968 2604
969 5103
970 619
971 2187
972 7062
973 56
974 5732
975 5166
976 6863
977 3191
978 2743
979 2884
980 1030
981 962
982 7656
983 6712
984 4831
985 3744
986 4963
987 2311
988 8200
989 375
990 1053
991 7233
992 6138
993 2782
994 6139
995 7703
996 5843
997 3147
998 5537
999 6810
1000 4146
1001 8105
1002 7262
1003 6220
1004 1229
1005 2635
1006 5043
1007 1376
1008 2799
1009 4038
1010 8004
1011 898
1012 2891
1013 4967
1014 1338
1015 4602
1016 5462
1017 7766
1018 2494
1019 1342
1020 79
1021 7163
1022 2118
1023 922
1024 2623
1025 1514
1026 5794
1027 1469
1028 3755
1029 2292
1030 7188
1031 6958
1032 767
1033 7676
1034 1315
1035 7907
1036 4214
1037 2694
1038 347
1039 4153
1040 6106
1041 1253
1042 459
1043 1416
1044 1365
1045 7199
1046 7831
1047 1068
1048 7213
1049 6955
1050 2814
1051 1239
1052 6544
1053 3692
1054 1160
1055 8205
1056 1097
1057 4095
1058 1024
1059 4366
1060 895
1061 5893
1062 3205
1063 2777
1064 6961
1065 8249
1066 7356
1067 2342
1068 4775
1069 240
1070 8219
1071 3209
1072 4912
1073 7703
1074 7669
1075 1870
1076 1213
1077 7704
1078 4580
1079 3537
1080 2339
1081 5515
1082 1540
1083 4595
1084 5140
1085 7131
1086 6323
1087 341
1088 844
1089 3509
1090 4658
1091 5096
1092 6955
1093 1439
1094 1435
1095 1340
1096 7352
1097 3494
1098 4860
1099 3802
1100 8069
1101 1569
1102 5288
1103 5983
1104 2858
1105 3276
1106 5467
1107 3509
1108 6697
1109 6956
1110 7488
1111 3257
1112 8197
1113 4895
1114 1892
1115 6498
1116 5451
1117 401
1118 5117
1119 7182
1120 8312
1121 3394
1122 721
1123 3915
1124 4398
1125 575
1126 2697
1127 6988
1128 239
1129 8343
1130 7597
1131 6458
1132 3139
1133 2572
1134 4925
1135 1303
1136 4978
1137 4591
1138 146
1139 1350
1140 6853
1141 6091
1142 685
1143 7099
1144 3466
1145 3483
1146 1465
1147 3413
1148 8022
1149 5660
1150 7773
1151 4619
1152 67
1153 8035
1154 7033
1155 2111
1156 1697
1157 3778
1158 1960
1159 773
1160 3126
1161 585
1162 2211
1163 7224
1164 8169
1165 1304
1166 1054
1167 3774
1168 3034
1169 3899
1170 4431
1171 1129
1172 4634
1173 5003
1174 7405
1175 4988
1176 3254
1177 5547
1178 1497
1179 7797
1180 961
1181 6875
1182 4253
1183 4978
1184 8193
1185 5869
1186 3716
1187 5798
1188 919
1189 4403
1190 5736
1191 7389
1192 5600
1193 6259
1194 3748
1195 4356
1196 1584
1197 5669
1198 4849
1199 3730
1200 7118
1201 6114
1202 1728
1203 2918
1204 1451
1205 1044
1206 4269
1207 4342
1208 3673
1209 7
1210 2928
1211 5059
1212 7613
1213 892
1214 7100
1215 777
1216 6717
1217 7352
1218 1016
1219 2259
1220 428
1221 1387
1222 733
1223 3019
1224 4184
1225 1328
1226 443
1227 2355
1228 1367
1229 1089
1230 7468
1231 8030
1232 1549
1233 7475
1234 2729
1235 1698
1236 4672
1237 541
1238 1085
1239 5448
1240 7799
1241 8286
1242 2042
1243 2750
1244 281
1245 1695
1246 1987
1247 3505
1248 2768
1249 3696
1250 4726
1251 1707
1252 8322
1253 4463
1254 1628
1255 3991
1256 2872
1257 5535
1258 6471
1259 2618
1260 3315
1261 6183
1262 7855
1263 2425
1264 2340
1265 2531
1266 722
1267 3983
1268 7447
1269 1840
1270 90
1271 1554
1272 7278
1273 7142
1274 7934
1275 3672
1276 5243
1277 3701
1278 7877
1279 968
1280 536
1281 8113
1282 6824
1283 1296
1284 154
1285 2905
1286 6720
1287 2233
1288 4351
1289 7765
1290 1851
1291 2882
1292 4923
1293 4740
1294 1172
1295 1487
1296 146
1297 5736
1298 5869
1299 291
1300 3264
1301 7301
1302 1422
1303 1396
1304 341
1305 2417
1306 5817
1307 2228
1308 2888
1309 2880
1310 7644
1311 4968
1312 5922
1313 705
1314 5139
1315 7514
1316 4350
1317 1322
1318 5210
1319 4668
1320 8207
1321 3300
1322 7962
1323 5794
1324 6452
1325 5335
1326 2027
1327 7249
1328 2445
1329 1999
1330 1253
1331 1162
1332 4521
1333 1348
1334 1119
1335 1209
1336 164
1337 2850
1338 2145
1339 3500
1340 4870
1341 1167
1342 3034
1343 422
1344 6740
1345 1290
1346 418
1347 1050
1348 5183
1349 2552
1350 1887
1351 5226
1352 6113
1353 6192
1354 2993
1355 1742
1356 3412
1357 5427
1358 1020
1359 6856
1360 2354
1361 6995
1362 7364
1363 1439
1364 7750
1365 1002
1366 8237
1367 7496
1368 1361
1369 5004
1370 3194
1371 5537
1372 7232
1373 3497
1374 1279
1375 5932
1376 1825
1377 6328
1378 740
1379 2214
1380 2638
1381 2580
1382 2623
1383 5102
1384 3732
1385 6857
1386 7483
1387 1018
1388 3335
1389 2638
1390 4365
1391 2742
1392 4415
1393 215
1394 4374
1395 4709
1396 1664
1397 5129
1398 6281
1399 1722
1400 729
1401 1497
1402 2839
1403 1226
1404 2771
1405 6898
1406 8041
1407 815
1408 3422
1409 172
1410 1259
1411 3531
1412 566
1413 7180
1414 1769
1415 3956
1416 6205
1417 1284
1418 6072
1419 2588
1420 8302
1421 5110
1422 4838
1423 2770
1424 6922
1425 1533
1426 5485
1427 617
1428 1467
1429 7480
1430 3909
1431 2071
1432 5637
1433 1091
1434 6310
1435 4896
1436 3981
1437 2208
1438 1838
1439 4614
1440 5694
1441 3091
1442 7332
1443 1255
1444 6312
1445 1020
1446 2545
1447 63
1448 4661
1449 4679
1450 6725
1451 6143
1452 8223
1453 7405
1454 4381
1455 7307
1456 4137
1457 224
1458 1041
1459 1971
1460 1527
1461 685
1462 4596
1463 4859
1464 7622
1465 644
1466 8247
1467 3450
1468 736
1469 2707
1470 909
1471 4738
1472 1729
1473 6037
1474 805
1475 3878
1476 5141
1477 3851
1478 4261
1479 2463
1480 2319
1481 4440
1482 2403
1483 3730
1484 1989
1485 4774
1486 4386
1487 6976
1488 4095
1489 3448
1490 3728
1491 7295
1492 3934
1493 2539
1494 3231
1495 6164
1496 4985
1497 6345
1498 1377
1499 6042
1500 4431
1501 1240
1502 6993
1503 6992
1504 2329
1505 8044
1506 7194
1507 6440
1508 6377
1509 310
1510 3340
1511 4444
1512 5232
1513 341
1514 2699
1515 2231
1516 3539
1517 5434
1518 4371
1519 6161
1520 3519
1521 4310
1522 2405
1523 8254
1524 6915
1525 1023
1526 7005
1527 4946
1528 5801
1529 4366
1530 1697
1531 6211
1532 1615
1533 3523
1534 1336
1535 686
1536 541
1537 762
1538 7202
1539 2000
1540 5674
1541 2669
1542 2332
1543 4418
1544 5385
1545 467
1546 8092
1547 2615
1548 4301
1549 5539
1550 663
1551 1275
1552 375
1553 980
1554 2987
1555 502
1556 1414
1557 8108
1558 5706
1559 2787
1560 1663
1561 488
1562 5107
1563 2001
1564 7484
1565 2029
1566 4660
1567 8248
1568 912
1569 3545
1570 3545
1571 423
1572 5122
1573 2059
1574 4619
1575 7184
1576 7675
1577 3693
1578 1004
1579 6564
1580 1066
1581 3039
1582 1170
1583 340
1584 6144
1585 3904
1586 4450
1587 6405
1588 6956
1589 5950
1590 7505
1591 3479
1592 5077
1593 8113
1594 2124
1595 3368
1596 5473
1597 4873
1598 2131
1599 8003
1600 148
1601 5919
1602 2621
1603 190
1604 1939
1605 5017
1606 2121
1607 6212
1608 1540
1609 5106
1610 4069
1611 2929
1612 2076
1613 2976
1614 3469
1615 1023
1616 304
1617 5332
1618 2253
1619 4167
1620 8401
1621 7538
1622 7831
1623 736
1624 7459
1625 7530
1626 3235
1627 4370
1628 359
1629 1871
1630 3708
1631 7806
1632 6792
1633 4600
1634 7263
1635 3778
1636 813
1637 2429
1638 2809
1639 7537
1640 7684
1641 2052
1642 4423
1643 4011
1644 1147
1645 3146
1646 5516
1647 2920
1648 6331
1649 3358
1650 2902
1651 1697
1652 1940
1653 8194
1654 4564
1655 1454
1656 7407
1657 6993
1658 960
1659 6882
1660 5656
1661 2894
1662 5651
1663 2308
1664 993
1665 1232
1666 4140
1667 5956
1668 5869
1669 3144
1670 5993
1671 2823
1672 1756
1673 1080
1674 2658
1675 5914
1676 3664
1677 3215
1678 1796
1679 2889
1680 4963
1681 4979
1682 6974
1683 2942
1684 311
1685 853
1686 6618
1687 1656
1688 1232
1689 6901
1690 4251
1691 2896
1692 5499
1693 2315
1694 614
1695 5767
1696 4597
1697 7781
1698 5694
1699 6442
1700 5102
1701 7962
1702 6037
1703 3807
1704 6338
1705 4210
1706 4931
1707 3167
1708 3818
1709 3964
1710 5161
1711 6145
1712 2554
1713 5564
1714 1091
1715 2749
1716 1697
1717 381
1718 341
1719 4626
1720 1884
1721 1091
1722 3428
1723 6819
1724 5364
1725 6034
1726 3859
1727 1445
1728 4914
1729 6259
1730 4865
1731 2434
1732 296
1733 5122
1734 4578
1735 3987
1736 3609
1737 7377
1738 4847
1739 7328
1740 6229
1741 189
1742 2038
1743 889
1744 7382
1745 7554
1746 5020
1747 6801
1748 5408
1749 5847
1750 2417
1751 3705
1752 2723
1753 3021
1754 4597
1755 2103
1756 5354
1757 6536
1758 3257
1759 5109
1760 5257
1761 1605
1762 1916
1763 2726
1764 3830
1765 21
1766 360
1767 6569
1768 341
1769 2014
1770 5631
1771 2072
1772 2083
1773 2198
1774 2034
1775 3667
1776 4915
1777 1917
1778 465
1779 8270
1780 5481
1781 3502
1782 3818
1783 611
1784 4938
1785 5663
1786 158
1787 4761
1788 6762
1789 3246
1790 2416
1791 4585
1792 995
1793 4967
1794 7999
1795 1408
1796 2651
1797 762
1798 5808
1799 3706
1800 4835
1801 7771
1802 2248
1803 4009
1804 3893
1805 4411
1806 3659
1807 5286
1808 2197
1809 24
1810 1712
1811 4490
1812 772
1813 3510
1814 7726
1815 4975
1816 4247
1817 3482
1818 6966
1819 5099
1820 3177
1821 1602
1822 6372
1823 3456
1824 546
1825 961
1826 41
1827 3196
1828 814
1829 3468
1830 3465
1831 5053
1832 846
1833 6339
1834 2488
1835 5528
1836 8021
1837 2217
1838 3521
1839 2889
1840 3956
1841 4164
1842 6284
1843 7286
1844 5589
1845 376
1846 4120
1847 7830
1848 4255
1849 3255
1850 5513
1851 7745
1852 2444
1853 7818
1854 208
1855 846
1856 895
1857 568
1858 1804
1859 7674
1860 781
1861 5535
1862 488
1863 2116
1864 2954
1865 4810
1866 4282
1867 7632
1868 2243
1869 7246
1870 1209
1871 6087
1872 4842
1873 898
1874 3332
1875 1053
1876 7095
1877 1070
1878 8117
1879 1917
1880 6862
1881 4990
1882 7202
1883 2835
1884 4802
1885 7137
1886 6134
1887 6800
1888 272
1889 4589
1890 3985
1891 3950
1892 4170
1893 341
1894 5055
1895 5377
1896 736
1897 4194
1898 6683
1899 6718
1900 793
1901 421
1902 6784
1903 4368
1904 7906
1905 2763
1906 546
1907 2532
1908 895
1909 5882
1910 6270
1911 2456
1912 7711
1913 4636
1914 2089
1915 3212
1916 5270
1917 2113
1918 3747
1919 1230
1920 2196
1921 2613
1922 3120
1923 192
1924 6899
1925 3938
1926 4321
1927 7373
1928 2950
1929 598
1930 376
1931 2662
1932 2073
1933 3423
1934 2543
1935 7061
1936 308
1937 6113
1938 6777
1939 1393
1940 7497
1941 1709
1942 208
1943 7116
1944 1892
1945 7181
1946 5941
1947 6504
1948 5850
1949 5537
1950 8313
1951 5964
1952 1697
1953 6876
1954 6809
1955 3523
1956 7398
1957 341
1958 1474
1959 1298
1960 4435
1961 7287
1962 2416
1963 5381
1964 1494
1965 7895
1966 4990
1967 6261
1968 7580
1969 957
1970 5507
1971 3496
1972 1238
1973 5434
1974 3574
1975 5600
1976 1344
1977 6208
1978 368
1979 61
1980 6850
1981 5379
1982 2660
1983 6529
1984 4263
1985 467
1986 7096
1987 3522
1988 4608
1989 8048
1990 3283
1991 479
1992 3169
1993 6210
1994 4377
1995 2445
1996 1342
1997 5092
1998 3145
1999 3185
2000 4713
2001 590
2002 6480
2003 235
2004 2644
2005 2083
2006 4009
2007 5251
2008 8243
2009 1795
2010 2234
2011 3812
2012 6232
2013 3268
2014 2587
2015 6195
2016 1583
2017 7967
2018 8209
2019 2788
2020 4093
2021 1212
2022 1697
2023 6837
2024 1497
2025 41
2026 1983
2027 6123
2028 2444
2029 629
2030 3471
2031 2715
2032 7726
2033 2247
2034 262
2035 2679
2036 3620
2037 5772
2038 6586
2039 1064
2040 5831
2041 5627
2042 5328
2043 4012
2044 987
2045 7274
2046 2547
2047 6030
2048 2962
2049 1144
2050 2193
2051 6975
2052 6339
2053 6472
2054 3327
2055 3357
2056 0
2057 5617
2058 3295
2059 3795
2060 2604
2061 269
2062 1219
2063 6135
2064 7207
2065 535
2066 73
2067 805
2068 7593
2069 2853
2070 2320
2071 4401
2072 3497
2073 7795
2074 3540
2075 4382
2076 3807
2077 2664
2078 6287
2079 3709
2080 2065
2081 6193
2082 4483
2083 6998
2084 1043
2085 418
2086 6663
2087 2808
2088 2035
2089 1415
2090 6904
2091 7172
2092 6886
2093 1952
2094 8171
2095 1350
2096 6675
2097 5137
2098 259
2099 8022
2100 1620
2101 6715
2102 1460
2103 7082
2104 2608
2105 570
2106 5296
2107 4490
2108 291
2109 1944
2110 3602
2111 4624
2112 5138
2113 4595
2114 6853
2115 1180
2116 4398
2117 7077
2118 27
2119 7831
2120 1466
2121 2336
2122 3754
2123 3555
2124 1515
2125 4723
2126 2145
2127 1266
2128 386
2129 32
2130 3707
2131 2012
2132 4772
2133 1697
2134 6124
2135 5275
2136 6081
2137 3253
2138 2686
2139 5082
2140 4900
2141 5070
2142 6947
2143 1953
2144 7504
2145 5129
2146 2794
2147 1448
2148 3872
2149 4440
2150 2047
2151 1151
2152 4740
2153 629
2154 2101
2155 6175
2156 5205
2157 5065
2158 7060
2159 3300
2160 2748
2161 3629
2162 3945
2163 1378
2164 746
2165 8336
2166 2655
2167 2046
2168 8110
2169 5280
2170 3395
2171 4004
2172 1335
2173 7473
2174 2838
2175 4624
2176 7299
2177 4693
2178 1086
2179 4217
2180 10
2181 1406
2182 2993
2183 3964
2184 4415
2185 2866
2186 2697
2187 2480
2188 2117
2189 5473
2190 6056
2191 1134
2192 1159
2193 7683
2194 3932
2195 1697
2196 4785
2197 3302
2198 2799
2199 7230
2200 4611
2201 4344
2202 4512
2203 638
2204 13
2205 1039
2206 6752
2207 5141
2208 6950
2209 3760
2210 1416
2211 3904
2212 6088
2213 245
2214 348
2215 3994
2216 968
2217 5188
2218 97
2219 2239
2220 5563
2221 1050
2222 2302
2223 3986
2224 3888
2225 1699
2226 1304
2227 1343
2228 2700
2229 6886
2230 3211
2231 5342
2232 7176
2233 6801
2234 8364
2235 1089
2236 1123
2237 2
2238 3165
2239 3519
2240 8054
2241 3859
2242 7858
2243 5188
2244 5499
2245 7936
2246 1552
2247 8083
2248 127
2249 1040
2250 3492
2251 3397
2252 7462
2253 952
2254 5165
2255 937
2256 2921
2257 6228
2258 3956
2259 4463
2260 4670
2261 2863
2262 3241
2263 7650
2264 7010
2265 344
2266 2692
2267 1520
2268 5411
2269 2895
2270 341
2271 111
2272 7380
2273 2001
2274 992
2275 291
2276 6184
2277 5671
2278 1281
2279 381
2280 143
2281 1135
2282 4947
2283 546
2284 3537
2285 5869
2286 548
2287 6012
2288 2170
2289 2056
2290 867
2291 3325
2292 301
2293 8113
2294 5633
2295 1726
2296 3695
2297 2495
2298 8226
2299 2894
2300 1319
2301 5631
2302 4556
2303 7758
2304 359
2305 5226
2306 7830
2307 6614
2308 5255
2309 1572
2310 3498
2311 4258
2312 1787
2313 2573
2314 4422
2315 6084
2316 6246
2317 6792
2318 4159
2319 4706
2320 2478
2321 5080
2322 1346
2323 4388
2324 5899
2325 5470
2326 7963
2327 8212
2328 2687
2329 3101
2330 7341
2331 2107
2332 7174
2333 6325
2334 3562
2335 4325
2336 5461
2337 698
2338 1181
2339 1154
2340 1249
2341 3156
2342 2188
2343 556
2344 7867
2345 8215
2346 4952
2347 1245
2348 5584
2349 212
2350 7367
2351 4848
2352 7941
2353 8276
2354 251
2355 4244
2356 5632
2357 2979
2358 3401
2359 2920
2360 2062
2361 785
2362 2129
2363 4222
2364 502
2365 5257
2366 7791
2367 2742
2368 2110
2369 1449
2370 4366
2371 1682
2372 6345
2373 4294
2374 1591
2375 5160
2376 2673
2377 4233
2378 1067
2379 7130
2380 7718
2381 7621
2382 1807
2383 6913
2384 3025
2385 3776
2386 3306
2387 5545
2388 557
2389 7385
2390 3187
2391 6902
2392 3088
2393 2907
2394 6693
2395 5123
2396 5261
2397 1073
2398 2334
2399 4769
2400 2855
2401 6611
2402 256
2403 3949
2404 6225
2405 6517
2406 2806
2407 5954
2408 5945
2409 3918
2410 2870
2411 634
2412 2615
2413 1445
2414 4445
2415 6102
2416 6474
2417 1843
2418 5668
2419 4816
2420 6818
2421 2738
2422 3811
2423 4390
2424 5794
2425 4275
2426 3222
2427 6896
2428 1143
2429 247
2430 5360
2431 570
2432 632
2433 8327
2434 3005
2435 7714
2436 1025
2437 4210
2438 1641
2439 7716
2440 4612
2441 1445
2442 4328
2443 6675
2444 3218
2445 700
2446 1362
2447 8239
2448 2898
2449 8131
2450 1699
2451 2248
2452 3813
2453 6202
2454 308
2455 332
2456 4939
2457 6821
2458 3997
2459 7537
2460 7947
2461 6100
2462 4576
2463 8317
2464 7776
2465 8343
2466 1987
2467 899
2468 3400
2469 6007
2470 4360
2471 4168
2472 2927
2473 2022
2474 2679
2475 624
2476 3113
2477 1463
2478 1866
2479 3572
2480 7396
2481 750
2482 1221
2483 311
2484 8211
2485 4893
2486 314
2487 6210
2488 5420
2489 2079
2490 4593
2491 520
2492 2395
2493 2572
2494 5203
2495 4183
2496 934
2497 4075
2498 3693
2499 1079
