1.09886 0.351729 -0.873016 1.35771
-1.24595 -0.551336 1.39298 -1.85034
-1.18079 -0.114919 -0.1915 -1.49787
0.271259 1.47942 -2.50814 0.370728
1.03466 0.45283 -0.624282 2.3173
-0.477729 -1.31427 1.74394 -0.292199
-0.885244 0.762525 -1.06639 -0.795757
2.26485 -0.612544 -0.448118 4.91249
-1.04621 0.212849 -0.424551 -1.65587
-2.79675 0.455405 -1.09237 -3.41587
0.306163 2.00027 -1.24711 0.182708
-0.439882 -1.75597 1.78117 -0.163986
0.256278 -1.36854 1.72263 -0.254206
-0.309615 -1.00178 2.092 -0.40549
-1.12701 -0.73157 0.419376 -1.54121
-1.29582 -2.95745 3.70062 -0.030056
0.951866 3.2945 -3.36823 1.08197
0.68544 5.30241 -5.50308 0.276597
-0.006104 1.21091 -1.52131 0.038095
-2.73794 -2.61886 2.72371 -2.54843
-0.506315 -1.63967 1.88138 -0.148805
0.044835 2.14157 -1.94254 -0.160041
0.107674 1.45286 -1.51888 0.054512
0.999781 1.40209 -0.606074 1.06548
0.360659 -1.3614 1.89139 -0.608403
0.268315 -1.25592 1.14379 0.806138
0.205326 -1.12783 1.11979 0.395017
-0.190607 1.57017 -1.24104 -0.568154
-0.059626 2.08927 -1.6605 -0.384274
-0.267629 -3.04043 2.49407 -0.409412
-15.8518 0.742692 4.01835 -19.8059
-1.12804 1.2038 -0.172451 -2.44794
-1.09023 -0.160427 -0.191553 -1.65547
1.28935 -0.254569 0.229457 1.26967
-1.41393 0.074288 -0.316134 -1.40565
-1.91343 0.379242 -0.604169 -1.64053
1.20068 1.17062 -1.48154 0.378019
0.666846 -1.13236 1.45993 0.89164
1.74578 0.92655 -4.62368 0.535137
-3.14108 -5.19889 5.51991 -5.09964
-2.46353 -4.56587 6.4754 -2.04039
-1.35541 -0.142247 0.199271 -1.6176
-0.230341 1.5923 -1.96102 -0.166334
-0.274784 -1.31013 1.09467 -0.103228
-0.332222 1.19519 -1.56738 -0.551774
1.34371 1.32499 -0.18056 2.18703
-1.1002 -0.62987 0.196222 -2.11143
1.64355 5.60635 -5.83261 0.343736
1.22637 0.050241 -0.049445 1.0583
-4.03342 -0.26624 1.5972 -3.97649
-0.1186 1.29186 -1.30422 -0.089188
1.09682 0.071505 -0.616785 4.51398
1.03639 -0.304713 0.304713 1.03639
0.001018 -2.07252 1.55236 -0.117832
6.59128 -4.66645 0.567213 15.9398
8.62499 2.37247 -2.24887 13.648
0.483652 2.76125 -1.85649 -0.018841
4.3433 -5.32937 3.14853 2.05214
4.07559 -0.551776 0.674272 3.25776
-1.42139 -0.38384 -0.099058 -1.4947
-1.3061 -0.846206 0.136531 -2.01578
0.489232 9.25215 -9.31528 1.3078
0.203882 -1.3566 1.10449 0.633316
1.00501 7.40845 -4.76146 -0.105108
0.072647 1.13183 -1.731 0.081522
-1.84492 0.332844 0.214827 -1.82235
1.10265 -0.372839 0.480479 1.84109
-0.942809 1.04138 -1.04141 -1.35421
-0.284584 -1.18002 1.7765 -0.20946
1.2735 0.738865 -0.246833 1.17985
-0.758064 -1.66596 1.32059 -0.654553
-3.05704 -10.9462 11.289 -6.79558
0.155422 2.16964 -1.70526 0.177085
-0.073956 -1.08321 1.2026 0.049102
1.08951 0.18426 0.113726 1.662
4.52926 -4.08154 6.22795 4.16191
0.251224 1.31966 -1.39146 0.006879
1.29621 -0.366876 -0.298201 1.55983
-0.1458 -1.03359 1.19075 -0.244059
-0.312203 -1.34685 1.43365 -0.193504
-1.88406 -0.836601 0.830762 -2.3646
0.999379 -0.496502 0.496502 0.999379
-0.289061 -2.67905 1.53894 -0.161111
1.55929 -0.196764 0.477733 1.41211
0.077196 1.07909 -1.14034 0.03418
0.633197 1.00222 -2.30666 0.326668
0.054626 1.42407 -1.31546 0.12953
-1.37835 -0.082575 0.041386 -1.35584
-0.527223 -1.79331 1.91653 -0.143027
1.29673 -0.255394 0.259681 1.49133
-0.324955 2.96294 -3.29932 0.151008
-3.12576 0.379609 -0.474976 -3.12555
0.153877 2.83341 -1.93419 0.314292
0.115101 1.07815 -1.44768 -0.009725
-0.309279 -2.76566 2.97073 -0.092939
-0.550626 -0.964088 1.66881 -1.10965
-2.29485 -0.327602 0.386626 -3.03861
0.913417 -0.569987 0.569987 0.913417
-1.03791 -0.291402 0.259144 -1.69995
1.13107 -0.07822 0.238032 1.206
1.11905 -1.50472 1.46068 1.35052
-0.009613 -1.09859 1.09056 -0.139986
2.45044 -2.78636 2.985 2.36413
0.173641 -1.24488 1.1121 0.398547
-0.949253 5.06379 -4.13684 -0.261129
0.821559 -1.86874 1.78461 1.176
1.54279 0.671732 -2.61056 1.62789
0.610854 2.92087 -2.03328 -0.045516
17.9555 -0.880693 3.08075 18.7958
-0.394276 -4.06218 4.74646 -0.289039
0.27252 1.63028 -1.03448 0.562958
-0.042355 -1.64078 7.79819 -0.282607
1.20024 -0.260768 0.1546 1.77629
-7.04792 -0.733294 3.6265 -14.0171
0.234981 1.4076 -1.42966 -0.005999
-0.189432 -2.76665 1.73669 0.316366
0.499588 -1.41716 1.61929 0.242805
-0.473235 -1.63011 1.73369 -0.393653
-2.07784 2.08586 -2.04649 -1.64813
-0.444031 -1.16721 1.23241 -0.603219
-0.163544 1.12794 -1.54031 -0.422937
-0.108462 -1.13233 1.5799 -0.055117
-0.690322 14.3484 -12.4319 2.17867
-0.36968 5.2928 -6.57421 -0.116733
4.11399 1.16935 -1.69443 2.47248
0.03742 2.36196 -1.85625 -0.561168
-2.00481 -1.84798 1.60972 -2.02319
5.32333 -1.51625 1.72234 9.02271
-1.19479 0.266647 -1.00932 -1.77346
0.494018 2.00486 -1.38066 0.222678
0.205977 1.36575 -1.93268 0.028482
-1.6897 -0.126611 -0.215314 -1.72521
-4.34176 0.792356 0.214624 -11.1972
-1.29037 -0.050402 -0.026876 -1.33224
-0.059474 1.54952 -1.06889 -0.342855
-0.759077 -1.47455 1.65597 -0.547994
1.29456 -0.131962 0.35258 1.30634
0.68624 -1.06475 1.53306 0.90849
0.429058 1.12462 -0.963735 0.478991
2.19167 17.1595 -16.7402 2.78753
1.65402 1.85237 -1.17043 2.02511
-3.44381 0.316268 -0.498329 -1.42681
-42.7241 3.44919 0.320555 -32.3231
1.12835 -0.277873 0.5006 1.06736
2.24284 0.404918 -1.30963 6.26366
-2.13206 -0.46584 2.11563 -2.90342
-1.02266 0.990316 -0.864737 -1.23815
0.100344 -1.18567 1.15804 0.369597
2.7308 7.00656 -8.60051 1.12433
0.524129 -0.934538 1.18493 0.581938
1.08959 -0.395525 0.490241 1.6583
2.14101 15.6083 -17.6921 -0.030467
-1.48321 -0.025865 -0.122211 -1.46886
-1.4109 0.164631 -0.384039 -1.61051
0.32711 -1.2251 1.30588 1.05697
0.748025 4.2744 -1.85165 0.097045
-7.87156 6.87751 -5.49037 -5.96831
-0.122343 1.57556 -1.37114 0.607772
-0.200528 -2.1154 2.66154 0.347304
0.144208 -1.12004 1.42128 0.367876
-2.37817 -9.47742 8.83254 -0.842627
-0.361558 -1.56723 1.99577 -0.273813
1.53098 1.12345 -0.896415 1.93924
-2.53994 0.340626 -0.097703 -2.13226
1.97825 2.62063 -2.2829 1.75936
-0.646889 -2.37854 1.64256 -0.662123
-1.48392 -0.122219 -0.081552 -1.62369
0.166648 1.20884 -1.24138 -0.043436
1.24562 0.565009 -0.033239 1.68153
-0.534384 -1.08718 1.36467 -0.412824
0.271617 2.191 -1.9955 0.381872
0.139818 1.40206 -1.34894 -0.067139
0.231015 -2.19316 1.54777 0.697837
1.22003 -0.526206 0.795917 2.02854
0.107649 1.3187 -1.56895 0.150412
1.089 0.004324 0.159712 1.45152
-0.295821 -1.62382 1.2988 0.337344
-0.347215 1.05634 -1.17793 -0.335822
-0.133749 -1.17313 1.24238 -0.013413
-0.400494 -1.93731 1.43387 0.119914
2.59881 1.45032 -0.689004 5.43826
-0.23763 -4.12891 3.92368 -0.150398
-2.07226 0.320025 -0.148519 -2.12314
-0.220882 -1.08015 1.08015 -0.220882
-1.35553 -0.954962 -0.383655 -2.47281
0.460269 -1.00369 1.22017 0.596995
1.73081 0.186 -0.639668 1.17066
-0.006432 2.05941 -2.489 -0.618755
-0.190395 -2.70846 2.10382 -0.028432
1.2308 -0.227058 -0.245102 1.32567
-1.40079 0.239903 -0.501724 -1.10085
-0.184843 -1.68157 1.17372 0.039989
-1.18025 -0.872548 0.299687 -1.31121
1.35036 0.195301 -0.589382 2.87823
-11.2068 1.92995 -4.24535 -12.8137
-2.57981 1.47614 -1.90238 -1.72092
0.977145 -0.580574 0.681734 1.95073
0.195807 1.41717 -1.54071 -0.038389
-0.364766 -1.36852 1.60551 -0.244873
1.43929 -0.413177 0.366464 1.73457
1.16597 -0.670963 4.28098 2.08199
0.355629 2.74614 -1.99993 0.163793
0.892589 3.03685 -13.2145 0.835038
-0.454804 -2.06665 1.98661 -0.290995
0.282522 1.1826 -1.51254 0.123328
-0.693808 -5.34227 3.17616 0.06542
1.45576 -0.355779 1.04958 2.9176
0.127006 -1.09548 1.25373 0.328277
1.30454 0.03849 -0.136462 1.12802
5.65337 -0.751549 6.24656 25.3775
0.143762 1.20401 -1.32792 0.00624
-1.3019 5.78708 -6.5843 -2.16441
-1.26384 2.25855 -3.59303 -1.19018
-0.342822 -5.00855 5.00855 -0.342822
1.06328 0.016131 0.090468 1.20566
-1.85992 -0.50578 0.846964 -3.41964
-1.03907 0.259913 -0.401352 -1.66231
-0.158093 -1.59259 1.41544 -0.045526
0.40217 1.66289 -1.82198 1.644
0.165413 1.96163 -1.362 -0.10612
1.09736 -0.157658 -0.02084 2.76733
-0.325796 -1.39459 1.68717 -0.088897
1.34692 -0.615838 0.542833 1.98321
-0.891734 -0.626633 0.626633 -0.891734
-1.00362 0.570023 -0.91968 -1.04785
-1.2489 0.11705 -0.683333 -1.89897
-0.206111 1.29765 -1.15662 -0.737089
0.424136 1.51346 -1.07605 0.150262
0.660367 1.77601 -1.15702 0.727716
-0.285288 -1.35167 2.85967 1.28855
0.356253 -1.28793 1.04939 0.710325
1.13954 0.81359 -0.476133 1.60802
1.04682 -0.174834 0.236826 1.45732
0.381421 2.41853 -2.13407 -0.061017
-1.41242 0.419829 -0.759572 -3.53354
0.224757 1.20764 -1.04903 0.141372
0.071517 -1.3072 1.1494 0.418265
1.48601 -0.302444 0.385994 1.8531
-0.652902 -2.52839 1.78118 -0.148134
-1.1209 -1.7465 1.01503 -1.916
0.124781 1.74959 -1.43705 -0.317645
-1.07929 1.22906 -2.00137 -0.168522
0.11048 1.34609 -1.42606 -0.02093
-0.128247 1.09334 -1.67182 -0.113926
0.850993 -1.64077 1.6379 1.12661
-2.95796 2.0073 1.12721 -6.86925
1.16636 0.804045 -0.255562 1.22927
-1.12545 0.070318 -0.243542 -1.47779
-1.42395 -0.099176 -0.029 -1.59015
-0.466532 1.18326 -1.78528 -0.07009
-0.059693 -1.4979 1.25358 0.113652
1.07187 -0.267584 0.379 1.67689
-1.31896 0.366377 -0.636385 -2.711
0.166759 -1.22406 1.17515 0.450931
-1.82894 -0.995194 -0.041888 -2.80214
1.58584 -2.22239 2.13435 1.78469
-1.15981 -0.679877 0.381367 -1.1046
-1.49874 0.078041 -0.155284 -1.38264
0.246263 2.82578 -1.75422 -0.038674
0.972382 1.21341 -0.695656 0.990482
0.824267 2.2521 -9.5653 0.602697
-1.77759 1.93837 0.606023 -4.17811
-1.13976 0.571525 -0.475624 -1.7091
-2.00133 0.716703 0.092631 -2.65785
-0.142712 1.09999 -1.3704 -0.414652
0.16124 1.70675 -1.09781 -0.103544
5.98009 -3.08651 3.32468 5.9929
-0.397507 -1.15092 2.72441 -0.407422
-1.2938 -0.61291 0.235756 -1.18554
1.3305 0.888494 -0.570475 1.59361
1.42189 6.63507 -6.69277 1.19047
-1.01539 -1.98285 1.15625 -1.71839
-0.851479 0.725969 -0.918252 -1.31743
11.9186 0.003694 -1.15596 10.6914
-0.139658 -1.66128 1.79848 -0.147583
1.10539 0.106649 -0.389491 1.91182
1.35335 0.63568 -1.89543 1.19591
-1.38842 -0.787473 0.484506 -1.81625
2.46963 -0.187804 0.79621 2.20821
-0.89581 0.628679 -0.85581 -1.2995
0.206884 1.12265 -1.2402 0.15368
-0.334124 -1.19495 1.94975 -1.91375
-0.628455 -0.945042 0.960313 -0.576499
-0.008692 2.24116 -1.77409 -0.000616
0.042092 -1.06856 1.38275 0.061925
0.575697 1.81852 -2.11608 -0.002787
-1.83197 -0.931983 0.920526 -1.60877
-1.33865 0.146969 -0.360416 -1.3448
0.103114 2.31592 -1.67679 0.080371
1.21761 1.78842 -1.97945 0.95746
0.038966 -1.79403 2.53215 -0.269371
-8.92379 -1.87188 0.091798 -10.3312
-1.68711 0.085148 -0.226871 -1.62337
0.004157 -1.12014 1.46527 0.05734
0.205726 2.78967 -1.85691 0.023801
1.15489 0.343212 0.12615 1.73547
6.21856 3.17488 -5.40529 5.4005
8.99967 21.2886 -24.681 9.16714
-0.490238 -2.00911 1.55569 0.001574
-9.16442 1.91916 -3.75678 -10.9411
1.10989 8.97394 -4.77659 0.887562
-2.22522 -0.771659 1.76447 -2.78903
0.053178 1.55313 -1.3108 -0.426564
1.63069 0.24195 -0.264735 1.46293
2.11317 -0.714688 0.566449 3.15684
-0.118544 1.64258 -2.16992 -0.125565
-0.436966 -1.97661 1.68672 0.256718
0.143006 4.87563 -19.1779 1.11269
-0.851782 -0.719029 0.748526 -1.24701
0.990338 -1.47293 3.21053 -0.302574
0.288413 2.81883 -5.43889 0.279168
-1.52423 -1.90206 4.77792 -0.335129
-1.10986 0.697662 -0.076666 -2.29509
-0.173856 -1.36543 1.33393 -0.224689
-3.80784 0.181439 -0.161164 -1.44796
-0.624665 -1.66868 1.33936 -0.641396
-2.13735 -3.93318 4.98406 -0.622261
0.029085 1.25222 -1.26031 -0.105615
-0.312122 -2.14684 1.87072 -0.035434
1.0448 0.39195 -1.13382 1.46662
0.078611 2.41332 -1.64845 -0.107854
1.24436 3.0644 -3.63967 3.17939
5.92796 -3.21773 1.90171 6.78142
-1.08526 0.584096 -0.213345 -3.02154
-4.75146 -0.696561 -0.225767 -7.09034
1.16393 -0.329178 0.549777 1.11109
0.375962 5.00617 -5.00617 0.375962
1.24788 -0.161752 0.146061 1.34106
-1.24974 -0.50058 -0.001507 -2.00957
-1.77367 -0.060481 -0.096985 -1.24588
-5.28766 4.02071 -7.48688 -3.88895
1.10442 -0.119086 0.342198 1.1942
0.939556 -0.601269 0.853627 1.83971
-0.016608 -1.4538 3.81121 -0.126384
-1.15805 -0.296928 0.028303 -1.70245
4.72572 0.65293 0.411494 9.23134
-0.049361 -1.1259 1.12538 -0.181539
-0.308405 -2.94724 1.98744 0.030437
-2.85808 2.60458 1.16416 -10.9575
-2.43584 -0.434413 0.281497 -1.37005
0.308766 2.53117 -2.04992 -0.274688
0.943438 -0.684881 1.80262 3.72244
0.218016 -1.21253 1.14932 0.501737
-1.15934 -0.618849 0.508343 -1.02609
-1.23535 -0.071891 0.616703 -1.5638
14.6808 -4.63721 -1.23163 19.7609
0.574234 1.14733 -1.8059 0.528883
-0.216547 1.85655 -1.35401 -0.569112
1.75393 0.229954 -0.38973 1.62701
-1.8939 0.411365 -0.873908 -1.72237
0.067738 1.17546 -1.10234 -0.022707
-2.48466 -15.4844 14.8325 -5.85471
-1.65809 -0.170366 0.079757 -1.19762
-0.885033 -3.98553 3.61597 -0.504874
1.40663 -4.52525 2.68886 1.11665
1.28363 0.320025 -0.377759 1.59607
-0.10677 -1.73592 1.3035 -0.113151
-3.0293 4.69254 -5.16418 -2.52242
-0.650757 1.53622 -1.13714 -1.09172
-0.425409 -1.09566 1.207 -0.256278
1.43279 0.67384 -0.029147 1.8474
-1.13646 0.117322 -0.204017 -1.2367
2.41612 -0.901137 -0.394804 6.94486
0.578419 2.15117 -1.47187 0.256297
-0.150736 1.15413 -1.05886 -0.168806
-0.453201 -1.54196 1.35424 -0.270803
-1.30234 0.260681 0.940443 -5.493
0.031773 1.12164 -1.52101 0.009061
-4.0441 0.404682 0.222445 -3.3832
-1.17181 0.130809 -0.216226 -1.12977
-0.19182 -2.11199 1.69084 -0.110357
1.32567 -0.04692 -1.00814 4.85838
-2.77628 -4.1779 3.35032 -6.498
0.399194 -1.1891 1.39598 0.015052
-1.05669 -0.840944 2.02863 -0.945676
0.490148 -2.59556 2.7876 0.566509
0.210973 1.14215 -1.12244 0.077405
0.512869 -1.20887 0.973429 0.986512
-1.22182 -0.513036 0.113205 -1.33943
-1.25322 -0.266436 -0.054213 -1.22995
-0.392599 -2.07817 2.07511 0.295905
0.287931 2.11218 -2.6829 0.038041
-7.84022 -7.68498 6.53457 -7.42379
-5.84405 -30.8092 44.1326 -4.10494
-1.03165 -1.15709 1.05666 -0.55297
-0.760818 -7.09991 12.1041 -1.51829
0.064538 2.07516 -1.45076 -0.077987
0.218476 1.40385 -1.43075 0.008505
-1.15484 -0.030326 -0.45741 -1.76601
0.243135 1.59567 -1.70664 -0.065822
1.04461 -0.325711 0.373164 1.52333
1.50173 1.24588 -1.12683 4.27281
0.311659 2.27652 -2.80338 0.099609
1.19256 -0.412742 0.190994 1.10863
1.05598 -1.53185 0.925753 2.08985
-0.372705 -2.85 1.77501 -0.260124
-1.36465 -0.856332 0.170529 -2.04651
1.18975 6.08663 -10.1131 1.11984
0.043946 1.38158 -1.56476 -0.371871
-63.8553 -170.47 172.407 -55.3249
0.427492 0.960554 -1.36074 0.551939
-0.034546 3.30626 -2.51423 0.103233
-0.287648 -1.62657 1.19288 0.011131
-4.64508 1.76127 -1.57188 -8.84405
0.134621 1.128 -1.23819 -0.05769
0.173877 1.38727 -1.22962 -0.047191
-1.23756 0.52037 -0.684956 -2.70589
-1.28707 0.325493 -0.405086 -1.57397
1.03836 0.585373 -0.387197 1.32311
-1.87667 -3.35395 2.6217 -0.864689
-0.146028 1.1296 -2.92238 0.062485
1.10991 -0.424902 0.649235 1.73643
7.62548 -7.40864 9.12538 6.92909
0.889492 -0.615179 0.885209 1.05113
-0.059879 1.52845 -1.30183 -0.768991
0.244623 1.10678 -1.45154 0.217443
-1.15855 0.680222 -1.48921 -0.989113
1.08384 1.32221 -0.649916 1.32406
1.05821 0.068393 0.044238 1.49536
1.47355 0.980309 -0.333173 2.80904
2.51384 -1.0394 0.90623 3.39739
-0.436702 1.47355 -1.42216 -1.04865
0.198951 -1.41698 1.75143 -0.311946
1.12384 0.053553 -0.264567 1.53125
1.48665 1.06867 -0.573845 1.77852
0.059256 1.19923 -1.44973 0.03651
-2.04869 -0.714176 0.88968 -2.80377
-0.482256 -2.45852 1.35623 -0.198954
-7.86469 -0.897315 -0.051043 -5.82942
-3.5706 1.2528 -1.8168 -2.75974
1.77715 0.579825 -0.307479 3.6314
0.916713 -1.77245 7.36331 -0.186946
15.4191 -1.78035 -2.09729 17.9173
0.900103 2.38376 -4.342 -0.281176
5.48098 -3.53399 3.35657 5.06117
-1.09518 -0.202518 0.202518 -1.09518
1.84298 6.26945 -10.071 0.198168
0.158656 -1.2046 1.4801 0.442948
1.06963 0.380111 -0.625065 2.49527
2.60497 12.9579 -11.6975 0.084222
0.39408 3.97519 -4.39408 0.241123
-1.35285 -0.384789 0.066013 -2.12101
-0.086241 -1.15603 1.724 -0.341771
0.668679 1.17126 -2.00888 0.005733
0.446121 1.45169 -1.00928 0.582616
-0.01201 1.19294 -1.40563 -0.036883
0.046988 -1.34753 1.18421 0.417198
-0.091669 -1.32855 1.52234 -0.018918
0.247348 1.3133 -1.81665 1.37971
14.2707 -0.107412 1.70842 10.3737
-0.267073 -1.99014 1.79641 -0.081384
1.21192 0.094901 0.1005 1.45123
-0.114529 -1.48491 1.16513 -0.492453
1.04032 -0.410086 0.427872 1.46458
-0.352846 -1.42325 1.5922 -0.084405
-0.313907 1.39892 -1.36597 0.236653
0.463671 1.15993 -1.15738 0.188373
-0.466397 1.76273 -2.40558 0.123606
-1.41788 -0.273811 -0.030592 -1.96926
1.14871 -1.05626 0.875051 1.65127
1.29356 -0.7035 0.144904 1.40828
-0.555513 -1.18043 1.39793 -0.141714
1.94336 1.79295 -0.807294 2.71791
0.644166 1.44051 -0.974863 0.561422
-0.371495 -1.92215 3.74103 -0.568305
0.158302 1.78509 -1.66694 0.076549
-1.37867 0.214507 0.130329 -1.42957
-1.52836 -1.62044 0.904325 -2.16902
-0.99868 -1.17735 0.935641 -0.799354
-0.060259 -1.20328 1.55579 0.379417
-0.638643 1.01277 -0.893212 -1.14406
-0.253314 1.53876 -1.41839 0.598601
1.08415 0.153137 0.003316 1.77569
0.574663 -2.1105 3.62879 0.244797
2.06275 1.82614 -0.3987 2.66112
-0.117304 1.37452 -1.36245 -0.020396
-1.51209 0.192338 -0.966674 -2.93292
-7.20949 0.849466 -2.1169 -7.10496
0.848204 -1.19667 1.99777 2.87461
1.34507 -0.111378 0.172846 1.11028
4.31549 -5.09387 2.43559 1.91189
-1.42375 -11.184 12.4352 -4.20164
0.105525 1.20695 -1.15101 -0.061885
0.21228 -2.24173 1.51589 0.323993
0.244667 -1.25584 1.53269 0.504918
0.259208 1.22563 -1.12033 0.186209
-0.395208 -1.11223 1.06859 -0.273381
1.15891 0.428257 -0.328609 1.4794
-0.367875 2.05443 -2.38387 -0.307695
-0.542954 -2.6971 1.67712 -0.053415
0.098471 1.59066 -1.2948 1.05782
-1.12401 0.223217 -0.166567 -1.06356
-2.11019 -7.70644 10.5194 -0.967511
0.048805 1.46826 -1.15046 -0.181759
1.37502 -0.286843 0.371204 1.5672
-1.10565 -0.030116 -0.210751 -1.36192
2.10894 -0.510422 -0.712958 7.29204
-0.096037 -1.11459 1.13997 -0.039258
-0.290187 1.60358 -3.79706 0.139161
-0.530868 -0.892718 1.09856 -0.684806
-0.886052 0.660178 -0.697466 -1.22886
0.03848 1.22852 -1.16745 0.155412
1.12155 -0.200431 0.24349 1.08871
0.395217 2.19182 -2.11008 0.571638
-0.05518 -1.47219 1.46567 0.214685
-5.99663 -0.746377 -0.452189 -6.0554
1.35686 -0.33829 0.262946 1.53905
-0.333835 1.19887 -1.10417 -0.74342
0.111741 2.41085 -1.90254 -0.273522
-0.386316 -2.23647 1.54607 -0.192932
0.70689 2.28261 -1.59698 1.93229
-1.26606 -0.374558 0.124306 -1.82442
0.39291 -2.20529 2.38242 0.178223
-1.21307 -0.738587 2.33447 -2.43368
0.043216 1.61793 -1.36038 -0.601055
1.1711 -0.967323 0.780637 2.08512
1.40917 0.264751 -0.478904 2.13107
6.54046 41.1954 -43.1219 6.53861
1.88699 -0.099929 -0.662398 4.24045
-0.399232 1.49128 -2.52434 0.898475
-0.819166 -4.23009 3.46144 -0.318557
-1.35911 1.41819 -0.138512 -3.3562
1.15189 0.451751 0.074316 1.86772
0.330049 1.51818 -1.42022 0.893417
-1.51607 0.531956 -0.326981 -1.90404
-0.634324 -1.26177 3.77282 -0.360049
0.319346 1.85966 -1.87409 0.135179
7.44345 1.1658 -1.93037 5.42328
-0.538009 -1.44597 1.20045 -0.83049
-1.70913 0.21594 0.21243 -1.38954
-1.42275 2.11633 -2.71533 -1.03057
1.22009 0.893327 -0.547991 1.51141
0.256134 6.4406 -6.4019 3.66209
0.368233 -1.00579 1.1781 0.435257
-0.115323 8.2441 -7.976 -0.726457
1.22928 -0.172441 0.030387 1.22939
2.19097 2.05985 -1.04482 2.86726
-0.921111 -3.15604 12.3633 -0.705162
-0.545017 1.32338 -1.11078 -1.05345
-0.247447 1.37325 -1.05875 -0.063274
-0.917401 -1.65193 0.731875 -1.10127
-1.10255 0.120248 -0.150456 -1.13651
0.465048 1.45411 -1.07286 1.45948
0.25965 1.51354 -1.62555 0.064584
1.10515 -0.298043 0.762842 1.30743
0.21116 3.7594 -5.93081 -0.217903
0.658633 -1.3558 1.31081 0.882341
6.32034 -0.580781 0.728926 5.80968
0.100354 1.14636 -1.28478 -0.012222
2.51704 -0.834878 -0.154128 6.79047
1.2587 -0.397367 0.526034 1.85785
-0.172471 -2.02606 1.65394 0.061163
0.166658 1.91226 -1.21201 0.366131
-2.12718 -0.051225 0.254441 -2.02298
-2.84262 -12.9535 11.642 -0.348059
1.23472 4.17913 -5.0895 1.44707
0.513953 2.17908 -1.7371 0.121936
1.24671 -0.348942 1.04551 1.18993
-1.29944 0.16841 -0.148254 -1.73143
1.26312 -0.084357 0.370438 1.78768
-0.189698 1.82724 -1.59631 0.735173
0.304981 1.71442 -1.23647 0.094143
1.35728 0.098487 0.236962 1.17142
-1.41859 0.092395 -0.457444 -1.44538
6e-005 1.2285 -1.79788 -0.090885
0.113567 -1.85381 1.30335 -0.850958
1.10526 3.06085 -14.0177 0.965359
-0.941698 1.22887 -1.00236 -1.25606
1.62883 0.825286 1.52911 6.34922
-1.53599 -1.83424 0.832298 -2.09523
-65.1384 -1.64152 2.71821 -64.5313
2.4592 0.582723 -1.87238 8.86086
0.488117 88.4019 -88.448 -6.55144
-0.446311 -1.13481 1.43687 -0.146902
1.29222 0.03432 -0.31721 2.95629
0.188893 2.06281 -2.09876 -0.012877
-1.33069 -0.344246 0.11608 -1.61871
0.163276 1.41725 -1.60844 -0.391232
-1.28165 0.216653 0.309638 -1.44023
-0.606943 0.859579 -0.859579 -0.606943
10.1269 -7.87366 4.89291 10.491
0.134106 1.34575 -1.0907 0.035171
-0.022361 -3.37903 4.57289 -0.655004
0.252951 2.08565 -2.69325 -0.063653
-1.31342 0.190397 -0.811328 -1.27831
-5.30726 4.22899 -8.34047 -3.29493
-0.788057 -1.04143 2.67789 -0.368637
-1.59172 -0.692229 0.651315 -1.14534
1.67979 -0.139115 0.197053 1.63481
-0.411128 -2.02365 2.23911 -0.161577
0.350324 1.93935 -1.37895 0.11063
0.073181 -1.34227 1.34278 -0.045784
0.996901 -0.375655 0.451183 1.404
-1.43036 -0.027194 0.642495 -1.21959
-0.666882 -2.66431 10.0743 -0.900189
-0.31365 -2.56372 1.33675 -0.068584
0.070523 1.27979 -1.34476 0.115527
0.375061 -0.997132 0.997132 0.375061
1.02081 1.09027 -0.475278 1.29666
-0.747615 -2.67856 2.92557 -0.295326
-16.4143 -0.773 2.35891 -20.5803
-0.530521 1.49033 -3.26042 -0.21228
-0.354392 1.5846 -1.3413 -0.458287
-1.42481 -1.71532 1.35267 -1.39027
0.3002 2.53583 -2.47297 0.18071
1.04677 -0.126098 0.201288 1.09223
-0.887315 0.645896 -0.592483 -1.08325
0.820524 2.41359 -3.2378 -1.53651
-0.691009 -3.28574 2.90247 -0.172065
3.10331 1.72311 -0.924479 4.01582
2.93689 13.7224 -14.3387 0.888578
-1.33669 -10.4084 38.8014 -3.50317
0.26783 2.08243 -1.29087 0.258032
0.0924 -2.27352 2.13397 0.043409
0.188578 1.94751 -1.67446 -0.000599
-0.175141 -1.50475 1.31083 -0.158258
-0.086776 -1.14026 1.20463 -0.314971
-0.101133 -1.30008 1.29266 -0.222392
-0.117324 1.5147 -2.47986 -0.073543
2.26661 5.30734 -21.9342 2.22273
1.12744 0.284047 0.134787 1.69738
1.15324 -0.023364 0.089182 1.87323
1.12101 0.201702 0.123568 1.76147
0.574661 1.75494 -1.68816 1.65749
0.009818 -1.37934 1.2604 -0.336538
3.55668 0.603622 0.051346 4.1989
4.46133 0.702379 -1.26152 4.63471
-0.183825 1.09644 -1.23318 -0.42278
1.41446 0.661827 0.006175 1.84644
1.19657 0.230644 0.215579 1.7059
-2.57703 -2.09667 2.28469 -2.82609
-1.03367 0.122261 -0.190298 -1.65677
0.541458 2.09228 -2.46805 -0.047766
1.2899 1.60962 -0.904014 1.34845
-0.168151 1.04489 -2.04793 -0.151069
0.124544 1.20697 -1.48579 -0.327094
-0.044225 2.36602 -2.28171 -0.404345
-0.167831 -1.1418 1.17223 -0.103399
-0.492124 -1.34095 1.24944 0.006454
-0.101195 -2.7103 3.20737 -0.753294
-0.157987 -1.70957 3.05137 -0.121629
-1.1859 -0.11339 -0.14552 -1.70104
-0.300992 -1.63998 2.43179 -0.545862
-0.469974 -2.33827 1.28158 -0.16842
-0.442119 -2.92972 1.80329 -0.160211
-0.586944 -2.10441 1.95376 -0.213144
-0.067967 -1.37151 1.37151 -0.067967
1.80736 0.206105 -0.659761 1.20734
1.31048 -0.40844 0.563599 1.93363
-1.15217 0.347924 -0.100066 -1.25363
0.975102 1.11619 -1.955 0.381096
-0.358069 -1.95154 1.3634 0.312621
0.245477 2.52018 -3.20317 0.188928
-0.35535 -1.23415 1.54499 -0.300313
1.32433 -0.147173 0.258396 1.60052
0.206792 1.55169 -1.1218 -0.114662
0.986318 1.09198 -1.22589 0.390474
-0.227832 -1.96049 1.47127 -0.127751
-2.53372 1.96324 -0.079898 -5.86614
0.006062 1.22614 -1.26199 -0.089058
-0.375374 -2.12265 2.1694 -0.088834
-0.64632 1.18032 -1.06534 -1.32424
1.85007 -0.778541 1.05554 2.31969
-0.251846 -1.07085 1.50868 0.001909
1.55909 -0.229115 0.346923 1.48013
0.619842 2.48879 -1.83558 0.003079
-1.30728 -1.70049 1.37618 -1.34565
-1.15837 -3.40412 2.77007 -0.536261
0.270212 -1.96795 8.9723 -0.388969
-1.70648 -0.636928 1.85098 -3.18954
1.62117 -0.16972 0.224303 1.57573
-1.3739 -0.430387 0.057016 -2.01471
2.16266 -0.383567 -0.737281 6.88427
1.92175 7.85509 -6.40771 0.658099
1.12293 -0.163043 0.096157 1.12975
0.158952 1.31481 -1.09263 -0.052681
-0.83774 -0.678679 0.713974 -0.811004
-0.1402 1.453 -1.18735 -0.584975
0.454836 2.08141 -1.1989 0.261194
-0.415137 1.13708 -1.30557 -0.078145
1.1419 -0.841481 0.72507 1.93283
-0.658234 -3.09381 4.58808 -0.850286
-1.70187 -0.507217 0.923575 -1.58787
3.37279 -1.4789 2.7254 7.0245
-0.147665 -1.3127 1.92562 0.16014
0.080466 2.03051 -2.50538 -0.019125
-1.0926 0.098194 -0.35761 -1.78562
-0.779177 -0.76052 1.15107 -0.829816
0.021754 -1.58017 1.85497 1.52683
-0.768343 1.77824 -3.43546 -0.33167
-1.16373 0.12476 -0.247867 -1.24176
0.436412 1.53721 -1.45433 -0.160443
-0.203193 -1.05326 1.21712 -0.135346
0.084373 1.3141 -1.25236 0.042597
1.25233 0.91325 -0.646373 3.27901
-1.91077 0.473369 -2.0416 -2.18238
0.211079 -1.37248 1.19927 0.772613
-3.55634 -7.368 10.5437 -3.4733
-0.463461 -1.74467 1.42452 -0.377229
0.450329 -1.09454 1.00776 0.469582
1.21077 -0.722631 0.827231 1.88331
5.93816 -0.509948 0.669372 5.43084
0.176694 1.4272 -1.54169 -0.012189
1.50048 1.95585 -0.877467 3.0508
-0.259647 -1.721 1.79215 -0.043805
-0.253228 -1.1616 1.06761 -0.372308
1.25419 1.71429 -0.601438 1.15505
0.120145 -1.45594 2.10929 0.257935
0.064742 1.05793 -1.58575 0.052208
-0.476159 -1.69101 1.25853 -0.039169
-1.97955 -0.166323 -0.035059 -1.99197
0.620093 0.998005 -1.53915 1.89196
-0.338229 3.45679 -3.46038 -0.459282
-2.30965 -0.437664 -0.175757 -2.28345
2.50965 15.4234 -14.1868 1.86344
0.583056 -3.39929 3.79335 -1.70016
9.28258 -1.93402 3.55155 12.3688
0.381419 4.21324 -4.21324 0.381419
0.59271 2.46201 -1.69176 0.079554
1.23822 -0.699228 0.738332 2.37794
-0.481185 -1.85118 1.9253 -0.162731
1.33445 -0.154289 0.170238 1.49682
0.572652 2.70511 -1.85131 0.13247
-0.353348 -2.29388 1.4069 0.053517
1.26038 -0.213701 0.275553 1.24011
-1.00194 0.913865 -0.977939 -1.95269
-1.12517 0.063777 -0.124992 -1.64443
-1.9206 0.211498 0.4909 -2.38919
2.84205 -0.837367 -0.393669 5.51178
-0.760189 5.57388 -2.76665 0.112937
-1.24999 0.042774 -0.046884 -1.78644
1.18844 -0.623535 0.745346 1.55996
1.05136 -0.500684 0.520663 1.5213
1.39652 0.853333 -0.099863 1.97989
-0.27923 -1.43536 1.50874 -0.140867
0.021401 1.10045 -1.10189 -0.003568
1.21284 -0.945698 1.19602 1.44845
0.788239 -2.66383 1.90875 0.884787
-0.014727 -1.43102 1.164 0.31547
-0.032136 1.27 -1.40518 0.140348
-0.87523 1.33152 -1.1531 -1.24743
-0.201221 -1.41051 1.34007 -0.046106
-0.235754 -1.32279 1.26894 -0.166289
-0.297671 1.73728 -1.184 -0.721692
1.1452 -0.518069 0.538738 2.17249
0.459425 -0.996268 1.56744 0.815116
0.959657 7.79127 -3.24923 0.672007
1.74111 0.349467 -0.006417 1.58695
-0.92772 -4.53078 2.22852 -0.244309
-1.37822 0.062959 -0.547961 -1.26921
0.759688 -1.47795 1.13985 1.35691
0.216031 -1.85835 2.93237 -0.714575
0.051209 -1.56276 1.31335 -0.343144
-1.32501 0.788043 -1.72051 -0.857993
-0.516222 -3.59749 3.7449 -0.464982
-4.39654 0.911665 0.552474 -5.22777
0.289073 2.15647 -1.35226 0.361528
0.312531 -1.36838 1.09764 0.71642
-1.37045 -0.832466 1.71417 -1.78051
0.385953 2.72256 -2.65864 0.579217
0.466166 -0.989143 1.27897 0.666711
-8.44312 0.801997 -2.15328 -9.79375
0.904213 -0.584928 0.669531 1.14639
1.28025 -0.047019 -0.352882 1.58482
-0.988241 -1.83825 2.60114 -0.154192
53.7623 10.0705 -8.53466 69.7408
1.10403 -0.544451 0.521147 1.80071
-1.56886 0.473576 -0.564041 -1.03955
-0.121532 2.06406 -4.24525 0.46392
-0.499424 -1.17454 0.945793 -0.77845
0.976758 1.2054 -0.62589 1.07429
0.44035 -1.75901 1.35675 0.15706
-1.27802 -0.30446 1.15619 -1.43577
2.41343 1.15775 0.295288 1.54515
1.0346 0.402952 -0.323035 1.36046
0.230385 -1.35789 1.3844 -0.351027
2.09305 4.50396 -3.90291 2.21273
-0.273116 -1.49946 1.3169 -0.039458
0.098879 1.59027 -1.10885 0.064095
1.05841 -0.106395 0.194092 1.52688
0.81677 5.55759 -4.79358 0.262191
1.73383 0.329771 -0.23405 2.32163
-1.13241 -2.29935 3.4094 0.600552
1.50899 6.65637 -7.94049 4.6074
-0.272676 -2.41479 2.76328 -0.151853
5.05978 -1.25339 1.55649 8.84489
0.559078 2.10723 -1.96192 0.183171
-0.776776 -0.964871 1.03701 -0.530129
0.233794 2.31366 -1.303 0.249431
-0.197045 -1.86961 1.26919 0.339825
-2.36478 -8.73023 10.8652 -0.843926
1.13944 -0.338914 0.414498 1.43542
-1.08191 0.084414 -0.365177 -1.66982
-0.691395 1.10153 -1.79961 -0.225445
-2.19402 0.36887 -0.511688 -2.01045
7.11752 -4.21063 3.44702 14.3025
-0.854728 -4.39132 3.75923 -0.320579
2.08377 -0.850466 1.21855 4.45694
-0.757433 0.896354 -0.798057 -1.27715
-1.06476 -6.56399 18.0433 -1.35782
-1.97551 2.89906 -6.19089 -0.491213
6.60938 -4.59723 4.91973 4.25567
1.56778 -2.68488 4.92492 2.40319
1.07753 0.146857 -0.690959 1.97819
-0.927612 -1.82273 0.838561 -1.03825
-0.274763 -1.91989 1.47878 0.311335
-0.95855 1.4094 -1.72693 -0.207382
4.16453 1.34766 -1.7658 4.02073
2.11092 -0.566934 0.390689 2.19304
-0.277204 -1.88129 1.30137 0.019717
0.657482 0.956181 -1.41192 0.719871
-0.186043 1.06657 -2.29519 -0.160305
-1.25729 -0.179693 0.208314 -1.33757
1.41647 -0.378041 0.484444 2.42878
1.17663 -0.329015 0.422441 1.7118
-2.36761 0.096343 0.846117 -3.46805
0.1121 1.47017 -1.07745 -0.061925
0.157974 -4.23671 4.52067 -0.180981
0.174876 -1.04667 1.18667 0.186775
-0.10973 1.8758 -1.8567 0.036404
0.571308 1.47852 -1.53583 -0.041939
1.41047 0.733532 -0.587492 1.94242
1.03504 0.48059 -0.262842 1.29901
1.90523 -0.707285 0.767289 1.8559
4.19944 0.515385 -0.43031 7.05792
-0.065896 -1.03966 1.25096 -0.073737
10.3087 2.48514 -2.5397 10.0905
-0.323141 -2.06174 2.9244 -0.311611
-0.147191 -1.369 1.4864 -0.186313
1.58182 -5.49981 5.9784 0.853649
0.340148 1.94773 -1.24282 0.221746
0.023392 1.04803 -1.25995 -0.001686
1.24729 0.505803 -0.022077 1.85815
-7.28981 2.91059 -3.96952 -6.05156
-1.86697 -0.229497 1.22721 -1.74697
-2.08044 0.204575 -0.300946 -1.96678
-0.348695 -1.29075 1.66173 -0.305579
-0.871279 1.20552 -1.23281 -1.69136
-0.778305 0.713526 -0.780076 -0.814993
-0.078786 1.27517 -1.868 0.062571
0.17649 1.91427 -1.46832 -0.374671
-7.43637 -1.61709 3.54798 -6.05229
0.183694 -1.93584 1.6634 -1.49152
-0.624579 -3.24205 2.4868 -0.448026
-0.987587 0.420335 -0.411788 -1.66705
1.27587 -0.209739 0.254488 1.29437
0.11859 -1.41795 1.19033 0.496244
-1.14941 -0.187027 -0.039608 -1.18723
0.099932 2.43616 -2.52053 0.162737
1.34137 0.004376 -0.347697 1.51498
-0.733932 -5.82516 3.38306 -4.726
-7.96487 1.64006 -3.20123 -9.85627
-1.1888 4.38726 -6.5133 -0.332489
-1.37306 0.830893 -1.28665 -2.65594
1.44542 -5.48727 7.55262 0.812971
-0.254668 2.2119 -2.40113 -0.050569
0.627757 3.21766 -1.60699 0.147213
-1.57882 -13.9831 21.128 -4.24462
1.10005 0.174127 -0.174127 1.10005
1.28949 0.229531 0.000752 1.74676
0.364965 -1.04187 1.04187 0.364965
8.43825 -4.50413 -1.31277 17.6817
1.24485 0.302402 0.189232 1.75819
-20.1054 0.740996 -1.85599 -21.284
0.244715 2.1029 -2.01341 0.351282
-0.255305 1.12152 -1.04799 -0.394358
0.263768 3.144 -3.15062 0.168631
0.376844 2.75707 -2.01341 0.17249
-3.77856 -1.49288 1.93313 -4.84577
-0.225975 -1.7012 1.75063 0.298072
0.499944 -2.06442 9.16338 -0.38009
-1.3639 -0.554738 -0.055526 -2.27775
5.2125 -0.220508 1.63128 4.64484
0.764366 -1.55271 1.12215 1.31011
-7.60053 1.92661 -2.42111 -8.04867
-0.124895 1.57721 -1.34352 -0.309373
0.119091 -1.27818 5.73862 -0.180334
0.115914 2.15659 -2.15059 0.200611
1.08028 -0.145609 0.399024 1.36474
-0.527813 -1.30285 1.42347 -0.43198
-1.34049 0.161923 -0.112585 -1.37428
1.21241 -0.550785 0.673654 1.4429
-1.19299 0.308206 -0.519881 -1.68194
-5.77259 0.081589 -0.096497 -5.72057
-1.39523 0.246675 -0.859347 -1.4584
0.322031 -1.19723 1.53461 -0.234025
-1.06217 -0.937538 0.54195 -1.46559
2.84365 -0.043673 -0.772925 3.69106
-5.27997 -0.762403 -0.381952 -8.90066
-4.47341 1.34411 -1.91577 -7.28626
-12.0837 -0.541846 3.00201 -14.5028
1.03203 0.38182 -0.27068 1.20201
-0.286843 -2.46033 1.97272 -0.070263
0.661362 -3.247 1.57173 0.660759
1.30361 0.12039 -0.428241 3.82315
0.777024 3.29729 -12.8248 0.588517
-0.592161 0.891294 -1.67406 -0.994572
1.44315 0.589129 -0.888265 1.31157
-0.25729 -2.21052 2.06811 0.031347
-1.33241 -0.725226 0.535569 -1.30586
-0.252946 -1.64181 1.39076 -0.092457
-0.606375 -0.879735 0.991058 -0.745709
2.73543 -0.310852 0.335862 3.09715
-6.98403 0.440384 -0.376256 -4.26911
1.06069 -0.216654 0.392915 2.04499
-12.986 -6.33851 4.53195 -12.4619
-0.040153 -1.12902 1.27391 0.059432
5.38386 -0.536784 1.63481 6.19116
-1.06006 0.072826 -0.16505 -1.2137
-0.363474 -1.53114 2.27176 -0.119957
-1.95426 0.381166 -0.586936 -2.30323
3.7564 1.46073 -3.51722 2.52814
-0.890896 -3.3695 16.6477 -1.62416
-2.80283 0.245563 -0.488014 -2.05021
0.040576 1.0816 -1.52548 -0.116489
2.23237 0.178471 0.010433 2.04321
3.70155 1.04509 -0.387911 6.9367
1.12347 -1.04476 0.565403 2.05324
-0.440266 1.21934 -1.26562 -0.48058
-1.03491 0.670976 -0.725306 -1.74676
1.08651 0.71101 -0.848189 2.32285
-0.153184 -1.2801 1.9873 0.801772
-3.10487 0.553843 0.393756 -2.45196
-1.06083 0.143183 -0.326247 -1.62012
0.259523 7.35833 -5.95938 1.69761
2.59117 0.568718 -0.711996 2.58928
-1.49596 -0.348181 0.618653 -1.25175
-0.3037 -4.19645 5.9282 -0.707537
-0.708396 -2.53547 1.94825 -0.231738
-1.68341 0.151619 0.934653 -1.48343
-0.311306 -1.40655 1.28837 -0.046213
-0.539956 -1.88084 1.43457 -0.140328
-1.43568 0.065255 -0.360791 -1.46909
-0.035318 1.32358 -1.77948 -0.06331
-2.27123 -8.90277 16.6955 -2.46846
0.116355 1.2094 -1.28541 0.079106
0.467371 2.19218 -1.96218 0.000216
-1.18249 -0.271543 -0.079203 -1.38425
0.714935 1.71123 -1.32664 0.231902
-0.945146 0.639698 -0.789534 -1.83323
0.897515 0.720241 -2.14858 1.29395
-2.32199 0.615308 -0.865599 -4.09573
-2.16519 2.63452 -2.2058 -4.35569
-1.9197 -0.74091 0.730354 -1.84274
-0.639571 -4.93097 2.9133 0.098243
2.84018 1.18466 -1.30734 3.20555
-0.252188 -2.0518 2.17551 -0.36775
0.64708 2.03529 -1.37784 0.254191
0.055477 1.75493 -1.2883 -0.155193
-0.947598 0.644488 -0.743662 -0.908608
-0.182564 -1.80782 1.88255 -0.184264
1.08736 0.910184 -0.476718 1.45886
-7.255 -4.20152 1.46888 -12.8509
0.794946 1.8177 -1.23944 1.12586
-0.591773 0.901633 -1.11324 -0.825419
-1.29694 0.156384 -0.235706 -1.20144
0.607833 -1.27522 4.31223 -0.15933
-1.3435 -1.03496 0.464059 -2.35858
-1.29704 0.166182 -0.318951 -1.1925
-0.235241 -1.6276 1.46742 -0.04709
0.325805 -1.52579 1.10251 0.932764
-2.40621 0.125986 0.463147 -1.76256
-0.189815 -1.64374 1.38518 -0.008852
1.11985 -0.108445 0.263157 1.31708
-0.299762 -2.67791 1.66734 -0.169831
-3.66037 -4.45339 4.80969 -9.50916
1.19436 -0.760231 0.638799 2.01712
2.63199 0.976889 -1.34078 2.71713
0.639711 1.36573 -1.65462 1.43953
0.577751 2.26418 -1.90884 0.788351
0.404498 2.10789 -1.24204 0.184629
-0.243509 -2.23147 1.38354 -0.102579
-5.6415 2.51428 0.571215 -10.4404
-7.9659 -0.972446 1.90752 -9.9802
0.040701 1.08992 -1.26487 0.230172
-7.33967 -0.891566 -0.150293 -6.37812
-0.2276 -1.86404 1.88743 -0.044356
-3.0878 -13.7884 14.4003 -5.97785
1.50778 0.067351 1.82549 4.55843
0.145281 1.89109 -1.30879 -0.024468
0.382029 11.5108 -28.2209 0.69357
1.57409 -5.98829 5.35664 1.46587
-0.347116 -2.39644 1.25161 -0.359401
-1.24359 -0.457794 -0.155858 -1.66923
-0.323015 1.33194 -1.24795 -0.214079
0.437328 2.03961 -2.18914 0.215724
-0.31775 1.55635 -1.43722 -0.475659
-1.46573 -0.21637 -0.053502 -1.47195
1.17421 -0.127276 0.21184 1.29845
0.472749 2.8373 -1.86355 0.04279
-0.848769 -0.77279 0.731046 -1.29641
2.45796 0.437203 -1.5752 6.88993
-1.57086 -8.86203 37.5546 -3.04478
0.89866 4.38972 -5.70663 3.01264
-1.07688 -0.139178 -0.040981 -1.73015
-0.265799 -1.89829 1.34151 0.136417
-0.205089 1.8421 -1.29043 -0.779602
-0.168219 -3.68035 5.32121 -0.314645
1.08951 -0.128636 0.20638 1.15407
1.32313 -0.614761 0.944281 1.66701
-1.18683 0.029014 -0.227713 -1.42452
0.152148 -2.60923 1.53127 0.27655
0.734064 2.37739 -1.73347 0.156961
-0.080823 -2.02626 2.29039 -0.482394
1.67419 -2.15675 2.93277 1.52673
-1.21476 -0.513515 0.465801 -1.20651
-0.392211 -2.17463 1.34236 -0.054853
0.646708 2.24364 -2.04244 0.857199
-0.008628 -1.10125 1.26936 0.017838
-5.82934 1.09807 -2.24304 -8.04949
-0.918327 0.649294 -0.622788 -1.58181
0.81723 -1.2903 1.99381 -0.192666
-0.875745 0.995848 -1.44522 -0.804211
-0.347576 -4.21617 4.21617 -0.347576
-0.381396 1.02626 -1.2275 -0.304792
-0.957499 -1.17988 0.614188 -1.07049
-0.355676 1.3069 -1.22379 -0.33676
-0.038462 -2.47194 2.33025 -0.138056
-1.76572 -2.18445 1.39871 -1.86321
0.835953 -0.851506 0.812714 1.05538
-2.23103 0.342374 -0.147732 -2.18268
-1.2101 0.289533 0.123425 -2.05496
-0.930634 0.591796 -0.754761 -0.868717
5.24824 0.429154 -1.65552 6.06138
4.95573 24.8731 -25.4425 -0.306242
1.32855 -0.244031 0.285629 1.96824
0.301313 5.43855 -9.31486 0.41922
-0.560983 -1.13965 0.891162 -0.604629
-0.308899 -2.86693 1.56497 -0.069113
0.428128 5.41332 -5.41332 0.428128
2.07287 0.930504 -0.707372 2.48463
-0.794586 -4.19682 3.68575 -0.306005
-26.0823 -1.17392 2.63712 -32.706
1.33433 -0.279518 0.365031 1.4336
-0.646565 -1.4049 2.28997 -0.383352
9.43565 0.395455 1.84632 10.1868
1.11313 0.186873 0.048237 2.88018
-0.354852 -2.04303 1.55977 -0.053685
1.57154 0.271708 1.2922 2.21086
-0.538321 -3.06547 2.70288 -0.540275
0.940474 -0.569906 0.569906 0.940474
0.296311 1.02557 -1.02557 0.296311
-0.083051 1.63534 -1.68927 -0.132766
-2.24195 0.177537 -0.89479 -4.53389
4.73469 -2.49645 3.78196 5.0316
1.69534 6.42266 -7.14277 0.474073
0.277749 1.45552 -1.05873 0.190319
0.293735 1.06265 -1.06265 0.293735
2.38831 -0.451757 -0.54075 4.80438
1.31405 -0.445353 0.533468 1.93768
-0.555386 -2.13218 1.33467 -0.79647
-2.88197 0.520285 -0.338831 -2.75405
1.66413 0.080827 -0.488658 2.68594
-1.40481 -0.068809 0.049641 -1.19152
0.18552 -5.0735 7.10811 -0.525547
-0.140352 -1.06261 1.2777 -0.130249
0.054243 1.21186 -1.49884 0.582755
0.090348 -1.34426 1.59073 -0.058608
-1.10729 -0.06019 -0.262076 -1.70439
1.09199 -0.142339 0.138328 1.04789
2.24953 -0.24644 0.423751 2.71538
0.471888 2.30287 -2.1256 0.703683
-20.8088 8.06937 -6.26533 -23.0956
0.354261 1.92395 -2.09188 0.080358
-1.43026 0.221572 -0.417595 -1.40613
-1.24649 0.140243 -1.18944 -2.40131
-0.994422 -0.317079 0.439674 -1.33764
1.25633 -0.573664 0.279658 1.86299
-1.13349 0.060501 -0.821568 -2.35226
-2.85266 3.17045 -5.01314 -1.23754
-1.17376 -0.097483 -0.206924 -1.26108
0.633428 -1.39379 1.09283 1.19762
-0.164971 -2.31395 1.93132 -0.144972
0.215397 1.41018 -1.50124 0.099599
-0.011492 2.17055 -1.39798 -0.29066
1.85881 -0.06263 -1.51329 7.92447
-0.383515 1.22958 -1.46917 -0.93642
-1.15363 0.496032 -0.585719 -1.48144
1.76368 -0.13247 0.134035 1.43246
-0.018115 -1.31872 5.59947 -0.134506
1.1442 -0.723113 0.920478 2.03362
0.258017 5.81593 -7.6435 0.79829
-1.32763 -0.600839 0.238558 -1.21089
1.16452 0.059234 0.056779 1.35476
-0.732384 -1.84636 1.68465 -0.403895
1.08022 -0.127386 0.255591 1.14958
0.190074 2.27573 -1.24328 0.358253
-1.96914 0.48662 -0.78991 -1.86313
1.63188 0.955679 -1.00345 2.85631
-0.574283 -0.94164 1.45576 -0.800196
0.661003 -1.31543 1.42648 0.043871
-0.835249 -1.31419 2.24984 0.241932
-0.495999 -1.44326 1.83781 -0.284393
-2.28285 -1.18649 3.08514 -3.61081
1.3347 1.87278 -1.56335 -0.050787
0.035554 1.12727 -1.07608 0.000535
0.230862 -1.61906 1.38391 0.504729
-0.319625 -2.23477 2.02191 -0.101809
0.230377 2.44772 -2.04431 -0.101044
0.759704 -0.812946 1.17986 1.47143
-1.6458 5.21489 -5.74466 -1.5997
-1.40696 -1.45781 0.926429 -2.23691
5.36408 -1.13472 0.992002 5.56388
7.95628 -1.1092 1.55208 8.47692
-0.888342 -1.38349 2.13146 0.252741
-0.396307 -1.81254 1.28728 0.121726
1.07704 -0.571204 0.847911 1.47998
1.54859 1.86402 -2.35254 1.37157
1.18916 1.15306 -0.747886 1.26049
1.30908 -0.222318 0.140477 1.41256
-0.151364 2.4768 -3.06061 -0.073085
1.0238 -0.568295 0.633164 1.96185
1.33724 0.499864 0.083267 1.36591
-0.790655 -1.32398 0.866782 -0.901175
-17.7335 -3.04136 0.010489 -14.9722
0.399228 1.07595 -1.19867 0.173551
1.49542 -0.37693 0.572953 1.47851
0.144511 1.05411 -1.57553 0.025089
-1.65784 1.0475 -1.45332 -2.11146
-21.5975 117.305 -90.0863 -28.6807
-0.409698 -1.80805 1.49227 0.122991
-0.3222 -1.07002 1.01609 -0.252835
-0.738311 -13.1866 16.6199 -1.22874
-0.15373 1.50025 -1.37714 0.210763
0.034727 1.17613 -1.32505 -0.33232
-0.326219 -2.17567 3.69734 -0.302267
4.28561 -1.24839 1.33255 7.90438
-0.13722 -2.12485 2.07304 -0.308446
-1.36699 -0.441998 -0.317077 -1.62192
-1.68812 -3.69437 5.68941 -0.729491
-0.158637 -1.82772 1.50427 -0.136293
-0.209595 -1.06867 1.2919 -0.202276
-0.577016 0.885876 -1.13062 -0.933704
0.563291 3.36551 -1.5675 0.189046
0.157465 1.99941 -2.08408 -0.072847
1.21283 0.324998 -0.549295 2.12248
0.163086 1.09772 -1.76895 -0.064662
-0.572352 1.5649 -2.26069 0.151232
-0.028412 -1.47704 1.26077 0.10002
-1.5162 0.099201 -0.235379 -1.43884
1.08945 0.452064 -0.188053 1.24728
-0.130133 -1.34024 1.32153 0.363683
1.29448 -0.017363 0.284823 1.4072
-0.146337 -1.44066 1.41423 -0.089552
-0.194137 1.43227 -1.75808 -0.134476
-1.16263 0.100801 0.020576 -1.30793
0.074807 1.40992 -1.27672 -0.032528
1.458 3.97788 -5.86511 0.388611
-1.25928 -0.249829 0.266039 -1.93323
0.669288 1.19859 -1.76409 0.066479
-0.153353 -2.40288 1.77181 0.381777
1.75989 7.29733 -9.25938 4.56541
-9.03396 -0.741082 -0.717717 -10.7153
-0.226981 -1.86792 2.77088 -0.661661
-0.141442 1.10914 -1.81973 0.243427
-0.585392 -3.71123 3.44455 0.305294
-1.13459 0.000157 0.326552 -1.31686
0.06761 1.60691 -1.10001 -0.227811
-1.46599 -0.829157 0.085821 -1.99274
-0.165499 -1.11813 1.29126 -0.089538
0.305964 -1.24434 1.09861 0.558042
-0.46945 1.22218 -1.86587 -0.080231
0.115955 -3.06928 2.93955 0.781478
-0.571124 -1.09342 1.63501 -0.393256
0.111191 1.43924 -1.71576 0.117437
-0.285197 -1.28582 1.29456 -0.115121
3.35008 0.401934 0.505379 7.80986
-2.36246 0.387338 -0.440257 -2.03766
0.374334 1.48049 -1.30558 0.693273
0.112447 1.28023 -1.28933 0.222458
1.09442 -0.181862 0.183403 1.28096
1.3768 -0.121484 -0.750817 1.72413
-1.08531 -0.158668 0.202793 -1.72125
-0.102621 1.32889 -2.19134 0.07712
-0.303645 -2.15261 3.16186 -0.425119
-1.93187 0.206454 -0.363266 -2.00751
-10.6308 0.620838 -1.96428 -23.3562
-1.15582 0.571202 -0.967054 -1.62967
1.09832 0.040926 -0.02967 1.09096
0.179376 -1.26788 3.34127 -0.189309
-1.70422 0.325512 -0.561263 -2.28683
-0.219618 -1.07816 1.26991 -0.066573
0.161138 -1.17261 3.05571 -0.006666
-0.210947 -1.84485 1.61633 0.527656
-1.42379 0.165015 -0.860145 -1.2465
-2.98105 -0.594495 1.18081 -3.7189
-14.4626 0.226598 2.90761 -17.5722
-1.18026 -0.469719 0.002262 -1.90909
-2.23137 -1.44639 1.8779 -2.23049
0.084833 1.68702 -1.31856 -0.483288
-0.99371 -0.486246 1.79418 -2.73467
-1.30501 -1.16328 0.518716 -2.31535
1.14592 -0.196058 0.261924 1.08302
-0.206486 -1.30443 1.70127 -0.120065
-1.16126 -0.253431 0.001238 -1.1878
0.278013 -2.54679 1.48641 0.484982
1.1012 0.000841 -0.405286 1.95536
-9.18355 -1.43016 -0.550864 -6.55555
1.38189 -0.344806 0.599834 2.5935
-0.300659 -2.02395 1.54568 0.126496
-0.00878 2.60425 -2.24604 -0.581097
76.345 -10.2376 12.9997 75.6134
-0.458044 -2.20974 1.20004 -0.130774
-0.603098 -1.88693 1.57571 -0.42653
-16.4948 -1.89318 2.1507 -19.7925
-0.641485 3.47062 -2.79822 -0.051574
2.28363 14.6002 -7.46249 2.3307
1.53631 -0.084375 0.454743 1.3137
0.096284 2.33528 -3.12825 0.93021
-0.485586 -2.02984 2.35356 -0.426435
0.496152 2.17951 -1.70124 -0.067384
0.898346 2.03486 -1.38848 0.978002
4.19529 -0.528028 -0.413702 4.49505
0.210522 2.08319 -1.32748 -0.024425
-0.31444 -2.10637 2.5142 0.075935
0.805592 4.23389 -6.94761 0.702424
-1.17205 -0.016687 -0.224896 -1.64904
-1.05249 0.114585 -0.21658 -1.2985
0.267014 1.78958 -1.25043 0.024036
1.04703 -0.228858 0.445526 1.69002
-0.055546 -1.07051 1.39997 -0.047043
-0.3847 -11.8444 14.312 -2.44908
-1.82567 -0.835818 0.634915 -3.01369
1.75865 10.4948 -8.74926 0.308691
1.74638 -0.769847 -0.570551 5.18131
-0.17978 1.42933 -1.14389 0.113548
-1.53888 1.62947 -0.882528 -1.13238
1.05672 -2.62561 2.20898 2.39743
-0.192757 -1.06307 1.06307 -0.192757
-0.05376 -2.45545 1.64685 -0.006712
-1.11967 -0.011157 0.064352 -1.45723
-0.50546 -2.36833 1.86675 -0.030229
0.001515 1.18921 -1.32275 0.060647
-0.540147 -1.03619 3.93406 -0.456099
-0.337589 -1.04223 2.51577 -1.14811
-0.534716 1.33388 -3.32586 -0.171352
-2.30563 1.61021 -1.59037 -4.76463
0.070267 1.50416 -1.34343 0.042256
0.698489 -1.1522 1.87737 2.67345
0.393946 2.20451 -4.90371 0.274235
-0.030609 1.76746 -2.78237 -0.528203
0.197844 1.9165 -1.74647 0.056006
1.12301 0.123893 0.200113 1.55098
-0.028745 -2.55134 4.68157 -0.281459
-1.1844 0.6271 -0.324679 -1.75162
-0.576388 1.28579 -0.962068 -0.685849
0.507163 -3.86927 12.4254 -0.804141
1.81095 2.79447 -3.101 2.17476
-1.27964 0.583903 -0.167 -1.13228
-0.045364 1.57867 -1.51004 0.048746
1.13727 -0.102023 0.339734 1.30048
-0.256576 -2.00061 2.07421 -0.022492
-0.347175 -2.13041 1.85471 -0.119216
-1.54287 0.464106 0.583663 -1.71452
0.9897 -0.73332 0.655818 1.5553
-1.01094 0.319879 -0.315867 -1.46234
-0.258779 -1.81497 1.55124 -0.212763
-1.59191 0.311897 0.484599 -1.55408
-0.961832 -4.53054 1.76891 -0.147198
0.921553 -0.884481 4.19199 1.80871
-0.200484 -1.27673 1.07836 -0.082508
-0.707968 1.07186 -2.48785 -0.301989
0.027235 -1.6467 1.40256 0.332625
-1.04908 -0.109412 -0.001174 -1.43968
1.04502 0.782267 -0.337071 1.31249
1.01062 -0.519266 0.488144 1.68305
-1.1267 0.08188 -0.274996 -1.50545
-0.197054 -1.16574 2.11565 0.43241
0.061898 7.16637 -20.0667 0.797789
0.386405 2.21066 -1.80025 0.107689
-0.678623 1.19384 -1.18183 -0.231062
5.92686 -7.17559 4.76363 15.9683
-2.73598 0.839053 -0.493657 -1.79524
-0.383441 2.65838 -2.49159 0.12556
-0.174814 -1.48531 1.5083 0.427329
-0.145227 -1.17242 3.52345 -1.23891
-1.06861 0.157465 -0.399095 -1.54794
1.41003 -0.279936 0.355719 2.15103
-0.248558 -2.1505 1.97637 -0.317971
0.020586 1.47128 -1.42469 -0.465618
-3.21272 -44.6392 48.6635 -5.40072
-0.029237 1.31135 -1.36069 0.198058
1.83798 2.49978 -4.05915 4.1623
1.65738 -0.036475 -0.47045 2.24614
-0.49235 -1.1779 1.60416 -0.043176
-1.88434 -5.29908 7.21447 -1.19378
-25.9078 -5.8217 0.817548 -24.1841
-0.276579 -1.42156 1.54075 0.161888
-1.38886 0.117783 -0.253048 -1.26933
-1.76325 -0.361718 0.400595 -1.29685
0.285331 1.17256 -1.50427 0.123253
-1.7351 1.04671 -1.05573 -3.16093
1.81757 -0.126928 0.169378 1.81576
1.10869 -0.294738 0.600251 1.18633
1.45558 5.29214 -3.0759 1.08915
-1.64213 1.95924 -1.15426 -1.10512
0.513716 1.71556 -1.94036 1.45491
-1.16267 0.442424 -0.477169 -1.56519
-0.383363 -1.67889 1.7366 -0.166591
0.13581 1.46017 -1.55929 0.127392
0.343749 1.63866 -1.09345 0.29319
0.977455 -0.684534 0.661514 1.84301
-0.682811 -2.92064 2.01026 -0.058437
1.05978 0.311978 -0.808968 2.0078
-3.09636 -5.61249 6.2683 -2.56683
1.15624 -0.732006 0.39981 1.80414
-0.26035 -1.89982 1.33913 -0.013065
3.3406 -2.57582 0.256944 5.76394
-0.127449 1.05459 -1.24255 -0.143744
0.451894 -1.01907 1.36567 0.440663
1.80923 0.317952 -0.752579 3.50868
-3.12719 2.32291 0.114905 -8.24159
-0.91298 -0.515337 0.515337 -0.91298
1.07869 -0.132099 0.257976 1.73245
-0.871224 0.72012 -0.887928 -1.60448
-0.408292 -1.66465 1.38389 -0.078908
-0.488329 -3.53697 8.25377 -0.523348
-0.29779 -1.13107 1.53329 -0.512363
1.03493 1.09224 -0.387328 4.0882
0.968933 8.55773 -4.47864 0.593383
1.79766 0.96075 -0.674209 3.95706
0.368248 1.1475 -1.21975 0.118001
4.30647 -0.99652 1.03338 4.9182
-2.18801 0.219376 -0.095224 -2.07292
1.13517 -0.387143 0.560252 1.134
-1.4909 0.020344 -1.29361 -2.05376
-1.26847 0.043923 -0.312559 -1.18124
-1.10634 0.839718 -0.046933 -3.93775
1.93657 1.71124 -1.89701 1.24012
2.5583 1.13935 -0.309447 2.4983
0.123629 -1.18767 1.31072 -0.008023
-1.30769 -0.45212 0.154905 -1.83641
1.22373 10.4285 -10.2211 4.97813
-0.328349 -2.20222 2.15348 0.065699
1.22656 -0.065469 0.200016 1.51549
0.900095 0.84809 -0.796757 2.66949
1.0989 -0.081334 0.020365 1.06311
1.29348 0.192283 -0.594118 5.36052
2.68735 1.67055 -0.577913 5.7058
-1.73973 0.642003 -0.552044 -0.936634
0.263727 2.06625 -1.42937 -0.038753
-2.40621 0.125986 0.463147 -1.76256
1.15326 -0.19739 0.370772 1.11407
-1.00044 0.767813 -0.405552 -4.88679
0.02755 5.61542 -10.8749 0.063995
1.21627 -0.139673 0.208193 1.0527
-0.200904 -1.26793 1.07048 -0.320861
3.77415 -4.6604 6.90013 3.61497
1.26125 0.048149 -0.369811 1.59926
-1.55833 -0.764941 0.608094 -1.29192
2.37398 1.43489 -1.93945 1.86602
3.96068 -3.23531 3.53959 3.05885
-0.281931 -1.47142 1.1718 0.033457
-0.681873 -2.76719 1.67753 -0.240511
-0.065113 2.46971 -2.03824 1.12951
2.08492 0.255283 -0.847206 3.13962
-0.495291 -1.39396 1.372 -0.281653
0.364001 2.6942 -1.73816 0.267859
0.049128 1.79832 -1.18069 -0.321025
-0.366952 1.09236 -1.21154 -0.492512
1.52194 1.7848 -2.43045 1.95601
0.221809 2.56827 -1.40398 0.194957
-2.64016 -5.24465 5.92332 -2.1709
0.63714 -0.994115 2.34646 1.65517
-76.7732 -114.718 112.006 -77.2906
1.46666 0.654078 -0.358062 5.3942
1.10083 -0.948191 1.71129 1.0876
4.74298 1.58753 -2.97737 9.73393
-1.31472 -0.014718 -0.097842 -2.0983
7.1153 -2.81452 -0.799602 18.6434
0.262502 1.47708 -1.02609 0.242874
-4.95454 -0.434559 0.219657 -2.74724
-0.638903 -3.05226 1.96504 -0.165916
-0.37241 -1.06372 2.78658 -0.206169
-0.607974 0.916905 -0.993021 -0.815005
-1.01147 0.745597 -0.433627 -5.23305
0.091078 2.58834 -1.50944 0.147672
-0.243371 1.3078 -1.03979 -0.456127
0.150261 -4.29877 3.44885 -0.761193
-1.49685 0.14147 -0.462641 -1.9458
-8.38983 -1.83253 0.252573 -10.3065
-0.165454 -1.94538 1.49292 0.308098
-0.155381 -1.32444 1.27462 -0.080521
0.967879 -0.668584 0.598282 1.6797
1.30838 -1.9861 1.65846 1.84173
0.056207 1.23045 -1.2703 -0.022383
-0.684436 1.02362 -1.05644 -0.707631
1.44505 -0.464888 0.624348 1.43831
-0.538823 -1.03065 0.963356 -0.596887
0.996001 -0.299376 0.482985 1.63606
-0.891107 0.583849 -0.788215 -1.28455
1.13217 -0.202939 0.439763 1.64325
1.11006 0.625501 -0.364688 1.17212
0.909982 -0.702027 1.16308 1.07322
-1.01309 -1.26769 0.681267 -1.38995
1.04512 -0.575541 0.96665 1.81344
0.010125 1.0729 -1.35001 0.013226
-0.247486 -1.91834 1.20664 -1.28947
-0.953425 0.913209 -1.1197 -0.775659
-0.916333 0.594652 -0.503331 -1.29196
-0.378888 -1.99853 2.2893 -0.007597
1.05669 -0.159596 0.313348 1.37671
-11.3029 -4.84122 3.35286 -11.4649
-0.207395 -2.14502 1.75137 -0.1068
1.43266 -0.158728 0.299275 1.68285
3.20974 2.62218 2.5759 11.0226
0.01916 -1.33041 1.12803 0.303232
1.02605 -0.135858 0.173997 1.21545
-0.378019 -1.00707 1.12613 -0.314312
1.24306 -0.172007 0.310632 1.50128
0.106547 1.55905 -1.28941 -0.100324
1.47802 -0.098114 0.130917 1.39888
1.28076 -0.277983 0.146164 1.32009
-0.175431 -1.32152 1.1369 -0.005877
1.14175 -0.082472 0.171954 1.23951
1.08684 -0.38138 0.657031 1.80529
-1.08504 0.169996 -0.353806 -1.5352
-0.290513 1.20695 -1.23051 -0.243466
-4.50556 -10.2191 11.8895 -6.18083
1.31678 0.04597 -0.378065 1.13884
-0.035049 1.25216 -1.41581 0.249009
0.748742 3.28491 -3.97533 0.848734
0.297403 1.57409 -1.16387 0.01802
1.33737 -0.670486 0.578918 2.07573
-0.222195 1.75274 -1.22754 -0.797785
-0.457489 -2.39871 1.97146 0.051475
-1.2111 0.164121 -0.236428 -1.04917
0.232439 1.65561 -1.5049 0.167165
-0.427213 -1.22848 1.49193 -0.27836
-1.53102 0.120844 -0.19263 -1.54322
2.55901 -4.15437 6.30231 3.0135
6.67007 3.7092 -3.84859 4.49692
-1.14212 -0.792952 2.01509 -1.1778
0.781979 0.705026 -1.19906 1.15661
6.92774 -0.647607 0.940952 6.13753
0.227166 1.76904 -1.06008 0.216921
-2.77868 -1.41165 -0.505133 -3.22954
-0.464581 1.17106 -3.08209 -0.056874
0.315895 2.14383 -1.3171 0.225248
-1.18522 -0.359629 -0.170805 -1.54491
0.124153 1.28882 -1.23318 0.108433
-0.982297 0.409307 -0.614557 -1.48981
-0.273719 -1.31176 1.31176 -0.273719
-4.37435 1.18294 -2.50293 -4.09789
-0.100431 1.24877 -1.33164 0.020116
2.04642 0.560514 -1.28061 1.45681
-0.366078 -1.54264 1.47714 -0.079826
1.3326 -1.56915 0.72746 0.799031
-1.07803 -2.60473 5.75659 0.274226
0.781787 -0.843234 0.750679 1.24191
-0.475022 -2.85298 1.63103 -0.102548
-0.444095 -2.44183 3.30584 -0.939222
0.882598 3.75537 -12.4044 1.2309
-0.294319 -1.89771 1.11122 0.064425
-1.93266 0.103158 0.952884 -1.30052
0.418101 2.78417 -1.69623 0.053378
-0.864227 -2.69536 1.63789 -1.08297
3.65484 10.6518 -19.2045 0.631588
0.770586 2.33928 -1.00089 0.946404
0.202315 1.11743 -1.12278 0.070348
1.36724 0.78049 -0.464654 1.79811
0.375432 -2.71787 5.42992 0.471106
1.36026 0.427073 -0.064576 2.01491
-0.150322 -1.85772 1.48608 0.298823
-1.02685 0.555579 -0.972112 -1.7754
-1.45507 -7.02971 31.8576 -2.62866
-2.34206 -0.149804 0.455728 -1.10698
-1.92229 -0.602281 0.168522 -1.94768
1.1222 -0.091731 0.068942 1.11597
1.07085 0.972605 -1.25528 0.642599
9.75299 0.714464 -3.87601 12.4194
-0.538815 1.28546 -1.41342 -1.20968
-0.011413 -1.24533 1.15089 0.194941
1.45231 0.076598 0.170044 1.61709
-0.430459 1.06672 -1.46093 -0.285836
-2.65811 0.75546 -0.727899 -3.01965
-0.602549 -2.18039 1.54867 0.021224
-0.24037 1.42988 -1.14526 -0.0665
6.50628 -0.55887 0.674655 6.02087
-0.29907 -1.97002 2.03204 -0.252309
-0.108248 -2.16508 2.00237 0.022606
4.12982 0.95997 -1.44572 4.37089
-0.002779 1.06358 -1.06871 0.024022
-1.17337 -0.535774 0.305544 -1.37413
-0.028435 1.14063 -1.4945 -0.195878
-0.124612 -1.39716 1.18017 -0.019406
1.12186 -0.269866 0.138964 1.3601
1.1692 -0.164342 -0.887825 3.89828
-0.082854 1.28554 -1.16014 -0.419502
-0.463612 -2.08096 1.51645 0.036918
2.20738 -0.293747 0.556871 2.00873
2.10703 -0.62074 0.62074 2.10703
0.229286 1.3592 -1.2813 0.794194
3.33114 4.35029 -5.21028 3.47155
1.07759 -0.069859 0.136394 1.10605
-0.075363 -1.1006 1.11455 -0.02319
2.34613 -0.203373 -0.533078 3.64085
-1.08945 -0.197426 -0.096043 -1.53629
1.16956 -0.275742 0.039126 1.40461
1.19697 -0.450664 0.397337 1.73963
-0.573288 -2.3614 1.86346 -0.076061
0.109024 -5.84036 8.97425 -0.62428
-1.16794 0.018785 -0.161759 -1.18627
1.02122 -0.562462 0.881254 1.22918
-1.53257 -1.42007 1.67922 -2.13273
-1.17209 0.080159 -0.436975 -1.28337
1.10706 -0.090319 0.117157 1.58899
1.47141 0.611698 -0.701249 2.18927
0.291463 2.30972 -4.64848 0.095218
-0.320769 1.56029 -1.87516 0.348102
-0.237442 -1.03671 1.19347 -0.33044
0.235481 -1.19978 2.00999 1.61265
-0.607923 -1.50658 2.30504 -0.069509
1.01042 -0.270697 0.296513 1.26139
6.27795 2.92764 -5.5244 4.85952
1.24853 0.351929 0.092455 1.33951
-1.1933 0.078424 -0.252776 -1.4194
-0.04963 2.88997 -2.82378 -2.01761
-0.226612 -2.13191 2.0791 0.047726
-8.37617 -0.442508 -1.37967 -9.89717
-1.67005 0.510638 -0.585675 -1.39265
1.88815 -0.005672 -0.946477 4.55494
-1.33375 -3.08793 10.3571 -0.611898
8.65467 -7.03401 5.9101 9.03083
0.034318 1.13444 -1.71932 -0.221035
-0.548045 1.99616 -2.07106 -0.332304
-1.09234 -2.367 3.55126 -0.610186
0.037424 1.07157 -1.6341 0.043023
-0.93634 -0.518682 1.04088 -1.84488
0.763691 1.24011 -0.93659 0.701601
-0.642665 1.02364 -0.936039 -1.16438
-2.90853 -11.6366 12.935 0.002009
1.48426 -0.476272 0.580128 2.19367
-0.193269 -1.46285 1.39933 -0.482455
7.29215 -4.59968 5.42737 8.49121
-1.00288 0.534378 -0.475909 -1.51724
-1.46937 -4.98985 22.4313 -1.83284
-0.404437 -1.29705 1.1064 -0.443532
-1.5396 -0.077484 -0.073789 -1.63344
-1.77213 -0.240481 0.123726 -1.073
-2.23975 1.53194 -1.99541 -3.99408
0.233162 1.58656 -1.17297 0.122681
-1.03521 0.43174 -0.390215 -4.09907
0.070134 1.31809 -1.29371 0.08671
-0.263261 -2.03602 1.79926 -0.172118
3.56433 -2.2311 2.61763 5.93465
-0.376028 1.89101 -2.01652 -0.047419
2.49145 0.445364 -0.193309 2.05132
0.329931 1.97372 -2.18054 0.091069
-0.172769 -2.45747 1.7962 -0.136037
0.896939 -2.07817 4.533 -0.434588
2.09332 9.89863 -8.22689 0.408376
1.36847 1.37351 -0.585943 2.01291
-0.412605 1.02242 -1.23954 -0.593242
-0.425106 -1.47401 1.69856 -0.069527
-2.82516 -0.02445 -0.35911 -3.06649
-1.83743 -0.862729 2.25166 -3.0236
0.330116 2.65633 -2.75558 0.172664
4.19401 -6.98007 8.49458 5.91185
-0.250678 2.27276 -1.61058 0.040628
-1.89141 0.979749 -1.16543 -1.51043
-1.94337 -0.265944 0.22187 -1.79638
-0.18097 -1.78053 1.37469 -0.144612
1.76971 3.44955 -1.94834 2.23102
0.635405 -0.824277 0.824277 0.635405
0.617374 1.29239 -1.41498 0.007654
0.744993 -0.892124 2.19977 0.893315
1.10198 -0.171374 0.452204 1.38068
0.435358 2.31641 -1.484 0.081765
4.75643 -0.462811 0.417335 5.65188
-0.00944 1.30082 -1.36727 0.101611
0.030318 1.45653 -1.26551 -0.155717
0.707476 1.93582 -3.87191 0.079505
-1.09438 0.520268 -0.369763 -1.32426
-0.11463 1.57515 -2.87696 0.01024
-1.00684 0.46732 -0.389628 -3.92858
1.05137 -0.655487 0.492058 1.68464
1.2003 0.063208 0.029704 1.21518
1.11664 -0.100112 0.193008 1.33084
-9.98886 2.98233 -5.17706 -10.8661
-0.772928 -4.19421 4.02199 -0.239186
0.012575 1.10958 -1.23776 0.009893
0.022155 1.16591 -1.24823 0.007206
2.17998 10.6763 -10.0688 5.76716
-0.486116 -2.65517 1.36486 -0.053912
0.37634 1.45603 -1.04491 0.511724
-5.8839 3.17885 -6.60302 -5.28993
-0.743824 0.766244 -1.02123 -0.775017
-0.597518 -0.972161 0.972161 -0.597518
0.79844 1.95701 -3.20608 0.22859
1.16851 -0.783588 0.630434 1.89195
-2.24725 0.783312 0.120405 -3.05103
-0.676168 -2.25857 4.0386 -0.330196
-0.141455 -1.52085 1.11594 -0.01353
-0.429999 -1.17396 0.98048 -0.799473
1.34414 -0.17952 0.365967 1.35307
0.093934 1.94206 -1.09862 0.240033
3.56488 -1.12692 -0.752754 8.48516
-0.305566 -2.40773 1.83155 -0.100267
-0.111411 -1.65397 1.41783 -0.08592
4.56668 0.526034 0.377486 8.56214
2.95694 0.817884 -0.097233 5.29759
-0.619297 -2.86376 1.58069 -0.199745
1.08321 -0.245188 0.011524 3.06541
-0.16823 1.06198 -2.02786 -0.338779
-0.366012 1.40648 -2.8874 -0.1861
-0.588185 -1.14096 1.71971 -0.029329
2.02782 -0.137363 0.040366 2.12761
1.16874 -0.528197 0.53278 1.7925
-92.2409 10.6442 -8.57996 -120.29
1.35366 -1.23873 1.02502 2.35871
1.11197 -0.134211 0.189599 1.28348
-1.2843 -0.290988 0.01952 -1.84591
-0.051513 1.10387 -1.09669 -0.002985
1.37814 0.274163 0.413977 1.89393
-1.33089 0.026738 -1.25572 -1.91238
1.59685 0.298857 -0.423673 1.47065
1.22189 -2.06521 1.89239 1.99456
0.663981 3.65823 -8.1163 0.171215
-0.369432 -1.69847 1.65384 -0.155275
0.191172 2.06936 -1.23576 -0.343548
-0.148403 -1.09423 1.28689 -0.08588
-0.464805 -1.96129 1.33592 0.026884
0.628121 1.56476 -0.938136 0.724104
-0.226002 -3.30444 3.51356 -0.81642
-4.44056 0.256717 1.27827 -2.10754
1.1324 -0.361823 0.422369 1.69961
0.537827 1.1636 -2.96837 0.993201
-2.09587 0.208528 -0.509952 -2.12186
1.08951 -0.048497 0.341834 1.67125
-0.788775 -4.25552 2.3843 -0.178011
1.16805 -0.123935 0.008603 1.2321
-2.73801 -12.1666 10.9846 -0.304506
-0.59497 -0.977977 1.17983 -0.429645
-1.15239 -0.360226 0.045384 -1.76897
-0.241151 -1.41121 1.30245 -0.142027
-1.5543 0.461456 -0.693165 -1.29609
-0.829282 -1.94424 1.56964 -0.50864
-2.655 0.190898 -0.481463 -2.10388
-0.359489 1.63887 -1.3195 -0.967581
-0.63738 -1.19944 1.89723 -0.421792
0.2256 1.19405 -1.21416 0.009122
0.541485 4.17342 -6.09671 0.701033
-9.66616 3.13726 -6.53045 -7.84424
-0.18062 -1.11534 1.46265 0.050663
1.5817 1.45119 -0.730876 1.36635
0.319662 -2.39962 2.12248 0.351781
0.627863 1.70267 -1.58342 0.305442
-0.419857 -1.90271 1.45459 0.045289
-1.45814 -0.164353 0.144468 -1.1095
-1.12518 -0.086196 -0.024673 -1.51104
-1.15171 -4.19825 5.34422 -0.367176
-0.953714 1.42418 -1.27666 -1.50894
0.424092 2.96854 -3.14834 0.201059
-0.176068 2.04953 -3.67821 0.182099
-0.004201 1.72526 -1.16879 -0.352283
1.07354 -0.185741 0.478081 1.25154
1.29195 -0.186812 0.076591 1.28591
0.330891 1.83555 -2.31854 0.175263
3.25157 14.3434 -12.9207 0.641959
0.26385 1.43486 -1.17815 -0.020195
-1.15353 1.11067 -0.912042 -1.63869
-0.095764 1.17852 -1.27653 0.017873
0.717171 1.94383 -1.41619 1.02617
-0.434078 -2.91937 3.06136 -0.403568
1.23935 -0.683378 0.142892 1.35971
1.88616 -5.19647 4.38637 2.27039
0.720991 -1.30367 0.804788 0.855958
-4.25807 0.343576 -0.529548 -5.55238
-10.4384 -10.942 9.77487 -9.44441
0.572725 1.30382 -0.931096 0.707354
1.39056 -0.000106 0.036782 1.46566
0.22088 1.21001 -1.13522 0.478047
1.12784 0.077128 -0.314039 1.56253
0.010878 1.38193 -1.13039 0.113926
0.048946 -1.09398 1.09237 0.141842
-0.142578 -1.09788 1.18167 -0.094128
-0.077259 -1.08865 1.33926 -0.139303
0.287097 1.72158 -2.09572 0.125003
2.04318 -0.099982 -0.46182 1.34632
0.535284 -3.09303 2.17195 0.620635
5.83411 3.17094 -5.90625 4.9289
0.33647 1.3394 -1.10507 0.479949
-1.09318 -0.128988 -0.403581 -3.66962
-1.10802 1.00415 -0.677715 -2.2054
-0.527313 -1.67494 1.13352 -0.48276
-14.294 1.45081 0.812544 -12.0076
-0.446834 -2.27121 2.47174 0.0954
1.94079 -0.153361 0.312117 2.01226
-0.085143 -1.0944 1.3893 -0.116592
1.18524 -0.047879 0.079214 1.05389
1.34493 -0.705071 0.631677 1.97059
-2.04981 1.12093 -0.509678 -2.6404
-0.895314 5.00338 -5.88976 -0.593055
-18.4424 1.68266 -2.30352 -33.2733
2.30444 9.47602 -15.2933 -0.349726
0.773597 6.57548 -4.44402 0.255498
1.07795 0.048611 0.030992 1.44792
1.03755 -0.220202 0.264461 1.57297
8.68158 -0.488422 1.62135 6.26773
0.940892 2.42133 -3.27604 0.544571
-0.175362 -1.75471 1.24688 0.321957
-2.06099 0.14651 -0.934281 -2.65308
1.07604 0.056444 0.186128 1.50268
-1.01286 -3.09576 4.61104 -0.18578
-0.198521 1.04698 -1.74213 -0.634462
2.43161 -0.983062 0.768123 3.46939
0.486525 2.4467 -4.35707 0.413132
0.12096 1.07202 -1.16305 0.153976
2.03837 1.50353 -2.02323 1.66773
-2.19043 -0.07389 1.18638 -3.52872
1.5821 1.16351 -0.392419 1.52582
-0.97143 4.39269 -4.72055 -1.75993
-0.789653 1.44765 -3.72855 -0.18388
0.571494 1.4765 -1.32293 0.471283
0.129357 -1.48518 1.29677 0.849566
1.11685 -1.42436 0.8792 2.14598
10.8048 -11.6043 6.93598 11.123
0.219128 -1.32575 1.19069 0.87184
0.099076 -1.35805 1.41026 0.009611
-1.36966 0.104335 -0.602769 -1.28518
-7.8321 -0.384388 -1.09506 -14.9045
-0.1594 -1.41766 1.48059 -0.051355
1.39477 0.632112 -1.33089 0.929857
-0.744154 0.926848 -0.985884 -1.2706
-2.63278 -10.184 9.2471 -0.462069
0.442258 2.44372 -6.10032 0.261267
0.582635 -1.32171 1.47561 0.619959
-0.025714 2.04863 -2.25087 0.165305
-1.15554 -0.741482 0.301262 -1.29063
-0.01111 1.08952 -1.43175 0.071877
-16.2191 4.41989 -0.670994 -17.3502
-3.91955 0.459177 -0.591946 -1.16831
-1.62111 -1.15818 0.88256 -1.61864
0.724018 1.25965 -0.981664 0.658882
0.194475 -1.66055 1.92654 -0.145525
0.491274 5.8292 -13.6489 1.12187
-1.40278 -3.2646 12.7715 -0.748937
-1.15826 0.210064 -0.286508 -1.28765
0.072696 1.08059 -1.60995 0.053377
-0.927438 1.53407 -1.4263 -1.46729
3.11288 47.2465 -41.569 6.00457
4.86522 0.212328 0.26195 7.87287
-0.25713 -1.23822 1.56691 -0.183644
-1.2957 0.055455 -0.126111 -1.12034
0.690664 1.00701 -1.23369 0.452224
-0.102087 1.0883 -1.10542 -0.027276
1.25637 -0.132189 0.181286 1.09343
-0.134664 -1.25275 1.18423 0.174518
-0.531683 -3.00095 1.37468 -0.208617
-1.10658 0.224934 -0.246618 -1.10236
26.7114 1.41834 0.2359 22.4477
-1.84446 0.261141 -0.475544 -1.68966
5.94429 7.08982 -10.1322 8.12683
-0.108669 -2.25183 1.96308 -0.31557
2.06958 -0.227043 0.50515 1.82345
-0.75226 0.981588 -0.87237 -1.63126
0.223745 1.05007 -1.17844 0.166613
-1.23786 -0.019626 -0.191058 -1.20946
1.01831 -0.725602 1.48205 1.01208
-0.421689 -1.13751 1.51077 -0.214532
11.5338 -1.50062 8.49075 32.2557
1.54088 1.0929 -0.374475 1.77125
-0.617373 1.04515 -0.931556 -1.14085
3.6701 2.16715 -3.28361 15.4711
-1.34172 0.38882 -0.296019 -1.96744
0.213628 -1.1896 1.20206 0.516944
1.40408 -0.653059 -0.472169 5.29475
0.373116 0.974139 -0.984295 0.421234
0.632648 2.5402 -1.96679 0.250355
-2.32238 -14.7013 26.1167 -3.61619
-1.64314 -0.664082 0.34826 -1.23209
0.095155 -1.75256 2.28021 0.276443
-1.07478 0.314107 -0.201026 -1.29711
-0.082199 1.11188 -1.14005 0.066747
0.304024 2.76245 -1.56026 0.240383
0.479287 4.69081 -4.69081 0.479287
-1.82899 1.15364 -1.43373 -1.66862
1.34783 -0.004043 0.1471 1.33368
1.15913 -0.257487 -0.196709 1.62695
1.07036 0.461327 -0.746978 1.41103
-1.02789 0.354967 -0.354347 -1.63746
-0.80427 -1.54328 2.01885 -0.576301
-0.381957 -1.56972 2.13856 -0.269428
-1.789 0.050627 -0.923922 -4.53264
0.181512 1.3409 -1.19615 0.067456
2.96711 1.8097 -0.77888 2.40354
1.00013 -0.338545 0.382793 1.90988
0.038172 1.2407 -1.154 -0.062059
-1.47656 1.33345 -1.65072 -2.33323
-0.455455 -5.06051 9.21209 -0.969297
30.7504 0.592641 1.72545 27.763
-0.199462 1.47608 -1.75849 -0.146305
1.33849 1.262 -0.649397 1.29553
1.49777 -0.263786 -0.857787 2.23568
0.3071 1.74271 -1.25418 0.108135
1.2492 -0.131939 0.157613 1.17494
-0.019325 -1.17982 1.19034 0.184104
1.4525 1.50978 -2.09484 0.984778
-0.169871 1.09328 -1.148 -0.231141
-27.4227 -2.51863 2.93502 -29.5761
1.13056 0.56172 -0.887264 1.24944
-1.8565 0.049435 0.344012 -1.34859
-0.196354 -1.69595 1.22539 -0.067006
-5.80127 2.28771 -2.79776 -5.81995
-1.09828 0.322234 0.159975 -4.40472
0.068491 1.12336 -1.23352 0.129294
-4.17248 1.66803 -1.7141 -6.36552
-2.4421 1.11909 -0.739331 -3.01111
1.02546 1.66716 -3.69954 0.472501
-0.264326 1.04801 -1.06683 -0.19618
0.248255 1.9914 -1.45974 0.332522
-1.11776 -0.007207 0.122351 -1.70768
-1.46628 -0.534156 0.240517 -2.02362
-1.00964 0.45213 -0.503187 -1.63107
1.27303 -0.712684 -0.26611 2.16151
0.217825 -1.15427 1.29727 0.507428
1.32334 -0.207157 0.011866 1.40473
0.072117 1.1308 -1.18752 0.232009
-0.604605 0.869686 -1.68556 -0.945737
-0.24522 -5.04035 8.41246 -0.40547
0.500125 -1.17022 0.977531 0.982418
-1.46563 -0.402655 -0.046977 -1.97659
-0.415064 1.46259 -3.11516 0.130287
-1.4631 -1.57482 0.849926 -2.17445
1.05908 -0.727693 0.776464 2.06153
-1.381 -0.023662 -0.099838 -1.11711
1.3483 -0.024763 0.266194 1.3575
7.61237 -2.66454 3.71562 9.94533
-1.30744 -6.15878 9.12784 -0.807445
0.050342 1.18581 -1.30679 -0.011362
1.09342 -0.065306 -0.004079 1.333
-0.059938 1.4217 -1.09901 -0.29276
0.174662 -1.21962 1.28538 0.671189
0.939693 4.98959 -8.3634 0.820681
-0.376497 -1.30244 1.73956 -0.243999
0.132879 -1.95851 1.92508 0.566093
0.166207 2.24898 -1.51963 0.261483
1.13088 -0.213392 0.419054 1.81375
0.204261 1.40893 -1.50457 0.105769
-0.098875 1.98212 -1.94615 -0.289906
-0.602207 -1.08404 3.72355 -0.029394
0.144453 -1.95081 3.90525 0.021448
1.27844 0.478789 0.133039 1.4574
-1.54179 0.099852 -0.244976 -1.42036
-0.18944 -1.03056 1.21401 -0.105901
0.522625 0.923671 -1.1154 0.772045
-1.2961 -0.28425 0.307212 -1.55481
-0.323542 -1.43919 1.58652 0.558537
-1.53397 0.601535 -0.408463 -2.11416
-0.426911 -1.26786 2.25223 -2.47103
0.392098 1.21993 -1.19823 0.077621
-0.158651 -4.32651 3.52803 -0.304994
-1.65107 -0.790939 0.578707 -2.20752
-0.554043 -8.69738 10.2031 -0.642656
-0.370727 -2.65539 1.71068 0.109994
-1.00543 0.477591 -0.511725 -1.76164
1.46299 0.67548 -1.28243 0.898923
-0.650022 -1.12433 1.11318 -0.653512
1.32875 -0.417622 -0.120492 1.33526
-1.07859 0.042529 -0.313241 -1.49654
5.8902 -4.13617 7.57315 5.59266
0.890886 0.905151 -0.889294 0.853958
0.29472 1.92764 -1.30041 0.199193
3.49056 -0.121613 0.290279 3.58543
0.139083 1.88517 -1.4271 -0.162419
-0.951899 0.446185 -0.879621 -1.80423
-1.34309 2.28081 -2.04753 -2.72753
-0.078998 -1.48977 1.08916 0.204505
2.47488 -0.117139 0.543196 2.10449
-0.033803 -1.2626 1.02784 -0.046629
0.521734 1.38601 -1.39564 0.324466
-1.12929 0.662078 -1.53666 -1.03678
-1.58144 -0.542682 -0.004205 -2.09731
0.485176 -6.87002 5.055 1.2785
-1.08414 1.14374 -0.842413 -0.936868
1.04257 -0.135465 0.240731 1.71388
-0.361799 1.04666 -1.17093 -0.283995
0.944087 -0.923965 0.728438 1.47419
-1.5082 -2.84037 2.24256 -1.89504
0.261248 3.06382 -2.83588 -0.130425
5.26281 -3.76484 7.18845 5.03756
-0.127504 1.09635 -1.48972 -0.318964
1.21736 -0.553115 0.569719 2.00856
-0.067915 -1.48505 2.33938 0.084224
-1.07768 0.014026 -0.230666 -1.62292
-0.837781 0.657783 -0.762598 -1.28289
-0.143775 2.05976 -2.4948 -0.404524
2.0432 11.3975 -11.3152 1.95492
0.337535 2.802 -1.9489 0.1521
0.251863 -1.10175 1.52835 0.48711
-0.375865 -1.12786 1.04448 -0.256305
2.04184 0.179818 -0.534925 3.01037
-1.34176 -0.470163 0.078769 -2.02959
0.064158 1.06182 -1.23229 0.015288
-0.655053 4.41756 -8.78107 -0.250515
-0.080036 -1.16245 1.10396 0.048938
8.27936 -7.87593 9.01106 8.88203
0.261177 -1.36742 1.41322 -0.082352
-1.60605 -0.337769 1.07351 -6.45361
1.26764 3.93666 -11.1607 0.584045
5.23692 -2.07229 0.888166 4.95225
-0.289648 -1.58859 1.29773 -0.169715
-0.195685 1.07798 -1.39433 -0.203375
-0.970055 3.52952 -16.6433 1.23851
2.14772 -0.502457 0.564035 3.45697
0.396046 2.25697 -1.76242 0.674043
1.39757 -0.203181 0.417713 1.40754
-1.48514 -0.010658 -0.014103 -1.78307
-1.11005 2.17162 -2.5885 -0.799905
1.16682 -0.22341 0.319802 1.32388
0.159037 2.37782 -1.67517 0.120215
0.214019 1.1993 -1.04544 0.124776
0.14028 1.5801 -1.08834 -0.116354
1.05141 0.119629 -0.196181 1.404
1.15594 0.037204 0.16493 1.166
-1.03177 -2.87769 6.29945 -0.472645
0.893341 -1.8135 1.67475 1.18897
1.0125 0.582408 -0.570649 2.1529
-0.083752 1.8107 -1.9542 -0.138121
1.24795 -0.12035 0.130126 1.3297
0.755405 1.33873 -4.37686 1.74298
0.093062 1.067 -1.36082 0.158941
-0.973425 0.533391 -0.56953 -1.69084
3.72325 3.00828 -3.34978 3.10488
0.077843 1.13732 -1.18904 -0.002078
0.308426 1.25127 -1.075 0.383465
-0.387252 1.83201 -1.5268 -1.02612
-0.012599 -1.34617 1.19108 0.351394
0.478479 2.94758 -1.37335 0.133118
1.16599 -0.503348 0.588852 2.05522
-0.070475 1.12295 -1.11021 -0.005792
5.6929 -3.44869 2.53645 7.83362
-0.914447 0.709981 -1.10363 -0.932986
-0.219869 -1.27458 1.28355 -0.025761
-1.25439 0.067911 -0.546758 -2.05033
-0.139354 -1.47745 1.62937 0.008102
-1.06724 -0.018935 -0.408349 -3.77018
0.211702 4.09733 -4.09733 0.211702
0.139942 1.37918 -1.53257 -0.652929
1.05389 0.033534 0.125127 1.72502
0.465769 -1.00915 1.1353 0.827308
4.25592 2.21408 -5.615 4.55188
-24.4022 2.3959 -1.78727 -33.1542
0.654289 0.865371 -3.23027 3.65646
0.021349 1.11549 -1.19624 0.044246
1.57047 -0.137584 0.245847 2.76948
-0.769602 -3.6935 3.64874 -0.522294
0.116404 1.19618 -1.21819 -0.148679
0.05393 -1.64745 1.30023 0.45805
-1.58227 0.094926 -0.098509 -1.26661
0.198012 1.89127 -1.09973 0.207112
-0.104341 -1.41161 1.09895 0.163184
0.536004 2.44802 -2.66856 1.71385
-0.069377 -1.28633 1.32508 -0.023497
-1.39466 -3.92976 11.1455 -0.628839
20.1703 -10.0882 8.08825 22.2879
5.49641 -4.31583 7.26635 5.02058
0.303194 2.11059 -1.30165 0.271974
-0.363337 -1.19936 1.052 -0.228858
5.29159 -0.196482 1.33488 6.10666
1.01737 -0.296598 0.299231 1.12665
-0.307795 -1.31011 1.30593 -0.086903
2.85317 0.735827 -0.43266 2.94968
1.26795 -1.56688 1.12042 2.18018
-0.503038 -3.11556 2.88638 -0.201384
-0.323959 -2.38351 1.74773 0.050925
-0.424938 -1.34383 1.32668 -0.239067
7.73996 0.153567 0.99836 14.7843
-1.70266 0.404667 0.070641 -1.71106
1.8584 -0.348109 1.00328 2.07006
0.176649 1.90004 -1.39345 0.207153
-0.369684 -2.04391 4.3387 -0.367815
-8.252 2.13958 -3.38496 -8.425
-0.502204 -2.41233 6.26928 -0.563965
-1.08184 -0.327329 0.446114 -1.39349
-1.29318 0.682688 -0.48975 -2.07726
-0.238308 -1.56875 1.44341 -0.034366
-0.185186 -1.12386 1.27714 -0.599951
-0.280854 -1.16238 1.40963 -0.056434
1.5143 -0.22588 0.296665 1.53138
-1.025 0.295918 -0.380835 -1.06271
1.0075 -0.625683 0.295569 1.95566
0.101424 1.33579 -1.34198 0.022236
-0.22237 -2.86894 2.80039 -0.91525
0.957985 3.50139 -8.21252 0.724098
-3.63387 -11.3653 10.6437 -6.54882
0.149698 1.26373 -1.63879 0.057355
-5.76981 1.1844 0.134568 -11.1712
-1.13877 -6.98723 10.3813 -0.790254
-0.162378 -1.06968 1.36647 -0.055814
-2.40954 0.12375 1.0546 -1.51581
-0.396399 1.36453 -1.91669 -0.296167
-0.619572 -2.26966 1.91169 -0.044702
0.71349 1.061 -1.17301 1.02962
-20.4921 -0.239802 3.82359 -16.4622
4.48428 -4.22092 -0.364668 11.1044
-1.18369 0.416907 -0.563641 -1.96916
0.497305 -2.05976 2.61455 0.243637
-0.223495 1.14743 -1.44842 -0.189205
0.079455 -1.63535 1.77917 0.60101
-1.13676 -0.118541 -0.144499 -1.42201
-1.49405 0.401949 -0.825666 -1.39541
-0.092702 -1.64558 1.12829 -0.016634
1.17632 -0.919875 0.607231 2.13754
-0.529541 -1.18448 1.60087 -0.313224
0.371936 2.24482 -2.27692 0.753983
-0.165889 2.5867 -3.90453 0.24099
-3.70609 0.039766 0.631035 -2.00401
1.16844 -0.151094 0.294023 1.07374
-1.40085 -0.709561 0.382716 -1.95164
-0.475113 -2.0163 2.20223 -0.335369
-1.3335 0.347309 -0.574913 -1.13683
-0.198673 -4.71105 4.71105 -0.198673
1.00041 -0.336685 0.304599 1.56567
-1.50406 -0.644271 4.00836 -1.80477
6.49465 -1.61904 -0.221037 7.19666
1.05497 -0.210238 0.262989 1.66225
4.2052 -4.12419 1.10148 10.4401
-6.89833 -2.48717 4.41432 -5.54097
0.314225 1.69991 -1.02282 0.25694
-0.442732 -4.37547 3.11298 0.108722
-1.46118 -0.455055 1.07528 -1.60799
-0.107029 -1.13862 2.08322 0.105251
0.06647 -1.30179 1.55989 0.795635
-1.93475 -0.737532 0.289734 -2.41713
-1.20223 0.202253 -0.244339 -1.08643
-0.889106 0.792953 -0.661515 -1.21017
1.58921 4.87889 -2.65103 1.45228
-0.43459 -2.85254 2.8091 -0.197828
-0.084233 1.32605 -1.69583 -0.031835
3.73648 -0.196102 0.347006 4.24635
-0.381963 -1.87596 1.37142 0.317115
5.89918 -0.217061 4.11015 17.1196
1.17384 -0.044877 0.248248 1.16648
-1.14412 -1.34512 0.568992 -1.25241
0.030193 2.10521 -2.68709 0.267192
-0.365206 2.78492 -2.04858 -0.785915
-24.7825 1.44406 -1.98125 -28.5476
-0.987311 -0.502635 0.344252 -1.64964
-7.47796 -5.56507 7.0861 -10.783
0.098697 1.12938 -1.1227 0.165598
1.36904 -0.431288 -0.109115 1.5705
1.22534 -0.240844 -0.206652 2.31719
-0.326626 -1.04695 1.60156 -0.232376
5.32279 -1.21358 1.56591 9.30578
0.734133 0.828787 -0.995094 1.18501
1.49279 -0.148794 0.267702 1.40585
-0.679276 -1.01833 0.889412 -0.859526
-0.353112 -1.89841 1.5185 0.005613
-0.211343 -1.18439 1.15999 -0.069279
1.23967 -0.018853 0.302797 1.23717
-3.11033 -1.22381 -1.21755 -2.58622
-0.402104 -1.75477 1.33334 0.010715
0.912514 0.56538 -0.865583 1.30567
-0.849258 1.28849 -1.6754 -0.133566
-0.093996 -1.06328 1.18178 -0.08176
0.807232 -0.879964 0.825675 1.48367
-0.33635 -1.86498 1.26252 0.193694
-1.1611 -0.438097 1.06002 -1.24111
6.08105 14.3344 -14.4968 9.41972
-1.52578 0.029554 -0.18362 -1.53721
-1.12377 0.044034 -0.145859 -1.33388
-2.34905 -0.080051 -0.659371 -4.17711
2.69308 15.0429 -13.0049 2.10396
-37.1739 6.41838 -1.17041 -55.7952
-0.301297 3.11412 -1.90929 -0.288464
-11.275 0.28519 3.10822 -12.8809
-0.830376 -2.6232 2.78047 -0.987073
1.32066 -0.654603 -0.187236 2.79746
-0.982955 -2.28996 7.64454 -0.117861
0.159128 -3.96689 2.58091 1.56665
-1.51536 -1.27277 1.04382 -1.57103
1.06058 -2.04315 1.42924 1.88495
-6.59297 1.82915 -2.31716 -4.90219
0.949862 0.97142 -0.574474 1.28215
1.37811 0.411157 -0.41241 1.03133
1.91461 0.63645 -0.859871 2.37065
-0.660108 2.51185 -1.3589 -1.59447
1.16139 -0.202592 -0.300924 2.45059
0.377248 1.26332 -1.11299 0.069766
2.83799 0.156284 0.237298 3.06261
0.130003 -2.01998 1.30677 0.836122
-10.4693 0.778603 -0.76071 -9.53138
-0.261448 -1.38003 1.40796 0.013219
-10.4389 -2.4982 1.97265 -7.4944
1.13691 -0.64096 0.592003 1.87409
-1.15841 0.427837 -0.549835 -2.05364
1.03527 -0.238961 0.377893 1.60529
-1.02983 0.565098 -0.310834 -3.831
-0.485408 -1.44635 1.5591 -0.106005
1.42651 0.222645 -0.222645 1.42651
1.22648 0.104833 -0.096764 1.22016
-0.950052 0.797871 -1.04138 -1.80821
-5.17774 2.91626 1.50491 -10.5501
0.144396 -1.39198 1.21555 0.733736
1.46265 -0.252551 -0.331876 1.32077
0.537558 2.02604 -1.46449 0.240229
0.003169 -1.14978 1.28144 0.289725
2.84191 4.18531 -5.5036 3.19565
-14.8592 0.672811 2.31967 -16.5406
-1.9991 0.858884 -0.471735 -2.17804
1.22442 -0.302679 0.383174 1.75578
-0.097932 -1.50593 1.47927 -1.18222
-1.19124 0.481158 -0.114098 -1.27918
0.68471 9.43301 -24.4223 1.22175
-0.107772 2.07583 -2.08785 -0.03155
1.17429 -0.166557 0.323194 1.16401
0.210156 1.45602 -1.51455 0.176306
0.530885 2.2593 -1.86678 0.076372
-2.11096 2.21057 0.145355 -6.33222
-8.94126 1.46734 -3.53472 -10.0883
-1.09559 -1.32299 0.750024 -1.56307
-2.1345 -7.10286 7.20429 -0.86682
0.100623 -1.24786 1.06219 0.182883
1.1317 -0.180026 0.256941 1.10285
0.716061 1.71553 -1.61339 0.199691
-1.07632 -2.29185 2.55627 -0.892057
1.11514 -0.083101 0.238767 1.36121
-0.28244 -1.14138 1.12529 -0.111965
-0.474967 1.47538 -1.22081 -0.978964
-1.20259 0.266826 -0.434341 -1.76974
6.15616 -11.8204 6.64841 5.29422
-1.67857 -3.74626 6.73245 -0.650437
-0.170108 -1.6994 1.67181 -0.121242
1.90347 0.701143 -0.099394 3.7883
-0.293235 -2.11672 1.39868 0.045208
0.943502 -0.937485 0.745541 1.42536
-0.22594 -1.65707 1.55698 0.018529
-1.34673 0.395192 -0.77156 -1.29456
-0.254823 -1.981 1.75753 0.004929
0.993643 -0.385736 0.305101 1.9742
-0.167045 1.1031 -1.34581 -0.168199
1.08423 -0.060058 0.254252 1.94037
0.772048 0.96839 -0.77311 1.33262
-1.02164 -1.00947 0.679765 -0.826918
1.53364 -1.89247 4.67153 1.78827
-0.167254 -1.79853 1.22364 -0.113857
-1.96406 0.087632 0.089198 -2.27215
-1.87656 1.14811 -0.499482 -2.69754
-0.613269 -1.25778 1.0201 -0.922309
1.44315 0.589129 -0.888265 1.31157
1.01201 1.88003 -1.19037 1.19851
-0.563665 -4.65476 4.06503 0.041598
0.057388 1.12204 -1.48683 -0.102147
0.144903 1.74081 -1.15269 -0.314962
0.537029 2.01915 -1.90016 0.203311
0.137149 1.83728 -2.14143 0.152571
2.4924 0.787569 -2.16577 11.0711
-0.001855 1.18618 -1.36011 -0.273932
-1.03319 0.181376 -0.353589 -1.49276
-1.04604 0.358929 -0.521927 -1.55617
-1.12492 -0.063582 -0.268957 -1.51957
1.92982 13.981 -13.618 0.084128
-1.18455 -0.693053 0.821965 -2.82139
2.68766 -3.19366 4.19832 4.32927
1.31748 -0.03565 0.179596 1.59723
5.5437 -0.460679 0.70894 5.48137
1.34665 0.68219 -0.025928 1.68366
1.45372 0.203387 -1.08514 6.52038
1.33152 0.399944 -0.646878 2.27312
-0.267467 -1.60571 1.19395 -0.165928
1.50158 0.883929 -0.307922 1.66611
1.09595 0.145464 -0.24414 1.61516
0.02731 -1.33913 1.18937 0.444604
-1.07774 -2.67986 2.97533 -0.372315
0.231481 -1.2832 1.20502 0.640854
-3.26003 0.422034 -0.586116 -2.14412
0.684767 1.46185 -2.00246 -0.478252
-1.16859 -0.842311 0.465041 -2.14425
1.40735 -0.459761 -0.216569 3.11063
-3.42729 -6.89068 8.34743 -1.69545
1.74087 7.81126 -12.9615 0.630612
0.205467 1.36055 -1.46303 0.024858
1.12796 -0.247338 0.415939 1.14451
0.096285 1.69619 -1.15039 -0.197042
0.421435 -1.41278 5.27132 -0.156683
-0.729681 -1.94782 1.47202 -0.862929
-4.14463 -0.192379 1.59113 -4.97862
-0.32523 -2.36731 1.36357 -0.181901
11.5177 5.12988 -4.13396 10.7054
0.113627 1.26524 -1.4826 0.118953
-0.885294 -1.64155 1.13883 -0.683571
0.22603 1.19285 -1.07842 0.110504
-0.308905 1.94153 -1.75343 -0.755437
-1.23877 0.555972 -0.865639 -2.26388
-1.78717 1.46932 -1.26618 -2.20915
-0.091554 1.23245 -1.77396 -0.192191
1.21291 -0.365387 0.132744 1.41041
-2.50423 -8.35686 14.9816 -1.4601
-2.5283 0.494777 -0.961932 -2.02711
0.290138 -1.15857 2.31672 -0.161679
-0.33225 -1.07225 1.40203 -0.226308
-0.235043 1.22263 -4.88477 0.236858
-0.575917 -3.32034 2.01194 -0.172922
2.18226 10.3378 -11.5741 0.410403
0.437337 -1.21662 1.21662 0.437337
-0.520906 -1.67683 1.85492 -0.123696
-0.301878 1.4009 -2.57362 0.198864
1.17587 -0.409734 0.507365 1.98846
2.40843 0.596022 -1.60542 2.0577
-0.60366 2.21449 -2.43544 -0.532897
0.124868 2.02723 -1.49385 -0.034196
1.66363 -0.304859 0.35269 2.94636
1.061 -0.124024 0.209586 1.48141
-1.19959 0.180165 -0.050555 -1.20245
7.22499 -4.28755 3.88219 8.49697
16.7033 -3.0594 2.45697 17.1131
-1.29287 -0.076957 0.07271 -1.27888
1.46086 0.737047 -0.745793 1.98977
0.564826 2.42796 -1.80493 0.036875
-0.206111 -2.9724 4.01777 -0.817287
-1.16723 0.176215 0.217416 -1.58665
-0.25963 -1.90581 1.47348 -0.131862
1.74241 2.50736 -0.979438 3.30812
1.12287 0.497054 -0.624039 2.71775
-1.27195 0.589438 -0.973199 -1.14121
-1.78297 -0.569099 1.62795 -1.87479
0.035072 1.36712 -1.54061 0.091747
-2.21091 -5.62058 9.20591 -1.74536
0.76247 -0.881652 3.00369 1.17518
0.2841 1.63314 -1.03124 0.596319
-0.995902 -0.602872 0.332555 -1.96281
-0.637039 -2.34457 1.8131 -0.186122
0.295679 1.82204 -1.08873 0.107879
1.25992 -0.198152 0.370939 1.12013
-1.08315 0.208797 -0.208797 -1.08315
-3.23413 1.73638 -3.37547 -5.02629
1.40009 -0.395412 0.395412 1.40009
-0.803214 0.729448 -0.781714 -1.25946
9.72284 -4.05231 -1.52107 16.9329
0.219643 1.53336 -1.87408 0.120086
1.13654 0.455401 -1.44394 1.44866
-1.65671 -1.96929 1.25911 -2.12022
1.67909 -1.93593 3.45873 3.37232
-0.14243 1.16515 -1.07206 -0.242796
0.926468 -0.691119 1.52089 0.986261
1.20631 2.97232 -0.714527 3.7833
-1.08904 -0.256504 0.414414 -1.12188
-0.645547 1.05967 -1.41139 -0.550114
1.33617 0.369317 0.158983 1.65066
0.156447 1.47656 -1.6857 0.078781
0.320355 1.98991 -2.42409 -0.007181
-0.486533 0.978383 -1.29527 -0.436517
0.201365 1.9569 -1.42993 0.113599
-0.806001 -3.08074 14.0381 -0.899849
-0.578717 -2.41695 1.7934 -0.059575
0.220739 1.38681 -1.19941 0.422313
-2.47074 1.68501 -2.53708 -3.09737
1.36933 0.581204 -0.558247 2.01584
0.248378 2.24216 -1.84886 0.064624
-0.686779 1.31439 -1.27541 -1.07857
0.5907 1.00726 -1.63525 0.566355
0.387908 2.76222 -2.96149 0.166209
-8.70086 -1.43034 -0.152706 -6.61345
-2.752 1.17422 -0.086611 -3.40702
0.432858 2.84926 -3.04202 0.028905
-0.675989 -1.46947 1.6647 -0.735339
5.4296 -4.13936 7.42701 5.28075
-0.186842 1.58111 -1.35737 -0.011249
0.149034 -1.18944 1.65331 0.220304
-1.42258 -0.400111 0.022275 -1.90085
-8.74725 0.83278 1.0995 -5.71976
-1.07402 0.162333 -0.276774 -1.72988
-5.2315 -5.1257 6.68332 -4.46652
0.349781 2.14569 -1.86405 0.078718
0.016008 -1.40545 1.62131 0.011767
2.55954 1.62189 0.07963 2.57937
-1.35069 0.320432 -0.662906 -1.0985
0.348741 5.59486 -11.0919 0.452364
1.38674 -0.071092 -0.374033 2.13445
15.0912 0.244543 -0.390224 15.851
0.009415 1.08133 -1.1019 -0.063739
-1.33486 -0.096185 0.096185 -1.33486
-0.751546 -1.85168 3.34954 -0.549291
7.80028 -1.94563 3.34953 9.71413
0.839046 1.3593 -0.891223 0.806301
-1.48902 0.610629 -0.365499 -1.97225
-3.41326 -21.162 19.9003 -2.39325
1.10868 -0.083984 0.136848 1.09764
1.54291 -0.390118 0.464482 2.16602
-0.190649 -1.09458 1.2195 -0.054341
-0.440683 -2.00868 1.4576 -0.099404
-1.0801 0.022984 -0.196854 -1.31926
-0.344943 -2.20813 1.69045 -0.097443
-2.88271 -8.8334 13.757 -2.33211
12.4474 13.0735 -13.5501 14.6485
1.32224 -0.595136 -0.252651 3.13728
2.74094 -0.309834 0.424503 2.43975
-5.50433 -7.23885 10.3153 -8.15401
3.59394 -9.52637 7.46217 2.59266
0.123367 2.13705 -1.83351 0.108297
-0.656304 -2.71228 2.87999 -0.990275
0.159213 1.67001 -1.29467 0.006198
0.436726 0.99046 -2.0051 1.28205
1.25579 0.838888 0.0138 2.185
-0.571197 -2.1071 2.77551 -0.428692
-0.772668 0.841278 -0.910507 -1.22792
-1.30932 2.04533 -2.55619 -0.926587
-0.313996 -1.92372 1.28269 -0.087605
-0.148556 -1.16536 1.15816 0.0537
0.30434 2.8058 -1.86505 0.026475
-2.0361 -6.11328 6.39549 -0.895992
1.12716 -0.163832 -0.499248 3.87705
0.076516 1.24082 -1.16142 -0.185295
-14.755 -62.6311 63.5034 -15.6307
0.436139 1.04421 -1.87856 0.163699
1.403 1.22469 -0.333474 1.962
0.082698 -1.50421 1.9006 -0.541327
-1.3838 0.193207 0.335625 -3.13848
1.23421 0.537405 -1.49959 1.2227
2.14749 -0.356898 0.37181 2.25831
4.04521 -5.30721 5.51827 4.1563
-0.295078 -1.41072 1.253 0.084685
-1.14791 -1.37811 0.715505 -1.59523
0.710055 1.85089 -2.14353 -0.222621
-0.880613 -2.78094 1.66291 -0.103751
1.5036 0.857653 -0.134688 1.89166
-0.071417 1.18781 -1.76314 -0.41185
2.77482 0.629605 -0.557947 2.58098
1.34489 -0.653872 0.639085 2.03999
1.44234 -0.767108 0.213562 1.58576
-0.160103 -1.26183 3.34853 0.353617
0.155566 -1.44901 1.17515 0.743263
-0.671785 1.42743 -0.927361 -0.94844
0.520679 3.1772 -12.3866 0.602696
0.198178 2.71646 -2.35909 0.357178
1.49333 1.58798 -1.2386 0.53694
-0.524522 -1.31598 1.28327 -0.313507
-2.36704 0.726061 -0.376643 -2.09896
0.0857 -3.38927 4.04432 -0.154287
6.29898 -2.74547 0.811589 6.74515
2.10915 -0.157647 0.544734 2.19755
-0.321867 -2.09681 2.31389 -0.090524
2.0114 -0.229058 0.443046 2.09509
-1.45109 0.097983 -0.562987 -1.36675
1.68953 -0.747925 -0.22275 2.3145
1.25222 -2.3554 2.5851 1.17805
-10.5721 0.741714 -1.87347 -22.6276
-0.199876 -2.03538 2.34746 0.079995
-0.062742 -1.51605 2.48184 -0.036447
-1.7906 1.4886 -1.30125 -2.2372
1.75936 0.666664 -0.820997 2.375
1.33783 0.043228 0.040747 1.45042
-1.11338 0.102505 -0.339318 -1.25038
1.02492 1.87389 -1.12944 1.00401
-0.773754 -1.48447 1.11077 -0.345081
-0.327558 -1.13229 1.0594 -0.257566
0.152322 1.15144 -3.9648 0.724341
0.05459 1.45531 -1.35805 -0.128503
-11.1328 10.2596 -12.3623 -8.37478
-2.27578 0.618532 -1.51227 -2.38727
-1.55101 -0.173177 0.158278 -2.81807
-8.40411 0.526714 -0.447705 -5.02913
-1.10778 -0.692544 0.661307 -1.05067
-0.62394 -3.45184 1.60038 -0.275957
-0.339216 -2.44399 2.36939 -0.098568
-0.113663 -1.34672 1.41943 -0.236993
1.31828 0.660566 -1.23335 2.08025
-0.305033 3.00488 -1.89127 0.206226
-0.995626 0.547203 -0.88464 -0.990753
-1.13242 -4.11654 7.09071 -0.410876
-1.36014 -0.713577 0.278365 -2.10589
2.89746 -0.087831 0.787301 3.44498
-0.405868 -2.4772 1.38333 -0.083501
-0.098892 1.38643 -1.31481 0.446083
1.08155 0.13916 -0.682563 4.52258
-1.79912 4.31755 -4.02017 -1.21511
0.228365 1.05313 -1.43595 0.128099
-1.13489 0.195804 -0.408075 -1.81573
1.27415 -0.341742 0.804255 2.7871
-2.1626 -0.23974 -0.943704 -1.39749
-0.812544 1.267 -1.06239 -1.21536
0.127857 -1.11085 1.11291 0.113254
2.33902 1.01787 -2.01318 11.2167
-0.250049 1.14287 -2.15775 -0.190216
-0.157617 6.2962 -7.63765 0.058427
-0.220883 -1.30121 1.19886 -0.020978
1.11441 0.25987 0.083866 1.52524
-0.964571 -1.4063 0.873558 -0.972749
0.237653 -1.22763 1.67034 0.441984
-2.11765 0.032958 -0.464014 -2.41908
0.319999 1.86465 -1.50161 0.220321
-1.69859 0.790756 -1.82748 -2.54685
1.10033 -0.103515 0.157387 1.1143
0.302297 3.03132 -1.76614 0.15558
0.251643 1.78728 -1.3967 0.299887
-0.855443 -3.43939 4.13976 -0.551781
2.14419 -0.106769 0.083777 1.84051
1.94939 13.0617 -16.5217 2.18793
-7.30917 4.4371 -5.99522 -6.46537
1.46581 -0.154499 0.10848 2.02236
-1.27536 -0.49173 0.128408 -1.91866
-0.651504 -3.52879 1.46357 -0.190062
1.13565 -0.145564 0.2446 1.11295
0.628225 0.947829 -1.21038 1.2476
2.25221 0.06857 0.541199 2.324
-1.30283 -0.291047 0.424245 -1.55413
1.30386 -0.528351 0.748954 1.26877
0.329228 2.05361 -1.18706 -0.059242
-0.642594 -1.8177 2.09674 -0.054954
-2.50517 -0.135819 0.216036 -3.30508
0.424576 -0.979872 1.51055 0.38053
1.96589 3.5869 -3.80257 2.38255
1.24896 -0.182748 0.315409 1.13484
-1.25683 -1.96354 2.17167 -1.15432
1.08531 -0.071141 0.034895 1.69832
2.37827 -0.309602 0.143375 2.03737
1.08347 -0.020824 -0.081489 1.31568
-1.09058 0.050716 -0.301443 -1.32241
-1.69462 -1.3387 0.465636 -2.16884
1.89905 5.77835 -6.23694 0.960679
-0.840153 -0.825361 1.03013 -0.69359
-0.671665 -2.6949 1.80589 -0.064123
0.043462 1.04229 -1.04229 0.043462
0.666728 -0.984012 0.858426 0.710454
1.23015 -0.144098 0.232932 1.34183
1.28442 0.028134 -0.049911 1.0702
-0.122609 3.25432 -3.36298 -0.746688
-0.963985 -1.0425 0.577547 -1.39784
0.349729 2.9469 -1.66425 0.299615
2.91651 -5.37385 7.86744 3.32066
-0.327371 -1.3576 1.69267 -0.098334
1.33065 -0.263576 0.329367 1.58467
-0.632326 -1.30977 1.94438 -0.404866
-2.96118 0.332286 -0.100401 -2.09639
0.186044 1.37128 -1.59899 0.019894
0.017629 1.35057 -1.25628 0.023705
-0.664626 -2.34564 1.64246 -0.682299
0.402121 5.4091 -7.84479 0.319207
0.013111 1.44492 -1.32966 0.092592
-1.02575 0.691418 -0.545637 -0.923015
-0.214733 -1.10837 1.11321 -0.193179
0.626964 1.47348 -0.888282 0.797566
-0.344746 -1.72838 1.37572 -0.036046
0.094965 1.24353 -1.14915 -0.116779
1.26987 2.856 -3.11877 1.60841
-0.854643 1.00273 -0.824129 -1.39687
1.54087 2.09843 -3.14682 0.337285
1.11524 -0.107788 0.215734 1.08569
-0.210601 -1.12179 1.38069 -0.113756
-0.992038 0.381079 -0.552402 -1.67826
1.13995 0.265706 0.118204 1.55639
-0.664227 -2.16956 2.09029 -0.497717
1.35744 -1.17621 0.939921 2.27495
-14.6819 1.78482 1.15953 -14.9221
1.15143 9.73852 -8.00972 -0.164956
5.97182 -6.17412 9.25105 6.96742
0.052735 -1.11287 2.00273 0.054892
-1.09358 -0.016158 0.106724 -4.4925
0.121668 1.26189 -1.25888 0.210181
1.8401 3.31066 -4.03746 3.9215
-1.80554 0.346376 -0.636914 -1.51004
-0.301638 5.52227 -6.92237 0.103235
5.64662 -3.71721 1.19353 10.601
3.62761 6.24196 -8.13704 0.767451
-0.196003 -1.34261 2.71149 0.230606
0.932572 0.720754 -1.10905 1.16058
-0.263245 2.15861 -2.76556 -0.097478
-1.20774 -0.551951 0.362925 -1.37369
1.53771 -0.757576 -0.529393 5.83062
-0.289431 1.21741 -1.21274 -0.197072
0.714507 8.01482 -11.1044 1.45394
-0.272814 -2.10366 2.52713 -0.487014
0.772113 -6.23912 8.20314 -0.564513
2.11022 0.916322 -0.668196 2.52614
1.39682 -0.500593 0.21064 1.45674
0.333235 1.16666 -2.10289 0.941621
-0.09746 -1.25197 1.16995 0.17257
1.05395 -0.274737 0.449772 1.40024
-0.30766 -1.61208 1.21854 -0.216246
-1.19565 -0.222771 -0.116026 -1.55835
-0.88881 0.826807 -1.01027 -1.47562
1.32129 0.65943 -0.128277 1.23783
-1.5553 1.39648 -2.0197 -1.13975
-1.08185 -0.619852 0.360771 -1.21474
-0.669348 -2.04255 9.23999 -0.589854
-2.49016 3.66898 -4.34543 -2.28661
-1.53512 -8.10302 14.1798 -0.823783
-0.293956 -2.04275 1.45699 -0.054216
1.0985 -0.4293 0.717171 1.55238
0.980898 -0.830174 0.535516 2.041
0.916938 1.33266 -2.33764 0.282509
1.08082 0.43712 -0.578638 4.04319
1.92143 -0.842388 0.798858 2.76836
-0.233637 -1.56156 1.151 0.14561
-1.0779 -0.219212 0.580355 -4.63949
-0.446848 -1.16972 1.22761 -0.170404
0.16762 1.88666 -1.48794 0.145345
-1.30599 -0.540456 0.216449 -2.26344
0.389666 1.442 -1.60543 0.345479
0.273084 -1.26075 1.55947 -0.233165
-0.703925 0.853468 -1.22833 -1.34537
-1.42172 -0.22831 -0.117134 -1.96306
1.09608 0.174741 -0.00962 3.33871
0.011913 -1.08542 1.13622 -0.053522
-0.252608 -1.54159 1.35882 -0.326563
-0.501577 0.996912 -1.2291 -0.986529
33.788 7.1836 -9.61611 29.7985
-1.23737 0.132968 0.065044 -1.33472
