1.064802 -0.312807 0.314814 1.029684
0.929270 0.518528 -0.535025 0.926978
0.299882 1.063850 -1.478784 0.256115
0.472577 0.985120 -1.096694 0.514501
-0.763038 -0.769888 2.736227 -1.970765
-0.848291 -0.639754 0.769362 -0.991986
-0.572399 -0.910857 1.365669 -1.102198
-0.165750 -1.057465 1.372908 -0.120898
1.017581 0.288788 -0.286782 1.203630
1.175043 -0.088223 0.092842 1.060279
1.305483 0.276571 -0.479794 1.085537
1.048527 0.071207 -0.231515 1.322329
0.467733 -0.979144 1.197676 0.352557
0.909214 -0.731291 0.679992 0.871558
-1.139975 0.306865 -0.258250 -1.080236
-1.029305 -0.141293 0.251202 -1.174873
0.378577 1.023650 -1.137476 0.520379
-0.159580 1.120065 -1.215788 -0.082043
0.112691 1.301346 -1.726577 0.190941
-0.423894 1.194489 -1.315656 -0.217538
1.026239 -0.695418 0.771114 0.806334
0.665042 -0.849074 0.867850 0.776398
1.006675 0.556791 -0.427184 1.042744
0.887065 0.733733 -0.667375 0.921824
0.821815 0.813381 -0.708345 1.086308
-0.771893 -1.239047 0.973332 -1.308984
-0.750746 -0.978736 0.759173 -1.420994
1.165932 -0.334078 0.381398 1.028209
0.767159 -0.748325 0.805392 0.889290
-0.893869 -0.648512 1.752606 -4.368379
0.790413 0.894372 -0.861496 1.509490
-0.699265 -0.954219 1.258920 -0.504635
-1.750272 1.184506 1.816766 -4.519455
-0.374497 -0.994303 0.986996 -0.361846
-1.526977 0.846974 1.606715 -3.958992
1.130785 -0.065399 0.061040 1.075339
-0.161387 -1.018342 1.117478 -0.183361
-0.041710 1.099723 -1.202163 -0.005237
-0.426036 0.981120 -1.367091 -0.366469
1.043162 0.071976 -0.157542 1.317074
0.239987 1.101418 -1.216664 0.401102
1.126728 -0.113881 0.085156 1.071807
-0.349622 1.011294 -1.228241 -0.388269
1.056241 0.497335 -0.606765 1.018831
-0.672100 -0.820670 0.820670 -0.672100
0.443131 0.936955 -1.076606 0.481307
0.619924 -0.926303 1.018079 0.591036
0.783364 0.870126 -1.201067 0.725723
-0.874021 -0.636240 0.740188 -0.905046
0.837419 0.846887 -1.216843 0.745839
0.177671 1.096629 -1.457594 0.220236
0.942397 -0.711521 0.539658 1.130748
0.932843 -0.815845 0.508420 1.104415
0.024174 1.109275 -1.108454 0.129780
0.353835 -1.047999 1.102134 0.261813
-1.336744 1.296528 -0.905348 -1.248011
-0.678402 0.800803 -1.136440 -0.754173
1.182051 0.361580 -0.357975 1.007774
-0.732494 -0.800996 1.061928 -0.673500
-0.981638 0.740080 -0.897185 -0.817763
-0.353229 1.054608 -1.056749 -0.268450
0.588567 0.888179 -1.063209 0.575219
-0.093995 -1.115692 1.238212 -0.177717
-0.105721 1.085123 -1.222477 -0.157580
-0.433977 1.020343 -1.084559 -0.304055
-0.625682 -0.865895 1.133067 -0.743286
-1.028562 0.380018 -0.321622 -1.259876
1.072500 0.134701 -0.126798 1.167780
0.106213 -1.083130 1.132454 0.045872
-0.396170 -0.994335 1.150038 -0.412378
0.392289 -1.057170 1.166381 0.514813
0.177486 -1.033415 1.253738 0.248542
-0.160466 1.148210 -1.219862 -0.022290
-0.330620 1.124369 -1.421514 -0.075765
0.885870 0.633890 -0.835877 0.913284
0.580658 -0.982056 1.442959 0.465546
1.092674 -1.362629 1.464289 0.218752
0.588869 -0.949922 1.139661 0.476299
-0.526330 1.250425 -1.686622 0.163437
1.081155 -0.404129 0.635651 1.249592
-0.141180 -1.040759 1.184660 -0.223171
0.855291 -1.403981 1.446777 0.021422
-0.269992 -1.008935 1.475104 -0.357538
-0.935466 -0.562363 0.737273 -0.914278
0.431343 -1.129904 1.196835 0.240574
0.806203 0.755979 -0.858873 0.824369
-0.293411 1.074833 -1.074534 -0.209361
0.138101 -1.134203 1.670653 -0.052509
0.063559 -1.163133 1.226247 -0.081531
-0.327954 1.146907 -1.262883 -0.252998
1.916525 -0.625738 2.439839 0.973341
-0.111891 1.054795 -1.156875 0.005184
-0.036952 -1.069180 1.543037 0.232584
-0.668808 -0.922422 1.047529 -0.693310
-0.628401 0.856714 -1.098399 -0.749882
-0.834890 1.421420 -1.509153 -0.004865
0.970361 -1.081783 1.493409 0.362018
-0.447834 1.111455 -1.100972 -0.570356
-0.703171 -0.865421 1.177754 -0.887454
0.031272 1.069678 -1.478409 0.046317
-1.338457 0.487188 0.404314 -1.739825
-1.131124 0.024822 -0.091725 -1.192872
1.021715 0.469130 -0.579662 1.033734
-0.945254 -0.731707 1.168746 -0.846540
1.169348 0.351048 -1.068456 1.293910
-0.489594 1.216327 -1.409017 0.019365
0.020337 -1.214883 1.629984 -0.687374
-0.176356 1.072003 -1.709543 -0.227178
-0.141708 -1.148037 1.681343 -0.891558
-0.979817 -0.481073 0.567104 -1.063696
-0.896529 0.880874 -0.870453 -0.727643
-0.907705 1.263515 -1.321813 -0.228497
1.057974 0.199205 -0.276590 1.240882
-0.293290 -1.062407 1.704741 -1.021623
-1.072066 -0.292312 0.659502 -1.404039
0.525872 -1.114320 1.517043 0.229489
-0.349390 -1.070171 1.185519 -0.447071
-0.966576 1.272026 -1.277741 -0.267140
-0.409628 1.073744 -1.235877 -0.324139
0.565258 -0.915212 1.027919 0.543992
-0.799685 0.913262 -3.933032 -0.897998
-0.990611 1.272504 -1.257845 -0.273309
-0.995782 0.636833 -0.626786 -0.884075
-0.001235 -1.102962 1.288263 -0.017031
0.422986 -1.257028 1.445663 -0.177053
0.461760 -1.277194 1.391882 -0.121161
-1.017535 -0.402884 0.554559 -1.044227
-0.719160 1.227480 -1.290747 -0.154104
-0.746549 0.949709 -3.820259 -0.855434
-0.967441 0.844157 -0.762980 -0.789026
-1.144246 -0.224364 0.299948 -1.118887
-0.403657 0.990656 -4.064565 -0.848922
0.274623 -1.000373 4.728096 0.973846
-0.438146 1.329844 -1.446654 0.206232
-0.602190 1.117688 -0.991726 -0.542664
0.783270 0.768106 -1.342440 1.708930
-1.118541 -0.076796 0.147887 -1.188660
-1.037905 -0.238446 0.289307 -1.143681
-0.664638 0.831831 -1.185824 -0.907518
0.816304 0.726604 -1.239913 1.548310
-0.904147 -0.537258 0.596821 -0.978923
0.522047 1.024060 -1.557872 1.721125
-0.206601 1.082616 -5.093204 -1.132908
0.423408 1.135207 -1.961503 1.786745
-0.772428 0.729164 -1.088826 -0.979316
-0.452926 -1.028963 2.485422 -1.965485
0.542008 -0.977016 2.770425 0.678922
-0.918104 -0.657932 0.783455 -0.935455
0.989288 0.416721 -0.505470 1.080053
-0.461927 -1.017551 1.163628 -0.544296
0.614013 0.862965 -1.977381 1.477964
-0.712065 0.998129 -2.713201 -0.775590
-1.441550 0.110098 1.088477 -1.742701
-0.273289 1.079647 -1.167826 -0.227217
0.830356 0.716310 -0.945578 0.950864
-1.057523 -0.459003 0.623951 -1.025252
0.342030 -0.990887 1.042880 0.335823
-0.210845 1.108477 -1.025739 -0.246800
-1.146128 -0.100748 1.306335 -2.589491
1.330439 0.060779 0.928115 1.973930
1.162233 -0.230590 -0.317941 1.865692
1.457850 0.561118 -0.948015 0.939378
0.057999 -1.231394 1.502360 0.587010
0.309303 -1.111912 1.179393 0.656269
0.331784 -1.029932 1.298308 0.596256
1.655743 0.541277 -0.688796 1.012737
0.430647 -1.181431 0.996003 0.319150
0.392036 -1.101587 1.063141 0.502838
0.046605 -1.057827 1.760845 0.168871
1.069885 0.351539 -0.457267 1.002318
-0.023740 -1.196071 1.429765 -0.015961
-0.892536 -0.983568 0.584644 -1.064270
-1.250379 -0.131704 -0.299791 -1.239281
-0.965650 0.563725 -1.339227 -1.718811
-0.260900 1.168546 -1.234716 -0.663267
-1.373691 -0.196005 -0.472970 -1.678522
0.711142 -0.948325 1.064101 1.239333
0.788289 -0.712859 1.012621 1.183781
0.711785 -0.800874 0.879454 0.830613
0.689036 -0.809527 0.947450 0.891908
0.730163 -0.750250 0.922433 0.880462
0.734061 -0.772140 1.018524 1.308300
-0.060153 -1.158014 1.289255 -0.195791
1.099263 0.047504 -0.373289 1.396241
1.055321 -0.160524 0.194141 1.186238
-0.540042 1.026175 -1.424623 -0.332203
-0.419230 1.012533 -1.756755 -0.381535
1.330738 0.390466 -1.127175 1.378280
-1.002454 -0.646676 0.964082 -0.837122
-0.895748 -0.650355 0.867050 -0.889519
0.568586 1.324245 -1.841280 -0.361846
1.021369 -0.333823 0.462936 1.145786
-0.911798 -0.612085 0.785103 -0.929164
-1.124655 0.123093 -0.381748 -1.522380
-1.026753 0.237411 -0.539234 -1.466632
0.540330 -0.899957 1.457692 0.910770
0.678240 -1.058857 1.695459 0.486387
0.718189 -1.009328 1.709267 0.467805
1.015520 0.606142 -1.374462 1.134411
-0.717074 -0.901093 0.984488 -1.305079
1.105070 -0.122657 0.334412 2.091676
0.863167 -0.653229 1.118157 1.618588
-0.350717 -1.433042 3.000404 -4.323621
1.293244 -0.025282 -0.724150 1.558542
0.280927 -1.203101 1.769252 -0.233450
0.380207 -1.246528 1.605906 -0.320649
1.312687 0.054099 -0.941448 1.678399
0.898831 0.717227 -0.930288 0.919744
1.212518 0.111534 -1.055104 1.860306
0.802103 -0.843024 0.976049 0.657309
0.754438 -0.783718 0.941777 0.751470
-1.341138 -0.110186 0.742159 -1.364938
-1.031754 -0.829941 1.083733 -1.020675
1.043262 0.405104 -1.245196 1.784030
0.234159 1.037875 -1.198060 0.230749
0.667417 -0.854008 1.436103 0.831352
0.923875 -0.511488 0.920246 1.452018
1.237991 0.049006 0.361826 1.326412
1.510514 0.276703 -2.274202 3.467339
0.481279 1.054476 -1.261680 0.395163
1.089287 -0.203960 0.003326 1.505110
1.268791 0.267243 -1.614279 2.533360
0.875481 0.729109 -0.763883 0.836746
0.794395 0.678255 -0.874545 0.848544
-0.885058 -0.810347 1.002271 -0.699409
1.076615 0.427912 -0.754117 1.055023
0.430657 -0.985955 1.126409 0.454275
0.385615 0.998459 -1.355897 0.406318
-0.874816 -0.688425 0.938826 -0.853606
1.108170 -0.150144 0.056449 1.258598
-0.303562 -1.076486 1.389089 -0.225895
-0.252669 -1.034602 1.151737 -0.265220
0.906185 0.561415 -0.966410 1.510569
0.839710 -0.661120 0.718996 0.897925
1.141796 -0.183810 0.097114 1.183584
0.844058 0.729976 -0.941130 0.894702
-0.233874 -1.068111 1.167513 -0.227037
-1.042424 0.326482 -0.309722 -1.182545
-0.259208 -1.053014 1.116135 -0.365490
-1.121633 -0.412275 1.015687 -1.264082
1.075872 -0.115812 0.067900 1.117084
-0.869774 -1.032296 1.380296 -0.875899
-1.079052 0.452020 -0.345074 -1.276267
1.393628 0.614408 -0.805734 1.461299
0.342609 -1.056329 1.145619 0.355441
0.362737 1.031895 -1.057046 0.427219
0.819924 -0.731243 0.954598 0.902281
0.353869 1.063853 -1.060638 0.334861
0.671363 0.845608 -1.138485 0.733179
0.811389 0.877950 -0.954359 0.675646
0.129905 -1.125692 1.623428 -0.227215
-1.109370 -0.024697 -0.217657 -1.644048
-1.218788 0.083783 -0.508595 -1.271904
-1.054142 0.240078 -0.191053 -1.446612
0.614320 0.866618 -0.999660 0.596170
0.904301 0.654145 -0.856227 1.197576
-0.036198 -1.131877 1.131541 0.026381
0.962643 0.474535 -0.774946 1.248283
-0.911688 -0.623920 1.528794 -1.352086
1.019472 -0.299174 0.305235 1.287820
1.126204 0.255239 -0.484067 1.388372
-1.151803 0.268104 -0.134117 -1.177178
0.714230 0.809198 -1.014662 1.085793
-0.103739 -1.068786 1.037545 -0.071407
-0.152123 1.085882 -1.261874 -0.003961
1.012349 0.308351 -0.404902 1.173251
1.092455 0.383518 -0.527165 1.286183
1.160489 0.401306 -0.158254 1.490377
0.882882 0.647582 -0.770847 0.939839
-0.067707 -1.107852 1.080341 -0.057047
0.721794 0.797534 -1.016519 0.776100
0.098172 1.109172 -1.142563 0.096430
-0.056042 1.069986 -1.244767 0.088196
-0.785417 -0.764019 0.951563 -0.765343
0.453712 0.960357 -1.065160 0.587059
0.654110 0.892305 -1.374296 0.668971
-0.782752 -0.789697 0.896675 -0.689506
0.888500 -0.714890 0.625344 0.972541
1.124372 0.332560 0.380075 3.313511
1.105091 -0.026617 0.286101 2.926556
0.357411 1.049642 -1.309392 0.734355
0.676813 0.910779 -1.333256 0.585318
-0.779271 -0.779835 1.183178 -0.795764
1.125632 -0.099346 0.127989 1.954611
0.367457 -1.034633 1.294704 0.255611
0.545765 0.914312 -1.260533 0.558953
-0.128987 -1.152568 1.063663 -0.218357
0.621744 0.872181 -1.000802 0.641588
0.633827 0.878142 -1.098421 0.628069
-0.822269 -0.841301 1.021086 -0.662789
0.521027 0.937579 -1.024539 0.751146
0.808377 1.178717 -1.491850 0.740582
-1.008447 0.523055 -0.813563 -1.478872
0.308464 -1.192732 1.487367 0.238563
1.047973 -0.015761 0.059786 1.204709
-0.017833 1.054462 -1.316912 -0.053554
0.463164 0.976835 -1.183153 0.439329
-0.717811 -0.857699 1.109033 -0.686010
-1.022662 -0.753418 0.767825 -0.784298
1.078343 -0.102878 -0.018468 1.296724
0.425830 1.001920 -1.327128 0.556570
1.067886 -0.071124 -0.038222 1.249658
-0.130558 -1.062130 1.341974 -0.101994
0.148402 -1.040532 1.326003 0.176708
-0.247470 1.041524 -1.204099 -0.241972
1.166374 0.132850 -0.213611 1.050120
0.131075 -1.060928 1.286613 0.114519
-0.014738 1.093257 -1.210355 -0.034023
-0.812575 -0.876787 1.021299 -0.604663
1.100408 0.031103 -0.133250 1.126831
-0.998899 -0.407735 0.563353 -1.107270
-0.147600 -1.136898 1.265160 -0.235709
1.096208 0.014510 -0.044345 1.060523
-0.415874 0.980374 -1.107509 -0.437783
-0.197639 -1.075501 1.183642 -0.147336
1.164674 0.053282 -0.078398 1.080674
-0.667074 -0.808073 0.907863 -0.726014
-0.056093 1.039381 -1.154888 -0.083639
1.095167 -0.078325 0.049000 1.068570
1.086588 -0.037300 0.010586 1.041211
-0.203441 -1.021976 1.304701 -0.267645
1.164567 -0.004983 -0.017195 1.094748
1.196110 0.025971 -0.135452 1.080180
1.158385 0.035414 -0.211600 1.115068
-1.009775 -0.379404 0.583551 -1.163272
0.057248 -1.087020 1.120272 0.051670
1.159169 0.139391 -0.269579 1.085173
-0.147660 -1.032219 1.356039 -0.081933
-0.742983 -0.739353 0.890647 -0.932689
-0.974140 -0.404195 0.590578 -1.150809
-0.145048 -1.053676 1.310143 -0.202101
-0.217959 -1.060863 1.193752 -0.147115
-0.030387 1.104314 -1.263822 -0.033558
-0.285870 -1.392766 1.559752 -0.317138
-1.115849 0.049226 0.188815 -1.324483
-0.741706 -0.792737 1.113545 -0.710131
-0.077190 1.062395 -1.422522 -0.018926
-1.107517 0.007139 0.226670 -1.775993
0.053172 1.055577 -1.243257 0.063606
-0.155725 -1.101046 1.507645 -0.080120
-0.007436 1.074257 -1.575990 0.047866
0.290725 1.088026 -1.090153 0.255153
-0.171172 -1.118004 1.494626 -0.079361
0.744690 0.792709 -0.915346 0.836105
0.761877 0.819930 -1.014746 0.827657
0.072749 1.173798 -1.656969 0.044664
0.598769 -0.946514 1.524703 0.424725
-1.119856 -0.106378 0.329591 -1.675282
0.230817 -1.091295 1.377003 0.263852
-1.156963 0.224032 -1.513693 -5.579103
-1.012057 0.277121 -0.306147 -1.161336
-1.356850 -0.657971 0.773780 -1.634981
-0.396857 -0.982357 1.187757 -0.352712
-0.097894 1.058020 -1.373109 0.028923
0.048917 1.051457 -1.586587 0.062819
-1.013565 0.447791 -0.335775 -1.192032
-1.027793 0.279926 -0.305449 -1.037675
-0.995993 0.368539 -0.370459 -1.036033
0.577977 0.928378 -1.262987 0.555585
-0.164409 -1.114656 1.263309 -0.198792
1.344106 -1.395185 4.219107 -0.677762
-0.999708 0.391882 -0.488268 -1.696837
-1.039579 0.299213 -0.221832 -1.163400
-1.028842 0.249379 -0.239904 -1.129404
-0.830169 0.673901 -0.764590 -0.850217
-0.167570 -1.118401 1.492858 -0.046440
0.091316 1.060261 -1.828608 0.171615
-0.128421 -1.098568 1.650650 -0.165023
0.666257 0.872332 -1.388226 0.702959
0.041507 1.193962 -1.931707 0.072784
-1.021019 0.334954 -0.452381 -1.092053
1.111895 -0.015955 0.064212 1.517406
0.842864 0.662473 -0.736053 0.876421
0.196139 1.182783 -1.124394 0.166801
1.071749 0.036327 0.133658 1.565096
0.091899 1.107601 -1.761700 0.102408
0.048339 1.048012 -1.364799 0.088418
-0.990165 0.457186 -0.525075 -0.945533
-0.171564 -1.062913 1.450545 -0.090568
0.047130 1.071215 -1.333734 0.153563
1.588418 -1.313979 4.891048 -0.420742
-0.970035 0.550394 -0.613006 -0.914209
0.092965 1.079816 -1.980853 0.109871
-0.063594 -1.032615 1.449454 -0.121855
0.075621 -1.058275 2.156385 -0.113475
0.105236 1.086910 -1.659999 0.126219
0.720499 -0.851933 0.917657 0.829358
0.012048 -1.076982 2.751813 -0.313215
-1.026422 0.326705 -0.518012 -1.420312
0.408992 1.005699 -1.111964 0.460014
0.801292 -1.124210 4.775007 -0.329555
-1.061896 0.446482 -0.446687 -1.033007
0.305951 1.047452 -1.062718 0.285785
0.737340 -1.104477 4.647714 -0.277959
1.092463 -0.196933 1.651583 4.668351
0.134218 -1.095249 1.637506 -0.151770
-1.022375 0.402961 -0.558012 -1.359310
0.197935 1.086647 -1.746225 0.173892
0.979396 -1.169006 5.308633 -0.255257
-0.114383 -1.076016 1.213542 -0.038613
0.182021 1.182807 -2.190341 0.171848
0.008556 1.263573 -1.358636 0.356792
-0.719853 -0.837092 0.932746 -0.860186
-0.642364 -0.922059 0.997089 -0.829960
0.967130 0.707717 -0.733292 0.845609
0.385498 0.986259 -1.336799 0.476693
0.267564 1.204215 -2.148582 0.196053
0.573772 -1.102063 5.241656 -0.143245
0.190004 1.064529 -1.537524 0.103691
0.073418 1.046655 -1.276443 0.098023
1.149748 -0.218501 -0.008293 1.268153
1.144858 -0.375240 0.021647 1.406114
-0.080756 -1.099617 1.195743 0.054345
0.266868 1.084193 -1.459607 0.366218
0.290965 1.089731 -1.854385 0.190216
-0.126904 -1.484154 2.151361 0.024645
0.090500 -1.054298 5.152138 -0.055386
-1.013456 0.263571 -0.290311 -1.255008
1.143756 -0.319190 0.855379 1.706914
0.143232 1.126472 -1.609653 0.102471
0.138187 -1.059076 2.613456 0.056675
0.382386 1.088375 -1.526117 0.222646
-0.147847 1.264291 -1.325230 -0.606092
0.158979 1.109617 -1.483919 0.110445
-0.001620 -1.068437 4.612758 0.065764
-0.141571 -1.063641 1.975333 -0.198538
0.689498 0.858101 -1.234244 0.664631
1.040518 -0.326525 0.770990 1.555518
1.073640 -0.312365 0.790282 1.682147
1.001150 -0.412501 0.643755 1.148758
-1.187615 -0.478531 -0.227398 -2.045572
-0.217172 1.089221 -1.259451 -0.551483
-0.938928 0.506087 -0.731330 -1.158594
0.341409 1.086029 -1.193694 0.235039
0.978633 -0.478640 0.642806 1.148595
0.705724 0.846620 -1.153077 0.670721
0.964229 -0.442968 0.656394 1.085038
0.125831 -1.062119 2.631479 0.175491
-0.929606 0.487148 -0.741295 -1.151088
0.788716 0.797863 -1.091349 0.730253
0.878172 -0.723929 0.835055 1.072924
0.304524 -1.039166 1.154095 0.178158
0.135392 1.180987 -1.109791 0.010396
-1.001945 0.358073 -0.442545 -1.214663
-0.894930 0.607787 -0.786386 -0.977639
-1.084207 0.126464 -0.357706 -1.218169
0.265204 -1.037003 1.397384 0.178394
-0.557903 -1.075590 1.832861 -0.167678
-0.000836 -1.086866 1.351853 0.160029
0.361174 -1.000245 1.578728 0.298600
-0.796800 0.734588 -1.038594 -0.918885
0.114293 1.033971 -1.295320 0.125577
0.388677 -1.057580 1.150127 0.239274
1.043396 -0.062562 0.204331 1.545666
1.072675 -0.072672 0.196401 1.496804
0.451980 -1.005880 1.264165 0.326256
-0.768172 0.753967 -1.012771 -0.804157
0.554612 -1.075245 1.147167 0.387886
0.121403 -1.116016 1.175550 -0.036067
0.590556 -0.939691 1.180023 0.476868
-0.951170 0.737669 -0.930667 -0.977703
1.090726 -0.151980 0.161634 1.406954
-0.717485 0.996358 -0.846555 -0.660020
0.637316 -0.944011 1.056460 0.514410
-0.932053 0.582492 -1.256390 -1.555539
-0.841075 0.647991 -0.990485 -1.130060
-0.146822 1.443645 -1.263697 -0.189245
0.784220 1.050598 -1.372507 0.343720
-0.456132 1.047675 -0.977047 -0.531175
-0.838940 0.744973 -1.152764 -1.223463
0.681674 -0.854744 1.338848 0.729428
0.788325 -0.815267 1.455276 0.833897
-1.145001 0.156241 -0.359763 -1.310575
-1.084092 0.131283 -0.322222 -1.317499
-0.456423 -1.031723 1.283853 -0.294909
-1.080145 0.259317 -0.442317 -1.143244
-1.022820 0.449255 -0.628666 -1.237023
-1.134100 0.387975 -0.547344 -1.388501
0.117277 1.175378 -1.215104 -0.202319
-0.700361 0.820742 -1.260779 -0.996358
-0.214786 -1.101353 1.524237 0.003402
0.928444 -0.582964 0.582964 0.928444
0.323737 -1.030979 1.377478 0.637983
0.998059 -0.439732 2.644659 4.002947
-0.193501 1.053466 -1.440648 -0.221285
1.040240 -0.572019 1.329998 1.164453
-0.633263 0.848225 -0.848225 -0.633263
-0.136023 -1.281333 1.442127 0.412527
-0.631923 0.820674 -0.820674 -0.631923
-0.745641 0.768229 -0.971744 -0.811171
-0.724275 -0.825197 0.947357 -0.885271
0.659898 -0.846569 1.060182 0.648078
0.892074 -0.670120 1.767694 1.842580
-0.853373 0.680345 -1.558437 -1.265798
0.696837 -0.799749 0.799749 0.696837
-0.383364 1.068864 -1.031214 -0.564912
1.070234 -0.505445 1.059006 1.111235
0.620013 0.948869 -0.969673 0.718142
-0.635604 0.846936 -0.846936 -0.635604
0.357413 -1.051036 1.575688 0.480858
-0.498699 1.383328 -1.520492 -1.243084
0.840844 -0.749836 0.967222 0.934378
-0.868629 0.719893 -1.257388 -1.160218
0.925665 -0.678863 1.147790 1.179923
0.834989 -0.744658 0.894965 0.969529
0.615603 -0.987005 1.084522 1.325772
1.394567 -0.485860 4.052395 5.487677
-0.731576 0.844946 -0.844946 -0.731576
0.226850 -1.046990 1.402559 0.229879
0.879618 -0.686063 0.940803 1.078526
-0.774213 0.843850 -4.166624 -3.214733
0.808611 -0.802197 0.954263 1.422870
-0.543389 0.941281 -1.006699 -0.729788
0.973022 -0.537572 3.103811 4.047217
0.992990 -1.179386 1.468560 1.803935
-0.231177 1.075304 -1.442472 -0.188626
-1.122879 -0.140711 -0.289481 -1.907148
-1.152124 -0.296096 -0.247490 -1.888258
-0.804684 0.721722 -0.790062 -0.941911
-1.180296 -0.423096 -0.171804 -1.692280
-0.265030 1.154752 -1.338540 -0.090701
-0.944974 0.787939 -0.701340 -0.881697
0.614065 -0.900383 1.344040 0.836437
0.972250 -0.609777 1.020129 0.998710
0.984605 -0.574666 1.537245 1.795545
-0.812522 0.789283 -0.747033 -0.832882
0.798002 -0.726517 0.887392 0.811824
0.982940 -0.698692 1.055003 0.972875
1.122140 -0.714534 1.163483 1.026006
0.509549 -1.079161 1.148125 0.372730
-1.085730 -0.465760 0.639451 -1.087423
1.076694 0.811142 -0.783583 0.984442
1.406835 -0.907035 1.428420 1.150359
-0.270266 -1.118429 1.722432 -0.088494
0.805230 -0.754149 1.055204 0.854389
0.773815 -0.859074 0.913447 0.690692
0.829946 -0.760676 1.155281 0.934905
-0.958359 0.751134 -1.085469 -0.895766
1.172670 -0.588767 1.106052 0.973687
-0.954379 0.633602 -1.266405 -1.101063
-1.114979 0.934603 -1.325381 -1.375943
-0.616398 0.928861 -1.194190 -1.270064
0.899382 -0.660237 1.309354 1.100213
-0.592510 1.126799 -0.941999 -1.171654
-0.851924 0.700158 -1.120754 -1.537550
-0.610838 1.242781 -0.998253 -1.378344
0.505122 1.426347 -1.458937 -0.203403
0.394976 1.191965 -1.642213 -0.135089
0.169873 -1.107825 1.632648 0.005244
0.787108 -0.727681 0.727681 0.787108
0.594726 0.926856 -1.092861 0.676467
0.614450 0.917865 -1.267291 0.678121
-0.603424 -0.898257 1.483958 -0.575930
-0.857805 0.761524 -0.993857 -0.716652
0.796727 -0.749644 0.749644 0.796727
0.858327 -0.820103 0.820103 0.858327
0.758984 -0.736594 0.736594 0.758984
-0.700360 -0.892155 0.915988 -1.268969
-0.950952 -0.566590 0.497789 -1.381447
1.033837 -0.411502 0.411502 1.033837
1.035728 -0.266074 0.266074 1.035728
-0.984611 0.831855 -1.057011 -1.333067
-0.104342 -1.224465 1.460674 -0.155925
-0.638566 -1.073072 1.387613 -0.771660
-0.621523 0.926130 -0.860120 -0.635303
1.082321 -1.004902 0.732743 1.241323
-0.664755 -0.997803 0.895529 -0.952270
1.111032 0.791661 -0.984873 0.930253
-0.985192 0.820440 -0.526369 -1.079960
-1.187033 0.769731 -1.081311 -0.886732
-1.170801 0.633345 -0.592025 -1.081599
-1.010725 -0.541496 0.680677 -1.059672
-1.734951 1.190397 1.701358 -4.049986
1.139869 -0.346158 0.378790 1.036329
-0.789056 -0.702979 0.702979 -0.789056
0.686745 1.044933 -1.372135 0.983305
0.623790 1.088812 -1.379307 0.710556
-0.513906 0.939531 -1.099327 -0.542063
1.109209 -0.879831 0.898526 0.936560
1.017932 -0.782609 0.589344 1.191295
1.146314 0.358644 -0.477253 1.087515
0.817022 0.928073 -1.113558 1.065027
0.745651 -0.966846 1.185343 0.682990
-0.736592 -0.828659 0.835374 -1.023692
-1.070718 1.183666 -0.717449 -1.069168
-1.011755 0.940082 -0.671886 -0.996266
-0.790868 -0.842657 1.108323 -0.714122
-0.772489 0.997926 -1.268981 -0.662267
-0.842879 -0.955153 1.179372 -0.894829
-0.030012 1.109762 -2.746806 -0.525528
0.723777 -1.062377 1.075134 0.618607
0.719544 0.766228 -0.804278 0.754197
0.175157 1.105818 -3.862672 -0.736470
0.467559 0.948071 -1.114851 0.495505
1.066654 -0.636237 0.810722 1.236878
-1.107757 -0.728472 0.812401 -1.105787
1.735423 -0.282519 -1.476416 2.008753
-0.831984 -1.162985 1.360822 -0.739713
-1.082398 -0.906396 1.040415 -1.148331
-0.066935 1.420325 -5.862940 -1.160396
0.092176 1.272997 -1.510367 0.131422
0.710734 -1.167292 0.976934 0.853153
-0.704878 1.112079 -1.532302 -0.566790
-0.229000 1.151434 -5.198103 -1.067687
-0.384374 1.346105 -1.429647 -0.211874
-0.731917 1.162899 -1.272739 -0.590498
-0.967085 -0.722321 0.651543 -1.142920
-0.916229 -0.639975 0.786164 -0.852693
0.693791 -0.890401 1.058680 0.638543
-0.481751 1.156443 -5.129405 -1.105336
-1.001273 -0.391591 0.430531 -1.023010
0.286577 -1.403632 1.483237 0.403304
0.411484 -1.321244 1.337616 0.227310
-0.835916 1.041644 -1.194131 -0.893332
-0.066611 -1.180789 1.407456 0.102615
-1.179310 -0.722601 0.965981 -1.228698
-1.265900 -0.370853 0.475724 -1.277264
0.638771 0.894544 -1.609530 1.744576
-0.180158 -1.310535 1.541634 -0.443633
-0.324161 1.020167 -3.651775 -0.852489
-1.286634 -0.502000 0.648377 -1.279206
-1.198976 -0.425325 0.566705 -1.205268
-0.667770 -1.508705 1.013536 -0.650777
-0.210804 -1.496064 1.688011 0.927055
-0.723930 -1.223573 1.200155 -0.435420
-1.031230 -1.009659 1.240921 -0.831234
0.059081 1.830549 -1.653650 0.899030
0.718341 -0.945318 1.136430 0.895571
1.026727 -2.034003 1.226120 1.002866
-0.936041 0.749626 -0.910951 -1.216680
-0.432384 1.396921 -1.642458 -1.494057
-0.899168 0.671776 -0.637801 -1.196114
-0.907971 0.537357 -0.586476 -1.288679
1.654198 1.187167 -0.756268 1.450547
-0.803255 1.311833 -1.393052 -1.707121
0.628176 -1.240111 1.080296 1.008973
0.699798 -1.461833 1.197076 0.941169
0.671452 -1.170650 1.049604 0.872617
-0.613703 -1.349402 1.231500 -0.220178
-0.855451 1.331163 -1.211172 -0.798060
1.046701 -0.756521 1.150088 0.729868
1.305602 -1.331621 1.482645 0.761771
1.326354 0.468252 -1.000508 1.690750
1.319590 -1.721173 1.717529 0.656761
0.964979 -1.132422 1.385270 0.390462
-0.506026 1.625149 -2.535628 -0.534237
0.701757 -1.431458 1.807521 0.118181
0.103882 -1.378128 3.781944 -1.291824
0.964525 -1.131588 1.428219 0.573519
1.165980 -0.990543 2.159349 1.479265
0.868249 1.417198 -2.096375 -0.150546
-0.733760 -1.081690 1.511640 -0.441174
0.252241 1.417380 -2.249613 0.358743
1.626539 0.914948 -1.315422 0.818800
0.694127 -0.906502 1.541060 0.956779
0.663070 -1.050189 1.643881 0.588943
-1.105100 0.891365 -0.317075 -1.560764
0.555709 -1.326306 2.212744 1.407242
-1.048271 -0.758601 1.014731 -1.017765
1.207044 -0.235207 0.278335 2.554301
1.207640 -0.968950 1.719805 2.227448
0.039511 1.167630 -1.610334 0.092806
2.002724 -0.379079 -1.606700 3.160519
2.457376 0.550449 -1.968664 1.294046
0.411224 -1.366459 2.051341 -0.213167
1.171713 0.122206 -1.204614 2.134996
1.418009 -0.011908 -1.406336 2.570636
0.433036 -1.392403 1.871873 -0.211967
0.343938 -1.413566 2.241597 -0.215493
2.433388 -1.101090 -2.568290 4.945287
1.488324 0.208150 -1.113103 1.997843
0.248803 -1.681475 2.671105 -0.301763
0.095417 -1.210240 1.800194 -0.158174
1.703895 0.401033 -1.165481 1.905948
0.075396 -1.660410 2.219168 -0.296123
-0.931932 -0.681479 1.299360 -1.250386
-0.061898 -1.225158 1.769775 -0.184540
1.436340 0.198777 -1.402656 2.365279
0.052024 1.614823 -1.773150 -0.082967
0.532241 1.020500 -1.561329 0.889691
0.239281 -1.373382 1.977335 -0.294730
1.374339 0.614075 -1.265893 1.704818
1.183867 0.149604 -2.526223 3.866765
-1.279350 -0.437469 1.896963 -4.013842
0.424125 -1.390488 1.544258 0.485574
-1.130502 -0.517341 0.702539 -1.159197
-1.867993 -0.645803 0.404372 -1.377463
1.334566 0.230022 -2.129501 3.262753
0.859416 0.728333 -1.099437 0.945219
0.345705 1.208245 -1.575701 0.175448
0.608874 1.192072 -1.711784 0.915870
0.930722 -0.993415 1.379344 1.274832
1.428412 0.311960 -1.777980 2.782923
1.168579 0.357501 -0.957869 1.470097
-2.118443 0.808094 1.328933 -2.539062
0.010566 1.079872 -1.519078 -0.124071
0.403595 -1.220026 1.449996 0.540347
-0.279591 -1.121588 1.311922 -0.178961
-2.426696 0.560264 1.573021 -2.133723
-1.282508 -0.432474 1.028438 -1.486443
1.298093 1.267333 -1.365214 1.140811
1.293325 0.542665 -1.017567 1.233166
0.614037 1.170335 -1.634799 0.656002
1.361121 0.178503 -0.284703 1.403051
1.223870 0.430922 -0.503862 1.331511
-0.076325 -1.080513 1.242198 -0.069118
1.369383 0.644920 -0.760005 1.445001
1.052153 -0.634281 0.795826 1.045217
0.793206 -1.014345 1.157743 0.679497
1.441934 0.740234 -0.875886 1.554403
-0.859953 -1.290731 1.727198 -0.922498
1.074832 0.943182 -0.828589 1.379934
1.203025 -1.640286 3.549374 -0.550988
-0.095681 -1.378559 1.442236 -0.071308
0.406113 1.281169 -1.307584 0.344553
-2.489325 -0.745125 3.266160 -1.162027
-0.008021 -1.069395 1.073509 -0.036800
0.159013 1.399716 -1.407670 0.126841
1.175798 0.902234 -1.007934 1.316446
1.302921 -0.047417 0.145914 1.278786
0.412710 1.027309 -1.172335 0.747669
0.936791 0.988809 -1.396235 0.819440
1.154610 0.198389 -0.201374 1.440231
1.269530 0.478395 -0.588309 1.438466
-0.317913 -1.115332 1.137710 -0.311123
0.974756 -0.833293 0.765812 0.980733
-0.277301 -1.331463 1.327372 -0.271020
0.260364 1.348031 -1.389485 0.229747
1.182309 0.293636 -0.451082 1.348008
1.092663 0.003059 0.003592 1.244264
1.175131 -0.015246 -0.337485 1.322768
1.098989 -0.568606 0.712791 1.100709
-1.173487 -0.496048 0.445270 -0.971771
1.158710 -0.162421 0.093548 1.474450
0.595972 1.008481 -1.135096 0.495127
1.499238 -0.266757 0.211723 2.003227
-1.362671 0.297541 -0.458521 -1.410417
1.318014 -0.067007 0.115037 1.609563
0.333365 -1.231233 1.477618 0.247875
1.445280 -0.018807 -0.011349 1.676423
1.713959 -0.059335 -0.238528 1.755842
1.661865 -0.021594 -0.092024 1.669257
1.614644 -0.216112 0.001357 1.907430
1.626134 -0.129552 -0.081790 2.031358
1.072275 -0.084258 -0.008169 1.105879
1.059057 -0.018528 -0.075015 1.232682
-0.208297 -1.080963 1.177052 -0.155880
-0.892675 -0.863489 0.899430 -0.667683
-0.194601 -1.389671 1.522061 -0.356248
-0.892111 -1.167474 1.422044 -0.765287
-1.686577 -0.606680 3.878372 -2.126016
1.178281 0.131421 -0.304155 1.131831
-1.514350 -0.055428 0.196257 -1.836262
0.076838 -1.070045 1.217807 -0.007119
-0.179544 1.640397 -2.134399 -0.054123
-1.408708 -0.184011 0.408685 -1.780279
-1.759458 0.111033 0.217255 -2.340300
-1.129965 -0.505502 0.661474 -1.370864
0.089424 1.379018 -1.767940 0.049182
0.136025 -1.065403 1.232799 0.057169
0.128831 1.354734 -1.646358 0.082811
0.242312 1.203063 -1.469836 0.257937
-1.052656 0.336475 -0.167916 -1.211175
0.134066 1.297516 -1.896456 0.050379
-0.090221 1.485240 -2.252052 -0.020690
-1.240099 0.233326 -1.228251 -4.449305
-0.162417 -1.086498 1.491329 -0.069326
-1.188608 -0.554564 0.612070 -1.605772
-1.092099 -0.243948 0.390486 -1.830466
-0.106520 -1.386309 1.553062 -0.221706
-1.361781 0.328726 -1.734723 -6.239078
0.010954 1.089488 -1.810776 0.032943
0.042656 1.214253 -1.754629 0.050343
-1.380832 0.379402 -1.860659 -6.537139
-0.629832 0.909146 -1.054324 -0.543662
-0.163316 -1.115901 1.584093 -0.075714
-1.503501 0.302570 -2.022853 -6.934086
0.167687 1.343526 -2.266309 0.125115
-0.216884 -1.335062 1.699437 -0.217719
-1.492322 0.511124 -0.920033 -3.157581
1.444489 -1.322623 4.509013 -0.544928
-0.038061 1.489831 -2.649466 0.086601
0.006505 1.350870 -2.302632 0.071182
0.107574 1.209288 -1.597573 0.218858
-0.003851 -1.225509 1.938173 -0.115837
-0.167277 -1.100815 1.516841 -0.081427
-1.441671 0.506140 -0.786166 -2.541573
-1.023466 0.359516 -0.462249 -1.076828
0.124309 -1.250845 2.010473 -0.248406
0.055248 1.380543 -2.524819 0.115171
0.310918 1.164386 -1.490015 0.428926
-1.515921 0.428555 -0.895575 -2.719175
-0.161888 -1.077856 1.381984 -0.083641
0.359858 1.145891 -1.459221 0.472566
0.310336 -1.361598 2.524041 -0.206968
0.144295 -1.323915 2.028771 -0.213049
-0.975442 0.396705 -0.459227 -1.039442
0.295221 1.300200 -1.756086 0.214068
0.290504 1.022772 -1.099044 0.312629
-0.156082 -1.140563 1.425816 -0.077170
-0.431587 -1.341037 1.604994 -0.026766
0.373346 1.010903 -1.356665 0.292547
0.249152 1.393516 -2.328211 0.222364
0.381106 1.336136 -1.655732 0.314768
0.286519 1.344747 -1.605397 0.258816
0.290380 1.170784 -1.441762 0.372679
0.224799 -1.164419 1.921653 -0.079983
-0.786467 -0.893021 1.271344 -1.026760
0.272468 1.345060 -2.448050 0.215023
-1.548403 0.411291 -0.960824 -1.936543
-0.119712 -1.132085 1.292091 -0.030609
1.286108 -0.358065 0.826989 1.688527
0.369641 1.439202 -2.359003 0.254270
0.207103 1.055294 -1.677027 0.132824
1.867559 0.096881 -0.052134 1.397304
1.037937 -0.387090 0.261200 1.164357
0.282273 1.428041 -2.144967 0.187248
-0.139191 -1.162768 1.667538 -0.240578
1.420584 -0.362747 1.078750 2.165994
0.422287 1.424896 -2.012888 0.247858
0.188508 1.257811 -1.734156 0.124457
-0.573661 0.974655 -0.990986 -0.884024
0.185698 1.042813 -1.511558 0.131383
1.381700 -0.265307 0.567089 1.394539
0.414643 1.101742 -1.397128 0.404834
-1.118598 -0.346440 -0.002033 -1.493608
0.571977 1.223423 -1.369680 0.359601
0.370746 1.047805 -1.158700 0.239483
-1.042644 0.499180 -0.950601 -1.643906
-0.277053 -1.096472 2.030019 -0.183744
0.473486 1.363851 -1.330712 0.347492
0.390318 1.344872 -1.332273 0.260627
1.107681 -0.490191 0.700999 1.367730
-0.262696 -1.304956 1.987622 -0.219118
-1.230407 0.518978 -1.157760 -1.831343
-0.553728 -1.162245 2.006106 -0.177820
0.504675 1.778047 -1.529773 0.326511
0.174953 1.736105 -1.420418 -0.011555
0.155605 1.643701 -1.390322 0.008460
-1.318287 0.542711 -1.288384 -1.842991
-0.253785 -1.059976 1.163597 -0.406095
1.440303 -0.208010 0.289254 1.852748
-0.002065 1.710866 -1.323403 -0.145564
1.269708 -0.179198 0.191783 1.449332
0.296704 -1.084137 1.127674 0.164969
1.047671 1.060625 -1.230313 0.651789
-0.769200 1.243471 -1.318501 -0.924055
-0.227779 1.437580 -1.251085 -0.280786
-0.322010 1.507491 -1.409574 -0.423912
-0.409969 1.428810 -1.368174 -0.555859
-1.147898 1.143646 -1.571158 -1.642573
-0.396976 -1.034605 1.265868 -0.241614
-0.245696 1.429210 -1.363250 -0.389804
-0.379079 1.330685 -1.256653 -0.581253
-0.888413 1.124788 -1.256818 -1.237421
-0.722056 1.382722 -1.440287 -1.168105
-0.997561 1.017946 -1.113017 -1.442099
-0.775608 1.309273 -1.556221 -1.349675
-1.003510 0.390521 -0.532146 -1.375127
-0.189982 1.098846 -1.498397 -0.226546
-0.994939 0.940455 -1.486374 -0.962934
-1.036751 0.799428 -1.725316 -1.362877
1.220657 -0.773690 1.670237 1.487917
-0.887914 0.873402 -2.217538 -1.828522
0.799476 -0.789217 1.028727 0.737800
1.031918 -0.696262 1.753609 1.806245
-0.768861 1.034689 -1.534110 -0.833582
0.631117 -1.176605 1.753159 0.717404
1.285101 -0.359907 0.994869 1.166141
-1.021139 0.936925 -1.552826 -1.172312
-0.626432 1.216115 -1.816948 -0.687884
0.094165 -1.069226 1.617266 0.282929
1.385035 0.906614 -1.006914 1.004097
1.194085 -0.571343 3.532389 4.717183
1.323819 -0.594336 4.163909 5.474630
1.184772 1.403413 -1.126883 1.328926
0.898119 1.054009 -0.719615 1.191117
0.790280 -0.878461 0.885438 1.473485
0.813350 -1.200514 1.199602 1.759451
-1.753944 -0.221312 -0.242535 -2.428805
-1.247369 0.948388 -0.795049 -1.127203
1.232267 -0.768973 1.367005 1.301891
1.197948 -0.644223 1.014139 1.187546
1.250743 -0.755942 1.313621 1.207461
1.161412 -1.035314 1.354008 1.092414
0.999836 -0.641960 0.935256 0.919236
-0.152116 -1.174834 1.384998 0.045284
-1.053331 -0.628561 1.038277 -1.151576
0.004820 1.311813 -1.563991 0.133956
-0.456629 -1.474445 1.772245 -0.239956
0.620629 1.451498 -1.709925 0.681752
-0.293331 -1.299524 1.651282 -0.182485
0.892778 -0.996592 1.155073 0.780936
-1.153840 0.940591 -1.250465 -0.995844
-1.711515 -0.919239 0.324092 -2.000983
0.691196 -0.797990 1.242849 1.276337
-0.264361 -1.242965 1.591844 -0.263862
-1.471062 -0.998620 0.297138 -1.627078
0.069383 -1.555059 2.376342 0.292880
-1.434159 -0.849812 0.259064 -2.102735
-1.283919 -0.943583 0.368769 -1.646137
-1.917745 -1.159731 0.407599 -1.590633
1.326619 -0.856916 0.955287 1.121641
-0.607504 -1.081137 1.691039 -0.956193
-1.083143 1.119928 -1.288196 -0.944814
-0.740526 -0.832779 1.358480 -1.258171
-0.956853 -1.032923 1.233468 -1.287918
-0.775131 0.817541 -0.741660 -0.768398
-0.091419 1.438415 -1.362195 -0.103045
1.139751 0.262188 -0.262188 1.139751
0.465356 1.217511 -1.682410 0.394936
1.867919 -1.720944 1.940002 1.367232
1.462719 1.297998 -1.185405 1.301140
1.084369 0.452240 -0.516221 1.082738
0.709580 0.893624 -0.936747 1.075347
1.162541 0.556370 -0.705246 1.115768
1.470595 -1.492211 1.582284 1.523781
-1.161985 -0.466681 0.523715 -1.126491
2.143731 -1.779314 1.885757 0.953635
-1.943624 -0.676679 0.834378 -1.975996
0.042665 -1.749904 2.763609 -0.440882
-0.172006 1.135418 -1.096879 -0.117860
-1.333580 -1.615661 1.518457 -1.243889
2.100395 1.029133 -0.684098 1.639620
1.030919 -1.289124 1.515185 1.390471
-0.948012 1.519460 -1.965920 -2.075125
-0.437347 -1.910193 1.627203 -0.411861
-1.191311 -0.974727 0.828871 -1.327654
1.834369 -1.382052 1.634000 1.439002
1.586109 0.406384 -1.002954 1.788355
1.887918 -1.336648 2.278838 2.283487
2.180131 1.429074 -1.907769 1.240613
1.424169 -1.694714 2.476761 1.755776
-1.928668 -1.293501 1.252759 -1.373445
-1.854034 -0.848671 0.618333 -2.286697
1.473421 -0.021253 0.184704 3.052259
1.345230 -1.204522 1.897879 2.557125
-0.450239 -2.208165 2.542136 -0.019803
0.162928 -2.024826 2.829101 -0.435013
-2.226428 -0.525132 1.449015 -1.918793
-1.877274 -0.548693 1.308570 -2.004245
-1.865636 -0.323109 2.243470 -4.968111
1.174509 1.942747 -2.211385 0.760293
1.007926 -0.917985 1.345436 0.947017
-2.939096 0.967792 1.656852 -3.398044
0.736040 1.677521 -1.810193 0.357416
-3.232363 0.569188 1.842242 -2.580089
1.502928 1.246506 -1.120694 1.461753
1.461535 0.562173 -0.687586 1.586966
1.349008 -2.172424 4.162539 -0.591685
0.168585 -1.163039 1.668012 -0.212429
1.593459 0.793392 -0.826140 1.513246
0.448836 1.484772 -1.561686 0.427914
0.783910 0.997997 -1.196816 1.241746
0.247095 1.485510 -1.495223 0.215705
2.281256 0.521888 -0.008962 4.065038
1.319386 1.029372 -1.403124 1.230683
1.711959 1.210114 -1.330262 2.115679
0.808600 1.452229 -1.496739 1.152751
0.229713 1.509128 -1.580963 0.214735
-2.026422 0.158634 -0.647928 -3.380384
-2.136058 0.381845 -0.930220 -3.867814
-1.682709 0.002503 0.164278 -1.921715
-2.288139 0.027256 0.439998 -3.304536
0.031133 1.574627 -2.061616 0.029590
-1.749763 -0.577195 0.807644 -2.186729
-0.359520 -1.837300 2.148596 -0.524126
-0.162892 1.630127 -2.851941 0.026211
-0.118488 1.560153 -2.182213 0.061698
1.868831 0.210394 -0.185445 1.766507
0.016635 1.826089 -3.531040 0.159170
-1.641972 0.432573 -1.051325 -2.931099
0.072933 -1.678810 2.323528 -0.275952
-0.466167 -2.108222 2.496512 0.035011
-1.723989 0.510545 -1.097571 -2.696082
0.190998 1.668888 -2.995081 0.209330
0.221728 1.458983 -1.849993 0.215370
-1.154894 -1.571156 1.768075 -1.357227
0.236027 1.885740 -3.279555 0.236939
2.001826 -0.646262 0.367968 2.181355
2.086702 -0.398355 1.468954 2.958753
0.464378 1.689129 -2.768005 0.299929
1.162395 -0.255891 1.038166 2.139654
-0.113159 -1.469211 2.899577 0.001068
2.202608 0.227478 -0.200604 1.658061
1.942018 -0.714880 1.463970 3.263298
0.528436 1.699912 -2.519632 0.309624
-1.807297 0.367666 -0.542757 -1.922073
2.037555 -0.155855 0.558600 1.892694
0.175372 1.101219 -1.643398 0.123655
0.222163 1.729376 -2.354449 0.137915
-1.930401 -0.095083 -0.535927 -2.498398
0.403867 1.722598 -2.103202 0.217704
-0.400108 -2.077192 2.681357 -0.156954
0.335101 1.546403 -1.563404 0.194061
-1.665511 1.319621 -2.261981 -3.847889
0.204534 1.854236 -1.565921 0.034434
-1.881537 1.018591 -2.600023 -3.830650
-1.429715 0.601288 -1.413425 -2.005825
0.071487 1.875702 -1.471008 -0.058735
-0.199891 -1.857624 2.788985 0.047282
-1.606022 1.198931 -2.167743 -2.652843
-0.065762 1.921473 -1.682139 -0.197106
-0.060205 1.745282 -1.538069 -0.134185
-0.862996 1.332287 -1.480845 -1.283211
-0.773127 1.735673 -1.793401 -1.324666
1.188248 -0.523944 1.479406 1.624896
1.041921 -0.759043 1.420172 1.368836
1.205741 -1.118508 1.622060 1.637965
1.489210 -1.160936 2.415229 2.453525
-0.692302 1.343905 -1.549896 -1.257713
0.829254 -0.771139 0.789170 1.032814
1.867085 -0.863667 3.660474 4.964405
1.151915 -0.609469 1.478242 1.938232
1.271229 -1.611596 2.064103 2.309807
1.688767 -0.899304 4.343238 5.567577
0.763165 -0.820218 1.088106 1.520325
1.065361 -1.447945 1.466330 2.069274
1.372706 -0.429857 1.272641 1.334135
1.903456 -0.934047 2.392975 2.454748
0.242072 1.727825 -2.033084 0.454506
-1.251907 -0.196110 -0.280338 -1.946738
0.163986 -1.129205 1.367617 0.388723
0.282870 2.196339 -2.362098 0.613902
1.482559 -1.048247 1.709227 1.512415
1.517417 -1.341090 2.398513 2.382164
0.259510 1.172660 -1.507887 0.551573
0.849672 -1.065784 1.056397 0.674254
1.649469 -1.128912 1.651483 1.378642
0.964061 -1.852533 2.804235 1.486475
0.735576 -1.433453 1.863235 1.458989
-0.427005 -1.594608 2.120985 -0.376642
-1.966658 -0.698631 0.079487 -2.538152
-2.002517 -0.856914 0.241104 -2.367545
0.248547 2.165586 -2.183770 -0.303520
1.315126 -0.916071 0.928893 1.106192
2.309021 -2.103134 2.012405 2.261067
-1.428252 -2.108803 2.347566 -1.522652
2.252687 0.737738 -0.613125 2.371278
0.558138 -2.194144 2.103950 0.718693
-2.522867 -0.759356 1.070073 -3.520929
1.773106 -1.880934 2.568094 2.291298
-1.387161 -0.178462 -0.496047 -1.696609
-0.922278 -2.891662 3.373287 -0.568042
2.695602 1.849876 -2.303649 2.128825
-2.684586 1.507745 -0.448434 -4.548133
0.929443 -1.436131 2.513173 1.663898
2.377031 -1.261059 2.294196 3.734677
2.784904 0.109198 -1.174785 3.312294
-0.353477 -2.447169 2.699849 -0.334677
1.803204 2.009994 -2.106675 2.702155
1.188723 -0.945089 1.374053 1.504344
-1.173445 -1.990430 2.670563 -1.629045
-1.325774 -2.445519 2.913638 -1.651268
1.675766 1.433388 -1.434268 1.859141
1.641318 -3.190306 4.272235 -0.891164
-1.616148 -0.029944 -0.069723 -1.518484
-1.703446 -0.239844 -0.004847 -1.825485
1.645231 1.830582 -1.903360 1.629290
2.440225 0.590312 -0.415959 2.760551
-2.581904 0.370145 0.021726 -2.796792
-2.382601 -0.183817 0.810743 -2.950834
3.768226 1.146361 1.876338 4.319784
0.594035 1.956791 -3.168885 0.347813
1.604412 -0.368881 1.206277 2.424441
1.180031 -2.054011 3.125612 1.332066
1.613480 -1.889149 4.446972 4.346192
-0.686125 1.213379 -1.687256 -1.406733
-0.848247 1.009919 -1.009919 -0.848247
1.501081 -1.956369 3.714029 3.737762
1.633994 -1.779344 1.745808 2.368088
2.687412 -1.330634 6.054935 7.631348
1.755861 -1.921234 1.736248 2.244711
0.911501 0.905000 -0.967321 0.926034
-1.149955 1.007194 -1.204616 -1.099881
-2.319618 -1.281594 0.606657 -1.891441
-1.459161 -0.865134 0.159495 -2.144208
2.391427 -1.086630 1.580226 2.780401
1.792593 -3.085022 3.388165 1.165419
-3.308347 -1.847878 2.386314 -3.349730
3.103724 -2.093666 1.783057 3.646369
2.230218 -3.100333 3.898300 3.112597
2.334905 -2.563177 3.577834 2.960724
4.713143 0.935406 -2.266491 4.817318
3.710340 -2.201478 3.753065 4.446242
1.616082 -3.663144 4.595620 1.708078
2.747251 -3.048190 3.164198 2.748324
-5.083447 0.792663 2.233654 -5.629795
4.656313 -0.337063 -1.130202 7.123335
3.493712 -1.646531 2.148144 3.480577
-0.585949 -3.762795 3.585275 -0.072483
3.343689 -2.309653 2.309653 3.343689
4.608468 0.306230 9.847994 13.404563
-1.167417 2.522161 -2.819813 -1.785329
2.568241 -2.966858 4.338606 4.683222
2.315929 -4.162738 5.804310 6.645485
2.652809 -2.247593 2.819069 3.912113
3.410661 0.526868 -1.163519 4.431615
1.938869 -5.840090 5.782444 7.615923
2.272279 -6.949922 10.162911 -3.810699
-6.374177 -3.924402 9.342220 -2.937933
7.888037 -0.388686 6.282635 6.804731
-3.429199 -0.705949 0.943615 -4.386967
4.323266 2.381600 -3.092581 6.818791
-6.150322 -0.670261 3.113717 -5.971696
-5.335232 -1.510970 1.422025 -12.536659
-0.984386 -4.036970 6.585812 -0.284978
6.437794 -0.329560 3.648263 7.987548
0.137621 -6.179021 9.119562 -1.263014
-5.478476 4.187798 -8.668797 -4.156734
2.399788 -6.234713 6.009446 8.110976
7.083047 -7.851878 14.251808 22.057718
4.342226 -6.400641 11.531868 15.885537
8.769931 8.195896 -2.153971 10.762511
-3.664806 -11.059356 14.099801 -16.941685
-12.913211 -2.491267 11.244736 -12.552567
8.604828 -9.551492 18.111322 3.829369
-4.127948 -12.827021 18.370213 4.386772
-10.364377 -3.656250 7.766028 -26.291613
-9.562630 -4.547816 4.454586 -12.953913
8.647637 -3.516143 6.395962 13.459355
8.377333 -8.649373 9.341516 17.736609
-13.509188 -15.227767 21.472927 -26.844526
-23.796457 -9.476746 20.935741 -21.915388
12.510540 -18.593054 27.097544 5.379812
-2.081427 -20.833471 25.614622 6.607404
1.103129 24.090771 -29.346849 4.136796
15.326333 -20.969242 18.723099 32.263168
6.978055 23.648981 -27.704134 5.632993
19.659065 -9.560981 13.937497 27.554371
-24.286161 -17.878382 24.580412 -33.301277
13.308510 -31.034632 35.796917 5.662950
1.341844 32.389282 -34.564194 4.469760
21.642536 -28.018030 25.974224 44.338223
7.367403 -39.314987 39.165073 9.635644
44.636696 4.356999 -10.344114 48.826286
39.939205 -18.098694 22.930458 50.978714
44.916576 -34.188770 35.653584 68.489883
-6.883404 -81.560249 81.893852 -18.457266
94.540955 -22.716015 23.454557 118.491379
-4.782927 -116.963158 123.171822 -28.405924
0.838961 0.911858 -0.859782 0.864660
0.069036 -1.250694 1.526115 0.596929
0.601612 1.180629 -1.425874 0.495101
1.108898 0.735382 -0.855318 1.256556
-0.236698 -1.280268 1.264900 -0.218614
1.529752 -0.192021 -0.008453 1.828580
-1.174613 -0.134131 0.358016 -1.747948
0.410550 1.521709 -2.694045 0.267101
-1.128170 0.128595 -0.364779 -1.274180
-0.569395 1.285708 -1.311440 -0.926451
0.900348 -0.796901 1.031402 1.102574
1.058320 1.797936 -1.635720 0.583075
1.496252 -1.448056 1.774748 1.930303
-2.154954 0.799499 -1.115929 -2.763950
-2.219198 0.819066 -1.146673 -2.814350
-2.102437 -0.545998 -0.082581 -2.680477
2.123979 0.704938 -0.739265 2.157612
1.959553 1.118884 -1.178849 2.289525
-0.047052 1.075493 -1.109368 -0.037576
0.797835 -0.719378 0.716418 0.781444
-1.012831 0.361160 -0.352091 -0.998861
-1.494904 -0.109310 0.204925 -1.088772
-0.755488 -0.806030 0.924827 -0.765172
0.901051 -0.789703 0.783693 0.782012
-0.780224 0.874959 -1.141753 -0.606048
0.122356 1.057726 -1.172337 0.114853
0.444327 -0.987118 1.091751 0.396955
0.568758 -1.063858 1.269252 0.350838
-0.725276 -0.833307 0.873518 -0.774597
-0.536452 1.024085 -1.038486 -0.460790
-1.011863 -0.465082 0.642888 -1.049930
-1.150921 -0.326377 0.423069 -1.074595
0.330404 -1.097106 1.180864 0.240074
-1.077670 -0.629588 0.865601 -1.038145
-0.834701 -0.760564 0.975221 -0.745200
-0.693685 -0.949289 0.845130 -0.650055
-1.089479 -0.002917 -0.092088 -1.150527
-0.353704 1.080076 -1.034783 -0.480382
1.092371 -1.074459 0.591541 1.447141
1.035210 -0.727312 0.261349 1.564662
0.109784 1.076973 -1.221805 0.094606
-0.238592 -1.060892 1.203302 -0.208157
-0.697274 0.819926 -0.866601 -0.823741
-0.974229 1.351529 -0.646378 -1.118854
0.786308 -0.695186 0.704364 0.797676
-0.972706 0.397808 -0.410185 -0.980469
0.398332 -1.011037 1.060063 0.372068
-0.248407 1.016659 -1.101407 -0.192473
1.115358 0.125202 -0.175443 1.027116
0.818220 0.783382 -0.881732 0.771835
0.106518 -1.038514 1.427970 0.135594
-1.431899 -0.065652 0.010527 -1.045269
-1.054490 0.165894 -0.032495 -1.308565
-0.695888 -0.857457 1.026453 -0.799232
0.392832 0.998742 -1.059457 0.405283
0.334821 -1.038672 1.079195 0.287925
-0.210850 1.101295 -1.125759 -0.105166
-0.708757 -0.887940 0.791424 -1.047330
-1.106269 0.031468 0.073655 -1.116397
1.157113 -0.041807 -0.031397 1.079398
0.855301 1.295098 -1.369306 1.249495
0.323666 -1.017802 1.191902 0.332306
-0.343198 1.012208 -1.186426 -0.348977
1.066470 0.238013 -0.322696 1.061891
-0.526688 0.983032 -1.095182 -0.391648
0.986255 0.610473 -0.754523 0.950618
-1.114512 0.409957 -0.349954 -0.982591
1.052510 0.295685 -0.231523 1.282292
-1.068024 0.177653 -0.160180 -1.162021
1.127444 -0.198094 0.150345 1.065848
0.527950 0.933236 -1.007473 0.551674
-1.136858 0.021287 0.035883 -1.083891
-1.060318 -0.468946 0.624131 -1.048319
-0.008095 1.084499 -1.555387 -0.070918
1.301653 0.648498 -0.851466 0.872134
1.473262 0.207493 -1.080544 1.364389
-0.657431 0.942405 -1.068051 -0.914699
-0.154568 1.063677 -1.182988 -0.039699
1.296551 0.239002 -1.069413 1.383654
-0.002177 1.066395 -1.191076 0.122309
0.674372 -0.962421 0.965840 0.569942
-1.073416 -0.213425 0.297473 -1.074034
1.155197 0.715524 -1.214773 0.881588
1.213008 0.039753 -0.190614 1.165309
1.056799 0.653210 -0.765247 0.976074
0.763542 0.721089 -0.876289 0.769837
-0.686029 0.837779 -1.382640 -0.703823
-0.873090 -0.728495 1.487379 -1.220555
0.726940 0.841812 -1.564014 1.145344
0.801177 0.857717 -1.590593 0.752085
1.188176 0.141481 -0.030539 1.241218
-0.713293 -1.061175 0.950741 -0.659201
0.379441 1.063188 -1.318173 0.637307
1.068674 -0.999053 0.859937 0.733773
1.256256 0.544542 -0.780059 0.921862
0.058153 1.193084 -1.133346 -0.010552
0.777757 0.916411 -0.826408 0.764035
1.089508 -0.264428 0.317534 1.163459
-0.347348 -1.049869 1.122167 -0.431816
-1.136101 0.386144 -0.298637 -1.067513
0.247243 -1.273182 1.564559 -0.420057
-0.789372 1.339250 -1.373268 -0.062026
1.168103 0.337961 -1.137013 1.354329
-1.016995 -0.347102 0.401911 -1.207887
0.726745 0.820437 -1.027671 1.176288
0.104325 1.116011 -1.602210 0.221115
0.408674 -1.073994 1.236193 0.323310
-0.981204 -0.714266 0.855819 -0.864764
-0.341628 1.007569 -1.122241 -0.344011
0.302242 -1.018260 4.002110 0.776913
-0.772484 -0.775608 0.887531 -0.765230
-0.939403 1.230335 -1.177446 -0.312639
1.158833 -0.150111 0.004342 1.109140
0.186063 -1.118732 1.143807 0.034111
0.301772 1.033401 -1.118860 0.429892
0.456182 -1.011545 3.865697 0.781339
1.027869 0.484515 -0.679387 1.049003
-0.978265 -0.556116 0.749051 -1.012866
-0.187966 -1.114140 1.167877 -0.246859
-0.220155 1.131717 -1.162239 -0.146504
-0.677482 0.913534 -4.687358 -1.055736
-0.108326 -1.168082 1.507663 -0.668283
0.969188 -1.304533 1.159938 0.330470
1.127379 -0.126951 0.044948 1.184353
0.936534 -0.643676 0.532775 0.974958
0.684206 -0.816671 1.174642 0.921184
-0.584448 0.986151 -0.912194 -0.523872
0.515370 -0.925840 1.231495 0.795966
0.658194 0.861824 -2.439107 2.044298
-0.373114 1.016366 -2.798180 -0.618464
-0.049202 1.142069 -1.205942 0.060238
-0.000367 1.146620 -1.251962 0.130119
1.248361 -0.043179 -0.094887 1.153171
-0.902530 -0.632483 1.863461 -1.590299
0.283992 1.129036 -1.783872 1.332069
-1.467489 1.696771 -1.053246 -0.412429
-0.163238 -1.089385 1.188216 -0.174660
1.199297 -0.037442 0.013784 1.102662
-0.713893 -0.822748 1.036323 -0.860424
0.488732 0.974005 -1.126415 0.559588
1.001263 0.350309 -0.306705 1.080238
-1.034657 -0.193448 0.161494 -1.119022
0.462851 1.218377 -1.675079 2.287176
-0.202470 1.834100 -1.187804 0.412382
-0.645813 1.030700 -1.614616 -0.367345
0.211477 -1.121917 1.780787 0.244783
1.004379 0.295566 -0.410733 1.187551
1.099310 0.380726 -0.274733 1.149516
-0.681442 0.774923 -1.090394 -0.976043
0.737510 -0.833020 1.477189 1.605670
1.216700 0.732646 -0.335011 1.126344
0.866142 -0.786707 1.166416 1.495642
-0.794553 -0.914778 0.805458 -0.703206
-0.682272 -1.101452 0.952333 -0.487481
0.326822 -1.392079 1.713060 -0.337988
0.445645 -1.073454 1.164277 0.248804
-1.759135 -0.199269 -0.786795 -1.358252
0.309037 1.182219 -1.077962 0.163160
0.406161 -1.086809 1.132606 0.238414
-0.760377 0.747424 -1.355967 -1.039606
-0.846825 1.440356 -0.875386 -0.663759
-0.919482 0.843279 -0.698258 -1.918081
2.647170 -2.689857 -1.455306 3.675864
-1.004718 -0.626052 0.765886 -0.866490
-1.084940 -0.462846 0.559539 -0.957185
0.944412 -0.694632 0.773475 0.804933
-1.562724 -0.570896 0.256378 -1.046209
0.525658 1.320884 -1.177804 0.130526
1.004831 -0.697059 0.882151 0.812369
0.062804 1.076686 -1.281700 0.208132
-1.189707 -0.031931 0.048789 -1.091506
1.059138 0.314053 -0.437233 1.069482
0.320836 1.057851 -1.029162 0.377147
0.066149 1.331488 -1.630138 0.244895
0.920597 0.754750 -0.660250 1.124068
-0.072514 -1.562023 1.608151 -0.270143
-1.017141 -0.617862 0.628687 -0.927586
1.186577 0.175312 -0.147849 1.100652
-0.193069 1.093152 -1.180063 -0.217230
1.109732 -0.117370 0.136638 1.109117
-0.427104 1.021829 -1.177597 -0.427971
0.654659 1.508721 -0.921682 0.653655
-0.100388 1.171223 -1.316828 -0.502987
-0.522041 0.964890 -1.050801 -0.418848
0.280028 -1.033059 1.139427 0.198081
1.143592 -0.842253 0.493034 1.073641
0.960122 0.565292 -0.650233 1.066805
-0.042383 -1.194728 1.158810 -0.173936
-1.039128 0.053609 -0.086456 -1.069826
1.012003 -0.223693 0.251219 1.047551
0.918140 -0.775105 0.588061 0.933173
-0.087348 -1.121012 1.168784 -0.214456
-0.224404 -1.050854 1.226353 -0.366192
-0.815205 -0.716267 0.942352 -0.799756
-0.334767 1.064232 -1.187554 -0.192052
1.153474 -0.067356 -0.099588 1.123560
1.338855 -0.228056 -0.222973 1.260562
0.880648 0.602584 -0.610307 1.006471
-1.058196 0.260623 -0.168043 -1.143752
0.767441 -0.874219 0.893982 0.638808
0.471010 -1.036681 1.177461 0.301491
0.111777 -1.047950 1.312281 0.128676
-0.301720 1.018032 -1.242722 -0.382587
0.415118 1.015595 -1.282816 0.327244
-0.010225 -1.056328 1.185729 -0.067608
-0.045493 1.059403 -1.304324 -0.109719
0.050234 -1.125985 1.107308 -0.053608
0.630885 0.868814 -0.957679 0.798409
0.112503 -1.057563 1.091321 0.080504
0.061018 -1.066908 1.181441 0.120393
0.177101 -1.072236 1.153797 0.144937
-0.983954 -0.433412 0.548669 -0.996109
0.416322 0.965161 -1.046842 0.498541
0.115557 -1.068250 1.090155 0.082579
0.402770 0.984899 -1.019592 0.421842
0.090992 -1.040141 1.082823 0.060155
0.314215 0.989179 -1.040218 0.327164
1.256925 0.220259 -0.404688 1.033226
0.379374 1.027974 -1.101175 0.376520
0.160939 -1.086977 1.153521 0.130305
0.093272 -1.080425 1.200136 -0.012061
0.749863 0.782274 -0.941665 0.745325
-0.046774 -1.095835 1.176623 -0.209228
0.639386 0.862090 -0.975378 0.868303
-1.115462 -0.111064 0.118452 -1.082565
0.636499 0.860921 -1.005592 0.675163
-0.003295 -1.088232 1.190099 -0.113057
0.640991 0.845530 -0.941733 0.879099
0.049407 1.065581 -1.317222 0.124955
0.047566 1.071008 -1.212554 -0.003845
1.585403 -0.089946 0.032333 1.425582
-1.537944 0.406743 -0.386363 -1.369283
0.639532 0.852861 -1.175206 0.636669
-0.169552 -1.049711 1.414490 -0.164769
1.097961 -0.224189 0.259686 1.094825
0.350560 -1.051235 1.072410 0.379221
0.118743 1.120097 -1.499703 0.040173
0.060174 -1.148645 1.178474 -0.089849
0.078254 -1.160889 1.266508 -0.098168
-0.174241 -1.168849 1.649387 -0.116573
0.864899 0.906098 -1.391112 0.505241
-0.224501 -1.056320 1.048454 -0.198286
-0.297764 -1.059885 1.020087 -0.292965
-0.513764 -0.955130 1.290441 -0.508219
-0.611064 -0.953099 0.948884 -0.518280
-0.096662 1.109230 -1.499120 -0.150290
-0.084842 -1.074827 1.537489 -0.316008
1.140619 -0.004463 0.041466 1.194478
-0.297940 -1.022158 1.080446 -0.241340
-0.353327 -1.022136 1.091744 -0.306513
0.238915 1.030505 -2.144443 0.266235
-0.923031 -0.822951 0.713602 -0.858124
-0.711811 0.859718 -0.924412 -0.821286
-0.375081 -1.060412 1.089251 -0.376798
-0.171517 1.055398 -1.206793 -0.213159
0.755538 0.882255 -0.956520 0.617194
-0.855723 -0.763486 1.055321 -1.068178
1.356786 -0.414854 0.071388 1.245718
-0.789316 0.995758 -0.874748 -0.670156
-0.057865 -1.102687 1.212316 0.000469
-0.211264 1.075363 -1.195167 -0.243950
-0.802833 -0.775211 1.136265 -0.773945
-0.157892 -1.066460 1.541152 -0.081464
-0.385969 0.993874 -1.134616 -0.473629
1.098261 0.555288 -0.479735 0.950666
-1.564682 0.936505 -1.481968 -1.151642
-0.242143 -1.118017 1.597769 -0.171687
-1.320294 -0.272129 -0.186854 -1.375400
-0.234563 -1.102528 1.473862 -0.166975
-0.837153 0.793064 -0.872533 -1.945355
-1.141955 0.203831 -0.573864 -1.203740
0.272675 -1.077363 1.318622 0.095627
-1.164151 0.148177 -0.336535 -1.285800
0.764794 1.125592 -0.939996 0.638970
0.774046 0.739230 -0.908582 0.751761
0.818609 -0.695341 0.865552 0.917434
-0.049651 -1.206700 1.140611 0.209292
-1.480311 0.566166 -1.216270 -0.929767
-1.037722 0.102792 -0.231432 -1.543512
-0.063988 1.471234 -1.088627 -0.284910
-1.063066 0.138018 -0.243093 -1.492198
1.018032 -0.691594 0.600223 0.876636
-0.453751 -1.195296 1.250991 -0.267068
-0.133837 1.396793 -1.094485 -0.227126
1.020028 0.338063 -0.437014 1.146328
-0.642353 -0.886338 0.904888 -0.801723
0.971747 -0.717029 1.246790 0.841291
1.078237 0.028197 0.009114 1.174298
-0.897415 -0.682569 0.597765 -0.955965
-0.636627 0.915185 -1.204702 -0.560232
-0.214509 1.101032 -1.147320 -0.402467
-0.918338 0.521570 -0.804292 -1.072572
0.663852 -0.824505 0.824505 0.663852
-0.522006 0.962457 -1.351200 -0.941101
0.669562 -0.790266 0.790266 0.669562
-0.699462 0.821493 -1.034508 -0.679583
-0.655589 0.833896 -0.833896 -0.655589
1.098839 0.097936 0.054079 1.204992
-1.091958 -0.302057 0.134161 -1.170623
0.720344 -0.803211 0.831550 0.903576
-0.854245 0.703586 -1.239823 -0.997639
0.703822 -0.791156 0.791156 0.703822
-0.417939 1.031701 -1.560725 -0.521050
1.302653 0.859937 -0.955841 0.772274
1.133829 0.692652 -0.856192 0.818086
-0.570796 0.956084 -1.301087 -0.484701
-1.128110 -0.535314 0.767657 -1.027189
-0.801871 0.722964 -0.883898 -0.814990
0.811275 -0.994711 0.964126 0.640290
0.474600 -1.162369 1.244197 0.525335
-1.022529 0.756870 -0.853057 -1.026755
-0.404025 -1.460531 1.963755 -0.113529
-0.065038 -1.121072 1.610676 0.194705
-1.088096 -0.714008 0.233404 -1.460357
-1.392764 -1.008601 0.205119 -1.355361
0.584742 -1.020996 1.280602 1.346048
-1.153535 -0.819721 0.197458 -1.665051
-0.953643 0.600679 -1.214171 -1.309589
0.709033 0.903552 -1.104922 0.526406
-0.891074 1.019582 -1.162086 -0.695758
0.993867 0.858812 -1.075492 0.886606
0.681382 1.048572 -1.367097 0.804636
-0.717086 -0.809042 0.782231 -0.778959
1.056580 0.077025 -0.098672 1.120443
0.482865 -1.162895 1.403997 0.373863
-0.249219 1.208078 -1.463645 -0.180683
-0.869751 -1.001983 1.349746 -0.612217
0.680325 1.029680 -1.121796 0.714662
-0.803230 -0.941930 1.037347 -0.826892
1.133575 -0.696461 0.660511 1.042077
1.102493 0.374027 -0.519034 1.129701
0.385021 -1.166004 1.156134 0.237814
-0.440926 1.153024 -1.135989 -0.294375
-0.217278 1.074892 -1.181344 -0.195986
-0.222496 1.419689 -1.518180 0.207979
1.452242 -0.553369 0.427314 1.176514
-0.616637 -1.092478 1.382520 -0.704907
0.550703 -0.920707 1.081363 0.573453
-0.838643 -0.845481 0.877096 -0.679495
-0.823106 -0.992764 1.166272 -0.815884
0.815640 0.997955 -1.171506 0.809527
0.446810 -1.096608 1.158519 0.329796
-0.394200 1.116437 -1.343741 -0.393489
0.811991 0.956911 -1.000920 1.276129
0.626441 -1.065441 1.347080 0.547074
-0.547274 -1.129847 1.381139 -0.397367
-1.425121 0.407179 -0.265317 -1.243882
1.185223 0.423104 -0.524418 1.154254
0.442071 -1.000650 0.984469 0.393216
-0.837961 0.716464 -0.680021 -0.801622
-0.860230 0.894768 -1.027144 -1.064919
-1.291999 -0.595842 0.354627 -1.256836
1.261673 -0.584242 0.543416 1.188317
-0.067271 1.324173 -1.372077 0.001672
0.892644 -1.255318 1.207160 0.751262
1.173084 0.797485 -0.936976 1.226473
-0.966159 1.206046 -1.149168 -0.828053
0.064072 -1.244372 1.685437 0.097508
1.033476 0.868999 -1.059982 1.049633
-1.388718 -0.333542 0.512931 -1.321226
-0.127779 -1.291621 1.462614 -0.180934
-0.692920 0.911121 -0.988631 -0.553635
-0.969190 0.668886 -0.814137 -0.867837
0.548045 -1.142052 5.122746 1.120199
0.746580 -0.827783 0.794055 0.717403
-0.188423 1.085687 -1.073500 -0.145524
-1.212659 -0.515360 0.698565 -1.237643
1.314418 0.295684 -0.480459 1.307642
-1.235499 -0.838637 0.773463 -1.086163
-0.903067 0.800182 -1.081592 -0.874357
-1.139990 1.099263 -1.012085 -0.907454
1.302111 0.259674 -0.365133 1.304417
-0.525107 1.261702 -1.246225 -0.420764
0.544973 -1.254810 1.237667 0.440891
0.214058 -1.623341 1.718370 -1.099326
1.267751 0.545044 -0.895488 1.271707
-1.538001 0.103758 0.208915 -1.379690
-0.871071 1.281901 -1.284650 -0.520616
0.293241 -1.365549 1.410613 0.153775
-0.582469 1.302959 -1.317782 -0.436655
0.277669 -1.270577 1.296765 0.138593
1.224785 0.367008 -0.508528 1.224287
0.712928 -1.141019 0.982297 1.182276
1.506153 0.341934 0.790773 1.726476
1.255834 -0.332898 0.622357 1.255348
-1.643262 1.045871 -0.194259 -1.750805
1.156954 0.867539 -0.684794 0.971108
1.586045 -0.250182 -0.204943 2.253955
-0.857515 -1.571864 1.349892 -1.634671
-1.014300 -0.666992 0.431842 -1.198788
-0.979119 -0.806597 0.457921 -1.139670
0.285981 1.865208 -1.796253 -0.185605
1.483971 1.526241 -0.619389 1.518472
-1.249574 -0.267099 0.014451 -1.576249
-1.130199 -0.707671 0.524564 -1.277139
-0.879254 -1.177420 1.194005 -1.011226
0.967195 -1.701878 1.350839 0.426036
1.921384 0.346451 -0.999753 1.809348
1.300646 0.482852 -1.076326 1.096218
1.573072 0.474225 -1.133596 1.355783
3.417092 -0.624387 -1.624000 1.782747
-0.707609 -1.082870 1.571435 -0.660914
0.849629 1.764769 -2.302266 -0.234506
-2.273036 -0.176261 -0.924988 -1.771534
1.210751 -0.695071 1.919043 1.244183
-0.946132 0.920903 -1.388631 -0.718766
-0.577943 -1.349826 2.188690 -0.561812
0.268520 1.227198 -2.074575 -0.039336
-0.803916 -0.950105 0.821890 -1.525718
0.983020 1.820212 -0.753722 1.807375
-1.039829 1.403436 -2.972052 -0.088980
-1.438073 -0.772070 1.481064 -1.788120
1.288104 0.261351 -0.947429 1.399848
-1.758974 -0.218920 0.934409 -1.387486
-1.113828 -0.921571 1.500226 -1.560192
0.736678 -1.237381 1.763582 0.885073
-0.570407 -0.933914 1.273575 -0.742774
-0.529891 -1.232741 1.737857 -0.860351
0.855277 -0.836328 1.033350 0.768467
1.043302 -1.973977 2.697178 -0.984929
-0.058635 -1.291908 1.644595 -0.382306
-0.021083 -1.408008 1.390418 -0.133897
-0.081753 1.080558 -1.241852 -0.068406
1.243870 0.032826 -0.040861 1.082224
-0.253638 -1.533368 1.545473 -0.390810
1.040289 0.846241 -0.811274 0.882421
1.161914 0.674133 -0.787084 1.017918
-0.070770 -1.703992 1.685628 -0.246022
-1.242506 0.758687 -0.545896 -1.489363
-2.969654 -0.009034 2.286150 -1.730331
0.602117 1.263169 -1.314022 0.556700
2.003857 -1.362692 3.584563 0.220426
-1.059927 0.198238 -0.170414 -1.051504
-0.178884 -1.556215 1.538321 -0.353910
1.201527 -0.040685 -0.317855 1.269928
1.163501 -0.978687 0.777225 1.157679
1.176940 -0.098794 0.101314 1.153691
-0.094667 1.154147 -1.177493 -0.093308
1.156883 0.415827 -0.445242 1.217909
0.558226 1.241152 -1.235798 0.552980
0.585885 1.113658 -1.121637 0.814318
-0.409156 0.986494 -1.186562 -0.466082
-0.154061 -1.118576 1.272750 -0.104749
-0.747041 0.894967 -1.041900 -0.679131
0.047286 -1.077448 1.266337 0.174699
-0.367059 0.997857 -1.212894 -0.442374
0.813258 0.735657 -0.905245 0.870128
0.007495 -1.129692 1.216882 -0.148686
1.197672 0.131192 -0.233537 1.061996
0.501837 0.942386 -1.112258 0.506909
-0.196715 -1.624558 2.132885 -0.233757
0.068283 -1.449848 1.307557 -0.180942
-0.188385 -1.374093 1.760147 -0.126406
0.614818 0.895401 -1.077170 0.580180
-0.338540 -1.139457 1.010778 -0.530846
-0.164307 -1.049840 1.217083 -0.141247
1.082582 0.500619 -0.579916 0.933539
-1.268009 0.988522 -1.372096 -0.992305
-0.298728 -1.247312 1.718603 -0.204426
-1.144987 -0.290377 0.012111 -1.283407
1.359673 -0.380522 0.595375 1.217078
-1.273782 0.026625 -0.309578 -1.452675
-1.443602 -1.015968 0.714785 -1.495283
-0.074554 -1.800339 1.609144 0.163830
-0.074583 1.846873 -1.467167 -0.254956
1.303090 -0.157958 0.230990 1.709766
1.088237 -0.500229 0.418833 0.975879
0.996288 -0.850483 1.272280 0.909083
-0.550672 -1.497910 1.423683 -0.395430
1.409791 -0.431941 0.585321 1.487792
1.269340 -0.069565 0.076644 1.463092
-0.742726 -1.381744 1.240543 -0.736894
1.420223 -0.217215 0.271212 1.550821
0.866209 -0.866751 1.237323 0.712411
-0.425993 0.984629 -1.231248 -0.444655
0.280086 -1.235128 1.692983 0.489796
-0.602896 1.187968 -1.763063 -0.698426
-0.662015 0.868492 -1.484246 -0.857403
0.397451 -1.291700 1.880359 0.532570
-0.448903 0.980375 -1.556567 -0.512012
0.496733 -1.245977 1.638736 0.526974
-0.534162 1.233572 -1.626920 -0.555393
0.942700 -0.847542 0.660136 1.345870
-1.434253 -0.489335 -0.208571 -2.073030
1.309856 2.006740 -1.191394 1.386025
0.657343 1.222006 -1.325116 0.822634
-1.123674 -0.802378 0.961971 -1.235401
1.014671 -0.670758 0.954883 0.965594
-1.237453 -0.699690 0.956452 -1.117690
1.300105 -0.950773 1.288057 1.152214
0.328683 1.359015 -1.669424 0.171741
-0.891681 1.473245 -1.152748 -1.724303
0.518500 1.945552 -1.890778 -0.299855
-1.245021 0.877779 -1.514531 -1.761985
0.925951 1.224881 -1.405440 0.804101
-0.859460 -0.622872 0.642041 -0.933188
1.926451 1.379634 -1.881891 1.711017
-0.146321 1.807870 -1.877051 -0.330709
0.425715 -1.116127 1.122990 0.362083
-1.122848 -0.362455 0.426090 -1.116006
-0.509227 1.085628 -1.087671 -0.445258
-1.000726 0.984294 -0.616074 -0.993026
-0.388575 1.220151 -1.303028 -0.256350
-1.234842 -0.426613 0.569245 -1.171531
0.399250 -1.218007 1.299797 0.266350
1.172925 0.442470 -0.498732 1.136219
0.405359 -1.167376 1.208375 0.352144
-0.200348 1.209489 -1.258708 -0.154630
-1.089234 1.866501 -1.813127 -0.937352
1.103457 0.067125 -0.122936 1.139543
0.387450 -1.766044 2.174749 0.792817
-2.069729 0.215076 -0.771926 -1.923853
0.576926 -1.494186 1.331692 0.692940
1.129905 -1.748910 1.498323 0.551973
1.925367 -0.338390 0.335767 2.415517
1.230679 1.993411 -0.830973 2.311505
0.064099 2.186185 -2.580904 -0.311414
0.030431 -1.901463 2.656257 -0.584781
-1.202174 -1.058864 1.175113 -0.786349
0.004586 1.303046 -1.681098 -0.203982
1.415320 -2.486522 3.440769 -0.893331
-1.437122 1.134839 -1.203921 -1.550045
0.131543 -1.683332 1.609831 -0.029885
-3.649943 -0.011043 2.413395 -2.251532
-0.253480 1.690371 -1.776898 -0.249063
-0.372987 -1.672935 1.755705 -0.347381
-0.105408 -1.541876 1.621482 -0.101372
-0.244212 -1.485924 1.495697 -0.212841
1.675477 -0.002815 -0.294683 1.854129
-0.261768 -1.504457 1.575973 -0.245334
-0.060815 1.776585 -1.877025 -0.092511
2.054778 -0.744683 0.487602 1.938052
-1.890927 1.061138 -0.753062 -2.012448
-1.643767 1.061980 -1.479781 -1.293488
-0.094715 -1.673586 2.209695 0.004488
-0.211194 -1.098258 1.639179 -0.147657
-2.602672 0.508491 -1.022004 -1.787300
0.753197 -0.839913 1.153240 0.848973
-1.242223 0.277558 -0.595106 -1.161538
-1.146492 -0.548172 0.723514 -1.135791
-0.543705 -1.765613 2.269918 -0.240218
-2.180236 -0.809751 0.277842 -2.031302
-1.154839 -0.918923 1.121938 -1.103823
1.555573 -2.253412 2.265207 1.299096
0.211138 -2.463562 2.325068 0.313176
2.007738 1.012288 -0.840898 2.075105
-2.101755 0.472231 -0.566348 -2.260041
2.192626 -2.155049 2.724344 2.010011
2.587328 -1.911444 2.424624 2.073721
2.617224 0.590169 -0.747150 4.755051
-2.584330 -0.495673 1.005417 -3.331069
0.828808 2.179238 -2.796776 1.366208
-2.745051 -0.188073 0.986699 -2.565196
1.328298 2.444087 -2.912489 1.653387
1.636161 -1.661279 1.479287 1.658661
-4.029844 0.479761 2.169396 -3.277508
1.060389 1.207209 -1.221626 0.921595
-0.243003 1.484257 -1.599295 -0.321983
-0.434753 -1.485644 1.558135 -0.315519
1.432381 -0.781605 0.921974 1.667037
-2.464458 -0.396839 0.155074 -2.927864
-1.007500 0.884217 -0.866885 -0.945899
0.604073 1.422976 -1.551965 0.446450
0.433949 2.256381 -2.358040 -0.358858
0.448098 -1.973928 2.355392 1.150496
-1.025669 1.153911 -1.050044 -2.003640
-0.020253 2.914269 -2.866292 -0.646860
-1.671757 -2.736180 2.328361 -1.193613
-2.235119 -2.417500 3.114048 -2.243047
1.861700 2.659687 -3.350690 1.949776
1.636473 -3.663644 3.736524 1.101389
-2.780069 -2.649297 2.254687 -3.265069
-1.742417 -3.643397 3.712752 -1.245448
1.977113 -1.851854 2.324916 2.473728
-9.004049 1.536707 5.232123 -7.775692
7.777147 -3.703672 8.211164 3.211728
-4.897250 -6.775784 8.815303 0.737691
1.827703 -5.985656 6.646894 -0.531353
7.751853 4.736352 -6.713456 3.518958
6.467459 5.504105 -0.210714 8.623481
4.661717 -7.842314 7.734318 11.022816
0.569275 -13.715558 10.533904 -0.608255
-11.759681 -13.339538 4.376473 -14.541517
-6.436646 -19.503843 10.770942 -2.999849
15.271905 -23.449818 27.773109 4.494328
-23.768044 -9.257187 18.051884 -16.998486
27.708754 -5.617314 6.959688 23.652710
-27.430822 -17.657438 26.572273 -26.142536
-33.084145 -6.426651 10.095709 -32.058422
39.556087 -2.731271 4.847428 40.386311
23.650820 38.082989 -39.243778 30.865442
73.547600 26.608444 -36.670616 79.276329
-1.396818 0.288425 -0.100616 -1.427071
0.601595 1.157622 -1.137576 0.588890
-0.048226 -1.261874 1.184696 0.218505
1.684783 -0.495824 0.978329 1.823927
-2.319469 -0.448268 -0.092532 -2.371074
-0.874840 -2.382372 2.150152 -0.383717
1.361394 -1.604771 1.604265 2.215351
-0.934858 -2.045999 2.045444 -0.982912
-1.468077 1.747581 -1.703687 -1.448512
