1742
273.238861 633.301819
279.393890 625.699097
283.767944 653.654297
283.868958 673.839172
286.121460 599.882080
289.327759 615.626221
289.793182 605.678162
292.189453 634.302063
293.394806 680.389404
297.388214 646.845520
297.851013 663.313843
301.574707 682.826416
305.415314 665.692993
305.706818 687.205872
307.777679 621.791809
308.198303 681.416809
308.735748 631.674500
308.847656 638.274292
310.051819 659.486084
311.131195 597.740906
312.262512 661.604065
313.289215 691.638000
313.875092 653.152588
314.430878 654.717224
316.583984 654.370605
316.672729 667.876648
316.415314 669.850220
317.234436 613.336426
318.272217 602.354492
321.376434 558.367554
321.821472 647.861450
322.616425 662.776062
323.825806 552.258179
324.352692 749.405945
325.594360 550.262085
326.271454 581.621155
326.664764 600.074890
327.157135 717.215698
328.471832 632.850830
331.180664 572.578125
333.349457 713.217224
334.164215 697.340149
335.790741 676.328186
336.776123 610.229492
337.295013 529.112549
338.194672 586.074890
338.869598 664.184265
340.290375 731.750488
342.688507 646.640503
342.954712 734.320313
343.584076 590.790527
344.180969 742.375366
346.609833 741.473083
347.095947 553.291504
349.405029 642.862610
349.555420 729.409973
350.413177 603.755737
352.091553 608.661682
352.176483 739.409668
353.315918 734.834167
353.928955 590.714417
356.342133 743.946716
357.324097 568.291138
359.764771 607.843018
360.115112 743.748169
360.738068 749.650757
360.755676 587.755798
361.245026 595.119934
361.327423 718.160339
362.113190 706.354675
362.825531 625.665588
363.342834 670.914551
364.766327 601.242310
366.751923 527.238464
367.643372 642.382568
371.844849 578.761597
372.612579 566.183960
375.158905 686.898438
376.766876 562.321594
376.355072 676.259460
377.384888 768.384338
378.195679 567.841187
378.201721 727.402466
379.570740 718.265747
380.261658 686.825867
382.147583 534.290833
383.120789 748.839844
386.746185 668.136414
386.805023 703.644043
387.246185 598.153015
388.687256 516.147156
391.579407 634.623535
394.186035 713.906433
396.735474 703.736389
397.706635 606.583008
397.835510 572.621643
399.467102 666.341675
401.254669 652.824341
403.225189 749.364197
403.823822 596.612366
407.408386 572.338379
409.121216 724.383423
412.732178 715.396057
414.746307 665.842957
420.423767 576.374817
420.769257 573.075867
421.632111 577.147278
422.310852 550.328613
422.813507 578.354248
422.917572 718.751648
423.744446 637.225586
425.347565 573.754150
425.654388 703.139954
425.906860 578.371826
427.236145 599.356934
430.329590 661.819336
437.126770 684.728271
438.380707 575.796265
439.222382 658.755371
440.881683 666.634949
441.278351 569.106934
443.598419 577.640015
446.395905 611.821045
447.243805 675.251343
448.143585 581.137329
449.175568 582.425293
449.275085 717.426331
452.222534 579.399536
457.346161 571.797852
457.306732 700.311401
458.214355 651.279480
458.615387 565.885071
461.705658 573.091492
463.765350 583.834595
464.621490 717.738647
465.663116 594.815308
467.754547 689.768921
468.090546 694.757935
471.131012 670.631531
471.651886 583.585266
471.406311 705.694031
471.796631 587.940369
472.419556 569.159241
473.346161 589.764832
474.176758 673.103455
474.328461 592.739868
475.813477 576.411865
476.328278 713.830444
477.895874 658.258423
480.154968 701.837219
484.339081 592.872192
487.737335 572.626099
488.626434 592.279846
492.686218 680.403625
498.119812 693.333130
502.814545 654.153442
507.659180 688.114502
510.163818 683.973694
511.103577 727.698792
742.745300 451.153229
747.303650 399.426666
767.684509 420.850098
770.277527 428.949432
771.150452 366.255981
774.825806 365.224609
774.742065 421.818146
777.551208 374.831146
778.142822 379.325256
783.266541 382.684509
783.371582 373.640594
785.979492 376.675262
787.106812 361.280212
788.117554 372.150757
788.646301 404.341309
789.097290 438.714233
790.678284 370.693451
794.788025 373.861359
795.848633 368.320587
797.822083 371.331757
798.682617 366.159851
798.216980 368.402496
799.646851 389.074310
805.232300 368.160522
809.115417 376.594574
810.702393 361.372437
810.331116 382.350677
810.596252 384.093567
811.379883 403.289154
813.901245 380.155792
814.308289 377.768250
814.578857 389.640961
814.893616 413.375488
816.745789 374.356140
818.292725 363.205017
818.761414 360.889374
822.090515 398.642822
822.753601 375.715668
823.647095 378.168579
828.623535 382.123413
828.602356 448.167145
845.317139 427.532562
849.426514 396.711121
872.690186 508.818878
1032.609985 341.127319
1035.786743 342.257751
1039.295654 337.610107
1040.830811 331.828949
1050.836182 324.809753
1051.864380 313.121033
1052.140869 332.590271
1056.313843 330.798859
1061.130127 326.294678
1062.238525 314.746460
1064.591064 292.353058
1065.376343 317.389313
1067.139648 195.980942
1066.855347 245.853271
1070.114746 243.710541
1070.658691 278.976105
1071.979858 189.005524
1072.200806 260.212555
1071.857056 277.053406
1073.341187 207.700974
1074.076538 205.116150
1074.335449 191.563858
1075.328003 277.913788
1076.638794 170.649689
1077.169067 183.762177
1077.617554 189.395615
1077.273682 256.386719
1078.234985 211.748779
1078.336304 249.340363
1078.348999 265.897278
1079.655151 109.384987
1079.710815 257.289520
1080.236816 157.335098
1079.756958 209.680634
1080.676758 246.878693
1080.726440 249.353745
1081.759033 291.837219
1081.816040 259.881500
1082.595825 187.700485
1082.385986 247.049759
1082.573730 251.823410
1082.829834 63.745846
1082.782349 261.857758
1083.336548 103.765465
1083.682739 259.552582
1084.281128 267.745544
1084.214600 202.860153
1084.535767 275.667664
1085.214844 92.265854
1086.285767 152.152679
1087.241699 113.721359
1087.468750 202.231186
1088.678101 223.770706
1088.773438 256.594421
1089.750854 245.748856
1091.184814 284.231323
1091.722778 203.169418
1091.290039 226.242935
1091.849487 249.171158
1092.697266 220.408966
1092.441528 256.637634
1092.837402 265.318787
1094.137695 225.204926
1094.323242 222.681961
1095.096924 60.713055
1094.978882 246.744293
1094.709229 256.143646
1095.396240 244.829178
1095.333496 260.587921
1095.239990 265.181396
1095.710938 267.220245
1096.292725 198.864380
1096.528687 238.837555
1096.709961 275.617950
1096.843872 222.198059
1097.367676 106.648888
1097.675049 111.283722
1097.355103 193.909302
1097.654419 237.769882
1097.315796 277.858795
1098.288208 116.232384
1098.500488 231.692749
1098.783081 240.264664
1098.639404 250.936569
1099.292969 227.850296
1099.145264 229.645813
1099.328491 275.830994
1100.086914 218.359772
1099.969849 238.189529
1100.670410 76.747971
1100.437988 232.254074
1101.573120 151.171463
1101.411377 237.695007
1101.410156 240.223404
1101.288574 266.837891
1101.696533 272.833282
1102.018555 172.323227
1101.868774 192.786148
1102.398315 175.370865
1102.360596 199.018387
1102.588989 233.689224
1102.626709 238.802719
1103.109131 130.135986
1103.231812 231.824188
1103.191772 259.238007
1103.061646 274.212616
1103.731201 138.719025
1103.357178 220.581192
1103.764771 250.833481
1104.253296 141.689117
1103.715088 237.308533
1103.793457 255.656387
1104.711182 143.689468
1104.302612 227.696472
1104.442383 259.232727
1105.230347 153.302048
1105.258423 156.616257
1105.403564 129.852463
1105.654053 158.740067
1105.649902 164.802902
1105.670898 173.128525
1105.304443 219.202606
1105.637573 233.316467
1105.845703 177.853638
1106.613403 198.956360
1106.343140 214.264450
1106.222656 217.769073
1106.322144 250.576050
1106.274780 255.880585
1106.775269 260.198669
1106.909668 129.876953
1107.716553 245.895477
1107.433105 264.691589
1108.250000 207.244324
1108.005615 239.524017
1108.027832 260.900452
1108.639404 198.824417
1108.740723 250.874939
1108.750732 158.657623
1108.835815 199.660049
1109.313354 166.887161
1109.297363 175.367065
1109.666626 253.720032
1109.684692 302.931976
1109.879883 224.341492
1111.238525 310.255127
1111.323853 115.173744
1111.401245 129.659683
1111.880371 216.773865
1112.113525 269.805511
1112.709351 246.088730
1113.293701 204.730133
1113.403442 216.182281
1114.090088 143.150955
1114.872925 145.230881
1115.706543 262.227783
1116.737183 183.279083
1116.271362 273.362061
1117.647095 142.781189
1117.289307 152.640808
1118.265503 155.843216
1118.409058 166.727127
1118.265137 191.691666
1118.821899 204.704041
1118.902100 212.653519
1119.341431 266.219604
1120.738647 249.732529
1121.161011 163.863403
1121.349243 286.710114
1122.705078 225.199234
1122.418579 283.763367
1123.133301 289.973572
1123.533936 247.772095
1123.386963 249.909805
1124.033569 174.372589
1123.752075 198.091309
1123.742065 252.318832
1123.745605 271.725739
1124.907104 176.709290
1124.859131 246.132309
1124.832275 299.922028
1125.322144 206.125870
1125.371460 247.817078
1126.317627 229.744507
1126.688965 276.147522
1127.667725 173.620895
1127.223877 257.632507
1127.674438 271.373901
1127.801880 182.726273
1129.215088 256.677490
1129.410156 269.767273
1130.223511 112.117638
1130.728027 265.651947
1130.819092 182.259003
1131.726196 247.365463
1131.646362 271.202972
1132.181030 198.831314
1131.969238 245.660522
1132.902588 289.853455
1132.945923 292.685669
1134.352173 297.138367
1134.866211 198.808777
1135.657593 261.284058
1136.077881 245.436279
1135.836548 271.117615
1136.624146 253.745728
1136.898315 257.781250
1137.275391 284.158997
1137.188599 288.567596
1138.655762 196.897720
1138.718262 260.785431
1139.416626 244.331711
1139.373169 277.084778
1139.780518 271.071960
1140.389771 205.130203
1141.400635 225.353104
1142.210693 253.740952
1141.867920 269.675140
1142.850220 244.701080
1143.797241 193.720032
1143.813477 253.727615
1143.940186 271.232391
1144.386719 303.815735
1144.778809 262.822998
1145.318726 233.417786
1145.319580 237.778732
1145.783691 226.878220
1146.590332 204.811539
1146.880493 190.389297
1147.145752 220.358215
1146.814209 257.774445
1147.692505 246.203659
1147.297852 262.716400
1148.105713 230.369385
1147.885986 271.707245
1148.685425 221.440872
1148.354980 264.725830
1148.740845 248.353760
1151.158813 264.944275
1151.799194 256.177368
1151.877808 253.359055
1153.173706 230.375061
1153.297119 245.574020
1154.170044 271.287262
1153.839111 301.615234
1154.791260 241.167175
1155.749268 272.895020
1157.255005 237.173874
1156.785278 261.901855
1156.949341 270.210388
1157.300415 251.986374
1157.622070 254.436386
1158.240845 272.196289
1159.202881 239.253754
1161.201660 270.865784
1162.176514 268.570648
1162.172485 273.163940
1163.285400 242.291321
1163.292725 254.807159
1163.842651 211.217896
1164.684814 272.397736
1166.176636 238.852142
1165.799561 241.191269
1166.097900 255.132767
1168.749023 281.628906
1168.837402 251.984695
1170.184570 242.805283
1170.129395 275.767059
1171.286499 277.814392
1173.209473 246.386566
1174.193848 251.354706
1174.312378 305.248383
1175.370483 244.328445
1177.397339 254.472183
1178.073608 248.079147
1179.175781 242.565704
1179.674072 260.352692
1179.680786 270.338348
1181.169922 203.418320
1186.129150 305.353851
1187.634888 224.264343
1187.900757 278.596130
1189.656128 285.891022
1189.605103 348.617371
1191.156372 306.673676
1192.173462 350.579498
1192.846680 258.610352
1196.754517 255.794098
1196.871338 289.901215
1196.813599 301.285248
1198.427490 275.644440
1198.447876 355.857178
1201.360962 329.163330
1203.562622 302.900940
1203.825562 260.639313
1204.952148 360.850464
1207.221191 296.357910
1209.126953 272.479095
1209.133057 306.846069
1209.668335 282.782990
1210.113159 309.551941
1211.013672 308.060913
1210.907349 326.790924
1211.698242 247.545105
1211.578857 365.751404
1212.272583 294.285004
1213.190063 309.765594
1213.603394 367.141083
1215.560791 306.491119
1216.244629 272.250397
1216.739746 254.060074
1217.687622 309.312317
1220.215576 280.376495
1221.364258 303.753448
1222.179077 305.770447
1223.365479 295.177277
1223.649048 309.080170
1224.063843 287.848877
1224.656616 293.305298
1224.342773 313.837128
1224.583130 322.170197
1225.911865 271.182739
1227.107666 296.294312
1226.887573 324.768921
1227.596069 327.544037
1228.039429 332.703857
1228.664551 322.124451
1229.742188 325.057739
1230.601196 299.709229
1230.353516 332.013367
1232.234131 331.742004
1233.352295 315.159119
1234.137207 322.724457
1236.704468 322.317139
1237.727661 294.761230
1238.642334 326.824890
1239.327393 292.773682
1239.678833 295.824646
1241.625610 297.399658
1241.359741 323.370819
1242.130249 300.681488
1242.783691 314.601044
1243.527344 300.548981
1247.728882 316.183167
1250.919434 318.748138
1251.729248 326.360931
1252.131592 294.662415
1252.146606 342.202881
1253.431274 339.694946
1254.089722 334.868103
1256.217285 340.552582
1257.686890 300.650177
1258.827759 302.165985
1260.416870 303.638123
1262.367310 323.521851
1262.851440 321.108276
1272.851074 320.432770
1274.361816 324.011688
268.131653 674.157349
287.285248 633.461792
303.680939 600.586670
312.566376 716.947998
313.736084 665.928772
319.386658 665.273499
321.754974 629.798950
322.028961 654.555969
324.790985 658.158264
324.909851 742.342590
325.581268 724.950378
325.810638 547.433777
330.950439 678.108887
334.663788 531.895264
334.646881 641.745117
338.627289 594.092102
338.933014 678.931580
343.808380 703.893921
343.866974 742.954651
345.945801 614.540833
345.801270 731.370972
348.944885 665.549011
349.117950 742.231140
350.626678 727.672974
351.037750 731.309082
352.728516 739.563538
354.449585 667.650146
361.046143 746.939331
366.901733 545.553589
369.939270 648.569336
371.434784 764.847839
372.397919 547.605164
376.546387 624.664001
379.164276 679.770142
379.292542 752.879944
384.413177 575.088989
391.538025 643.276917
394.865662 727.462769
401.671051 553.346558
401.557831 621.597961
407.218719 670.643188
407.696014 597.781860
408.902313 555.615295
410.204468 585.544006
411.712006 733.085388
412.692993 669.568604
417.566315 734.061096
418.733398 644.074890
423.615295 564.626648
426.574829 649.961853
428.174347 677.343262
443.647125 706.593750
447.543762 661.499268
447.270081 669.310547
449.399597 697.596252
462.040802 706.516785
468.450989 594.854004
471.442139 630.672058
478.236877 569.579468
485.743622 662.834595
494.716309 700.972351
736.340271 399.040680
745.942200 453.934113
750.398560 418.932526
753.358948 419.731659
760.192444 388.775909
764.603943 424.735352
768.585693 407.519775
778.580505 360.164185
779.215149 393.755371
782.690979 360.446136
784.538208 362.824219
785.845093 439.892456
794.827454 445.591858
795.476807 377.402618
796.466797 380.285217
797.729431 374.287109
797.719421 463.064545
807.236938 431.770752
808.396851 398.454926
808.774231 401.763641
808.326721 408.383667
810.408936 405.118011
812.094604 399.890472
813.226685 383.947479
813.277710 401.582031
813.631592 471.811157
814.525269 398.645721
816.084900 391.090820
818.973206 389.411499
819.538940 399.952759
820.372314 406.409485
820.805664 387.167908
822.365845 399.178558
825.058228 373.874207
830.896057 442.794678
833.937073 396.562042
836.738281 405.135040
841.800232 444.441864
854.280579 401.805328
1038.243530 300.198669
1040.641968 328.791779
1040.686035 410.245483
1041.675659 338.888824
1042.118774 326.453979
1043.294434 324.544281
1043.959351 336.337952
1044.190918 338.548004
1044.345093 322.530640
1044.660645 326.276031
1046.894287 338.268433
1050.540649 335.883575
1050.993896 323.531372
1052.206299 333.276642
1054.465576 317.544342
1054.530151 335.515778
1055.108643 308.368652
1058.061523 265.963745
1058.450684 322.141449
1059.824341 337.928040
1060.922119 305.920410
1062.879639 291.459290
1067.142456 66.746056
1067.120972 215.809219
1068.665161 313.462494
1069.542969 196.612869
1069.592651 280.420685
1070.040039 290.525665
1071.686035 239.239441
1071.571533 298.999115
1071.849365 247.837784
1072.847412 275.534607
1073.115234 278.667297
1073.361328 58.925159
1074.932495 239.048676
1075.346558 250.423187
1075.869629 209.846100
1077.286987 55.222172
1077.851563 296.926605
1078.567871 205.826538
1078.320801 276.432739
1079.890015 284.343445
1080.753784 257.444031
1081.205078 259.746674
1081.449463 136.744049
1081.397949 250.051132
1081.799194 99.436676
1082.668579 164.939316
1082.313477 250.642929
1083.705322 188.223557
1083.860840 245.678146
1084.239380 51.717434
1086.428589 257.150116
1086.885010 259.364044
1090.101074 50.449768
1092.490112 253.621887
1092.392334 258.761566
1093.514282 249.712677
1094.139160 125.086861
1093.938965 197.642319
1094.498169 236.511368
1095.375488 76.830414
1095.462524 224.141251
1096.046143 84.634216
1096.877197 225.805038
1097.581177 256.587891
1097.984375 258.609711
1098.298340 219.790466
1098.761353 121.431450
1099.024292 216.151199
1099.410034 127.580338
1099.410767 272.931488
1099.859741 133.529251
1100.170044 199.839355
1100.433838 140.527328
1101.069702 61.066936
1101.126709 147.805344
1101.031128 231.527527
1101.475830 155.059631
1101.485474 189.437454
1101.892700 163.127747
1101.923828 171.363235
1101.936646 180.469498
1102.299683 167.095810
1102.322144 183.905258
1103.232910 255.797455
1103.426514 271.376495
1103.810181 249.336136
1104.505981 267.989807
1105.322021 278.911011
1106.164551 167.072021
1106.116821 236.306152
1106.476807 184.048035
1106.453613 252.376968
1107.173218 226.204193
1107.951416 239.313019
1108.279907 216.211792
1108.950195 256.071899
1109.679321 183.883316
1109.463867 258.145996
1109.910522 261.655853
1110.769409 214.996109
1111.517456 202.348373
1111.642456 253.745895
1112.724121 120.580208
1113.043701 199.117126
1112.779541 219.091690
1113.094238 222.867249
1113.997925 213.200516
1114.259644 126.213127
1114.614258 253.429337
1114.758423 255.567474
1115.941284 132.375153
1116.956421 186.167114
1117.382568 198.924362
1117.855225 139.018600
1119.725586 201.650925
1119.592651 215.066711
1119.923340 146.283432
1119.893188 272.584106
1120.422241 246.313858
1120.370239 248.703827
1120.512329 257.456879
1120.779541 302.293091
1121.605469 198.718216
1122.065552 153.539719
1121.821777 166.075317
1122.104492 267.000763
1122.842407 246.455063
1123.660767 258.946869
1124.767578 161.309540
1125.953613 198.451401
1127.174561 261.025177
1128.020752 266.703156
1127.874268 302.805450
1128.563232 139.266174
1128.406738 201.243439
1129.521240 258.928009
1130.176270 198.162582
1129.880737 212.226791
1130.971924 251.935547
1131.685303 248.293152
1132.163208 255.379684
1132.365234 256.976471
1132.726685 260.665619
1133.579956 266.205994
1133.503784 300.955261
1134.034424 245.711502
1134.450806 187.060593
1134.651978 197.875931
1136.713379 214.662811
1137.142944 248.131073
1137.162598 251.116516
1137.629883 277.933807
1138.951416 300.100555
1139.976807 252.108475
1141.129150 302.358917
1141.612549 224.630264
1143.005615 247.937912
1142.927856 253.934540
1142.952515 280.791412
1143.458252 250.717041
1143.977295 241.514252
1144.140625 260.115967
1145.039673 195.706619
1145.078613 244.775681
1145.674438 248.215363
1146.059692 212.883209
1148.552979 303.687500
1148.996826 253.934021
1149.436035 255.866791
1150.222290 245.167358
1150.935425 307.111267
1151.457153 222.183502
1151.413696 301.788696
1151.889282 250.924927
1154.399780 253.520218
1155.179443 255.679565
1158.074097 232.220306
1160.115601 268.079742
1160.297241 250.619125
1160.758667 255.272476
1164.404175 249.539047
1164.543579 269.210419
1164.752441 285.812408
1165.426392 245.604675
1165.932007 252.585739
1166.525879 249.134537
1168.950073 249.226654
1169.458862 242.870071
1169.558350 304.965454
1170.367920 255.536957
1171.359863 252.118866
1177.440796 245.457230
1178.374390 254.302521
1180.309570 248.247894
1180.716553 257.114807
1181.105835 251.191681
1182.349365 277.173584
1186.992676 270.532227
1193.093384 271.651489
1195.281372 291.197510
1197.914185 272.889740
1198.907959 291.920441
1199.436768 305.068451
1200.816284 283.056152
1201.817139 291.846222
1203.279907 300.065948
1206.656494 284.129730
1206.356689 293.388397
1209.414917 291.856049
1210.124268 294.802338
1213.448975 250.162994
1214.999390 255.732803
1215.391357 296.720062
1215.738403 299.791290
1215.916260 303.807892
1220.478882 306.729828
1222.115112 301.199066
1225.246826 293.342377
1225.907593 332.559723
1225.886475 337.266937
1227.621704 329.511047
1227.973633 322.475006
1228.119019 334.770233
1227.966797 338.625549
1228.938110 288.595734
1229.509399 285.257294
1229.852905 340.109192
1231.847534 295.932556
1231.761353 335.915619
1234.102417 323.319000
1236.928833 293.672516
1240.382568 310.814697
1240.882202 316.277008
1241.729492 338.825226
1242.119751 312.761871
1242.054932 327.648438
1243.863159 303.109741
1243.868408 311.429840
1244.752441 317.232300
1255.358276 348.279633
1256.123047 328.232391
1256.062134 341.318878
1259.187866 327.961456
1259.798340 323.972839
1260.199341 344.448944
1260.428101 319.598450
1272.276123 341.799164
283.036865 653.675781
305.669037 660.788330
313.375610 645.301758
337.897644 557.557312
348.718506 731.656067
355.416992 558.189148
358.144226 617.312683
363.397522 533.246277
372.913116 564.895081
435.577209 645.340942
464.145905 726.572083
507.070374 675.764587
751.333679 418.497253
769.331787 427.962921
774.924316 362.111237
779.045166 392.879761
796.275879 378.956055
798.538940 373.843597
807.122375 402.053467
808.189087 407.548157
812.368591 394.398071
821.109375 385.945648
830.009094 399.764618
835.515503 405.112183
835.437683 426.230560
841.926514 443.622498
850.833435 396.820770
1024.078613 358.668060
1052.446655 334.734131
1059.763428 336.947205
1062.380127 316.206390
1066.430664 66.821449
1068.331421 242.093506
1072.050659 193.248871
1073.278687 60.065689
1076.705444 239.755798
1078.421997 55.027718
1080.190186 245.811127
1080.869019 258.671936
1083.438232 52.538265
1085.152588 275.642670
1086.268066 202.764420
1086.620850 258.280701
1091.977783 220.168991
1092.198242 257.947815
1093.409058 80.819016
1093.439697 236.667618
1094.134399 231.381241
1098.069458 220.865494
1097.946777 257.754730
1101.660889 84.920486
1104.152100 79.685638
1105.273926 236.773209
1108.021484 231.702789
1109.198730 257.116913
1111.906616 219.118866
1114.707397 213.842575
1119.228394 249.044220
1120.770996 256.766418
1123.796631 284.023468
1127.280273 248.830292
1127.471313 169.554932
1128.408813 302.131470
1129.015991 213.029663
1130.302002 177.980453
1130.429688 248.516174
1132.272827 256.231873
1132.197266 297.024078
1134.195923 251.516251
1134.758301 292.534637
1136.954590 219.352127
1138.367188 248.076096
1138.828857 224.842865
1138.835205 274.965698
1138.584839 278.046082
1141.967529 229.445358
1141.810303 247.842911
1142.324951 281.241638
1142.734619 240.873856
1142.536499 251.350616
1142.934082 255.117447
1144.019653 195.153717
1145.918335 250.949539
1146.469604 304.980530
1149.094238 254.871490
1150.506592 217.342361
1154.872314 254.706039
1157.091797 227.603683
1158.253784 232.940308
1160.443237 254.468414
1163.262085 300.526550
1164.229492 237.806137
1163.746460 249.998886
1166.278320 253.742462
1176.661743 245.282913
1178.014771 253.113495
1199.440552 300.393707
1206.854492 307.575104
1209.026489 305.150146
1209.863159 309.829834
1211.164917 275.966461
1212.368652 306.551453
1212.792114 250.381271
1216.007935 259.647888
1215.724121 308.182190
1219.302979 258.525330
1219.429077 309.293579
1219.814819 305.742462
1220.292847 317.091827
1221.003662 321.359772
1224.129028 289.067535
1223.898682 303.598724
1225.848633 340.912109
1226.586426 293.976105
1226.814209 322.802368
1227.251953 328.133911
1230.494629 292.779633
1230.192993 323.727722
1230.796509 335.842987
1234.675049 325.072266
1239.866089 316.176575
1240.923096 338.820343
1243.213745 303.927429
1244.982544 311.087830
1248.484253 315.115234
1257.127563 346.919922
347.348328 737.288208
357.495636 747.642822
510.591248 684.730408
768.289856 427.102814
769.990662 405.099426
775.785522 374.868988
789.999939 369.994690
804.963196 375.848083
821.382446 384.886444
828.943298 443.127045
833.247375 395.740723
851.884827 397.402679
1035.841064 338.073822
1041.773071 349.055023
1053.698730 275.455231
1071.402466 246.701920
1074.869141 189.843140
1077.475708 207.713104
1078.386841 164.004486
1079.507080 54.881237
1082.233765 204.930130
1082.836426 99.820671
1085.526001 241.271774
1096.321533 67.956970
1106.379517 243.167679
1110.953857 220.120071
1117.851685 59.246971
1140.302612 247.932526
1141.838257 223.831253
1174.745361 286.365509
1201.154541 304.046997
1208.257324 277.599213
1210.282104 365.336273
1214.804199 314.263489
1218.523193 302.257965
1223.473267 265.339294
1225.328369 304.288605
1228.678467 297.248352
1236.796387 296.988983
1244.187988 318.010742
1246.857910 303.784485
1259.380249 321.434387
318.035461 659.948975
409.306122 664.565491
751.832275 416.106476
774.308594 375.562653
785.287537 377.016571
804.216125 432.068176
809.119080 393.247223
818.705261 383.150787
828.121948 390.448334
1074.513794 61.724781
1090.580811 211.051376
1127.649536 215.653275
1143.854980 298.808319
1209.331543 249.447006
1221.993164 264.716858
1234.410522 295.737091
1240.447998 305.480347
1249.245361 311.291382
1257.641846 321.923553
1256.360596 344.828644
1270.576660 321.041046
340.959961 531.311462
381.508270 516.444092
493.650238 541.410400
771.515259 404.768829
1073.696167 244.524216
1081.171631 56.631088
1083.624390 163.769226
1096.922241 51.906071
1113.257324 58.443691
1127.338867 294.469299
1205.463867 399.223083
1270.980103 323.750427
1243.479248 297.333038
1254.477905 307.373291
1268.250732 332.076080
271.007935 625.480225
343.470520 536.418640
384.234589 521.728821
489.056030 545.630005
1042.419189 285.129913
1081.913818 63.184395
1110.536621 62.367691
1125.174927 231.051102
279.117950 632.470520
352.391815 542.899475
382.368652 531.398254
485.128998 554.925903
1029.474121 392.245361
1094.688843 71.619942
1220.593018 382.905518
1254.826782 343.309296
287.104797 644.057739
368.298706 547.499695
1033.490356 377.492981
1097.301636 91.139214
484.927490 586.057312
486.965790 722.726379
1218.205933 353.022308
1100.827271 153.297073
767.483276 459.958618
1136.366943 314.796112
393.683502 675.910034
314.430878 654.717224
770.277527 428.949432
1071.979858 189.005524
1091.849487 249.171158
1092.441528 256.637634
1102.018555 172.323227
1109.879883 224.341492
1136.077881 245.436279
1153.297119 245.574020
1177.397339 254.472183
1211.013672 308.060913
1070.265015 243.898422
790.146545 370.483368
1142.324951 281.241638
1142.324951 281.241638
1223.898682 303.598724
1255.727173 342.033325
1257.127563 346.919922
273.238861 633.301819
279.393890 625.699097
279.393890 625.699097
283.767944 653.654297
283.868958 673.839172
283.868958 673.839172
292.189453 634.302063
297.388214 646.845520
297.388214 646.845520
297.851013 663.313843
305.706818 687.205872
307.777679 621.791809
308.735748 631.674500
308.847656 638.274292
308.847656 638.274292
311.131195 597.740906
312.262512 661.604065
313.289215 691.638000
313.289215 691.638000
313.875092 653.152588
316.672729 667.876648
316.415314 669.850220
317.234436 613.336426
317.234436 613.336426
318.272217 602.354492
321.821472 647.861450
324.352692 749.405945
324.352692 749.405945
326.271454 581.621155
326.664764 600.074890
326.664764 600.074890
327.157135 717.215698
328.471832 632.850830
328.471832 632.850830
331.180664 572.578125
333.349457 713.217224
334.164215 697.340149
334.164215 697.340149
342.688507 646.640503
346.609833 741.473083
347.095947 553.291504
349.405029 642.862610
349.555420 729.409973
352.091553 608.661682
352.091553 608.661682
353.928955 590.714417
356.342133 743.946716
357.324097 568.291138
360.115112 743.748169
360.755676 587.755798
361.245026 595.119934
361.327423 718.160339
361.327423 718.160339
361.327423 718.160339
364.766327 601.242310
371.844849 578.761597
371.844849 578.761597
372.612579 566.183960
376.355072 676.259460
377.384888 768.384338
378.195679 567.841187
379.570740 718.265747
382.147583 534.290833
383.120789 748.839844
386.746185 668.136414
386.805023 703.644043
387.246185 598.153015
391.579407 634.623535
394.186035 713.906433
397.835510 572.621643
397.835510 572.621643
399.467102 666.341675
401.254669 652.824341
401.254669 652.824341
403.225189 749.364197
403.225189 749.364197
403.823822 596.612366
409.121216 724.383423
409.121216 724.383423
409.121216 724.383423
412.732178 715.396057
412.732178 715.396057
420.423767 576.374817
420.423767 576.374817
421.632111 577.147278
425.654388 703.139954
427.236145 599.356934
430.329590 661.819336
439.222382 658.755371
439.222382 658.755371
440.881683 666.634949
441.278351 569.106934
446.395905 611.821045
448.143585 581.137329
449.275085 717.426331
449.275085 717.426331
449.275085 717.426331
457.346161 571.797852
457.306732 700.311401
457.306732 700.311401
458.214355 651.279480
458.214355 651.279480
461.705658 573.091492
463.765350 583.834595
463.765350 583.834595
467.754547 689.768921
468.090546 694.757935
471.131012 670.631531
471.406311 705.694031
474.176758 673.103455
474.328461 592.739868
475.813477 576.411865
476.328278 713.830444
480.154968 701.837219
480.154968 701.837219
484.339081 592.872192
488.626434 592.279846
488.626434 592.279846
492.686218 680.403625
492.686218 680.403625
498.119812 693.333130
502.814545 654.153442
510.163818 683.973694
510.163818 683.973694
511.103577 727.698792
747.303650 399.426666
767.684509 420.850098
774.742065 421.818146
777.551208 374.831146
778.142822 379.325256
788.117554 372.150757
788.646301 404.341309
789.097290 438.714233
790.678284 370.693451
797.822083 371.331757
798.682617 366.159851
811.379883 403.289154
814.308289 377.768250
814.578857 389.640961
814.893616 413.375488
816.745789 374.356140
822.090515 398.642822
828.602356 448.167145
845.317139 427.532562
872.690186 508.818878
1052.140869 332.590271
1065.376343 317.389313
1065.376343 317.389313
1067.139648 195.980942
1070.114746 243.710541
1074.335449 191.563858
1077.617554 189.395615
1079.756958 209.680634
1080.726440 249.353745
1081.816040 259.881500
1082.595825 187.700485
1082.385986 247.049759
1082.573730 251.823410
1082.829834 63.745846
1082.829834 63.745846
1082.829834 63.745846
1083.682739 259.552582
1084.214600 202.860153
1085.214844 92.265854
1086.285767 152.152679
1087.468750 202.231186
1087.468750 202.231186
1088.678101 223.770706
1091.849487 249.171158
1091.849487 249.171158
1092.441528 256.637634
1092.441528 256.637634
1094.137695 225.204926
1094.978882 246.744293
1095.396240 244.829178
1095.239990 265.181396
1095.710938 267.220245
1096.292725 198.864380
1097.355103 193.909302
1098.639404 250.936569
1098.639404 250.936569
1099.292969 227.850296
1099.145264 229.645813
1101.411377 237.695007
1101.696533 272.833282
1102.360596 199.018387
1103.109131 130.135986
1103.061646 274.212616
1103.731201 138.719025
1103.357178 220.581192
1104.253296 141.689117
1103.715088 237.308533
1104.711182 143.689468
1104.302612 227.696472
1104.302612 227.696472
1105.230347 153.302048
1105.230347 153.302048
1105.258423 156.616257
1105.258423 156.616257
1105.403564 129.852463
1105.654053 158.740067
1105.654053 158.740067
1105.649902 164.802902
1105.649902 164.802902
1105.670898 173.128525
1105.304443 219.202606
1105.637573 233.316467
1105.845703 177.853638
1105.845703 177.853638
1106.222656 217.769073
1106.322144 250.576050
1106.274780 255.880585
1106.909668 129.876953
1106.909668 129.876953
1107.433105 264.691589
1108.250000 207.244324
1108.750732 158.657623
1108.750732 158.657623
1108.835815 199.660049
1109.313354 166.887161
1109.297363 175.367065
1109.666626 253.720032
1109.684692 302.931976
1114.090088 143.150955
1114.872925 145.230881
1115.706543 262.227783
1118.409058 166.727127
1118.265137 191.691666
1119.341431 266.219604
1122.418579 283.763367
1124.033569 174.372589
1124.907104 176.709290
1125.322144 206.125870
1126.317627 229.744507
1126.317627 229.744507
1127.801880 182.726273
1132.181030 198.831314
1132.181030 198.831314
1132.902588 289.853455
1132.902588 289.853455
1132.945923 292.685669
1134.866211 198.808777
1134.866211 198.808777
1135.657593 261.284058
1136.624146 253.745728
1138.655762 196.897720
1138.655762 196.897720
1139.373169 277.084778
1142.210693 253.740952
1143.797241 193.720032
1143.813477 253.727615
1146.590332 204.811539
1146.880493 190.389297
1148.354980 264.725830
1148.740845 248.353760
1148.740845 248.353760
1151.158813 264.944275
1153.173706 230.375061
1153.297119 245.574020
1153.839111 301.615234
1157.300415 251.986374
1157.622070 254.436386
1157.622070 254.436386
1162.176514 268.570648
1163.285400 242.291321
1163.292725 254.807159
1163.842651 211.217896
1163.842651 211.217896
1168.749023 281.628906
1168.837402 251.984695
1168.837402 251.984695
1174.312378 305.248383
1175.370483 244.328445
1179.175781 242.565704
1189.605103 348.617371
1191.156372 306.673676
1192.173462 350.579498
1196.871338 289.901215
1198.447876 355.857178
1201.360962 329.163330
1201.360962 329.163330
1201.360962 329.163330
1203.562622 302.900940
1204.952148 360.850464
1207.221191 296.357910
1207.221191 296.357910
1212.272583 294.285004
1212.272583 294.285004
1224.063843 287.848877
1226.887573 324.768921
1229.742188 325.057739
1230.601196 299.709229
1230.601196 299.709229
1230.353516 332.013367
1238.642334 326.824890
1242.130249 300.681488
1242.783691 314.601044
1242.783691 314.601044
1243.527344 300.548981
1247.728882 316.183167
1256.217285 340.552582
287.285248 633.461792
287.285248 633.461792
303.680939 600.586670
312.566376 716.947998
312.566376 716.947998
321.754974 629.798950
321.754974 629.798950
324.790985 658.158264
324.909851 742.342590
324.909851 742.342590
324.909851 742.342590
325.581268 724.950378
325.581268 724.950378
325.581268 724.950378
330.950439 678.108887
334.646881 641.745117
338.627289 594.092102
338.627289 594.092102
338.933014 678.931580
338.933014 678.931580
343.808380 703.893921
343.808380 703.893921
345.945801 614.540833
348.944885 665.549011
350.626678 727.672974
354.449585 667.650146
354.449585 667.650146
361.046143 746.939331
369.939270 648.569336
371.434784 764.847839
371.434784 764.847839
379.164276 679.770142
379.164276 679.770142
379.292542 752.879944
379.292542 752.879944
394.865662 727.462769
394.865662 727.462769
394.865662 727.462769
407.696014 597.781860
410.204468 585.544006
410.204468 585.544006
411.712006 733.085388
417.566315 734.061096
418.733398 644.074890
423.615295 564.626648
426.574829 649.961853
426.574829 649.961853
443.647125 706.593750
443.647125 706.593750
447.543762 661.499268
447.270081 669.310547
449.399597 697.596252
462.040802 706.516785
462.040802 706.516785
462.040802 706.516785
468.450989 594.854004
471.442139 630.672058
471.442139 630.672058
471.442139 630.672058
485.743622 662.834595
485.743622 662.834595
494.716309 700.972351
494.716309 700.972351
736.340271 399.040680
745.942200 453.934113
750.398560 418.932526
760.192444 388.775909
764.603943 424.735352
768.585693 407.519775
768.585693 407.519775
782.690979 360.446136
784.538208 362.824219
785.845093 439.892456
794.827454 445.591858
795.476807 377.402618
797.729431 374.287109
807.236938 431.770752
808.326721 408.383667
810.408936 405.118011
812.094604 399.890472
813.277710 401.582031
813.631592 471.811157
814.525269 398.645721
816.084900 391.090820
816.084900 391.090820
818.973206 389.411499
819.538940 399.952759
820.372314 406.409485
820.805664 387.167908
830.896057 442.794678
841.800232 444.441864
1040.686035 410.245483
1050.993896 323.531372
1054.465576 317.544342
1059.824341 337.928040
1060.922119 305.920410
1069.542969 196.612869
1070.040039 290.525665
1071.571533 298.999115
1075.869629 209.846100
1077.286987 55.222172
1078.320801 276.432739
1080.753784 257.444031
1081.449463 136.744049
1081.449463 136.744049
1081.397949 250.051132
1081.799194 99.436676
1082.668579 164.939316
1082.313477 250.642929
1083.860840 245.678146
1084.239380 51.717434
1086.428589 257.150116
1090.101074 50.449768
1092.490112 253.621887
1093.514282 249.712677
1093.938965 197.642319
1095.462524 224.141251
1096.046143 84.634216
1096.046143 84.634216
1096.877197 225.805038
1097.581177 256.587891
1098.298340 219.790466
1099.410767 272.931488
1100.170044 199.839355
1100.170044 199.839355
1103.426514 271.376495
1103.426514 271.376495
1106.164551 167.072021
1106.164551 167.072021
1106.476807 184.048035
1106.476807 184.048035
1106.453613 252.376968
1108.279907 216.211792
1108.950195 256.071899
1109.679321 183.883316
1110.769409 214.996109
1116.956421 186.167114
1116.956421 186.167114
1137.629883 277.933807
1142.927856 253.934540
1142.952515 280.791412
1145.078613 244.775681
1150.222290 245.167358
1151.889282 250.924927
1151.889282 250.924927
1160.297241 250.619125
1160.758667 255.272476
1164.543579 269.210419
1164.752441 285.812408
1165.426392 245.604675
1165.426392 245.604675
1165.932007 252.585739
1166.525879 249.134537
1166.525879 249.134537
1182.349365 277.173584
1198.907959 291.920441
1200.816284 283.056152
1201.817139 291.846222
1203.279907 300.065948
1206.356689 293.388397
1209.414917 291.856049
1210.124268 294.802338
1210.124268 294.802338
1215.738403 299.791290
1220.478882 306.729828
1222.115112 301.199066
1225.246826 293.342377
1225.246826 293.342377
1227.966797 338.625549
1229.509399 285.257294
1229.852905 340.109192
1236.928833 293.672516
1243.863159 303.109741
1244.752441 317.232300
1244.752441 317.232300
1256.062134 341.318878
1260.199341 344.448944
305.669037 660.788330
313.375610 645.301758
337.897644 557.557312
337.897644 557.557312
337.897644 557.557312
348.718506 731.656067
355.416992 558.189148
355.416992 558.189148
355.416992 558.189148
363.397522 533.246277
363.397522 533.246277
363.397522 533.246277
435.577209 645.340942
507.070374 675.764587
769.331787 427.962921
769.331787 427.962921
798.538940 373.843597
808.189087 407.548157
835.437683 426.230560
841.926514 443.622498
1024.078613 358.668060
1059.763428 336.947205
1072.050659 193.248871
1072.050659 193.248871
1078.421997 55.027718
1080.190186 245.811127
1080.869019 258.671936
1083.438232 52.538265
1086.268066 202.764420
1086.268066 202.764420
1086.620850 258.280701
1092.198242 257.947815
1098.069458 220.865494
1097.946777 257.754730
1123.796631 284.023468
1132.197266 297.024078
1134.758301 292.534637
1138.584839 278.046082
1138.584839 278.046082
1142.536499 251.350616
1163.262085 300.526550
1225.848633 340.912109
1225.848633 340.912109
1230.192993 323.727722
1230.796509 335.842987
1248.484253 315.115234
1257.127563 346.919922
357.495636 747.642822
510.591248 684.730408
768.289856 427.102814
768.289856 427.102814
804.963196 375.848083
821.382446 384.886444
828.943298 443.127045
1053.698730 275.455231
1074.869141 189.843140
1074.869141 189.843140
1077.475708 207.713104
1078.386841 164.004486
1079.507080 54.881237
1082.233765 204.930130
1082.233765 204.930130
1082.233765 204.930130
1082.836426 99.820671
1225.328369 304.288605
1228.678467 297.248352
1236.796387 296.988983
1244.187988 318.010742
1244.187988 318.010742
1246.857910 303.784485
1259.380249 321.434387
1259.380249 321.434387
318.035461 659.948975
318.035461 659.948975
409.306122 664.565491
751.832275 416.106476
1127.649536 215.653275
1234.410522 295.737091
340.959961 531.311462
381.508270 516.444092
493.650238 541.410400
1081.171631 56.631088
1205.463867 399.223083
1270.980103 323.750427
1268.250732 332.076080
1081.913818 63.184395
1125.174927 231.051102
1125.174927 231.051102
352.391815 542.899475
382.368652 531.398254
1220.593018 382.905518
368.298706 547.499695
1033.490356 377.492981
484.927490 586.057312
486.965790 722.726379
767.483276 459.958618
1091.849487 249.171158
1092.441528 256.637634
1153.297119 245.574020
1070.265015 243.898422
790.146545 370.483368
790.146545 370.483368
1223.898682 303.598724
1255.727173 342.033325
1255.727173 342.033325
