0 395
1 201
2 6
3 3750
4 7
5 255
6 2527
7 2633
8 10
9 1257
10 1998
11 15
12 20
13 21
14 3226
15 3008
16 3181
17 193
18 1977
19 1096
20 1013
21 402
22 3877
23 3877
24 1016
25 1982
26 1017
27 3888
28 38
29 40
30 43
31 213
32 45
33 3781
34 45
35 4896
36 3209
37 3215
38 1025
39 4879
40 5141
41 3187
42 156
43 3171
44 373
45 1910
46 3975
47 1990
48 296
49 1991
50 156
51 1034
52 1138
53 54
54 255
55 1138
56 4565
57 3241
58 214
59 2002
60 1039
61 232
62 47
63 3181
64 1140
65 154
66 3097
67 1046
68 3727
69 358
70 1028
71 61
72 49
73 117
74 18
75 3319
76 2007
77 419
78 927
79 3905
80 3185
81 4564
82 41
83 1056
84 139
85 3381
86 18
87 150
88 3172
89 3870
90 1275
91 1070
92 2580
93 201
94 1072
95 1071
96 1076
97 3309
98 3227
99 3925
100 175
101 3930
102 3172
103 1022
104 197
105 3933
106 2025
107 1080
108 2025
109 150
110 1910
111 3318
112 169
113 2025
114 4880
115 2590
116 3381
117 3318
118 3945
119 3336
120 3334
121 2029
122 280
123 4876
124 3095
125 2028
126 3950
127 3318
128 240
129 3975
130 3176
131 2035
132 3353
133 2525
134 2474
135 3079
136 2003
137 3777
138 2580
139 260
140 4573
141 261
142 1123
143 262
144 4879
145 1121
146 3963
147 5
148 117
149 3729
150 3138
151 1129
152 3973
153 3249
154 3975
155 3381
156 1135
157 242
158 1009
159 2865
160 1965
161 1916
162 4864
163 915
164 350
165 2550
166 1921
167 5049
168 1924
169 925
170 2899
171 2717
172 2959
173 2775
174 907
175 930
176 951
177 2118
178 4867
179 1173
180 4371
181 1941
182 2558
183 3152
184 186
185 4526
186 1951
187 5055
188 2567
189 2567
190 1960
191 1956
192 1961
193 2175
194 372
195 2573
196 2932
197 986
198 4534
199 4910
200 2780
201 1915
202 4528
203 2045
204 1641
205 2047
206 2046
207 3612
208 2049
209 3985
210 1752
211 2052
212 3612
213 2611
214 3654
215 4852
216 360
217 4879
218 2744
219 2619
220 507
221 703
222 210
223 1217
224 1908
225 2906
226 2083
227 3421
228 4497
229 2691
230 1217
231 2186
232 1166
233 279
234 549
235 1923
236 3420
237 2877
238 1484
239 1235
240 1463
241 2633
242 2078
243 4905
244 3316
245 1485
246 4477
247 4992
248 2056
249 2632
250 2069
251 3360
252 2907
253 2153
254 4880
255 1050
256 2090
257 2363
258 1284
259 393
260 2643
261 1510
262 4565
263 2090
264 2471
265 3812
266 2916
267 2276
268 2398
269 2106
270 2104
271 1371
272 4621
273 1734
274 2139
275 5072
276 1491
277 2131
278 1429
279 546
280 2117
281 2650
282 2454
283 2696
284 2141
285 2395
286 4810
287 4817
288 4815
289 2123
290 1286
291 2650
292 2288
293 2157
294 2803
295 2754
296 2142
297 2120
298 1567
299 669
300 1577
301 1591
302 4679
303 3629
304 2638
305 1459
306 2157
307 2137
308 2123
309 570
310 4670
311 2150
312 571
313 3632
314 2090
315 1459
316 1513
317 2385
318 648
319 650
320 604
321 1537
322 658
323 658
324 3497
325 2668
326 574
327 2729
328 2685
329 815
330 4626
331 2106
332 2394
333 4974
334 1333
335 4657
336 2928
337 3158
338 2185
339 2729
340 2192
341 627
342 2729
343 2097
344 4810
345 2683
346 1285
347 2690
348 1289
349 2317
350 1547
351 2700
352 2180
353 2783
354 1688
355 1484
356 1537
357 647
358 4672
359 2298
360 2926
361 669
362 647
363 648
364 1510
365 1235
366 1191
367 2725
368 2186
369 2273
370 648
371 1457
372 2174
373 2709
374 2923
375 2301
376 2750
377 1537
378 2729
379 2274
380 2926
381 650
382 2300
383 2679
384 1235
385 2301
386 1112
387 2448
388 1591
389 1532
390 2926
391 1553
392 5162
393 2925
394 215
395 2158
396 1591
397 2347
398 2989
399 2729
400 2743
401 2766
402 2309
403 2734
404 4777
405 4672
406 2749
407 1471
408 2381
409 2375
410 1641
411 1332
412 4400
413 2382
414 1705
415 2751
416 2792
417 5074
418 2803
419 2402
420 1611
421 2774
422 2432
423 2402
424 2557
425 92
426 774
427 2424
428 2783
429 4814
430 1429
431 3987
432 4425
433 1371
434 1744
435 2120
436 1483
437 2292
438 2384
439 2286
440 4791
441 2933
442 2266
443 4698
444 2456
445 4816
446 2449
447 402
448 2927
449 2169
450 2143
451 2722
452 2454
453 759
454 4748
455 2756
456 483
457 2464
458 2462
459 2756
460 2478
461 2476
462 299
463 2472
464 2947
465 1262
466 2479
467 2967
468 3741
469 2822
470 2180
471 2922
472 2487
473 3525
474 1050
475 2626
476 4125
477 2493
478 2837
479 2095
480 2490
481 373
482 5095
483 215
484 4471
485 1348
486 1125
487 3154
488 1125
489 1146
490 3283
491 2521
492 2325
493 669
494 1125
495 1409
496 529
497 1215
498 3967
499 4254
500 2909
501 779
502 2509
503 2181
504 2508
505 4550
506 1142
507 1125
508 5035
509 3746
510 4558
511 1897
512 990
513 1142
514 2533
515 2514
516 5095
517 3816
518 2806
519 1457
520 2999
521 4520
522 2517
523 1845
524 2527
525 2526
526 1844
527 1346
528 466
529 2521
530 2798
531 911
532 2449
533 1273
534 4776
535 1332
536 2685
537 185
538 515
539 688
540 2537
541 1180
542 4175
543 901
544 2989
545 4004
546 2871
547 3161
548 2903
549 373
550 1202
551 896
552 2797
553 158
554 373
555 373
556 373
557 2997
558 2997
559 373
560 373
561 1972
562 1973
563 1974
564 3171
565 1980
566 287
567 3880
568 1999
569 1139
570 3964
571 3922
572 1024
573 1027
574 373
575 1075
576 4548
577 3227
578 3868
579 1034
580 1031
581 1994
582 1008
583 1037
584 1998
585 1999
586 214
587 4558
588 2004
589 1050
590 1109
591 128
592 1052
593 3900
594 2009
595 4428
596 1062
597 2011
598 3922
599 2013
600 2014
601 2019
602 2016
603 2018
604 2020
605 4575
606 2021
607 3364
608 3204
609 2024
610 3937
611 2026
612 3286
613 2032
614 5072
615 2033
616 1988
617 1116
618 2039
619 1123
620 1005
621 1042
622 2541
623 2877
624 4012
625 4512
626 605
627 2543
628 5077
629 3271
630 2933
631 33
632 2972
633 4015
634 826
635 3616
636 1715
637 2542
638 2555
639 2874
640 2561
641 2887
642 966
643 2888
644 1954
645 2889
646 2621
647 959
648 2569
649 4873
650 980
651 2494
652 614
653 866
654 2573
655 2462
656 958
657 184
658 1970
659 2558
660 994
661 5136
662 2093
663 873
664 2597
665 703
666 2344
667 2047
668 2597
669 2027
670 2608
671 2597
672 2048
673 2906
674 2903
675 2051
676 2048
677 2611
678 2607
679 2055
680 4894
681 2906
682 2744
683 3007
684 4900
685 2608
686 2616
687 2744
688 2056
689 1185
690 2609
691 718
692 2744
693 2608
694 3045
695 2275
696 4642
697 376
698 4955
699 2611
700 3903
701 2061
702 2615
703 2067
704 2068
705 2111
706 4905
707 2138
708 2640
709 4905
710 2913
711 2625
712 2680
713 2079
714 2626
715 2701
716 5016
717 2091
718 2097
719 2201
720 2161
721 2643
722 2257
723 2445
724 4968
725 4642
726 2106
727 2646
728 2654
729 2657
730 2657
731 563
732 2107
733 2244
734 2176
735 2246
736 2731
737 2756
738 2157
739 2756
740 3160
741 2694
742 2745
743 2756
744 1591
745 1591
746 2106
747 2130
748 2661
749 2655
750 2923
751 1460
752 2669
753 4244
754 2667
755 2679
756 3158
757 2207
758 2184
759 3599
760 2672
761 2185
762 2116
763 2754
764 2683
765 2334
766 2729
767 2700
768 2242
769 2711
770 2738
771 2683
772 2693
773 2741
774 4810
775 2729
776 2741
777 2754
778 2730
779 2745
780 2926
781 2724
782 2712
783 2266
784 2212
785 2729
786 2752
787 1553
788 2158
789 2724
790 2186
791 2756
792 2729
793 4672
794 2158
795 2275
796 147
797 2754
798 2323
799 2729
800 2367
801 2333
802 2742
803 2343
804 2740
805 2340
806 2286
807 965
808 2749
809 2770
810 2768
811 2769
812 2757
813 2758
814 3397
815 2967
816 2765
817 2359
818 2777
819 2775
820 2402
821 2138
822 2771
823 2414
824 2403
825 2442
826 2415
827 2781
828 2433
829 2222
830 2788
831 2789
832 4803
833 2776
834 2803
835 402
836 2797
837 2091
838 2801
839 2809
840 2445
841 2469
842 2466
843 2811
844 2471
845 2467
846 2814
847 2816
848 2820
849 2820
850 2822
851 2474
852 2395
853 2483
854 2825
855 2952
856 2953
857 2827
858 1082
859 627
860 2831
861 2501
862 1715
863 2838
864 2830
865 2944
866 2840
867 2841
868 2839
869 2847
870 2848
871 2507
872 1424
873 1142
874 2858
875 926
876 5052
877 2870
878 3077
879 5072
880 2922
881 2186
882 926
883 2518
884 2860
885 1873
886 5065
887 2936
888 5043
889 2175
890 2131
891 1910
892 1161
893 328
894 2880
895 2533
896 5173
897 2868
898 2464
899 966
900 2870
901 2536
902 2081
903 3421
904 210
905 3421
906 2539
907 813
908 2874
909 373
910 2576
911 2577
912 2578
913 3965
914 2583
915 3920
916 2587
917 1042
918 2588
919 2591
920 2037
921 2594
922 2880
923 2965
924 2549
925 286
926 3842
927 2557
928 2887
929 966
930 5082
931 1945
932 2977
933 2575
934 2897
935 2552
936 1971
937 1007
938 2903
939 2602
940 2906
941 3061
942 3695
943 4654
944 3045
945 2905
946 5070
947 2907
948 2067
949 2920
950 2069
951 2914
952 5064
953 4854
954 4918
955 2924
956 2643
957 2575
958 2714
959 2915
960 2928
961 2931
962 2669
963 2921
964 2671
965 2700
966 2926
967 2712
968 2929
969 4970
970 2932
971 2759
972 2275
973 2939
974 2763
975 2742
976 2740
977 2930
978 2935
979 2229
980 2936
981 2937
982 2308
983 916
984 3397
985 2940
986 2937
987 319
988 2939
989 2771
990 2938
991 2944
992 2782
993 247
994 2941
995 2792
996 2801
997 2946
998 2809
999 2091
1000 4629
1001 2947
1002 5017
1003 2948
1004 2825
1005 2952
1006 2102
1007 2151
1008 2846
1009 2151
1010 2955
1011 2832
1012 373
1013 289
1014 1611
1015 2858
1016 1511
1017 2519
1018 2856
1019 2759
1020 2011
1021 926
1022 2607
1023 799
1024 2860
1025 2027
1026 2865
1027 2830
1028 5040
1029 2959
1030 2533
1031 3335
1032 340
1033 2870
1034 2871
1035 3871
1036 2900
1037 204
1038 2595
1039 2976
1040 3002
1041 2967
1042 1928
1043 1773
1044 2565
1045 2976
1046 2898
1047 2340
1048 2944
1049 2982
1050 2983
1051 2963
1052 5062
1053 5173
1054 897
1055 2918
1056 2912
1057 4513
1058 2834
1059 2715
1060 2988
1061 2923
1062 3026
1063 2937
1064 2777
1065 2949
1066 2244
1067 2815
1068 1125
1069 2236
1070 2587
1071 2801
1072 2635
1073 1287
1074 1173
1075 2536
1076 2997
1077 2996
1078 2899
1079 5082
1080 5100
1081 2967
1082 3004
1083 3018
1084 2703
1085 3005
1086 3006
1087 3009
1088 2302
1089 3012
1090 2037
1091 373
1092 1142
1093 2733
1094 5094
1095 3037
1096 3034
1097 3014
1098 5117
1099 2647
1100 5084
1101 2979
1102 3002
1103 2201
1104 5104
1105 3029
1106 3043
1107 3031
1108 2464
1109 5110
1110 5117
1111 3038
1112 3038
1113 3039
1114 3021
1115 3024
1116 3023
1117 3024
1118 2801
1119 3050
1120 3031
1121 3051
1122 3057
1123 5128
1124 3042
1125 5114
1126 3024
1127 3056
1128 3046
1129 3035
1130 3057
1131 3058
1132 1236
1133 3068
1134 3059
1135 3059
1136 302
1137 1226
1138 2398
1139 5135
1140 4457
1141 1015
1142 4864
1143 2619
1144 2097
1145 2090
1146 2763
1147 2756
1148 2749
1149 4816
1150 4443
1151 2508
1152 1056
1153 3588
1154 2073
1155 2073
1156 1290
1157 3139
1158 1972
1159 3869
1160 132
1161 3930
1162 4
1163 5
1164 4547
1165 4921
1166 81
1167 153
1168 4555
1169 3944
1170 1010
1171 5087
1172 3311
1173 3194
1174 3724
1175 3876
1176 2905
1177 3202
1178 1014
1179 1138
1180 3879
1181 3929
1182 1257
1183 300
1184 1998
1185 35
1186 181
1187 752
1188 48
1189 3210
1190 61
1191 1091
1192 18
1193 2580
1194 2003
1195 5044
1196 3188
1197 206
1198 3980
1199 193
1200 2173
1201 2577
1202 83
1203 3240
1204 3891
1205 3878
1206 3311
1207 3256
1208 4664
1209 3897
1210 3172
1211 147
1212 3267
1213 3781
1214 3379
1215 450
1216 2872
1217 1056
1218 844
1219 2008
1220 3777
1221 3380
1222 3360
1223 3276
1224 3171
1225 1004
1226 119
1227 3222
1228 3917
1229 3918
1230 3924
1231 190
1232 2993
1233 3898
1234 4560
1235 1077
1236 10
1237 1084
1238 3722
1239 3210
1240 81
1241 1293
1242 4651
1243 197
1244 56
1245 3175
1246 4887
1247 1104
1248 3944
1249 220
1250 218
1251 3381
1252 1108
1253 4491
1254 4513
1255 1864
1256 3353
1257 3352
1258 59
1259 1112
1260 3177
1261 240
1262 3460
1263 3949
1264 3307
1265 263
1266 4879
1267 3303
1268 2580
1269 3962
1270 1122
1271 3443
1272 3728
1273 3727
1274 3917
1275 1130
1276 3974
1277 3929
1278 1084
1279 1132
1280 3
1281 3354
1282 3355
1283 286
1284 5052
1285 4516
1286 4645
1287 4518
1288 2875
1289 2885
1290 2465
1291 3822
1292 4918
1293 2207
1294 350
1295 3849
1296 2063
1297 4867
1298 4529
1299 571
1300 1966
1301 2625
1302 2806
1303 1958
1304 1149
1305 1162
1306 3400
1307 2613
1308 4647
1309 3436
1310 3903
1311 895
1312 1502
1313 1358
1314 4921
1315 5050
1316 1308
1317 4387
1318 3869
1319 3870
1320 4748
1321 4920
1322 5068
1323 389
1324 3234
1325 179
1326 458
1327 2097
1328 4621
1329 4220
1330 4219
1331 2398
1332 3525
1333 4095
1334 2097
1335 3121
1336 2155
1337 2257
1338 2119
1339 4637
1340 4946
1341 4087
1342 5017
1343 4049
1344 2203
1345 604
1346 4051
1347 2934
1348 2179
1349 3617
1350 4264
1351 605
1352 1773
1353 3583
1354 1699
1355 1308
1356 3617
1357 5072
1358 3577
1359 2285
1360 4244
1361 3625
1362 5072
1363 3625
1364 2815
1365 4951
1366 3764
1367 4210
1368 3589
1369 2192
1370 2184
1371 2722
1372 2180
1373 4761
1374 1251
1375 1577
1376 4402
1377 4979
1378 613
1379 613
1380 2638
1381 4070
1382 1545
1383 3624
1384 2186
1385 627
1386 4727
1387 4672
1388 583
1389 1545
1390 3624
1391 1652
1392 1005
1393 3914
1394 4731
1395 2398
1396 4777
1397 3545
1398 5093
1399 4729
1400 2768
1401 2398
1402 2186
1403 4338
1404 2412
1405 4399
1406 910
1407 4779
1408 4797
1409 4779
1410 3160
1411 507
1412 1567
1413 2426
1414 4792
1415 5029
1416 4272
1417 2452
1418 2868
1419 5164
1420 1513
1421 2339
1422 2398
1423 4830
1424 4749
1425 840
1426 762
1427 1921
1428 2821
1429 3742
1430 3777
1431 2846
1432 3450
1433 1125
1434 4615
1435 1125
1436 1339
1437 3967
1438 2664
1439 4566
1440 3783
1441 3645
1442 1125
1443 1559
1444 4322
1445 3605
1446 4247
1447 1033
1448 4383
1449 4962
1450 3825
1451 4681
1452 4929
1453 4137
1454 3819
1455 1899
1456 4509
1457 1902
1458 3057
1459 1474
1460 4536
1461 3913
1462 1976
1463 4
1464 3870
1465 1020
1466 3881
1467 4554
1468 3965
1469 1124
1470 3966
1471 1073
1472 1073
1473 1124
1474 3283
1475 1006
1476 1989
1477 4549
1478 67
1479 4473
1480 1005
1481 3869
1482 3887
1483 3883
1484 4555
1485 2001
1486 3910
1487 3214
1488 1112
1489 3172
1490 3267
1491 4565
1492 5140
1493 216
1494 3332
1495 3920
1496 1073
1497 3921
1498 4571
1499 4556
1500 4513
1501 2022
1502 1851
1503 3218
1504 4576
1505 1097
1506 3938
1507 1042
1508 4
1509 4582
1510 4575
1511 4583
1512 4585
1513 128
1514 4587
1515 3958
1516 4588
1517 4589
1518 3914
1519 3249
1520 3371
1521 3250
1522 3951
1523 4861
1524 2566
1525 1913
1526 4073
1527 4862
1528 3419
1529 4615
1530 2771
1531 995
1532 980
1533 2933
1534 940
1535 2557
1536 5048
1537 279
1538 5053
1539 890
1540 5055
1541 911
1542 4872
1543 2570
1544 4867
1545 3246
1546 4866
1547 4049
1548 2892
1549 2872
1550 2978
1551 1374
1552 5073
1553 2050
1554 2602
1555 5073
1556 3293
1557 2609
1558 4897
1559 1026
1560 2918
1561 2615
1562 2079
1563 3897
1564 4020
1565 2814
1566 4647
1567 4927
1568 2480
1569 4910
1570 4955
1571 4611
1572 4964
1573 4943
1574 4621
1575 3861
1576 2672
1577 2708
1578 4969
1579 1932
1580 4648
1581 2927
1582 3495
1583 4668
1584 4842
1585 2398
1586 4049
1587 5072
1588 4244
1589 1460
1590 1518
1591 2642
1592 4681
1593 2383
1594 4197
1595 2740
1596 1651
1597 2296
1598 910
1599 4779
1600 2931
1601 4782
1602 2438
1603 5012
1604 5013
1605 4227
1606 4505
1607 1804
1608 4825
1609 4831
1610 4832
1611 1238
1612 5072
1613 2815
1614 4761
1615 1513
1616 4842
1617 4842
1618 4087
1619 2845
1620 4254
1621 2848
1622 5029
1623 5038
1624 144
1625 2820
1626 4946
1627 4378
1628 2912
1629 2864
1630 1906
1631 351
1632 4004
1633 2667
1634 1698
1635 376
1636 5048
1637 4876
1638 4877
1639 3966
1640 3921
1641 3249
1642 4882
1643 1112
1644 3921
1645 3372
1646 3371
1647 1005
1648 266
1649 4888
1650 3916
1651 4864
1652 5081
1653 5072
1654 2620
1655 5058
1656 4370
1657 3888
1658 4894
1659 5066
1660 4917
1661 2918
1662 1965
1663 2910
1664 5071
1665 5068
1666 297
1667 2910
1668 2631
1669 2654
1670 5069
1671 2709
1672 5072
1673 4772
1674 910
1675 2751
1676 4997
1677 49
1678 204
1679 3261
1680 4903
1681 409
1682 5047
1683 885
1684 3882
1685 4892
1686 2965
1687 5081
1688 4810
1689 2975
1690 5081
1691 5086
1692 5063
1693 2909
1694 5088
1695 2874
1696 4933
1697 5066
1698 4917
1699 5067
1700 1909
1701 977
1702 2740
1703 901
1704 2667
1705 4509
1706 2905
1707 5098
1708 5097
1709 4589
1710 5059
1711 2978
1712 2999
1713 2990
1714 2797
1715 2986
1716 2980
1717 5083
1718 3010
1719 5120
1720 1403
1721 5117
1722 3057
1723 5122
1724 5121
1725 2918
1726 5104
1727 5120
1728 5128
1729 3067
1730 3058
1731 3064
1732 4415
1733 1510
1734 4648
1735 2452
1736 3904
1737 4642
1738 5078
1739 2934
1740 2510
1741 3164
