0 1091
1 665
2 5372
3 665
4 665
5 3203
6 884
7 460
8 3759
9 840
10 4648
11 825
12 2822
13 5111
14 2575
15 3857
16 2578
17 3784
18 661
19 737
20 2630
21 2980
22 98
23 944
24 2000
25 2978
26 1696
27 2584
28 733
29 899
30 4567
31 2478
32 4660
33 1872
34 1756
35 2590
36 682
37 4757
38 2009
39 4660
40 3705
41 1102
42 931
43 3030
44 1846
45 1846
46 2593
47 3870
48 2592
49 14
50 1107
51 3477
52 20
53 5226
54 1901
55 2052
56 1904
57 1862
58 4172
59 1108
60 2113
61 2009
62 2234
63 4736
64 2099
65 2594
66 3592
67 1268
68 2610
69 1127
70 2164
71 1122
72 86
73 1128
74 2695
75 2108
76 1410
77 1918
78 2052
79 3504
80 170
81 1921
82 2109
83 1856
84 981
85 2088
86 741
87 2985
88 64
89 2137
90 1801
91 2603
92 2986
93 5382
94 3821
95 80
96 3205
97 80
98 1156
99 1155
100 5125
101 1493
102 5195
103 2610
104 78
105 2155
106 1157
107 764
108 707
109 1170
110 1161
111 1159
112 3764
113 2116
114 1163
115 5372
116 2617
117 1958
118 665
119 2978
120 2129
121 1964
122 2988
123 1180
124 5419
125 1198
126 1184
127 4069
128 1187
129 1179
130 1192
131 1190
132 341
133 3769
134 674
135 4773
136 3151
137 746
138 124
139 4049
140 2151
141 1672
142 1199
143 4084
144 1212
145 1586
146 2156
147 2212
148 2167
149 2162
150 1261
151 1254
152 3321
153 3391
154 2164
155 2627
156 2196
157 2189
158 4852
159 1220
160 4871
161 2190
162 1571
163 2508
164 2197
165 1228
166 2204
167 4094
168 1226
169 2667
170 1968
171 3330
172 950
173 652
174 1250
175 2629
176 1259
177 1260
178 223
179 4104
180 4266
181 2162
182 2212
183 325
184 407
185 4328
186 1259
187 4111
188 4864
189 1263
190 2212
191 1048
192 2346
193 1266
194 1267
195 2214
196 2767
197 407
198 673
199 1288
200 1678
201 322
202 2152
203 321
204 1872
205 3016
206 1365
207 1291
208 1596
209 491
210 675
211 247
212 1258
213 2152
214 1334
215 1313
216 1356
217 264
218 3053
219 1412
220 264
221 1358
222 247
223 1309
224 2173
225 2253
226 1358
227 1343
228 1359
229 1408
230 1342
231 2269
232 2883
233 2269
234 1408
235 1339
236 1318
237 2480
238 273
239 1412
240 458
241 4431
242 271
243 1320
244 1328
245 2301
246 1383
247 2685
248 1419
249 293
250 298
251 1393
252 1391
253 1340
254 298
255 1398
256 294
257 292
258 1367
259 3420
260 301
261 301
262 301
263 1413
264 3416
265 2641
266 3634
267 1397
268 1412
269 2287
270 4909
271 284
272 3420
273 1421
274 1391
275 2326
276 3612
277 3442
278 313
279 201
280 1377
281 318
282 4143
283 318
284 4920
285 2326
286 2799
287 1415
288 2266
289 677
290 1418
291 2799
292 4209
293 1422
294 114
295 325
296 3448
297 321
298 3283
299 5300
300 2853
301 1460
302 3019
303 1432
304 1437
305 1451
306 4204
307 1419
308 761
309 2813
310 3481
311 1533
312 3828
313 2321
314 1422
315 2813
316 1457
317 2809
318 2002
319 356
320 1457
321 3014
322 79
323 356
324 349
325 201
326 356
327 1480
328 2811
329 4682
330 363
331 1486
332 2329
333 1448
334 1449
335 3918
336 2152
337 4257
338 2328
339 1498
340 3486
341 1391
342 1498
343 369
344 129
345 1502
346 1506
347 4847
348 3432
349 381
350 3500
351 4279
352 4948
353 2361
354 1547
355 4946
356 2357
357 3479
358 938
359 1554
360 3500
361 3493
362 201
363 4279
364 1530
365 1506
366 1614
367 1520
368 2729
369 391
370 1579
371 3500
372 1550
373 1580
374 1544
375 1488
376 4232
377 1576
378 1487
379 2363
380 1448
381 1535
382 936
383 3180
384 1558
385 2138
386 2818
387 1547
388 809
389 1567
390 2020
391 458
392 2378
393 2374
394 357
395 458
396 358
397 1580
398 1493
399 4172
400 4986
401 1375
402 3675
403 3500
404 3690
405 1580
406 3154
407 936
408 1533
409 1590
410 944
411 1573
412 1614
413 991
414 176
415 2334
416 1603
417 1678
418 2812
419 166
420 1815
421 812
422 2419
423 1615
424 946
425 1630
426 2445
427 2033
428 4735
429 1207
430 794
431 2177
432 3555
433 4647
434 4377
435 1628
436 1656
437 4117
438 1635
439 2429
440 4913
441 3155
442 2442
443 1639
444 5022
445 3032
446 4265
447 1275
448 2035
449 4394
450 1535
451 2933
452 1617
453 3035
454 4121
455 1468
456 3866
457 483
458 2483
459 2991
460 3172
461 1669
462 1663
463 1675
464 1673
465 2881
466 484
467 1670
468 3827
469 2426
470 1672
471 1074
472 3719
473 2538
474 2483
475 2084
476 2994
477 1535
478 240
479 2797
480 1421
481 2994
482 4432
483 2656
484 3051
485 3064
486 1695
487 1680
488 4756
489 3040
490 3283
491 546
492 1719
493 2659
494 2854
495 811
496 3807
497 2486
498 1617
499 1707
500 3918
501 986
502 4590
503 805
504 3065
505 974
506 2500
507 1434
508 2933
509 1599
510 1720
511 4523
512 2423
513 2500
514 1721
515 962
516 545
517 693
518 2502
519 1785
520 3936
521 1887
522 690
523 2475
524 2966
525 3038
526 3618
527 1410
528 1840
529 1734
530 2851
531 1939
532 3631
533 2512
534 2530
535 1742
536 938
537 2673
538 1121
539 7
540 853
541 1841
542 3383
543 3370
544 4522
545 457
546 3783
547 492
548 583
549 1750
550 1308
551 3055
552 5437
553 2621
554 267
555 3700
556 3697
557 4472
558 775
559 1733
560 1025
561 2677
562 3073
563 1761
564 3965
565 3218
566 3476
567 1765
568 695
569 72
570 1358
571 1784
572 1785
573 1789
574 2812
575 4152
576 3239
577 2605
578 1409
579 4878
580 486
581 42
582 69
583 139
584 2108
585 2554
586 1141
587 2973
588 655
589 2559
590 2558
591 2560
592 546
593 1825
594 2562
595 1828
596 159
597 5094
598 5091
599 2571
600 1100
601 2682
602 1750
603 4744
604 2575
605 3462
606 2576
607 1100
608 2577
609 2096
610 1516
611 2096
612 2980
613 2095
614 2684
615 1517
616 5437
617 1100
618 2685
619 1100
620 2096
621 5112
622 2097
623 3030
624 2591
625 1229
626 2982
627 2688
628 1458
629 2693
630 2973
631 2099
632 3213
633 2101
634 2102
635 4807
636 1121
637 2106
638 1132
639 2108
640 1206
641 2984
642 2702
643 4016
644 2602
645 799
646 2702
647 4213
648 3918
649 2883
650 4647
651 1149
652 2598
653 2155
654 1421
655 2114
656 4648
657 2612
658 2116
659 2122
660 2125
661 2618
662 1173
663 1267
664 3224
665 2155
666 2722
667 4024
668 2127
669 1175
670 2132
671 2134
672 2125
673 1181
674 105
675 2138
676 2148
677 4829
678 2140
679 4043
680 4838
681 1205
682 2732
683 2146
684 124
685 4065
686 3017
687 2155
688 1598
689 2745
690 1208
691 4067
692 2159
693 1586
694 2158
695 2155
696 2160
697 2740
698 2173
699 3809
700 2174
701 2175
702 4855
703 2171
704 2165
705 2626
706 2178
707 2182
708 2208
709 1258
710 2746
711 4367
712 2627
713 2193
714 1238
715 2200
716 2212
717 2194
718 2632
719 2201
720 4381
721 2213
722 2634
723 2445
724 2489
725 1282
726 1280
727 2221
728 2215
729 2769
730 2773
731 2768
732 3203
733 1333
734 1989
735 2227
736 2231
737 2269
738 2637
739 2236
740 1343
741 247
742 2268
743 1390
744 1316
745 1317
746 2230
747 2587
748 2248
749 2242
750 2621
751 1334
752 2237
753 2258
754 1358
755 4879
756 3051
757 2254
758 4198
759 2282
760 1334
761 2286
762 2782
763 2274
764 2789
765 272
766 272
767 1388
768 4893
769 2256
770 2784
771 272
772 1411
773 1245
774 2245
775 2274
776 292
777 2990
778 2286
779 2292
780 2162
781 2257
782 2334
783 2267
784 2262
785 2263
786 2301
787 1478
788 2299
789 2790
790 2302
791 2300
792 2289
793 2257
794 2808
795 1598
796 5005
797 2801
798 2802
799 2331
800 2316
801 4936
802 1491
803 4938
804 1465
805 85
806 2798
807 1361
808 1478
809 2318
810 2320
811 2822
812 2417
813 5005
814 2337
815 4244
816 2330
817 2367
818 2367
819 1511
820 2632
821 271
822 2353
823 2345
824 2825
825 1391
826 4946
827 2339
828 1280
829 2828
830 5442
831 2370
832 2362
833 2346
834 2347
835 2349
836 1544
837 2355
838 2340
839 2334
840 5004
841 1361
842 2830
843 2851
844 1562
845 4946
846 2377
847 2643
848 1557
849 2380
850 1562
851 4946
852 2379
853 2394
854 2386
855 3176
856 2389
857 2390
858 1548
859 2404
860 1598
861 2162
862 2024
863 2379
864 5155
865 2747
866 2024
867 2318
868 2379
869 1602
870 2417
871 1621
872 1634
873 1280
874 2426
875 2423
876 2421
877 2434
878 2430
879 2411
880 2870
881 2435
882 2648
883 5016
884 2485
885 5014
886 2426
887 2447
888 2875
889 2874
890 2451
891 1661
892 2453
893 4871
894 2854
895 2890
896 5036
897 5287
898 2463
899 2464
900 2650
901 2470
902 5039
903 2887
904 2467
905 2464
906 2485
907 2654
908 2489
909 2474
910 2076
911 2460
912 2657
913 1678
914 2478
915 2480
916 2483
917 1573
918 2482
919 2896
920 937
921 3564
922 2901
923 2490
924 2487
925 2901
926 1711
927 2903
928 2998
929 2999
930 1714
931 5298
932 2498
933 2499
934 2500
935 5305
936 5059
937 2916
938 2667
939 2503
940 2504
941 4761
942 5169
943 3008
944 2505
945 2346
946 4152
947 2509
948 5061
949 2511
950 2671
951 2927
952 4606
953 2527
954 2930
955 2932
956 2516
957 2675
958 2517
959 1121
960 2518
961 1759
962 2520
963 2521
964 2522
965 2678
966 3003
967 4479
968 5461
969 4409
970 2525
971 2680
972 2162
973 4484
974 2681
975 5074
976 1028
977 396
978 2532
979 2538
980 2535
981 2539
982 2960
983 2540
984 2541
985 625
986 1089
987 2854
988 2550
989 5086
990 4008
991 3918
992 2552
993 2972
994 652
995 1819
996 1823
997 2561
998 783
999 670
1000 638
1001 2445
1002 2937
1003 2934
1004 2685
1005 2097
1006 3063
1007 2685
1008 2683
1009 2690
1010 1864
1011 2686
1012 2689
1013 2690
1014 2694
1015 3064
1016 2695
1017 2108
1018 2696
1019 2697
1020 5197
1021 3065
1022 5201
1023 5202
1024 2707
1025 3012
1026 5210
1027 2710
1028 3013
1029 2794
1030 3943
1031 2726
1032 2719
1033 2126
1034 2487
1035 3014
1036 2137
1037 2731
1038 2145
1039 2733
1040 3073
1041 3017
1042 2721
1043 2722
1044 2735
1045 2738
1046 2174
1047 2740
1048 2206
1049 2744
1050 2198
1051 2750
1052 3019
1053 2200
1054 2757
1055 2759
1056 2218
1057 2779
1058 2765
1059 2395
1060 2766
1061 2768
1062 2269
1063 2782
1064 2270
1065 2775
1066 2269
1067 2776
1068 2778
1069 3027
1070 2788
1071 2784
1072 2334
1073 2266
1074 2793
1075 2806
1076 1001
1077 3980
1078 2722
1079 2808
1080 5261
1081 2802
1082 3031
1083 3034
1084 2372
1085 2817
1086 2814
1087 2832
1088 2832
1089 2851
1090 2334
1091 3037
1092 2851
1093 2824
1094 2826
1095 2386
1096 2843
1097 2851
1098 2840
1099 2401
1100 2842
1101 3067
1102 2859
1103 2850
1104 2859
1105 2400
1106 2860
1107 2855
1108 2421
1109 2863
1110 2857
1111 2854
1112 2866
1113 2870
1114 2869
1115 2871
1116 5239
1117 2872
1118 2444
1119 2451
1120 2452
1121 1711
1122 2878
1123 2465
1124 2885
1125 2887
1126 2890
1127 2477
1128 2902
1129 2896
1130 2992
1131 2420
1132 2903
1133 5296
1134 2908
1135 3047
1136 2910
1137 5303
1138 2914
1139 5372
1140 1201
1141 2921
1142 3049
1143 2920
1144 3050
1145 2923
1146 2926
1147 2929
1148 2931
1149 2930
1150 2391
1151 2933
1152 2935
1153 2939
1154 2940
1155 2942
1156 3069
1157 2946
1158 2949
1159 2951
1160 2952
1161 5326
1162 3070
1163 2956
1164 4972
1165 3055
1166 3056
1167 2541
1168 3058
1169 2220
1170 2965
1171 2966
1172 2970
1173 4008
1174 2553
1175 2975
1176 5377
1177 2977
1178 981
1179 3062
1180 3004
1181 3005
1182 1253
1183 3006
1184 5242
1185 2684
1186 3007
1187 5354
1188 3700
1189 693
1190 3087
1191 2697
1192 3073
1193 5272
1194 3074
1195 2841
1196 3022
1197 3024
1198 2858
1199 3029
1200 3028
1201 3030
1202 3032
1203 2324
1204 3034
1205 3019
1206 3076
1207 3035
1208 3036
1209 2827
1210 3078
1211 3039
1212 3078
1213 2841
1214 3041
1215 2871
1216 3042
1217 3028
1218 3044
1219 3089
1220 3045
1221 3046
1222 3052
1223 3081
1224 4972
1225 3054
1226 3058
1227 3059
1228 3035
1229 3083
1230 5368
1231 5461
1232 3062
1233 3071
1234 5374
1235 3091
1236 3009
1237 3010
1238 3073
1239 3077
1240 3088
1241 3009
1242 1786
1243 5377
1244 1170
1245 71
1246 3105
1247 3104
1248 3025
1249 5391
1250 3102
1251 3093
1252 2553
1253 3095
1254 3004
1255 3121
1256 3099
1257 3108
1258 3095
1259 3115
1260 3115
1261 3095
1262 3109
1263 3121
1264 3112
1265 5396
1266 3120
1267 3116
1268 3125
1269 5393
1270 3127
1271 3126
1272 3127
1273 3092
1274 3129
1275 3109
1276 3135
1277 5407
1278 108
1279 3135
1280 1095
1281 100
1282 3133
1283 3131
1284 5059
1285 3481
1286 5400
1287 2108
1288 341
1289 124
1290 2156
1291 2167
1292 1248
1293 2746
1294 2769
1295 1334
1296 1408
1297 2173
1298 1318
1299 1340
1300 2750
1301 2799
1302 2357
1303 358
1304 1590
1305 3555
1306 4798
1307 2488
1308 1742
1309 2931
1310 2946
1311 2108
1312 2554
1313 2286
1314 2463
1315 3039
1316 2523
1317 5377
1318 3230
1319 1960
1320 3857
1321 2683
1322 900
1323 3754
1324 3754
1325 1946
1326 4754
1327 1873
1328 853
1329 5104
1330 2001
1331 5140
1332 2561
1333 2905
1334 5337
1335 5108
1336 5110
1337 5109
1338 3026
1339 1871
1340 152
1341 4537
1342 5473
1343 1856
1344 995
1345 5112
1346 938
1347 5371
1348 5179
1349 1954
1350 4660
1351 3365
1352 5361
1353 5362
1354 4543
1355 3871
1356 174
1357 3476
1358 1957
1359 4720
1360 289
1361 4454
1362 106
1363 1841
1364 3895
1365 4523
1366 779
1367 3313
1368 4633
1369 3918
1370 4565
1371 2601
1372 5339
1373 3888
1374 3814
1375 3266
1376 3291
1377 4828
1378 1151
1379 4815
1380 3091
1381 1977
1382 4024
1383 4672
1384 2608
1385 3271
1386 4121
1387 1307
1388 39
1389 4028
1390 1708
1391 4548
1392 4816
1393 4238
1394 3068
1395 5128
1396 3560
1397 132
1398 4041
1399 2852
1400 5418
1401 4045
1402 2140
1403 2735
1404 171
1405 731
1406 3690
1407 4541
1408 4048
1409 309
1410 3730
1411 3785
1412 2145
1413 4054
1414 4083
1415 1232
1416 5053
1417 3793
1418 3542
1419 4871
1420 5361
1421 3277
1422 4843
1423 4107
1424 5386
1425 3545
1426 2220
1427 4871
1428 4967
1429 4077
1430 4332
1431 4333
1432 4862
1433 4756
1434 4099
1435 4100
1436 1637
1437 1256
1438 2746
1439 3515
1440 4265
1441 4838
1442 1388
1443 2354
1444 4958
1445 4118
1446 1458
1447 1468
1448 4666
1449 1369
1450 4124
1451 1286
1452 4328
1453 4358
1454 1292
1455 3570
1456 4186
1457 4184
1458 4151
1459 677
1460 4232
1461 4981
1462 4181
1463 4199
1464 4198
1465 4275
1466 4162
1467 4153
1468 2434
1469 4203
1470 3420
1471 322
1472 4286
1473 4259
1474 288
1475 5151
1476 4198
1477 4199
1478 4892
1479 4905
1480 3422
1481 295
1482 322
1483 4871
1484 3443
1485 3444
1486 1457
1487 3443
1488 4181
1489 3444
1490 3444
1491 3443
1492 4208
1493 3346
1494 4907
1495 5260
1496 4209
1497 4238
1498 1451
1499 3448
1500 3448
1501 3445
1502 2180
1503 5362
1504 2813
1505 3038
1506 4212
1507 4203
1508 1779
1509 1460
1510 1774
1511 845
1512 4935
1513 4234
1514 4191
1515 397
1516 2002
1517 4234
1518 4372
1519 3369
1520 4198
1521 5018
1522 4257
1523 4259
1524 2325
1525 5260
1526 3482
1527 4262
1528 4228
1529 1480
1530 4259
1531 321
1532 4984
1533 3482
1534 4273
1535 1486
1536 3484
1537 3494
1538 1488
1539 358
1540 336
1541 1504
1542 4278
1543 2342
1544 4947
1545 371
1546 3487
1547 4286
1548 1491
1549 4259
1550 357
1551 5441
1552 375
1553 1504
1554 1499
1555 4302
1556 4297
1557 3349
1558 4363
1559 5209
1560 3501
1561 1517
1562 1502
1563 5419
1564 4231
1565 4346
1566 4336
1567 1488
1568 1365
1569 4966
1570 4303
1571 399
1572 4327
1573 4722
1574 404
1575 3003
1576 1589
1577 1502
1578 1545
1579 1591
1580 4348
1581 2382
1582 3550
1583 4318
1584 1549
1585 4524
1586 3731
1587 4299
1588 4152
1589 3430
1590 1616
1591 5011
1592 1340
1593 3645
1594 5348
1595 1624
1596 3369
1597 3554
1598 864
1599 458
1600 3380
1601 4395
1602 1290
1603 3609
1604 4914
1605 2293
1606 2449
1607 1434
1608 1540
1609 1307
1610 4121
1611 186
1612 370
1613 2220
1614 4230
1615 1307
1616 1434
1617 4265
1618 3064
1619 4085
1620 4725
1621 5342
1622 4726
1623 3390
1624 5435
1625 3585
1626 4409
1627 4523
1628 844
1629 5160
1630 1046
1631 4799
1632 3962
1633 3065
1634 5128
1635 4376
1636 5428
1637 4152
1638 5344
1639 5352
1640 5161
1641 2148
1642 2418
1643 4414
1644 5370
1645 92
1646 459
1647 1093
1648 3807
1649 947
1650 5352
1651 2045
1652 950
1653 3043
1654 3039
1655 4480
1656 5058
1657 4445
1658 3975
1659 4648
1660 4114
1661 551
1662 4427
1663 5146
1664 563
1665 5065
1666 1121
1667 3528
1668 5349
1669 3730
1670 4002
1671 3560
1672 2674
1673 5178
1674 1735
1675 1747
1676 1828
1677 4396
1678 1048
1679 4524
1680 899
1681 693
1682 4709
1683 3696
1684 687
1685 1758
1686 1349
1687 154
1688 4449
1689 968
1690 5182
1691 2679
1692 2106
1693 1050
1694 508
1695 5339
1696 4720
1697 3498
1698 3412
1699 3659
1700 1317
1701 26
1702 1519
1703 1448
1704 632
1705 3062
1706 2552
1707 4008
1708 4072
1709 3683
1710 5089
1711 319
1712 4521
1713 2569
1714 5093
1715 4623
1716 2568
1717 5092
1718 5095
1719 5096
1720 2044
1721 4744
1722 4743
1723 5102
1724 5103
1725 4805
1726 4066
1727 4243
1728 2590
1729 5113
1730 5114
1731 5348
1732 1119
1733 2103
1734 4002
1735 4593
1736 1656
1737 2896
1738 5202
1739 1143
1740 5120
1741 5121
1742 3065
1743 5202
1744 1151
1745 4774
1746 4234
1747 1946
1748 4816
1749 2279
1750 4819
1751 132
1752 4033
1753 5432
1754 3346
1755 3036
1756 4035
1757 2137
1758 4827
1759 4833
1760 4834
1761 5019
1762 3036
1763 2162
1764 3394
1765 2162
1766 1653
1767 4831
1768 1206
1769 4215
1770 5251
1771 4215
1772 4837
1773 4146
1774 2187
1775 4850
1776 4213
1777 4092
1778 5141
1779 1648
1780 4382
1781 4383
1782 5145
1783 4126
1784 2632
1785 5148
1786 4775
1787 4417
1788 4894
1789 300
1790 2271
1791 2234
1792 4996
1793 4981
1794 4207
1795 5341
1796 5005
1797 5004
1798 4912
1799 4918
1800 4908
1801 1317
1802 4237
1803 4932
1804 2322
1805 3346
1806 2324
1807 4238
1808 4238
1809 1500
1810 1477
1811 4903
1812 4238
1813 1418
1814 2418
1815 5004
1816 4255
1817 1471
1818 493
1819 5141
1820 1462
1821 4166
1822 1500
1823 5441
1824 4965
1825 4959
1826 3003
1827 5005
1828 2162
1829 4217
1830 4322
1831 2353
1832 2574
1833 1478
1834 4322
1835 4201
1836 4949
1837 1478
1838 4985
1839 5442
1840 5004
1841 5005
1842 2645
1843 5156
1844 2408
1845 2418
1846 5007
1847 2870
1848 5157
1849 5158
1850 5159
1851 2444
1852 5017
1853 2439
1854 4052
1855 1317
1856 2447
1857 5023
1858 4406
1859 4405
1860 1187
1861 2649
1862 2465
1863 2041
1864 2468
1865 4406
1866 1642
1867 5044
1868 5043
1869 5049
1870 4392
1871 5051
1872 5345
1873 3949
1874 4439
1875 2907
1876 1695
1877 1621
1878 5056
1879 5300
1880 5058
1881 5057
1882 2501
1883 5306
1884 5165
1885 4853
1886 2056
1887 4762
1888 4760
1889 1984
1890 5170
1891 2461
1892 2198
1893 2922
1894 5060
1895 5062
1896 2510
1897 5064
1898 5173
1899 4524
1900 5309
1901 4608
1902 5070
1903 5180
1904 5181
1905 4709
1906 4473
1907 5070
1908 5184
1909 5183
1910 1764
1911 3003
1912 5474
1913 2955
1914 5326
1915 5072
1916 5186
1917 5326
1918 5017
1919 1769
1920 5187
1921 5188
1922 2528
1923 4488
1924 2292
1925 5076
1926 2959
1927 3007
1928 764
1929 128
1930 2513
1931 4520
1932 3670
1933 5369
1934 5189
1935 4241
1936 4544
1937 3218
1938 4577
1939 5475
1940 5194
1941 3007
1942 5195
1943 5196
1944 2698
1945 5370
1946 2701
1947 5353
1948 5208
1949 5356
1950 2712
1951 5231
1952 5254
1953 5239
1954 5273
1955 3756
1956 5220
1957 2726
1958 5357
1959 4827
1960 4828
1961 5226
1962 2745
1963 2155
1964 5231
1965 2164
1966 1703
1967 5251
1968 2240
1969 5251
1970 2218
1971 5250
1972 3926
1973 184
1974 2809
1975 5260
1976 2218
1977 5003
1978 5371
1979 5003
1980 2756
1981 5238
1982 5284
1983 5016
1984 2447
1985 5023
1986 4826
1987 4363
1988 5036
1989 2904
1990 5301
1991 2912
1992 3068
1993 5312
1994 2283
1995 5320
1996 1267
1997 4912
1998 5373
1999 4998
2000 5364
2001 4871
2002 171
2003 5332
2004 4543
2005 5334
2006 4085
2007 2973
2008 5336
2009 3085
2010 4854
2011 3918
2012 5089
2013 5193
2014 1848
2015 3010
2016 674
2017 3062
2018 3330
2019 5327
2020 5379
2021 5380
2022 5375
2023 2852
2024 5273
2025 5264
2026 4938
2027 4940
2028 2485
2029 1693
2030 5361
2031 5362
2032 5363
2033 2876
2034 48
2035 3072
2036 5382
2037 4757
2038 5355
2039 5375
2040 3092
2041 5381
2042 3094
2043 3061
2044 323
2045 3085
2046 5378
2047 3086
2048 4211
2049 3062
2050 5391
2051 5390
2052 5360
2053 3105
2054 5389
2055 5391
2056 5005
2057 3098
2058 1261
2059 5394
2060 3110
2061 5402
2062 5388
2063 584
2064 3130
2065 3135
2066 2948
2067 3130
2068 2140
2069 2735
2070 4843
2071 4842
2072 4099
2073 4100
2074 4186
2075 3574
2076 2198
2077 3470
2078 4299
2079 2084
2080 3528
2081 2702
2082 2552
2083 5071
2084 5378
2085 3085
