-1.10039 -0.635422 0.516606 -1.20828
0.40191 -1.93609 4.62445 -0.294911
0.198134 1.65158 -1.51725 0.119414
2.76057 5.03315 -5.73599 3.45936
0.092026 2.2574 -6.88422 0.278902
-0.410518 1.18032 -1.14442 -0.142907
0.23894 -3.28021 2.88411 -0.32989
-0.883929 -0.765002 1.75677 -2.08911
0.254879 -1.24791 1.29854 0.649087
0.288788 1.244 -1.02934 0.289306
0.146483 -2.51813 2.45467 -0.151997
1.17093 -0.588201 0.228234 1.82366
0.565327 1.39169 -2.39253 -0.711852
1.04479 -0.203637 0.200821 1.44202
0.173408 -1.59338 1.74146 0.062599
1.84912 -0.834795 0.433007 2.97312
-1.35614 -1.70394 6.17367 -0.432483
-0.076194 -1.69774 1.12023 -0.028486
-1.12359 -0.11904 0.170075 -1.62493
-1.17355 0.489766 -0.062053 -1.7004
-0.607307 2.77501 -2.03224 0.160936
2.02604 -2.13533 1.35548 1.66379
-1.25 0.433124 -0.012361 -1.25018
-0.138481 1.19842 -1.21766 0.045161
-0.305362 -1.35945 1.13873 -0.610155
-0.397262 -1.40304 1.05692 -0.833959
0.162 -1.44442 1.79272 0.286183
0.09927 -2.97868 1.66259 -0.062232
-0.794741 1.33904 -3.35773 -0.420802
3.20855 -5.10784 6.12417 4.53617
-1.23521 0.14229 -0.625179 -2.14017
-0.257791 1.37005 -1.14193 -0.471855
-1.30112 -0.236811 -0.296297 -1.52128
-1.17251 -0.364829 0.591525 -1.55665
1.126 -0.044327 0.224838 1.54183
-1.13653 -0.882299 1.17351 -1.55168
0.610252 2.39073 -1.16012 0.485447
0.013551 1.91174 -2.23563 0.11858
-0.110162 1.14011 -2.02336 0.134567
-0.60413 3.1043 -4.49703 0.559379
-0.801547 3.382 -2.69021 -0.281959
1.69272 -0.138822 0.377653 1.97702
-1.03536 0.342022 -0.259139 -1.77328
0.353729 1.19613 -3.48341 0.374609
-10.4189 0.953181 -0.273195 -12.5857
11.5265 -0.518743 -0.844485 32.5631
-0.991501 0.483581 -0.415612 -1.37711
-0.6319 -0.867443 0.867443 -0.6319
-4.16599 0.70328 1.1177 -5.96166
-1.15714 -2.18695 1.86118 -2.71168
-1.04949 0.360822 -1.42593 -2.39523
-1.03615 0.461757 -0.26064 -1.54708
0.009363 2.49056 -5.35055 0.441974
-0.812872 -0.879051 2.04008 -0.652264
-1.32578 0.428159 -0.708201 -1.19268
-0.492922 -1.01089 2.09845 -0.311033
2.29889 -0.344026 -0.340474 2.66748
1.76502 0.04781 -0.477101 2.92614
1.87988 -0.960459 2.41768 1.53178
-0.80984 0.715611 -0.647017 -0.904728
0.108425 1.35908 -1.07713 -0.012072
0.593329 -2.16562 1.61951 0.224772
1.17445 10.021 -13.7644 0.057554
-1.20243 0.380273 -0.408109 -1.95637
-0.106945 2.04696 -1.73321 -0.137024
-1.14152 -0.176765 0.485065 -1.4897
1.75734 0.112201 -0.212252 1.74588
0.768462 1.25568 -0.779981 1.09264
-0.797894 2.38242 -2.48275 -0.408502
-1.35678 -0.001898 -0.099124 -1.07615
-0.732002 -0.753587 1.00463 -0.773669
0.974245 1.25014 -0.803243 1.78839
0.968523 -0.597488 0.562695 1.66794
-0.175869 -2.75738 10.4728 0.269361
-0.024519 2.12096 -1.81065 -0.059484
1.55189 0.370158 -0.430599 1.42639
-3.22184 4.25203 -5.32132 -2.87565
6.16217 -0.517435 -0.705033 8.44858
1.3509 -0.243032 0.381201 1.61646
1.71212 0.800993 -3.68913 1.10348
0.298385 1.96008 -3.35507 0.275109
0.323459 -2.13007 3.48997 -0.238738
0.025222 -2.92082 4.77994 0.983871
-2.14193 -0.809711 0.686424 -2.5747
0.14024 3.98279 -6.4938 0.663601
-0.514349 1.07082 -1.0817 -0.330447
-2.23902 0.327046 1.56244 -2.19706
1.41647 0.750715 -1.26141 1.46497
4.6728 0.285037 -0.215118 5.02031
0.012631 -1.16491 1.71191 0.560481
1.39618 -0.33446 0.233371 1.65328
-0.465535 -1.76079 8.74087 -0.564395
1.26051 0.113531 -0.642045 1.34676
-0.915535 0.644809 -0.507114 -1.34757
-1.14817 0.546285 -2.56042 -1.69725
-1.029 -3.23429 6.67983 -0.743382
-0.520231 -2.60817 1.83222 -1.54903
-1.03457 0.20947 -0.383436 -2.04952
-9.6942 -0.508876 3.02743 -15.485
-0.845194 1.33232 -1.0361 -1.33304
-1.25264 0.232282 0.068627 -1.2547
1.35738 -1.10247 0.405999 2.12318
0.591799 -1.57045 3.18032 -0.183811
0.953501 1.60214 -1.05522 1.20573
1.91277 -1.17563 0.403863 1.00905
1.41004 2.87542 -3.04145 1.19033
0.5336 1.56085 -2.2865 1.78244
0.017159 1.89244 -2.37966 -0.129958
1.3098 0.034052 -0.183836 1.6881
0.004745 -1.36699 1.24634 -0.093872
1.10276 0.51151 0.449619 4.22503
-1.3128 0.010092 0.605581 -1.33024
-0.505073 -0.944369 1.70041 -1.05628
0.459418 -1.04786 2.02407 0.241012
0.459547 1.82655 -1.51532 0.28371
-2.26392 1.0705 -1.39702 -4.07558
1.87251 0.126831 0.230501 2.78682
1.051 -1.22351 0.888952 1.36523
-0.651976 1.11743 -1.77998 -0.461195
0.047843 1.84558 -1.74205 0.057179
-0.134364 1.08531 -2.92207 0.338179
0.15576 -2.20413 3.215 -0.086284
-0.560746 0.891358 -2.01545 -0.968716
1.10523 0.04371 -0.140736 1.22771
-1.1216 -0.183191 -0.112456 -1.44303
1.64476 -3.75575 3.27123 2.66451
-1.21733 -0.098033 0.130691 -1.09268
-0.139004 -1.0522 1.27739 -0.095101
-0.391663 1.26014 -2.27202 -0.73352
0.006029 -1.13782 2.93152 -0.473875
-0.931822 -0.647563 0.783582 -1.57308
10.1459 -2.65425 6.2132 6.8784
-1.06593 0.453653 -0.146348 -1.73539
-0.368605 -1.04551 1.45613 -0.118183
0.631345 -1.1105 1.08226 0.805093
-0.196654 2.20259 -1.65882 0.588496
-2.2536 0.073265 -0.298273 -2.01524
2.10343 0.525792 -0.158947 2.2565
-0.948727 0.591553 -0.430767 -1.49934
-0.353612 -1.92789 2.41514 -0.460814
-1.11016 -10.638 13.0309 -2.02256
0.158444 -3.72697 2.95799 -0.303147
0.610501 -1.23191 0.902133 0.947508
1.37993 -20.4942 38.0763 2.21537
-0.424784 1.30393 -1.10078 -0.334379
-1.24476 0.819173 -0.572728 -1.35077
-0.218511 2.63081 -2.4579 0.078691
-0.434831 -1.11013 1.754 -0.092008
0.39508 -11.6593 27.4603 0.339881
0.158934 -1.7651 1.63228 -0.106311
-1.43194 1.48483 -1.93614 0.033072
-5.0509 2.41636 -0.986133 -2.35456
0.003588 1.06721 -1.06721 0.003588
0.236997 1.35883 -5.91197 0.228307
-2.46884 -0.355775 2.35181 -1.12468
-0.120102 1.50092 -2.1925 -0.129064
2.17549 -0.300675 0.071315 3.73212
0.137006 -1.50042 1.90491 0.068597
0.554577 -1.92956 2.79237 0.811734
1.48942 -0.167634 -0.155526 2.63573
2.61778 -5.98604 9.19081 4.65527
2.49163 -3.73497 12.262 0.83579
0.031846 -1.34741 1.34083 0.04367
0.651013 -1.5401 0.881622 0.945289
1.46318 -0.238202 0.57014 1.2692
-0.763997 4.25874 -5.91949 -0.619621
0.424516 -0.978019 0.983863 0.47543
-1.12003 0.419097 -0.594869 -0.998107
-0.414178 1.13506 -1.136 -0.234685
-0.443445 -1.4293 1.90464 0.090802
-1.06133 1.47794 -0.410565 -1.84045
0.451993 1.54126 -1.78366 0.268242
1.39071 -0.35381 0.307666 1.07215
-6.90238 -22.6805 26.185 -6.51353
0.618455 -1.48269 0.952881 0.815397
-0.152691 1.25517 -1.81249 0.074182
2.43521 0.837577 -0.861181 2.38115
1.10149 -0.009643 0.009643 1.10149
1.16101 -0.527477 0.587867 1.7198
-1.51545 0.160757 -0.249353 -1.45086
-1.01319 -1.10678 0.898639 -1.772
-0.286758 1.78512 -1.06514 -0.306679
-6.17681 2.19205 -0.958448 -7.48653
3.40861 -2.74832 4.44163 4.18365
0.392401 1.56407 -1.25835 0.753864
1.98582 0.105575 -1.30653 1.33995
3.54227 -0.055285 0.169917 2.933
-1.34595 -1.71459 8.15622 -0.480359
-1.17516 -0.372364 1.24818 -1.8608
1.16055 -0.034763 0.295539 2.174
0.198429 -1.40375 1.26172 -0.357534
-0.332781 2.08735 -2.02139 -0.120675
2.79077 0.800773 -4.20195 1.44923
-1.0393 -0.495184 0.400447 -1.50633
-0.608294 -1.08368 0.859364 -0.985292
-0.066932 1.1296 -1.19742 -0.091695
-0.184625 -1.28219 2.36609 -0.199461
-0.407064 -0.991947 1.73545 -0.45439
0.460849 2.45648 -1.31842 0.187148
3.05137 -0.888325 1.84994 3.5348
-0.915307 -0.649515 0.513363 -0.986969
-0.237575 -1.08686 4.41413 -0.214053
-0.610589 0.950413 -1.25653 -0.616407
0.228783 -2.0908 2.03579 0.013576
-0.310118 -1.07756 2.09013 -0.786662
-2.38852 -0.39712 -0.420129 -4.43447
0.405208 1.13689 -1.08957 0.248886
-1.90229 0.262366 -1.97691 -1.30042
-1.36169 -1.89626 1.30215 -2.59261
1.25891 0.157557 0.308069 2.73745
-1.94077 -5.89939 5.07212 -1.24883
1.15466 0.257294 -0.561414 1.597
-1.28097 -0.340982 2.18789 -1.90602
0.76294 -2.78658 6.59746 -0.500261
-1.33113 -0.321024 0.317876 -2.20616
-0.495523 1.40807 -1.53429 0.303653
5.2586 2.0966 -2.82332 3.75833
0.383718 -4.40631 2.38654 0.038445
-1.2277 0.669473 0.254727 -2.27665
-0.957472 -0.540525 0.540525 -0.957472
0.190965 -1.10953 3.26005 -0.410147
-0.599201 1.66047 -1.5602 -0.346733
1.58342 -0.105333 -0.120528 1.66909
2.02833 -1.13666 2.1028 1.70901
-3.5455 -8.66378 14.3046 -0.53817
-10.2985 -5.97922 5.97567 -11.3492
3.17993 0.991974 -2.23589 2.72779
-0.937098 2.82928 -3.01199 -0.191696
-0.980447 0.376811 -0.569124 -1.32506
-1.38303 0.189649 0.067407 -1.84823
-1.11068 -0.010664 -0.193144 -1.46975
0.305221 -1.925 2.93629 -0.092398
-0.816378 -1.02156 1.08275 -0.537853
0.699982 -5.78383 5.43917 0.306717
-0.692377 -1.59008 1.26043 -1.40143
1.01328 0.660171 -0.33524 1.68097
-0.425188 1.07275 -1.08615 -0.276917
-3.67394 -2.47756 4.66426 -3.64278
0.351062 -3.01743 1.43244 -0.0442
-9.32629 -7.90595 10.1911 -6.15792
1.22608 -0.36699 1.03175 1.29681
-0.12011 1.31625 -1.18893 0.275182
-1.16268 -0.466933 0.84327 -1.46622
0.641907 1.12686 -1.06655 0.614651
1.41718 -0.807383 0.244285 1.95972
0.832679 1.81165 -1.56659 1.16913
1.0335 0.274487 -0.172097 1.42287
1.50844 0.144511 -0.246824 1.36828
-3.34955 -0.611815 -0.900038 -4.11245
1.0919 1.69347 -7.95322 0.378246
-0.16084 -1.61698 1.75364 0.015669
-0.620205 -1.798 1.48102 -0.461639
0.241193 -2.42168 2.79998 0.071391
1.73782 -0.400717 0.604772 1.51224
-0.332717 -1.42942 1.16295 -0.480924
-2.60238 52.4155 -43.308 5.65261
-0.261241 -1.0274 3.37312 -0.396159
0.170168 1.10921 -1.4888 -0.156102
-3.63001 0.363902 -0.342123 -2.6598
0.323149 1.50961 -2.11987 0.535749
0.029693 -1.30497 1.29159 0.012332
-0.887579 0.646694 -1.02568 -0.995385
-0.373319 -1.30323 1.58877 -0.420605
1.29999 -0.330534 0.388506 1.60478
-0.266385 1.37852 -1.07133 -0.124328
-0.50465 -4.07275 3.84245 -0.00441
-2.19847 1.73657 0.34658 -3.28647
-1.94668 -0.045071 1.51469 -7.5161
0.918331 0.976012 -0.586582 1.15125
0.010705 1.16265 -1.16265 0.010705
1.02284 1.02167 -3.46522 0.670685
0.056449 1.45323 -1.45323 0.056449
-1.05412 0.486287 -0.549391 -1.66474
-0.737314 -0.739032 1.98632 -1.63024
-1.85414 -2.59367 6.21135 -1.99963
-1.04442 0.234854 -0.13904 -1.46073
0.103391 -2.60804 4.32123 -0.855967
0.224124 2.57134 -2.87672 1.84071
-0.302624 -1.93304 1.14242 -0.734234
1.09687 0.285151 -0.033205 1.4138
0.000901 -1.16724 1.19586 -0.100156
1.00029 -1.06098 0.932124 1.95011
0.410761 -1.47289 1.57088 0.111977
0.496157 -1.04397 3.27496 0.235041
-1.62972 -0.199021 0.403242 -4.04815
0.096648 -1.2873 1.35627 0.132459
0.05209 -2.00556 2.1768 0.107366
0.089914 -2.01437 2.51886 0.073414
1.17803 -0.052654 -0.123497 1.35991
-0.104978 1.4368 -1.09411 -0.022212
-1.11801 -0.781979 0.531206 -1.9218
-0.019244 -1.43162 1.92478 0.595101
-1.4017 -0.471908 0.200949 -3.30604
-1.40275 -0.090513 0.099197 -1.32676
-1.75207 5.84405 -5.05339 -2.54746
-0.183391 1.6072 -1.77401 0.312749
6.20836 0.394428 -1.19536 5.39964
0.081937 1.2278 -1.06091 0.176272
-0.297966 -1.4575 4.06115 -0.525191
1.04301 -0.491954 0.585797 3.50331
-6.96063 -2.95255 2.72686 -4.89597
-0.413818 -1.35307 1.76924 0.286227
-1.04432 0.094288 -0.017565 -1.5849
-1.04033 0.406287 -0.452978 -1.52891
-5.42715 0.352812 -0.679652 -11.2019
-0.71598 1.74465 -3.00297 -1.42159
-1.46397 -0.152671 0.177798 -1.45865
-1.11328 -0.547009 0.826933 -1.81997
-1.53594 -0.495161 0.376434 -1.66435
-0.059511 1.32458 -1.7675 0.003842
0.29448 -2.17466 2.35239 -0.131635
-0.325174 -1.05947 1.07308 -0.260813
-1.02361 -0.162618 0.264059 -1.30223
0.752602 -1.214 4.02701 0.517614
0.073405 -1.09335 2.09071 0.733161
-3.7645 -4.8144 3.53646 -3.37034
-1.0599 0.044536 0.03652 -1.42436
-0.171674 1.41143 -1.15376 0.07319
-0.591312 -2.5118 1.52334 0.331524
-0.725305 -0.854072 1.54021 -1.08975
0.037388 -1.08435 1.47805 0.006397
1.45351 -0.745062 0.201957 2.07601
-0.436968 1.00793 -1.01311 -0.342326
-1.56769 -1.36407 4.71298 -0.261814
-11.425 -1.50702 2.41662 -12.9743
6.01147 -0.535179 -0.078463 7.66495
-6.72716 -1.33071 1.88596 -5.2503
-0.244931 -2.74068 2.8016 -0.624671
1.54616 -0.645879 1.05778 2.97407
0.089012 -1.52072 1.55472 -0.081777
0.395826 -2.1633 1.69189 0.222563
-0.032989 -4.17328 15.2665 0.444594
0.44416 -4.03029 18.7994 0.346517
0.187069 -1.33301 3.26051 -0.167335
-1.0628 -0.538138 0.668216 -1.14032
-1.25742 -0.576858 0.441596 -1.87547
-4.36579 -0.189832 1.1522 -5.72031
-0.014591 2.15989 -2.56237 0.086659
-0.074264 -1.19509 1.12273 0.092633
0.61489 -5.60509 3.8592 0.210938
0.994218 0.653545 -0.40323 1.28585
0.354693 -2.37711 1.37158 -0.008677
6.69065 -2.36665 4.0058 3.08883
-5.53489 1.45205 -0.519748 -6.90595
0.813827 0.951585 -1.42209 0.531573
-0.346158 1.14181 -1.53036 -0.073283
-1.43643 -0.145046 0.164874 -1.89142
-0.152886 1.1201 -1.23891 -0.16814
1.04573 10.4096 -12.2375 2.83035
0.192761 -2.0567 1.30196 0.231098
-1.29627 0.040499 -0.294587 -2.53257
-0.33739 1.05204 -1.05204 -0.33739
0.100208 -1.83603 1.09931 0.083733
-0.319144 1.4323 -1.34956 0.032088
-1.23391 -1.26917 0.17842 -2.31255
-0.007355 -1.06624 1.06624 -0.007355
1.1901 0.346233 -0.001091 1.30396
-0.39456 1.52202 -1.16098 -0.618751
-0.100039 -1.31741 1.30815 -0.530533
-0.017253 -1.08402 1.44933 -0.203635
-4.3437 0.359416 0.764025 -2.29068
-0.823281 -1.08705 0.713277 -1.11072
0.643189 -1.21467 1.02478 0.824248
0.442901 -2.74111 4.78123 -0.120541
-1.01661 -0.207394 0.205337 -1.58298
1.06406 0.543067 -1.15754 2.02132
0.818269 1.00395 -1.07347 0.521459
3.99204 0.954765 -2.32969 3.98828
-0.293087 1.50589 -1.01634 -0.365461
1.23083 -0.212308 -0.075977 1.6288
-0.431177 2.0131 -1.15713 0.14322
0.313895 4.5297 -3.25551 0.182918
0.479475 -1.36111 1.14085 1.26016
-1.41052 0.154396 -0.156352 -1.85979
-1.18945 -1.18788 1.32458 -1.5605
-0.350486 1.64284 -1.64504 0.002809
-1.12209 -0.165929 0.231291 -1.57297
-4.88642 0.47598 0.48392 -1.69323
-0.288674 1.67114 -1.22747 0.217412
-1.31662 0.128623 -0.079234 -1.26266
-2.57862 -0.603386 2.91503 -0.938607
1.51961 0.017227 -0.840022 1.89997
-1.3735 -1.77327 7.2192 -0.597565
0.205165 -1.16766 1.57642 0.200072
0.03576 1.04661 -1.20384 0.044491
-0.174146 1.27919 -1.17926 -0.134367
-1.05674 -0.10145 0.159204 -1.48671
0.051017 -11.2553 11.966 0.910227
1.11381 0.71138 -0.337539 1.41434
-1.06539 -0.303075 0.218694 -1.0918
-0.125345 1.34173 -1.36629 -0.092388
1.08686 -0.153312 0.239903 1.7706
-1.1264 -0.128923 0.165565 -1.05659
-0.249684 1.68702 -1.04513 -0.261748
0.072025 -1.22848 1.50565 0.037381
-3.11547 -1.77732 4.84459 -4.09801
0.852437 -0.885912 0.897749 1.09091
-0.104696 7.15861 -6.15674 0.202463
-1.42601 -3.73652 2.94378 -1.03213
-0.101715 1.4244 -1.05564 -0.043255
-2.03647 2.522 -7.31627 -0.383632
-0.816525 -1.2506 0.758187 -1.14135
-0.995577 1.44185 -1.15281 -1.21779
-0.523041 3.03294 -1.83142 -0.057355
-1.23314 0.564901 -0.206744 -2.00684
1.53122 0.297437 -0.282739 1.49605
-0.293984 -1.24671 2.23546 -0.152274
-1.70406 1.01864 -5.13344 -0.400972
0.061064 1.35735 -1.91332 -0.033371
-0.219379 1.75482 -1.25455 -0.432887
0.619045 -1.03277 1.0409 0.590004
-13.7727 -0.238283 0.188297 -14.4523
-1.09322 -0.008214 0.241033 -1.27653
-0.067752 -1.48514 1.80253 -0.08567
0.056403 1.35899 -1.44256 -0.052437
-0.362612 -1.22083 1.12852 -0.078603
0.127738 1.03026 -1.82095 0.351243
-0.456381 2.26391 -1.64429 -0.007264
-1.30717 -0.371616 -0.061843 -2.05367
1.57099 -0.407233 -0.111445 2.2641
0.535432 -1.12716 0.931227 0.848386
-0.160886 -1.14465 1.12229 -0.352535
0.416864 5.90061 -6.30766 0.409794
-0.34026 -1.48379 1.19887 -0.651872
-1.23705 -0.384281 0.778561 -1.85957
-0.281282 -1.14831 1.57036 -0.174853
0.109132 1.39634 -1.46579 -0.170922
-1.19644 -0.589133 0.661323 -1.85815
0.147859 -1.27082 6.32468 -0.024005
0.570136 -1.62833 5.06234 0.0901
-0.398544 1.33052 -1.09005 -0.126815
-0.351209 -1.76521 1.78742 0.216665
-2.34794 -1.84223 0.291664 -3.90048
0.431829 2.61091 -1.76566 0.535204
-0.58716 -0.92875 1.32858 -0.948748
0.030229 1.82319 -1.78321 0.034282
-0.162188 2.54324 -5.19219 -0.177475
-0.579969 2.4735 -3.52137 1.1378
-0.711622 -0.758123 2.60167 -2.29709
0.171757 -2.72844 2.21097 -0.197435
0.065015 -1.26083 1.06687 -0.013143
1.70774 -8.23642 15.4441 0.546019
1.08568 -0.039494 0.347573 2.148
1.23085 0.086078 -0.130332 1.08501
0.318174 -2.67673 1.90176 1.02942
-0.017696 1.9944 -2.47253 -0.233133
0.426704 1.13559 -2.11207 -0.02477
1.55927 -0.000662 -0.294964 2.35091
0.499613 -2.74129 4.71878 -0.127886
4.49962 -0.133614 -0.346844 6.63369
1.04082 0.493748 -0.351087 1.72424
-1.95299 -0.674496 0.002409 -2.83686
0.192231 -1.21356 1.25658 -0.096157
1.33596 0.358509 -0.179908 1.08326
-0.151058 1.36276 -1.74354 -0.08205
-0.196745 2.17069 -1.44083 -0.054837
1.18159 0.853726 -0.940526 0.750749
-0.331566 1.34278 -3.98455 0.273109
-0.244557 2.03223 -1.44519 -0.193522
-1.06119 0.172664 -0.136629 -1.10963
1.04483 -0.57392 0.708038 1.13151
-1.05034 -0.760816 0.733943 -1.95489
-0.153027 1.08776 -1.20013 -0.028282
0.775091 -0.879027 0.925498 0.690018
-0.074355 -1.22555 1.44606 -0.142254
0.054942 1.96653 -3.00042 -0.07363
0.005555 5.03674 -5.03674 0.005555
-0.404389 1.16332 -1.89161 0.208802
1.53309 -0.128047 -0.21466 1.85413
0.436213 -2.96182 5.08576 0.116572
-1.80319 2.71583 -3.67597 -0.715458
-0.264953 1.14973 -1.13086 -0.546303
1.78717 -0.652241 1.58217 1.50955
1.21958 -3.79679 6.04814 1.49755
0.028608 -2.07393 2.89928 0.171649
1.32261 0.396233 -1.16122 2.72744
1.32206 0.045708 -0.316419 1.28877
0.241646 2.01257 -1.12037 -0.088381
-0.076211 -1.50789 2.23371 0.048173
-4.88338 -0.018829 0.290392 -3.77474
1.18443 0.728149 -0.874956 1.6907
-0.324285 -1.40911 1.34598 -0.228926
1.29131 0.119411 -0.073459 1.27761
0.210011 -1.37524 1.43853 0.165008
-0.049889 1.23062 -1.70452 0.452814
1.05022 -0.652671 1.13491 2.13142
1.92588 2.18628 -2.68572 1.77382
-0.205413 1.45838 -1.03342 -0.249062
1.38381 0.469155 0.376752 2.44366
-4.12558 0.405397 0.476518 -1.38998
-2.12538 15.6826 -8.15829 1.42374
0.864655 -0.720534 1.43326 2.30422
0.54087 -1.46715 3.78577 -0.262776
-0.998149 0.320851 -0.431087 -1.90848
1.15521 -0.90697 2.17276 0.544259
1.28961 -0.175843 0.038676 1.76762
1.05647 0.362575 -0.374615 0.997328
-0.532328 -1.225 0.938621 -0.665459
1.41404 -0.882817 1.58643 1.35719
-1.4465 -0.603657 0.837206 -1.58523
-1.83059 -0.034982 -0.110896 -1.71402
1.55296 0.212004 -0.3619 1.40777
2.0875 1.0896 -1.82384 3.13993
-1.4663 -0.811959 -0.075035 -1.83995
-1.06239 -0.549469 0.747814 -1.40161
-0.992293 2.12491 -2.38398 -0.109031
0.597144 -1.89833 1.30591 0.335502
0.089633 1.17341 -1.30025 -0.2271
-9.60988 -1.9767 2.81503 -13.2729
0.268529 -1.56198 1.35835 0.075085
0.381853 -4.1255 3.75091 0.107586
0.404806 -1.02367 1.63812 0.485633
-0.187388 1.68439 -1.589 0.098945
1.09484 -0.23491 0.049088 1.79173
-7.8708 -11.8852 11.3037 -8.22614
1.15188 0.001395 0.08035 1.47588
-2.00792 -0.646896 1.37065 -1.95506
1.14624 -0.121212 0.336966 2.0908
1.41407 -0.020385 -0.340104 1.34611
-0.044745 -1.06628 1.06628 -0.044745
-1.04783 -0.987536 1.23231 -1.08267
-0.149758 2.62605 -1.8093 0.01928
-1.20465 0.216823 0.073995 -1.22208
-1.37708 0.063311 -0.170282 -2.34048
0.157031 -1.8712 2.87802 0.93269
-0.246743 8.66553 -8.66553 -0.246743
1.07466 0.662205 -0.246552 1.27892
1.93292 0.356377 1.0159 1.59091
-0.240724 1.27915 -1.02532 -0.368553
-10.6173 -1.56388 5.76097 -28.2874
3.37619 -1.70877 1.62907 3.0187
-0.840204 -1.1027 1.85984 -0.296706
-0.513143 2.38044 -1.80961 -0.458522
-0.475561 2.58852 -1.49082 0.037358
-0.700497 -2.92338 7.97835 -1.12468
1.66005 0.985026 0.386099 3.05411
-2.60903 -1.45987 3.58585 -3.0804
-8.12091 -8.82294 10.3415 -5.76928
0.204613 -3.36965 2.82998 0.691712
-0.274974 2.55327 -1.64699 -0.124071
-0.115654 -3.51858 4.42359 0.047925
2.48883 -0.482455 0.32677 1.53565
1.87958 9.39262 -14.8173 -0.08614
1.48861 0.194084 -0.042195 1.64063
-1.33027 0.379292 -0.08899 -1.35149
-0.238964 -1.06458 5.24138 -0.04699
-0.191904 -1.46974 1.1109 0.012304
3.31741 0.234451 -0.198338 3.94443
0.079702 -1.27448 6.31793 -0.001188
0.317789 -2.08569 2.12092 -0.171364
0.494539 -4.21727 4.12314 0.051034
-1.37782 0.12161 0.598631 -2.5208
-2.09138 0.207578 -0.347883 -2.45862
0.376858 1.43251 -6.05006 0.011446
-0.973505 1.45037 -1.82183 0.04258
-0.41232 -1.81162 2.04541 -0.470552
-0.054521 -4.24792 5.48154 0.20637
0.18426 -2.21413 1.84753 0.180511
1.19765 -0.236647 -0.162351 1.55834
-0.283642 3.24128 -1.67179 0.065043
0.458211 1.16439 -3.01578 0.25735
-0.279598 1.1776 -1.30484 -0.090733
2.08518 -1.45405 2.20477 2.13991
0.56982 4.33358 -3.05728 0.985814
-0.431532 -1.33716 0.971965 -0.571806
-1.16571 -0.000885 0.117686 -1.27466
-0.084237 1.30982 -1.14459 -0.074706
2.10679 -0.958941 0.787695 2.52293
1.14032 0.118247 -0.133138 1.11077
0.457479 1.02868 -2.54903 0.492516
-0.604687 1.34983 -1.29971 -0.356773
1.19453 0.014938 0.296207 2.31329
0.499604 0.993029 -2.02989 0.413799
-0.02431 1.42013 -1.33421 -0.594656
0.21097 -2.04474 2.44581 0.04163
1.23443 0.75569 -0.087257 1.69398
1.64222 -2.41526 1.64452 2.15028
0.750786 -0.894974 0.752376 0.923311
-0.859768 -0.889862 0.891458 -0.705946
-1.926 0.605745 -0.736731 -2.2326
0.417688 1.76614 -1.8916 0.587911
-7.55023 2.31346 -4.96095 -6.77163
-1.17322 0.091448 -0.298784 -1.60074
0.964021 1.10527 -0.613077 1.37761
-1.22467 -0.066689 0.171189 -1.08651
0.359759 1.37234 -1.19306 0.005281
-0.625019 1.84363 -1.82169 -0.352636
-0.055412 -1.12387 1.42017 -0.20451
0.69053 -2.88793 4.39432 0.27656
0.330779 -1.47357 1.10068 0.018063
1.02536 0.4733 -0.390014 1.74247
-1.37659 -1.81055 1.62791 -2.0606
0.483615 4.25901 -4.02075 0.785334
-0.577671 -1.21092 1.92689 -0.396593
1.10116 0.272495 0.055383 1.67087
-1.67823 -1.35303 1.62715 -2.26118
0.305264 -1.10324 1.00406 0.422893
1.35339 0.819633 -0.222428 1.41307
0.113673 -1.11182 1.17091 -0.037362
-3.87367 -0.403238 -0.11754 -4.05274
0.107658 1.32613 -1.35725 0.082925
-2.72042 1.27891 -1.75167 -5.27767
-0.031355 -1.14446 1.06861 -0.078105
0.963052 -0.947941 0.994667 1.06743
-0.153696 1.51587 -1.55658 -0.081327
-1.32518 -0.716719 0.79929 -2.19559
-2.1263 -1.01772 1.11235 -1.47068
0.106522 1.69794 -1.15204 -0.101159
0.132326 2.00387 -2.14051 0.603324
-1.03017 0.890221 -0.648201 -1.60481
-0.126816 -1.69341 2.46737 0.095495
1.28966 0.957766 -0.6531 1.79304
-1.1607 0.416335 -0.132109 -1.82407
-1.06653 -0.786574 0.418101 -1.32608
-1.05122 -0.374577 0.741712 -1.32225
0.09288 1.19563 -1.06638 0.034502
1.05236 -0.107275 0.331506 2.0574
-0.004879 -1.22231 1.06015 0.024009
0.131063 1.19678 -1.22303 -0.128411
-0.269958 3.85042 -4.85313 -0.583327
2.49608 0.045322 0.753576 3.49145
-0.461856 -4.2159 6.38825 -0.11429
1.36031 -0.028503 -0.306379 1.22083
0.503661 1.13073 -2.11294 0.24274
-2.6175 4.55221 -9.95162 -1.92694
2.09062 0.141829 -0.396347 1.72562
1.10333 0.463784 -0.263178 1.70178
-0.430464 2.02055 -1.37346 0.040329
0.049581 -2.01018 1.59631 0.077761
1.67413 -0.462666 -0.287314 1.71129
-0.088707 1.70051 -2.03518 0.465758
-1.1448 -0.35824 0.170299 -1.09782
1.07808 0.034603 0.247104 2.05248
0.393066 -1.23329 2.05596 -0.187093
0.118874 -2.12187 3.60888 -0.745032
-1.13386 0.469993 -0.165599 -2.43036
-2.98058 -0.831568 0.617206 -3.37954
1.06366 0.17316 -0.071512 1.63747
3.27655 0.772277 -0.940651 4.2926
-1.27067 -0.022567 0.33173 -1.91908
-2.56091 -52.2207 66.2829 -7.06432
-1.25458 -0.190537 -0.444031 -1.57145
-1.01354 -0.690319 0.420078 -1.12924
-0.161736 -1.12505 2.03112 0.372503
0.711416 -1.00048 0.825407 1.13005
-1.38789 -0.059715 -0.108498 -1.23727
-12.9873 4.98346 -5.51383 -10.799
-1.4172 -0.135442 0.016376 -1.58743
2.41143 -1.34537 0.556486 1.6959
-0.088931 2.478 -5.67083 -0.135012
1.06248 0.099963 -0.112587 1.61142
-4.52467 0.598378 -0.249995 -5.40996
-0.368961 1.87903 -2.16985 -0.078121
-0.670298 1.0656 -2.05673 -0.122842
-0.042215 -1.23272 1.66581 0.087974
-0.378571 -5.65822 7.62555 -0.312602
0.139517 -1.49375 1.15172 0.09874
-1.35458 -0.304191 0.962043 -5.60535
0.548998 -1.05375 1.9526 0.079474
-0.184417 1.79119 -1.06001 -0.095032
1.18974 0.72237 0.253039 3.24957
-1.01631 0.365453 -1.01368 -2.07719
0.167672 -1.19791 1.21555 0.267126
-1.69145 2.62864 -0.889428 -2.84592
-1.49638 0.118789 -0.303963 -1.42218
-1.29866 -0.213489 0.534159 -1.55807
0.197269 -2.02435 2.12579 0.132013
2.4336 -0.131935 -0.993514 1.3451
-1.64578 -1.89552 4.58858 -1.231
-1.14798 -0.133597 0.111355 -1.10694
-0.125417 -1.07593 1.27632 -0.128245
2.11349 -0.018815 -0.786838 1.16609
-0.551566 -0.904934 1.17451 -0.572772
1.25758 -1.3246 1.41754 1.27215
-0.227995 -1.16897 1.49707 -0.203499
-0.349824 -1.06112 1.27788 -0.256226
1.27348 -0.010232 0.181965 1.31576
1.65526 1.99939 -5.23333 2.23332
-1.43299 -0.000418 -0.785323 -2.53358
-0.425816 -2.34582 1.97316 -0.502632
2.33428 -0.056815 0.230055 2.03309
-0.291765 -1.97718 1.71834 0.051995
-0.296118 1.07039 -1.29913 -0.410942
1.15757 -11.9487 17.0414 -0.053685
-0.459082 -1.07672 1.17662 -0.282275
-0.380339 -0.995892 1.21264 -0.397784
1.22795 0.044141 -0.145754 1.08766
1.10916 0.046427 0.283612 1.66769
-0.109049 1.74563 -1.7167 -0.041948
1.20668 -0.120185 -0.148769 1.18285
1.06681 0.076606 0.236003 1.8959
-0.664323 -6.20036 3.56227 0.798448
-0.359273 -4.65012 2.94216 0.754803
1.22873 -2.02794 2.63918 1.28165
5.10666 -1.43228 2.85198 2.65536
0.339687 1.32592 -1.18593 0.100353
0.119303 -1.54043 1.3625 0.014778
-1.21062 0.141335 0.168555 -1.85629
0.287022 -1.42386 1.03538 0.294337
2.13292 -0.138303 -0.22113 1.59588
1.82058 0.354708 0.183985 1.22126
-1.81643 0.813738 -0.752638 -2.41983
-1.65161 -1.2884 -0.434776 -2.18135
1.21755 0.395179 0.090324 1.84413
0.28325 -1.01847 1.29846 0.397548
1.0363 0.24209 -0.321868 1.50117
0.472217 1.71584 -1.16697 0.596882
1.07108 -0.188395 0.590067 1.53273
0.398546 1.23986 -1.0381 0.270314
1.26052 -0.005192 -0.11595 1.9384
-0.686666 1.45661 -1.37429 -1.33908
1.06081 0.324284 -0.608623 1.44422
1.72964 0.292251 0.264618 1.3922
0.031336 -1.4434 1.09292 0.298082
4.44198 0.797307 -1.87125 7.44645
-1.02029 0.316542 -0.344896 -1.32662
0.407783 1.45516 -1.26224 0.197209
-2.13062 -0.487983 0.280928 -2.54996
0.345708 3.74527 -4.87977 0.471125
0.798935 -2.75761 6.56784 -0.083837
-0.14629 -1.35771 2.33893 0.206819
0.480968 -1.32017 4.73037 -0.303377
1.12398 1.73158 -1.98256 0.303236
-1.7157 -7.38272 13.1662 -4.16495
-0.247581 1.34195 -1.43316 0.107736
0.213855 -2.48697 1.96665 0.258159
-0.082681 -4.78508 7.97577 -0.326448
0.987224 -0.523545 0.391021 1.36701
0.346169 -1.64504 2.96184 -0.288266
0.279448 -2.05436 1.81952 -0.189146
0.492336 -3.0575 2.01271 0.021469
1.08238 -0.167169 0.259812 1.35839
-0.846791 -2.5193 5.59156 -0.524147
-1.42343 0.16312 0.278399 -1.82605
-0.339181 2.14285 -1.47406 -0.118864
-1.05316 -0.310959 0.377746 -1.48936
0.062419 1.06568 -1.40086 0.088128
0.187951 -1.52781 1.05102 0.217589
-1.34969 0.204083 0.259755 -1.57303
-0.028208 2.06694 -3.64334 -0.050751
-0.525118 2.56009 -1.85946 0.014088
1.15894 0.036318 -0.172757 1.09922
2.26006 -0.03559 0.833148 2.46431
-1.08233 -0.184101 0.149264 -1.15488
-0.735738 1.60623 -1.22016 -0.681428
0.490614 -4.01243 3.34284 1.0251
2.37969 -1.59992 1.74987 1.60823
-1.52 -0.172193 -0.105768 -2.02397
2.07323 -14.0627 16.6473 -1.47887
1.0653 0.131944 -0.201747 1.87731
-0.415149 -1.34353 0.968399 -0.619531
1.31248 0.491158 -0.554935 2.69944
-0.674571 -2.34442 8.47358 -1.17538
3.52903 3.61124 -4.12471 3.7211
0.994643 1.56662 -1.16877 1.31541
-18.0166 3.29164 0.287247 -18.0375
-1.19862 -0.066394 0.040119 -1.13136
1.01966 0.465804 -0.378386 1.03291
3.89772 -0.596115 -0.711242 6.82773
-3.04752 -0.165312 -0.366438 -4.01571
2.37349 0.083271 -0.398829 2.79539
-0.236421 -1.14167 4.34477 -0.474133
2.87776 -0.057147 0.439961 2.39831
0.010677 -1.60885 1.04189 0.097728
-1.03556 -1.07176 1.89264 -0.639158
1.22898 -0.26819 0.315371 1.96857
-1.06725 -1.30235 0.534283 -1.34527
0.325651 1.90618 -1.7345 0.473105
2.58425 -0.838528 0.685459 2.37145
1.04524 0.359592 -0.287977 1.64801
0.025738 -5.58741 10.7636 -2.57542
-0.98976 -0.562573 0.493604 -1.16331
1.06716 -0.309619 0.309619 1.06716
-1.41063 0.664889 -0.132045 -2.29809
-0.107327 -1.05949 1.05949 -0.107327
2.02352 -10.6823 22.4707 -0.414022
-1.25598 -0.287113 0.373832 -1.80504
0.362444 -1.56929 1.82543 -0.086726
-0.543771 -1.38644 1.80427 -0.421516
0.017985 -1.28869 1.63653 0.067474
1.98451 -1.60594 0.975597 4.30978
0.601587 1.32883 -1.24697 0.521734
1.25095 -0.057448 0.185526 2.07306
0.037364 -1.1136 1.18402 0.03922
-2.90116 -0.695165 0.789342 -2.96431
-3.28655 3.98949 -6.40527 -2.32093
1.44953 0.032715 -0.26423 2.68851
0.717211 -0.987742 3.98663 0.433074
1.3815 1.74885 -3.51826 1.04433
-0.558684 1.05526 -1.02622 -0.450915
-0.501059 -1.06626 3.01197 -0.14335
0.445567 1.16764 -1.44002 0.383648
1.13192 1.08437 -4.29964 0.258678
-1.55036 0.933023 -0.822253 -1.94373
-0.24726 1.0897 -1.1953 -0.111337
0.515123 -1.82494 6.04058 -0.437252
-0.76074 -0.989286 1.60557 -0.381983
0.354145 -1.42555 1.39857 1.17264
0.046416 2.83101 -2.81727 0.753716
-0.297503 -1.61022 1.4451 -0.877455
-1.53765 -0.150915 0.041148 -1.96062
0.124451 -1.34179 1.36637 0.091511
-1.01485 -0.667794 0.591 -1.46042
1.49821 -2.39642 1.60061 0.00797
-1.42247 -0.384873 1.21106 -3.00339
-1.61047 0.232519 -0.290716 -1.36283
0.208294 -1.00921 1.00921 0.208294
-0.237047 2.12266 -2.2556 -0.042479
0.378241 -1.00243 1.21548 0.496438
-0.12912 -1.73079 1.81743 0.039383
-1.14526 -0.233929 0.2507 -1.10765
-0.590502 -3.98014 13.9803 0.471002
-0.244008 -1.41279 1.93077 -0.021695
1.91348 -2.26029 1.70978 1.51243
0.370585 -5.43579 24.3621 0.391931
-1.06232 0.081952 -0.307898 -2.05114
1.4959 -0.558508 0.963213 1.82133
-0.201284 1.6282 -1.88601 0.24222
0.329747 -1.3669 1.6939 -0.215369
0.248687 -2.33156 1.97453 0.185615
-0.262455 -1.09792 1.11177 -0.201281
-0.436678 3.68796 -4.05919 -0.149646
-0.270671 -3.44866 2.7812 -1.24757
-0.423249 1.21562 -1.16397 -0.39087
1.15922 -0.690563 0.802567 1.69184
1.62938 -0.233959 -0.491025 1.65647
-0.95932 -0.817798 1.4917 -1.20952
-1.32107 0.250623 0.22157 -2.20647
-1.50566 2.30083 -0.692525 -2.6294
8.00313 14.3011 -17.6486 6.073
-2.19077 1.05909 0.05908 -3.31878
0.546329 -1.22141 0.901561 0.947721
1.1855 -0.47831 0.090958 1.72421
1.01766 0.443808 -0.324217 1.31868
-1.2702 -0.326997 0.141427 -1.0917
1.1517 0.178239 0.383462 1.95478
-1.31387 0.589302 -0.796161 -1.17291
0.721878 -2.31675 3.45874 0.767252
1.5783 0.068673 0.600612 2.00943
0.242707 -1.42112 1.47733 -0.115901
8.2087 -1.73047 0.651979 11.0072
-0.078647 -1.92835 2.09731 -0.212013
1.20356 -1.83943 1.64091 -0.249656
-0.108152 1.3553 -1.53034 -0.097054
1.22328 1.33208 -0.85564 1.78866
-0.836014 -1.55047 2.1478 -0.569899
0.125169 -2.04476 4.36656 0.118931
2.48323 -0.295745 0.571638 3.16637
1.03652 -0.304695 0.401785 1.66114
-0.101849 1.14778 -1.29655 -0.066932
-1.0863 0.228165 -0.346605 -1.99457
-0.413294 3.09176 -1.70408 -0.221839
4.76337 12.7846 -17.1916 2.1681
0.058892 -1.16618 1.09098 0.087585
3.89134 -1.34055 0.623011 3.95145
0.002436 2.09931 -1.47333 -0.017161
0.099119 -1.11897 1.376 0.056566
1.52681 -0.029042 0.247425 3.81476
1.09585 -0.010892 -0.060435 1.11828
-0.265542 -2.49843 1.83351 -1.07693
0.373905 -1.05862 1.56362 0.792614
1.12612 1.14915 -0.681709 1.20213
-0.094339 1.67147 -6.44995 0.171917
0.214004 -1.26855 1.69177 -0.33205
1.1822 0.064618 -0.510562 1.36162
-2.34601 19.3956 -17.4986 1.83635
0.138275 -1.66819 1.28293 -0.374794
-0.038227 -1.05452 3.99591 -0.152609
-3.09851 -4.76842 5.66332 -3.78096
0.067498 -1.7492 1.76883 -0.031278
-0.270646 1.7329 -1.35608 -0.103801
-0.450924 1.05696 -1.08151 -0.304021
1.73971 3.28589 -3.95735 2.2365
1.17265 -0.26219 0.009002 1.19343
2.00151 -1.20797 0.987191 2.18237
-0.792659 -1.02087 1.09034 -1.11949
0.75703 0.800925 -1.67313 0.968996
-1.03694 0.41399 -0.48322 -1.7786
-0.484024 1.1695 -1.52486 -0.647642
-0.55226 -2.92766 1.64717 -0.582594
0.263641 1.27754 -2.30705 -0.641629
1.98968 16.4502 -18.2418 2.82124
-0.368144 -1.7517 1.32639 -0.540694
-3.73811 -2.30956 2.71455 -3.46458
-4.08243 0.341555 0.313088 -2.78765
-0.320148 -1.43589 4.38362 -1.20424
1.11844 0.355185 -0.821204 1.3772
2.96399 1.55429 0.080791 4.99427
0.380944 -2.09651 2.96909 0.151831
0.082327 -1.20403 1.14327 0.029218
0.318884 -2.80147 3.0051 0.188104
5.56086 -0.74611 4.28754 4.33685
-1.06409 -0.172106 0.268527 -1.45346
2.97265 0.148306 -0.554331 2.71787
0.939026 0.814154 -0.604207 1.69111
-0.556234 -5.13228 4.92342 -0.832816
1.14681 -0.276193 0.029675 1.54595
1.34735 0.043301 0.039023 2.29402
0.097338 -1.17041 1.23147 0.009941
-9.98091 -5.53687 6.09294 -8.26279
0.220041 -1.33529 1.42949 0.13702
-2.45492 2.59396 -6.30173 -0.602113
-0.934538 -1.66646 1.86782 0.429564
-1.29865 0.055899 -0.383909 -1.24034
0.287948 -1.31262 1.27628 0.718957
0.34471 -2.67459 1.68234 0.084912
-0.946421 -0.534173 0.779831 -0.994205
-1.48461 -0.898129 0.939484 -1.76644
0.477196 -0.965851 0.965851 0.477196
-0.987177 0.894569 -0.967413 -1.16977
1.78055 3.88768 -4.61895 2.56736
2.22738 -0.200626 0.037592 2.1301
-0.18768 1.26906 -1.90628 -0.097475
-0.591269 -2.14875 4.01352 -0.163694
0.17055 -1.16713 1.82445 -0.184048
0.336178 -1.25728 1.47029 -0.149695
-0.204675 1.17559 -1.29152 -0.087829
0.016836 1.51204 -2.49199 0.126507
-0.224183 1.10246 -1.32478 -0.676989
0.343973 1.4525 -1.71459 -0.677817
0.735436 -1.10644 1.18049 0.689916
-0.333785 -1.06484 1.43203 -0.23371
-0.02355 -1.09218 3.14957 -0.284862
-1.08213 0.194683 -0.06681 -1.67552
-0.149604 1.69862 -7.14202 0.106113
-0.28563 1.60015 -1.53087 -0.050716
0.328889 -1.51813 1.13791 0.01132
-0.222232 -1.12958 1.74363 -0.428286
1.37911 -0.419053 0.365965 1.02084
-11.6954 3.36581 -0.111184 -13.7086
-0.152856 1.26945 -1.5931 -0.120767
-1.39558 1.48264 -0.573378 -1.45749
0.190568 1.59616 -1.07416 0.032697
1.12945 -4.03333 8.97289 -0.941102
1.21658 -2.95824 2.53146 2.27748
-7.90853 -6.30102 8.88809 -3.82812
-1.12128 0.144663 -0.286404 -1.56229
0.227531 -1.47256 1.12267 -0.07111
1.0624 -0.35594 0.430697 1.94634
1.57239 -0.849192 1.79783 2.83961
1.53791 -0.268766 0.155854 1.50862
-0.147871 2.12296 -1.87387 -0.069662
1.55276 -0.622151 -0.292849 1.57534
-1.28692 0.008241 0.203554 -1.11692
0.73475 0.814573 -1.25301 1.04841
-0.449284 -1.99967 1.63865 -0.189578
-0.474166 -0.958611 1.08887 -0.523736
1.43826 0.113515 0.520253 1.54499
1.26361 -0.371491 0.199015 1.67963
1.00912 1.55696 -1.49513 0.021733
1.10841 -1.61563 1.36057 1.42771
-5.63402 -7.54549 9.19804 -6.16517
-1.65016 -0.42769 1.06644 -1.83277
1.09968 -1.22442 1.04089 2.01068
1.09214 0.010756 -0.027178 3.75706
-0.500701 2.63478 -2.28328 0.039137
0.20025 -1.0731 1.62778 0.213158
0.051992 -1.25644 1.6502 0.127842
-2.49218 -0.027409 -0.766372 -3.49163
-0.031914 -1.38071 1.70069 0.052106
1.37263 -0.525783 0.421911 1.61972
0.071185 1.78412 -1.24593 0.199908
1.50245 0.114996 -0.187365 1.39314
0.079544 -1.13238 1.24612 0.120531
1.00188 -0.616421 0.323686 1.3286
0.743884 2.88493 -5.59323 0.821196
-7.77927 -6.9878 9.50438 -8.2184
-0.11255 1.03779 -1.44196 -0.043201
1.1277 0.045282 0.030874 1.40452
0.214131 -2.08274 2.32957 -0.317692
-0.13164 -1.32784 1.22682 -0.445784
-0.073016 3.72347 -16.0113 -0.360191
0.078647 -1.06337 1.13579 0.047469
0.2365 -1.57014 1.172 -0.101952
-1.18037 -1.23677 1.83031 -2.75841
0.42876 -2.38398 1.98071 0.011872
0.746337 1.16724 -0.822133 0.910134
-2.27222 2.49951 -1.3888 -3.1192
-1.3982 1.59162 -1.05567 -1.57948
-0.241509 -2.12787 1.54839 -0.857146
-7.18056 2.50827 -6.30582 -7.15631
-1.09374 -0.094872 -0.153336 -1.69681
1.09452 1.20499 -1.96172 0.086908
2.50827 -0.008232 -0.514818 2.13835
-1.09315 0.160002 0.006305 -1.80666
0.58955 -1.22281 5.49603 -0.358134
0.330633 -2.53604 2.43024 0.07581
0.91553 0.701181 -0.78684 0.870148
0.073658 -2.32594 1.75286 0.089987
1.71574 -1.13073 1.1724 2.35244
0.382565 -2.03826 2.23725 -0.046892
-0.205507 1.12024 -1.17584 -0.169518
0.365967 0.993136 -0.993136 0.365967
0.694861 -0.903844 1.01083 0.555873
1.63277 1.01249 -1.30361 1.56747
-0.593061 -0.877818 1.05943 -0.661056
0.038321 -1.38069 1.24394 -0.171907
-1.8104 0.298732 -0.175801 -1.22136
4.41348 -0.073593 0.465142 4.2638
2.25345 -0.034753 0.458888 2.00724
1.31001 -0.035808 0.258805 1.97267
1.3666 0.32853 0.759442 1.89274
-1.13195 0.050725 0.190919 -2.08791
-1.46143 -1.95358 1.95685 -0.994349
1.57728 -0.420477 1.59953 1.13259
-0.349542 2.80536 -3.02083 -0.134574
-0.603066 -0.983209 1.32824 -1.57
1.29044 -0.167503 -0.269669 1.43798
-0.311839 2.06332 -1.21084 -0.298738
1.25507 0.105852 -0.386576 1.91629
-2.05581 0.542518 -0.157171 -2.83754
0.107533 -1.15747 1.87215 0.084483
-0.113017 1.24738 -1.25885 -0.096381
-0.615925 0.904488 -2.14849 -1.5709
0.539198 -1.1738 2.06677 0.31164
0.53901 2.10216 -1.59896 0.732836
-0.31509 -1.62152 5.52416 -0.679994
1.39457 -0.359804 -0.006587 2.14502
1.25996 -0.824529 0.556662 1.75443
-1.04484 -0.13662 0.13662 -1.04484
0.147849 1.76607 -1.08313 0.413072
0.215521 -1.96878 1.59021 0.544499
0.332728 1.43975 -1.49935 0.240697
-0.445235 3.31708 -1.98255 -0.173575
0.147434 -1.11351 1.84149 -0.123091
-0.913355 -0.659773 0.537619 -1.32904
-0.94094 -0.938326 0.894426 -2.1214
0.639211 -1.31809 1.64288 -0.103396
0.717468 -0.921249 0.815804 1.05485
-0.325792 -1.1393 1.37319 -0.105798
-0.27608 2.03663 -1.36776 -0.144627
1.74347 0.192117 -0.273614 1.95459
1.46883 2.49369 -2.14209 1.09737
1.08157 -0.537316 0.535382 1.85431
1.49954 0.782461 -3.54211 0.986919
1.33431 0.003491 -0.101244 1.32665
1.60181 3.27248 -7.48708 1.10394
2.82927 3.4952 -3.99121 3.44547
0.255453 -2.08288 1.33049 -0.030036
-0.017092 -1.51037 1.51037 -0.017092
2.2957 0.380549 0.212704 1.40755
0.141692 -1.17321 2.28475 -0.657374
0.825866 -1.96084 2.17032 1.09406
-1.28948 -0.468495 -0.149306 -1.42918
1.4134 -0.20726 0.07292 1.11596
0.518537 -4.69658 5.72683 0.147984
-0.692629 0.850751 -0.873932 -0.81385
0.236285 -1.24288 1.33281 0.232558
-1.32704 0.170464 -0.59762 -1.50784
-0.288103 1.31031 -1.72913 -1.08551
0.243085 -2.31261 2.1465 -0.143449
-0.73739 -2.70794 1.95649 0.121165
-0.81965 -4.98839 8.61744 -1.85036
-1.74095 1.99037 -1.63044 -1.39922
0.038802 -1.05892 1.3118 0.008447
5.65497 -2.33303 2.62587 3.68109
0.861877 -2.10052 1.2877 0.845322
-0.441237 -1.9914 1.48536 -1.07755
1.29736 -0.417124 0.094729 1.85678
-0.640458 1.2991 -1.50113 -0.433202
-0.276032 2.49672 -2.41398 -0.030984
-1.27597 0.00138 -0.070009 -1.43402
0.915416 0.616912 -0.745629 1.43661
-0.098185 -1.64264 1.88506 0.122932
1.15321 -0.299441 0.497104 1.18191
1.21756 0.018575 -0.121765 1.12917
-0.161432 1.13376 -1.1451 -0.142833
1.33656 -0.4099 -0.245961 1.8616
0.469675 1.0371 -2.08679 0.2615
-0.576726 -3.63851 7.6201 -0.256355
-1.40123 -0.101901 0.085805 -1.35105
-3.36671 6.01446 -6.26058 -3.40257
-0.542632 -1.98579 8.82223 -1.31721
-2.24561 -0.399561 -0.295554 -4.36903
-0.257466 -1.29029 1.19559 -0.725323
0.485002 -1.07732 1.18599 0.945212
0.274636 1.29514 -2.32116 -0.637174
0.14648 -1.1311 4.80903 -0.32226
-0.002484 1.05832 -1.4333 0.046129
2.61339 -1.41263 2.0947 2.11985
0.443273 -4.83259 2.28462 0.122139
10.0383 -2.20282 1.38164 12.6598
2.13388 3.26626 -6.99065 -0.000392
0.111586 -11.4439 10.1831 0.624145
-1.0727 0.468111 -0.675319 -1.09402
-0.434964 -1.85469 2.69381 -0.231357
-46.9472 -1.44289 9.24676 -32.3762
-0.537963 1.95457 -1.96422 -0.115976
0.482473 -1.12204 4.58182 0.01081
2.07932 -2.02872 1.75142 2.18673
-1.20111 -0.082871 0.054088 -1.19785
-0.025592 1.89216 -1.53608 -0.578426
-0.349589 2.18631 -1.84839 -0.051946
2.32403 -0.549731 -0.121914 4.80278
-0.369926 1.38496 -2.26744 0.308971
0.160066 1.50025 -2.38604 0.306388
0.072599 -2.11733 2.38373 -0.189728
0.307224 -4.71993 3.89246 0.033127
2.90142 0.116611 -0.347081 2.62448
-0.788272 1.86109 -1.283 -0.958728
-0.252252 -1.88682 3.39515 -0.076912
1.12358 -0.119648 -0.177037 1.39808
-1.17328 0.184029 0.260259 -1.95634
-0.931924 -0.63705 0.511144 -1.11698
-0.384238 -1.79779 1.57386 -0.410642
-1.50949 0.274611 0.306449 -2.45004
-2.15051 0.434382 -0.280779 -3.69896
1.30372 0.210942 0.217186 2.41121
-0.315961 1.2093 -1.04742 -0.16213
-1.4217 0.388687 -0.069561 -1.89669
0.146974 -1.33751 1.39358 0.078562
-0.328152 2.41215 -2.21798 0.138354
-0.012898 1.21431 -1.24521 0.261915
-1.01427 -0.537963 0.409162 -1.09999
0.265261 1.48572 -2.30611 -0.50753
0.494425 1.25778 -2.76659 0.39032
-0.178431 1.48561 -1.2274 0.208361
-1.12127 0.299608 -0.138435 -1.80384
1.38411 -0.328757 -0.253358 1.40276
0.366261 -4.63283 5.64419 0.142206
0.583708 -3.22076 2.03797 0.039741
0.171495 -1.41437 2.44861 0.041119
-0.826344 1.21415 -1.80091 -0.043582
0.075691 -1.15767 1.44794 -0.041504
-0.252477 1.62779 -1.66017 0.009625
0.288108 -1.63764 1.9009 0.878266
-1.40875 -0.467903 0.057667 -1.76643
-0.414131 1.62498 -1.34518 -0.469093
-0.028441 -3.45311 10.2374 0.348894
-1.19824 -0.284392 0.293622 -1.61749
1.94804 -1.39184 1.71789 2.34212
-0.565258 12.2434 -9.67854 -0.345417
-0.471337 2.0948 -1.94137 -0.096129
1.01482 2.54724 -3.97994 0.674683
-0.046133 -3.67925 2.15868 1.14933
2.93701 -2.95016 4.91434 1.58775
-0.630373 1.21493 -1.04719 -0.576337
1.46838 0.384273 -0.14079 2.82462
-0.15943 1.13111 -1.24948 0.068339
-0.068089 1.2441 -1.50153 -0.240904
1.02716 -0.33283 0.505385 1.12137
-0.176185 1.24485 -1.07428 -0.130197
-0.945665 -0.57945 0.597749 -1.75382
0.251067 1.71421 -1.23669 -0.096687
0.136075 -2.22004 2.05818 0.223983
2.35493 -0.277048 -0.20854 1.9739
-1.28676 0.645097 -0.362338 -1.35938
1.07126 0.108326 -0.108326 1.07126
-0.024989 1.29675 -1.18984 -0.372348
0.417388 -1.29152 0.985428 0.439035
-0.42249 -1.64465 1.48928 -0.865628
-0.246345 1.05439 -1.16739 -0.193652
2.90844 3.78021 -9.68436 0.214837
-4.93508 -0.842661 1.288 -3.98698
-0.325758 2.3262 -1.87136 -0.064016
44.9469 -7.21648 15.6884 57.632
1.0607 0.185734 -0.192691 1.72735
1.19892 0.21759 0.175033 2.11981
-0.233751 1.05848 -1.18948 -0.092649
-10.6356 -1.65597 5.42976 -26.7715
-1.43437 -0.438707 0.34337 -1.42713
-1.29533 0.282147 -0.078211 -1.77682
1.44502 0.365607 -1.22122 1.23229
3.0242 0.899564 1.16692 5.8737
1.91214 5.95998 -7.66719 2.24274
-1.08449 -0.059972 0.087233 -1.12799
0.585527 0.887335 -1.22844 0.832649
-0.897626 0.716266 -0.919413 -0.795588
0.713445 1.11904 -1.89089 0.31325
-0.434277 -1.30698 2.02329 -0.154967
1.35706 0.29545 -0.703535 1.29406
-0.548051 -1.52436 1.43306 -0.384258
-0.217633 -1.23307 3.06533 -0.386204
0.556851 -1.53631 1.32555 0.825392
-3.26301 1.5374 -2.0556 -5.46711
-1.12231 1.04607 -0.725432 -1.79463
-0.132261 -1.27799 1.06607 0.00574
0.01618 1.45802 -1.0598 0.045155
0.649955 3.4598 -13.8229 -0.525063
-0.344175 1.11796 -3.13079 0.155454
1.08046 -1.78508 1.8117 1.47707
0.698084 -0.841206 1.06296 0.622265
-1.83867 0.904321 -1.13445 -3.37834
-1.41919 16.2837 -13.9247 0.702964
1.68386 0.945073 -1.56264 2.24394
-0.027288 -1.46752 1.46752 -0.027288
1.61775 -0.589505 0.163441 2.55708
0.082841 1.07801 -1.23741 -0.021448
-0.716297 1.25819 -0.867838 -0.688359
-1.62284 0.636359 -0.400769 -1.77425
-0.055152 -1.1176 1.11209 -0.042866
-1.35046 1.1341 -0.462251 -1.99945
-4.36271 -5.73309 13.7681 -0.508674
-0.20327 1.28667 -1.33119 -0.158461
0.321624 1.11183 -1.13596 0.165792
-1.06943 0.209272 -0.431041 -2.08437
-2.82251 2.08153 -4.18818 -0.931558
-2.35354 0.277224 -0.295961 -2.33467
-1.01082 0.259872 -0.381229 -1.7839
-2.48388 -3.01631 5.53556 -1.04218
-0.26693 -1.0642 1.33441 -0.590047
1.75444 0.948883 -1.51022 2.28399
0.134984 3.52102 -1.48658 -0.119797
-0.385441 -1.09114 1.50252 -0.339163
0.364009 1.76987 -1.81446 0.168327
-0.594971 0.929394 -1.46732 -0.751193
-1.09583 -0.116374 -0.281064 -2.12107
-0.028254 1.15151 -1.48623 0.004256
1.28305 -0.317879 -0.033506 1.243
1.2056 0.368059 -0.589812 1.07369
-1.19176 -0.814073 0.86604 -2.37895
-1.11831 -0.01746 0.149695 -2.02009
2.08851 0.165048 0.087794 3.71177
-1.06485 -0.669179 0.316677 -1.22143
-1.75723 -0.734452 1.47834 -1.30631
0.210601 -1.39197 1.39126 -0.371812
0.543132 -3.43906 6.92317 0.256593
2.79719 0.201031 -2.26606 3.48533
-0.091311 1.17499 -1.46205 -0.059526
-0.443381 -1.06377 0.993124 -0.390216
1.11842 0.081121 -0.129938 1.14237
0.071419 1.29167 -1.1974 -0.263307
-0.038971 1.09474 -1.1699 0.096399
-0.149895 1.18492 -1.242 -0.243515
1.42221 -1.42859 0.536867 2.25971
0.873055 -4.71393 6.76895 0.413778
-0.94779 0.494968 -0.654923 -1.09991
-0.624439 1.27753 -1.50596 0.042037
0.352968 1.76781 -1.37473 0.044748
1.37408 -0.326491 -0.524472 1.57428
1.27305 0.088035 -0.48437 1.36777
0.389219 -1.23785 1.40742 0.327218
0.47559 -5.11341 2.39384 0.133879
0.213294 -2.42545 5.85163 0.098128
-1.20467 0.133504 -0.233332 -1.22005
-1.14106 0.137524 0.096345 -1.25549
1.22766 1.36339 -1.10576 1.74486
1.04928 0.379116 -0.554128 1.6082
-0.968718 1.45547 -0.906761 -1.10034
0.171701 -1.73748 1.37169 -0.151675
1.12319 0.03595 -0.184427 1.15223
-0.338641 -1.19796 1.10116 -0.140262
-1.06238 -0.376759 0.383092 -1.03172
0.209193 2.12515 -1.19343 -0.156978
0.724435 -3.79887 18.2221 0.649551
-2.42756 -1.53107 2.32902 -2.5817
0.89151 -0.632371 0.950738 1.01419
0.402793 -1.28041 1.05376 0.579038
0.252108 -1.3815 2.89505 -0.833981
-1.16692 0.463484 -0.318533 -1.43517
-1.00235 -0.559252 0.572027 -0.878696
-0.339489 1.1715 -1.23991 -0.088823
-0.208835 1.39628 -1.37454 -0.230005
-0.244619 -1.70077 4.52056 0.540007
-0.196039 -1.78846 1.50734 -0.38686
1.26623 -0.340389 -0.313268 1.59749
1.41444 0.077715 -0.203877 1.16181
0.349013 -1.44704 1.50174 -0.08653
-1.1552 0.554251 -0.179962 -1.92361
1.08911 -0.062354 -0.164235 1.3429
1.64725 -0.016834 0.22992 3.45323
-0.323707 -2.8795 5.19949 0.104456
-1.08897 3.12753 -4.45273 -0.239651
-0.083974 1.12032 -1.6653 -0.447093
-0.01771 -1.10328 1.10328 -0.01771
-1.21684 -0.198915 0.269625 -1.3557
9.01583 0.397732 -0.305027 6.72062
1.37434 0.523528 -1.04298 1.3572
-1.01637 0.306683 -0.477536 -1.77422
0.140828 -1.50798 1.14868 0.433194
-1.35708 -0.387235 0.27414 -1.37407
-0.135923 1.04795 -1.2131 -0.174016
-1.03714 -0.242134 0.148604 -1.42873
-1.04772 7.58533 -4.62823 -0.583907
0.184533 1.88934 -1.1305 -0.129113
-0.343838 1.40264 -1.27178 -0.48705
3.29455 2.93164 -2.50246 5.59285
0.457956 1.53225 -1.1289 0.790158
1.21317 -0.171689 0.432962 1.37557
-0.674015 -2.78478 3.83416 -0.384022
0.295072 -1.97643 1.43143 0.243104
-3.4791 17.0478 -14.9503 -2.43935
-1.06775 0.138067 -0.313574 -1.38184
1.60723 0.222551 -0.395416 2.40026
0.664407 1.41147 -0.960854 1.22813
0.066474 7.3842 -7.95776 0.252162
1.09101 0.010615 -0.159672 1.26873
0.200618 2.0688 -1.31172 -0.154455
-1.75666 -0.299539 0.018683 -2.11069
0.267884 -1.0588 2.44711 0.295028
-0.463358 -1.14211 1.06648 -0.787498
0.206885 1.98657 -1.6953 -1.57219
2.28281 -0.672878 0.258655 1.24933
0.028905 2.44557 -2.2597 1.85693
-0.142481 2.69465 -1.98098 0.049132
0.045566 -2.35344 1.46972 -0.018332
-1.1796 1.13859 -0.835651 -1.68401
-4.9918 0.727547 -2.89075 -1.83114
-1.36217 -0.130503 0.164144 -1.33856
-0.779031 -1.41837 1.11086 -0.820243
-1.36622 0.493744 0.23485 -2.06229
2.87234 -0.379327 1.7975 3.58002
0.778963 -0.781047 1.23166 2.06107
-1.36262 -0.680965 3.3782 -1.90755
0.991018 0.531029 -0.415356 1.62251
1.00685 0.584407 -0.47402 1.34771
0.4126 1.27941 -1.03057 0.82524
-0.141588 -1.13946 1.29513 -0.098071
-0.671025 2.51502 -3.76137 -0.541912
2.255 0.141548 -0.604764 2.13752
0.362361 -1.48677 3.2771 -0.20622
2.6451 -0.609478 0.618365 3.45727
-0.153931 1.19495 -1.16081 -0.243297
-1.00802 0.380464 -0.413892 -1.46056
0.370779 -1.18559 2.43729 0.199141
-0.291878 1.81014 -1.14009 0.074436
-0.983646 -1.167 1.03545 -1.90365
-0.479468 -1.88417 4.92157 -0.701958
0.155432 3.95995 -11.2896 -0.352117
-4.48363 3.75686 -3.89234 -2.30091
0.69104 -3.39984 4.57121 -0.285397
-0.20542 -1.08028 1.64114 -0.016321
0.364449 -1.3781 3.49648 -0.241177
-1.11574 -0.011507 -0.171705 -1.66036
0.445191 -2.14933 1.64163 0.007832
-0.99514 0.75938 -0.46156 -1.13964
0.569824 -0.875886 0.981691 0.656791
-1.13993 -0.335639 0.739892 -1.87641
-5.32658 -8.24052 10.9657 -6.29305
-0.65428 -2.91872 1.74639 0.069344
-0.960882 -2.04153 6.53641 -0.603597
0.416561 1.37457 -2.00034 0.369372
-1.49903 -2.12891 5.46347 -1.75744
0.142437 -2.68269 1.81332 -0.416902
3.55715 -0.273288 0.425142 3.51984
1.23036 -0.4492 -0.246357 1.68812
1.06493 -0.271588 0.241144 1.72658
0.441382 -3.92006 4.09206 -0.067671
1.17339 -1.911 7.96477 0.08575
1.11615 -0.184666 -0.090816 1.45758
0.050826 -1.31849 1.34542 -0.102272
0.05677 -1.38038 1.55367 0.213127
-0.472067 -1.25062 1.38038 -0.11305
0.702176 0.915965 -0.949917 1.16673
0.020359 2.35962 -1.96875 -0.160036
-3.41648 -1.29781 0.663766 -3.8437
-1.66091 0.121002 -0.26574 -2.28493
0.194722 -1.12735 1.24188 -0.010485
0.144708 -1.58991 2.13947 -0.195289
-1.2562 0.320699 -0.036769 -1.54077
-4.34258 3.02372 -5.16327 -3.70152
0.728006 2.5342 -4.02598 0.529221
2.49524 -2.06641 1.08952 2.90674
-1.03123 -0.270479 0.375224 -1.65704
0.028112 -1.32809 2.41074 -0.087799
-4.24473 -1.6292 3.71751 -2.51851
0.246199 1.07908 -1.51453 0.17673
3.57297 0.188528 -0.590162 3.67899
-0.775943 -0.914344 0.793957 -1.3847
2.2904 0.16928 0.642639 2.71051
-0.130686 -6.73396 8.60498 -0.289282
-0.471272 -1.05611 2.90249 -0.474223
0.013143 1.90533 -4.44942 0.398561
0.383269 -1.82678 2.2369 0.06278
-0.169847 1.0615 -1.38993 -0.065623
-0.360729 -1.10455 1.6388 -0.333575
1.04878 1.86792 -1.37743 1.48713
1.63273 -11.1708 9.56473 1.09212
-0.193551 -1.05812 3.41892 -0.655241
-1.34252 0.053759 0.213582 -1.28846
-0.625426 1.05092 -1.01198 -0.544201
0.994032 0.712448 -2.07374 1.15755
1.3744 0.357733 -0.100797 3.09225
10.0942 -1.72528 -0.573725 20.9488
-1.45782 0.020716 0.340846 -1.42569
0.550537 -1.97664 2.13275 1.02534
-0.245275 1.55046 -1.40152 -0.251178
0.52236 1.1735 -1.66803 1.30809
1.18152 -0.023669 -0.233223 1.30394
0.312411 -1.39628 1.10213 0.653899
-0.331663 -1.42328 6.14036 -0.978739
0.907944 -0.982046 0.645091 1.24492
6.23357 0.925489 -1.02648 8.17166
0.387351 -1.35631 1.1605 0.430099
0.148825 -1.81514 1.44313 0.044216
-0.601217 1.59501 -1.05524 -0.42342
1.08842 -0.566519 1.08591 0.933644
-0.274248 1.52425 -1.52127 -0.157637
0.325389 -2.04403 1.73353 -0.024797
-0.770549 -1.4393 0.896101 -1.02765
-4.83375 3.43656 -6.0386 -4.342
2.89002 0.067205 -0.067318 4.27006
-0.558321 1.04213 -1.06472 -0.387888
1.10922 -1.03672 0.829253 2.02769
0.508529 1.9826 -1.4876 1.17322
-0.080263 -1.52587 1.46561 -0.184461
3.2934 0.704839 -1.68937 3.31892
-0.631042 3.04861 -1.97362 -0.233934
-0.649687 3.50307 -4.15554 -0.38434
-0.057422 2.03611 -4.16599 -0.021768
1.04226 0.327995 -0.402659 1.60745
-2.45768 0.830145 -0.580862 -4.38575
-0.852024 0.94724 -0.889833 -1.46044
-2.20169 -0.593465 1.05986 -0.951058
0.435579 1.45185 -1.09566 0.61458
0.380256 -2.60825 1.58089 0.288484
-0.181907 1.40461 -1.32758 -0.15874
1.12383 -0.818705 0.388695 1.44872
0.500524 -1.45186 1.02787 0.827143
1.21431 -0.608294 0.140248 1.9764
0.960272 0.502762 -0.655128 1.30763
-0.294769 1.47504 -1.85659 0.003799
-0.178238 2.91961 -1.48474 -0.144411
1.14289 -10.3103 12.1372 -1.0983
0.364332 1.85466 -2.92954 0.523827
-1.32167 -0.32805 0.900443 -1.27627
-2.57289 -77.3639 47.2976 -1.47036
-1.03541 4.96321 -4.92054 -1.2918
-0.532382 1.80596 -5.88684 0.34715
0.767039 0.993419 -2.2241 2.7261
1.43274 0.259738 -0.474762 2.20884
0.13709 -1.65238 3.13702 -0.414512
1.11715 0.505307 -0.448582 1.49979
-0.790981 1.72328 -1.10126 -1.14169
-0.198209 -1.33331 1.06926 -0.465148
0.261907 -1.43166 1.48645 -0.118185
0.390558 -1.31299 1.26978 0.475439
0.916 -1.35936 4.64269 0.556438
-1.37847 -0.166715 -0.032114 -3.07409
0.137954 1.11666 -1.23806 0.334214
-2.44064 0.148295 0.035045 -1.97664
-1.46609 0.024103 0.358763 -1.43632
-0.351236 -1.55589 2.29572 0.112396
0.064008 1.05723 -1.8816 0.017273
0.566005 -1.17018 1.75758 0.014716
0.514058 -1.0094 1.0094 0.514058
0.200949 -3.20817 6.0223 0.155661
-3.88266 0.039436 0.907895 -2.40416
1.42322 -1.45101 1.06946 1.31939
-2.19887 -113.619 76.8612 -10.1491
0.495227 -1.01857 1.01857 0.495227
0.136931 -1.40309 2.51702 -1.29076
-0.472666 -2.07555 5.14884 -0.767614
-1.02913 0.458506 -1.02242 -1.8963
-0.968244 1.44811 -1.27974 -1.44067
-1.03292 -0.277066 0.254564 -1.35982
-1.8608 6.72795 -7.8703 -0.787472
-0.504638 5.65022 -7.20149 -3.00429
-1.24373 -0.455725 0.429935 -2.17975
1.41311 0.118922 -0.879227 2.23644
-0.587575 -1.31063 2.0353 -0.371226
-0.455123 -1.76438 1.67106 -0.351934
-1.3295 0.243721 -0.250993 -3.31976
-0.224522 1.57101 -1.52406 -1.50312
-0.885197 -2.30167 2.55776 -1.08651
1.02764 1.40007 -0.854269 1.53453
-1.07117 -0.180286 0.173269 -1.55026
1.31467 -0.378193 0.057802 2.19453
0.062118 -1.19128 1.17253 -0.158306
-1.05077 0.531404 -0.328676 -1.14599
1.22576 0.08017 -0.153558 1.6419
0.042471 -1.43357 1.11567 0.204535
-2.90733 -0.02789 0.558962 -2.09661
0.439078 -1.47646 1.34037 -0.055017
-0.084484 -1.06341 1.43138 -0.042441
0.722092 -2.49401 5.81258 -0.119234
1.25857 -0.037826 0.227386 1.41802
1.91642 -0.168431 0.761341 1.09203
1.18881 0.132498 -0.322143 1.14173
0.933975 -39.4378 42.3998 -2.98571
1.3203 2.44061 -1.40526 1.50598
-3.61357 -1.058 1.62486 -6.77155
1.38631 -0.015606 -0.346595 1.25868
0.653041 -1.06144 0.990108 0.805618
3.92688 0.598008 0.724976 4.99677
-1.01137 -0.984291 0.667292 -1.92704
1.49868 0.323372 0.359713 1.66118
1.34176 -0.376901 0.353586 2.3108
4.90271 5.67296 -5.69865 5.31356
1.1206 -0.374909 0.123089 1.2082
-0.222781 2.17678 -1.4122 -0.04537
0.04423 1.40597 -1.40597 0.04423
-0.42534 2.1511 -1.75798 -0.446403
1.09277 0.582458 -1.01995 2.07803
-3.11809 -1.02751 0.280568 -2.59404
-0.316926 -1.13582 4.18894 -1.1932
-5.96392 0.808097 -0.115596 -4.35869
0.338547 2.19046 -3.49303 0.990618
-0.143119 -2.04718 3.57399 -0.237379
-0.484641 -0.995927 1.53591 -0.342825
0.415011 -1.37833 2.02349 -0.453421
0.496064 -1.36069 1.13073 0.721049
-1.01372 0.437551 -2.00371 -2.88869
-0.93917 0.79777 -0.873432 -1.08597
0.247417 -3.28438 1.84904 0.043531
-0.021375 -1.18183 1.22908 0.084258
-0.172789 1.05469 -1.29237 -0.224788
-0.409732 4.09573 -8.14144 -0.478774
-1.03042 -0.209042 0.356607 -1.60276
-2.88605 0.33417 -0.478782 -2.82236
-1.47006 0.30917 -0.363461 -1.14556
1.43751 -0.338551 -0.045669 1.88827
-6.76146 -0.452933 0.92927 -4.71033
1.58807 0.135542 -0.635175 1.13047
-0.250777 1.33556 -1.69426 -0.003857
-0.243617 -1.06876 1.27596 -0.258324
1.76684 1.09529 0.572612 1.98761
0.051989 1.09581 -1.09581 0.051989
1.2711 -0.058429 -0.393506 1.44529
0.168716 -1.20676 1.7217 0.213889
1.13065 -0.239974 0.189541 1.26743
-0.269113 -1.18706 3.61345 -0.560221
1.16113 -4.36766 2.4092 1.77268
-1.27165 -0.125631 -0.058021 -1.11155
1.34453 0.227467 -0.308925 1.09707
0.052651 1.15222 -2.3967 0.322668
-1.23416 -0.199383 0.457653 -1.1775
-1.13094 0.918627 -0.02386 -2.60878
3.63035 1.29017 -2.11377 9.36853
-0.451739 -0.971233 0.971233 -0.451739
0.171713 1.17676 -2.16035 1.0509
-0.304289 1.44039 -1.36508 -0.223206
1.03312 0.574504 -0.279996 1.43992
0.498492 -2.8943 1.813 0.034018
-1.12719 0.028064 -0.261432 -2.04885
-0.340795 2.04815 -2.83901 -0.180809
-0.85306 8.10349 -10.4934 -0.447671
0.282834 -1.07452 1.23774 0.305556
0.09967 1.71514 -1.05747 0.084213
1.16579 -0.201158 -0.125627 1.64801
0.25509 4.24399 -1.85338 0.125889
5.81564 0.317873 0.297327 5.6019
-2.44938 -0.791098 1.82608 -3.75978
1.06226 -0.023532 0.257406 1.9524
0.313543 -10.0925 10.0925 0.313543
-1.17614 -0.151682 0.185276 -1.11186
-0.204573 1.85415 -1.0352 -0.104965
1.03146 0.493066 -0.533987 1.56345
3.56469 -3.4209 5.04833 2.2109
0.040693 -1.61282 1.97267 -0.549546
-0.02201 1.46683 -1.45839 0.782401
-1.21358 0.252621 0.054735 -1.55071
0.457684 -1.99907 1.18553 0.476181
1.74706 -0.423955 0.309133 1.09347
-0.399916 1.00127 -1.50237 -0.53966
0.006396 -1.82655 1.35585 0.079164
1.25534 0.440018 -0.726478 1.77973
0.054883 -1.43321 1.06753 0.019971
0.070897 1.28768 -1.19348 -0.262955
1.38465 -0.126436 -0.161149 1.56218
1.15723 0.157703 -0.089061 1.214
1.56005 -0.567945 0.216629 1.94969
-0.606307 -2.18173 1.76262 -0.38975
-0.524128 1.86612 -1.65534 0.357484
0.448229 -2.85005 1.81574 0.201506
-12.6361 -2.09415 -1.24544 -23.9974
1.03032 0.296591 -0.295521 1.8269
0.361481 -1.10206 1.41409 0.863632
1.03081 0.115586 -0.107462 1.53024
0.00739 -2.449 1.7665 0.095603
-0.932764 -1.42952 6.44507 -0.427011
-0.589816 2.77437 -1.85846 -0.267326
0.32468 2.17681 -1.27232 0.056574
0.233346 -1.33334 1.53554 -0.10776
0.03166 -1.13526 2.89781 -0.412181
-0.140295 1.32353 -1.39924 -0.129386
-1.28086 -0.300098 0.50868 -1.44895
3.39335 -0.872058 -0.21272 3.23179
-0.055167 -5.68804 8.88201 0.162114
-0.958938 0.623873 -0.459312 -1.42692
-2.65879 -2.88474 8.30735 -0.318681
-1.08019 -0.215252 0.444037 -1.72486
0.050814 -1.03925 1.14932 0.034418
0.909697 -0.638558 1.60542 2.55721
-8.69603 5.37032 -5.44625 -6.88109
-0.398804 -1.79957 6.46639 -0.829298
0.150406 -1.48855 1.23879 -0.016645
1.58892 0.304889 -0.44165 2.20506
-0.092863 1.098 -1.28192 0.033318
1.44186 0.141863 -0.185795 1.37782
1.15757 0.017942 -0.077127 1.4969
4.93574 -0.188424 -0.299823 6.6638
0.232228 2.88797 -3.74782 1.05232
0.488481 -4.74557 6.68332 0.210473
-1.19496 -0.485774 0.51399 -1.84001
-1.31424 -0.492845 0.220941 -2.36464
-0.426549 -1.88582 6.66987 -2.52386
0.773045 0.833061 -1.409 0.793572
0.74226 -1.07896 0.986583 1.84273
-0.117167 -1.05967 2.34442 -0.237806
-0.073944 -1.80815 1.2126 -0.00205
-1.01257 -0.740254 1.32229 -1.54903
2.3274 5.01767 -7.71592 2.26289
1.39778 -0.561642 -0.23971 1.54155
-29.4352 -2.15242 7.68283 -32.8038
1.89961 -0.223903 0.027973 1.83919
-0.304043 6.66121 -5.84852 0.985379
0.891872 -0.614037 0.745604 0.988648
-2.6128 -135.853 94.4904 -14.0793
-1.14351 -0.046314 0.08448 -1.78478
1.05765 -0.191567 0.552252 2.2342
0.005236 -1.62705 1.72869 0.027449
-1.08546 0.153415 0.19042 -3.33944
-1.34785 0.050096 0.227475 -2.54936
1.07792 -0.023977 -0.026132 1.58067
-2.02649 0.034794 0.176915 -2.87681
-0.830035 3.46024 -3.38201 -1.02251
-0.372215 -1.126 1.29715 -0.170044
-13.7962 1.12906 -1.50004 -17.5575
-1.2749 -0.16898 0.111535 -2.23149
1.75483 0.245377 1.13254 1.70335
-6.31686 0.295909 0.091228 -8.21858
0.150036 1.87898 -1.42525 0.004459
-1.38397 0.067902 -0.167753 -1.56683
-1.03226 -0.379863 0.379863 -1.03226
-0.338287 1.23732 -1.12837 -0.565029
1.04335 0.189281 -0.300717 1.94661
-0.172389 4.1638 -4.61655 0.011604
-0.194073 1.06602 -2.54815 -0.174797
1.71872 0.425952 -0.327941 2.03969
0.335674 -4.33259 3.432 0.600947
0.473783 1.19369 -0.990382 0.760812
1.0327 -0.243126 0.461905 2.1103
0.709906 1.5881 -2.28133 0.10715
-0.087277 2.12168 -2.18407 -0.261975
-0.427906 1.67572 -1.18394 -0.701689
-1.15821 3.59572 -16.7632 -0.614214
-1.02254 -1.21481 2.25201 -0.563278
-0.404498 -1.33832 0.978403 -0.759075
2.08253 0.197883 -0.064443 3.62168
-1.07354 -0.412791 1.57043 -2.45286
-1.21379 -0.12722 -0.555089 -1.93753
-0.192563 -1.93533 1.22902 -0.257311
0.639914 1.00505 -0.860379 0.735812
-3.70493 -3.61339 9.46321 -1.55225
0.212228 -1.08595 2.88949 -0.162736
1.23434 -0.409105 -0.20409 1.67756
80.8139 8.8597 -15.5543 127.639
1.51051 0.140137 0.38679 4.55469
-0.49563 -1.33753 2.50175 -0.183739
-1.55951 0.657596 -1.28545 -0.958097
0.441914 -3.60577 3.32438 -0.291377
-0.196317 1.61833 -1.84168 -0.017678
1.08707 -0.032362 0.20985 1.5704
-0.6101 -1.34846 1.98615 -0.424211
-0.507666 1.17356 -1.19148 -0.944175
0.47788 -2.1204 2.47027 -0.20506
-0.479753 -2.25886 2.23929 -0.583467
-1.20113 0.171177 0.218544 -1.54432
0.142235 -1.67872 1.46564 0.020347
-1.19278 -0.306797 0.752771 -1.44528
-0.119592 1.43056 -1.39468 0.05584
0.623345 1.03574 -2.38051 0.214583
0.367836 1.13983 -1.10136 0.369932
-0.608624 11.9886 -10.464 -0.251279
1.25142 0.114524 -0.333885 2.51479
-1.19835 -0.719109 0.768776 -2.14061
0.933594 0.556005 -0.559062 1.19941
-1.62415 0.364018 0.254474 -2.45778
-2.33879 0.123308 -0.211493 -1.72173
-2.40215 -1.39265 3.74529 -1.36002
2.16061 2.31277 -1.36772 3.73619
0.495224 -1.28944 1.07983 1.16403
-1.10689 0.060026 0.328955 -3.681
0.077543 2.0128 -2.27193 -0.123201
1.2537 -0.401402 0.539413 2.34492
-0.305699 -1.44874 2.1016 -0.04703
-1.72455 0.074551 -0.39701 -1.54089
-1.4871 -0.17809 0.257737 -1.43384
2.17282 -0.281388 0.639516 4.37823
0.223193 -2.87079 2.3387 -2.05556
0.306917 1.06281 -2.42854 0.088806
0.210414 -2.9306 6.68567 0.031024
-0.141105 -1.12828 2.17683 0.081668
-0.056852 -1.11077 1.35551 -0.112024
-0.436272 1.11647 -1.34151 -0.571606
-5.32971 -0.823198 1.28053 -5.83683
0.263751 -2.36583 1.34688 0.017227
1.07779 -0.241985 0.552454 1.98779
-0.658513 -0.979516 0.825411 -1.04491
6.61339 -1.37283 4.44229 5.73094
0.652273 -1.46671 1.20919 0.590622
-1.20547 -0.093446 0.175985 -1.72146
1.22343 0.494339 0.048536 1.52736
0.337704 -2.13349 2.20195 0.160626
0.003694 1.71718 -1.45986 -0.040377
-0.02828 2.20702 -1.75025 -0.097657
-1.38614 -0.921351 4.58492 -1.25211
1.30041 3.65262 -3.72016 2.01728
0.273867 10.1672 -10.1672 0.273867
-0.128757 1.67016 -1.95926 0.023119
-2.37278 3.47469 -7.15796 -0.785854
0.944956 0.435456 -0.729722 1.58169
-0.952889 -0.835182 0.575366 -1.08427
0.336448 -1.49379 1.10779 0.413414
1.39155 -0.228325 0.135602 2.10354
-0.75284 0.96257 -0.824481 -1.08186
0.011881 -1.13973 1.16656 -0.180367
-10.4134 -1.8139 0.696032 -10.0067
4.49184 -1.57924 1.87036 6.05158
-0.263567 -3.65387 8.32104 -0.926173
-0.601362 2.38283 -4.46448 -0.299969
-0.402294 1.58522 -1.62006 -0.355221
0.485562 2.41652 -5.8371 0.628281
-1.29233 -0.019665 -0.372801 -2.48051
-1.26172 2.01903 -3.2421 -0.962213
-3.33014 5.22875 -5.28953 -2.66183
0.376715 -1.18737 1.84646 -0.23036
-4.28778 -10.0193 14.8501 -5.14808
1.20153 6.05085 -5.92335 1.85586
0.910317 0.486611 -0.891453 1.61021
-0.266323 1.33137 -1.15463 -0.19799
1.16374 0.096725 -0.35909 1.67988
1.00521 -0.737364 0.634212 1.1951
-0.273345 1.54867 -1.00807 -0.349871
0.664969 0.991829 -1.73045 0.512215
0.256339 1.50563 -1.16255 -0.026984
1.33432 1.06754 -1.16783 2.00134
0.341836 -1.43578 1.20909 0.270643
-0.255109 2.08308 -1.57282 0.08711
-0.089111 1.40018 -1.39601 -0.015343
0.182524 -1.06474 1.39032 0.098829
-0.060675 1.06951 -1.70824 -0.027524
0.140655 -1.98947 2.25311 0.255563
-0.333825 -1.98561 2.54387 -0.11974
0.31961 1.07574 -1.46487 0.083118
-0.105402 -1.17734 1.11013 -0.001891
0.103837 -2.4269 1.34456 -0.018011
-1.27532 -0.339691 0.440404 -1.84599
0.450399 -1.09682 2.19276 -0.080481
-0.502307 2.14545 -1.49382 -0.315757
1.19386 0.313994 -0.681051 1.55483
1.11038 -0.073409 -0.104875 1.68715
-0.911686 -0.684813 0.560905 -0.980693
0.541965 2.29844 -4.73097 0.688848
0.591711 1.40978 -6.7068 0.276933
-1.43357 0.717634 -0.547915 -1.91563
0.732665 0.743258 -1.12461 1.10871
-1.4228 0.010686 0.008312 -1.57064
0.019759 -1.1091 1.1091 0.019759
-0.187823 1.26039 -1.22846 -0.235101
1.38788 -0.444027 0.038481 1.91811
0.654644 -0.9026 1.76099 1.09053
-0.327045 2.13183 -2.53958 0.167076
-2.22582 0.428011 -0.26998 -1.19064
-0.409169 1.2462 -1.60269 -0.175126
-1.1539 -0.052439 0.196726 -1.09772
0.411905 -1.28271 1.30824 1.01154
0.202257 1.07482 -1.91982 -0.006808
-1.55239 0.333425 0.113201 -1.96262
-0.154908 -2.18716 1.22347 0.238839
-0.06969 -1.81177 1.82646 0.038391
-0.914355 0.517169 -0.749294 -1.81563
-0.11814 1.20072 -1.17847 -0.138453
0.385499 1.02027 -1.91656 1.1659
1.25616 0.123703 -0.571682 1.31916
-0.098903 -1.77599 1.79868 -0.097001
-0.132387 1.08431 -1.73096 0.088812
-4.52698 -4.67113 7.6751 -3.73462
1.0881 -0.086659 -0.108513 1.509
-0.334669 1.51769 -1.69908 -0.077592
1.43548 -0.127689 0.391339 3.02476
1.51521 -1.8841 2.44058 1.62636
0.188559 -1.87211 1.21343 0.08652
3.81684 0.208046 -0.172907 2.56432
-0.150416 2.4741 -5.14842 -0.173544
-0.435892 2.63839 -1.86747 -0.16198
-0.377944 1.31236 -1.41291 0.156759
1.66782 -0.502031 1.61457 1.48759
0.366082 -1.3439 1.79202 0.287567
-0.355318 -1.29185 5.52769 -0.767222
-0.958203 1.23588 -1.861 -0.169159
-1.6813 -0.994094 0.558934 -1.66273
2.2697 0.436772 -0.227677 2.57512
-2.33933 0.521489 -0.016593 -2.04127
0.387924 -1.10137 2.18054 0.382714
-1.29263 -0.035321 -0.296129 -1.45849
2.53044 -0.86512 1.51982 2.44779
-0.916616 -1.06319 1.32782 -0.634333
-1.64609 -0.464499 0.371066 -1.03343
-0.054793 1.12215 -1.14935 -0.113672
3.40635 -22.7293 18.2433 -1.68863
-2.1449 -0.657729 0.147012 -2.8379
-0.375599 1.19677 -1.2194 -0.498121
0.022552 -1.24757 1.19872 -0.086237
0.46437 -2.30942 2.20017 -0.135606
-0.487374 -1.45704 1.13514 -0.761125
1.00651 -3.6459 3.67621 0.248723
-1.25915 -0.274958 0.327035 -1.51942
1.27616 -0.677587 0.115371 1.98528
0.081175 -1.10576 1.36344 -0.037578
0.617001 -1.32234 0.874697 0.816077
0.197268 -2.19026 2.36747 -0.179664
-0.423378 0.979794 -1.11285 -0.484964
-1.60697 -0.215664 0.294253 -1.58489
0.116326 -1.43699 1.25082 -0.083864
-1.10808 0.283536 -0.448935 -2.2203
2.616 0.078239 0.19415 3.34954
-0.377224 -2.89546 2.92084 -0.115828
0.314849 -1.97837 1.63226 -0.009475
-0.40915 1.10795 -1.43638 -0.118212
0.040277 -1.31202 2.42809 -0.741477
1.42527 1.36356 -5.0776 0.342088
1.23667 0.106336 -0.156933 1.06678
-1.60845 0.158296 -0.346597 -1.72353
-1.48485 16.619 -31.742 -2.33681
0.088542 3.81613 -15.0862 -0.057561
6.89494 -2.822 6.61691 7.0385
0.405201 -1.02362 1.05414 0.398228
-1.482 -0.186756 0.199762 -2.9172
0.104735 -1.9962 1.22538 0.560124
2.92439 0.656305 -3.27747 1.39418
-1.07542 0.757016 -0.553647 -1.63809
94.5187 -8.56494 -1.21668 136.312
3.75764 0.027137 -0.308655 4.12681
-0.500451 3.35238 -2.93535 -0.637286
0.637031 -1.86589 2.32483 -0.68332
0.25041 -1.1713 1.43481 0.019227
0.121111 -1.14297 1.11941 0.072106
0.148194 -2.20601 1.4548 -0.206052
-0.248385 -2.79936 7.40907 -1.18213
0.097566 -1.20896 3.60073 -0.469635
0.40604 -2.60209 1.70037 -0.327645
1.85146 1.30759 -1.39077 2.47156
-0.005365 -1.46381 1.06183 0.00925
-0.05129 -1.11729 1.64283 0.12573
0.25714 4.95766 -4.86341 -0.626569
-1.09351 -1.02592 1.13905 -1.84867
-0.870018 1.61546 -1.39726 -1.49547
1.12296 -0.485068 0.760112 1.04766
1.71723 -1.64185 0.695262 2.1694
1.19941 0.810122 -0.836763 1.46298
-0.764573 -1.63228 4.9133 -0.282651
-2.7395 -22.7762 30.3615 -4.88613
-1.54393 8.90411 -8.30722 -0.002689
-1.52987 9.97167 -7.73407 -0.862369
-1.95932 -0.521473 1.45453 -1.29996
-1.03292 0.309179 -0.398524 -1.54
1.67193 0.317673 -0.817425 1.53925
1.17492 0.129991 0.410428 2.11827
-0.523316 -1.16397 1.16397 -0.523316
-0.321541 1.85374 -1.73788 -0.109206
-0.121511 1.57971 -1.1973 0.253589
1.20524 -0.459753 0.12471 2.11446
-2.43162 0.192725 -0.095887 -2.46933
1.59315 0.093874 0.625892 2.201
6.33078 22.5445 -33.7954 5.83754
-0.92228 0.622719 -0.824717 -0.904322
0.408447 -1.04026 1.47187 0.252278
-3.67797 1.07187 -1.56275 -2.70536
0.029052 -1.99991 1.95558 -0.025228
-1.24067 -0.562592 0.474999 -1.27807
-0.43232 2.74515 -2.76677 0.571361
1.66318 -0.207938 -0.37645 1.29469
-0.068083 -1.41536 1.41536 -0.068083
1.47335 8.62766 -8.90369 0.288598
-0.982125 0.376032 -0.446447 -1.73306
-0.174454 1.77699 -2.54423 -0.098344
-0.69282 -1.98012 1.58398 -0.529706
-3.63262 2.04004 -1.38125 -3.31333
-1.22659 0.397428 -0.386351 -1.9586
-11.2379 2.2396 -2.21786 -12.0011
0.240734 1.10412 -1.59265 0.231375
0.268094 -1.30844 1.05464 0.188995
0.341854 1.21265 -1.47527 0.183829
0.288719 -4.15853 3.68851 0.595771
0.318385 -1.2887 1.32159 0.047624
2.39869 -0.406103 0.078331 3.94308
2.53268 2.05748 -2.62557 2.21376
-1.16336 -0.598723 0.861845 -1.23225
-0.309048 1.07587 -1.14672 -0.189023
-4.32547 -2.7223 8.09958 -0.696512
-0.306005 1.64429 -1.69114 -0.275242
-0.204637 -1.60468 1.43948 0.002573
-1.31067 0.512504 0.003212 -1.81949
2.13424 0.261039 0.271017 1.69663
1.25009 0.195613 -0.481238 2.21203
0.06217 -1.71544 1.1055 0.082638
1.53522 0.092753 -0.109646 1.57469
6.17065 0.404671 -0.995967 5.85333
-0.198977 -1.40847 1.13375 0.001886
-0.519535 -1.17718 2.22798 -0.471212
-0.791203 1.25539 -0.778653 -0.86134
0.957686 0.474236 -0.543124 1.17081
0.334558 -2.63665 1.45967 0.15244
-0.987583 0.315378 -0.460192 -1.78343
-1.29138 0.318717 -0.232336 -1.98768
1.9019 5.06526 -5.72578 2.86824
-1.09161 0.232179 -0.043491 -3.7499
2.21349 0.10562 -0.604082 2.22863
1.01568 -0.555166 0.290393 1.71374
-0.152668 1.10067 -1.57316 -0.160212
1.04216 0.309113 -0.211739 1.42106
-0.05313 -1.04432 1.46537 -0.120519
0.044513 -1.14345 1.20958 0.027311
1.51897 -0.273747 0.286214 2.12373
-0.8942 -1.49832 3.87701 -0.727525
1.9823 -0.073761 -0.189655 1.98385
-0.187264 10.0956 -10.0956 -0.187264
0.466443 1.24171 -1.14947 0.410117
0.046294 1.78651 -1.09746 0.158697
0.078777 1.50675 -1.6754 0.014195
-1.11424 -0.193353 0.189648 -1.45664
-1.46014 0.183018 0.190867 -1.83171
-1.54288 0.087577 -0.201778 -1.3847
0.945736 0.642204 -0.501368 1.41497
0.094396 -1.15011 1.22135 0.115176
-1.06879 -0.032961 0.171427 -1.7051
0.359438 -3.0983 3.36569 0.16164
1.45451 -0.87016 0.940211 1.57471
-2.63043 0.52348 -0.518996 -4.61627
-0.080238 -1.15915 1.94477 -0.179958
1.11595 -0.236104 0.226521 1.87365
0.680736 1.18249 -0.934121 0.656123
-0.387326 -1.69153 1.84947 0.047323
-0.016522 -1.17385 3.58328 -0.491708
-0.742006 1.38532 -0.987674 -0.884964
-0.220953 -3.94255 3.31599 -0.264078
0.630429 -1.34774 1.26636 0.101143
-1.04051 -0.215294 0.210056 -1.4609
0.093881 -1.06715 1.32333 0.153281
-0.844167 4.76127 -4.70543 -0.063562
0.910706 2.24375 -2.14159 0.842174
1.05294 -0.341116 0.5312 1.08735
1.03843 0.280009 -0.346131 1.621
-1.02618 0.370544 -0.466493 -1.94122
0.23623 -1.07236 5.17563 -0.00053
-0.251104 -1.97766 1.9327 -0.149537
1.46446 -1.10685 0.35858 1.45268
-0.230921 2.07627 -2.44861 -0.273389
-10.011 -14.2824 18.0778 -6.8888
-4.46115 -0.9621 1.71809 -4.66349
-8.04939 0.98707 -0.399475 -5.41511
1.40007 -0.364364 -0.408865 1.62203
-0.4049 -2.2439 5.01698 -1.1342
-1.92388 1.24549 -0.496434 -3.65458
-0.829706 1.52112 -1.28313 -1.40197
1.39074 0.432233 0.655971 1.8959
-2.66659 -0.06124 -1.18605 -3.6377
0.552294 1.14427 -0.896381 0.914231
-0.373769 2.16766 -6.86549 0.147325
0.302075 -2.11326 1.51805 0.093614
1.0066 0.422273 -0.380994 1.65479
-1.7944 -4.98308 5.95624 -1.23211
1.09824 -0.07191 -0.11217 1.38225
-3.00013 -1.03255 1.14559 -2.37395
0.188345 -1.45568 1.33944 -0.337142
-0.13435 2.35793 -4.73436 -0.113051
-1.22759 -0.234115 -0.204077 -1.7164
-1.1535 -0.061685 0.065796 -1.36717
7.96645 -4.09773 3.84798 8.65339
0.729581 -1.26275 1.22121 0.943308
1.14407 -0.380944 0.462869 1.25074
-0.161316 -1.13758 2.41948 -0.263047
0.553784 -2.59328 1.51111 0.363584
-0.905789 0.907125 -0.570378 -1.26162
5.1817 -0.451802 -0.929564 8.56587
-3.37938 0.355254 -1.30801 -6.24146
-1.03313 -1.02673 4.25202 -0.358713
1.3419 -0.199179 0.329011 2.59738
1.22407 0.590784 -0.400552 1.40443
1.88832 0.339121 0.228806 3.63399
1.09773 -0.083018 -0.104506 1.38421
-0.287652 -1.03683 1.29375 -0.463376
-9.14902 -3.70234 3.20765 -11.6753
1.21128 -0.277236 -0.181423 1.59229
2.4449 -1.37143 0.671479 3.57794
-0.219621 -1.62545 1.68851 -0.170997
0.486152 -3.3386 2.94208 1.17761
1.26998 1.12668 -1.21018 1.96777
-0.59722 -3.03678 2.46843 -0.563288
1.6604 -0.078872 -0.190635 1.69445
-1.15451 -0.163036 -0.278027 -3.43522
-1.26135 -0.123595 -0.042446 -1.46429
8.87329 -7.36826 9.25414 8.22002
-1.26085 -0.11565 0.166913 -1.42833
0.29732 1.0493 -1.20149 0.289175
-2.11867 -0.123189 1.18394 -1.61933
-0.020097 -1.12422 1.16301 0.03159
1.9823 1.3134 -1.20788 0.8602
0.889822 0.621637 -0.641528 1.22025
0.252924 -1.26125 1.31504 -0.208647
-29.4109 0.716683 -2.24767 -39.9023
-4.19319 0.647535 -0.350418 -4.59623
0.56136 1.21254 -1.0991 0.489099
-5.33334 -0.012799 -0.402478 -6.37513
-0.131216 -2.05756 1.44353 -0.922481
-1.09674 0.280939 -0.450369 -2.04558
-0.053538 1.61659 -1.07732 -0.131282
-0.157424 1.54956 -1.17429 0.227701
-0.361572 1.34917 -1.70018 -0.174267
0.186271 -1.29541 1.05378 0.108951
-0.29163 1.82801 -1.03143 -0.289692
0.81999 2.52182 -1.04052 1.64222
-0.402943 -1.70075 1.73838 -0.282921
1.18863 -0.040731 -0.049151 1.18276
-2.1768 -0.011462 -0.051929 -2.0084
0.140868 1.07573 -3.05011 0.01608
1.16953 0.081755 -0.258526 1.11766
-1.24211 7.08777 -15.4991 -0.819886
1.7548 -0.042834 0.773071 3.04904
-1.25728 -0.693655 0.7522 -1.86984
0.986256 -0.678067 1.53378 2.40579
0.05227 -1.44451 3.29305 -0.41117
-1.93711 0.225598 -0.266779 -1.70066
-0.37197 -1.26311 1.52417 -0.403239
-0.143298 1.10159 -1.07497 -0.239172
4.62975 -0.362869 -0.517195 5.16213
-1.04936 0.625268 -0.896572 -0.872316
-0.951289 0.60795 -0.625336 -1.30614
-0.803675 0.998979 -1.33815 -0.61548
-1.24377 -1.2818 1.35215 -2.27215
1.05233 0.206651 -0.180426 1.52932
-0.572832 1.18246 -1.19495 -0.355409
1.30783 0.00848 -0.213613 1.23468
-1.81592 1.03616 0.172726 -1.58646
-0.322085 1.04895 -2.75731 -0.822192
1.25281 -0.198691 -0.02106 1.9179
-0.638023 1.55958 -1.643 0.061796
-0.333446 2.68683 -4.29019 0.061691
8.15689 -4.84238 -0.001597 13.658
-0.993719 0.732479 -0.849403 -1.03548
5.74189 0.30036 -0.705851 18.2693
0.004037 2.35781 -2.2905 0.551631
-0.995702 -0.415401 0.565968 -1.19211
0.304133 1.46535 -1.3483 0.146189
-2.46485 -0.313179 0.235506 -3.1977
-0.064234 -1.22178 1.8867 -0.082914
6.83109 -3.81415 3.97219 5.09936
-0.184749 1.5558 -1.13456 0.064367
-2.63315 -0.900542 -0.390048 -4.59807
-0.09872 -1.59144 2.2104 -0.100686
0.556925 1.05714 -1.53872 1.38393
-3.16347 -1.12311 -0.490239 -4.68878
-0.12553 -1.43466 1.42468 0.269018
-0.217257 -1.38258 4.46688 -0.511657
8.43232 -0.785964 0.475709 10.713
-1.01537 0.64542 -0.47932 -1.57053
0.093104 -1.2766 1.20134 -0.049321
0.11476 1.82697 -1.29223 0.031904
-0.388639 -5.01415 7.36755 -0.244684
-4.26028 -4.99884 12.4259 -0.920586
1.15465 -0.502657 0.831672 1.36896
-1.03501 0.283015 -0.413033 -1.84798
-6.22698 -93.1639 66.6432 -20.606
-1.04671 0.001019 -0.12323 -1.59424
-1.06052 -0.258056 0.148804 -1.84349
0.288002 1.50391 -1.15086 0.127389
1.73478 -0.191574 0.427431 3.15105
0.446243 -1.61672 1.08903 0.666773
2.12953 0.318682 0.049082 2.41161
-1.36284 -0.017482 -0.159202 -1.77253
-1.04768 0.323351 -0.464756 -1.98839
-1.1308 0.635315 -1.19537 -2.26709
-1.00527 0.538059 -0.774436 -0.96883
-0.198815 1.42707 -1.41221 0.01875
-0.002666 -1.20844 1.08465 0.120807
-1.04703 -0.158421 0.187848 -1.09449
0.273839 -1.16459 1.21525 0.048699
0.495826 1.4336 -1.85427 0.546357
1.19104 0.010879 0.360639 1.73226
-0.464463 -0.989471 1.71493 -0.355942
1.92507 -0.209218 -0.057443 1.86536
-0.516577 1.01991 -1.05243 -0.491321
0.295616 -2.94537 2.06461 -0.155065
-0.964757 -1.40789 1.24496 -1.46345
1.54392 -2.02116 0.995786 1.64943
0.133966 -1.98126 1.12355 -0.042075
-0.328954 2.11129 -1.74464 -0.155891
-0.723197 -2.18734 5.20585 -0.841033
13.7554 -0.750742 -4.13717 14.6138
1.37915 -0.125709 0.397383 1.86651
-0.22941 1.16311 -3.70513 0.275725
3.52167 0.445446 1.31254 3.05554
-1.116 -0.095354 -0.183163 -1.81171
-0.751647 0.883347 -0.932764 -1.15259
3.60718 -3.59652 3.1788 3.18615
1.17772 0.733254 -0.15569 1.57479
0.490547 1.21182 -2.06073 1.64725
0.157065 -2.38189 1.72412 0.165145
1.09842 0.249529 -0.532857 1.53361
0.367526 1.00099 -1.34442 0.557534
-9.47698 -4.11894 3.58664 -12.172
-6.25521 -5.04974 5.23519 -13.5827
-1.12465 -1.41935 1.75622 -2.44972
-1.06934 0.09191 0.073583 -1.84853
0.117867 1.58497 -1.07147 0.040111
-0.557181 2.80927 -2.20341 -0.710858
-0.521736 1.3105 -1.40006 0.077447
0.207362 -2.64882 3.97499 0.214246
-0.845904 -0.666003 0.734199 -1.41921
0.369214 1.12002 -2.41545 0.047566
-4.3929 1.32172 -0.193431 -5.86555
6.3272 -0.794638 3.14955 5.13747
6.65578 -5.75136 8.39572 6.71079
0.101355 -1.2163 1.62583 0.041223
-0.074966 -1.09122 1.13932 0.004975
3.00252 17.9352 -25.7375 3.25325
-1.34681 2.22749 -2.87397 0.026857
-0.23984 1.42169 -1.59764 -0.04362
-0.218838 1.28872 -1.31848 0.007716
0.424536 -2.60156 1.91538 0.18287
0.102544 -2.10254 1.3391 -0.043534
-0.318433 1.56675 -1.83362 0.124446
-4.82256 -1.55624 2.11118 -8.43542
-3.91486 -0.185634 1.30214 -1.72476
-1.43308 -0.929706 1.01636 -2.55729
1.44955 0.149657 -0.321119 1.47321
0.009805 1.67142 -1.52422 0.677974
0.328778 1.03873 -1.76031 1.08437
-0.752683 -7.33325 4.76094 -0.896647
-0.098564 1.71648 -1.35016 -0.220817
-0.249162 2.17681 -1.46075 0.160709
-0.287496 1.102 -1.15892 -0.130281
-0.516972 1.471 -1.6493 0.040537
0.970724 1.7782 -1.27786 1.00526
-1.0939 0.127786 -0.402133 -2.18568
-0.528622 1.0223 -2.2799 -0.975699
-1.27541 3.23627 -5.8376 0.183608
1.33844 -0.253435 -0.100378 1.68069
1.77163 -0.312281 1.083 1.12
1.48954 0.164116 -0.24324 1.43551
1.0977 -0.195899 0.019328 1.40191
0.192555 -2.01763 3.55434 0.149633
-1.08472 -0.193144 0.185832 -1.13538
-0.107904 1.06036 -1.22187 -0.0395
-1.10687 0.019204 0.397329 -3.59106
-2.1234 -0.542696 2.27052 -0.962698
-0.376991 -1.418 1.00183 -0.635475
-0.650421 1.00941 -1.19063 -0.476924
0.166746 2.40641 -1.32221 0.208729
1.23918 -0.100887 -0.291031 2.16459
-0.082886 1.40381 -1.34366 0.408958
-0.355021 -4.3318 14.3666 0.483352
1.65225 11.7629 -14.0123 1.75657
-0.266559 1.29178 -1.17568 -0.173709
-0.57842 -2.47076 1.24485 -0.396487
0.912414 0.59483 -0.599179 1.22802
0.294841 -4.05246 1.65277 -0.068494
1.2065 -0.057592 0.090603 1.46679
2.85604 0.12906 -0.428462 3.83482
-5.23901 0.797146 -0.220108 -4.64623
-0.495655 11.839 -9.81954 -0.628097
1.74658 0.351135 -1.14269 2.01331
0.677176 -4.40168 7.49179 0.519218
0.939007 -0.831367 0.482917 1.16624
-0.765541 1.08693 -1.22905 -0.583786
0.231989 -1.07092 1.99854 0.642651
1.18816 2.40382 -4.20251 0.755192
-0.00311 1.23934 -1.23934 -0.00311
-1.03187 0.539366 -0.315784 -1.28446
1.2985 4.08689 -3.18341 0.826009
-0.046815 2.36976 -5.26047 0.4256
2.65898 1.47469 -3.40786 2.31514
4.19124 -0.883681 1.68055 5.95521
0.003563 2.09273 -2.45376 -0.289637
-0.706813 2.20177 -2.22649 0.157664
-0.157897 1.04976 -1.63624 0.000388
1.094 0.242524 -0.347744 2.0744
-1.88952 -6.04478 4.48381 -1.60506
-0.260408 -1.06249 1.03138 -0.306781
0.398181 -1.42008 1.37128 1.90323
-0.026016 1.03993 -1.50183 -0.160036
0.450658 2.03126 -2.17084 0.046573
-1.26656 0.658869 -1.0451 -0.832586
-1.0726 0.441523 -0.17929 -1.34132
0.488778 1.02494 -1.4669 1.0901
0.562796 1.06741 -3.70552 0.233753
1.87446 0.109548 -0.333314 1.56396
0.473318 -2.92972 1.83208 0.275322
2.48962 0.42648 -1.74804 2.6782
0.022012 1.05448 -1.94257 0.025301
0.100651 -1.56213 1.53998 0.042918
-4.59148 -10.7956 15.6962 -4.84669
4.219 4.89344 -5.74314 4.89698
-1.28303 1.36412 -0.887846 -1.45306
0.218494 1.10789 -1.09606 0.134178
1.10055 0.034589 0.275338 2.19696
-0.173814 1.27004 -1.16718 -0.133274
1.18714 -0.746171 0.329539 1.66424
0.098884 1.92551 -1.56471 0.155409
0.939986 2.16422 -2.97789 1.32357
-0.722358 -1.47717 6.27968 -0.892382
4.40427 -4.53558 9.1628 2.8728
0.220074 1.62224 -1.05355 0.53383
1.1672 0.15827 0.2081 2.05871
1.39643 0.596814 -0.960333 1.95451
7.55357 0.5769 -1.19187 7.00748
-0.005489 -2.59624 1.75348 -0.566143
-0.33128 1.4094 -1.01783 -0.645751
0.228899 1.4998 -1.43728 -0.230713
1.10387 0.452091 -0.403947 1.91635
1.00084 0.833748 -0.553518 1.38398
-0.316346 -1.5028 1.13711 -0.495116
0.396357 -2.63028 2.30369 -0.158907
-1.48265 -0.960811 0.938158 -1.77647
5.31542 -0.372143 3.3915 4.2251
1.43027 -0.376642 -0.235219 2.22321
-0.273139 -1.48046 1.19174 -0.662757
1.06068 0.054941 0.249126 1.81026
-0.103709 1.16775 -1.65064 -0.055323
0.757443 -2.55282 5.44235 0.271832
1.0708 -0.29226 0.30704 1.42483
-1.33079 -0.132129 0.156749 -1.40736
0.903107 0.685428 -1.30533 1.55097
0.033117 1.23455 -1.14483 0.263765
0.032996 1.15113 -1.1474 0.208188
2.82029 -1.26831 1.24681 6.32235
1.07699 0.272971 0.063017 1.75225
0.100333 1.28972 -1.32243 0.03784
0.297458 -1.24643 1.50771 0.810198
4.25567 -2.40758 3.35608 3.01502
-1.73873 -0.779658 -0.215591 -2.17031
-1.3621 -0.24144 0.324374 -1.2903
1.11695 -1.05139 3.62946 0.219866
0.107695 1.15896 -2.21215 -0.127685
1.28024 -0.5285 0.685193 2.67619
-4.58608 -5.23555 8.59654 -2.98629
-1.16282 -3.10732 3.83475 -0.581506
2.44553 -1.26261 0.980023 2.66797
-0.613747 -2.10951 1.62788 -0.417806
-1.40995 -0.086131 0.090816 -1.3468
0.153293 -2.12737 2.08145 0.248928
-5.29865 0.248356 2.50865 -13.4079
-9.03407 -3.06665 2.45333 -7.64693
0.166068 1.72321 -1.9171 0.289108
-0.754044 -2.76989 3.02148 1.45231
1.02946 0.919886 -1.903 1.35685
0.176126 -1.39102 1.36736 -0.292338
-0.260317 -1.1141 4.43852 -0.039386
0.985555 -1.00297 0.620682 1.21526
2.62472 -0.483426 0.169544 2.00273
-0.315456 1.94609 -1.13234 -0.299249
2.72736 -0.308522 -0.667462 5.5833
0.344474 -1.56905 2.14707 0.486506
-0.690698 -1.08937 2.77669 -0.361471
1.4487 -0.316844 0.172156 1.90638
0.302106 -3.2515 1.84182 0.091167
-3.5626 -0.531887 0.354134 -2.51697
1.36119 0.014264 -0.09999 1.45288
0.198568 -1.73069 2.08538 -0.350136
0.235733 -2.30467 2.57049 0.073903
0.30325 -1.43438 1.2108 0.430849
-1.19226 -1.5531 3.34298 0.926741
-1.07099 -0.231027 0.232483 -1.79223
-1.21763 0.602395 -0.50199 -2.02621
0.123547 -2.18284 2.55116 0.095941
1.84424 4.05567 -3.72368 1.81722
0.180345 1.08406 -1.52687 -0.132126
-2.31756 -0.315675 0.138414 -1.98004
-0.188329 1.86172 -2.21081 -0.050519
-0.452938 -1.20447 1.60471 0.06538
-0.358325 1.04184 -1.02688 -0.445467
0.306764 -1.19352 1.09136 0.687955
-0.021478 -1.0863 1.0863 -0.021478
0.320829 1.57366 -1.4395 1.18197
-1.4044 -0.367589 0.442702 -1.63811
-0.179694 -1.12148 1.38002 -0.199921
0.049755 1.11213 -1.1665 0.094516
-0.488507 1.42354 -0.968909 -0.639805
-0.129103 -1.13606 2.07241 0.247558
-0.14332 -3.40991 3.48787 -0.53047
-0.193726 -1.14667 1.86181 -0.300583
-0.583733 0.909174 -1.69871 -0.999366
-0.197641 1.77845 -1.94752 -0.060183
0.246634 1.46493 -1.23774 0.115736
-0.830709 -1.26419 1.06254 -1.45781
-0.727968 -2.59246 9.06761 -1.28747
2.20486 0.834465 -0.393869 2.10681
-1.13204 0.633126 -1.16287 -1.00111
0.506746 -2.39297 2.23465 0.246894
0.279614 -1.10875 2.18323 0.282253
-0.421747 2.8727 -4.50702 -0.254723
-0.963158 -1.01424 2.6162 -0.623002
0.772966 -0.797156 0.758997 1.09858
0.494532 -1.0824 1.25398 1.08455
-0.528965 2.20307 -2.90406 -0.001301
-1.05512 -0.196916 0.375183 -1.45597
0.47104 -1.25357 1.40741 0.614593
0.815044 1.10042 -1.28572 1.7733
-0.053489 1.65756 -1.45066 0.054707
-0.539989 2.68208 -1.83588 -0.19869
0.909932 -1.90459 1.86928 2.23878
0.467323 1.17953 -2.34573 -0.173925
-1.39883 0.315006 -0.216945 -1.6571
0.28044 -1.19525 1.14404 0.552664
-1.1106 0.028626 0.295745 -1.4734
-0.366143 1.33813 -1.76407 -0.235458
-0.070194 1.16189 -1.20728 -0.114271
-1.69453 0.046016 0.111213 -2.22608
0.506004 -2.3743 2.25937 0.11182
2.08117 0.252802 -0.157084 2.12691
0.755918 -2.57514 1.49461 0.305475
1.321 0.092367 -0.698098 1.30953
-0.273113 1.70282 -1.31705 0.013596
-0.224131 1.14765 -1.28908 0.102767
0.319863 -1.44505 1.56617 -0.165459
0.27151 -1.50833 2.11415 0.272369
-1.12249 4.39937 -3.84111 -0.458708
-0.182497 1.23299 -5.88965 0.600382
-0.16153 1.11596 -1.38147 0.01425
2.15796 -0.094986 0.810841 4.12233
2.0114 -0.098562 0.134011 2.51587
-1.08686 -0.149669 0.250355 -1.6821
-1.25949 -0.260438 0.338389 -1.70423
0.873415 -0.848775 0.961548 0.698966
0.337017 -1.27307 2.26979 0.302793
-1.24606 0.077412 -0.406938 -2.43829
2.12758 -0.262529 0.203178 2.4023
0.347134 -1.47809 2.36388 0.590577
-0.395625 1.99074 -1.53547 -0.012235
3.09206 0.75454 -0.74677 2.60461
0.939712 1.70046 -1.09722 1.67934
-1.4355 -0.361268 0.21526 -1.12337
1.09852 0.014515 -0.102935 1.06437
0.010876 -1.89057 1.89696 0.103752
-1.36251 -0.049804 0.246518 -1.56299
1.11923 -0.04001 -0.184811 1.76547
0.016339 1.03239 -1.43974 -0.064718
0.989416 2.45708 -2.25441 0.905616
0.403075 2.62071 -2.84023 -0.089477
-0.495983 -1.12851 4.42415 -0.197801
0.624628 -0.924865 1.27352 1.20486
1.34309 -0.1704 0.326387 1.46273
-21.6168 1.67069 -2.46203 -17.3268
-0.204128 2.26172 -1.9217 -0.097774
1.11584 0.19868 -0.037915 1.43439
0.236679 1.10703 -2.36527 0.762304
-5.9218 -6.76612 5.67952 -16.8527
2.31593 -0.231857 -0.199975 1.51518
0.100871 -1.63206 1.06128 0.218333
-1.04487 -0.281755 0.179286 -1.56865
-7.14537 -10.4256 12.5798 -4.46338
-0.072981 -1.10132 1.10132 -0.072981
-0.619005 -1.04446 2.78535 -0.339371
-0.638844 -9.04634 10.1486 -0.002093
0.687399 -2.5001 3.00184 0.482235
1.57068 -0.351885 1.71025 1.38564
1.46417 0.209395 0.356118 1.47633
0.089719 -1.71932 3.19275 -0.038428
-1.55832 0.180977 0.084669 -1.46208
0.95978 0.502764 -0.727159 1.53731
-0.485585 2.62738 -2.80476 -0.048807
0.248798 -1.13994 1.10378 0.33166
1.08208 0.176186 -0.507018 1.33311
-0.406681 1.67084 -1.63165 -0.064989
-0.075721 1.64415 -1.92759 0.010468
-1.18965 0.211595 -0.342548 -1.3893
0.852339 2.3213 -3.95717 0.376934
-0.640017 -0.941711 1.41391 -0.605153
-0.396071 2.33038 -1.5206 -0.194341
8.7694 -2.53996 0.073146 8.62573
-0.845322 0.654207 -0.855463 -0.92344
0.974778 0.488161 -1.71557 2.54502
1.41168 2.76095 -1.31043 1.64355
-1.13426 0.353559 -0.017321 -1.73017
1.20318 1.36142 -0.961622 1.705
-0.957526 -0.502794 0.407026 -1.11547
1.46226 -0.273511 0.299882 3.51243
0.200337 -1.65021 1.40511 0.635583
-5.61136 -1.76843 2.24551 -6.07698
2.08552 -4.95116 5.01178 1.54066
-0.327889 1.28061 -1.32398 -0.061072
-0.411423 1.35383 -1.257 -0.298713
0.786044 -0.793849 0.982894 0.769973
-0.764082 4.39988 -5.32238 -0.319384
-0.475249 1.26841 -1.02412 -0.370967
-1.92854 -0.106173 0.138631 -4.17393
1.10526 0.072255 -0.114308 1.0786
-0.771915 -1.65779 8.52047 -1.16787
-0.436259 -3.22678 4.2174 1.14759
-3.87989 -88.3348 58.1029 -3.48275
1.22177 -0.140203 0.082161 1.85761
2.5282 -2.14428 1.82366 2.57124
5.69569 0.017049 -1.01952 26.7649
0.078853 1.0681 -1.60522 0.338467
-1.76678 -0.28474 -0.347232 -4.0727
-0.609459 1.13432 -2.24906 -1.90918
-0.210292 1.27476 -3.06584 0.21117
-0.752794 3.14594 -2.02708 -0.108807
0.10724 -1.7508 1.36539 0.07189
-0.179756 -1.1124 4.12858 -0.288825
-1.48348 -0.267348 0.431807 -1.52944
-0.568398 1.81925 -1.23062 -0.636391
-0.262418 2.04578 -1.43297 -0.213742
0.354909 -3.07923 1.59628 0.160253
0.173895 2.034 -1.8132 -1.82587
-1.38813 -0.353096 0.672696 -1.3646
0.917195 1.04614 -1.67806 0.848045
-1.02893 -0.165463 0.153906 -1.31394
-0.112796 1.35893 -1.38295 0.419704
0.121203 -2.15223 1.84832 -0.049536
-0.199782 1.19803 -1.20312 0.002336
0.04942 -1.04552 1.23932 0.00284
0.074631 1.34209 -3.10303 0.411935
0.576335 -1.1005 0.952646 0.727182
4.08429 0.636813 -0.755586 2.58651
3.09744 7.29495 -7.38928 3.77258
0.25236 -1.82799 1.89189 0.057797
1.16926 0.1068 0.249448 2.23578
-0.195578 1.27093 -1.08759 -0.233291
-0.826161 -0.898185 0.933889 -0.616992
-0.324727 1.81565 -2.24795 -0.026225
0.512693 1.29731 -1.94479 -0.062398
-1.07679 0.290988 -0.441659 -2.14997
-1.40776 -5.70933 8.69519 0.134601
0.338333 1.39004 -1.19085 0.206675
5.0135 1.12773 -3.03872 13.3627
0.03073 -1.19979 1.24339 0.013962
-1.52535 0.113495 -0.352828 -1.49322
0.090405 1.18354 -3.03109 1.55464
0.196885 1.30471 -1.67954 0.055549
3.57651 -1.89946 3.04292 2.11187
1.09735 0.106227 -0.281402 1.21462
0.363587 -2.10777 1.73775 0.19785
-0.161632 1.4958 -1.56492 -0.051959
-1.10795 -0.094013 -0.064246 -1.45607
-1.37232 0.031378 0.244899 -1.56698
1.45809 -0.26207 -0.111161 2.20006
-0.295411 1.88329 -1.26521 0.221133
-0.934047 0.451354 -0.920507 -1.89039
-1.32004 1.37946 0.080578 -2.41421
-0.31652 2.39468 -2.03409 -0.023817
0.967766 -0.819935 0.662993 1.14321
2.3284 0.661864 -0.33491 4.17462
-11.5453 -1.73296 3.69721 -13.1195
-0.348497 -1.78114 1.12695 -0.636797
1.37967 0.932889 -1.17023 2.1178
1.20878 -0.019839 -0.11507 1.62145
1.83721 5.20274 -10.3254 0.30727
-1.16107 1.01405 -0.49626 -1.93207
-0.364122 1.437 -2.36909 -0.080818
3.2845 -1.59909 2.43938 2.03597
0.607633 -4.38874 6.11768 -0.059319
7.02805 -4.4942 5.66153 7.37034
1.10951 0.060844 -0.233241 1.19616
-1.58098 0.125412 -0.213631 -1.15476
1.22881 0.129631 0.244115 1.28783
-1.05091 0.228233 -0.441699 -2.13621
0.013106 -1.98511 2.24149 -0.032624
-0.640886 3.89606 -3.82209 -1.1866
-0.085617 -1.6238 1.83248 0.022615
1.30895 0.009558 -0.491308 1.31773
-6.84672 3.52543 -6.47116 -5.09718
-2.60067 -0.406535 0.226466 -3.07927
1.54317 0.036094 -0.209001 1.52249
-0.129234 2.02198 -2.39186 -0.212179
2.01183 0.293651 0.30744 2.0135
0.942878 1.85587 -1.18737 1.46184
-42.2637 0.573623 3.5195 -39.5465
1.30235 -0.445082 0.809853 2.14423
1.13275 0.049972 0.267227 2.169
1.07209 0.262782 -0.284698 1.92362
2.20856 0.288026 -0.582518 3.20247
-0.707708 -1.05179 1.39129 -0.520103
-0.249519 1.263 -1.06107 -0.133821
0.869656 -0.884991 1.02103 0.920259
-0.228206 -1.04925 1.08747 -0.260125
-1.34186 0.155958 0.057629 -2.11878
-1.39962 0.147408 0.240495 -2.19729
0.373727 -2.55451 1.29025 0.066483
0.348385 1.11793 -1.34299 0.153651
0.503068 -13.8699 12.2234 0.845991
0.951429 -2.23468 3.67747 0.512916
0.462029 1.11039 -1.85612 -0.059597
0.044777 -2.33359 1.8866 0.091365
-0.14502 1.99293 -2.21334 -0.209135
1.86997 1.97934 -0.989676 1.54629
1.95842 0.921531 -1.20686 2.18098
-5.30548 -1.40688 1.13393 -5.8614
0.366742 -2.4473 4.34115 -0.323635
-1.00775 0.423384 -0.735841 -1.21537
0.272073 -1.91875 1.2231 0.190278
-0.314015 -1.03143 1.07676 -0.310402
-0.136142 1.07596 -1.47629 0.031093
-2.26583 -0.308345 0.531016 -4.82429
1.03042 1.15714 -1.02662 1.48307
0.183768 -1.2017 1.04819 0.234004
0.086671 -1.8459 1.19151 0.384357
-1.1447 0.021205 0.304436 -1.51802
0.967253 -0.857421 2.32185 0.975216
1.3618 0.357758 -0.192292 5.80247
1.36972 0.187529 -0.884147 1.26439
-1.7224 -1.32307 2.13546 -0.097003
-0.559013 0.990457 -1.12278 -0.424496
0.017138 -1.09212 3.88757 -0.644878
-3.8563 -1.29159 2.21716 -2.59777
11.2136 -2.17207 1.76974 12.9606
-1.01764 -0.423963 1.6905 -2.5565
2.07289 0.114936 -0.332288 3.12097
4.0818 -0.337362 -0.920289 2.15436
-0.499771 7.22339 -12.6656 -0.455222
3.12893 -1.4164 1.40151 6.88921
-0.615867 2.45226 -1.88689 -0.432168
0.977339 0.572157 -0.364829 1.48091
1.4747 -1.30403 0.564332 1.66421
1.11977 0.196523 -0.643294 1.43695
0.961627 2.0391 -2.81893 0.748126
0.055135 -1.09081 1.70818 0.119128
-1.2968 -0.18101 0.036463 -1.81826
