2500
669.196 789.078
873.584 262.721
578.269 779.943
698.94 163.111
701.846 56.4453
538.393 456.301
422.549 637.764
766.266 84.8076
1032.39 547.604
625.62 385.14
509.617 459.12
990.322 658.84
925.623 135.453
922.714 615.383
600.177 795.538
702.161 145.206
631.984 272.663
643.291 791.342
533.437 383.024
594.604 782.831
496.449 620.111
676.979 106.327
493.036 780.708
534.076 455.512
645.778 793.692
606.728 790.218
562.786 463.826
584.435 463.774
588.029 162.266
838.084 147.98
941.446 807.856
421.027 452.034
532.655 639.57
377.248 393.753
1080.34 618.694
675.973 105.895
1190.3 390.129
513.693 379.682
1031.41 700.27
933.678 641.274
421.355 530.706
702.451 277.555
420.394 783.141
1170.1 706.837
594.916 583.24
720.114 490.547
531.573 785.409
573.874 596.834
652.1 541.872
939.133 220.779
1226.93 394.28
1218.19 407.244
622.459 306.253
977.514 780.632
486.082 453.16
1008.27 483.102
664.93 550.935
543.84 453.712
1305.92 877.259
847.176 284.398
962.497 676.874
410.153 686.026
712.274 209.009
397.857 631.619
465.965 780.835
521.758 780.36
374.946 385.238
563.704 783.887
467.555 620.919
460.481 629.992
468.066 459.194
421.78 778.233
937.898 809.1
575.541 788.062
469.463 777.445
581.017 868.378
993.441 684.786
356.409 593.283
1014.7 667.339
1045.01 762.171
994.31 622.109
791.936 101.979
644.21 67.5064
966.982 795.58
621.603 299.292
466.188 458.622
739.699 128.224
921.516 210.97
704.405 292.833
1130.2 632.004
995.832 666.899
836.032 262.865
318.854 642.616
569.361 381.179
1173.61 432.327
629.536 279.988
333.868 684.178
1201.61 420.44
346.594 546.795
419.782 380.288
722.955 273.253
573.919 286.648
588.985 277.897
947.04 891.305
742.149 124.611
1306.99 831.018
697.056 153.901
672.984 783.248
500.196 386.943
456.014 785.609
983.874 677.603
359.083 449.164
1215.66 429.794
533.187 398.246
542.328 382.414
1176.07 847.196
977.204 652.008
398.022 686.588
574.951 161.658
951.624 687.029
976.809 776.618
371.835 641.461
1205.11 379.392
461.399 783.672
806.12 291.486
840.704 143.452
381.669 384
660.007 794.194
905.538 121.768
566.234 276.181
1025.61 734.731
844.219 82.1125
551.148 781.371
1200.21 432.914
1034.21 653.233
841.027 161.217
676.003 786.857
1042.78 654.618
535.404 787.835
1022.69 700.963
697.557 109.278
470.052 643.659
466.847 785.636
698.137 347.128
648.733 787.248
1228.91 411.449
869.283 302.476
765.856 122.353
577.834 457.425
424.389 790.823
728.764 132.083
697.52 226.902
807.262 267.425
689.692 65.3873
1179.19 374.908
667.661 781.796
730.243 286.179
460.717 466.996
998.961 595.535
408.112 461.198
740.908 171.007
412.83 782.527
425.057 688.929
594.631 788.591
792.43 233.274
1123.05 749.708
383.817 685.992
944.647 572.058
418.648 680.123
899.187 264.553
486.627 635.686
996.281 779.141
1032.79 779.672
556.048 565.601
609.394 792.169
544.318 643.409
997.529 585.641
727.738 279.878
965.486 674.969
1011.26 673.878
1021.16 693.563
437.713 381.659
508.368 268.581
537.277 557.589
447.173 780.444
536.844 230.225
846.878 70.3277
829.571 266.003
921.449 233.36
1196.85 419.009
361.037 685.752
513.32 784.714
1052.32 761.634
971.167 545.867
317.372 679.378
520.726 383.766
927.91 618.7
1207.68 433.275
1187.67 391.886
1126.87 629.779
406.386 392.758
684.166 55.8858
994.619 734.805
513.32 784.714
1123.43 647.262
899.386 284.552
388.607 680.946
754.057 58.6714
576.875 458.511
982.863 683.258
1129.92 628.258
453.394 453.237
712.751 113.18
775.699 211.483
581.538 457.141
357.987 447.933
1123.05 749.708
501.466 646.457
504.142 167.369
580.304 589.608
1090.24 569.365
537.402 457.853
539.729 461.227
972.106 630.604
806.907 64.3119
513.909 605.503
374.677 618.568
537.347 627.362
547.835 385.668
530.321 456.725
1050.82 629.421
931.697 577.133
1058.52 677.369
365.657 592.689
345.269 684.584
420.394 783.141
458.443 781.207
860.487 113.228
546.323 463.856
712.274 209.009
765.174 198.626
453.649 450.037
474.553 454.944
521.014 195.508
345.269 684.584
1062.14 690.55
555.18 385.57
370.732 385.152
948.019 808.446
716.419 57.353
674.769 792.284
1034.58 626.592
517.995 786.086
996.281 779.141
1220.35 406.057
667.044 850.305
985.962 710.632
485.458 450.909
1035.8 698.193
873.881 269.669
455.223 787.954
1059.33 572.073
507.109 455.229
393.567 683.773
589.661 782.393
888.794 271.82
580.731 587.292
322.738 471.788
408.132 383.652
775.684 268.255
1079.89 563.412
751.572 268.433
409.739 383.18
1218.73 429.546
733.685 210.212
565.109 385.11
1058.64 625.726
538.879 538.184
556.325 787.342
644.347 383.616
455.587 394.273
1001.96 695.469
375.988 458.801
552.167 398.262
505.491 646.771
420.753 598.362
359.026 456.489
706.297 276.434
414.033 684.592
1174.33 406.818
583.563 791.099
1130.2 632.004
544.758 297.215
387.319 551.587
837.121 169.434
709.292 898.572
392.493 546.618
1174.68 394.406
941.895 616.179
901.056 287.459
558.011 581.535
356.48 460.962
561.622 382.952
1171.53 850.233
930.872 708.502
809.878 67.3652
514.03 387.226
410.641 681.527
384.654 683.208
478.575 776.642
407.118 597.183
1123.75 586.626
333.38 676.198
1190.95 373.79
1205.11 379.392
705.228 128.401
1174.12 407.576
513.219 619.329
577.208 46.8245
938.287 548.838
677.348 795.427
1018.54 691.243
659.975 787.431
829.789 270.377
376.471 582.083
490.056 552.314
770.311 86.3352
565.002 283.017
1114.12 789.594
512.048 787.371
446.613 462.185
613.52 787.578
501.37 460.334
940.244 596.89
996.454 812.806
583.894 786.207
658.88 544.091
528.155 451.881
426.758 392.363
484.939 642.959
559.143 244.129
383.559 460.898
982.913 609.594
512.604 268.987
1013.73 482.345
919.231 212.809
558.969 455.975
667.286 785.507
662.822 162.984
654.981 385.366
941.38 671.833
766.609 174.795
635.254 384.995
414.317 678.465
830.667 222.415
749.457 268.514
879.836 284.332
379.058 677.625
633.226 793.135
1176.19 383.663
502.932 279.995
466.847 785.636
369.382 393.669
721.745 271.143
459.325 382.45
330.966 628.931
1113.88 739.39
800.094 239.302
460.369 382.654
399.705 455.051
327.401 678.307
549.666 311.388
844.109 141.941
972.993 687.729
920.619 199.867
467.048 453.032
467.125 383.533
498.781 280.07
409.211 678.339
1031.03 697.936
1182.53 373.24
1227.58 417.635
682.988 54.5035
545.744 624.78
1181.09 407.655
665.542 787.198
471.115 384.769
725.36 379.658
649.862 384.379
922.38 557.547
511.604 387.417
1204.75 423.821
373.367 385.943
438.164 379.835
652.621 870.124
1098.84 685.227
998.508 669.215
559.58 292.297
1107.55 791.972
1174.12 407.576
663.45 309.972
560.721 787.772
638.044 784.124
333.868 684.178
426.138 380.844
1347.49 836.841
1007.17 630.078
598.65 398.729
678.954 782.125
571.086 383.48
1116.88 643.922
568.373 583.262
515.553 647.677
388.721 689.913
394.184 675.967
1055.99 585.754
595.124 303.418
407.049 681.979
996.867 653.884
945.854 209.315
582.121 136.651
1223.77 411.647
471.627 534.471
645.906 792.694
432.207 454.517
1027.83 577.848
463.979 585.997
435.411 782.472
673.904 271.226
694.206 270.723
540.967 454.618
618.485 384.035
586.206 573.189
540.631 290.705
620.753 187.366
385.43 675.486
656.626 788.748
544.709 533.335
1221.92 430.29
521.86 73.125
634.668 871.621
628.003 68.9351
1192.82 391.549
939.847 530.679
681.322 140.014
689.311 862.466
826.216 293.625
412.848 456.868
725.767 271.616
484.711 596.527
576.276 383.587
1128 785.623
507.604 544.131
510.72 202.413
653.26 783.153
551.405 779.286
928.227 142.6
1035.55 702.453
460.369 382.654
618.731 861.675
389.305 682.912
435.071 787.385
371.607 381.225
819.366 146.207
464.966 462.12
953.015 893.827
541.426 785.385
518.901 260.32
630.066 787.335
974.732 568.87
544.964 622.214
605.352 781.831
814.174 275.992
839.457 65.394
564.915 869.059
605.621 70.206
377.246 458.369
1192.9 393.706
363.934 460.972
1006.51 569.971
521.644 784.938
386.659 683.144
466.628 540.441
657.408 601.741
712.723 307.677
938.805 254.212
376.43 381.287
565.109 385.11
1097.6 845.669
498.103 280.077
346.967 533.87
935.758 249.623
582.09 274.755
1168.24 408.048
720.384 55.1767
497.32 647.174
531.101 583.126
394.004 686.616
973.198 630.975
537.402 457.853
440.919 681.907
370.138 383.687
389.225 628.392
695.01 182.367
914.216 208.493
518.868 263.583
404.967 686.799
1207.75 393.839
335.42 629.507
449.459 460.031
416.488 595.04
1135.26 635.162
453.789 776.881
594.631 788.591
568.373 583.262
396.781 678.023
1075.78 577.733
1199.35 417.652
431.167 527.639
807.262 267.425
1101.34 683.924
475.885 783.495
722.955 273.253
945.256 677.104
912.759 440.261
621.99 788.025
549.245 381.44
689.552 122.737
613.234 381.759
318.993 577.904
369.91 385.263
894.188 261.577
417.852 448.114
329.911 681.259
1000.2 708.962
1120.42 836.322
858.393 113.036
713.342 180.279
402.382 643.353
576.909 449.041
365.922 644.001
962.932 788.018
718.314 262.549
566.643 119.016
1082.97 646.947
669.048 268.763
1050.82 629.421
469.463 594.786
674.307 268.315
554.18 283.771
391.627 644.222
517.194 73.2978
1030.02 696.773
810.155 271.06
364.388 620.72
504.281 459.203
424.476 595.093
490.024 791.086
728.225 274.242
555.049 455.11
652.029 300.333
458.194 779.495
914.801 128.514
709.872 300.4
567.203 385.752
532.564 459.678
581.702 453.834
966.982 795.58
511.313 388.151
938.156 487.62
495.688 782.739
1194.12 420.996
929.68 489.446
532.655 639.57
571.359 466.47
844.109 141.941
482.793 646.003
416.689 390.586
432.912 685.554
340.788 616.241
930.993 547.245
572.875 555.775
984.707 586.041
947.04 891.305
503.428 457.741
967.845 622.133
472.756 457.524
367.8 460.253
901.14 84.8616
455.301 463.043
556.193 781.161
486.51 646.068
703.676 307.77
485.391 463.263
1202.17 393.283
432.471 457.627
406.386 392.758
563.642 579.376
382.46 388.625
888.794 271.82
958.819 657.45
1162.78 852.241
628.176 871.69
386.659 683.144
515.005 381.508
333.47 678.602
898.751 260.822
909.552 275.657
554.18 283.771
573.219 383.971
362.791 461.475
642.886 788.049
566.258 781.424
644.535 385.908
1027.85 730.906
406.756 390.185
1201.61 420.44
463.154 392.981
527.889 529.133
848.639 288.409
895.772 273.106
677.824 789.885
415.63 617.201
557.141 146.655
774.205 74.5614
505.298 451.438
610.232 788.558
328.505 673.92
639.8 790.695
625.74 547.97
712.368 308.41
493.934 787.979
1189.54 424.565
537.804 623.319
1126.63 584.903
571.063 286.138
958.107 685.037
652.164 387.349
417.798 634.846
460.709 459.4
555.851 147.655
945.219 809.533
444.756 390.815
908.997 122.813
408.132 383.652
949.188 694.134
683.357 181.645
970.789 676.231
578.853 195.354
642.667 781.678
1218.19 407.244
562.12 285.96
421.101 675.605
364.104 444.477
672.532 796.65
404.158 591.915
510.182 647.415
328.97 434.705
852.241 260.415
551.148 781.371
944.849 878.257
1159.41 414.197
1249.76 603.266
487.074 631.856
440.184 681.868
521.322 72.0383
444.878 644.944
740.859 207.388
1191.43 800.264
417.896 527.243
459.797 788.364
1284.84 400.37
705.436 47.5571
966.221 803.311
484.179 457.128
677.963 794.012
391.571 679.706
1052.35 760.818
577.208 46.8245
950.475 710.52
735.435 369.466
1027.27 632.353
1198.25 379.765
583.591 75.9861
1098.39 798.181
465.678 460.77
503.428 457.741
1170.27 413.65
512.846 387.489
538.393 456.301
1194.87 394.059
1115.66 838.363
1123.86 852.74
992.65 592.267
974.861 624.725
963.173 540.062
573.52 791.231
353.712 676.781
510.21 395.7
873.881 269.669
948.371 267.231
480.657 619.644
581.402 569.243
988.293 646.018
1183.88 429.823
471.703 380.269
562.977 781.65
1160.23 411.616
998.508 669.215
458.617 382.408
939.858 144.513
632.676 788.047
734.991 117.98
650.205 386.749
366.53 530.077
1202.33 426.659
963.635 540.852
959.514 693.517
1006.51 569.971
734.958 270.824
737.26 109.346
593.641 274.536
1298.65 869.364
1070.83 696.242
431.167 527.639
558.997 460.112
1098.78 792.27
908.405 288.93
575.903 276.213
417.222 461.531
349.516 680.633
474.942 461.567
628.247 277.985
452.601 455.252
483.066 782.557
335.821 678.672
536.866 391.147
631.273 386.274
451.925 453.075
446.963 783.14
437.294 449.902
508.678 782.379
825.596 288.774
515.861 390.878
417.821 454.972
343.764 639.961
738.561 123.418
997.678 659.993
352.361 380.017
430.884 383.714
565.109 385.11
552.156 448.003
1004.31 709.605
1052.36 649.119
575.933 786.397
1005.78 690.568
520.726 383.766
922.38 557.547
356.409 593.283
1085.18 633.893
501.643 454.843
988.549 712.296
992.65 592.267
535.404 787.835
1073.34 611.617
580.23 790.124
1133.72 799.694
996.818 584.604
964.914 786.989
632.87 384.324
1065.89 698.876
427.302 682.658
1342.29 645
573.919 286.648
779.19 57.8843
397.583 375.793
520.655 455.964
575.493 278.778
481.982 460.231
655.141 797.051
944.371 217.854
386.659 683.144
872.942 276.248
517.367 390.559
807.298 280.989
555.94 539.602
708.014 298.623
1191.09 372.259
936.416 270.282
460.035 781.923
1195.11 438.758
652.621 870.124
618.708 310.376
958.963 873.699
439.745 778.369
597.218 275.353
783.615 149.123
939.659 136.55
957.099 743.389
628.566 791.817
995.996 701.666
511.604 387.417
449.794 787.817
1060.32 824.6
911.234 250.103
487.037 457.091
539.789 601.114
396.664 453.051
564.141 149.909
673.02 791.18
701.554 239.753
637.22 788.745
1018.51 629.757
920.918 200.731
481.933 457.599
1189.54 424.565
998.059 785.516
921.516 210.97
372.746 643.052
459.75 392.747
1258.67 606.907
860.951 296.536
440.449 639.597
630.134 784.075
952.87 702.909
1188.32 856.277
1078.24 646.329
440.163 452.559
487.004 632.867
819.677 181.647
939.133 220.779
563.417 787.933
442.89 787.88
1212.35 406.596
560.952 461.487
1232.83 404.342
516.414 299.077
1272.05 832.523
895.722 267.927
407.902 598.003
490.658 591.88
538.973 466.15
769.392 81.5802
647.165 781.218
371.057 681.755
782.216 147.94
393.743 688.444
703.477 281.714
705.463 279.604
646.345 781.664
1204.34 420.225
408.043 453.2
762.648 193.158
515.861 390.878
537.93 543.592
562.998 780.523
532.857 463.863
986.948 659.376
659.611 789.258
431.578 786.381
734.991 117.98
549.558 382.666
626.065 276.789
712.723 307.677
450.902 453.105
693.846 882.414
427.022 786.741
533.571 62.1412
1090.94 621.258
374.946 385.238
403.133 678.351
508.678 782.379
515.706 196.91
655.346 550.446
505.66 387.056
919.843 199.79
683.053 165.369
1190.72 395.608
565.561 459.247
988.292 756.128
924.138 137.42
1369.36 864.495
398.022 686.588
999.596 781.408
544.964 622.214
1139.17 642.883
451.702 450.293
1115.19 836.24
364.947 688.268
913.277 502.718
499.777 784.77
554.284 82.3504
514.691 393.73
550.026 280.587
551.861 781.072
956.832 746.474
445.945 783.802
542.883 266.041
654.083 64.5463
773.137 94.7895
616.073 600.265
662.339 304.752
929.181 87.1065
697.117 275.044
1257.95 624.205
483.448 787.947
618.79 261.402
373.978 390.118
540.559 78.5121
391.358 681.237
1034.69 775.411
873.927 270.976
662.905 782.779
810.591 271.677
798.761 235.786
417.199 463.071
399.474 452.317
1194.7 407.259
620.669 382.915
434.923 619.641
1117.16 642.951
467.359 463.141
927.695 300.146
632.87 384.324
787.238 267.511
418.074 681.266
455.301 463.043
1059.39 626.641
1033.58 779.612
518.473 212.532
513.394 778.096
709.651 121.638
1178.76 394.29
762.896 211.095
841.771 141.946
844.219 82.1125
577.749 791.049
567.763 790.883
1204.09 417.831
932.485 245.423
656.544 789.113
647.36 785.129
615.813 538.334
519.794 274.636
620.753 187.366
1059.37 589.477
513.701 246.367
898.227 267.2
1165.06 853.576
892.906 69.2274
958.963 873.699
688.584 132.884
1028.79 727.684
1002.37 696.12
724.041 293.728
432.471 457.627
563.31 465.105
566.273 463.821
895.772 273.106
430.6 689.658
963.367 690.812
583.076 383.605
508.627 387.353
360.144 597.323
317.372 679.378
999.002 607.125
662.822 162.984
564.361 453.057
507.683 396.099
931.471 720.065
604.007 791.304
377.962 681.467
373.367 385.943
471.661 646.796
936.047 219.564
522.89 785.109
379.058 677.625
487.401 628.523
979.316 822.81
625.203 791.674
740.908 171.007
1182.77 421.272
815.546 273.791
469.032 529.024
578.278 383.812
591.613 271.827
334.702 635.456
819.366 146.207
576.249 788.276
999.379 785.633
729.966 273.837
426.031 679.042
742.78 252.535
633.402 863.809
821.086 145.919
679.411 221.668
809.816 230.174
544.318 643.409
716.977 278.632
942.154 261.735
943.245 691.524
822.557 280.429
451.69 380.003
963.99 808.413
815.546 273.791
500.637 781.889
579.638 287.2
434.026 452.574
426.138 380.844
460.709 459.4
502.8 620.248
533.268 468.743
971.229 602.747
1213.8 383.859
708.503 45.9363
575.914 785.369
980.751 712.071
592.397 784.137
314.402 683.933
582.951 581.199
578.278 383.812
408.833 380.48
1011.26 673.878
403.841 456.003
364.914 447.731
439.185 393.926
329.264 684.767
324.254 642.843
411.175 393.131
1034.86 636.267
587.225 784.989
996.818 584.604
1118.47 785.767
961.683 670.789
1047.74 761.893
661.623 787.348
989.531 618.714
916.635 146.418
514.5 463.404
742.117 268.135
905.538 121.768
589.399 207.647
1123.95 789.422
302.865 857.411
1031.19 775.335
464.491 633.248
682.758 466.101
528.321 467.056
1005.74 778.595
808.559 67.4832
527.538 540.871
577.587 48.4659
1096.99 582.877
612.507 71.5321
939.442 591.805
972.395 614.581
348.936 684.771
348.936 684.771
479.484 783.601
507.109 455.229
507.05 781.253
503.757 619.424
572.346 786.229
495.362 792.878
538.211 285.705
660.074 786.736
379.396 378.721
431.248 457.113
1007.6 580.147
436.588 683.42
442.791 582.428
456.378 592.847
1029.45 706.571
900.292 288.339
632.676 788.047
577.418 134.178
924.138 137.42
612.402 273.551
389.76 675.707
736.069 116.779
506.565 644.247
491.834 583.672
1297.92 871.789
433.26 588.036
438.488 682.289
995.636 629.195
368.795 402.477
470.935 454
698.717 269.335
511.327 395.859
956.58 822.227
939.858 144.513
515.919 454.268
506.565 644.247
927.747 68.1861
969.498 580.449
405.837 566.079
418.899 627.589
454.287 638.01
542.515 784.175
1057.77 553.932
628.357 788.545
806.051 280.98
416.689 390.586
393.951 687.18
459.91 454.977
571.958 290.782
1194.35 424.364
344.053 676.854
828.743 153.222
600.222 792.692
416.483 618.226
599.053 782.375
670.828 788.454
926.158 139.106
676.744 299.348
521.758 780.36
421.956 783.309
626.295 547.36
425.841 631.277
352.241 681.255
977.959 597.711
841.194 288.89
461.496 646.281
535.44 453.799
949.077 820.754
952.87 702.909
419.164 451.612
650.415 797.038
475.484 780.623
1118.47 785.767
491.781 565.452
491.364 777.802
980.129 581.974
350.187 640.014
971.468 584.059
631.421 784.939
875.09 284.571
366.972 380.812
486.082 453.16
523.102 192.457
665.387 787.798
337.395 685.106
995.079 645.008
421.61 597.503
842.747 61.7202
1223.74 410.837
549.578 290.091
879.836 284.332
605.804 64.9114
630.066 787.335
462.738 779.173
1298.01 870.145
1030.49 563.168
447.627 777.376
1293.51 659.422
578.251 385.862
1199.72 389.701
483.345 779.419
320.946 588.272
386.172 684.396
580.104 451.834
538.747 232.385
951.965 247.886
782.546 142.185
516.839 381.252
1212.7 427.572
436.308 679.515
761.303 246.877
989.765 596.606
989.356 733.756
1098.41 797.143
1007.65 612.588
581.69 138.101
1171.05 851.394
417.263 779.785
1193.4 414.345
584.962 383.917
627.686 786.725
927.695 300.146
1042.78 654.618
1174.38 425.903
1175.62 848.249
374.6 554.433
335.22 616.018
813.638 266.835
523.298 462.724
391.611 677.789
322.013 675.793
993.816 571.491
1207.87 405.404
424.938 779.058
795.73 61.9722
379.314 381.111
389.669 679.66
1182.24 389.305
660.631 298.732
924.914 545.815
1179.58 389.058
827.745 268.463
1212.7 427.572
393.068 617.582
548.767 307.225
1205.82 430.703
975.657 584.993
955.81 801.576
1189.23 386.371
483.026 453.074
614.865 548.92
481.123 455.329
386.802 461.864
428.746 383.095
987.161 666.41
734.29 237.904
522.514 290.04
626.295 547.36
330.907 679.541
799.884 247.342
483.685 455.28
922.38 557.547
508.268 390.976
1090.94 807.241
905.941 240.036
670.433 785.931
576.117 292.423
317.334 679.874
1050.64 552.556
334.82 614.906
546.343 383.518
429.323 636.4
805.64 159.269
1193.44 619.806
506.656 642.672
409.118 689.461
1249.76 603.266
599.088 783.973
367.506 680.958
1218.86 410.136
349.962 678.245
425.065 787.431
534.059 457.366
1050.64 552.556
579.754 546.077
1199.72 389.701
468.473 784.088
1208.78 859.332
1207.75 393.839
507.683 396.099
769.406 220.11
1220.35 406.057
618.175 280.899
416.235 678.908
428.333 679.747
1176.79 820.837
604.039 788.971
565.092 584.599
507.871 455.252
671.199 602.233
551.171 782.725
415.588 455.492
990.875 675.126
1051.16 546.221
362.497 444.248
358.691 459.922
683.999 270.936
456.014 785.609
671.513 789.713
570.933 161.94
1183.33 394.744
577.749 791.049
386.659 683.144
513.156 780.182
555.18 385.57
443.615 531.126
1201.48 391.587
604.338 783.032
859.726 195.079
596.271 787.686
1031.91 634.486
888.229 263.951
524.79 466.881
261.293 871.315
865.892 270.363
549.599 285.485
566.258 781.424
478.673 533.07
506.479 784.452
1201.48 391.587
1041.09 625.035
834.559 53.6746
648.603 789.348
581.402 569.243
927.747 68.1861
537.207 539.749
558.661 452.05
583.693 790.251
642.886 788.049
829.156 271.196
511.604 387.417
393.567 683.773
502.774 179.292
531.064 559.923
937.563 252.432
533.573 221.407
438.164 379.835
580.834 138.66
403.822 682.508
657.611 793.508
855.156 88.1528
341.234 526.652
869.49 265.844
951.284 689.502
418.443 451.499
408.132 383.652
844.999 75.8161
330.82 676.075
1022.61 736.736
970.294 712.977
594.613 787.507
860.487 113.228
372.754 617.961
980.382 567.843
720.845 270.056
1188.73 416.694
363.231 683.141
636.408 787.069
584.162 145.092
431.248 457.113
674.227 124.335
1115.91 798.064
688.87 57.544
985.341 549.796
735.442 210.208
341.952 684.466
1163.43 687.267
1022.6 731.471
1206.67 421.741
447.597 643.177
685.156 271.173
399.705 455.051
406.709 567.001
477.499 462.091
1047.77 544.812
1210.93 418.163
806.922 291.146
1072.27 654.021
976.401 674.394
452.1 462.618
873.881 269.669
528.525 541.793
739.766 201.183
967.341 603.424
947.566 748.774
333.47 678.602
892.767 53.1124
999.002 607.125
377.677 451.666
462.49 637.927
394.369 625.372
900.441 268.57
399.554 592.503
939.392 445.184
1004.21 609.761
371.598 460.469
561.248 390.697
486.754 460.413
535.815 783.025
353.085 604.448
1204.21 438.169
377.246 458.369
657.816 788.549
930.156 272.671
705.857 294.57
673.843 543.752
407.902 598.003
577.091 135.718
381.092 451.869
903.31 164.595
996.167 583.638
644.535 385.908
1054.09 702.881
971.167 545.867
438.627 575.265
426.601 684.353
545.387 792.086
322.755 676.886
1211.2 395.37
656.544 789.113
379.732 460.946
612.277 790.687
558.464 548.011
541.079 266.018
924.743 269.856
998.432 695.713
569.058 782.21
460.464 785.461
608.579 69.3367
349.516 680.633
450.392 620.517
543.967 779.106
1218.24 408.896
841.178 173.944
416.572 380.427
809.702 273.311
382.095 678.172
523.298 462.724
244.014 884.822
349.173 682.592
376.661 684.75
479.098 788.497
633.222 786.315
506.566 777.086
895.312 297.3
674.227 124.335
931.697 577.133
566.408 223.872
943.338 502.047
886.721 273.485
1184.91 705.66
1204.78 835.801
629.659 295.256
559.58 278.037
548.485 283.072
423.236 381.084
1220.37 408.379
415.789 538.866
429.856 684.893
1242.34 784.239
761.883 106.899
377.782 456.295
1022.69 700.963
415.789 538.866
360.413 461.879
542.351 391.345
538.596 625.344
718.556 166.925
1046.04 553.484
512.46 278.285
920.619 199.867
825.71 382.741
715.597 167.787
749.866 125.281
948.95 613.843
1225.52 396.958
408.833 380.48
598.14 386.134
407.552 532.344
741.728 155.772
523.423 463.575
608.823 69.0136
484.329 463.684
389.305 682.912
567.227 296.319
950.474 249.076
459.279 631.703
417.263 779.785
598.88 383.826
523.423 463.575
519.402 393.175
529.256 787.238
605.298 787.629
976.317 550.745
389.748 542.354
487.189 646.882
662.07 796.133
733.625 270.467
1095.75 776.252
587.668 173.4
510.195 379.604
536.548 129.032
681.322 140.014
356.409 593.283
372.209 526.63
670.154 789.927
940.833 140.509
591.556 791.378
354.103 459.071
945.256 677.104
911.214 142.752
535.25 239.792
577.255 448.186
767.7 268.455
638.038 785.246
358.232 685.074
1206.44 669.332
1144.34 641.86
930.62 614.224
1088.09 617.092
980.989 612.639
1205.02 432.966
364.388 620.72
380.479 686.077
1161.33 421.816
842.814 284.416
580.886 463.863
535.074 792.162
428.972 677.333
667.093 789.298
484.34 782.483
363.713 635.774
484.179 457.128
341.606 679.143
317.334 679.874
836.987 71.2203
457.405 776.085
1199.24 404.268
535.901 560.608
769.597 268.582
473.737 455.216
563.31 465.105
1108.07 653.993
1202.18 438.305
520.892 641.019
564.141 149.909
532.857 463.863
975.318 781.339
904.671 261.717
1154.77 399.78
361.009 530.164
728.052 215.855
893.379 134.271
461.726 781.636
650.78 383.124
391.887 461.379
1188.82 420.073
338.409 677.097
423.869 519.913
385.685 686.213
725.968 308.079
518.326 456.68
899.234 296.715
731.788 373.367
912.917 238.627
1187.27 423.056
500.054 784.504
686.9 533.224
554.075 781.173
1104.34 673.075
964.922 593.652
1101.98 600.995
1023.59 729.197
597.099 784.282
486.819 788.711
1036.85 774.758
1182.71 431.655
371.206 688.111
452.601 455.252
537.378 790.16
1090.94 807.241
414.736 459.891
296.784 858.705
980.298 822.074
1033.66 625.812
1227.58 417.635
518.458 462.862
921.175 528.172
431.337 380.39
618.485 384.035
667.143 870.518
580.294 785.981
682.893 57.7102
346.819 680.424
977.945 651.448
843.732 60.6903
873.926 266.013
387.319 551.587
415.794 682.011
616.81 546.463
428.316 605.469
1231.16 409.742
800.097 65.345
516.507 456.637
379.637 388.536
936.323 246.595
683.129 174.968
996.704 710.066
464.953 646.369
549.379 284.505
506.898 383.658
657.408 601.741
510.182 647.415
490.056 552.314
936.322 547.83
511.06 393.844
479.484 783.601
542.36 293.413
715.634 221.423
1013.68 492.439
1129.34 793.424
994.413 613.327
642.898 790.575
580.458 283.299
949.331 589.634
656.214 540.154
379.977 563.506
474.319 458.109
640.275 536.042
388.607 680.946
849.394 528.553
394.926 382.146
1268.9 720.206
425.004 689.623
505.699 150.881
555.255 453.949
583.812 383.592
696.1 175.787
434.732 622.369
497.312 789.19
956.949 635.886
617.592 783.958
929.181 87.1065
438.627 575.265
956.883 566.275
976.234 675.246
908.361 251.705
1119.67 773.203
454.82 380.089
999.596 781.408
595.721 392.09
545.314 283.004
401.448 641.151
922.684 612.162
1189.23 386.371
1056 608.683
443.819 581.617
562.977 781.65
425.357 682.756
892.159 258.483
544.621 786.016
704.84 295.473
924.602 228.257
1117.6 835.629
374.217 684
980.7 551.764
673.146 58.3272
554.347 276.89
985.793 736.833
753.179 824.038
988.158 675.738
1196.64 435.495
761.303 246.877
530.613 540.565
435.364 775.145
1200.36 426.712
484.442 462.634
552.38 549.273
329.568 640.134
420.14 456.503
453.944 452.03
374.366 389.093
487.189 646.882
440.929 447.106
720.384 55.1767
386.773 678.866
555.222 259.746
633.211 221.285
395.315 462.115
573.808 788.152
460.718 453.792
1028.49 577.245
1004.21 609.761
873.263 180.056
565.715 579.744
506.641 129.33
676.003 786.857
988.037 756.795
1007.09 601.825
560.689 82.8158
373.786 385.093
900.292 288.339
579.919 588.918
625.484 276.596
1057.82 553.056
878.255 54.2968
464.966 462.12
569.204 456.292
511.92 549.112
575.328 464.488
1050.33 589.157
401.902 684.647
571.203 136.5
372.64 397.08
596.271 787.686
943.617 137.853
873.927 270.976
627.047 383.953
379.088 675.698
752.875 209.223
537.93 543.592
504 453.95
593.823 860.026
671.184 302.582
1217.57 412.391
474.942 461.567
565.197 790.835
313.157 676.25
976.317 550.745
859.894 152.835
557.158 558.975
931.015 231.893
602.29 275.797
588.583 161.069
380.152 380.715
733.625 270.467
1192.27 389.363
833.898 72.7952
402.4 560.893
555.276 543.374
1044.16 683.237
644.622 163.087
1216.84 414.444
416.993 452.674
428.363 452.367
978.469 683.706
561.622 382.952
373.421 451.405
987.356 642.018
411.392 781.78
510.942 399.117
830.874 157.513
512.987 383.893
536.866 391.147
556.211 391.69
337.379 640.437
683.022 872.313
1215.92 396.337
682.758 466.101
584.388 464.668
401.397 454.652
730.038 269.996
350.116 676.664
451.925 453.075
489.849 784.975
406.756 390.185
964.809 577.396
714.097 57.5974
575.933 786.397
533.058 253.303
381.092 451.869
767.7 268.455
428.975 679.717
337.823 680.313
725.382 51.7461
469.032 529.024
972.282 784.547
504.369 450.427
905.941 240.036
563.642 579.376
584.279 392.849
725.889 274.467
1201.36 418.832
669.766 791.872
1228.09 402.188
357.193 526.462
742.149 124.611
675.996 167.317
500.749 788.775
604.33 298.4
891.548 86.4037
579.668 454.614
480.04 454.179
985.992 694.034
562.957 580.414
548.244 789.475
855.156 88.1528
656.72 786.289
444.179 782.888
516.125 265.385
926.158 139.106
653.434 68.295
970.464 716.286
537.804 623.319
1001.41 785.925
428.94 625.687
931.471 720.065
1237.34 780.722
698.315 276.049
815.487 277.783
1214.29 858.454
1135.26 635.162
409.928 585.826
533.337 90.9153
516.068 115.269
559.597 83.2847
517.472 790.037
670.414 601.459
605.298 787.629
531.428 622.628
515.109 392.047
435.071 787.385
461.496 646.281
541.831 786.047
721.075 275.064
688.892 861.255
375.987 384.959
424.22 787.538
1195.52 424.021
977.328 687.15
534.92 639.722
527.14 787.139
471.666 451.214
772.729 221.555
625.758 310.282
508.841 388.139
1003.05 674.496
328.375 871.679
955.613 892.09
740.908 171.007
579.754 546.077
895.312 297.3
1204.09 417.831
1145.47 720.316
535.212 787.089
849.394 528.553
416.488 595.04
577.591 452.817
1216.57 428.588
414.133 463.164
508.268 390.976
543.766 464.548
1296.03 790.682
568.096 274.289
427.299 461.84
335.375 629.642
908.405 288.93
458.199 468.921
819.128 288.568
409.707 683.915
413.182 381.712
1058.52 677.369
431.578 786.381
1099.16 675.885
531.855 64.7249
677.123 196.93
379.873 534.077
438.462 535.686
517.463 286.17
1200.36 426.712
575.493 278.778
1230.75 404.659
728.745 217.679
518.85 778.227
406.254 679.189
591.556 791.378
1026.63 582.122
895.795 268.778
749.932 232.976
436.598 680.803
529.379 397.148
654.161 173.255
635.56 872.007
429.856 684.893
1026.91 728.222
712.723 307.677
807.262 267.425
541.763 555.483
1200.45 393.987
662.816 781.857
1034.19 624.694
358.677 620.939
339.796 629.881
530.564 277.266
943.405 502.276
573.808 788.152
677.899 785.141
529.378 644.757
377.246 458.369
724.693 285.063
513.859 383.681
468.805 457.908
513.701 246.367
775.765 65.8263
517.929 382.873
1024.05 629.666
568.729 787.928
997.863 594.877
440.163 452.559
373.772 686.078
1021.11 609.995
402.4 560.893
1004.66 791.297
1007.08 605.948
403.822 682.508
529.256 787.238
408.112 461.198
1181.15 393.454
721.801 307.32
888.014 169.497
724.041 293.728
373.075 527.721
701.56 146.647
427.531 675.959
567.203 385.752
1186.91 403.869
379.031 388.226
580.894 785.003
999.591 611.945
463.769 461.639
500.054 784.504
386.818 680.487
576.276 383.587
1207.23 405.342
628.26 385
521.644 784.938
1023.82 672.342
541.831 786.047
443.788 645.884
476.383 382.882
506.861 785.063
389.305 682.912
572.843 300.426
455.273 621.575
581.324 791.449
1125.32 787.885
866.822 54.1269
565.52 274.405
605.298 787.629
469.463 594.786
318.854 642.616
464.61 384.368
432.87 687.374
909.113 265.489
1306.99 831.018
1267 613.596
473.62 380.545
1200.16 391.756
573.242 60.2721
961.501 708.297
701.318 150.913
383.302 581.668
759.72 151.896
909.113 265.489
949.331 589.634
1023.59 729.197
746.097 207.397
844.646 168.668
416.876 381.105
820.943 281.171
946.361 808.358
317.372 679.378
1194.67 405.601
411.039 461.873
578.136 381.353
993.441 684.786
589.661 782.393
1007.83 595.942
666.655 549.202
651.039 786.811
1315.08 755.033
682.856 792.868
517.114 553.339
1037.67 653.178
523.398 194.1
517.252 275.687
442.815 460.481
541.831 786.047
355.272 588.776
1115.66 838.363
659.333 308.309
942.083 679.037
546.039 282.567
980.606 678.807
604.039 788.971
680.577 795.639
491.781 565.452
296.387 866.628
987.185 742.098
989.721 622.949
344.412 641.848
364.043 680.906
955.43 704.502
537.402 457.853
925.761 667.856
968.839 676.372
880.084 109.746
384.504 384.117
939.847 530.679
594.729 208.86
638.268 793.388
926.158 139.106
636.408 787.069
417.776 461.389
954.143 750.735
922.577 623.208
523.398 194.1
837.121 169.434
423.968 459.606
1187.84 393.892
642.248 383.225
406.873 678.688
922.178 268.616
372.901 389.231
431.337 380.39
874.393 182.326
568.935 461.62
657.816 788.549
359.026 456.489
1195.11 438.758
466.188 458.622
289.153 881.447
940.4 807.773
439.014 781.42
934.323 247.451
873.926 266.013
486.791 456.017
540.057 466.852
602.902 783.624
618.398 542.552
438.736 678.941
511.765 106.707
468.294 463.798
1022.76 735.476
631.273 386.274
536.155 458.886
536.155 458.886
507.863 171.234
537.196 583.749
525.704 464.826
392.688 616.677
1023.75 615.208
624.798 592.599
433.761 681.527
728.591 440.036
443.761 451.14
1172.83 394.314
391.358 681.237
989.574 853.721
467.548 467.322
782.546 142.185
488.109 779.683
934.245 802.482
468.771 466.992
699.482 152.608
938.351 805.629
1050.47 660.697
985.962 710.632
553.937 264.452
643.291 791.342
463.647 646.757
958.856 676.403
537.446 634.189
772.928 64.0208
572.424 180.314
1179.72 390.69
656.276 452.912
444.022 383.022
698.354 176.705
578.948 782.349
986.019 694.893
595.143 790.874
353.962 457.677
1044.7 628.823
1192.9 393.706
504.312 190.334
438.738 680.823
534.076 455.512
429.626 391.121
1179.12 404.29
377.782 456.295
919.709 492.387
1315.08 755.033
486.329 462.673
472.756 457.524
701.554 239.753
625.789 790.079
980.298 822.074
1022.76 735.476
553.176 790.415
491.1 784.578
1036.75 702.427
921.987 256.214
1242.45 604.157
1035.55 702.453
928.896 88.9694
1184.7 423.305
902.708 144.732
1050.34 616.842
565.715 579.744
697.185 154.579
535.815 783.025
453.944 452.03
374.84 456.926
491.834 583.672
624.798 592.599
892.176 230.134
431.337 380.39
959.441 675.781
577.362 454.491
495.899 619.118
701.67 272.99
322.62 678.03
809.702 273.311
592.804 228.493
743.449 196.147
812.227 128.708
463.415 465.578
1188.59 414.647
734.587 231.574
726.894 132.083
395.407 451.24
456.335 779.051
413.434 779.213
555.54 792.541
575.493 278.778
355.272 588.776
516.69 282.629
388.577 456.324
462.83 462.089
448.967 452.39
955.368 740.926
942.302 702.137
396.847 678.94
428.393 779.313
342.41 676.329
566.994 223.632
408.833 380.48
1185.16 390.454
564.076 86.6444
547.958 526.237
393.092 454.406
584.289 173.161
373.786 385.093
922.684 612.162
650.657 793.157
377.766 388.691
633.402 863.809
514.386 87.9796
1181.89 375.307
541.831 786.047
464.966 462.12
542.36 293.413
543.84 453.712
451.959 451.835
490.672 784.777
683.357 181.645
518.815 779.782
1186.68 389.734
529.646 785.378
505.491 646.771
369.382 393.669
413.148 588.781
921.774 605.635
433.361 548.948
916.061 101.887
617.385 69.5284
401.902 684.647
464.966 462.12
1130.01 635.067
983.782 601.661
786.372 267.911
574.114 786.344
1084.2 834.109
997.644 616.3
1058.64 625.726
936.148 240.58
405.738 555.742
355.947 447.651
515.882 201.136
451.69 380.003
931.015 231.893
1179.12 404.29
532.357 557.96
1200.21 432.914
891.076 267.996
962.985 741.189
1220.37 408.379
1169.31 387.331
720.736 57.058
504.418 451.555
519.913 462.981
803.977 236.488
526.899 300.821
456.028 787.882
1019.37 690.119
892.125 166.899
530.312 780.739
1125.01 607.35
1194.17 422.717
665.542 787.198
632.125 206.142
963.637 685.853
520.11 196.414
1020.06 707.901
1025.46 551.833
578.136 381.353
1187.84 393.892
409.036 785.688
394.299 576.237
439.489 786.847
650.78 383.124
1005.74 778.595
435.242 382.002
555.183 383.803
462.535 385.667
432.471 457.627
512.057 392.289
567.831 94.036
423.968 459.606
606.12 791.167
1181.15 393.454
398.908 450.209
430.313 789.96
1144.15 783.165
244.014 884.822
938.036 209.23
1172.83 394.314
998.99 704.252
946.976 200.551
1200.45 393.987
566.649 148.387
617.8 383.163
1068.86 593.461
943.502 194.012
422.876 623.512
1185.78 373.189
1237.34 780.722
936.469 806.585
725.383 211.705
541.157 646.333
577.978 194.932
1032.62 624.809
382.314 582.53
361.333 596.267
332.264 528.669
536.018 579.652
970.965 541.184
1218.1 388.948
897.138 166.318
805.219 233.735
618.708 310.376
401.343 684.721
1033.6 775.714
435.242 382.002
356.409 593.283
1135.57 634.156
523.716 63.4955
542.021 256.185
579.256 463.812
543.091 645.566
461.223 785.901
930.649 720.347
517.911 784.719
558.365 463.483
1205.22 375.171
594.631 788.591
1205.85 419.981
565.164 463.928
904.606 141.626
1211.2 395.37
1014.21 599.177
556.485 868.021
358.691 459.922
922.38 557.547
547.835 385.668
815.564 266.988
952.362 745.822
374.366 389.093
1055.73 627.73
556.485 868.021
598.88 383.826
584.289 173.161
577.281 282.909
955.332 615.133
617.898 76.72
399.102 448.971
968.839 676.372
349.039 683.579
1005.87 709.109
528.357 596.021
905.506 266.278
447.166 458.229
543.387 275.638
804.471 273.193
887.648 260.84
410.15 390.123
579.857 133.09
418.071 775.869
399.705 455.051
560.952 461.487
892.47 229.189
600.983 785.221
341.994 680.413
944.44 194.698
624.497 79.7969
995.832 666.899
527.138 596.61
455.301 463.043
452.722 639.742
447.785 527.661
879.353 129.733
357.963 684.249
361.333 596.267
325.624 682.711
495.899 619.118
405.491 678.174
503.926 377.783
417.199 463.071
541.04 391.299
421.43 533.704
1067.08 752.892
518.271 451.83
899.497 280.082
873.937 275.672
489.849 784.975
524.943 387.986
1199.24 404.268
543.547 277.799
1190.3 390.129
523.045 457.413
1056 608.683
438.211 449.776
571.192 167.948
421.626 779.003
376.787 617.217
659.975 787.431
383.427 689.243
449.459 460.031
592.465 782.451
814.648 290.111
1133.07 771.882
890.66 269.069
705.23 54.784
971.077 589.998
391.358 681.237
567.708 252.832
600.939 787.294
976.317 550.745
536.844 230.225
665.813 594.182
1033.5 770.099
652.164 387.349
530.824 388.902
873.322 83.9507
789.623 57.7148
524.096 62.8252
722.126 120.449
869.166 267.918
924.138 137.42
429.477 624.896
974.728 571.066
420.671 639.262
626.91 298.549
505.552 448.681
427.848 687.44
453.649 450.037
467.14 454.995
1179.63 406.749
998.508 669.215
655.128 178.825
667.998 57.3217
384.17 453.178
541.708 226.008
676.656 788.508
931.934 217.893
1131.36 789.815
592.465 782.451
535.05 784.302
429.141 681.926
548.767 307.225
546.343 383.518
644.622 163.087
1052.36 649.119
416.235 678.908
651.039 786.811
435.399 685.687
498.976 622.805
628.434 786.352
548.507 296.952
457.791 785.894
1012.86 710.781
927.644 89.0837
960.227 529.6
313.382 675.574
372.76 391.85
726.318 485.067
929.091 640.684
933.096 794.67
1217.83 387.107
1007.65 612.588
428.937 457.527
422.38 787.256
610.461 276.204
914.366 210.95
422.315 453.818
460.138 383.428
554.102 463.196
582.662 568.699
1037.58 558.247
372.918 453.4
594.263 385.421
451.702 450.293
605.85 794.157
518.653 453.614
587.391 862.359
958.313 578.251
668.468 790.986
575.228 163.342
692.017 147.256
393.146 635.542
1195.52 424.021
386.225 376.249
677.163 792.606
501.668 448.138
946.007 265.542
1199.36 421.846
753.598 201.643
998.508 669.215
332.264 528.669
517.367 390.559
681.57 788.426
1215.64 434.424
916.492 268.431
974.96 602.869
537.372 238.715
491.1 784.578
375.201 381.483
1184.33 416.732
414.736 459.891
543.766 464.548
323.703 679.326
1226.89 398.616
1155.34 395.763
473.976 619.423
1078.33 653.95
725.72 306.275
527.484 87.9431
558.153 789.92
362.119 684.105
605.331 788.374
724.827 250.367
421.78 778.233
509.45 447.705
967.341 603.424
395.591 619.961
541.763 555.483
1223.77 411.647
1027.83 577.848
824.375 290.631
1192.82 391.549
499.91 462.572
888.794 271.82
667.038 796.492
553.566 282.944
577.52 537.835
964.151 688.266
512.048 787.371
424.128 620.741
931.52 99.4754
418.484 779.256
536.548 129.032
1055.64 589.593
1199.36 421.846
430.97 381.923
418.899 627.589
468.294 463.798
558.63 80.5953
433.657 684.236
457.791 785.894
527.858 456.006
353.761 677.727
438.549 462.779
1098.21 782.129
435.153 581.937
985.59 574.421
944.377 265.59
423.389 391.911
526.884 530.152
776.855 127.395
776.611 143.472
520.159 589.944
582.662 276.318
1222.63 395.662
525.704 464.826
658.082 791.66
391.05 449.826
506.565 644.247
366.593 677.235
506.876 393.349
580.099 790.906
455.301 463.043
924.472 441.935
731.126 481.045
334.82 614.906
754.057 58.6714
469.833 460.603
1062.23 703.358
901.14 84.8616
490.82 557
931.934 217.893
874.463 297.751
740.602 205.925
757.578 255.452
946.384 198.693
530.106 781.987
421.841 383.481
409.707 683.915
408.425 786.852
940.679 265.368
482.987 599.954
958.856 676.403
