0 1005
1 2891
2 2206
3 4224
4 2612
5 5590
6 3607
7 88
8 1144
9 542
10 3531
11 1237
12 392
13 1091
14 3708
15 2651
16 178
17 5095
18 1806
19 6278
20 3052
21 6402
22 6543
23 1899
24 3723
25 3185
26 4528
27 2983
28 1542
29 4092
30 2503
31 1800
32 661
33 1801
34 1817
35 1553
36 5214
37 2776
38 2489
39 5834
40 6765
41 3479
42 3096
43 1410
44 4421
45 4294
46 891
47 776
48 4355
49 1309
50 5251
51 1223
52 2701
53 5332
54 748
55 1077
56 3089
57 532
58 2593
59 519
60 2391
61 3631
62 5918
63 3534
64 3119
65 5064
66 6080
67 4949
68 838
69 3084
70 5591
71 5719
72 2497
73 3701
74 3122
75 5810
76 6815
77 4346
78 1190
79 1409
80 3275
81 2681
82 2604
83 6377
84 4085
85 401
86 6414
87 5583
88 1147
89 2501
90 2425
91 1544
92 470
93 2952
94 1220
95 6418
96 6539
97 5257
98 4405
99 199
100 1735
101 1603
102 2663
103 2269
104 3437
105 3824
106 2654
107 3214
108 3506
109 5038
110 1296
111 1666
112 1259
113 412
114 2806
115 3819
116 2377
117 2055
118 50
119 5873
120 1377
121 3566
122 1163
123 2148
124 5562
125 3877
126 4772
127 1003
128 5495
129 301
130 1387
131 6822
132 3972
133 1237
134 199
135 1734
136 6232
137 6368
138 6207
139 3316
140 4319
141 3641
142 668
143 4627
144 5802
145 2369
146 1978
147 147
148 4361
149 3663
150 4661
151 3868
152 4826
153 1543
154 1261
155 3209
156 559
157 3524
158 3260
159 6432
160 6821
161 3986
162 2087
163 6524
164 1775
165 6727
166 3671
167 1085
168 2257
169 3578
170 2089
171 5946
172 1928
173 4459
174 6305
175 798
176 3256
177 620
178 2393
179 3313
180 4370
181 434
182 4215
183 3959
184 5734
185 1550
186 6417
187 2839
188 1948
189 1202
190 5645
191 6281
192 2542
193 2512
194 4963
195 4784
196 2298
197 1240
198 3252
199 2494
200 4699
201 51
202 5712
203 3144
204 2517
205 6490
206 679
207 4654
208 6186
209 2434
210 4203
211 6954
212 1567
213 3482
214 1989
215 1656
216 4045
217 3068
218 1313
219 776
220 2930
221 5535
222 1927
223 3266
224 4226
225 6898
226 6472
227 6466
228 6538
229 4878
230 2445
231 3235
232 1486
233 3902
234 6270
235 6261
236 834
237 3873
238 1943
239 4327
240 4631
241 1788
242 6449
243 1536
244 3110
245 3348
246 4820
247 1773
248 3794
249 2615
250 3054
251 2418
252 3146
253 2527
254 1228
255 4423
256 1338
257 880
258 3786
259 6156
260 2144
261 1364
262 5559
263 2049
264 856
265 6661
266 3078
267 4538
268 4693
269 4790
270 1266
271 4769
272 189
273 1247
274 3467
275 6042
276 3310
277 678
278 542
279 2195
280 1703
281 2461
282 2723
283 442
284 6523
285 5607
286 2712
287 2748
288 841
289 1137
290 2219
291 2501
292 4576
293 1875
294 6753
295 2282
296 6215
297 1124
298 2306
299 113
300 6792
301 1663
302 210
303 4598
304 4195
305 2664
306 1781
307 5681
308 6506
309 924
310 2912
311 1341
312 5048
313 2304
314 5231
315 4328
316 5208
317 5703
318 1535
319 6969
320 1024
321 2471
322 5036
323 5563
324 5037
325 2152
326 4080
327 6412
328 3383
329 2172
330 2796
331 6662
332 4119
333 2294
334 1415
335 5098
336 3984
337 2870
338 434
339 3973
340 2902
341 2729
342 4017
343 4215
344 4193
345 516
346 2922
347 1002
348 4219
349 621
350 2354
351 1489
352 3205
353 2064
354 2062
355 330
356 2902
357 2033
358 972
359 1098
360 3842
361 4949
362 364
363 4610
364 4734
365 3521
366 1466
367 3896
368 4735
369 4744
370 6474
371 3929
372 1714
373 1284
374 1890
375 1815
376 1702
377 2620
378 704
379 2487
380 1261
381 1263
382 267
383 2108
384 2315
385 1001
386 4719
387 6896
388 5621
389 6394
390 5500
391 5264
392 4676
393 426
394 2272
395 6607
396 1306
397 4225
398 5145
399 1137
400 3874
401 4949
402 2241
403 6483
404 210
405 5987
406 1265
407 5637
408 3049
409 447
410 5142
411 4376
412 778
413 3619
414 680
415 1264
416 6707
417 3112
418 5291
419 4353
420 40
421 5280
422 4132
423 3723
424 930
425 5833
426 1925
427 4919
428 225
429 3472
430 1508
431 6564
432 6522
433 2639
434 5834
435 3188
436 3965
437 678
438 5288
439 5991
440 1046
441 4211
442 1142
443 1071
444 6000
445 3228
446 499
447 3495
448 3496
449 3955
450 455
451 3810
452 4924
453 1427
454 2249
455 2186
456 416
457 1366
458 2854
459 5154
460 2042
461 5629
462 343
463 1687
464 6956
465 3374
466 6695
467 305
468 6981
469 6575
470 6527
471 941
472 1860
473 3454
474 3205
475 1519
476 5443
477 1141
478 2715
479 4012
480 5068
481 3054
482 2048
483 5553
484 3508
485 642
486 5955
487 4829
488 2569
489 2620
490 6830
491 635
492 4480
493 1125
494 6999
495 5704
496 730
497 5486
498 2337
499 1824
500 2267
501 1619
502 3928
503 3501
504 1894
505 5998
506 1947
507 1169
508 4351
509 1802
510 2079
511 2293
512 2135
513 5754
514 4443
515 5733
516 4069
517 1193
518 5696
519 429
520 2529
521 3127
522 1735
523 1249
524 1757
525 4300
526 4812
527 5393
528 6291
529 4407
530 1392
531 569
532 2750
533 6479
534 3781
535 5973
536 2725
537 5381
538 3592
539 3577
540 4137
541 2506
542 4400
543 1522
544 2483
545 2371
546 5910
547 4133
548 2291
549 4900
550 3938
551 4
552 3338
553 1851
554 6461
555 6130
556 3927
557 2163
558 1743
559 2915
560 1677
561 833
562 4630
563 3503
564 4831
565 6960
566 618
567 3358
568 4675
569 1058
570 5755
571 4558
572 2274
573 5006
574 3507
575 5458
576 3062
577 5161
578 2259
579 2850
580 6570
581 4625
582 1132
583 1427
584 5675
585 1080
586 5688
587 1675
588 6049
589 1813
590 5768
591 6682
592 2594
593 2834
594 6325
595 6068
596 6556
597 5990
598 164
599 3926
600 2357
601 3818
602 6489
603 2040
604 1619
605 5614
606 1335
607 636
608 6156
609 452
610 2715
611 5799
612 5085
613 5621
614 2510
615 5162
616 1214
617 2854
618 4871
619 3876
620 599
621 6702
622 625
623 37
624 6742
625 6123
626 1945
627 1942
628 2245
629 2106
630 3508
631 5060
632 5247
633 6462
634 3324
635 3438
636 6587
637 4912
638 4145
639 1817
640 2610
641 2516
642 4700
643 1774
644 184
645 2398
646 4317
647 5295
648 2618
649 3197
650 5263
651 6744
652 3037
653 1657
654 1019
655 4129
656 2101
657 3085
658 46
659 6681
660 5342
661 1128
662 4829
663 3055
664 2092
665 1503
666 3028
667 5435
668 3331
669 4979
670 844
671 3404
672 53
673 3361
674 5546
675 748
676 4959
677 3370
678 13
679 3302
680 1983
681 2417
682 1129
683 4316
684 2559
685 4805
686 1865
687 1307
688 6079
689 5589
690 5236
691 4051
692 3815
693 1009
694 2545
695 1080
696 2213
697 1990
698 4787
699 4899
700 5661
701 6225
702 3070
703 2462
704 1301
705 280
706 5660
707 5196
708 2440
709 5448
710 1894
711 3195
712 5444
713 587
714 4341
715 4009
716 1080
717 6357
718 3741
719 4099
720 1511
721 1611
722 2591
723 4310
724 2082
725 2928
726 4046
727 655
728 3436
729 5480
730 3109
731 5543
732 6418
733 5442
734 5747
735 853
736 517
737 3688
738 6085
739 3990
740 1762
741 5061
742 2871
743 159
744 5473
745 4128
746 3437
747 2420
748 2822
749 216
750 4831
751 6245
752 3783
753 5812
754 2012
755 4424
756 362
757 3392
758 2942
759 3782
760 2843
761 1342
762 5841
763 3693
764 2448
765 6292
766 1457
767 6331
768 6605
769 5621
770 4310
771 2081
772 3814
773 5404
774 1476
775 4326
776 5570
777 1596
778 2829
779 3729
780 5
781 4987
782 559
783 4683
784 2840
785 573
786 4576
787 1100
788 9
789 5036
790 5281
791 5812
792 2303
793 3805
794 595
795 1611
796 1653
797 3487
798 3328
799 2240
800 2463
801 1777
802 5737
803 3380
804 1964
805 1848
806 754
807 2738
808 5375
809 3054
810 220
811 4002
812 2400
813 529
814 4112
815 1190
816 2533
817 1907
818 1961
819 2740
820 2302
821 3921
822 6789
823 960
824 5897
825 2585
826 2478
827 5492
828 2089
829 4402
830 4529
831 914
832 4540
833 5243
834 5620
835 2368
836 1566
837 3392
838 6170
839 2082
840 6846
841 3555
842 2062
843 3719
844 5652
845 2698
846 3024
847 3880
848 1725
849 3712
850 5257
851 3483
852 4398
853 4682
854 686
855 2196
856 6956
857 2401
858 842
859 6539
860 1687
861 6030
862 1638
863 5488
864 5512
865 4379
866 5727
867 9
868 4200
869 6018
870 2053
871 834
872 3837
873 5010
874 3856
875 1890
876 1591
877 5210
878 6171
879 5935
880 1821
881 3231
882 5674
883 6723
884 6526
885 2523
886 5512
887 3387
888 2054
889 2202
890 6803
891 3834
892 369
893 3423
894 6269
895 4308
896 5103
897 86
898 1535
899 4222
900 5553
901 3876
902 2828
903 5450
904 3860
905 3676
906 3404
907 6021
908 566
909 2040
910 4618
911 1931
912 2255
913 1309
914 367
915 1746
916 281
917 2324
918 3696
919 796
920 3201
921 6106
922 684
923 4868
924 414
925 5688
926 1813
927 1321
928 1928
929 2596
930 1019
931 2598
932 1124
933 3473
934 3477
935 4232
936 5784
937 920
938 1193
939 628
940 2256
941 3199
942 764
943 597
944 3251
945 2395
946 57
947 594
948 1473
949 3574
950 3392
951 1165
952 5938
953 3322
954 1337
955 6443
956 3137
957 609
958 4920
959 1019
960 5893
961 2854
962 1773
963 437
964 541
965 3268
966 5887
967 564
968 4785
969 2411
970 2222
971 6668
972 4674
973 4988
974 1070
975 3147
976 5049
977 3642
978 5951
979 6303
980 4231
981 1184
982 6601
983 6234
984 4715
985 121
986 3935
987 5444
988 2211
989 5367
990 6060
991 1002
992 1685
993 1040
994 6045
995 2639
996 4795
997 5008
998 4094
999 2019
1000 1268
1001 475
1002 210
1003 890
1004 1860
1005 3993
1006 123
1007 5487
1008 426
1009 5528
1010 6236
1011 2898
1012 5827
1013 1163
1014 2062
1015 5781
1016 2457
1017 6294
1018 1934
1019 779
1020 3218
1021 2692
1022 1280
1023 2746
1024 1661
1025 244
1026 1963
1027 1986
1028 203
1029 2087
1030 5788
1031 3256
1032 6388
1033 1260
1034 1411
1035 5805
1036 4019
1037 4108
1038 1887
1039 339
1040 6989
1041 78
1042 3385
1043 5706
1044 2532
1045 4369
1046 2330
1047 1915
1048 3862
1049 1609
1050 3003
1051 1535
1052 4198
1053 5435
1054 5830
1055 4013
1056 3113
1057 5734
1058 857
1059 1868
1060 3684
1061 6169
1062 889
1063 3686
1064 1571
1065 839
1066 1622
1067 6173
1068 1242
1069 3971
1070 5554
1071 6781
1072 3341
1073 6490
1074 5796
1075 2674
1076 1821
1077 156
1078 3612
1079 3431
1080 4170
1081 6915
1082 3825
1083 4358
1084 743
1085 3758
1086 4452
1087 2808
1088 266
1089 3861
1090 1405
1091 1894
1092 2861
1093 6797
1094 4362
1095 2300
1096 2865
1097 6778
1098 6514
1099 6980
1100 2341
1101 2237
1102 1857
1103 4698
1104 2031
1105 2799
1106 3445
1107 1205
1108 838
1109 276
1110 1805
1111 6191
1112 947
1113 5809
1114 5537
1115 5455
1116 881
1117 3096
1118 2106
1119 4149
1120 3109
1121 2314
1122 5585
1123 2075
1124 4515
1125 1403
1126 2422
1127 1805
1128 4004
1129 6542
1130 3382
1131 6778
1132 3132
1133 3739
1134 6469
1135 6710
1136 960
1137 2938
1138 4765
1139 3217
1140 5379
1141 5690
1142 5025
1143 1301
1144 2940
1145 6023
1146 2362
1147 99
1148 6399
1149 22
1150 5796
1151 838
1152 3825
1153 4014
1154 3163
1155 4448
1156 216
1157 1149
1158 856
1159 4436
1160 6506
1161 614
1162 5845
1163 3597
1164 6825
1165 4777
1166 2414
1167 741
1168 5615
1169 2320
1170 5931
1171 2559
1172 2359
1173 1537
1174 3820
1175 3660
1176 1186
1177 468
1178 4001
1179 2303
1180 3319
1181 188
1182 3390
1183 4409
1184 2923
1185 450
1186 5579
1187 2039
1188 3026
1189 5197
1190 1187
1191 6258
1192 4079
1193 1626
1194 675
1195 5247
1196 3871
1197 2450
1198 1205
1199 4121
1200 1301
1201 2923
1202 2620
1203 1237
1204 1108
1205 2519
1206 5247
1207 422
1208 4979
1209 4819
1210 5454
1211 4830
1212 4561
1213 4741
1214 6391
1215 5720
1216 3991
1217 2800
1218 1683
1219 2592
1220 5502
1221 1443
1222 486
1223 2078
1224 1612
1225 6773
1226 1386
1227 4844
1228 6097
1229 672
1230 5445
1231 2536
1232 4170
1233 3633
1234 1370
1235 5106
1236 2012
1237 5263
1238 1988
1239 3662
1240 511
1241 3770
1242 2090
1243 5219
1244 3991
1245 3801
1246 5228
1247 364
1248 1726
1249 5266
1250 4184
1251 2067
1252 2078
1253 2577
1254 3951
1255 759
1256 5560
1257 2082
1258 905
1259 1736
1260 3306
1261 3746
1262 1024
1263 5425
1264 351
1265 5037
1266 4356
1267 4034
1268 1130
1269 2023
1270 5665
1271 838
1272 4828
1273 6654
1274 5214
1275 4137
1276 3898
1277 5510
1278 6361
1279 3558
1280 1902
1281 4420
1282 530
1283 1581
1284 912
1285 4357
1286 2843
1287 5214
1288 2428
1289 5374
1290 988
1291 3080
1292 4575
1293 678
1294 2970
1295 3097
1296 2244
1297 6132
1298 5501
1299 5671
1300 1539
1301 3027
1302 642
1303 1546
1304 4822
1305 1411
1306 4966
1307 2146
1308 6038
1309 6137
1310 4573
1311 3763
1312 618
1313 4692
1314 1646
1315 4908
1316 2512
1317 3314
1318 6697
1319 6638
1320 3916
1321 3957
1322 1727
1323 5234
1324 2007
1325 966
1326 45
1327 1763
1328 3427
1329 5968
1330 5994
1331 2292
1332 3467
1333 6539
1334 6608
1335 1380
1336 5264
1337 3963
1338 3472
1339 4744
1340 5619
1341 5544
1342 2322
1343 1231
1344 2858
1345 6598
1346 3288
1347 1808
1348 4900
1349 5662
1350 6749
1351 4011
1352 4421
1353 851
1354 2679
1355 6337
1356 240
1357 6677
1358 4980
1359 2953
1360 4258
1361 2270
1362 6342
1363 2719
1364 421
1365 440
1366 6285
1367 4348
1368 5287
1369 5442
1370 997
1371 1528
1372 113
1373 4296
1374 1925
1375 2605
1376 1681
1377 4098
1378 1148
1379 606
1380 2502
1381 5940
1382 5743
1383 3051
1384 2192
1385 2187
1386 5228
1387 5685
1388 2726
1389 5794
1390 4161
1391 3417
1392 6920
1393 6986
1394 3698
1395 3120
1396 6734
1397 2968
1398 3950
1399 3692
1400 5263
1401 3502
1402 2696
1403 1854
1404 2027
1405 2876
1406 5394
1407 4933
1408 2033
1409 5057
1410 3195
1411 989
1412 5478
1413 4318
1414 3261
1415 5389
1416 790
1417 6659
1418 3807
1419 3391
1420 1651
1421 2645
1422 1577
1423 3458
1424 1228
1425 2082
1426 2088
1427 2580
1428 1605
1429 4728
1430 5930
1431 5696
1432 1671
1433 4862
1434 2104
1435 1451
1436 4016
1437 2624
1438 5575
1439 3944
1440 1966
1441 38
1442 3247
1443 2346
1444 3458
1445 4872
1446 4249
1447 4073
1448 1997
1449 3399
1450 4512
1451 3014
1452 1745
1453 1594
1454 6512
1455 6535
1456 4750
1457 5579
1458 4785
1459 5072
1460 3182
1461 2511
1462 6110
1463 4992
1464 733
1465 4099
1466 1433
1467 4642
1468 4784
1469 1574
1470 6001
1471 1579
1472 742
1473 5140
1474 3900
1475 5752
1476 4720
1477 5284
1478 4245
1479 4647
1480 1970
1481 6070
1482 3717
1483 3591
1484 6610
1485 2526
1486 4187
1487 3321
1488 6334
1489 1240
1490 6462
1491 2145
1492 2304
1493 1908
1494 3589
1495 2028
1496 3042
1497 4005
1498 5102
1499 3657
1500 1842
1501 2154
1502 4131
1503 5585
1504 3670
1505 1166
1506 3070
1507 6076
1508 5540
1509 2944
1510 3344
1511 5287
1512 4173
1513 1532
1514 4809
1515 2513
1516 598
1517 1145
1518 4341
1519 647
1520 4665
1521 5739
1522 5551
1523 3476
1524 1189
1525 2937
1526 4250
1527 683
1528 354
1529 4863
1530 4144
1531 2282
1532 2613
1533 5249
1534 6858
1535 554
1536 2190
1537 1400
1538 6705
1539 3789
1540 1375
1541 946
1542 3136
1543 5339
1544 1117
1545 2028
1546 4981
1547 902
1548 1443
1549 5477
1550 790
1551 5950
1552 3295
1553 6360
1554 3486
1555 4207
1556 4711
1557 1412
1558 5172
1559 6290
1560 6399
1561 2968
1562 5867
1563 5417
1564 95
1565 5567
1566 4974
1567 1986
1568 4267
1569 1242
1570 1169
1571 2731
1572 4683
1573 640
1574 4076
1575 3327
1576 2079
1577 1581
1578 5407
1579 1858
1580 5707
1581 4598
1582 3733
1583 4292
1584 5053
1585 97
1586 2707
1587 1082
1588 1014
1589 2285
1590 6568
1591 1607
1592 6806
1593 5696
1594 4456
1595 6109
1596 4175
1597 4958
1598 4480
1599 1635
1600 3057
1601 3219
1602 3859
1603 1937
1604 5448
1605 2666
1606 3606
1607 872
1608 4380
1609 3186
1610 6134
1611 2152
1612 5819
1613 2409
1614 756
1615 5349
1616 4727
1617 4040
1618 4884
1619 2637
1620 4142
1621 4072
1622 5252
1623 2423
1624 6316
1625 2033
1626 6678
1627 560
1628 4963
1629 4481
1630 1946
1631 2465
1632 2208
1633 4443
1634 3838
1635 1576
1636 773
1637 3251
1638 2430
1639 2364
1640 4844
1641 4153
1642 821
1643 5234
1644 4512
1645 2066
1646 2967
1647 2762
1648 4502
1649 5415
1650 751
1651 1761
1652 60
1653 2036
1654 5258
1655 2656
1656 5464
1657 892
1658 2799
1659 2334
1660 3274
1661 3522
1662 713
1663 1511
1664 3053
1665 2495
1666 2339
1667 5372
1668 5501
1669 6071
1670 6250
1671 1638
1672 3752
1673 2268
1674 407
1675 1971
1676 3945
1677 1992
1678 1262
1679 5676
1680 4062
1681 1799
1682 939
1683 31
1684 4900
1685 1940
1686 3602
1687 1678
1688 5059
1689 4251
1690 3218
1691 3876
1692 1233
1693 1839
1694 2205
1695 6470
1696 4097
1697 2595
1698 4373
1699 3925
1700 3859
1701 2609
1702 2676
1703 6754
1704 5237
1705 2688
1706 6768
1707 761
1708 4381
1709 4060
1710 1233
1711 6435
1712 5482
1713 6736
1714 212
1715 1672
1716 5865
1717 2116
1718 1799
1719 1640
1720 1621
1721 483
1722 4884
1723 2873
1724 3229
1725 5272
1726 4358
1727 5639
1728 5462
1729 3885
1730 2964
1731 5512
1732 5103
1733 4698
1734 1221
1735 1549
1736 4551
1737 196
1738 5440
1739 2783
1740 2078
1741 596
1742 214
1743 2865
1744 5943
1745 454
1746 4864
1747 2096
1748 4862
1749 6059
1750 3252
1751 4555
1752 2358
1753 1864
1754 3443
1755 5401
1756 3685
1757 6713
1758 4090
1759 4929
1760 4507
1761 1320
1762 2066
1763 3155
1764 2706
1765 3724
1766 3109
1767 4649
1768 5533
1769 3467
1770 2473
1771 6461
1772 6758
1773 2994
1774 4059
1775 2579
1776 1710
1777 3527
1778 1482
1779 6209
1780 730
1781 6906
1782 2269
1783 1515
1784 2174
1785 6265
1786 5107
1787 4127
1788 4485
1789 1982
1790 2075
1791 4965
1792 3492
1793 2063
1794 2787
1795 1746
1796 5252
1797 3772
1798 6530
1799 2178
1800 395
1801 397
1802 2705
1803 5415
1804 5911
1805 4378
1806 5705
1807 1199
1808 5700
1809 1996
1810 1141
1811 1456
1812 6554
1813 6625
1814 5694
1815 3931
1816 1257
1817 1805
1818 1624
1819 1938
1820 3822
1821 1589
1822 3509
1823 3533
1824 4941
1825 2811
1826 3909
1827 5681
1828 3457
1829 5367
1830 6258
1831 2521
1832 1504
1833 4431
1834 3114
1835 4255
1836 81
1837 5233
1838 5403
1839 5278
1840 1441
1841 3142
1842 5660
1843 2159
1844 3753
1845 599
1846 4455
1847 741
1848 398
1849 6405
1850 3224
1851 5698
1852 3789
1853 1760
1854 4509
1855 4366
1856 1131
1857 3206
1858 5892
1859 6772
1860 3534
1861 4389
1862 1384
1863 5071
1864 4282
1865 3979
1866 1686
1867 2765
1868 5955
1869 1824
1870 4644
1871 5267
1872 2676
1873 2408
1874 6558
1875 5832
1876 1768
1877 1941
1878 1192
1879 4122
1880 5181
1881 2347
1882 4965
1883 892
1884 3491
1885 5200
1886 6968
1887 6760
1888 1967
1889 6129
1890 106
1891 3209
1892 223
1893 1151
1894 4683
1895 2212
1896 2345
1897 2883
1898 4300
1899 2037
1900 3218
1901 5235
1902 4903
1903 2171
1904 2459
1905 4964
1906 2058
1907 4750
1908 6693
1909 2132
1910 4082
1911 663
1912 6292
1913 2561
1914 43
1915 103
1916 3977
1917 6775
1918 4855
1919 4857
1920 1020
1921 6776
1922 3824
1923 6383
1924 1715
1925 5213
1926 15
1927 3308
1928 4660
1929 2859
1930 4393
1931 4141
1932 4185
1933 5328
1934 2717
1935 2763
1936 2814
1937 1542
1938 3794
1939 4963
1940 3259
1941 1738
1942 455
1943 4199
1944 2773
1945 3750
1946 5720
1947 3721
1948 5983
1949 6569
1950 6845
1951 3776
1952 5379
1953 5390
1954 3516
1955 698
1956 4346
1957 6731
1958 259
1959 2367
1960 5396
1961 3300
1962 324
1963 3731
1964 2155
1965 2112
1966 1486
1967 1034
1968 3543
1969 4590
1970 3770
1971 6468
1972 4225
1973 5302
1974 4335
1975 1631
1976 5179
1977 6733
1978 2246
1979 1827
1980 5127
1981 944
1982 4315
1983 4436
1984 1538
1985 4096
1986 3505
1987 1135
1988 4913
1989 5660
1990 745
1991 5413
1992 428
1993 30
1994 2958
1995 2141
1996 6039
1997 1245
1998 4802
1999 4293
2000 6602
2001 5748
2002 628
2003 3553
2004 2830
2005 1933
2006 816
2007 3976
2008 2266
2009 4245
2010 2817
2011 2512
2012 4916
2013 4517
2014 6962
2015 2596
2016 685
2017 4882
2018 5000
2019 3760
2020 4298
2021 4985
2022 4171
2023 2780
2024 5269
2025 2044
2026 1059
2027 1837
2028 4233
2029 860
2030 4036
2031 4579
2032 1594
2033 4035
2034 1348
2035 4566
2036 4320
2037 6207
2038 2075
2039 5296
2040 4176
2041 4220
2042 1770
2043 1111
2044 6938
2045 233
2046 3401
2047 849
2048 3311
2049 3178
2050 205
2051 2439
2052 1193
2053 3851
2054 743
2055 1899
2056 300
2057 5206
2058 4730
2059 2273
2060 2587
2061 444
2062 6109
2063 46
2064 3194
2065 2540
2066 2590
2067 2197
2068 6113
2069 3773
2070 6894
2071 2547
2072 1366
2073 3501
2074 1184
2075 6424
2076 6713
2077 4972
2078 1594
2079 3149
2080 6954
2081 3469
2082 4417
2083 6856
2084 6139
2085 210
2086 5296
2087 2957
2088 4844
2089 3475
2090 900
2091 5550
2092 3846
2093 6748
2094 4236
2095 1832
2096 1186
2097 4399
2098 2655
2099 1697
2100 2137
2101 6534
2102 2199
2103 5479
2104 6879
2105 2628
2106 7001
2107 1823
2108 1785
2109 3779
2110 6812
2111 3618
2112 3097
2113 595
2114 1559
2115 6027
2116 1201
2117 1516
2118 3129
2119 1700
2120 2614
2121 5499
2122 6753
2123 3207
2124 159
2125 5160
2126 10
2127 2299
2128 4966
2129 4810
2130 2639
2131 4518
2132 1789
2133 3992
2134 2404
2135 2170
2136 2324
2137 804
2138 3648
2139 4785
2140 3639
2141 4189
2142 4412
2143 1755
2144 4060
2145 2057
2146 4810
2147 1382
2148 6138
2149 2775
2150 5011
2151 3811
2152 4021
2153 6367
2154 4140
2155 2917
2156 3459
2157 1542
2158 4711
2159 1511
2160 1166
2161 6219
2162 5276
2163 2932
2164 1347
2165 5266
2166 1237
2167 2616
2168 6123
2169 3476
2170 2797
2171 6065
2172 3672
2173 6920
2174 4246
2175 5763
2176 1358
2177 1201
2178 1001
2179 1583
2180 5888
2181 3405
2182 2488
2183 4188
2184 6539
2185 5206
2186 3087
2187 6884
2188 6539
2189 3113
2190 3516
2191 5431
2192 4705
2193 5436
2194 3510
2195 6083
2196 4056
2197 3512
2198 3709
2199 6325
2200 278
2201 3666
2202 2565
2203 1570
2204 6823
2205 4991
2206 2988
2207 6210
2208 5209
2209 5376
2210 1412
2211 4025
2212 44
2213 2003
2214 1099
2215 5977
2216 3347
2217 4088
2218 3983
2219 2618
2220 5892
2221 1835
2222 3034
2223 4405
2224 7015
2225 3236
2226 2299
2227 1828
2228 1798
2229 5205
2230 2057
2231 3369
2232 434
2233 317
2234 1568
2235 3394
2236 2627
2237 3589
2238 6533
2239 2148
2240 2411
2241 6551
2242 1911
2243 1261
2244 3649
2245 5257
2246 2885
2247 6648
2248 5267
2249 6341
2250 4606
2251 5424
2252 5987
2253 425
2254 446
2255 2465
2256 5508
2257 1319
2258 3201
2259 4749
2260 5996
2261 3854
2262 1133
2263 32
2264 2734
2265 1280
2266 1993
2267 3783
2268 6162
2269 616
2270 2792
2271 1569
2272 2813
2273 560
2274 198
2275 1530
2276 3086
2277 285
2278 1965
2279 5577
2280 2225
2281 2956
2282 2874
2283 1528
2284 5899
2285 4871
2286 5526
2287 708
2288 437
2289 1739
2290 6557
2291 6223
2292 3563
2293 453
2294 2054
2295 4763
2296 1746
2297 4264
2298 6765
2299 1417
2300 1878
2301 6182
2302 2920
2303 937
2304 3520
2305 4126
2306 3418
2307 5204
2308 7002
2309 5898
2310 1762
2311 3408
2312 6255
2313 5003
2314 839
2315 3013
2316 5521
2317 932
2318 478
2319 3381
2320 2932
2321 1544
2322 2308
2323 5147
2324 4390
2325 6300
2326 5194
2327 5381
2328 6857
2329 3369
2330 2919
2331 6452
2332 6870
2333 697
2334 3394
2335 4322
2336 3550
2337 5533
2338 661
2339 2297
2340 2026
2341 1652
2342 3901
2343 877
2344 5511
2345 2807
2346 1143
2347 5311
2348 762
2349 43
2350 3471
2351 4214
2352 4957
2353 1951
2354 5970
2355 5101
2356 6285
2357 5809
2358 5397
2359 6098
2360 2661
2361 3866
2362 2067
2363 4554
2364 746
2365 3970
2366 5802
2367 1590
2368 724
2369 3337
2370 6440
2371 4465
2372 1917
2373 4106
2374 4294
2375 4605
2376 3432
2377 1182
2378 5851
2379 2774
2380 815
2381 157
2382 5578
2383 6950
2384 468
2385 3560
2386 3655
2387 5831
2388 1676
2389 4828
2390 1789
2391 3188
2392 479
2393 1006
2394 1089
2395 5141
2396 6400
2397 4221
2398 3585
2399 1205
2400 355
2401 4990
2402 2835
2403 2034
2404 5253
2405 4089
2406 2440
2407 4240
2408 4683
2409 2092
2410 1270
2411 315
2412 6578
2413 4453
2414 2877
2415 1621
2416 5229
2417 6502
2418 5603
2419 2208
2420 2346
2421 1097
2422 3030
2423 5932
2424 6944
2425 4384
2426 3187
2427 6202
2428 3182
2429 6751
2430 2119
2431 2842
2432 6578
2433 4138
2434 5664
2435 5279
2436 2334
2437 498
2438 5211
2439 2852
2440 6659
2441 3219
2442 1582
2443 4162
2444 6590
2445 5762
2446 1694
2447 1770
2448 6535
2449 6935
2450 1271
2451 1207
2452 4713
2453 5476
2454 6106
2455 4632
2456 1016
2457 4977
2458 6138
2459 2975
2460 1787
2461 3378
2462 6927
2463 3243
2464 4599
2465 2709
2466 2993
2467 6317
2468 2694
2469 4371
2470 3442
2471 4557
2472 1902
2473 4977
2474 261
2475 6796
2476 2001
2477 4667
2478 931
2479 5526
2480 2268
2481 802
2482 453
2483 83
2484 534
2485 1391
2486 1592
2487 929
2488 4353
2489 2954
2490 6423
2491 4239
2492 6210
2493 6553
2494 4820
2495 6289
2496 805
2497 6499
2498 653
2499 5295
