0.708652 -1.18812 1.2991 0.778856
2.53067 -2.79962 2.56962 2.07247
1.22528 -1.34192 1.44379 1.00156
0.526345 -1.73722 3.14254 0.395267
3.69173 2.36415 -1.73405 5.44575
0.233791 2.0975 -4.21402 0.472007
1.30596 -0.57799 0.633845 0.96605
0.242687 1.51819 -2.18259 -1.34788
-1.00927 1.31455 -1.1043 -0.748756
-0.073299 -2.53809 5.17864 -0.745535
-0.429624 -0.970771 0.992294 -0.485541
1.36593 0.105715 -0.187982 1.34801
-1.11072 -0.146884 -0.065322 -1.54044
0.08383 1.09004 -1.53058 -0.104471
-1.18612 2.2234 -9.43854 -6.26592
6.43021 -13.536 14.458 3.58333
-1.46322 0.12885 -1.04918 -1.91902
6.73893 3.72672 -1.24688 6.67959
-7.22042 9.95638 -11.5193 -7.46256
-0.606908 0.847801 -0.847801 -0.606908
-1.1861 -2.0113 4.94553 1.84062
0.947677 -0.537767 0.805919 1.03348
-0.702056 -0.836567 0.895321 -0.734547
0.16736 -2.17292 2.03794 -0.013425
1.31827 0.328377 -1.24932 1.79478
1.88979 -1.84056 1.4421 0.949947
-1.28226 -0.555449 0.469437 -1.82817
-0.254419 -1.8693 1.53164 0.285127
1.67483 -1.23195 0.678788 1.71436
1.67027 -7.23673 3.21883 -0.58873
-4.08891 1.41044 -2.96126 -4.04254
-0.94822 2.09757 -2.9595 -2.18402
1.49757 -1.21886 5.21935 1.70848
1.01717 -1.50154 1.22693 0.533417
0.804099 1.05729 -2.48077 1.36899
0.95343 -1.22841 1.15231 0.431882
1.15188 -0.0384 -0.200623 1.34667
-1.05501 1.25666 -1.47994 -0.35301
-1.39988 1.09492 0.432938 -4.95018
-0.545988 1.05205 -1.10398 -0.916767
2.10975 1.1788 -1.23995 3.49798
1.00697 0.48909 -0.574215 1.06092
2.04023 0.080074 0.251562 1.09587
-1.85085 -0.936422 0.288536 -1.83356
1.33098 0.321954 -0.305036 1.88337
-0.323706 8.52722 -9.77247 -0.333921
0.881601 0.836177 -1.12719 0.668927
-0.788257 -0.750216 0.833236 -0.768735
-0.612961 -0.918177 0.886183 -0.554833
-8.87291 -5.9326 7.41558 -8.76696
0.407088 -1.71097 2.43903 0.796433
-1.07035 -0.95631 1.15146 -1.00658
-7.17016 -29.831 26.0166 -23.2826
-115.361 4.48303 11.7302 -144.096
1.20097 -1.2612 1.02317 0.578141
0.650456 -3.208 3.06487 -0.568942
0.410834 2.61117 -3.48696 0.297668
-0.428274 -1.01906 2.78755 -1.07169
-0.991298 1.15728 -0.445252 -1.80542
-0.679997 1.2179 -1.13777 -0.480307
-0.401027 1.26141 -0.978158 -0.469378
1.10882 0.034351 -0.16379 1.85032
-1.02875 -1.33789 0.610826 -1.74822
1.0772 0.815339 -0.842698 1.85821
1.05515 -0.658215 0.805168 0.905206
0.281535 1.00527 -1.00399 0.278306
1.23955 -2.15326 7.21342 4.04721
-0.910014 -0.919038 1.24623 -1.34513
-2.14037 -1.65976 2.12051 -2.86593
-1.94939 -0.879729 1.71715 -2.36378
1.16943 1.48673 -1.41955 1.30283
-1.11493 -0.522421 0.24633 -1.28903
-0.824931 -0.869425 1.08519 -0.978992
0.871077 0.607968 -1.12459 1.2282
0.614396 -1.34068 2.09293 -0.372934
0.893062 -0.884115 2.58416 1.26179
-0.229819 1.21195 -1.47436 0.195604
-2.30713 0.133168 0.093327 -2.62377
0.640656 -0.856352 1.66222 1.14938
3.11856 -3.52528 12.4586 7.46669
-0.8616 0.819986 -0.939696 -0.69524
1.11591 -1.42925 2.21374 1.37864
1.41053 -1.59163 1.41291 1.03203
0.679475 -0.823252 1.03405 0.742837
-0.643778 1.06159 -1.0283 -0.435442
1.02806 -1.01787 1.02785 0.618034
-0.825638 1.28482 -1.17336 -0.695098
0.691272 -1.03129 1.20766 0.7394
2.15426 -0.626713 0.198756 1.83317
-0.003703 -1.78562 1.47617 -0.782012
-0.046302 1.14901 -1.21057 0.177064
0.887946 0.658541 -0.703935 0.819186
-1.04843 -0.332403 0.553126 -1.13976
-1.81559 -1.00515 1.19739 -1.93968
-1.29261 1.32344 -0.995674 -0.754838
3.18564 0.99267 -1.31192 2.93855
-0.226553 1.08998 -1.46044 -0.049611
0.446089 1.24584 -1.41291 0.85073
0.723624 0.891273 -1.06348 0.586015
-1.54273 2.8913 -3.92702 -3.31446
-0.949877 -1.7131 3.0541 -1.48929
-1.15375 1.22145 -1.09306 -0.651244
1.26277 -1.73619 2.4368 0.810861
1.05871 -2.52927 2.26736 1.4292
-0.890085 1.42006 -1.22555 -0.563314
-0.679273 -0.908707 1.22089 -0.636714
-1.43131 1.45972 -1.31289 -0.953358
-0.81781 -0.734285 1.19038 -1.40657
-0.817478 0.703534 -0.805938 -0.839698
-2.13639 0.74238 -0.250953 -1.86068
-0.566361 0.916654 -1.19907 -0.54331
-0.597344 0.875649 -1.54835 -1.02417
-0.054355 -1.38865 1.32335 -0.577753
1.12782 -0.05702 -0.197852 1.78577
0.985016 -0.837571 1.57195 0.779606
-0.731827 0.788254 -0.90003 -0.821364
-2.72732 0.516212 0.392103 -1.53702
-3.00674 -3.34093 3.29609 -3.99238
0.671585 1.75908 -2.15627 1.25283
0.769819 -1.05069 0.858027 0.67031
-0.061042 -1.85758 1.28889 -0.596439
-1.35502 -0.322116 0.839003 -1.56058
-1.2915 -0.800996 1.41874 -0.904849
-1.79387 2.53097 -3.03736 -2.58739
-1.03072 1.17137 -1.57687 -0.93164
0.498426 -1.10899 1.14128 0.236992
0.450693 -1.0229 1.06428 0.590096
13.135 -4.44845 5.67505 9.6622
0.517686 -0.971141 3.01114 2.13525
1.26405 0.866946 -2.00495 1.91986
0.832494 0.677691 -1.09794 0.970776
-17.5705 0.680413 3.71577 -12.8612
-1.60569 1.7654 -1.67521 -1.25062
1.14951 -0.780585 1.3907 0.7354
0.778758 1.03797 -1.39051 1.20904
0.563914 -1.13812 1.10074 0.660043
-0.024159 1.07623 -1.08238 0.010171
-0.634628 1.20376 -2.48711 0.077301
0.183451 -1.65365 6.10704 -0.07772
-0.070688 -1.75404 1.3973 -0.18981
-1.24654 0.060874 0.699911 -1.69199
2.04976 -1.66144 3.15359 0.244988
-0.977036 -1.54393 1.15889 -1.66395
0.181693 -1.14843 4.0781 -0.026248
2.26058 -2.40075 2.10268 2.09066
1.37071 0.472216 -1.22734 1.59691
-1.80379 1.82735 -1.01868 -1.15307
1.74154 -1.7875 2.19491 1.00469
0.856616 0.774715 -0.895721 0.732861
-1.71128 -0.736589 1.12295 -3.87492
-0.979584 -0.616861 0.521296 -1.16717
-0.850426 0.726645 -4.36781 -3.22964
0.271227 1.05305 -1.17487 0.430584
-1.12908 1.36134 -1.36505 -0.845182
1.19763 -1.40779 1.4328 0.976265
-0.387395 -1.14583 1.92295 -0.970912
1.12356 -1.05173 1.36732 0.718132
-1.01807 -0.953625 0.841909 -1.19134
0.774543 -1.36104 3.46142 1.52708
1.07737 0.651687 -1.0725 0.851305
1.77591 -0.128564 3.36159 2.37741
1.06306 1.63285 -1.83699 1.07182
1.96304 -4.32555 5.35102 1.95247
-1.22448 0.089419 0.084554 -1.14135
-0.649446 0.831869 -3.47185 -2.52827
-4.95694 -2.93893 4.18074 -4.92124
0.670884 -1.00633 0.848247 0.792822
-0.696269 0.83905 -1.55271 -1.12753
0.353542 -4.68664 5.97497 0.028163
-0.741906 -0.781718 0.834311 -0.757463
-1.52434 0.644399 -0.264124 -1.38735
0.544534 -0.925353 1.02909 0.484416
2.86277 -2.96794 1.32883 0.871211
4.01755 2.99745 -3.79204 3.39284
0.187128 -1.05254 2.00641 0.001974
0.040454 -2.39872 2.15473 -0.198287
-1.0274 -1.03611 1.38314 -0.417479
-1.01387 -0.398794 0.92766 -2.11855
-1.33057 2.96679 -1.48651 -2.88446
1.6112 -1.39369 0.872946 0.891591
-0.825311 -0.734236 1.23526 -1.39473
1.11223 -0.065159 0.010644 1.07984
0.12918 1.24427 -1.18646 0.524551
0.366845 0.993862 -1.16166 0.50012
2.31755 -0.469815 1.23979 2.5041
-1.07378 1.11754 -0.933887 -0.646828
1.62528 -2.28916 2.6849 1.14713
0.611321 -0.927496 1.4057 0.582114
1.30454 -1.62041 2.22304 1.20704
-2.27594 2.34377 -1.25012 -0.71137
-0.451652 1.19899 -1.60602 0.011199
0.580259 -0.939601 1.09518 0.5044
2.43769 -3.7441 7.52764 6.42238
1.87485 -1.76833 1.20724 0.840949
-0.462473 1.11927 -0.960288 -0.50264
8.25423 -4.29929 6.42623 13.3981
-38.9599 -22.1263 24.2274 -19.8739
-1.62631 1.2112 -1.72643 -1.9179
-0.465307 1.42671 -1.44991 0.292624
0.623808 1.0797 -1.64749 0.784236
1.04439 -1.38831 1.24075 0.788472
0.060544 -1.58193 2.04247 0.258464
0.735157 -0.772213 0.860278 0.796731
-0.308972 1.93174 -2.01772 0.080381
-0.900608 -0.798015 1.00939 -1.14937
-1.06567 -0.626955 1.41129 -1.07946
0.37339 -2.56815 2.57227 -0.060168
-0.958053 -1.70368 0.775126 -1.89683
-1.66573 1.56625 -1.21361 -0.873734
1.92871 2.32461 -2.80824 1.89453
0.904808 0.606197 -0.715645 0.887218
2.13515 1.42129 -2.03472 1.79762
-1.43054 1.50097 -1.15705 -0.72125
2.11199 -1.82045 1.4755 1.01416
-2.6745 -0.278721 -0.226995 -2.80597
-0.809178 0.976776 -0.927594 -0.638411
-1.26445 -0.224378 1.29451 -1.95168
-1.6178 1.07113 -1.98483 -2.55635
-0.148252 -1.1689 1.36179 -0.30296
-1.09807 -0.913274 1.23163 -1.98398
1.04914 0.225039 -0.1928 1.4197
-0.056272 1.13599 -1.52195 -0.427526
-0.818649 1.10426 -1.32437 -0.290079
-6.17794 -7.25827 6.39183 -4.3959
0.981147 0.941592 -0.978657 0.823322
-0.55098 -1.19274 2.07499 0.141612
-0.745005 1.5672 -1.66338 -0.596909
2.23767 -3.96767 7.04222 4.05731
0.118003 -1.11686 2.85951 0.51784
-9.49936 -6.63786 9.77709 -9.29246
-1.52131 -0.91276 1.14136 -1.54104
-0.714827 -0.794277 0.964469 -1.02183
-1.00226 -0.557974 0.510353 -1.2602
1.01084 -0.770146 0.977347 0.796774
0.646024 -0.964263 1.28243 0.61613
-1.18997 -0.388617 -0.111514 -1.962
-1.3582 0.05647 0.525113 -1.59291
-1.68611 -0.805476 1.25529 -2.29783
-1.64023 -2.60308 1.25199 -1.6682
1.68159 -0.90569 0.692221 1.15999
-0.779833 0.755995 -3.9949 -2.94741
-0.534606 0.8852 -2.04917 -1.3417
1.07208 -2.38636 2.38636 1.07208
0.75431 -0.775022 1.62859 1.16312
0.476382 -1.26099 2.06914 1.01758
-1.95275 -0.027162 -1.01474 -2.89907
1.86516 -2.07299 2.90872 2.54358
0.693489 -1.2732 1.44586 0.805094
0.944921 -0.470246 0.535622 0.957098
0.949376 -0.464827 1.00444 1.69449
-1.09051 0.177901 0.042135 -1.57815
1.76137 -1.06889 0.700344 1.28545
3.32813 1.28272 -1.78234 2.59171
-1.26312 2.08958 -9.68788 -6.44142
-1.74585 1.67436 -1.98977 -1.18276
0.506064 1.36325 -2.54665 -0.067537
-0.392844 -1.56557 1.64104 -0.971104
0.169925 -1.78277 6.66263 -0.077528
-0.89231 0.890669 -0.95497 -0.694777
-0.069044 -2.81633 6.15385 -5.60062
1.83348 -1.8579 10.1681 6.79456
1.80784 1.72076 -0.720043 3.4249
-0.755949 2.55655 -2.9371 0.895816
0.075548 -1.17176 2.13477 0.391985
-1.43463 1.51928 -1.33678 -0.905868
-0.534167 2.01357 -2.47508 1.02294
0.798768 -0.753424 0.940169 0.748239
0.510286 1.03568 -1.33542 1.33936
0.466523 0.935637 -1.1241 0.550728
-11.2941 25.5403 -22.4073 -21.0803
-2.00026 -0.753025 0.179865 -3.44401
0.920665 0.605794 -0.709645 0.956848
0.056071 -1.03195 1.96531 -0.039169
2.06359 2.30662 -2.5478 4.04353
-0.315976 1.15645 -1.01366 -0.305326
-0.139877 1.15025 -1.19173 0.014767
-0.741587 -0.817742 1.18848 -0.925257
0.792629 -0.842767 0.870086 0.656207
1.8335 -1.6049 1.31515 1.98877
0.127474 -1.5008 1.30874 0.359475
-2.45415 3.58379 -3.10702 -0.787398
-1.04698 -1.31591 0.599369 -1.51817
0.829063 0.715205 -0.688514 1.04478
0.864748 0.640261 -0.843461 0.871833
-2.15509 1.82604 -1.84578 -2.07267
-1.07521 0.87003 -1.2798 -0.804817
-1.52875 -0.088625 -0.899457 -2.40825
0.954498 -1.24897 1.1985 0.609074
5.10685 -0.228735 -0.65952 2.09971
0.027649 -1.6398 2.1112 -0.761351
-0.683545 -0.887911 0.875005 -0.668048
0.614921 -0.970249 1.5095 0.798007
1.82663 -0.162574 -0.349792 1.9143
1.02116 0.599517 -0.358931 1.25379
-1.72094 3.04107 -9.80071 -6.6729
0.0264 -1.13671 5.61505 -0.115181
-0.169253 1.11174 -1.18304 0.054017
-0.973102 0.832477 -0.81332 -0.766219
1.02735 0.497994 -1.04282 1.20551
0.380815 -1.04894 1.57068 0.20583
-0.196438 -1.70224 1.97396 0.992483
-6.67891 -0.311343 1.12838 -5.40665
-0.222873 1.06708 -1.84338 -0.056546
-0.299516 -1.50968 3.17417 1.227
-0.999903 -0.743919 1.29631 -1.48635
1.21432 0.089371 -0.346126 1.14959
-1.16346 0.66369 -0.396095 -1.06434
-1.77052 1.81479 -1.34611 -0.907632
-0.67879 0.821257 -1.38068 -0.926512
-1.50755 -0.164288 -0.06229 -1.80341
-1.30047 0.594608 0.066636 -2.9044
-0.820869 1.62328 -2.09639 -0.360445
0.095148 1.10706 -1.28209 0.214902
0.657766 1.24709 -1.07964 0.283068
0.937543 0.481179 -1.16429 1.58352
-0.141097 1.25449 -1.23212 0.132065
5.2524 1.65903 -1.33506 5.37104
6.83554 7.54786 -8.85298 8.79974
-1.63849 0.238132 -0.929233 -2.46392
1.17635 0.924989 -0.893165 1.14676
1.8395 -0.060642 -1.39645 4.50941
0.881597 0.556842 -0.650916 1.0051
0.813888 -0.938418 3.48708 2.33168
-1.10733 1.48156 -1.20551 -0.741111
0.084347 -1.54233 1.95229 -0.123471
-0.216424 1.11678 -1.13632 -0.324613
-0.210312 1.24174 -3.99071 0.230217
1.1288 -0.696936 0.486583 0.962164
0.90112 -1.11351 1.14857 0.704831
-3.75241 0.248228 0.464732 -5.78717
0.637821 1.02773 -1.31842 0.339924
67.9801 20.3413 -15.2003 76.8872
1.89922 -1.63659 1.48878 1.03147
0.958649 1.17397 -1.69614 0.187336
0.681546 -0.829213 1.24294 0.850314
-1.62187 1.58224 -1.41407 -0.831629
-1.01626 -0.340282 0.93731 -2.5066
-5.20706 10.9629 -13.1097 -9.45828
-1.5176 1.72436 -1.50404 -3.0363
5.86354 -2.99312 3.03077 5.03836
-0.698851 -0.789283 1.08897 -0.795431
0.505643 -1.14857 1.21659 0.529275
0.420156 1.14937 -2.26803 1.83219
1.1748 0.69387 -0.91661 2.32671
-1.04824 -0.554756 1.18036 -1.41731
-0.772529 2.69298 -2.48481 -0.436119
-1.54664 0.329305 0.851261 -1.72382
1.11392 -0.020709 -0.153049 1.9928
-3.1876 1.19083 -1.31928 -3.24451
-1.6513 1.62775 -1.31572 -0.786789
0.838914 0.701201 -1.09221 0.929102
-0.835313 -0.663465 1.29985 -1.60198
0.5617 -0.875789 1.17847 0.663095
-0.61525 -1.45046 1.11202 -0.893622
0.15177 -2.22233 1.38879 -0.24496
0.018771 1.15504 -1.49217 0.074136
-0.797792 1.34545 -0.719634 -1.57365
-10.3914 -4.35698 0.510383 -17.1757
1.06418 -0.090419 0.095995 1.0811
0.787651 1.00854 -1.1004 0.642247
3.26411 1.3062 -0.861364 2.74872
-0.638402 0.817559 -1.77339 -1.1337
0.36406 1.21613 -2.27804 0.192476
1.704 2.08503 -2.68316 3.37543
0.608321 -0.957463 1.07779 0.652798
0.405896 -1.05769 1.24993 0.220829
-6.49669 6.29683 -9.98445 -7.34403
0.827507 0.644999 -1.25313 1.22192
0.570777 0.936195 -1.33013 1.30197
2.42743 0.696435 0.276323 2.1585
2.54079 -2.64855 3.31302 1.70737
-0.427765 1.69321 -1.45918 -0.032979
0.458987 -2.07828 3.26442 1.05063
-0.556154 -0.979908 1.67515 -1.19102
-0.837117 0.815638 -1.49847 -0.934092
-1.05231 -0.172496 0.970695 -2.38479
-0.589568 0.905118 -1.4613 -1.1166
6.03879 -15.7737 25.2231 12.0227
-1.31869 -0.803769 1.30123 -1.08388
-1.3343 0.626064 -0.420819 -1.64946
-0.810292 -0.735121 0.748223 -0.841932
-1.39759 -0.735701 1.55565 -1.54156
1.98692 -1.68513 1.50861 3.02255
-0.436847 1.97847 -1.52334 -0.24699
0.977231 0.604569 -1.26511 1.39626
0.346445 -1.38433 1.10307 0.617559
4.79701 -3.84465 3.47258 4.34848
1.02715 -0.653817 0.827394 0.816211
-0.511812 1.57651 -1.96474 0.168311
0.870342 -0.738947 0.921144 0.901079
-1.50105 0.194062 0.097697 -1.58985
-0.5944 -1.03224 0.959952 -0.517622
-2.29268 3.72109 -5.4365 -5.42144
-0.518427 -1.04287 1.66144 -1.03359
-0.200771 1.24783 -1.47588 0.409902
-0.602472 -1.27816 6.35076 -0.104091
-17.0388 26.1539 -25.3419 -28.232
-0.346448 2.91656 -5.32858 0.016974
0.584234 -0.986497 1.1444 0.788961
0.630567 0.99203 -1.51586 0.751827
-2.17329 2.35223 -2.78266 -1.77544
-0.570583 0.896686 -0.896686 -0.570583
1.40481 -1.88629 0.925346 0.515199
-1.20387 1.60411 -1.47534 -0.92964
1.11394 -3.94031 5.18231 1.09005
2.46248 -2.95642 3.49959 2.65407
-1.01567 1.06021 -1.10227 -0.835181
-0.868393 -0.658003 0.794484 -0.841365
-0.621485 4.8734 -3.73607 0.776235
1.10915 -0.950308 1.82301 0.75548
-0.494474 -4.72113 18.6083 -0.029644
-0.94687 -0.972906 1.34124 -1.3823
0.429611 -0.942248 1.06823 0.546928
0.703566 2.17549 -2.08404 2.00047
1.55722 -1.2087 0.649915 1.39036
-0.830499 -0.874304 0.999318 -0.604109
1.49604 -1.48573 1.2367 0.718868
0.726572 -0.785236 0.837004 0.856358
1.01589 0.495114 -1.45523 1.59677
-1.05565 -0.151078 1.57528 -4.72139
2.14495 -2.21219 1.17927 0.658568
-0.74576 1.49937 -1.71486 0.030192
-0.134729 1.23381 -5.32032 -0.037299
-1.45886 0.60677 -0.10849 -1.16385
1.05358 0.540468 -1.15302 1.31334
1.01387 0.693129 -0.654938 0.949059
-0.989528 -0.619369 0.435037 -1.10638
1.1243 -1.44883 1.46406 0.866379
0.135195 4.93916 -6.74433 0.772243
-0.575751 0.909312 -0.997616 -0.638714
0.692935 -0.814393 0.969723 0.788367
-2.22677 -0.890565 1.50778 -4.49749
0.738851 -0.913093 1.08858 0.695028
-0.540954 1.39217 -1.35797 0.091252
-0.001808 -1.25918 1.56251 -0.603724
-4.95018 -2.86665 10.2615 -9.12843
-0.576541 -0.929913 1.28064 -1.02085
-0.061085 1.0893 -1.14945 -0.003928
-0.660703 0.906359 -0.98914 -0.571323
13.5961 0.196664 -0.7408 11.2466
-0.694813 0.770969 -1.34054 -1.03528
1.01453 0.628996 -0.832096 0.891711
0.748009 1.04907 -0.791435 1.22434
-1.46176 1.53707 -1.20686 -0.852508
0.968239 -1.0309 1.63073 0.683854
1.01395 -1.44576 1.64831 0.699636
0.343684 -1.26412 1.80917 0.467495
4.01883 -5.15142 22.7405 12.5922
1.20497 -0.074722 -0.144378 1.36731
-1.07657 0.671856 -0.819919 -0.989064
-0.230046 1.15583 -2.95083 0.085324
0.007116 -1.4213 1.75986 -0.622846
0.976958 -1.03828 1.32126 1.25635
0.817653 -0.729281 0.936019 1.1272
-3.93632 -7.49909 9.45505 -4.94117
-0.722243 0.93031 -1.23538 -0.530263
0.916572 -1.6471 1.68736 0.17726
-4.47404 -4.98815 11.9855 0.00429
1.08336 0.095763 -0.155054 1.10328
1.40508 0.853139 -0.809593 2.80697
-1.20021 2.69611 -2.93469 -0.273299
0.790168 -0.845978 1.16251 0.687141
0.721739 1.22977 -1.15961 3.15544
1.82807 0.828677 -1.72943 2.32794
1.1057 0.941056 -0.544672 3.08973
0.838268 -0.693777 1.1089 0.992859
1.53705 -3.16074 12.7464 7.96716
-0.800589 -0.731231 1.20272 -1.3242
-8.30101 9.56689 -9.86228 -5.21968
1.44866 0.575405 -0.681889 1.24815
-0.512877 0.937668 -2.39257 -1.31775
-3.1445 0.518025 0.584721 -2.21006
-2.21619 1.75211 -6.86904 -3.45402
0.46681 -1.20284 1.45302 1.1091
1.73911 0.637516 0.041064 1.54348
-1.38482 1.45699 -1.46187 -1.13894
2.26038 0.505463 2.37238 2.58913
0.906279 -0.989902 0.647622 1.22378
-1.04885 0.890759 -1.08491 -0.635866
-0.103344 1.49621 -2.23084 -0.00804
1.83735 1.61728 -1.89254 1.72342
1.02277 0.39225 -0.635328 1.15639
-0.61086 0.861257 -0.861257 -0.61086
-0.352929 1.35967 -1.98988 -1.5994
0.671335 -0.879034 0.987527 0.558573
-1.56006 -0.989259 1.96109 -0.875132
0.805314 -4.97942 3.08615 -0.353386
1.05566 0.477863 -1.035 1.25807
0.544683 1.16967 -1.15326 0.220372
-1.75118 1.63083 -1.21638 -0.981687
5.45985 0.460262 -0.561843 5.64147
-0.832282 0.757407 -1.08867 -0.739004
-0.803361 1.34538 -1.53953 -0.025591
-1.50887 -0.446548 3.53355 -3.12748
1.32429 -0.145154 -0.324589 1.27272
2.05319 -1.83356 1.73876 1.26507
-0.171366 1.39692 -1.08503 -0.020079
-2.28317 -0.603611 0.108924 -3.67233
-1.08637 0.215721 -0.234826 -1.09119
1.2696 -0.839201 1.49275 0.698667
0.613302 0.963061 -2.04444 1.98411
-1.1846 1.18408 -0.846218 -0.660304
2.99311 -1.52483 7.48472 5.54788
0.960393 -0.71434 2.23723 1.24653
-1.29304 -0.666815 2.25184 -2.35683
1.07272 0.054074 -0.200668 1.58722
0.211027 -1.26744 1.31201 0.16639
-1.29035 0.823703 -1.21625 -1.04436
0.684681 -0.899441 1.34375 0.789654
2.41961 -2.21508 4.05721 2.63888
1.3864 0.018458 -0.180461 1.50374
1.09077 0.051356 -0.173008 1.75905
-1.453 -0.56625 0.54788 -2.41029
-0.175941 -1.15921 1.72765 -0.92726
-1.06306 0.595816 -0.398812 -1.05009
-1.12253 1.20653 -1.42563 -1.0212
-0.874127 0.743148 -0.905748 -0.766797
1.11103 -0.096389 -0.078069 1.67826
4.02785 -1.62381 2.06079 4.53978
0.259098 -2.996 1.76079 -0.21469
1.37793 -1.28372 1.2487 0.774175
0.711308 -1.36818 1.55444 0.202298
1.08061 -0.00963 -0.215614 1.47808
0.821944 -1.13344 1.30609 0.744822
0.043422 1.77768 -1.78361 -0.844911
-17.0987 -7.47321 1.49125 -23.4454
0.858883 0.781427 -1.33647 1.2155
1.07838 0.690824 -0.520113 1.20263
1.25045 -1.23043 0.970615 0.950536
-1.80963 -1.52574 2.40479 0.079269
-2.07983 -0.152247 -0.532448 -1.19143
-0.855545 0.773112 -1.12987 -0.771606
-2.34344 0.599775 -0.255866 -2.87396
-1.69658 -2.00013 1.81956 -0.997144
-0.943493 -0.771878 0.856114 -2.61251
1.44549 -0.830096 1.98453 0.642215
-1.11601 1.10777 -1.06296 -0.792347
-1.26753 1.53697 -1.30173 -0.909448
-5.26278 -1.1839 2.21968 -7.19483
1.03288 0.354476 -0.621587 1.23893
-0.481288 -1.00886 1.45582 -1.03124
-1.11301 0.157092 -0.139445 -1.05437
-0.550638 -0.894241 1.48568 -1.06597
-1.14808 0.001234 0.559584 -1.68536
0.76354 1.31754 -1.23231 3.28636
0.405126 -1.17864 1.37106 0.245192
-0.454578 2.10294 -1.23093 -0.311624
1.06974 -0.92611 1.2271 0.644261
6.97676 7.14693 -7.77056 7.12101
-0.946519 1.05752 -0.940365 -0.793822
1.1319 -0.927091 0.612815 0.998236
-2.46977 -1.1138 2.15724 -2.95922
0.807526 -0.911541 0.881555 0.644131
-4.13162 5.32894 -4.74433 -2.71509
-1.03703 1.15469 -0.924039 -0.66756
-1.34392 -0.923101 0.745721 -1.04933
1.07997 0.849595 -1.75507 1.45196
-1.13739 2.7732 -3.29626 -0.045675
-0.367498 1.085 -1.38018 -0.488447
-1.06812 0.169546 -0.177107 -1.07526
1.16919 0.36413 -0.422152 1.24867
-1.26702 0.113395 0.286518 -2.28738
-1.02631 -0.274324 0.377842 -1.72143
-2.57893 -5.07316 4.66356 -1.11572
1.1898 0.454377 -0.783626 1.13003
-0.453459 -1.11053 1.50356 -0.857042
0.212715 -1.18331 2.97492 -0.012822
-1.23149 2.58003 -3.14321 -1.61401
-32.8898 12.5879 -26.6096 -30.6862
-1.09096 1.75147 -1.7917 -0.61957
1.87329 1.94616 -2.32227 3.55707
-2.09775 0.895311 -0.350585 -1.52077
1.17559 0.782865 -1.78224 0.917374
1.0943 -1.06569 1.08086 0.67888
-1.44529 0.404747 0.218732 -1.33516
-1.56717 -1.10252 1.9372 -2.68445
-0.44973 1.9099 -1.22208 0.251734
1.1137 0.364791 -0.6427 1.25898
1.05731 -0.101817 -0.118426 1.84545
-1.12801 0.011917 0.219384 -1.40859
1.05456 0.536899 -0.83874 0.952937
0.489746 0.941403 -1.37397 0.673867
2.4841 1.33612 -3.45314 2.96869
-4.09878 3.46932 -4.70601 -8.05492
2.07487 4.29704 -2.95519 3.35868
-0.619346 0.838872 -0.838872 -0.619346
1.48932 -1.49384 1.81344 1.47971
5.05012 3.17558 -4.3167 4.64462
1.40632 -1.34387 1.12577 0.865679
-0.795657 -1.1629 2.67242 -0.376692
1.01921 0.310693 -0.3799 1.45172
-1.06948 1.25016 -1.42647 -0.943496
0.975026 -1.25519 1.37725 0.901893
1.06311 0.48299 -0.263578 1.65094
-0.972689 1.14246 -1.52182 -0.8931
1.03085 0.339597 -0.476782 1.13581
0.829407 -0.692365 1.80476 1.38773
6.50757 0.655197 -1.77647 4.95604
0.737063 -0.991585 0.966698 0.56593
2.02414 0.147831 0.222591 2.51944
-0.587322 0.979573 -1.05539 -0.967886
-1.31312 0.898452 -0.613664 -1.37705
-1.98925 1.99919 -3.85537 -2.79373
0.210261 1.32015 -2.01636 0.141759
-0.856647 0.774368 -0.728013 -1.61028
2.01164 1.41744 -0.418735 2.5534
-0.787668 0.889131 -0.927132 -0.707296
-0.720678 -0.787772 0.877388 -0.874936
0.939164 0.536569 -0.521724 1.19643
-0.480967 -0.920466 0.987047 -0.548058
-3.25746 1.94975 -5.57349 -3.60113
-0.261056 1.14803 -1.10194 -0.460738
-8.37203 4.04999 -6.27199 -13.4755
-0.58508 -0.904944 0.957438 -0.603235
-1.07337 -0.251239 0.251239 -1.07337
-0.026189 -1.12552 2.62656 0.661089
-1.72206 0.049883 -0.291104 -2.0602
0.709657 -0.787231 0.931111 0.743679
0.064328 1.07349 -1.07838 0.03951
-0.901571 -0.653663 1.18022 -1.5946
-2.32224 2.12152 -1.08329 -1.33812
0.82681 -5.61239 5.42605 0.734186
-0.793168 0.897909 -1.54949 -0.955172
0.998647 0.575089 -1.02519 1.03829
-0.173169 1.32676 -4.50108 -0.009064
0.83237 -0.709424 3.14634 2.16298
1.42852 0.683143 -1.34314 2.69887
1.5214 0.169727 -0.884594 1.54247
-0.501377 1.49346 -5.01798 0.158458
-1.54962 1.58459 -1.67377 -1.18521
1.06413 -0.689015 0.555875 1.25042
-0.947898 -0.540117 1.24897 -3.14346
-1.36313 0.483342 -1.25561 -1.23679
-1.30319 1.27232 -1.48302 -0.906913
1.04647 0.251305 -0.601955 1.47157
-1.78651 0.34072 0.480048 -1.68481
2.9212 -1.91398 1.23839 2.61536
-0.249034 -1.05662 1.03907 -0.245966
0.828392 1.37479 -1.29258 3.36595
-1.66586 0.811777 -1.12809 -1.38496
-4.13063 -27.3567 41.0418 11.1018
-0.966939 0.553204 -0.63808 -1.00034
-0.921843 -0.563825 1.02135 -1.10023
-1.43341 0.276627 -0.023717 -1.41963
-0.260481 -1.03083 1.09104 -0.271601
1.50188 -1.96217 2.32033 1.5996
1.86767 -0.861579 1.33944 2.79099
0.710252 -1.84588 1.69653 0.707455
1.25021 0.684821 -1.22539 1.31678
-0.905542 0.938069 -0.798525 -0.688744
-1.44745 0.096419 -0.328797 -2.00534
-2.71298 0.45034 -1.42891 -1.69545
-1.07629 -0.018617 0.236224 -1.478
1.3947 -1.78184 1.69893 1.03222
2.3155 2.03157 -2.64617 2.0495
0.995614 0.492878 -0.8334 2.05407
1.10141 -0.444571 0.551424 1.07424
0.807694 -0.947639 1.04634 0.770461
-1.33553 1.38369 -1.48011 -1.05585
-0.599574 -0.974938 1.42301 -0.698446
-3.51776 -5.87238 4.62214 -2.36882
-1.27382 -0.494763 1.16998 -1.1357
-7.18119 -1.06256 -1.75812 -6.60425
1.15552 -0.685516 0.729208 0.852974
1.11693 0.674345 -1.15 1.23258
-7.68573 1.35437 1.8918 -24.7332
-1.44861 -0.639441 1.42256 -1.4508
1.55743 -0.207211 -0.148522 1.79493
5.30926 0.12731 0.502027 5.26597
-0.528315 0.921009 -4.23598 -3.01558
-1.06409 -0.336648 0.31715 -1.05894
0.601795 -1.09914 1.12042 0.46617
-0.706836 2.69292 -10.8172 -7.24335
-2.4893 4.13833 -2.61565 -3.55239
-1.16431 0.430933 0.19215 -1.81696
0.185654 1.11636 -1.45236 0.553669
-0.512384 -0.997583 0.940729 -0.580159
-2.92207 2.63914 -5.72896 -4.17041
-1.11743 1.22107 -1.81486 -0.203074
19.253 13.723 -22.7606 29.5274
0.295849 -1.02563 1.44304 0.422155
0.315948 -1.1413 1.44318 0.149629
0.186007 -1.09924 1.09924 0.186007
-0.562139 -3.0558 3.10786 -2.22568
-2.52953 -1.65077 1.18888 -1.62163
1.40935 1.62121 -2.14607 1.87973
-0.981896 -1.55145 3.53498 -0.507977
-0.831986 -0.656876 1.23689 -1.46673
-1.30853 -1.01099 1.32336 -1.54975
-0.762748 -1.27633 0.992497 -1.10864
-0.980551 -0.482273 0.542928 -1.47981
-1.18192 -0.09376 0.29513 -1.10864
-0.913377 -0.696341 1.00727 -0.934624
-1.16368 -0.777746 0.403381 -1.15861
7.55467 4.86046 -6.42295 8.88462
-0.91376 2.09825 -2.72626 -1.24571
2.02775 -0.252044 -2.20491 6.93581
-0.990059 -0.630374 0.8566 -1.1161
-0.828193 -0.875451 2.08646 -1.94067
-1.09056 1.10317 -0.795958 -0.698129
1.02222 0.643573 -1.47064 1.64171
1.0923 1.03378 -1.75933 1.5285
-1.19724 0.143162 0.534641 -1.83696
-1.03213 0.273786 -0.276389 -1.04976
1.7374 -1.71373 1.31719 0.768361
14.6034 8.24737 -18.2661 23.9268
-0.727009 -0.743624 1.32395 -1.41493
0.50134 -1.0452 4.51957 2.96538
1.47646 -0.94982 0.484313 1.44801
0.667393 -0.933973 0.907546 0.572353
1.58797 2.00795 -1.79483 0.998465
0.713262 -0.814155 1.07997 1.29272
-0.218879 1.55091 -4.90462 0.050143
0.296853 1.06159 -1.17555 0.49989
-3.23841 -0.357959 -0.035495 -1.96607
-0.591341 0.892373 -3.77141 -2.69345
-1.60344 1.08155 -0.242171 -2.72712
1.41976 0.606122 -0.628216 2.08703
1.12991 -3.12216 8.73795 5.38842
0.417005 1.71211 -1.30622 1.09519
1.65097 1.80025 -2.6328 1.04309
-0.713321 -0.820212 0.937368 -0.821496
1.24228 0.92176 -1.1534 1.16278
0.962681 0.508883 -0.557468 1.22
0.163742 1.72448 -4.22642 0.24632
-0.571406 0.90305 -1.75472 -1.16586
-1.54615 -1.33002 1.91669 -0.95794
0.796305 0.72327 -0.72327 0.796305
0.378099 -1.0018 1.0839 0.443215
1.7034 0.066776 -0.9127 1.66859
0.483939 -1.13013 1.27286 0.295676
-0.017773 -1.18631 1.18631 -0.017773
2.24194 1.62328 -0.799699 3.55135
-0.855653 1.04576 -1.12732 -0.883472
-5.16391 5.0698 -4.0459 -3.18266
0.634581 -1.10608 2.19209 0.722796
-0.988472 -0.502281 0.912458 -1.14794
-0.182147 1.07844 -1.41543 -0.048998
-0.731225 -0.809661 0.809661 -0.731225
-0.823592 -0.647419 1.46678 -1.8451
0.839423 0.700767 -0.848979 1.15725
1.17206 -1.67357 2.25035 1.08968
-1.63421 -0.489367 -0.051652 -2.62652
-1.171 -0.084231 0.15478 -1.14834
0.72153 -0.888335 1.3562 2.11429
1.747 -2.63675 2.65842 1.86801
-1.1061 0.130876 0.070474 -1.35985
0.734021 -0.813516 0.774119 0.72665
-0.907337 0.851681 -0.971719 -0.723979
1.10171 -0.639368 0.729808 1.05138
0.925222 1.27319 -2.5969 3.56984
0.769951 -0.786623 0.930571 1.13031
-0.753723 -0.830818 1.31778 -1.22389
1.2223 0.168065 -0.439785 2.28402
-0.032492 1.82166 -1.44261 -0.298575
-0.99229 -1.19806 1.43269 -0.879981
0.937866 0.519976 -1.20765 1.46671
0.96721 -3.69182 3.28066 -0.326594
0.000457 -1.03998 1.36209 -0.066312
-0.369686 -1.25988 1.85685 -1.08072
0.250852 -2.17887 1.65055 -0.077638
1.57286 0.271977 -0.996258 1.64
0.294936 -2.38989 2.26782 -0.04856
-1.08223 -0.972363 0.245294 -2.14767
1.05913 1.42142 -1.13656 0.390555
1.17401 0.063705 -0.277322 1.36046
-0.606832 0.971595 -1.02258 -0.935258
0.632679 0.868322 -1.05686 0.586438
-1.24682 -0.820711 1.25595 -0.973798
7.41056 2.73872 -4.91825 7.64694
1.48909 -1.50903 7.50903 4.84174
-0.777574 1.21825 -1.04261 -0.638515
0.708778 -1.29455 1.485 0.472965
1.05366 -1.01075 0.864841 0.832297
0.990188 -0.617842 0.480831 1.24726
-1.88516 2.7385 -2.36982 -1.85757
1.01763 -1.14133 0.977548 0.645724
-0.384174 0.99366 -1.02493 -0.441338
0.061942 1.07185 -1.28947 0.203592
-1.01226 1.02973 -1.07931 -0.597149
-0.881157 1.07078 -1.42506 -0.391476
1.02546 -1.12602 1.04511 0.533744
-0.417827 1.70744 -2.43721 -0.803962
0.69953 -5.83699 5.516 0.679055
0.7659 -1.0646 0.997183 0.575766
-0.404653 -1.32506 2.72549 -0.934414
1.14381 -1.79045 2.67722 1.47505
-8.84281 9.87419 -10.3747 -5.73683
-0.862738 -0.621298 1.05328 -1.47232
-0.533954 -1.02788 1.35317 -0.872515
-1.13266 -0.690935 1.05529 -0.860266
-2.68686 -2.81459 5.56112 -4.40002
0.84715 -0.676376 1.15416 1.1118
0.378518 -1.12809 1.56102 0.628856
-0.447666 1.53366 -1.24076 -0.592989
0.622626 1.41962 -1.99339 -0.108874
-0.543977 -1.11328 1.13873 -0.753259
-0.80438 0.662615 -0.823809 -0.864814
0.004773 -1.05229 1.05229 0.004773
-1.00497 0.759999 -1.55511 -1.02225
-0.632483 1.04018 -1.01448 -0.467654
-3.45952 2.88001 -1.93699 -2.03724
-1.29827 0.259478 0.418604 -1.82474
1.39947 -0.006855 -0.226228 2.06097
1.45874 -1.3637 2.01526 1.77063
-1.99439 -6.58327 10.8224 -6.13188
-1.30183 -0.307412 2.81867 -2.48253
-1.34976 -0.93686 1.4877 -1.67926
-0.058189 -1.61925 2.34238 -1.0095
-4.96732 -2.27233 3.89864 -4.93101
-5.02385 5.7964 -5.82783 -2.30447
-0.893953 -0.822887 1.66028 -2.17869
-0.156812 -1.1744 1.42672 -0.393338
1.78072 0.428552 0.407323 2.00638
-0.182766 1.20481 -3.82901 -0.061433
2.87592 -2.80503 3.13466 2.24128
-1.84363 3.26368 -1.76089 -3.17794
-0.911956 3.18207 -4.11264 -1.20027
1.18188 -1.64992 1.56362 0.535816
-0.004831 -1.13347 1.13347 -0.004831
1.05361 -0.403071 0.727612 1.27838
0.165832 -1.15616 1.41585 0.455928
-1.05699 -0.986468 0.455375 -1.99555
1.12378 -0.369912 1.38611 1.71596
0.01633 1.17567 -1.3844 0.453768
-1.14907 1.76775 -1.96911 0.522759
-0.709618 -1.18185 3.26342 -1.32389
-0.817916 0.812084 -1.19295 -0.824938
0.74168 -0.875388 0.914659 0.684511
-0.001994 -1.07309 1.07309 -0.001994
1.37176 0.27412 -1.08392 3.35254
-0.793249 0.999769 -1.8262 -0.989242
-1.16215 -0.028029 0.561695 -1.54437
0.491846 -1.26276 1.39377 0.504582
-1.0575 -0.372531 1.20206 -3.18378
-1.07917 0.207616 -0.23541 -1.05484
1.13722 3.35858 -1.9545 2.24719
-5.37951 -2.23618 3.62834 -5.427
-0.702757 -0.885813 0.805787 -0.804879
-3.52977 -1.34737 -0.862648 -4.24992
-0.188542 1.35738 -1.54273 0.048719
3.96345 -3.11356 2.16976 1.69021
-0.913566 0.881232 -1.00934 -0.726647
-0.777476 1.18092 -1.25656 -0.244708
0.983549 -1.24631 1.15615 0.601099
-0.811232 -0.691328 1.38172 -1.54063
1.19726 3.41603 -2.05964 2.53759
0.879837 0.816817 -0.622678 1.01047
1.66611 -0.407126 1.11238 1.08199
-0.907802 -0.661685 1.13578 -1.31294
0.758345 -1.16319 1.7486 0.967543
0.709401 -0.951036 0.997766 0.644006
1.39175 0.722241 -2.61353 2.80188
0.296568 -1.32989 1.25593 -0.016419
0.004199 -1.423 1.23383 -0.613059
-1.68625 1.84319 -1.52498 -0.942246
-1.37428 1.63796 -1.36596 -0.936712
-1.36908 0.308881 0.141002 -1.23592
-0.665659 0.824958 -0.954399 -0.711094
-3.77876 -2.35484 3.23267 -4.22239
-1.04969 1.22204 -0.645629 -2.23766
-17.7615 -9.45554 1.67798 -29.9087
0.446041 -1.03282 1.24589 0.624948
1.25411 0.067206 -1.22015 2.10141
-3.81704 16.7815 -11.6701 -7.73468
1.07981 -0.002739 -0.056913 1.08542
1.07997 -1.35576 1.22524 0.883156
0.673742 0.808296 -0.982649 0.747583
-0.66403 -0.9562 2.16323 -1.23667
-0.187352 1.37457 -1.68985 -0.538981
0.22341 1.11869 -2.15817 0.138417
0.689019 -0.81304 1.22439 1.04847
-0.309721 -1.08414 1.08326 -0.518452
3.38574 -2.33492 2.58136 4.57896
0.581623 1.12486 -1.09078 0.369107
-0.760821 0.769175 -1.03953 -1.08813
1.5024 -1.62042 0.974941 0.695449
1.2146 0.553425 -1.37214 1.55917
-0.841563 -0.631529 0.902493 -1.23908
-1.3731 -0.153955 0.489897 -1.40988
0.968009 0.761167 -1.00294 0.948082
-1.06549 0.001848 0.09747 -1.30866
-1.3221 -1.82489 1.53634 -1.70163
0.771865 -0.793117 0.922368 0.720698
1.23148 -1.97339 5.87707 1.90916
4.62637 -3.53013 3.00952 2.96359
1.49182 -1.5254 1.4361 0.978505
1.28151 -1.42072 1.52711 1.00548
0.917679 -1.24316 1.31663 0.652638
2.02975 -2.31275 1.6125 0.873305
-1.08395 -0.436388 0.248227 -1.36027
-0.404597 -1.05264 1.52758 -1.02842
-1.05145 -0.339615 0.551286 -1.14983
-1.09473 -0.016465 0.112648 -1.20558
-0.724104 -0.7814 1.25421 -1.14848
-0.992606 -0.352242 0.491579 -1.62536
-1.29408 0.836228 -1.43271 -0.728417
7.51149 -5.9008 6.14726 8.64387
-0.464861 0.971384 -2.92282 -2.12144
-0.252452 1.03429 -1.03429 -0.252452
1.17886 -1.15104 1.42914 0.704241
2.35981 -21.2734 25.1342 -3.18892
-5.55522 5.47878 -4.83882 -3.63827
-1.13492 -0.056366 0.281103 -1.34604
0.935278 1.12714 -1.85596 0.274616
0.572749 -1.73717 1.09681 1.16989
-1.16321 -0.607775 0.080406 -1.56727
-0.582795 -0.858359 1.39 -0.876314
-1.19727 0.715818 -0.377242 -1.04559
-1.08318 -0.504308 0.772839 -1.36467
1.09121 -0.290127 0.135189 1.8822
-1.37599 -0.57669 1.53403 -1.58032
0.307872 -2.37714 3.0797 -0.029624
0.475531 -1.13112 1.38485 0.550029
20.5851 4.13532 -2.95829 21.8758
0.663256 -1.20684 1.76627 0.968336
-1.0817 -0.27517 0.497494 -1.3123
-1.14451 1.15969 -0.962033 -0.583131
0.719226 -1.10581 1.15238 0.530339
0.344422 -1.25235 3.691 2.53194
0.238108 -1.19583 1.13094 0.593513
-8.33529 -4.81625 14.5261 -12.8555
-1.47401 0.332903 0.103472 -1.15915
-1.23932 0.80546 -1.47224 -1.30407
1.2368 0.759693 -0.70505 2.01088
-2.50921 2.42973 -2.37534 -1.48667
0.275478 1.18203 -1.85982 -0.199804
-0.15793 -1.24482 1.24549 -0.437577
-0.85391 -0.680746 0.834407 -1.16914
-1.31791 1.39332 -0.993567 -0.782681
0.968781 -1.05327 0.940251 1.20658
-0.702163 -0.848691 1.03499 -0.781594
1.0306 0.616573 -0.743998 0.920552
-1.28458 -0.725371 -0.068507 -1.80273
-6.22961 8.36151 -10.0284 -7.5684
-24.1829 -1.38498 2.35365 -22.6096
-6.10168 -2.16061 1.15766 -6.67317
-1.39931 -0.188913 0.073567 -1.53983
1.00425 -1.07773 1.48318 0.913941
-1.1696 -0.552875 0.160368 -1.24293
-0.832101 -1.01006 1.02145 -0.761
3.37965 2.53155 -3.34604 3.82945
0.272396 1.07477 -1.17199 0.525323
-1.00556 1.43047 -0.495573 -2.16491
0.867052 -1.08532 1.1648 0.725578
-0.641448 0.865534 -1.24433 -0.783215
-0.671038 0.85155 -1.16173 -0.700768
0.368139 -1.04267 1.06618 0.485349
6.38 1.26556 -0.723069 5.10259
-0.017157 -1.41891 1.78234 -0.772788
-1.33055 0.35866 -0.354067 -1.22086
-0.959463 -0.646114 0.870687 -1.46675
0.453541 -2.72252 2.06325 -0.187513
-0.742013 0.842928 -1.88665 -1.26107
-0.648059 1.03637 -1.56127 -0.73822
1.43264 -1.59573 1.69995 1.3825
-0.560984 -0.961583 1.13449 -1.0752
-1.11339 0.751225 -0.758913 -0.794991
1.13676 0.0471 -0.249445 1.31834
-0.64655 -0.850533 0.976931 -0.646258
-0.604219 -0.89007 1.0868 -0.591096
-1.20986 -0.194701 0.017062 -1.20064
-2.1739 -1.43608 1.76385 -1.35212
1.08959 -0.132155 -0.11576 1.84002
2.85257 4.98507 -6.98252 5.18225
-1.73255 -0.33805 1.06657 -3.40028
-0.76294 0.773732 -1.27314 -0.945675
1.86467 0.534777 -1.52866 1.36887
-1.41056 0.13099 0.141516 -2.05681
1.67247 -1.08921 1.48276 2.75762
-1.24332 0.095808 0.174228 -1.316
-0.963734 -0.701528 1.0648 -1.15172
-0.771496 1.00776 -0.98158 -0.516423
1.56229 -1.376 1.29329 0.874033
1.0656 -1.25139 0.435845 1.69073
-0.609169 1.5846 -1.47826 -1.35592
-2.23019 -1.77863 5.2244 -2.43345
1.48431 -1.24409 0.727529 0.980569
-0.228036 1.38577 -2.38265 0.119908
0.067608 -1.0715 1.10247 0.087721
-1.0931 -0.764386 1.09034 -1.24793
1.38287 -1.34745 1.37759 0.904154
-0.214425 1.14392 -1.65816 0.223707
-0.424145 -1.06389 1.39135 -1.02975
1.58486 0.110075 -1.03573 1.65624
1.01575 -1.27128 1.4247 0.854213
-0.682566 -0.93202 2.04698 -0.793396
0.064589 -1.24524 2.3332 0.397144
2.50947 -2.51006 1.7031 1.01885
4.38315 -6.51708 12.353 7.46853
0.060752 -1.29417 1.2366 -0.322759
-0.41912 -0.984994 1.26035 -0.525073
-2.02881 -1.34003 1.32466 -1.48117
-0.601297 -0.875598 1.26739 -0.794894
9.62551 -2.84607 1.90729 8.65868
-0.745665 0.822292 -0.992145 -0.697059
-0.32696 3.73961 -6.52872 -0.113107
3.00488 -3.21104 3.4017 2.30547
1.56556 -2.07204 0.940468 0.613997
-2.06501 0.015605 0.500846 -3.88088
1.07078 -0.872092 0.765214 1.06736
-0.736606 -0.843255 1.34367 -1.12241
-2.52498 2.55695 -1.45586 -0.891911
0.924045 -0.521883 0.521883 0.924045
0.287668 -1.91602 1.39889 -0.33022
-1.89594 -1.27157 2.06301 -1.60863
-0.446783 -0.982207 1.24253 -0.654655
1.36601 0.718987 -0.614764 1.43724
0.650935 -0.939772 1.32475 0.649202
-2.38749 -0.129043 1.27273 -2.00319
1.66234 1.52202 -0.648697 0.874537
-0.854599 0.796725 -1.00819 -0.745188
-0.034666 1.18356 -1.19828 0.191639
-1.3956 -0.905693 1.17593 -1.09634
-2.17553 1.69656 -1.99148 -1.54052
0.932098 0.877146 -0.447658 1.59555
0.1706 -1.0726 1.3198 0.005903
2.70911 -2.95562 3.8231 2.19616
-5.72041 12.5783 -8.69014 -12.481
-0.016461 1.17005 -1.19401 -0.164264
-0.619005 0.875202 -3.8626 -2.81828
0.760639 1.06177 -2.00467 0.947285
1.71468 -1.70124 1.13044 0.970628
-4.47562 -1.50243 2.92966 -4.46312
0.793293 -0.835359 3.41801 1.92665
-4.896 -1.18242 2.81786 -7.80784
0.644994 1.00832 -1.38191 1.74912
1.1259 0.01566 -0.108755 1.53366
-1.13214 1.17989 -1.09058 -0.809445
1.87234 1.41792 -1.41457 1.55261
-1.17574 -0.072454 0.293922 -1.17884
1.11777 0.428809 -0.94922 1.2147
-1.21661 -0.079987 0.322067 -1.11834
1.01541 -0.759568 0.790058 1.24396
-4.77541 2.36994 -2.61942 -4.5522
0.668139 0.836204 -1.10622 0.861695
1.10238 0.25456 -0.753669 1.44631
-0.936896 2.43046 -2.96896 0.385264
1.68681 -0.938639 1.17958 1.65798
0.489442 -1.00542 1.11052 0.35379
1.23644 -1.27154 1.20445 0.706963
4.39921 -7.60613 7.60613 4.39921
-0.206734 1.04503 -1.10875 -0.190052
-5.20682 -2.94031 7.78632 -9.78556
0.496234 1.03969 -1.62831 0.799695
1.49256 -1.64793 1.15909 0.584801
1.2074 -1.32181 1.52491 1.01093
-0.199236 1.54488 -5.01585 0.008942
1.12365 -1.19633 1.17777 0.817169
1.58025 4.2206 -2.51263 3.27562
-14.1616 15.5539 -16.727 -19.1204
-0.953634 -0.841684 1.23607 -0.929379
-0.091647 1.0763 -1.41383 -0.097535
-0.675327 1.05041 -1.03637 -0.728105
0.85093 0.778663 -1.35175 1.19985
2.89662 0.326623 -0.76296 2.00145
-5.81114 -3.66711 10.4718 -9.4301
0.782281 -0.740324 1.04065 0.811642
-2.2042 0.343813 -1.28332 -1.45565
0.980819 -1.04023 1.10968 0.500162
0.856135 -0.756918 0.634876 0.965654
-1.21757 -0.334734 0.757399 -1.1512
-1.01579 -0.458492 0.768798 -1.24272
0.272633 -1.18177 3.40828 -0.089288
1.45185 0.160067 -0.421481 1.79865
0.97306 0.452706 -0.982081 2.48875
-0.581869 1.54461 -1.99678 0.181049
-1.89961 1.35771 -2.21557 -1.86777
-0.163965 2.03721 -4.24944 0.208045
0.111355 1.08824 -1.19766 0.328314
0.657927 -1.35586 2.44526 1.21597
0.747993 -0.823831 1.22233 1.27869
1.08046 -0.891951 1.52778 0.597679
0.910509 0.676728 -0.943944 0.890756
0.753035 35.687 -39.9807 1.28068
0.358612 1.00258 -1.02011 0.415906
3.75296 -3.05602 2.60262 2.17521
-0.868925 -0.713491 1.04581 -0.820875
-1.3201 -2.10831 2.4047 -1.0934
-1.72068 5.0004 -9.81638 -0.419044
-0.563021 0.913607 -4.32188 -3.14999
1.03193 -1.04264 1.10154 0.645742
0.827024 -0.766665 1.99658 1.2574
0.669305 -0.839805 1.32476 0.887519
-1.38015 0.148413 2.01584 -3.38095
2.1284 19.4735 -36.5794 0.805761
-1.26608 0.857656 -3.04154 -1.83336
-1.46467 1.47412 -1.9421 -1.58171
1.50237 0.292271 -0.925303 1.7797
1.13564 -0.750162 0.445565 1.01261
-0.192623 -1.1268 1.34982 -0.609258
-0.5998 1.20394 -0.951429 -0.670792
-1.17398 0.270455 0.010356 -1.6262
0.531345 0.924005 -1.38242 0.691702
-0.211479 1.32861 -6.00155 0.051872
0.816831 -0.677777 1.59997 1.24775
0.712543 -4.14184 3.41454 -0.510799
-0.93162 0.557591 -0.646455 -0.923013
-0.24404 1.21977 -2.05391 0.047491
1.39615 0.428365 -0.780795 1.68488
-0.508093 -1.05763 1.02243 -0.440328
-0.527038 0.925098 -4.27262 -3.04556
-0.667108 0.787186 -1.59878 -1.24576
1.01947 0.576272 -0.813413 1.10192
-1.61233 -2.52267 2.0857 -2.17211
0.804415 -1.18177 1.10588 0.849235
-1.70989 -1.06679 1.25734 -1.63614
-1.52094 1.83633 -1.47593 -2.30565
-1.87601 -6.80029 12.9637 -8.16039
-1.15079 1.43598 -1.13102 -0.918343
1.41547 -1.39293 1.25471 0.89794
9.04364 -6.87538 6.91512 8.05204
-0.32902 1.60861 -1.53278 -0.02641
9.17583 12.1722 -29.1387 2.17272
0.117309 -1.3223 1.33492 -0.088094
0.267318 -1.07328 3.94421 0.088274
0.791048 0.737855 -0.839414 1.07196
-0.214789 1.37701 -1.93973 -0.097265
-0.484651 0.944537 -3.04244 -2.20385
-1.6183 1.30817 -7.13823 -3.55049
1.17338 -0.616664 0.218064 1.20129
0.911096 0.561197 -0.738997 1.24864
-1.12277 0.014357 0.22473 -1.78662
0.709141 -0.809943 1.41314 1.02123
-0.836195 -0.637925 1.28015 -1.41939
-2.16031 3.50176 -3.50176 -2.16031
-1.23015 1.0597 -1.34805 -0.9483
-0.841437 0.865164 -1.19035 -0.69306
0.893883 -1.03126 1.13572 0.619995
-0.90146 1.83652 -1.01109 -1.95545
2.30694 -3.40695 3.40695 2.30694
2.30253 -2.75666 2.56902 1.43509
0.875296 -0.733459 0.70878 1.22331
-1.87909 -0.258362 1.04248 -2.29019
0.291426 1.15706 -1.1482 0.419288
-5.77305 5.22581 -2.69046 -1.76601
-0.525739 -1.27768 1.31298 -0.124113
-2.24004 -0.625249 0.995717 -3.1354
-0.611523 0.865313 -0.865313 -0.611523
-0.653406 0.889697 -0.869201 -0.890876
0.654423 -0.981055 1.08728 0.592792
0.896896 0.550158 -0.550158 0.896896
-1.73069 -1.26336 1.90061 -5.43031
-4.25283 -1.02306 2.32352 -4.7632
-0.994658 -0.594369 0.851719 -0.908187
-0.960505 0.902084 -0.92365 -0.649866
0.983389 0.551756 -0.559889 0.950262
1.68852 -77.9657 52.4015 -18.7013
-1.35822 1.40458 -1.07224 -0.936842
0.377684 0.998572 -1.39907 0.64018
5.94638 -15.4237 16.2512 7.36015
1.29016 -1.60467 1.76574 1.01455
0.057636 -1.36892 1.28997 0.300183
-1.51076 0.737686 -0.147788 -2.25865
1.1881 -1.38881 1.5037 0.985892
0.566898 -2.98094 10.9033 6.65022
0.731745 -0.869844 0.787729 0.751663
3.28139 4.02058 -4.50082 6.59963
-1.35558 1.33838 -1.38983 -0.820264
2.88321 -3.67264 3.26887 2.20796
-0.287626 -1.21174 1.09199 -0.540088
-1.11074 -0.11465 0.11465 -1.11074
0.828988 -1.32026 2.24649 0.890121
0.841688 -0.755316 0.885321 0.7544
0.661768 -0.873985 0.873985 0.661768
-1.1482 1.24715 -0.923145 -0.646343
1.47408 -1.46453 1.12201 0.446931
0.673746 -0.8905 1.17614 0.810666
1.26742 0.461783 -0.989306 1.3559
1.27577 -1.59139 1.35525 0.963935
-2.07131 -0.215551 0.228016 -2.90449
1.40218 -0.14528 -0.399216 1.35634
-0.769479 -0.693251 1.28158 -1.50282
1.03857 -0.340266 0.391366 1.06075
-0.012476 1.12449 -1.08051 0.049871
1.32524 -1.46461 1.32484 0.740222
1.55207 0.492566 -0.222474 1.12108
0.978508 0.629114 -0.786703 1.14834
0.412454 -0.990081 1.32612 0.621337
-0.370988 1.29779 -1.41506 0.196076
-1.05639 1.02161 -0.879657 -0.65278
-0.589841 -0.891076 0.99256 -0.633846
4.28708 -7.29746 7.29746 4.28708
0.408729 1.78665 -1.13569 0.245067
5.62577 -6.04813 14.8813 7.72289
-0.752782 -1.03321 1.33446 -0.929179
1.54796 -1.66428 1.1927 0.798689
-1.39741 -0.140934 1.21618 -1.52471
-1.53659 1.49531 -1.22596 -0.728955
-1.17056 -0.041779 -0.442765 -1.54802
0.310892 2.76303 -4.10891 0.259059
-17.0117 -12.3142 20.4086 -17.6143
1.4805 -0.767911 0.475144 1.07114
3.10824 -0.201013 4.31231 3.04338
-0.58317 0.846874 -1.69913 -1.13976
0.301538 1.4498 -1.51502 1.29199
1.07436 0.34036 -0.782567 1.33818
-0.82786 -0.679927 1.03776 -1.12288
1.17971 0.874163 -1.09461 1.10413
-0.821311 1.09423 -1.04864 -1.98781
0.486411 -2.02968 2.09683 -0.19376
1.66922 0.346726 -1.32516 1.18828
-1.18269 1.23286 -1.32487 -0.926631
0.694899 -0.808259 1.18186 0.840914
-0.023365 1.09218 -1.47852 0.174445
-0.014875 -1.10319 1.10319 -0.014875
-1.23372 -0.629907 1.41654 -1.35665
1.71305 1.36777 -1.41696 1.60837
6.9229 -5.25712 5.72037 9.2017
-1.83171 1.19856 -2.04317 -1.76045
-0.605345 0.903861 -0.903861 -0.605345
1.13982 0.31642 -1.17809 1.71887
0.507766 -1.62501 1.09434 1.18145
-1.37475 1.33262 -1.09221 -0.615599
-4.58746 3.25377 -3.83516 -2.99954
0.855736 -1.16745 1.35325 0.725283
0.938103 0.712942 -0.832742 0.915891
1.27951 0.087535 -0.207557 1.9051
-5.00275 2.05452 -2.34366 -4.03423
1.01455 0.643211 -0.294468 1.68964
0.453344 -1.02663 1.22603 0.483661
1.02128 0.520818 -1.05995 1.10344
1.1201 -0.19031 0.152066 1.74072
1.31902 0.380233 -0.378021 1.81792
-2.22741 2.28264 -1.2942 -0.773162
-0.040387 -1.04334 1.42136 -0.099499
0.511199 -0.946542 0.963537 0.59227
1.17535 -1.40653 1.71028 1.04991
2.90357 -0.703174 1.49369 2.97317
1.18976 0.667787 -2.51075 3.56444
-0.221596 4.39221 -4.97448 0.262096
-35.3614 7.97769 -27.5429 -21.4982
-1.95139 1.42412 -2.07065 -1.72497
-1.08641 1.39976 -1.98172 -1.58605
-0.375127 1.47743 -1.39526 0.324674
-1.25364 1.26627 -1.06485 -0.594734
-1.12698 -0.013394 0.169241 -1.20822
-1.4082 -0.562483 1.01485 -1.56146
-1.24075 -0.529437 1.01517 -1.30142
0.911711 -1.05118 0.831918 0.670937
0.805262 -0.776317 0.776317 0.805262
-1.78058 1.88622 -1.98991 -0.709835
-1.58401 -0.385133 0.412951 -1.63642
-0.396204 0.991469 -0.991469 -0.396204
1.77355 -17.207 18.2227 -1.21832
0.656545 0.848976 -1.28848 1.15365
-0.802415 0.754402 -0.915021 -0.71933
0.541548 -0.924073 1.05546 0.619969
-1.81155 0.909496 -1.30199 -2.81523
-1.68 -2.02785 2.62426 -0.789908
-2.2477 2.32357 -4.15491 -2.54387
1.02111 0.370046 -0.35998 1.02372
-0.571779 1.65079 -1.43173 -0.443601
0.923785 0.596979 -1.13284 1.26099
-0.937914 1.05827 -0.913398 -0.723261
1.00441 -0.515141 0.613874 1.31734
-1.06072 -1.27134 0.637098 -1.66437
-6.60265 -3.52062 5.0505 -6.01019
0.703485 1.08234 -0.984456 0.554961
-1.05061 1.07034 -0.805304 -0.699287
-0.642245 0.884906 -1.00972 -0.558916
-2.71823 4.23411 -4.802 -2.57162
0.228995 -1.92065 2.15125 -0.253772
-1.90328 -2.95766 2.87729 -1.78806
0.712273 -0.876211 1.10426 0.71775
0.62334 0.823537 -1.20809 0.910794
-3.08721 1.92838 -2.63065 -2.87896
1.14162 0.362317 -1.0236 1.39641
0.940725 0.782112 -1.13086 0.971385
-0.625311 1.34537 -1.33964 -0.032574
-0.905963 -0.621111 1.47354 -1.26965
0.175895 -1.41185 4.07477 -0.087858
-0.462771 -1.60633 4.31905 -3.98707
0.359209 -1.03171 1.1672 0.544316
4.69812 -4.11694 3.14598 4.75421
2.13762 -0.128049 2.11858 1.52242
-0.063848 1.68251 -5.16698 0.247763
0.378158 -1.09694 1.31551 0.063983
-3.34086 -2.92914 3.13064 -4.19377
-0.253821 1.7634 -1.53278 0.282523
1.15649 -0.683038 0.999034 1.38382
-0.009711 -1.09192 1.09192 -0.009711
7.05498 4.51065 -7.75164 9.74018
1.13408 0.125188 -0.865149 2.79633
-1.41436 0.94927 -1.24256 -0.71814
1.85188 -1.66388 1.67505 1.29255
-2.15833 2.40881 -7.52476 -4.73121
1.09743 0.151931 -0.210457 1.70808
0.665283 -1.27073 1.48762 0.24554
0.019996 -1.05624 2.25369 0.108866
-0.294878 1.42483 -4.5182 0.165624
0.846596 -0.95888 0.925006 0.721485
1.44016 -0.297325 1.8521 3.50555
1.04824 0.937955 -1.26687 1.30974
1.16699 -1.39676 1.2258 0.969326
-0.987991 0.445866 -0.445866 -0.987991
-0.597006 -0.975691 1.53267 -1.00258
-0.252801 1.5291 -2.96511 -0.034202
-0.233729 1.14371 -1.20493 -0.050892
1.37682 0.282626 -1.1167 1.45005
2.08817 -8.43157 13.4694 2.37762
-15.35 -10.9362 23.4235 -20.2039
-0.786908 3.87258 -5.92279 0.116056
0.818356 -0.932208 0.722556 0.835214
-1.27468 0.130285 0.31559 -1.3544
-1.0453 -0.475464 1.35679 -1.52909
0.568015 -0.953669 0.996489 0.494259
-1.73573 -0.693718 0.696057 -1.71524
0.119593 -1.16885 4.77171 -0.032708
-0.15291 1.59675 -1.84355 0.636451
-1.59514 1.54469 -1.31211 -0.90234
-0.747573 0.996061 -1.27403 -0.755128
-0.878383 -0.718227 1.07196 -0.854126
-0.38748 1.02121 -1.03808 -0.398621
-1.52192 -0.075464 0.210646 -1.06246
-8.71251 -5.41067 4.27826 -8.95883
2.06194 -3.80674 6.87793 4.14974
-0.674314 0.987445 -0.846703 -0.977943
4.46489 2.35612 -4.50536 5.34006
-0.63529 0.818963 -1.19841 -0.801228
-1.09003 0.616381 -0.668169 -1.23459
-1.18079 -0.530533 0.801465 -0.940192
-0.426819 2.10643 -4.84135 0.142032
-3.64404 -4.02385 5.76178 -4.47828
1.48988 -0.696555 0.527068 1.1538
0.157982 1.05396 -1.31297 0.263279
-0.848989 -1.75264 1.70232 -1.07415
1.32285 -0.925945 0.605162 0.980027
0.954822 1.11195 -1.63744 1.24839
-0.98142 -0.511199 1.24049 -1.38009
-0.996702 -0.428798 1.61311 -2.23398
3.52848 -5.03123 6.84836 5.92908
-1.14363 -0.844576 0.933162 -0.768978
3.72009 -3.54474 2.66893 3.68814
0.314269 -2.04176 1.15441 0.823068
-1.49773 1.49827 -1.28627 -0.971408
2.23943 0.43675 -0.652978 3.29032
3.58841 -2.7419 2.39687 3.70509
-3.42934 -0.712644 1.3288 -2.35215
-48.1779 13.265 -41.7658 -62.1144
1.107 0.169278 -0.62973 2.07767
-1.2398 -1.2487 1.24583 -2.29772
-0.741153 0.787514 -1.36431 -1.02204
0.871426 1.60323 -1.23175 0.841968
2.67201 2.94804 -7.10078 5.70487
-0.989619 -0.472686 0.475428 -1.72378
0.026587 1.11788 -1.17497 0.179806
6.30085 -8.26977 21.384 12.0066
1.10148 -0.225808 0.212039 1.04182
1.28439 2.90455 -3.43356 0.455371
1.19275 -1.64529 1.39516 0.869504
0.697294 -1.03991 1.23018 0.864003
-0.027607 1.09817 -1.15103 0.032299
0.116799 1.41035 -1.45148 0.742606
1.8359 -2.09087 1.58629 1.10614
-0.115821 -1.48466 2.32931 -0.368661
-0.674754 0.914002 -1.1267 -0.635028
-1.08573 4.83143 -5.07876 0.370888
2.60099 3.22562 -4.01866 3.75478
1.06193 0.107011 -0.102057 1.48753
1.33359 -0.073917 -0.13161 1.32317
3.64481 -2.90012 2.54178 3.48444
-12.2137 -4.00514 1.2589 -18.0389
2.55997 1.22217 -3.91217 3.89411
-1.24947 12.5833 -14.0792 1.30782
0.024083 -1.12297 1.03955 0.020083
-1.4104 1.64483 -1.4284 -0.751548
1.21338 0.082623 -0.433855 1.47828
-0.740981 0.912308 -1.14101 -0.542962
-1.61033 0.848114 -1.91806 -1.72264
-0.3885 1.05568 -1.51464 -0.956993
-1.13748 0.066007 0.545744 -2.0893
-0.561732 1.14278 -1.17551 -0.27895
-0.864203 0.866206 -0.638262 -0.984392
-0.292785 -1.44894 1.41068 -0.023426
0.136882 1.07682 -1.05969 0.131962
-0.435566 -1.1587 1.85705 0.013843
-0.667866 0.802869 -0.843856 -0.760218
-0.882271 0.817127 -0.874035 -0.710368
1.44722 0.250289 -0.250289 1.44722
-0.429431 1.30341 -4.81661 0.152491
0.97113 -0.907712 1.20559 0.627303
-0.51046 -1.09609 1.03065 -0.408705
-3.15204 -4.19037 4.61097 -1.08086
0.416182 -1.15394 2.18877 0.951711
-0.086957 -1.23327 1.18324 -0.457467
0.088654 1.76156 -1.76533 -0.173732
-1.28597 2.67 -11.6643 -7.80915
-0.601749 -1.21162 1.87136 -1.13986
-0.970408 -0.661165 0.566565 -1.95791
0.484052 -0.922266 0.923554 0.487277
-0.772298 1.29999 -4.01766 -2.826
11.0793 1.03717 -1.25941 11.4929
0.594201 -0.942217 1.26395 0.5075
1.2721 -1.37405 1.7975 1.09056
0.887891 0.634329 -1.04855 1.07243
-1.6418 -1.28 2.33423 -0.704505
0.754494 1.0739 -0.726985 1.05257
1.72439 -2.63504 2.44302 2.13473
9.46977 -0.251855 1.10865 6.08984
-1.14902 0.280834 0.1213 -1.76366
0.446132 -1.76022 1.12902 0.380813
-1.0835 -0.405646 0.829714 -1.18713
1.15079 0.407272 -0.948719 1.08853
1.31471 -1.28673 1.14721 0.687591
0.694101 0.775189 -1.81846 1.45033
-6.86348 8.67568 -10.9188 -6.72434
-1.48513 1.25664 -0.085628 -2.46957
0.02095 -1.09943 1.22789 0.175195
-2.19324 1.38128 -1.64771 -1.93199
-1.02425 -3.92705 2.80172 -2.65706
2.93762 -10.4858 9.47017 0.837759
-0.025359 -1.3094 2.44367 0.419719
2.17433 0.999005 -1.22939 1.47464
-1.20754 1.24231 -1.02216 -0.515163
-1.41213 -2.26418 1.28717 -2.27879
-0.263262 -1.2553 1.12047 -0.618149
0.390174 1.21085 -1.4202 0.48664
-0.718464 5.41349 -5.60685 -0.340089
0.985395 3.39811 -4.18325 0.195967
-1.00189 0.60816 -1.21821 -1.20217
-1.24598 0.199389 0.386688 -1.76612
-0.320732 1.96051 -5.86781 0.095948
-0.599017 -1.51127 1.24258 -0.996231
0.841279 -1.00824 0.774274 0.746719
0.950161 -0.743264 0.683358 1.26492
-0.657504 -0.828608 1.1227 -1.20842
-0.002755 -1.06661 1.06661 -0.002755
1.20639 0.493324 -0.967127 1.05519
-7.65411 -17.786 33.5852 1.21876
-0.766164 1.41481 -1.07655 -0.994838
0.881534 0.587828 -1.16981 1.65604
0.782439 -0.839595 1.15419 0.648958
-0.745971 -0.800106 1.60892 -2.27375
-1.27367 0.391476 -0.343014 -1.59703
0.764808 0.841017 -0.762484 0.98304
0.791194 0.882759 -1.20293 0.954509
4.00138 -7.09533 7.09533 4.00138
0.548049 1.64089 -1.61461 1.52948
0.329826 -1.1314 1.39504 -0.015217
1.0203 0.404927 -0.5656 1.49502
-0.988554 -0.41058 0.51021 -1.05475
3.43995 0.401037 -0.260729 3.4328
-1.02849 -0.958134 1.28296 -1.29505
-0.903602 -0.704477 0.822421 -1.50692
-1.24813 1.21796 -1.01353 -0.753846
1.16727 -1.49498 1.80099 1.04048
-4.96482 -2.85915 14.2411 -12.6899
0.610686 -1.34406 1.42002 0.95958
0.50402 -1.12579 2.10253 0.385951
0.472019 -0.952018 1.67031 1.00203
-0.97088 -1.0509 1.31107 -1.0138
1.05085 0.420069 -0.314205 1.57071
-1.01515 0.670045 -0.693759 -0.870484
-0.962733 0.93721 -1.03732 -0.677779
0.962724 -1.35206 1.02267 0.577895
-1.03356 0.391647 -0.409714 -1.00975
0.489027 -1.03628 1.09484 0.399166
-5.77393 -7.3655 6.75115 -4.39461
-0.808138 -0.767577 1.17135 -1.03832
-1.66428 -5.70362 10.0883 -6.00831
1.50337 0.141157 -1.01582 1.59586
-8.53079 -7.60525 8.50776 -11.287
-0.538608 0.999589 -1.33629 -0.691626
0.340016 2.59706 -4.38042 -2.90322
-1.10515 0.10209 0.183772 -1.99429
-2.28788 0.662362 0.619077 -1.99969
0.618033 -1.42401 1.37102 0.413138
3.92402 -1.14442 0.823694 4.60915
1.22943 0.567397 -0.914303 1.26845
-1.16079 -0.14424 0.332938 -1.18739
1.07792 -0.951377 1.26153 0.642
1.19797 1.01115 -1.75269 1.67351
-0.381792 1.32902 -2.36704 0.071538
-0.591236 0.907503 -1.73146 -1.25059
1.4217 0.907178 -0.369442 2.26633
1.14136 0.462489 -1.07984 1.36291
2.27119 -0.885709 1.48276 2.27033
13.6579 5.0588 -7.99019 13.0565
-1.10452 0.853593 -0.56418 -0.975672
1.2939 2.88506 -3.39406 4.37442
-0.217528 1.25821 -1.53076 -0.043131
-1.09019 2.40505 -1.12136 -2.16475
1.4672 -1.45852 1.05549 0.6277
0.497061 -0.963119 1.15601 0.438802
-3.26493 -1.37875 1.57793 -2.18875
4.10863 -7.48561 22.9293 12.9438
-3.10747 2.19661 -3.77844 -2.68772
-0.606591 0.854062 -1.89133 -1.29451
-7.39114 2.3122 0.876998 -8.33352
2.14294 -2.05436 2.72538 0.867344
-0.216611 -4.98668 9.96369 -0.559109
-0.567909 -0.90852 1.38307 -0.927097
0.662185 -1.08988 1.61352 0.927084
-0.800844 -0.71435 0.800771 -0.843666
1.47821 -1.43303 0.894765 0.767461
0.347284 -1.16662 1.25347 0.001667
-0.828477 0.649827 -0.790787 -0.961764
-1.18421 -0.810015 1.10907 -0.978305
0.542584 -0.957183 1.07146 0.535042
0.393832 -1.06994 2.23452 0.542666
-2.63828 -0.41511 -0.121358 -2.57164
0.767268 -1.09043 1.17683 0.750594
3.98863 0.019358 -0.688697 5.15027
-2.14775 2.50046 -9.36382 -6.30738
0.89741 -1.11296 1.05197 0.676345
-0.547648 0.97053 -0.972924 -0.492855
-1.72376 -0.916747 1.25627 -1.85905
-13.4644 -19.5417 31.7876 1.58301
-1.77384 -1.23862 1.87361 -1.5323
0.782005 -0.808393 1.25558 1.35999
1.10115 -0.008484 -0.147951 1.61389
-1.70205 -0.326994 0.854674 -3.02253
3.3834 -5.00999 5.39762 3.18505
-2.46475 1.7311 -4.37667 -2.3708
-1.35739 0.714829 -0.222939 -2.10306
-1.53891 1.52884 -1.29243 -0.753364
-0.618464 -0.999407 1.6983 -1.23388
-1.19105 0.068466 0.167881 -1.13462
2.60776 -3.19578 4.52787 3.10122
-0.698051 -0.88212 1.10267 -0.702017
0.855416 5.16513 -5.78835 0.52295
-1.20623 0.234508 0.014626 -1.34161
0.86458 0.707057 -0.893716 0.801056
-0.55526 5.99212 -6.44476 0.369224
0.228048 -1.2543 4.04059 -0.101766
-0.558558 -1.00264 3.12132 -1.51652
-13.0284 6.52846 3.38708 -23.8009
0.874524 -1.09932 1.37742 0.398385
-1.37116 1.40384 -1.5936 -1.02566
-0.568818 5.85817 -6.57595 -0.159988
0.047775 1.09023 -4.31161 -0.052291
-3.05762 5.63927 -8.14505 -5.33512
-3.10298 22.5557 -24.0982 -2.08596
1.37757 -1.46006 1.39261 0.798275
-1.81026 -0.569222 0.559459 -1.91226
-1.24411 -2.1578 3.03145 1.51755
-0.330782 1.27898 -1.33324 -0.315486
1.173 -3.51299 11.7484 7.60515
-0.59707 0.95622 -0.927317 -0.578702
-1.055 -0.241399 0.333988 -1.12074
-2.87437 0.324276 0.918578 -2.30843
8.02334 4.06528 -5.70884 8.72535
-1.03375 1.0977 -0.994636 -0.981615
-1.93015 -0.577875 2.33986 -6.429
1.15626 -1.44393 1.17354 0.826626
0.951653 -1.33918 1.83891 1.56426
-0.110384 1.37175 -1.65488 0.395995
-1.00081 -0.274094 0.345049 -1.1935
2.21185 0.539296 -0.141734 2.14049
-1.27811 -2.0134 1.62182 -1.96732
-4.20245 -1.25983 2.15298 -7.04915
-1.7486 -2.85481 3.19391 -7.09723
-0.38549 -1.25085 1.71471 -1.03956
2.20522 1.67272 -2.23321 1.9386
1.10885 -0.337747 0.750188 1.36128
-1.44744 -0.941354 1.1076 -1.3879
-1.06369 -0.812541 0.377568 -4.49246
-0.702022 0.912753 -1.26318 -0.78396
-0.985464 -0.757129 0.672789 -1.04116
-1.12163 -0.828159 1.34441 -1.42947
-0.188791 1.07148 -2.1396 -0.767418
-0.008245 -1.50726 2.00197 -0.798971
1.06102 0.491354 -1.17091 1.21097
3.60348 -3.02701 3.05352 2.38077
0.810144 -0.724924 2.15721 1.53858
-1.27984 1.42741 -1.26472 -0.774623
-0.140753 1.27202 -1.38405 0.359426
-1.24126 -0.960958 2.90181 -2.94011
-1.60234 1.7725 -1.58594 -1.1212
12.1425 0.910903 -0.283879 9.99813
-0.064299 1.49227 -1.54571 0.336347
-1.17402 -1.04076 0.765411 -1.46235
-1.04875 0.587309 -0.960068 -1.35378
1.44486 1.50045 -2.16803 1.95856
-0.43849 0.993462 -1.11004 -0.573104
-0.203653 -1.05784 4.84181 -0.097357
2.63261 -2.15614 3.6327 2.21551
2.14278 4.28111 -3.84634 1.61779
0.423954 1.06696 -1.39141 0.330031
2.69501 0.384233 -0.20484 1.09214
0.34119 -1.08685 1.53994 0.796135
-75.9735 -22.3185 24.3203 -107.458
-20.4836 -6.12982 3.19899 -17.6618
1.33131 0.067668 -0.876092 2.82047
0.884636 0.869626 -0.605582 1.02674
0.850126 -0.823731 0.777739 0.690807
-6.45046 7.79543 -8.37894 -5.40914
-0.704352 2.19737 -2.93515 -0.003554
0.429738 1.0201 -1.25361 0.841295
-1.17242 -0.571936 1.23413 -1.1804
0.989648 -0.670031 0.752909 0.840492
0.580392 -0.939151 1.03658 0.936898
0.310072 -2.88656 3.32573 1.47186
-0.638648 -0.814245 0.906323 -0.791596
0.771221 0.859813 -1.1358 0.790211
-1.46693 0.23251 0.092843 -1.47982
0.899963 1.28732 -1.5396 0.955609
1.42135 0.983193 -1.19825 1.32533
0.200179 -1.10983 1.20083 0.089366
0.655788 -0.863088 3.76438 2.60984
2.68919 -4.40695 4.73647 2.63019
1.04242 0.815311 -0.473342 1.25206
-0.015195 -1.54067 1.74967 -1.43065
2.87454 -4.28894 6.48531 3.97758
-0.612992 -0.918264 2.39314 -0.85909
0.566099 -0.976537 3.73826 2.53839
-1.1226 -0.300227 0.165607 -1.49996
-1.93909 4.59103 -5.01505 -0.804795
2.49343 1.69896 -2.36707 2.43378
1.26435 -1.56935 1.44741 0.917596
-0.627382 0.896654 -1.15748 -0.637162
-0.708594 0.931026 -0.793364 -0.705399
-1.26238 1.60379 -1.72667 -1.43704
0.149969 -1.29784 4.41548 -0.029793
-0.221861 1.04208 -1.11202 -0.277351
2.68631 -0.271662 -1.69607 6.01785
1.24472 0.281842 0.126238 1.58838
-0.666424 -1.1784 0.85769 -1.19816
0.495418 -1.06578 3.78746 1.18184
0.436934 -1.24306 0.992965 0.706523
0.687316 -2.68967 2.79296 -0.202032
0.073025 1.14982 -1.33697 0.101408
0.673922 0.799246 -1.80358 1.46329
-1.12624 1.30358 -1.09268 -0.670237
1.0704 0.453531 -0.990208 1.32293
-2.85547 -0.377289 0.773929 -4.0172
2.74175 0.075437 -1.47491 2.45965
3.42151 -3.38954 2.10094 1.9097
1.21896 -1.47049 1.18147 0.731889
-0.985844 0.425871 -0.825054 -1.68518
-1.07321 1.5733 -1.47545 -0.833639
-0.229091 1.08019 -1.10212 -0.255881
-0.906285 0.854502 -1.09809 -0.700844
0.393081 -1.00193 1.10218 0.574216
1.05818 -0.297671 0.060422 1.59839
0.512263 -0.938866 2.8 1.95782
-0.165827 1.11264 -1.28465 -0.052973
-0.181594 -1.15504 1.12505 -0.354769
0.656645 -1.04066 0.83576 0.628006
0.0835 -1.17494 2.82182 -0.030848
0.487775 -1.04604 1.10406 0.53566
-1.13187 -0.644334 0.872181 -0.885918
-1.30467 0.143902 -0.546027 -1.2756
-1.85993 -0.715308 1.97918 -5.76336
1.84224 -1.68845 2.60288 1.07525
-0.460497 -1.89193 2.66179 -1.61397
1.06434 0.315049 -0.462322 1.1062
-1.11266 2.3013 -1.28317 -2.46156
0.082639 1.30443 -1.14011 0.228107
0.906482 -2.32473 9.72774 6.36033
1.04137 0.601598 -0.769018 1.1129
1.11221 -1.21813 0.815064 0.715291
-0.115445 1.06605 -1.80469 0.045534
-0.848274 0.724196 -4.24665 -3.15016
-0.790159 0.823015 -1.12996 -0.622148
1.68949 0.440302 -1.6235 1.85666
-1.68748 1.76801 -1.43509 -1.01717
-0.702853 -0.805785 1.62964 -1.46476
-41.7127 -54.1169 59.3795 -57.8436
0.590642 -1.33643 1.01863 1.10524
-0.853235 -1.13374 1.00611 -1.31687
22.8503 -0.255681 1.23553 22.4874
0.895908 -6.07265 3.73795 -0.428755
1.16472 -1.53276 2.3603 -0.122883
-0.78729 0.885146 -0.971162 -0.659639
1.63803 1.00515 -0.753101 1.26796
-0.453783 -1.22614 1.02308 -0.650814
-0.496391 1.16296 -1.07558 -0.402627
-0.605216 0.913982 -1.06111 -0.551597
-1.50764 1.50872 -1.20897 -0.715835
-0.501057 -1.22538 1.37582 -0.283583
-0.101085 1.46429 -1.28671 -0.13093
-0.141633 1.10359 -1.19448 -0.261356
-1.21942 -1.63237 0.8542 -1.44907
-0.683894 -0.834307 0.987589 -0.793815
-0.182963 2.75898 -1.9083 -0.691723
-2.75762 -6.21897 6.91329 -6.00985
1.21934 0.144828 -0.338588 2.06932
0.626246 1.10533 -1.1637 0.540777
-1.06463 -0.388594 0.899863 -2.35491
1.44267 0.640789 -1.163 1.33034
2.95939 4.44975 -3.94731 4.21948
-0.771367 0.778436 -0.989719 -0.915117
1.10187 -1.31862 0.936552 0.559373
1.26744 2.29589 -3.7601 3.24681
-0.571411 2.03882 -2.90643 1.10268
-0.131502 -1.87511 2.17627 -0.51615
1.1363 -1.16439 1.37729 0.887949
0.364909 -1.20824 1.1733 0.1739
-2.57446 1.51322 -2.55699 -3.29894
1.00141 0.424109 -0.682577 1.1802
0.602283 -0.892154 1.03388 0.572933
1.85759 -3.94865 3.33993 2.55578
0.118221 -1.33531 1.25463 0.683159
0.355793 1.29583 -2.48054 0.255569
-0.749189 -0.811839 0.811839 -0.749189
1.28106 4.01595 -5.12986 1.28539
0.606628 -0.847603 0.847603 0.606628
1.1845 -0.830691 0.348357 1.57979
1.01182 0.646697 -0.911873 0.817151
1.49328 -1.74147 2.32325 1.69421
-0.282666 1.26303 -1.28346 -0.151324
-2.3755 -0.236539 -0.053984 -2.24875
-0.221468 -1.04651 1.38415 -0.311004
0.09552 1.07451 -1.0855 0.090011
0.555782 -3.68261 3.54412 0.05406
0.865291 0.699903 -0.78048 0.906398
-0.126437 1.0653 -4.07493 -0.05269
-1.2047 0.226102 0.038645 -1.4184
0.846937 0.838963 -1.73802 1.49281
0.731315 -1.04413 1.07441 0.767944
-0.427194 -1.141 1.31312 -0.956184
1.10118 -1.53011 2.24198 0.911781
0.641868 -0.970108 1.26468 0.702524
-0.838611 0.761079 -1.1156 -0.770682
-0.576017 0.895598 -0.895598 -0.576017
-11.8494 -0.286548 0.97334 -11.348
0.619676 -0.918243 1.69291 1.06841
-0.59851 1.13018 -1.05257 -0.545772
1.13555 -2.09902 2.08043 -0.177769
1.01093 0.702853 -0.990407 0.918556
-50.727 -21.3421 22.1525 -67.6012
0.052228 -1.48084 2.72312 -2.25059
-0.949169 1.25295 -1.34315 -0.82327
-1.14007 0.722723 -0.930782 -0.899187
1.11338 -1.26569 1.35039 0.944708
1.65392 -1.6302 1.05994 0.709364
-1.76929 1.82961 -1.10376 -0.670538
-0.351635 -1.04417 1.03263 -0.326468
-2.08117 1.63133 -3.96908 -2.98097
0.68341 0.846672 -1.17959 0.944068
-0.446245 -1.1793 2.49909 0.040417
0.881736 -0.736086 0.990116 0.98634
-1.12829 0.406306 -0.612934 -1.05838
1.02165 0.557183 -0.920214 1.01835
0.372301 -1.01059 1.10867 0.532349
1.55283 0.939854 -1.60443 2.12488
0.715224 -0.955175 2.3078 1.4099
2.77461 0.97714 0.376344 2.62819
-1.41178 -0.886857 1.19404 -0.891054
1.82814 -5.12843 6.70606 0.15169
0.395547 -1.08554 1.42044 0.380592
-1.67198 3.8012 -1.46201 -1.93396
-3.25746 1.94975 -5.57349 -3.60113
0.878844 -0.982273 1.25908 0.890142
-0.048187 1.1243 -2.09586 0.150679
-2.28315 1.66127 -1.65801 -3.25861
1.18415 -0.932079 0.60704 0.94964
-2.47206 3.76647 -3.76647 -2.47206
-1.53682 -1.23187 1.68301 -2.35367
1.97435 -2.16147 1.63843 2.34001
0.563833 0.994202 -1.31298 0.459976
1.301 -1.70331 2.37684 1.19814
-1.34747 -0.536091 0.47757 -1.33652
-0.007944 -1.58511 3.27143 0.790748
-2.99342 -4.47816 5.35769 -3.50392
-1.17696 1.26361 -0.981227 -0.611697
-1.15698 -0.527007 1.04946 -1.2919
1.45327 -1.55401 1.14458 0.734677
-2.70704 2.54215 -14.4319 -9.83518
-1.35543 2.2456 -1.27342 -2.21089
-0.974929 1.00714 -1.0035 -0.654432
-1.2771 1.43915 -2.16885 -1.38417
0.886199 -0.759731 1.96244 1.08458
0.767577 -0.778742 1.60988 1.2238
-0.780338 1.08802 -1.28486 -0.662569
0.314005 -1.13437 1.16112 0.072491
1.01564 0.651696 -0.960962 0.924582
1.55684 -1.51084 1.10846 0.606534
0.78807 -1.08743 1.05172 0.660035
2.56391 0.790965 -2.1067 2.14586
-1.36776 -0.415246 0.687935 -1.04886
0.836375 1.08704 -1.94193 0.234365
-1.14729 0.933567 -1.75206 -1.11968
1.10747 -0.049332 0.172974 1.15669
0.958259 0.522162 -0.578468 1.0609
-1.13318 -0.329087 1.17713 -1.70816
-1.1693 1.27385 -1.33784 -0.898656
19.1047 -22.5131 41.7116 19.4347
1.37433 0.714175 -2.24473 1.36176
-0.652002 0.928467 -1.09832 -0.49074
-0.924235 0.986526 -1.36953 -0.452675
-1.3635 1.56523 -1.55204 -0.855321
-0.838581 -0.642145 0.654457 -0.975728
-0.702718 1.21484 -1.68724 -0.646948
-1.18768 1.62693 -1.52114 -0.946995
-0.570324 1.87459 -1.14465 -1.70327
-0.743398 1.06256 -0.905553 -1.71925
0.614063 1.07367 -1.19498 0.597266
0.356752 -1.79769 1.83892 1.00356
1.25467 0.653507 -0.644539 2.45782
1.04639 -0.253214 0.251297 1.6406
-1.74918 -2.15751 2.17815 -1.68373
-0.071243 1.5418 -1.70103 0.411215
-0.654286 1.09226 -1.06639 -1.18717
-0.314294 -1.49476 1.54492 0.252102
1.24757 3.64592 -2.55267 2.57339
1.72341 -1.84479 1.40592 0.844986
0.221573 1.15313 -1.39574 0.706221
1.28331 0.16464 -1.0312 3.17736
1.48707 -0.045258 -0.896862 1.48376
4.31337 7.59622 -10.9484 4.23033
2.42324 -2.21779 1.87341 1.08569
-1.50568 1.14802 -1.26671 -0.8859
0.786569 0.724171 -1.0807 1.03785
2.40714 -1.81434 1.79132 1.24831
0.864532 0.643012 -0.795023 0.826328
0.859569 1.36574 -1.16227 1.21197
-1.46612 1.05522 -0.00968 -2.26056
0.768317 -1.04567 1.6642 1.01984
-0.894157 -0.586977 0.873521 -1.33726
-1.45284 -1.0034 0.904686 -1.2933
0.893938 -1.37724 2.26813 -0.204589
0.288407 -1.28524 1.50965 0.548963
-1.3302 0.330395 0.529007 -1.667
-4.26033 1.26883 -3.46247 -4.15009
-1.05705 0.079105 -0.005469 -1.64135
-3.33884 -1.45108 2.81451 -8.32152
-0.061692 10.5756 -11.3843 0.513441
-0.066552 1.28298 -1.25402 0.243672
1.86195 -0.09564 3.56413 2.51296
4.61101 -3.52454 3.15103 4.50736
-0.195823 1.14365 -1.21587 0.025694
0.69712 1.30193 -2.93219 0.471404
-0.574285 0.86189 -4.01852 -2.87733
0.777746 -10.861 12.4785 -0.953053
-1.69493 2.90657 -1.8423 -2.99927
0.935657 0.641862 -0.537232 1.0545
-0.457483 1.0379 -1.14092 -0.393506
0.428463 1.26438 -1.50011 0.713768
4.79285 -51.9761 34.4544 -2.8015
1.03157 -1.08091 1.33326 0.561704
0.623815 1.80333 -2.61499 2.08491
-0.376518 -1.09872 2.02091 0.012549
1.77383 -1.8943 1.56085 0.991885
1.52437 -1.10991 -0.044383 1.68649
-0.227228 -1.09201 5.17577 -0.072325
-1.01073 -0.579711 0.776838 -0.954966
-1.06223 -0.465816 0.465816 -1.06223
-1.90265 -0.419457 1.40213 -4.31314
-0.656694 0.959951 -0.856052 -0.776175
2.22065 -4.7212 13.8824 8.35741
0.914656 -0.917342 0.628324 2.17174
1.30606 -1.45311 1.37448 0.759183
-0.265006 -1.0412 1.42172 -0.22774
3.76097 -5.62222 5.37407 3.13143
-2.26267 -5.30825 11.0209 -7.28253
0.322518 -2.18725 1.30012 0.431192
1.27228 -1.41884 1.27054 1.05837
0.981812 0.828247 -1.53271 2.36719
-0.99462 1.04841 -1.52348 -1.07617
4.51317 3.36414 -4.00833 3.67092
-1.07207 -0.00563 0.123352 -1.39009
-3.77654 -3.98036 4.75181 -3.58368
-1.51452 -0.092159 -0.97556 -2.75822
2.08639 -1.95344 1.42922 1.0368
-0.524592 -0.991791 1.64096 -0.711145
0.994715 -1.31826 0.936288 0.983401
-0.215654 1.2836 -2.26702 0.051936
0.909878 0.616024 -0.912605 0.881822
-8.99612 -9.09941 10.1895 -11.6124
-1.01294 0.265845 -0.340758 -1.23576
-0.627623 -1.19688 1.82645 -1.52016
-0.924291 1.33388 -0.955355 -1.96743
-1.15954 0.769289 -0.520172 -1.52006
2.00114 0.362631 -0.764633 2.7049
-1.08996 1.69509 -1.82594 0.065654
-0.943371 0.925953 -0.885605 -0.631103
0.414591 -2.54516 1.98087 -0.011309
-1.07961 0.985253 -0.856123 -0.656466
-1.04379 0.345261 -0.527492 -1.0888
1.38057 -1.56628 1.54889 0.869255
-1.70769 -0.000602 0.558437 -4.07276
1.07993 0.274607 -0.350783 1.066
-0.846678 -1.4156 1.2253 -0.829013
-0.014793 1.5906 -1.42921 0.09827
1.03106 -0.272934 0.336675 1.05598
-0.844548 -0.995514 2.30533 -0.332344
-0.842026 0.777343 -0.842052 -0.728201
0.133089 -1.30001 2.22383 1.60758
-1.17206 0.62381 -0.22505 -1.1976
-1.14159 -0.621077 0.555665 -1.14701
-0.240873 -1.06027 1.1059 -0.234593
-0.666293 0.822272 -3.28399 -2.38836
-0.721945 -0.789976 0.789976 -0.721945
0.123877 2.07139 -1.26736 0.14094
1.11015 0.080886 -0.591021 1.96707
0.657331 -0.819314 2.73709 1.8977
-6.02128 -6.7794 7.98971 -5.95463
-1.1494 -0.160593 -0.311312 -2.35466
1.60374 -1.32887 2.53982 1.35424
0.880215 0.570972 -0.6327 0.943456
-2.05727 0.940814 -0.236606 -1.58741
-3.63617 -0.159749 1.86112 -3.10907
0.958221 0.554792 -0.658595 1.36721
-0.99835 -0.826994 0.876541 -0.949726
-0.71836 0.760488 -0.926824 -0.769117
0.762481 -0.879744 1.28951 1.29252
5.74085 4.40892 -6.01209 5.39245
-0.992893 2.19242 -2.9415 -0.022167
0.811906 -0.934378 0.95932 0.724175
1.03238 0.789078 -1.16127 1.0419
2.38661 -2.81952 2.45688 1.48583
-1.34198 1.21089 -1.72541 -1.14813
2.23383 -12.7593 17.8196 -1.75326
0.711478 -1.00978 1.00978 0.711478
1.17993 -1.61889 1.49455 0.903655
0.728207 -1.04783 1.29184 1.13952
-1.11873 0.761236 -1.40312 -0.858005
-6.97232 8.69935 -9.04305 -5.97999
1.05682 -1.37326 1.12246 1.01786
-0.785295 -0.734057 0.943651 -0.829089
1.4602 0.081358 0.290634 2.18124
-1.00962 0.899777 -1.2023 -0.782819
1.04172 0.049153 -0.045687 1.04192
0.710426 -1.04984 1.88398 0.362877
-0.019277 1.21511 -1.12383 0.02413
-1.04524 0.644565 -0.341283 -1.79203
-0.018342 -1.12828 2.00324 0.251872
2.81108 -5.60388 6.25026 5.20594
-0.674875 0.824656 -2.19625 -1.61063
1.123 -0.529361 1.57929 1.32077
1.3918 1.09958 -2.10777 3.05934
-0.146858 1.35121 -2.17303 1.13093
0.241354 1.08138 -1.07866 0.342003
1.2831 -1.25526 1.27433 0.834754
1.53437 -1.41602 0.927648 0.84548
-0.904822 -0.810512 0.624825 -1.14091
-2.94581 -5.7681 5.69899 -1.1533
-1.34793 1.53342 -1.76084 -1.16913
-1.00227 1.3141 -1.93474 -1.17828
0.944683 -0.660754 1.60462 1.18969
-1.23746 -0.593324 0.995759 -1.60755
-0.705676 0.837459 -1.0447 -0.886165
-2.52587 -1.90084 0.952149 -3.18439
0.437596 -2.31401 5.57478 -0.081946
-2.25573 -1.28025 2.22814 -2.38844
1.10609 0.151256 -0.468068 1.85378
-0.86466 0.908549 -0.937215 -0.724137
1.4402 2.82288 -4.26254 1.87712
0.890659 0.71195 -0.770337 0.853221
0.965916 -1.60946 1.86187 0.940836
-1.0374 -0.312967 0.248837 -1.45817
-0.106585 1.27755 -1.15159 -0.121322
-0.555828 0.941685 -1.22049 -0.579088
-2.51975 1.26483 -1.38828 -2.39246
0.989074 0.537629 -0.746806 2.01359
0.115049 1.40321 -1.59116 0.570974
1.15056 -1.18274 1.08975 0.71965
0.91248 0.913412 -0.63557 1.09839
-1.11886 0.639332 -0.392049 -1.48766
0.398056 1.10985 -1.27574 0.76184
0.376745 -1.23242 1.32431 0.316663
-0.505121 -2.00931 1.39922 -1.90804
0.986066 0.529751 -1.51434 1.97365
-1.63803 -1.23844 2.1778 -1.69166
1.55888 -1.58634 1.68183 1.00957
0.340097 -1.50618 1.30269 1.40699
-1.39564 1.63901 -2.46641 -1.81392
0.467912 -1.33005 1.49212 0.981847
1.11584 -1.29888 0.786015 0.864172
-0.664161 0.83868 -0.954894 -0.701934
4.47625 -3.87781 8.26947 5.20961
-1.31913 0.419841 -0.032921 -1.4929
-2.14454 -0.193986 0.437064 -2.66066
-2.58559 0.296615 -0.629246 -2.83244
-1.65009 -0.594859 1.54305 -4.3339
1.08015 0.442652 -0.834388 1.49597
1.07268 0.865251 -1.04687 1.03582
1.21582 0.812469 -0.770792 2.26985
0.756838 -1.27905 1.27013 0.632519
0.67255 -0.861652 0.99725 0.737411
0.303539 1.83665 -1.88788 -0.770603
-1.04073 -1.13824 1.07848 -1.99173
1.17634 0.833577 -0.967972 1.06049
1.58012 2.16955 -1.41239 1.99528
1.01153 0.684956 -0.862731 0.88337
4.71168 -4.38569 8.85405 4.72079
0.388678 1.18665 -1.34968 0.868273
-4.79263 4.26778 -8.59854 -5.34574
-0.552803 0.92226 -3.89694 -2.78153
-0.229229 1.1494 -1.4611 -0.132612
10.3431 -1.22557 1.4087 9.5707
-0.311182 1.50538 -1.0875 -0.293596
-0.867716 -1.1378 5.59886 -0.111861
1.99948 1.53538 -1.03433 4.20005
1.04143 -0.24044 0.252946 1.06916
3.29905 -5.15773 5.15773 3.29905
1.18719 0.049991 0.217778 1.80268
-0.607948 0.869036 -0.869036 -0.607948
0.237483 1.51008 -1.69836 0.543887
-8.30622 7.89755 -7.40661 -3.97994
-2.43245 2.26794 -2.38523 -1.96201
1.21766 -1.23489 0.882066 0.683672
1.08946 -1.04208 0.972794 0.596939
-1.68438 0.833507 -1.70199 -1.35671
-0.786066 -0.73552 0.924095 -0.880677
1.45021 -1.41909 1.00615 0.604095
1.22087 -0.435679 -0.149342 1.58973
2.2824 -2.22927 5.59594 3.46579
1.11784 -1.08218 1.01074 0.628322
-1.37127 -0.367557 0.342275 -1.60207
-1.51295 1.23737 -0.880256 -0.92728
-1.12677 0.042403 0.222821 -1.92737
0.752978 -0.759013 1.04633 0.834181
-1.05006 -0.437131 1.36465 -2.21863
0.435509 -1.18853 1.38679 0.118435
0.782137 -1.19508 1.21823 0.660102
0.666085 -1.37503 1.45424 -0.038262
0.659476 -0.914957 0.97716 0.55083
0.810188 0.977038 -1.19335 0.506802
0.97393 -1.42125 1.10171 0.615195
-0.619477 0.866388 -0.866388 -0.619477
0.648741 -0.807589 0.874135 0.663854
0.661212 -2.53565 2.81959 -0.243166
0.959987 -2.16943 2.80219 -0.81623
0.482831 1.01888 -1.2916 0.978444
2.6976 -3.0321 2.78519 1.38478
-4.78784 -6.77082 7.20884 -4.97615
4.16388 -2.07197 3.66928 6.50882
0.511519 -0.931351 1.07545 0.535552
-1.05339 1.08825 -1.05058 -0.804456
-0.670636 0.816494 -4.12588 -3.05947
-0.94562 -0.910388 1.07079 -0.843535
0.944699 -1.06658 0.769654 0.726573
-1.27031 -0.372239 0.966366 -1.24016
0.543931 -0.964691 1.04097 0.407005
-0.87558 -0.955016 1.12006 -2.23632
-2.64341 1.78144 -1.13376 -2.02524
-1.22772 -0.958524 1.30882 -0.629987
1.20796 1.45066 -0.419902 2.07625
0.978003 -1.03416 1.03595 0.643378
0.493744 -2.24697 1.58438 0.401006
0.87588 0.647305 -0.860233 0.898457
0.961201 0.845626 -2.0028 1.67417
-1.40777 -1.0961 1.19324 -1.2858
0.287037 1.10594 -1.09853 0.484327
-1.08297 1.03574 -1.21057 -0.787024
-1.03323 -0.301005 0.33324 -1.38483
1.28682 -1.49889 1.27349 0.83871
3.4372 -0.492218 1.72047 3.55316
-1.76266 -1.49655 2.58681 -6.98018
-1.25865 1.26408 -0.940507 -0.688126
-0.801066 1.01683 -1.18081 -0.514082
1.2128 -2.48457 3.38919 -0.580189
2.28393 -5.64575 7.40394 0.385923
0.85334 -1.04767 1.10215 0.616948
-1.20823 1.51257 -1.52215 -0.989128
-0.760082 0.873706 -0.971986 -1.83469
-1.05549 1.00347 -0.924005 -0.625758
1.17473 -0.354653 -0.138477 1.7904
-0.685271 0.870635 -1.25662 -0.649271
1.253 -1.62135 1.91995 0.900718
0.699593 -1.27056 1.36181 0.427352
-0.791159 2.74492 -2.27941 -1.6964
0.179971 1.10096 -1.62615 0.113836
-0.719532 0.786181 -0.984967 -0.746861
-1.5078 1.94019 -2.23964 -1.38426
1.19998 -0.185394 -0.230045 1.6531
1.05461 -0.208917 0.234197 1.0537
0.16545 1.0504 -1.10944 0.18172
-0.327167 0.996164 -1.18623 -0.348683
0.924073 0.688335 -0.945411 0.920058
2.83094 0.8131 -1.01502 3.691
4.68687 -8.22463 7.09936 5.63373
-1.09745 0.136929 -0.168943 -1.29934
-1.30304 0.850543 -1.26444 -0.674131
-1.30841 2.35609 -3.25559 -1.55979
1.06524 0.145552 -0.268194 1.38947
-1.40246 -0.190293 1.07827 -1.9605
0.865323 0.633558 -0.801533 1.03261
1.6152 -1.73863 2.65489 1.14284
1.39503 -0.366608 -0.07529 2.20553
-1.01174 -0.273687 0.409605 -1.64828
-0.543108 -0.885808 1.38903 -0.752406
0.915594 -0.735697 1.76754 1.00308
2.25481 1.29698 -0.872968 4.0507
-2.15704 3.54089 -5.21715 -3.23658
-0.207923 1.087 -1.5015 0.044219
-1.76502 -1.13093 1.05898 -1.53327
1.13711 0.535399 -0.946869 1.06314
0.410109 -1.37705 1.45306 0.059905
-1.16559 -0.02642 0.271021 -1.42088
0.788739 -0.811394 1.05053 0.698286
-0.152881 1.29812 -1.37194 -0.026182
-0.121069 -1.15395 1.37036 -0.423219
-21.9167 -4.54121 -0.001247 -24.2258
2.04764 -0.130121 -0.80337 2.95258
-1.09135 -0.263007 0.263007 -1.09135
-0.276458 9.64312 -10.4349 -0.332723
0.690106 -1.2686 1.43997 0.802048
1.8858 0.489886 0.200057 2.21334
0.145794 -1.14622 1.21678 -0.045302
-0.953561 -0.739881 0.790744 -1.21954
-0.55389 0.911742 -1.21631 -0.74478
0.367593 -1.11233 1.27587 0.789583
-1.05912 -0.473144 0.397486 -0.982091
0.404296 -1.02676 1.86658 0.698326
1.78966 -2.07612 4.39629 3.05386
17.3385 22.8363 -41.333 2.07886
-0.672263 0.798488 -0.996315 -0.800889
2.18423 -3.83228 3.61301 1.4675
2.76531 -2.35354 2.81058 1.25555
-0.240267 -1.07207 1.65816 -0.387918
1.76066 2.14841 -2.66625 1.84524
-0.094085 2.06567 -4.55507 0.227039
-0.806806 -0.781857 1.35583 -1.14611
6.76982 -7.10754 15.0295 8.70416
-1.50791 -0.140096 -0.850844 -2.02448
-0.527073 0.905263 -3.10073 -2.19193
1.49034 -1.9346 1.56101 0.513973
-1.02385 1.11652 -1.10094 -0.521776
-0.576184 -1.14585 1.90947 -0.382546
-0.700349 1.18051 -1.52109 -0.466333
0.856934 -0.975021 1.2419 0.796833
-0.861533 -5.25714 6.36278 -0.022706
0.297213 -1.32849 1.38196 1.24507
-2.95137 -3.20688 3.14819 -3.31084
-0.431513 -1.11908 1.62968 -0.62911
0.436924 -1.76255 2.28254 0.544019
1.01516 0.487506 -0.802309 1.00897
-1.2682 1.21177 -1.42697 -0.907255
-0.108891 1.0714 -1.67601 -0.29462
-0.613546 1.62744 -1.43628 0.115047
2.04644 0.162141 -0.249089 2.91888
0.658621 0.80875 -0.818611 0.643725
-1.75131 -1.03281 1.77801 -2.72509
-0.643262 1.05234 -0.925468 -0.538842
2.25597 -2.35468 1.2858 0.674374
-4.45232 -3.78835 9.46289 -8.30211
-0.360813 -1.09686 1.41441 -0.27913
1.22759 -2.57366 8.7219 5.69725
1.73491 0.83462 -0.515608 1.2291
0.894025 -1.06257 1.28998 0.825996
-1.32223 -2.14864 1.62086 -1.96185
3.94722 -3.72142 5.84262 4.67397
-2.75958 2.26426 -2.2416 -2.24684
-4.749 2.33059 -1.33653 -5.67209
-1.37738 1.61258 -1.9725 -1.29522
-0.099334 1.11129 -1.32449 0.104612
0.686752 -0.820026 1.5547 1.14364
0.841372 -2.20744 9.11137 5.96113
1.1473 0.518314 -0.784908 2.14146
-1.3895 1.12565 -0.376338 -2.13195
0.226071 -1.915 1.66213 -0.067653
-0.51116 -1.71992 1.59985 -1.6168
0.079255 -1.26999 1.56697 -0.560286
0.14118 -4.03548 2.6523 -1.03035
1.1445 0.176532 -0.554268 1.38348
-2.0391 0.769264 -0.104934 -1.59791
1.24326 0.754027 -0.672202 1.46054
0.966933 -1.20786 1.00891 0.539509
1.02108 -2.76506 2.68709 -0.823261
-0.688149 0.850643 -2.30763 -1.61648
-0.159257 1.31796 -1.15286 0.056744
1.13541 -0.613474 1.76901 1.60253
1.19326 -1.37196 0.988315 0.743328
0.908999 -0.793298 0.587316 0.959669
1.06505 -1.16313 1.42491 0.94228
-2.89982 -0.155756 2.13272 -2.54665
0.3052 -1.05458 1.26372 0.184464
1.68249 3.58865 -5.02796 3.70391
0.949083 -0.569954 0.633378 0.889297
0.00688 -1.17124 1.17124 0.00688
0.767825 1.30997 -0.906667 1.1671
0.641994 -0.885771 1.92179 0.73893
-3.25536 -3.81047 5.6436 -4.63125
-1.27859 0.896796 -0.517717 -1.57231
0.091231 2.50545 -2.84031 0.883035
-1.33766 -0.378958 1.30305 -1.47352
0.094856 -1.06938 1.37312 0.200033
-1.97454 1.85721 -2.00442 -1.02927
-0.125179 1.51998 -1.50133 -0.041766
2.61332 1.31902 -3.68611 3.28804
3.48625 -1.47386 0.113426 3.90429
-0.182783 -1.3357 1.06355 -0.385104
0.748846 -0.769353 0.834051 0.86514
-0.753903 -0.718827 1.06736 -1.2998
0.475712 -1.01649 1.27194 0.247451
3.14367 -0.152364 5.10162 3.57239
-0.129779 -1.07282 1.09265 -0.233369
1.88219 -32.9857 30.5656 -6.48613
0.91092 -0.678303 1.64398 1.32904
-1.28909 0.188528 -0.7068 -1.2106
-0.917087 10.199 -10.4975 -1.23676
-1.14558 0.514636 0.047736 -2.14751
-0.51796 -1.02534 1.41094 -0.614985
-3.63795 -0.140223 1.24107 -6.08615
2.24104 -0.479081 1.26843 2.76029
-1.0568 1.20659 -1.3858 -0.868246
-0.789908 0.929288 -1.19075 -0.580035
1.14055 -0.389614 -0.193333 1.90017
1.2318 -1.19092 1.4367 0.765005
0.933568 0.481894 -1.25767 1.64352
0.792291 -0.941333 1.27415 1.10924
1.16586 0.297988 -1.09462 1.49187
0.622566 -3.87598 4.08856 0.033938
0.208455 1.1156 -1.1156 0.208455
-1.83319 -0.409529 0.313355 -3.12458
-0.97064 -0.712175 1.02842 -1.42854
2.06392 -8.08207 3.59068 -0.752931
1.02281 0.724783 -0.439119 1.09699
1.00577 -4.34652 5.95189 -0.209703
1.75593 0.381814 -1.34016 1.1605
-1.42426 1.45489 -1.08217 -0.759869
-0.957789 1.0068 -1.06971 -0.669107
1.05429 -0.368874 0.446276 1.44787
0.350974 -4.05361 6.24435 -0.078822
0.973193 0.556592 -0.471701 1.15389
-1.00494 -0.58693 1.18368 -1.08291
1.47324 0.169578 -0.958339 1.61757
1.87798 0.408298 -0.568191 3.31011
7.38197 0.067727 1.42336 6.74284
-7.17793 -4.20919 5.07636 -8.27936
1.50174 0.500329 -1.24146 1.08913
-0.752578 1.02314 -1.02524 -0.615309
0.751566 -0.760956 1.53226 1.16885
-0.236368 1.93102 -2.10343 -0.860235
-6.10419 6.12213 -5.69026 -4.16516
-7.63841 -22.9037 40.3524 3.29936
1.0662 -1.32461 1.60096 1.00656
-1.11372 1.07571 -1.36583 -0.457476
0.763641 -0.983266 0.97151 0.616756
-0.949535 -0.427737 0.470828 -1.35432
-0.990846 -0.455379 0.745232 -1.23212
-1.40915 1.40198 -1.1284 -0.822925
0.566409 -0.873813 1.15312 0.773912
-5.17835 2.20411 -2.72422 -4.70042
-1.49535 1.35694 -0.988306 -0.929423
1.42579 -1.93186 0.948668 0.581632
1.64529 -1.75813 1.11069 0.676359
-0.994511 0.6945 -1.83778 -1.2585
0.899651 0.589339 -1.32585 1.58246
1.5279 -1.57989 1.54882 0.943626
-0.136414 1.07112 -1.37899 -0.036025
0.066787 -1.07737 1.54763 0.004723
-2.96977 -0.337962 1.08444 -2.74899
1.37958 -0.76225 1.82521 1.64093
1.15177 0.600183 -1.20435 1.25745
-0.868187 -0.762415 1.07847 -1.27403
-0.862748 1.15491 -1.33055 -0.722196
1.3761 -0.30449 0.434206 1.82068
3.32407 -1.47172 0.363202 3.08198
-2.34242 1.91344 0.20936 -3.05321
-0.47536 -1.02701 1.4207 -0.889702
1.09945 0.18188 -0.482076 1.28138
-3.95835 -3.87488 4.24937 -5.112
1.6307 0.331467 -0.173651 1.52279
-0.818211 -0.675907 0.713489 -0.865595
-1.52697 -2.28047 3.91983 -0.300925
-1.23426 1.49758 -1.23007 -0.924544
1.07955 0.128306 -0.213784 1.19885
-0.576505 0.90177 -0.90177 -0.576505
-0.536059 1.27748 -0.932392 -0.862246
-2.29757 0.841554 -3.74762 -2.15466
1.44856 -1.47554 1.05235 0.605161
0.625586 -2.41821 2.81206 1.31924
5.34286 -7.84011 6.94883 4.44015
0.675828 -0.88223 1.13701 0.716426
-0.665843 0.819648 -2.31882 -1.65108
1.36355 -1.32185 0.290004 1.51308
0.946359 0.498689 -0.589544 1.03554
0.341996 1.05318 -1.16267 0.53453
0.011197 2.06377 -7.35276 0.32669
-0.628812 0.831002 -0.875006 -0.678473
-0.586106 8.57559 -11.3548 -0.579696
1.72627 -1.60996 1.71339 1.28468
-1.19784 -0.767683 0.952703 -3.06027
1.12101 0.90684 -1.11851 1.10128
-0.988948 1.32238 -1.20656 -0.782184
0.410343 1.73918 -2.10264 0.636156
3.30509 0.961633 -2.8503 2.81469
-1.59588 1.30505 -1.76493 -0.860784
0.982426 0.48661 -0.472275 1.8148
0.934073 0.615556 -0.774799 0.870137
-0.701034 0.798515 -1.44075 -1.12486
0.420467 -1.37084 1.47136 0.623259
-0.92613 1.02029 -1.00222 -0.554585
1.26265 0.8883 -1.49915 1.49005
0.774846 -0.994957 1.0136 0.636051
-1.41978 1.4962 -0.95799 -0.57059
0.971916 0.782297 -1.06971 0.91428
-0.852833 0.964317 -1.08134 -0.605648
1.09886 0.764612 -0.805749 0.794884
-0.836718 -0.799943 1.12021 -0.799781
-0.7482 -0.812872 1.38135 -1.33321
1.66322 -1.64849 1.82297 1.733
1.15849 0.681719 -0.342966 1.823
0.613318 0.91614 -1.06507 0.856735
0.739568 -1.03367 1.20399 0.733483
-2.21363 0.556937 0.380721 -3.27043
-0.359043 -1.02052 1.32728 -0.553211
-0.061901 -1.0695 1.54521 -0.191416
1.8627 0.829374 -0.48347 1.289
2.49859 -3.05892 3.09098 1.78915
-0.068769 -1.60583 1.6236 -0.204764
1.15105 -0.798957 0.723844 0.848575
-1.71201 1.46542 -2.09384 -1.51094
1.23431 0.107971 -0.623824 1.3955
-0.921707 -0.548155 0.687534 -0.997853
17.7796 -8.82393 2.7594 19.4817
-1.01731 0.990143 -0.920484 -0.769881
4.64916 2.42943 -4.5643 5.48325
1.98842 -2.66139 2.73337 1.44457
2.88764 1.36604 -4.16389 4.16433
-1.14142 3.16188 -3.07418 0.007772
-0.635584 -1.06932 1.37843 -0.87816
-6.09259 -4.69277 6.50104 -5.75391
-1.20589 -0.821198 0.970496 -1.02857
10.5016 -16.9742 22.8186 10.9749
-2.50319 -1.61316 1.50044 -1.65217
0.986363 -1.11882 0.770663 1.26742
1.49947 0.132515 -0.963652 1.61026
-0.978648 0.749368 -1.86032 -1.54367
-0.707244 -0.779514 0.779514 -0.707244
-1.684 -5.38186 3.46374 -3.40032
-1.02127 -0.71668 0.865935 -0.904844
0.94691 -3.45807 2.64861 -0.262187
1.4388 -1.54705 2.17362 1.18364
0.938442 -1.49244 1.44487 1.16579
-0.795413 -0.696349 1.04302 -0.896035
0.951495 0.587778 -1.20456 1.32866
-0.176103 1.14809 -3.45103 0.179266
-0.638558 -11.9309 28.6285 0.859074
1.28316 -0.980075 1.42629 0.706966
-5.08146 4.37956 -5.96624 -4.13769
2.1478 1.48294 -1.72405 1.31859
-0.767673 -2.53105 4.29811 -0.728651
1.64378 -0.23562 -0.123683 2.00738
-0.989126 1.67546 -1.24693 -0.703985
0.087814 1.09008 -1.31377 0.276417
-0.879424 1.35236 -1.29096 -0.343334
0.450981 -2.0116 2.75837 1.14377
1.45108 -5.31949 5.10023 2.95393
-1.20937 -0.954081 1.18786 -1.13641
-1.0482 0.236081 -0.261376 -1.04795
0.641568 -0.858669 1.41388 0.963027
-1.46254 1.57782 -2.88843 -1.52568
-1.37745 1.06975 -0.436003 -1.0695
0.329902 1.02742 -1.48821 0.650218
-1.26048 1.32061 -1.33272 -0.790023
-1.01286 0.99865 -1.17053 -0.85734
-0.766261 2.89492 -2.95829 -0.013421
-6.71933 9.07613 -8.92492 -5.64339
-0.30771 1.48951 -1.28476 -0.331735
-0.531043 0.924234 -1.2763 -0.647352
0.867773 0.622922 -0.693212 0.933976
1.22818 -1.33231 1.19683 0.895045
-1.11282 -0.095795 0.095795 -1.11282
3.06318 -0.337819 5.74689 2.43926
1.05643 -0.079701 0.024137 1.21157
-1.92837 1.45674 -1.19955 -1.43308
0.154631 -1.95143 1.44856 -0.148342
-2.71175 2.08205 -8.38301 -5.86925
-7.05531 -3.29929 1.59807 -6.71366
2.13653 2.16107 -2.14595 2.50593
1.47544 -1.4699 1.53622 0.991515
0.226461 -1.35785 1.52179 0.56307
-0.838122 1.10424 -1.08743 -0.995043
0.449429 1.13041 -1.57041 1.00543
-1.38058 5.66802 -3.52002 -1.19437
0.766209 -0.891391 0.860885 1.19174
7.53879 0.775948 -6.90727 8.24796
-1.15627 -0.708729 0.742365 -1.04187
1.09654 0.776044 -0.981692 0.853593
-1.55579 4.67146 -5.27592 -1.27501
-0.880118 -0.747887 1.04323 -1.36914
-1.15655 0.169528 0.081236 -1.2493
0.423607 -1.10101 1.21382 0.244026
-0.715392 -0.787148 0.787148 -0.715392
-1.37997 1.54545 -1.58814 -1.03349
-0.91678 1.30859 -1.06005 -1.22851
1.13615 2.40895 -2.07923 2.48977
-0.514103 0.933208 -1.18559 -0.569828
-1.00047 -0.294834 0.86716 -2.22797
1.55857 0.540024 0.883168 2.31549
-0.235401 -1.28874 1.79905 -0.95176
1.46653 0.384868 -1.03569 1.64159
-0.043093 -1.73531 2.50776 0.304372
0.923839 -0.768502 0.613037 0.836076
0.176728 -1.11368 1.54346 0.382739
-1.31106 0.128071 0.227039 -1.5063
3.46014 -4.69767 6.40874 3.65261
-2.05774 1.79588 -2.55791 -2.00242
-0.59905 0.877616 -3.66469 -2.60554
0.763013 -4.57788 7.11326 -0.174859
2.24236 -3.3359 9.73783 6.43044
-2.02999 -1.49569 1.40309 -1.86648
-2.17941 5.63893 -6.10738 -1.02879
-1.59526 1.27702 -0.963742 -1.12906
1.10922 0.151441 -0.436167 1.50398
-1.07518 -0.190245 0.540997 -1.45525
0.558988 1.48894 -1.26255 1.13785
-1.51465 -0.066072 0.849332 -1.344
0.424735 -1.02279 1.51742 1.00991
-0.647355 0.855363 -1.7188 -1.24049
0.782944 -0.950061 0.945603 0.568869
4.07342 -4.78939 5.24832 2.95272
1.09362 0.196909 -0.036058 1.19713
-1.26444 -1.16726 1.5681 -1.7365
-1.15363 -0.617795 0.614668 -0.951959
-1.03867 0.156635 -0.141934 -1.02213
-2.02572 2.94965 -11.6317 -7.84086
1.23912 -0.067003 0.14704 1.11885
-0.079884 1.2548 -1.90853 0.366101
1.51768 -2.21371 3.29337 1.33831
-5.67254 -6.17621 6.4565 -5.9812
0.451595 -1.09524 1.40077 0.362371
1.28213 0.085184 -0.29176 1.39535
1.15299 -0.264173 0.174204 1.58766
-5.24717 -2.85057 4.80946 -6.07917
1.05818 -0.400764 0.301638 1.02215
1.46258 0.360876 -0.566582 1.42955
0.949577 -1.29435 1.33435 0.568486
1.15513 0.146076 -0.299864 1.28098
34.7128 17.0464 -28.387 40.6861
1.97675 -0.063676 -0.287059 2.38581
-1.42444 2.38304 -2.83707 -0.098777
5.0779 5.24365 -4.892 2.86341
0.23742 1.07785 -1.23306 0.514548
-7.97512 -5.28153 8.29135 -6.05502
-0.860361 1.62461 -0.954034 -1.87997
1.09108 0.064856 -0.370827 1.8373
-2.61703 4.84192 -6.91459 -4.6153
-1.12534 0.127081 0.24127 -2.06625
0.075881 -2.73919 4.92957 -0.263041
1.06877 0.209094 -0.209094 1.06877
0.977193 -0.67401 0.845307 0.80399
-4.35078 -3.50444 4.01756 -4.62704
1.25575 0.264189 0.1462 1.25123
1.82737 -1.79322 1.27818 0.974061
-1.07134 0.129541 0.070624 -1.28596
0.910128 -1.1197 1.08518 0.672931
-0.803431 -0.759613 1.61121 -1.06108
-1.06916 -1.04874 1.39367 -1.12851
-8.84135 0.506273 0.141692 -7.79762
-0.029446 -2.07034 1.81866 -0.641809
-1.15279 -0.105861 0.092649 -1.27893
-1.36106 0.423145 -0.116645 -1.58929
0.330777 -3.25706 2.22164 -0.63044
-0.984236 -1.83382 0.875709 -1.09719
-1.06661 -0.783044 0.903269 -0.949783
-0.712966 -1.27757 0.895322 -1.91891
-0.71561 0.852624 -1.05275 -0.650223
0.232589 -1.34382 1.35905 0.14978
5.65811 -3.87869 2.92539 5.11442
0.009524 -1.45606 1.3257 -0.197946
0.884189 0.651686 -0.829136 0.865594
-6.65945 -1.54541 0.299749 -5.58467
-1.25428 0.077289 0.209631 -2.66658
-0.949798 0.466154 -0.562667 -0.953116
0.308357 -1.23904 2.41532 0.092929
1.1215 0.955307 -1.6897 1.47184
0.186966 -1.02531 1.3131 0.175993
1.13241 0.443762 -0.578927 1.10837
2.71189 -2.79969 3.59786 2.27438
1.28907 0.005459 -0.451167 1.34708
-5.28116 -1.91273 0.476907 -5.77617
-7.63959 -4.79123 5.71224 -8.01406
-0.874433 -0.653503 0.757369 -1.82631
0.677112 1.82394 -3.29947 0.768903
1.49081 0.610343 -1.01643 2.79276
-0.567591 0.89734 -0.89734 -0.567591
-0.98501 0.973154 -1.0399 -2.055
-0.953228 -0.658548 0.698175 -1.02699
0.753554 1.27288 -1.14746 3.13262
-1.1311 0.996609 -0.763547 -0.761971
0.495939 -1.54734 0.907331 0.95964
1.09094 0.444932 -1.0347 1.33956
1.96399 0.564765 -1.72503 2.17897
0.720467 -0.850658 1.00296 0.643741
0.311503 -1.02209 1.45642 0.511608
-0.41381 -1.00722 1.00995 -0.395726
-0.924569 -0.773235 1.57016 -1.54608
-0.734868 -0.831619 1.5355 -1.95125
-0.900221 0.538577 -0.749763 -1.74999
-0.931513 0.966507 -1.17593 -0.900752
0.417786 -1.17855 1.30979 0.032902
5.26939 4.74742 -5.53822 4.0637
1.44276 -1.53037 1.18459 0.840744
1.98389 -1.86148 3.56942 2.34177
-0.979623 10.6263 -14.2749 -0.477271
0.628446 1.36419 -1.88084 0.862121
1.69056 -1.65646 1.62348 1.26943
0.33061 -1.06352 1.41628 0.64833
-1.33567 2.11846 -2.31116 -2.03722
0.893282 -0.791751 0.619616 1.52269
1.07968 0.458723 -0.895618 1.09
1.53934 0.293703 -1.09146 1.58622
3.87507 -18.4498 24.3084 6.85037
8.70428 -6.57805 5.69886 16.4535
-49.0914 -5.86652 11.1881 -65.5265
-0.770495 0.849928 -1.00061 -0.621796
1.5993 -1.65149 1.7712 1.19893
-1.1635 0.506798 -1.32376 -1.30308
1.7045 1.58405 -3.01904 1.56955
1.9215 2.32214 -2.26735 3.6855
0.886119 1.75372 -1.67476 0.951416
17.1928 3.5352 -1.96671 16.7202
