2500
878.369 457.736
721.416 218.779
774.252 394.371
564.458 428.657
1335.73 670.703
540.339 551.432
566.818 403.163
613.19 379.858
724.255 260.031
1242.78 549.214
755.679 736.886
341.107 255.197
995.211 578.836
1097.34 373.225
830.438 425.411
1287.37 626.774
999.71 648.604
1415.48 355.948
1262.02 462.834
733.863 464.594
1292.2 732.608
967.566 203.72
780.76 756.805
1092.06 430.259
1112.53 420.888
702.713 248.28
445.718 260.701
1296.41 715.724
965.375 480.449
1126.05 358.327
990.96 554.923
1346.94 662.086
1343.49 297.09
919.154 99.8665
1128.8 406.163
948.537 197.524
398.709 264.113
891.474 147.227
589.761 464.071
853.104 303.786
1147.71 287.397
821.11 706.674
467.132 409.616
552.929 425.767
445.718 260.701
508.269 516.06
968.823 124.837
756.642 742.324
832.688 677.58
442.894 358.638
557.713 424.7
970.249 133.124
636.62 265.712
498.445 395.795
836.251 299.154
164.052 257.811
524.676 506.144
978.253 523.701
990.649 830.684
727.624 257.013
458.483 270.299
468.276 258.817
403.46 445.516
1331.93 669.152
934.679 264.232
784.814 794.093
923.874 101.678
1007.53 613.119
442.036 500.241
446.806 503.503
995.934 585.005
413.999 448.641
961.372 201.477
425.489 268.724
457.164 410.182
1318.25 433.868
484.191 270.235
1133.34 300.433
648.376 663.721
908.164 164.96
705.182 242.312
823.297 121.407
819.861 424.833
632.812 650.629
934.143 107.663
772.06 388.459
733.527 265.598
948.155 759.153
860.902 78.754
433.908 262.821
501.227 262.335
923.086 852.171
430.851 261.636
1020.25 596.073
864.766 128.553
895.751 242.808
244.236 300.266
857.327 442.92
771.678 456.642
1021.07 660.931
1236.95 368.892
982.102 196.755
860.974 296.335
556.111 410.575
803.814 401.846
416.221 259.761
725.071 348.164
980.217 603.758
758.808 739.166
877.35 76.6778
866.824 745.256
586.344 653.182
432.683 261.959
473.438 263.138
739.171 234.311
676.276 748.272
1238.03 369.477
468.141 478.97
1170.05 413.53
853.857 444.32
438.221 261.446
919.154 99.8665
974.587 339.405
1333.12 654.868
872.844 67.5819
911.197 96.6238
753.294 378.251
1367.86 357.243
592.818 611.359
451.123 409.096
847.398 432.174
171.679 266.356
846.319 195.209
711.868 214.617
919.154 99.8665
991.174 623.043
782.763 751.108
489.669 337.198
220.371 336.055
1372.15 490.839
428.658 268.854
908.916 292.527
1142.89 291.754
229.22 336.375
847.227 302.866
936.534 180.84
985.843 207.011
856.133 47.0474
893.422 161.124
1084.03 385.908
826.717 266.13
733.187 796.187
853.48 438.864
827.644 420.603
849.948 444.567
871.867 143.375
785.348 220.949
426.829 290.783
1316.84 436.224
781.363 236.422
573.283 597.624
1010.28 597.31
790.297 208.355
193.833 331.466
618.418 714.133
431.818 363.248
1180.93 251.06
646.266 729.255
194.309 333.584
1054.67 177.311
786.853 392.531
817.224 704.608
831.586 294.181
800.032 196.222
202.59 300.74
398.622 264.67
748.417 221.197
416.199 428.901
544.265 429.561
878.962 149.748
881.072 78.6875
617.817 675.785
836.188 428.665
852.623 439.368
525.251 330.897
940.304 111.33
804.272 270.118
1097.34 373.225
798.84 272.223
959.249 194.472
488.83 503.292
893.422 161.124
718.817 582.429
874.812 148.966
991.685 142.414
516.602 370.778
862.612 87.7206
942.303 257.493
376.135 275.19
757.839 235.486
761.569 251.56
1089.44 434.531
853.4 804.735
195.316 301.952
929.371 766.738
739.633 220.322
446.617 263.132
1312.86 660.324
700.147 245.321
821.331 264.393
551.365 623.84
793.54 179.185
936.534 180.84
710.28 252.927
1228.58 400.126
937.463 114.695
978.679 487.216
999.09 649.134
474.964 258.491
973.119 603.956
511.821 263.618
981.644 625.181
376.219 267.411
904.164 252.823
973.696 199.038
1084.71 409.871
968.151 198.853
860.188 294.491
1291.59 406.089
783.688 180.595
1138.08 296.938
825.139 696.284
770.269 229.316
384.166 261.219
804.746 265.721
450.758 427.234
703.585 337.342
984.508 607.555
424.136 421.607
565.555 401.247
742.148 802.846
581.578 612.279
1230.44 709.499
569.827 601.764
871.914 296.638
1139.1 276.093
985.967 568.606
878.947 459.644
777.655 754.582
448.423 432.854
584.331 255.27
563.597 401.318
900.815 239.416
824.094 421.537
990.644 283.967
1229.95 405.472
579.009 425.603
214.594 336.069
755.827 278.923
812.883 86.0405
778.59 389.872
432.161 423.504
825.272 275.27
1077.38 431.554
745.547 364.789
824.074 276.714
1023.86 161.682
428.658 268.854
776.69 391.712
655.494 438.242
445.813 434.795
737.29 758.279
189.11 335.217
1134.29 248.696
432.468 289.556
397.638 272.366
394.172 261.111
660.328 674.598
720.758 222.237
983.832 831.811
848.281 284.411
403.286 449.47
1005.61 634.211
730.135 360.096
792.494 247.889
907.541 158.498
1140.27 277.435
964.459 133.743
424.199 639.112
711.835 345.13
763.386 285.114
1100.23 368.327
1007.76 608.506
1020.7 620.567
750.929 372.549
476.425 591.73
551.588 261.679
732.418 357.73
375.247 271.34
484.234 256.276
1137.47 279.463
1261.82 451.619
210.696 331.132
1308.23 730.999
881.781 78.0124
224.327 330.98
832.647 424.726
849.913 129.98
849.103 504.218
1013.22 582.572
586.092 500.268
1115.39 295.702
404.166 267.26
833.73 709.607
629.349 661.088
553.695 261.619
1393.37 452.425
1150.09 307.684
1140.92 282.02
978.188 617.797
1096.99 442.824
815.916 710.844
715.871 697.983
800.052 402.306
385.065 261.485
881.272 457.264
429.643 642.563
486.64 502.01
867.485 72.7241
248.07 301.455
579.942 282.788
1092.73 592.823
886.943 154.257
1214.49 448.599
615.223 633.71
952.807 188.497
1348.71 405.875
676.335 441.061
507.283 367.952
515.668 341.19
746.667 365.954
760.916 284.88
1379.75 365.784
1098.99 423.991
942.378 184.159
983.679 612.883
453.597 413.304
465.165 260.654
1382.77 504.234
711.835 345.13
894.422 158.19
676.852 696.856
867.804 456.407
1140.42 249.781
455.577 260.588
484.202 503.218
462.159 450.174
557.371 443.024
856.861 807.25
879.967 266.681
1394.61 456.224
518.446 602.679
1242.21 309.208
1122.06 260.535
1010.77 158.779
466.199 287.747
1305.8 496.989
859.843 134.06
427.237 269.883
1322.57 442.94
753.077 234.711
416.047 435.093
1169.26 378.267
835.959 126.167
859.357 309.793
1073.91 488.188
463.845 603.23
629.534 574.005
856.02 46.0772
1372.15 490.839
600.369 658.404
891.136 156.643
896.301 253.078
477.291 270.697
832.666 296.709
1010.88 583.053
511.549 313.749
385.266 262.059
887.034 150.842
962.728 202.841
398.168 267.419
895.12 869.194
998.322 640.732
708.759 343.673
1080.6 496.599
501.189 592.294
640.016 450.472
1256.46 582.519
717.571 218.683
757.839 235.486
915.307 169.09
894.418 278.805
984.799 474.469
737.102 269.66
800.025 183.269
565.519 421.86
767.432 381.421
660.328 674.598
190.631 301.366
744.463 241.341
427.048 585.497
1008.73 614.126
834.44 791.666
1152 283.272
579.009 425.603
812.819 699.613
834.273 127.414
1354.84 487.896
978.953 205.504
1127.14 328.432
956.07 196.828
883.438 148.075
228.431 298.092
707.076 246.78
377.009 271.21
977.235 617.706
824.306 709.928
827.588 430.043
1255.01 584.971
865.142 848.34
944.349 850.188
1136.71 328.222
752.59 284.501
414.666 273.817
703.833 249.693
817.915 85.9115
815.581 415.324
594.325 656.689
829.889 420.957
290.921 578.51
625.566 714.352
926.158 181.161
821.833 720.795
820.996 417.645
1123.48 272.807
945.711 195.04
1291.99 399.971
965.513 132.491
207.344 303.842
879.967 266.681
198.633 298.148
703.957 246.865
922.078 865.423
907.763 767.922
1267.75 437.856
968.823 124.837
844.915 435.334
562.885 593.849
510.235 263.713
575.518 262.679
853.362 293.005
829.817 124.773
1378.92 546.548
1113.95 412.831
435.482 425.514
837.443 705.839
740.027 270.469
841.337 428.119
777.726 184.477
867.657 450.291
1022.14 166.159
1236.95 368.892
1293.91 734.369
1143.71 320.824
1323.56 442.818
854.065 434.315
1185.23 383.902
468.827 472.151
820.885 262.121
242.14 284.895
1118.64 275.575
615.282 678.85
720.564 455.2
1291.53 360.883
1001.79 148.665
1239.54 308.476
243.936 334.98
415.274 271.289
1013.7 594.008
716.354 348.654
335.386 259.588
766.794 376.396
506.83 539.127
790.775 104.988
722.001 354.28
966.125 333.05
534.141 261.718
1221.2 396.261
842.28 832.173
706.868 214.771
921.385 513.789
863.737 130.626
699.041 336.558
1048.7 504.111
959.249 194.472
584.331 255.27
971.009 204.281
927.981 170.787
1000.48 150.103
827.836 113.771
484.941 260.852
586.252 253.189
451.611 266.011
690.395 242.32
1074.16 186.842
874.452 452.551
865.347 444.556
463.564 258.676
522.843 497.761
467.328 267.926
885.954 156.377
845.229 438.572
478.214 263.922
864.9 451.859
1146.58 319.738
642.645 421.461
868.564 138.096
988.127 621.877
820.273 423.812
568.086 591.208
1084.71 409.871
732.676 352.841
1137.91 296.039
934.954 262.7
1085.28 389.772
1266.18 541.897
772.322 384.095
804.193 401.107
1088.5 423.781
737.604 268.212
816.29 417.203
659.307 669.351
705.074 252.161
1053.78 461.957
1378.92 546.548
482.093 258.651
1373.87 546.532
742.867 194.791
1166.65 286.517
736.225 358.41
797.657 407.263
448.096 502.746
769.327 388.855
851.872 206.086
928.976 104.814
1014.87 599.798
892.948 154.441
492.448 501.416
1396.16 458.253
1200.34 381.459
900.436 165.615
468.901 267.57
450.037 262.954
900.782 277.012
745.604 277.905
718.214 347.388
234.643 336.334
1394.61 456.224
552.845 545.378
623.776 543.078
1104.08 425.794
377.297 270.426
703.815 212.754
772.06 388.459
414.666 273.817
984.268 593.631
1198.9 501.231
572.153 421.856
462.821 264.934
478.161 262.23
899.953 160.051
696.584 336.391
936.461 314.318
532.041 406.584
544.835 405.789
689.132 433.384
856.9 210.988
761.687 200.667
879.762 151.985
641.419 444.74
498.38 269.293
635.552 555.942
724.322 267.443
442.34 263.424
972.231 125.616
732.39 266.672
537.899 618.854
1255.01 584.971
767.4 385.852
1326.49 455.074
1050.29 173.925
899.766 87.0175
693.733 446.948
526.326 335.151
1142.89 287.387
1419.9 355.251
873.204 71.9068
778.169 757.364
1016.34 621.702
738.283 763.571
921.812 236.825
511.34 289.141
516.602 370.778
763.925 287.54
1123.76 338.146
1302.89 407.357
1014.03 581.923
703.863 700.622
883.128 825.195
830.219 242.294
980.272 208.048
335.386 259.588
1096.79 413.305
846.591 436.247
224.478 300.062
668.35 664.089
1133.94 247.048
703.957 246.865
493.699 506.015
642.313 561.236
1005.06 635.059
1062.87 440.237
1328.58 646.291
901.874 157.654
1197.24 498.404
706.891 341.331
486.865 497.85
856.861 807.25
1378.74 544.847
805.889 263.811
629.283 586.079
833.804 788.741
852.59 283.385
856.097 438.208
659.307 669.351
818.098 111.82
458.148 366.762
995.934 585.005
859.387 137.796
631.168 546.052
1010.84 579.166
1228.79 405.964
478.214 263.922
885.96 79.8719
810.895 263.949
1139.79 311.32
529.353 336.221
937.15 191.647
766.18 382.449
1208.23 478.805
905.549 267.87
888.858 148.172
936.611 257.205
496.437 283.35
944.963 184.974
603.315 429.956
887.034 150.842
482.42 265.462
1318.4 445.678
555.856 666.899
763.386 285.114
820.255 703.741
847.103 433.953
544.835 405.789
436.324 263.552
803.244 409.202
750.406 375.698
693.54 449.252
995.776 293.394
1097.31 336.332
478.851 437.873
481.611 258.062
1082.45 432.005
1232.33 374.327
857.367 310.602
794.043 253.482
642.892 444.887
606.361 644.736
996.154 595.017
445.108 339.967
455.176 597.127
852.623 439.368
389.413 262.138
853.104 303.786
832.974 224.684
796.688 577.662
1086.74 461.926
841.881 276.535
955.907 198.095
798.393 399.631
854.355 134.614
415.836 272.608
1057.27 458.049
856.861 807.25
841.81 129.274
1103.14 395.799
611.104 683.86
733.239 710.129
966.269 479.991
1012.14 154.208
879.715 267.869
829.763 708.833
213.943 300.112
770.529 384.474
1078.55 410.805
576.302 683.858
575.518 262.679
463.034 271.289
882.423 459.044
955.826 482.868
744.926 232.069
689.26 728.808
763.59 382.336
1133.74 528.574
519.607 505.417
538.28 621.363
1324.23 646.601
1041.3 343.841
758.808 739.166
696.246 241.399
862.602 449.313
463.659 403.444
430.565 426.783
913.258 164.156
842.177 195.305
1216.25 479.092
1012.7 615.374
936.777 774.725
759.116 133.186
984.799 474.469
876.192 749.822
799.562 200.317
449.84 429.517
959.854 873.419
903.761 273.075
849.284 305.644
868.251 736.726
612.297 676.611
871.873 450.681
998.079 591.707
1130.45 246.162
1050.29 173.925
1079.66 190.681
468.901 267.57
1341.89 413.821
905.781 162.857
585.593 669.83
454.896 410.296
423.879 262.835
843.877 131.051
1277.32 290.214
717.15 347.742
452.075 263.083
444.828 428.239
449.482 435.836
577.364 253.786
1049.36 171.742
1016.91 588.271
785.348 220.949
848.416 251.992
730.84 265.939
734.953 265.889
946.469 194.874
961.372 201.477
1004.42 635.995
1100.29 418.07
789.031 404.192
885.904 824.8
470.588 289.652
748.628 275.488
412.742 266.385
803.244 409.202
557.713 424.7
283.446 584.284
784.772 398.749
1238.03 369.477
737.905 232.779
783.688 180.595
879.935 752.141
561.882 404.942
882.884 231.639
753.341 196.205
860.397 732.814
907.088 170.154
999.049 615.839
1229.1 402.197
432.385 286.645
834.44 791.666
491.603 591.994
933.643 170.807
934.162 105.174
843.373 278.706
433.824 263.699
475.931 268.778
934.954 262.7
945.477 312.628
790.775 104.988
878.635 77.1861
875.117 144.474
406.943 375.701
983.678 283.812
974.166 595.689
865.257 741.014
1150.76 490.215
236.004 298.207
712.455 219.571
538.499 424.841
621.418 550.598
862.383 136.206
210.413 336.323
1007.82 559.349
977.311 620.14
1321.37 617.407
627.043 397.837
724.415 352.061
851.923 292.368
975.917 524.182
867.642 444.315
855.111 211.171
904.086 295.358
1094.19 441.589
973.241 122.785
432.103 263.686
896.69 164.894
1060.86 444.65
839.325 832.685
446.764 429.82
499.753 329.004
980.754 836.664
1249.87 480.509
435.782 287.558
967.162 333.05
823.109 413.59
375.505 269.418
864.961 75.3334
608.668 686.699
446.2 428.34
829.276 721.123
976.93 563.853
883.928 79.1562
1151.78 212.3
781.543 399.078
831.491 295.037
735.192 271.354
434.328 262.278
939.971 180.803
817.508 412.762
723.232 350.455
554.746 625.862
452.145 500.342
1312.86 660.324
532.671 380.447
994.785 626.208
1411.33 417.22
635.28 410.777
755.679 736.886
724.724 262.228
491.238 554.926
1004.34 513.303
976.418 624.108
1240.37 308.331
1009.42 648.89
486.625 283.669
563.271 421.39
840.658 706.728
965.805 619.095
854.355 134.614
878.962 149.748
927.599 879.717
811.294 408.422
754.095 280.26
869.931 737.351
512.099 307.128
549.186 629.152
1283.74 344.14
1310.77 596.988
712.267 259.156
766.18 382.449
849.853 441.176
978.803 205.557
823.373 715.215
741.202 369.336
994.88 588.322
433.361 442.362
978.35 141.112
455.601 258.677
825.943 106.488
510.287 322.88
597.362 701.295
1160.57 688.202
856.02 46.0772
182.751 274.965
839.223 194.719
398.709 264.113
981.684 563.201
404.694 451.429
454.645 602.572
705.809 345.429
684.699 232.845
809.057 414.237
1196.8 543.359
892.948 154.441
198.764 329.412
907.188 166.683
1342.86 477.098
844.617 510.616
457.225 595.823
698.429 242.376
872.896 453.849
708.988 693.167
466.906 448.222
789.764 116.619
375.505 269.418
1329.83 651.396
532.335 283.047
1174.54 416.488
566.255 411.167
866.723 738.231
876.192 749.822
984.407 202.716
1004.42 635.995
964.643 883.2
867.657 450.291
1223.69 399.006
622.365 567.595
118.026 623.378
1219.14 404.705
434.146 439.8
827.42 120.73
458.608 601.749
760.916 284.88
860.676 221.897
819.392 485.673
925.26 279.877
966.713 130.95
529.842 643.3
971.911 197.601
1013.46 585.838
447.287 600.981
715.184 351.082
753.639 375.067
722.211 223.827
244.561 335.751
775.667 203.709
1348.88 374.684
864.627 221.465
809.888 417.661
899.953 160.051
397.74 269.74
830.392 675.674
894.688 160.151
1017.73 584.797
783.175 195.493
461.295 264.924
1126.76 399.596
1137.21 308.235
796.667 473.368
997.763 303.926
475.931 268.778
428.681 434.576
866.723 738.231
965.813 197.092
1018.86 158.147
885.33 153.219
895.172 252.158
454.645 602.572
956.251 536.765
819.757 420.33
1035.55 605.38
839.325 832.685
443.717 289.877
773.414 387.125
484.289 272.154
813.215 417.442
843.877 131.051
809.497 490.018
942.451 534.945
1082.79 429.55
825.272 275.27
795.593 261.086
1322.33 380.633
493.804 284.641
1392.45 329.063
701.053 242.521
442.379 487.003
571.178 637.679
1344.7 538.868
821.438 266.861
985.06 477.794
445.406 421.227
474.798 284.338
937.151 180.744
962.173 192.334
897.616 261.598
1335.41 722.249
856.133 47.0474
1219.3 317.359
992.038 623.216
798.219 264.059
457.529 411.199
627.043 397.837
756.79 277.336
501.028 264.172
1022.32 302.083
793.54 179.185
554.092 410.082
471.174 551.392
765.963 230.349
557.371 443.024
438.796 436.729
602.32 700.167
1127.46 409.459
935.914 185.89
497.178 330.379
816.536 527.78
1081.66 441.186
896.591 248.95
461.562 270.032
742.159 269.571
856.9 210.988
820.676 487.673
715.794 345.994
209.747 302.715
939.094 843.592
823.855 239.792
937.273 111.864
1142.8 301.875
903.1 244.349
1073.91 426.863
869.393 453.12
833.198 124.215
955.634 114.31
617.39 673.144
666.836 480.847
887.756 150.858
973.601 209.39
765.748 389.491
221.019 300.054
776.69 391.712
441.839 432.933
560.258 480.2
897.944 157.115
249.135 298.093
904.608 230.955
869.231 138.262
467.711 411.89
773.148 157.612
800.145 474.65
1229.01 404.423
712.511 256.066
991.685 142.414
806.106 410.559
917.534 98.5306
466.597 591.831
576.267 253.945
1348.71 405.875
1307.96 386.165
796.139 183.927
462.907 507.926
561.456 254.636
1129.21 276.044
830.164 706.579
860.684 295.549
763.413 379.844
311.12 601.196
755.679 736.886
734.872 195.327
439.039 285.831
1378.55 509.939
418.496 266.252
601.281 701.668
775.27 390.346
842.793 261.126
796.667 473.368
1086.75 727.781
311.12 601.196
1309.08 730.981
804.197 194.492
1301.12 384.875
721.871 261.281
722.001 354.28
770.269 229.316
573.145 256.532
712.511 256.066
213.763 298.047
540.842 620.905
1073.99 496.941
885.234 822.109
450.999 511.25
1005.01 602.991
859.756 806.789
544.847 659.111
722.929 786.745
862.249 73.2078
444.902 342.549
997.178 143.698
1010.28 597.31
557.3 460.801
976.041 331.39
835.913 425.967
879.946 152.896
488.219 476.456
241.08 303.021
418.534 630.452
207.078 303.213
433.039 592.176
1014.12 623.128
246.705 298.444
635.421 726.157
1292.7 733.303
836.188 428.665
992.645 599.944
473.438 263.138
682.15 680.728
585.593 669.83
718.037 256.573
1022.32 302.083
847.235 121.074
802.072 273.589
542.983 430.424
718.037 256.573
777.02 245.662
1005.27 638.202
763.403 236.475
424.782 293.156
785.435 160.938
399.764 371.412
1087.79 438.94
732.63 463.614
967.414 614.777
1009.9 155.165
1065.1 458.836
1127.17 352.146
1073.74 494.236
833.492 119.8
702.717 242.368
920.703 851.268
199.54 286.202
919.841 99.6543
698.459 335.264
1272.61 468.693
860.533 449.752
801.45 717.39
576.039 257.444
755.244 375.379
755.422 281.002
701.348 343.747
1092.53 442.794
934.744 177.108
839.918 304.041
1136.43 254.343
582.772 563.755
753.904 219.884
1026.34 161.136
924.181 255.306
983.78 202.873
899.849 240.898
724.472 361.377
747.878 367.702
721.503 259.748
250.362 299.005
719.854 353.522
629.349 661.088
880.176 825.626
477.685 555.246
703.148 347.214
469.233 411.812
441.446 446.505
922.258 862.159
707.076 246.78
821.577 415.125
757.525 281.663
942.57 190.296
519.551 263.136
888.346 73.7542
964.459 133.743
853.236 136.621
899.849 240.898
844.778 125.598
990.701 571.871
522.929 337.127
777.726 184.477
685.478 238.88
571.51 596.769
540.842 620.905
1152.38 281.188
1309.53 397.03
495.147 608.141
763.59 382.336
541.665 433.586
441.515 404.777
995.776 293.394
902.32 162.274
837.691 254.97
554.236 255.396
904.384 293.805
888.295 153.075
864.627 221.465
506.977 346.508
1328.11 651.448
792.154 504.246
1109.81 420.204
403.286 449.47
693.739 238.817
1380.55 359.989
867.657 450.291
794.147 226.782
460.334 268.845
800.032 196.222
441.857 265.256
909.984 165.723
950.864 191.096
514.282 257.045
431.41 444.358
963.58 190.664
537.8 253.082
997.13 625.216
870.297 451.746
524.132 330.339
1060.33 466.285
477.947 499.794
460.036 644.913
806.948 255.867
462.522 602.158
841.337 428.119
712.418 343.406
733.527 265.598
1009.58 607.318
944.963 184.974
1074.3 189.694
927.757 258.698
891.123 145.894
978.882 617.021
1190.86 694.814
236.911 316.288
1063.7 182.145
767.066 378.789
889.66 92.1573
425.116 508.578
1224.74 407.503
827.836 113.771
1200.34 381.459
893.964 83.8176
414.666 273.817
841.881 276.535
431.331 438.117
404.694 451.429
812.952 195.265
1017.73 584.797
928.976 104.814
786.241 463.09
862.6 209.813
860.902 78.754
1382.77 504.234
770.667 464.66
983.341 591.582
1351.9 358.66
816.29 417.203
891.881 159.743
415.274 271.289
788.92 220.641
466.585 403.851
809.693 87.9051
1180.82 360.371
442.242 494.118
568.086 591.208
512.393 505.508
848.037 437.396
442.27 496.449
505.48 287.1
1016.21 597.83
207.525 336.34
1159.09 662.858
1357.11 392.827
836.78 273.044
733.431 187.35
705.171 248.105
475.255 270.385
846.481 439.151
1285.67 403.219
479.033 509.357
930.216 109.557
529.565 330.026
915.3 167.629
699.65 343.909
922.264 273.088
712.418 343.406
210.485 286.431
193.833 331.466
708.794 346.112
1059.42 484.715
763.05 152.181
208.26 300.97
899.658 89.7417
783.824 391.602
965.034 189.018
756.642 742.324
1088.75 438.758
197.85 336.472
706.891 341.331
716.09 344.402
735.122 260.125
412.308 261.539
783.231 753.772
463.363 595.657
510.287 322.88
1146.84 213.648
1020.7 620.567
841.468 253.538
658.587 664.261
939.061 743.22
936.777 774.725
499.605 506.261
871.427 236.763
563.508 397.611
469.261 287.659
866.032 737.082
561.882 404.942
563.597 401.318
965.654 192.258
491.662 496.087
1189.5 394.148
798.219 264.059
442.27 496.449
403.46 445.516
748.758 369.396
1145.11 296.383
444.643 345.826
1259.65 448.304
938.333 902.534
1356.27 389.167
1069.07 426.116
709.25 699.774
1013.22 582.572
785.435 160.938
459.243 265.767
527.308 554.209
893.546 157.702
659.307 669.351
978.815 558.516
833.691 428.051
755.987 243.118
514.787 554.242
703.585 337.342
814.597 421.352
1345.84 343.82
909.706 163.681
198.386 301.137
1155.15 283.662
452.591 269.93
207.078 303.213
511.702 311.505
635.28 410.777
753.341 196.205
1282.75 632.799
550.402 547.66
967.396 194.143
1006.21 607.047
755.115 372.126
1330.47 648.096
996.576 645.653
412.82 435.535
1313.04 516.429
1016.34 621.702
1168.11 406.407
856.861 807.25
988.725 560.677
875.406 751.564
863.42 443.171
295.648 495.601
493.438 508.4
882.884 231.639
882.554 458.302
899.677 284.096
1156.92 240.795
834.376 429.126
442.73 438.875
835.822 426.485
844.778 125.598
1144.35 518.31
784.814 794.093
506.573 633.919
327.806 265.749
968.004 208.155
828.328 120.408
625.265 540.005
1225.13 408.438
557.379 462.968
557.256 409.207
1300.96 414.832
496.662 262.373
1068.56 502.212
863.311 133.666
746.866 273.596
889.226 158.261
451.123 409.096
1174.72 430.899
1192.98 537.981
880.94 461.925
1378.55 509.939
432.726 410.966
1062.36 444.974
1079.85 431.808
1311.86 600.492
711.418 340.822
1313.81 660.03
438.811 259.245
1010.35 593.812
378.274 266.323
977.39 557.078
869.156 700.252
161.997 258.912
201.803 286.786
1137.59 251.369
854.042 443.142
1004.92 637.349
998.072 605.304
212.1 336.389
381.76 265.696
487.711 606.455
1096.89 421.484
746.606 745.856
977.936 470.648
839.365 724.794
999.049 615.839
876.808 739.28
860.958 443.648
987.609 131.923
1150.93 280.008
561.919 250.639
966.855 609.235
805.618 771.656
1382.77 504.234
915.3 167.629
973.657 604.793
747.878 367.702
918.778 175.954
789.321 112.349
1050.29 173.925
1047.36 491.242
874.329 702.175
870.999 74.7167
1017.49 624.023
850.767 435.079
752.897 277.307
719.841 257.777
753.08 375.335
1009.26 631.225
915.216 280.754
940.304 111.33
942.594 314.726
712.099 348.684
1238.44 386.371
971.141 513.184
621.022 386.162
472.629 269.11
451.123 409.096
731.979 270.61
699.039 531.877
964.459 133.743
868.336 739.854
820.015 188.07
859.831 134.135
451.031 510.264
793.347 839.323
1355.45 526.092
820.029 416.655
569.396 409.865
1287.37 626.774
800.598 401.258
1057.6 464.089
219.819 287.858
539.751 428.846
836.218 125.238
1246.34 365.63
1307.7 602.445
979.636 205.977
803.399 176.547
537.899 618.854
613.122 542.478
706.119 213.09
418.496 266.252
698.429 242.376
843.728 510.075
730.607 263.276
877.179 150.619
829.99 427.644
978.4 837.221
992.007 283.941
864.189 451.585
1130.6 297.973
991.427 627.573
759.335 284.027
185.454 333.406
852.844 440.803
765.386 251.607
1054.67 177.311
1008.13 593.053
558.591 606.865
847.819 260.795
1017.22 571.094
463.345 269.391
1132.95 307.822
819.381 238.236
918.343 236.887
560.356 280.891
843.794 121.982
836.218 125.238
561.456 254.636
1392.78 331.817
731.154 357.02
1165.63 411.925
577.364 253.786
894.688 160.151
475.606 498.698
464.932 403.256
1197.78 562.167
625.175 262.282
959.42 281.299
751.288 278.056
515.668 341.19
1283.64 581.812
933.781 252.867
118.026 623.378
834.009 122.956
1011.31 586.483
1185.23 383.902
967.145 199.009
835.882 428.436
600.369 658.404
772.646 817.233
836.77 274.006
851.691 223.985
834.636 422.306
1079.92 465.98
810.375 410.98
1248.79 416.01
805.879 407.544
952.135 841.865
1248.09 614.441
512.777 472.535
1126.78 316.429
1119.13 362.983
741.971 368.737
804.272 270.118
1013.29 564.235
968.151 198.853
605.695 372.737
807.056 479.158
830.441 238.063
963.791 198.232
1129.21 276.044
709.97 347.017
934.152 179.102
727.126 205.937
572.804 603.892
724.415 352.061
805.398 404.224
831.586 294.181
809.16 404.425
1412.87 359.839
786.853 392.531
963.447 612.306
1189.41 492.37
793.058 254.666
1009.83 633.857
545.287 591.741
749.33 217.201
1332.18 422.766
830.117 118.182
473.685 406.22
869.156 700.252
197.51 554.633
605.731 538.65
1099.28 438.566
824.633 717.768
959.817 202.604
806.836 193.82
1307.43 391.055
1007.98 608.289
887.756 150.858
426.322 262.284
826.868 700.799
1013.74 641.257
822.84 423.564
1025.22 614.371
396.248 264.531
1008.32 597.664
759.871 381.77
911.199 102.848
811.209 763.877
823.855 239.792
1324.22 454.788
1411.33 417.22
795.459 232.204
1032.94 504.171
876.751 806.211
1007.8 582.267
429.318 364.631
792.987 219.923
805.008 414.66
910.734 162.407
979.714 129.591
829.199 238.312
194.871 336.605
885.234 822.109
1091.21 462.002
1015.41 633.942
1177.39 573.825
1283.86 342.779
995.397 581.566
418.601 267.835
936.709 771.913
898.899 242.567
795.978 396.066
747.404 372.364
1138.58 302.152
903.1 244.349
837.06 295.693
1064.83 182.579
1141.59 285.29
815.343 407.689
762.256 283.675
953.442 185.196
937.905 119.88
1350.95 383.728
615.633 627.394
435.138 290.834
733.527 265.598
812.882 283.396
189.033 336.691
977.235 617.706
990.158 504.774
399.764 371.412
1128.25 320.877
744.738 237.798
1333.81 597.337
662.163 709.672
541.091 431.606
477.28 290.644
824.094 421.537
1335.58 664.114
704.047 341.666
198.401 300.652
683.658 760.731
937.64 176.406
875.117 144.474
743.865 366.045
978.953 205.504
682.694 306.994
729.204 228.045
1349.31 353.226
1284.97 458.527
243.383 333.195
454.689 407.068
863.156 439.781
923.84 862.539
444.117 260.243
424.782 293.156
1026.34 161.136
696.246 241.399
907.188 166.683
448.478 290.434
885.265 85.8632
1017.02 635.086
665.259 711.673
1341.97 415.011
613.122 542.478
465.255 268.253
998.079 591.707
1287.56 566.441
385.568 266.198
1136.5 290.186
747.84 801.84
1063.7 182.145
1167.83 267.145
824.731 279.563
873.059 75.9409
884.806 159.7
1005.29 631.291
1012.56 639.813
710.808 746.626
727.624 360.68
553.139 418.316
555.828 412.892
1239.54 308.476
850.18 48.6404
1298.65 470.372
587.973 607.945
958.773 482.968
423.879 262.835
757.283 376.647
728.054 263.732
1080.06 407.22
472.739 256.848
812.852 811.821
1067.85 508.079
1007.77 632.36
234.148 298.094
492.892 258.78
848.937 281.236
902.468 166.219
836.206 433.055
1311.86 600.492
941.634 192.973
872.279 448.389
899.094 224.629
103.054 636.856
693.278 444.412
814.705 408.37
451.123 409.096
752.897 277.307
356.45 503.136
627.102 249.872
732.199 258.792
928.743 175.54
718.093 215.947
874.231 149.668
965.034 189.018
883.277 461.398
764.061 284.48
983.628 589.174
1214.76 411.794
840.017 706.585
939.385 861.127
948.769 192.482
996.42 630.853
1301.91 383.338
993.924 150.277
1321.07 437.194
800.036 179.1
1079.96 504.87
927.817 174.438
535.089 417.948
921.812 236.825
772.236 463.117
1234.46 309.807
429.979 517.12
821.651 422.484
849.707 436.987
989.764 603.742
512.027 308.173
990.158 504.774
570.802 420.68
1089.74 438.602
1277.71 449.429
924.387 292.59
937.151 180.744
944.305 184.991
706.891 341.331
866.715 449.155
1199.1 613.492
689.715 233.953
779.926 460.387
786.877 193.876
606.659 670.233
836.04 116.93
561.456 254.636
751.53 276.595
805.872 278.328
728.054 263.732
991.897 298.882
1138.17 298.236
988.223 563.416
932.901 170.023
909.764 763.665
818.938 709.949
973.209 483.329
640.644 561.773
862.612 87.7206
454.689 407.068
1029.81 163.891
369.544 269.267
944.149 188.053
979.714 129.591
830.314 115.561
737.562 268.105
432.653 425.677
541.04 431.781
996.445 591.093
552.929 425.767
575.545 263.49
1233.15 501.93
1325.53 651.339
1300.07 389.964
1015.41 633.942
1148.59 488.872
449.573 429.19
849.913 129.98
1063.34 179.7
1096.26 442.309
690.395 242.32
1292.74 593.846
872.582 144.521
412.742 266.385
495.221 603.125
935.41 314.378
727.784 358.387
406.02 383.298
434.467 268.939
823.968 120.584
423.308 288.416
882.122 459.58
457.253 408.697
1014.87 599.798
1054.88 464.129
918.435 249.353
869.168 730.961
1128.95 328.203
488.219 476.456
555.88 261.806
574.306 596.271
444.451 347.999
195.844 331.302
1241.04 403.269
577.843 684.888
238.451 327.891
532.756 413.948
1228.2 539.153
938.853 879.819
697.866 337.799
293.766 290.541
859.453 141.192
1383 361.556
467.132 409.616
851.139 138.399
896.591 248.95
506.909 591.826
1032.73 620.361
1116.89 358.127
1093.14 441.866
1228.2 539.153
757.336 281.73
444.828 428.239
835.715 120.95
421.593 261.11
1156.75 289.835
972.954 333.468
278.38 587.284
747.273 376.579
1123.67 258.134
807.056 479.158
783.279 200.058
470.212 258.705
883.572 237.874
1137.31 270.535
696.857 249.38
816.773 285.762
896.825 85.9276
217.828 330.773
751.4 278.244
1246.58 383.847
874.625 736.37
980.396 213.283
536.771 430.348
1140.42 249.781
1074.78 442.482
490.562 334.086
746.667 365.954
237.273 330.031
847.398 432.174
996.42 630.853
944.149 188.053
442.615 420.535
633.324 653.177
939.586 744.088
457.014 287.127
892.401 869.697
1266.18 541.897
734.212 356.576
1310.38 484.128
836.188 428.665
886.163 460.345
763.148 781.298
767.624 820.891
768.385 122.317
1329.65 677.61
1099.94 438.854
644.886 647.903
487.923 481.899
1247.65 476.238
738.542 237.723
630.401 653.635
415.836 272.608
510.066 537.254
990.771 619.48
998.201 595.702
734.329 722.09
829.528 704.94
812.952 195.265
491.296 501.934
836.093 253.944
848.839 436.18
815.69 283.365
756.35 273.827
171.679 266.356
714.109 459.328
737.102 269.66
1365.39 518.975
828.603 109.213
881.878 250.802
893.964 83.8176
726.617 357.25
1017.02 635.086
757.696 372.292
784.814 794.093
1260.24 335.249
453.263 291.764
1196.8 543.359
976.93 563.853
1415.48 355.948
685.887 757.747
1241.16 412.64
1123.21 259.121
988.758 485.172
1126.23 529.338
772.498 387.289
878.162 150.513
852.615 302.159
895.385 278.353
636.204 554.803
632.477 558.803
566.755 599.643
981.813 608.068
697.789 766.222
550.303 430.477
220.13 335.18
853.362 293.005
1361.16 386.704
773.176 381.632
714.094 210.314
855.111 211.171
903.614 166.203
452.591 269.93
251.286 298.181
935.195 856.152
854.856 302.555
1070.64 501.501
701.699 334.39
714.618 256.488
823.373 715.215
935.871 764.364
784.057 394.482
753.639 375.067
1192.98 537.981
1055.76 466.317
742.74 193.466
893.262 159.662
1352.26 518.733
754.71 372.674
992.644 571.439
811.201 415.243
734.365 758.635
834.405 120.633
1264.63 400.89
241.394 304.312
1005.65 578.233
1135.3 316.354
811.201 415.243
767.432 381.421
553.984 281.395
729.363 264.282
885.265 85.8632
1290.99 367.958
1069.17 425.391
866.052 221.383
557.3 460.801
871.873 450.681
873.956 64.1019
719.841 257.777
834.405 120.633
504.793 630.146
242.14 284.895
527.59 528.533
461.562 270.032
548.19 590.823
436.323 423.679
828.376 789.833
741.98 366.204
519.551 263.136
741.893 470.135
779.469 390.881
793.647 153.21
821.331 264.393
823.7 290.604
886.845 158.694
753.904 219.884
934.143 107.663
835.959 126.167
976.393 604.304
834.009 122.956
803.175 276.693
989.13 621.109
867.844 138.323
473.113 264.743
638.11 690.243
577.722 498.382
859.715 448.199
756.646 380.266
842.315 437.327
814.371 491.814
1033.81 512.758
680.926 235.8
655.84 410.124
584.576 621.34
428.206 265.788
824.731 279.563
704.047 341.666
839.383 276.406
893.223 260.769
541.873 326.744
865.799 452.458
634.203 550.819
693.254 769.872
783.398 243.517
702.695 342.639
899.171 239.256
727.784 358.387
1067.53 427.02
418.601 267.835
828.603 109.213
432.653 425.677
745.604 277.905
1067.9 501.574
726.617 357.25
1233.19 443.973
912.65 165.175
1074.16 186.842
754.42 368.847
453.942 285.059
789.977 399.019
903.291 278.41
1123.82 351.143
820.029 416.655
947.414 183.605
914.873 289.745
1082.72 504.506
754.095 280.26
933.193 107.877
541.665 433.586
701.053 242.521
1321.84 374.602
1029.94 166.34
927.396 178.168
828.232 429.298
1256.02 471.406
526.967 334.76
571.681 642.885
625.516 541.107
973.657 604.793
883.128 825.195
659.307 669.351
1018.87 587.275
762.482 380.567
1377.23 529.637
1213.3 400.901
875.87 737.938
765.868 226.369
624.798 548.103
534.141 261.718
763.814 248.865
986.87 588.428
744.926 232.069
455.577 260.588
450.307 260.805
746.866 273.596
815.963 188.236
431.866 421.568
1040.33 670.924
551.843 257.618
1073.91 426.863
748.628 275.488
738.436 273.442
894.845 82.7488
906.141 102.383
509.456 266.342
741.208 271.499
560.258 480.2
1152 283.272
1122.16 342.671
527.59 528.533
878.947 459.644
1325.47 447.084
568.145 278.177
508.421 282.228
883.601 454.197
1142.3 319.608
928.194 866.928
857.681 311.872
762.718 380.092
460.036 644.913
628.413 713.854
1176.82 252.996
707.523 212.41
412.742 266.385
781.687 238.408
468.559 507.691
836.251 299.154
860.497 134.736
1139.86 280.397
482.583 614.296
840.665 435.192
744.013 272.176
1241.21 302.251
1123.32 276.649
887.581 161.691
447.287 600.981
1354.67 518.764
444.643 345.826
968.414 138.257
805.301 258.763
746.667 365.954
903.057 158.621
1262.84 351.262
840.775 428.823
923.728 854.943
833.271 786.085
988.753 588.546
815.716 410.796
959.249 194.472
740.36 187.885
421.662 259.131
821.505 419.758
1330.31 654.835
823.182 428.144
468.594 474.388
1182.71 316.711
824.083 266.343
1136.5 290.186
978.172 198.288
493.804 284.641
768.866 748.33
837.923 437.363
1137.6 318.05
553.984 281.395
191.263 330.116
1178.94 574.469
700.622 249.142
438.508 409.656
984.707 604.594
417.445 270.13
989.13 621.109
792.462 406.447
812.955 276.732
477.864 608.248
397.74 269.74
1371.14 379.381
441.843 503.48
446.373 259.256
924.215 112.028
914.873 289.745
920.559 109.151
1120.86 411.83
924.594 845.891
494.217 591.72
542.076 286.962
1343.61 296.922
860.587 233.13
1137.59 251.369
826.358 274.084
436.224 403.7
1145.13 490.107
836.556 189.112
432.468 289.556
967.162 333.05
1073.99 496.941
470.212 258.705
909.764 763.665
992.596 611.2
848.033 441.272
574.551 598.963
514.137 550.409
199.54 286.202
579.156 615.292
1004.65 564.352
511.028 491.137
437.859 266.633
903.198 160.244
243.383 333.195
526.936 500.257
905.781 162.857
990.158 504.774
429.61 451.246
774.632 251.681
634.615 700.388
1385.69 352.073
1110.17 422.814
398.462 263.771
1344.14 541.84
1199.1 613.492
811.544 414.44
1118.67 364.913
786.886 246.097
229.932 333.109
965.591 275.34
850.968 129.2
691.209 233.277
1324.22 454.788
1282.63 437.568
1180.93 251.06
886.83 154.459
741.971 368.737
1355.57 646.358
880.12 276.32
934.786 274.169
968.338 285.369
820.255 703.741
671.901 680.29
553.828 426.546
836.06 197.219
501.635 610.675
938.97 193.447
823.102 107.05
759.11 381.789
810.398 709.682
740.328 757.732
746.626 368.105
975.909 837.816
1165.63 411.925
720.006 350.443
986.897 475.311
957.932 200.032
869.743 293.773
608.668 686.699
845.006 440.048
214.349 285.603
236.191 287.344
736 216.904
716.156 576.103
950.864 191.096
1006.77 610.279
969.191 128.373
1341.89 413.821
1076.89 503.112
1056.26 458.045
874.434 79.2677
825.139 696.284
467.816 481.356
854.957 710.717
623.153 674.887
1299.52 606.337
723.693 257.902
433.361 442.362
616.845 382.895
1351.66 664.676
1381.81 465.585
837.187 124.082
854.95 310.114
808.454 225.771
940.23 192.34
552.733 662.107
845.744 300.228
802.896 772.215
820.676 487.673
514.062 552.128
832.688 677.58
1387.72 373.931
795.822 226.561
1085.11 386.199
767.319 382.807
726.71 260.687
862.072 69.0594
993.029 298.448
823.209 105.431
1233.35 537.711
869.393 453.12
744.881 802.361
1073.15 427.115
698.65 239.802
862.383 136.206
785.536 401.661
965.034 189.018
802.072 273.589
746.017 268.477
976.103 829.704
751.53 276.595
982.043 207.296
678.787 479.142
442.935 265.026
832.647 424.726
871.682 458.3
439.527 407.933
948.769 192.482
541.642 256.34
1329.83 651.396
770.068 251.351
474.474 285.152
389.413 262.138
825.261 182.149
1300.37 385.39
667.612 708.792
1154.31 315.618
742.624 268.63
860.587 233.13
784.266 246.32
753.341 196.205
448.096 502.746
864.961 75.3334
766.908 200.934
776.037 200.967
1259.63 518.257
796.139 183.927
445.108 339.967
715.184 351.082
1371.14 379.381
758.415 181.155
433.479 429.472
936.709 771.913
450.081 411.125
785.211 219.903
816.684 113.329
371.344 260.381
377.35 272.694
425.348 640.299
420.639 602.06
974.587 339.405
816.102 178.007
862.75 205.426
643.712 445.508
479.832 264.335
1174.14 413.75
556.169 257.374
944.305 184.991
857.367 310.602
588.087 582.317
763.59 382.336
883.128 825.195
709.25 699.774
956.895 185.73
841.337 428.119
715.424 253.871
849.209 124.346
776.037 200.967
445.915 509.122
846.897 215.343
426.829 290.783
808.797 477.836
722.365 781.159
779.469 390.881
582.29 568.695
1182.98 684.214
586.594 249.326
648.291 568.28
1277.25 291.089
882.423 459.044
924.014 270.696
1100.29 418.07
756.72 238.625
990.915 625.555
735.68 226.462
705.872 342.328
248.07 301.455
421.848 422.092
942.594 314.726
911.893 166.761
928.743 175.54
617.957 558.252
811.201 415.243
561.12 259.198
404.166 267.26
725.874 163.363
729.246 355.029
963.447 612.306
451.895 420.402
930.384 856.859
1289.15 568.445
1149.76 327.611
712.099 348.684
818.613 416
1086.28 433.986
822.84 423.564
1274.81 392.784
566.923 252.643
779.467 214.133
803.611 252.517
567.391 672.649
217.528 332.572
787.116 396.755
678.787 479.142
431.818 363.248
866.623 135.621
971.149 606.292
898.709 762.197
466.839 273.149
506.83 539.127
463.845 603.23
598.898 695.294
726.617 357.25
761.687 200.667
918.151 856.924
1008.89 612.63
909.984 165.723
762.858 778.588
835.882 428.436
583.401 282.814
1118.07 408.567
1307.7 602.445
907 269.703
928.743 175.54
401.402 264.596
1070.91 432.282
824.166 216.193
514.137 550.409
959.822 130.651
969.912 208.906
236.844 331.28
1022.05 443.865
1003.13 614.853
424.114 367.418
1182.71 316.711
808.733 410.642
857.988 55.592
539.64 429.766
566.389 256.432
936.611 257.205
471 267.457
460.578 593.242
444.628 420.229
425.044 261.567
511.549 313.749
833.73 709.607
933.182 185.026
900.073 88.005
805.797 413.63
962.181 511.939
973.643 135.077
244.496 305.057
434.956 258.666
251.286 298.181
896.825 85.9276
439.527 407.933
506.14 367.596
817.995 226.476
536.618 424.626
870.807 747.657
341.107 255.197
487.304 490.734
481.935 284.08
874.452 452.551
1141.41 483.419
581.259 580.245
685.83 685.579
222.531 302.799
375.737 272.811
762.535 290.373
820.255 703.741
751.011 243.94
1303.21 391.053
588.087 582.317
826.452 202.454
429.61 451.246
1245.17 399.687
1098.61 426.586
891.063 219.677
429.618 520.083
766.675 286.668
1378.56 549.655
863.311 133.666
554.092 410.082
823.7 290.604
898.444 242.582
837.348 505.643
908.552 170.221
876.947 457.688
827.449 292.863
970.228 599.621
988.602 827.312
877.041 451.956
858.739 446.516
1303.07 472.846
940.818 186.491
754.745 207.144
1367.86 357.243
982.214 550.629
837.38 253.837
904.964 169.375
456.225 602.6
539.855 280.34
701.053 242.521
712.536 344.347
911.689 265.572
557.371 443.024
150.835 597.557
715.483 341.403
769.237 385.871
1330.47 648.096
706.119 213.09
1135.67 249.757
1011.31 586.483
1272.61 468.693
