949
467.132 409.616 451.239 457.206
552.929 425.767 513.472 389.804
445.718 260.701 270.631 438.089
442.894 358.638 378.999 466.959
524.676 506.144 582.174 430.215
458.483 270.299 289.707 429.627
468.276 258.817 283.451 418.099
403.46 445.516 455.722 519.31
442.036 500.241 535.748 498.738
446.806 503.503 540.536 495.327
425.489 268.724 267.198 456.91
484.191 270.235 306.008 408.355
433.908 262.821 264.103 448.643
501.227 262.335 308.205 391.331
432.683 261.959 264.103 448.643
473.438 263.138 291.58 414.195
468.141 478.97 525.344 472.791
438.221 261.446 266.377 443.905
451.123 409.096 441.172 467.294
489.669 337.198 384.582 419.963
431.818 363.248 379.623 476.376
416.199 428.901 443.441 503.911
544.265 429.561 513.679 397.47
525.251 330.897 398.715 390.177
488.83 503.292 561.491 459.473
446.617 263.132 273.097 436.702
474.964 258.491 286.874 412.465
511.821 263.618 318.098 383.816
450.758 427.234 461.988 475.155
424.136 421.607 440.08 496.17
448.423 432.854 466.617 477.791
432.161 423.504 446.735 489.774
445.813 434.795 467.309 480.677
432.468 289.556 296.835 456.54
551.588 261.679 338.823 350.107
579.942 282.788 379.196 332.845
507.283 367.952 426.983 413.662
515.668 341.19 404.335 400.204
453.597 413.304 446.415 467.95
465.165 260.654 282.374 421.205
455.577 260.588 276.627 429.251
484.202 503.218 558.864 464.393
466.199 287.747 314.173 429.171
416.047 435.093 451.39 506.866
477.291 270.697 301.953 414.069
575.518 262.679 354.543 331.403
435.482 425.514 449.94 487.391
468.827 472.151 518.69 470.127
534.141 261.718 327.947 364.894
584.331 255.27 351.714 322.786
484.941 260.852 295.656 404.692
586.252 253.189 350.683 320.229
451.611 266.011 279.578 433.697
463.564 258.676 281.23 420.172
467.328 267.926 292.726 421.705
478.214 263.922 295.423 410.98
482.093 258.651 290.789 406.778
448.096 502.746 540.413 494.04
492.448 501.416 561.247 456.528
468.901 267.57 294.124 420.165
450.037 262.954 276.263 434.163
462.821 264.934 286.605 424.371
478.161 262.23 293.283 410.54
532.041 406.584 482.805 401.372
544.835 405.789 487.065 390.451
498.38 269.293 314.158 396.164
526.326 335.151 403.758 390.119
493.699 506.015 567.262 456.213
478.214 263.922 295.423 410.98
482.42 265.462 300.017 408.861
544.835 405.789 489.05 391.849
436.324 263.552 267.656 446.21
478.851 437.873 488.307 453.682
481.611 258.062 290.789 406.778
445.108 339.967 361.126 458.835
575.518 262.679 354.543 331.403
463.034 271.289 293.572 426.067
468.901 267.57 291.285 419.649
454.896 410.296 444.583 468.254
444.828 428.239 458.689 480.14
449.482 435.836 469.89 477.939
577.364 253.786 345.045 328.099
470.588 289.652 319.631 424.413
561.882 404.942 497.397 377.512
432.385 286.645 292.299 455.218
433.824 263.699 267.736 449.874
475.931 268.778 297.127 414.154
538.499 424.841 504.661 400.981
432.103 263.686 265.272 449.61
446.764 429.82 461.783 476.932
499.753 329.004 380.849 411.013
435.782 287.558 295.169 453.455
446.2 428.34 461.783 476.932
434.328 262.278 265.284 447.145
452.145 500.342 540.072 490.106
486.625 283.669 322.713 409.347
433.361 442.362 468.315 493.259
455.601 258.677 274.361 428.497
404.694 451.429 462.453 519.552
466.906 448.222 492.037 466.186
532.335 283.047 350 371.538
434.146 439.8 465.567 492.122
461.295 264.924 284.528 425.161
475.931 268.778 297.127 414.154
428.681 434.576 457.285 495.847
443.717 289.877 304.064 447.964
484.289 272.154 306.008 408.355
493.804 284.641 328.522 404.659
445.406 421.227 451.171 477.892
501.028 264.172 310.102 392.456
497.178 330.379 380.955 413.282
461.562 270.032 291.008 427.491
441.839 432.933 462.658 484.333
467.711 411.89 454.275 457.361
576.267 253.945 345.045 328.099
462.907 507.926 553.563 482.383
561.456 254.636 337.304 340.555
439.039 285.831 296.111 449.752
573.145 256.532 345.723 331.26
450.999 511.25 549.667 493.358
444.902 342.549 363.404 459.887
488.219 476.456 534.668 451.565
473.438 263.138 291.58 414.195
424.782 293.156 293.839 465.196
469.233 411.812 454.62 456.343
441.446 446.505 476.867 486.85
522.929 337.127 403.984 393.282
541.665 433.586 516.508 400.412
441.515 404.777 432.378 474.916
506.977 346.508 404.642 408.479
460.334 268.845 288.885 427.344
441.857 265.256 273.432 440.954
431.41 444.358 469.645 495.676
524.132 330.339 397.495 390.998
477.947 499.794 552.358 469.13
425.116 508.578 535.184 515.017
431.331 438.117 462.397 493.896
404.694 451.429 462.453 519.552
512.393 505.508 575.535 440.666
442.27 496.449 532.271 497.541
475.255 270.385 300.718 415.654
479.033 509.357 563.104 469.4
529.565 330.026 400.524 385.578
499.605 506.261 570.462 451.37
561.882 404.942 497.397 377.512
442.27 496.449 532.271 497.541
403.46 445.516 455.722 519.31
444.643 345.826 366.783 461.476
459.243 265.767 286.459 429.248
452.591 269.93 285.44 434.345
511.702 311.505 368.541 396.961
412.82 435.535 450.119 509.257
493.438 508.4 569.236 457.242
442.73 438.875 469.501 483.703
557.256 409.207 498.199 382.422
496.662 262.373 304.905 395.374
451.123 409.096 439.648 471.645
438.811 259.245 264.217 442.86
561.919 250.639 333.283 339.179
472.629 269.11 297.062 417.318
451.123 409.096 442.923 471.442
451.031 510.264 549.667 493.358
539.751 428.846 510.157 400.914
463.345 269.391 292.42 425.197
577.364 253.786 345.045 328.099
475.606 498.698 549.77 470.879
464.932 403.256 442.906 458.251
515.668 341.19 404.22 397.533
512.777 472.535 541.651 433.805
473.685 406.22 450.613 450.786
426.322 262.284 259.775 454.316
429.318 364.631 379.623 476.376
435.138 290.834 299.055 454.027
541.091 431.606 514.38 400.703
477.28 290.644 325.451 418.868
454.689 407.068 441.172 467.294
444.117 260.243 269.358 439.335
424.782 293.156 293.839 465.196
448.478 290.434 305.999 443.231
472.739 256.848 283.53 413.826
492.892 258.78 299.095 397.698
451.123 409.096 441.172 467.294
429.979 517.12 548.178 513.059
512.027 308.173 365.174 395.387
561.456 254.636 337.304 340.555
454.689 407.068 441.172 467.294
432.653 425.677 450.577 490.11
541.04 431.781 514.38 400.703
575.545 263.49 355.431 331.644
449.573 429.19 461.783 476.932
434.467 268.939 271.472 448.366
457.253 408.697 444.418 464.549
488.219 476.456 534.668 451.565
555.88 261.806 341.407 346.693
444.451 347.999 369.036 462.462
532.756 413.948 491.545 403.069
444.828 428.239 458.689 480.14
470.212 258.705 284.155 416.615
536.771 430.348 510.476 404.311
442.615 420.535 450.583 481.042
457.014 287.127 309.714 435.697
415.836 272.608 262.848 467.933
510.066 537.254 606.502 450.076
453.263 291.764 311.344 439.667
452.591 269.93 285.44 434.345
527.59 528.533 605.727 433.573
461.562 270.032 291.008 427.491
473.113 264.743 290.963 417.03
432.653 425.677 450.577 490.11
453.942 285.059 304.223 436.826
541.665 433.586 516.508 400.412
526.967 334.76 403.758 390.119
534.141 261.718 327.947 364.894
455.577 260.588 276.627 429.251
450.307 260.805 274.25 433.714
431.866 421.568 444.587 489.514
551.843 257.618 334.435 349.041
509.456 266.342 317.205 385.162
508.421 282.228 334.182 391.605
468.559 507.691 556.077 477.618
444.643 345.826 366.783 461.476
468.594 474.388 520.901 470.991
493.804 284.641 328.522 404.659
438.508 409.656 435.531 480.568
441.843 503.48 538.398 499.544
542.076 286.962 361.033 364.071
436.224 403.7 427.583 481.929
432.468 289.556 296.835 456.54
470.212 258.705 284.155 416.615
437.859 266.633 272.516 446.321
429.61 451.246 476.169 498.626
433.361 442.362 468.315 493.259
442.935 265.026 273.432 440.954
439.527 407.933 433.567 480.056
474.474 285.152 316.85 420.025
448.096 502.746 540.413 494.04
445.108 339.967 361.126 458.835
433.479 429.472 453.669 489.646
450.081 411.125 442.923 471.442
479.832 264.335 296.92 410.292
556.169 257.374 337.008 345.178
445.915 509.122 546.128 497.061
426.829 290.783 293.381 461.483
586.594 249.326 346.661 318.872
566.923 252.643 338.46 335.705
431.818 363.248 379.623 476.376
424.114 367.418 379.997 483.546
539.64 429.766 510.157 400.914
471 267.457 294.531 418.166
444.628 420.229 451.373 479.25
434.956 258.666 261.778 445.796
439.527 407.933 433.567 480.056
506.14 367.596 426.983 413.662
536.618 424.626 504.357 402.824
487.304 490.734 548.449 457.007
429.61 451.246 476.169 498.626
429.618 520.083 549.839 513.74
539.855 280.34 351.89 364.855
999.71 648.604 451.337 760.768
965.375 480.449 642.256 797.585
990.96 554.923 549.087 789.935
990.649 830.684 296.626 688.111
1007.53 613.119 481.554 781.902
995.934 585.005 515.554 782.183
948.155 759.153 375.513 675.087
1021.07 660.931 429.22 775.319
980.217 603.758 504.282 759.866
991.174 623.043 479.895 763.094
1010.28 597.31 496.015 790.269
978.679 487.216 628.049 807.066
999.09 649.134 451.337 760.768
973.119 603.956 507.364 753.671
984.508 607.555 498.401 762.683
983.832 831.811 298.431 681.731
1007.76 608.506 488.182 782.968
1020.7 620.567 467.573 790.74
1013.22 582.572 509.119 799.194
978.188 617.797 491.517 752.939
983.679 612.883 491.989 757.952
1010.88 583.053 509.119 799.194
998.322 640.732 459.525 762.487
1008.73 614.126 480.19 782.59
977.235 617.706 491.517 752.939
944.349 850.188 298.271 645.864
922.078 865.423 299.482 622.206
1013.7 594.008 497.091 795.338
1014.87 599.798 490.966 794.155
1014.03 581.923 509.048 800.06
1005.06 635.059 461.904 771.071
995.934 585.005 515.554 782.183
996.154 595.017 505.698 778.009
966.269 479.991 642.256 797.585
955.826 482.868 641.668 785.208
1016.91 588.271 501.689 800.637
1004.42 635.995 461.904 771.071
879.935 752.141 410.2 620.23
999.049 615.839 483.148 772.991
974.166 595.689 514.999 757.901
980.754 836.664 296.335 677.673
976.418 624.108 486.222 749.156
1009.42 648.89 446.364 769.617
1004.42 635.995 460.809 770.499
1035.55 605.38 475.261 811.156
992.038 623.216 479.895 763.094
939.094 843.592 309.374 641.69
1005.01 602.991 492.887 783.857
1010.28 597.31 496.015 790.269
1005.27 638.202 458.665 769.84
967.414 614.777 499.843 744.142
920.703 851.268 311.245 625.116
922.258 862.159 302.101 623.167
1009.58 607.318 486.43 785.995
978.882 617.021 491.923 753.948
1016.21 597.83 491.907 796.262
1020.7 620.567 467.573 790.74
939.061 743.22 393.021 673.04
1013.22 582.572 509.119 799.194
978.815 558.516 550.227 777.094
1006.21 607.047 488.182 782.968
1010.35 593.812 498.683 794.041
977.39 557.078 552.944 776.346
1004.92 637.349 458.665 769.84
999.049 615.839 483.148 772.991
966.855 609.235 505.235 745.664
973.657 604.793 507.364 753.671
1017.49 624.023 466.417 786.664
991.427 627.573 473.915 763.695
1008.13 593.053 501.134 790.267
1011.31 586.483 506.209 795.91
963.447 612.306 503.964 741.53
1009.83 633.857 459.931 775.627
1007.98 608.289 485.759 783.728
1013.74 641.257 451.431 776.452
1025.22 614.371 471.416 797.964
1008.32 597.664 496.497 788.239
1015.41 633.942 459.159 781.868
995.397 581.566 518.016 785.307
936.709 771.913 369.142 661.624
1017.02 635.086 456.078 781.999
1005.29 631.291 465.166 772.534
1012.56 639.813 453.174 776.042
983.628 589.174 516.918 769.326
996.42 630.853 470.117 764.231
989.764 603.742 499.623 769.018
988.223 563.416 541.175 784.158
996.445 591.093 508.882 780.345
1015.41 633.942 459.133 779.732
1014.87 599.798 490.966 794.155
996.42 630.853 470.117 764.231
939.586 744.088 392.4 673.123
1017.02 635.086 456.078 781.999
981.813 608.068 498.401 762.683
935.871 764.364 375.846 663.761
986.87 588.428 516.395 772.401
1040.33 670.924 410.541 788.892
923.728 854.943 307.272 626.52
988.753 588.546 515.179 774.47
1004.65 564.352 534.726 797.953
975.909 837.816 297.623 673.141
1006.77 610.279 485.113 782.627
936.709 771.913 369.142 661.624
990.915 625.555 477.865 761.562
963.447 612.306 503.964 741.53
971.149 606.292 506.327 751.254
918.151 856.924 307.695 621.128
1008.89 612.63 481.443 783.269
1003.13 614.853 482.118 777.197
970.228 599.621 512.752 755.254
988.602 827.312 300.263 687.314
982.214 550.629 557.668 784.026
1011.31 586.483 506.209 795.91
878.369 457.736 660.62 286.287
721.416 218.779 835.638 78.8385
774.252 394.371 679.969 192.251
891.474 147.227 998.37 158.466
823.297 121.407 990.879 99.8281
819.861 424.833 668.841 234.181
733.527 265.598 790.725 107.947
864.766 128.553 1004.53 131.937
895.751 242.808 895.855 205.349
771.678 456.642 618.482 217.15
860.974 296.335 819.585 207.941
753.294 378.251 687.079 171.874
847.398 432.174 673.589 255.899
711.868 214.617 831.861 72.2232
893.422 161.124 984.105 166.612
849.948 444.567 662.172 262.207
871.867 143.375 992.045 141.832
786.853 392.531 687.335 199.966
831.586 294.181 807.665 185.62
800.032 196.222 895.412 117.574
804.272 270.118 819.306 156.199
893.422 161.124 984.105 166.612
874.812 148.966 987.775 148.355
942.303 257.493 902.9 244.82
761.569 251.56 820.064 120.311
793.54 179.185 909.939 106.645
710.28 252.927 792.455 88.7536
904.164 252.823 884.259 213.73
783.688 180.595 904.204 103.739
878.947 459.644 659.183 287.334
900.815 239.416 900.761 207.766
824.094 421.537 674.316 234.244
745.547 364.789 696.793 162.44
720.758 222.237 828.675 80.9711
848.281 284.411 826.913 193.15
730.135 360.096 694.891 149.88
792.494 247.889 836.929 138.487
907.541 158.498 994.625 175.304
711.835 345.13 700.015 131.627
750.929 372.549 691.4 168.255
849.913 129.98 995.115 122.406
800.052 402.306 682.662 212.783
886.943 154.257 987.974 158.842
746.667 365.954 694.984 162.385
894.422 158.19 989.656 165.747
753.077 234.711 829.598 107.048
859.357 309.793 804.891 211.644
891.136 156.643 987.632 162.764
887.034 150.842 992.305 157.228
708.759 343.673 702.354 130.409
800.025 183.269 909.338 114.42
767.432 381.421 690.267 182.34
827.588 430.043 667.055 241.168
752.59 284.501 779.294 130.115
926.158 181.161 979.564 198.147
820.996 417.645 677.33 230.417
703.957 246.865 793.509 82.0523
844.915 435.334 668.922 255.441
853.362 293.005 821.145 197.532
740.027 270.469 787.748 116.115
867.657 450.291 664.673 275.918
854.065 434.315 674.352 261.194
863.737 130.626 1004.53 131.937
699.041 336.558 703.477 120.124
885.954 156.377 985.244 158.896
845.229 438.572 666.378 257.303
864.9 451.859 661.215 275.497
820.273 423.812 669.884 234.246
934.954 262.7 893.26 241.964
816.29 417.203 673.889 230.141
769.327 388.855 683.588 187.25
851.872 206.086 913.93 158.867
892.948 154.441 989.719 162.848
900.436 165.615 982.92 172.206
900.782 277.012 860.252 223.035
899.953 160.051 988.049 169.787
696.584 336.391 702.333 118.497
936.461 314.318 836.328 266.326
856.9 210.988 908.686 164.109
879.762 151.985 988.282 153.911
732.39 266.672 788.283 110.651
767.4 385.852 685.919 183.776
846.591 436.247 668.196 256.554
901.874 157.654 992.736 171.045
805.889 263.811 826.501 154.53
856.097 438.208 671.446 263.646
859.387 137.796 990.958 132.707
810.895 263.949 829.586 158.126
766.18 382.449 688.332 182.385
936.611 257.205 900.325 240.52
887.034 150.842 992.305 157.228
847.103 433.953 671.435 256.737
857.367 310.602 803.118 210.593
853.104 303.786 809.135 204.73
798.393 399.631 684.902 210.754
841.81 129.274 991.186 115.841
879.715 267.869 859.537 206.528
744.926 232.069 831.282 100.456
763.59 382.336 686.939 182.006
696.246 241.399 797.757 74.599
862.602 449.313 663.032 272.167
842.177 195.305 918.409 144.638
799.562 200.317 890.255 120.614
905.781 162.857 988.072 175.696
843.877 131.051 990.038 118.659
785.348 220.949 861.121 121.172
848.416 251.992 858.955 177.544
734.953 265.889 790.611 110.206
748.628 275.488 786.058 124.126
737.905 232.779 825.835 96.5901
783.688 180.595 904.204 103.739
753.341 196.205 871.768 87.5648
907.088 170.154 982.176 180.639
843.373 278.706 829.151 188.372
934.954 262.7 893.26 241.964
945.477 312.628 842.661 271.658
875.117 144.474 993.261 146.049
867.642 444.315 670.583 274.123
896.69 164.894 981.045 169.891
823.109 413.59 681.263 232.426
831.491 295.037 806.016 186.289
735.192 271.354 784.803 113.309
817.508 412.762 680.029 228.416
811.294 408.422 681.646 221.972
766.18 382.449 688.332 182.385
849.853 441.176 666.299 260.959
741.202 369.336 690.274 161.163
825.943 106.488 1008.65 94.0582
809.057 414.237 676.431 222.6
892.948 154.441 989.719 162.848
907.188 166.683 984.791 177.913
872.896 453.849 662.286 281.242
867.657 450.291 664.673 275.918
860.676 221.897 900.165 170.923
715.184 351.082 697.451 136.76
753.639 375.067 689.695 171.82
899.953 160.051 988.798 168.831
894.688 160.151 985.662 167.428
783.175 195.493 886.799 109.253
885.33 153.219 988.349 156.151
773.414 387.125 686.752 188.905
813.215 417.442 673.243 227.165
843.877 131.051 990.038 118.659
809.497 490.018 600.662 253.634
821.438 266.861 831.197 166.658
756.79 277.336 788.378 130.196
765.963 230.349 841.895 112.768
742.159 269.571 789.628 116.271
856.9 210.988 908.686 164.109
833.198 124.215 991.915 108.019
887.756 150.858 992.305 157.228
897.944 157.115 990.951 167.64
904.608 230.955 912.897 205.796
773.148 157.612 924.33 84.4687
712.511 256.066 791.02 91.5343
806.106 410.559 677.145 219.672
796.139 183.927 906.147 111.633
763.413 379.844 689.451 179.156
734.872 195.327 864.475 76.2753
804.197 194.492 899.606 120.876
712.511 256.066 791.02 91.5343
835.913 425.967 674.454 245.616
879.946 152.896 985.107 153.998
802.072 273.589 814.957 157.063
763.403 236.475 833.638 114.98
698.459 335.264 704.867 119.588
860.533 449.752 661.334 271.046
757.525 281.663 784.866 132.038
853.236 136.621 988.937 126.719
844.778 125.598 997.094 116.849
763.59 382.336 686.939 182.006
888.295 153.075 992.381 159.57
870.297 451.746 664.054 278.514
806.948 255.867 836.817 148.757
712.418 343.406 701.984 132.454
891.123 145.894 999.32 157.519
767.066 378.789 692.723 181.355
786.241 463.09 617.38 228.236
862.6 209.813 913.325 168.144
816.29 417.203 676.184 230.091
891.881 159.743 984.511 164.922
836.78 273.044 832.22 179.948
733.431 187.35 871.075 72.8726
705.171 248.105 795.242 82.5721
846.481 439.151 666.378 257.303
699.65 343.909 697.772 124.063
712.418 343.406 701.984 132.454
783.824 391.602 687.003 197.065
716.09 344.402 703.57 135.216
755.987 243.118 823.62 112.606
814.597 421.352 670.862 229.331
863.42 443.171 669.512 270.282
834.376 429.126 671.103 244.733
889.226 158.261 984.549 162.134
711.418 340.822 705.061 130.252
854.042 443.142 665.845 264.231
915.3 167.629 990.257 183.724
918.778 175.954 980.874 190.801
870.999 74.7167 1072.14 106.713
752.897 277.307 787.193 126.708
753.08 375.335 689.695 171.82
942.594 314.726 839.082 270.89
712.099 348.684 697.427 134.058
731.979 270.61 783.756 110.385
859.831 134.135 995.448 131.17
820.029 416.655 677.33 230.417
706.119 213.09 831.259 67.3411
877.179 150.619 986.151 150.15
829.99 427.644 669.667 242.381
864.189 451.585 661.111 274.65
765.386 251.607 818.984 123.457
819.381 238.236 860.582 154.183
894.688 160.151 985.662 167.428
751.288 278.056 785.571 126.407
933.781 252.867 902.699 237.334
834.009 122.956 994.539 107.9
834.636 422.306 678.194 243.302
810.375 410.98 678.716 222.748
741.971 368.737 691.06 161.248
804.272 270.118 819.306 156.199
807.056 479.158 610.649 248.347
709.97 347.017 698.787 131.194
727.126 205.937 848.909 76.7876
831.586 294.181 807.665 185.62
809.16 404.425 684.321 219.671
786.853 392.531 687.335 199.966
749.33 217.201 847.458 95.9635
887.756 150.858 992.305 157.228
759.871 381.77 686.362 178.41
823.855 239.792 860.582 154.183
792.987 219.923 866.349 125.484
805.008 414.66 672.779 220.162
910.734 162.407 993.223 179.748
815.343 407.689 683.391 224.85
744.738 237.798 823.702 103.382
824.094 421.537 674.316 234.244
875.117 144.474 993.261 146.049
696.246 241.399 797.757 74.599
907.188 166.683 984.791 177.913
824.731 279.563 819.971 175.331
884.806 159.7 981.325 159.313
902.468 166.219 981.573 176.745
814.705 408.37 683.391 224.85
752.897 277.307 787.193 126.708
874.231 149.668 986.115 147.922
800.036 179.1 914.065 112.077
772.236 463.117 612.376 219.172
779.926 460.387 616.283 223.255
751.53 276.595 787.193 126.708
728.054 263.732 788.711 105.372
872.582 144.521 991.796 144.838
859.453 141.192 987.681 133.836
851.139 138.399 988.937 126.719
835.715 120.95 997.173 108.195
807.056 479.158 610.649 248.347
783.279 200.058 882.225 111.252
696.857 249.38 790.501 78.3875
751.4 278.244 783.67 126.391
847.398 432.174 673.589 255.899
734.212 356.576 700.726 149.844
815.69 283.365 813.064 171.129
756.35 273.827 790.699 128.258
772.498 387.289 686.752 188.905
878.162 150.513 986.531 151.086
852.615 302.159 809.135 204.73
714.094 210.314 836.982 71.087
701.699 334.39 706.341 120.837
753.639 375.067 689.695 171.82
893.262 159.662 986.586 165.098
767.432 381.421 690.267 182.34
729.363 264.282 788.761 107.644
821.331 264.393 833.42 166.798
886.845 158.694 984.549 162.134
803.175 276.693 811.423 159.377
867.844 138.323 994.644 138.845
756.646 380.266 687.194 174.639
842.315 437.327 666.252 254.374
680.926 235.8 796.132 62.3795
824.731 279.563 819.971 175.331
839.383 276.406 828.537 181.412
865.799 452.458 661.111 274.65
899.171 239.256 900.936 205.688
745.604 277.905 782.557 122.814
912.65 165.175 988.451 181.618
820.029 416.655 677.33 230.417
914.873 289.745 850.706 239.845
701.053 242.521 799.5 77.4028
927.396 178.168 982.717 198.188
828.232 429.298 667.976 241.38
762.482 380.567 689.451 179.156
763.814 248.865 821.149 120.613
744.926 232.069 831.282 100.456
815.963 188.236 914.473 128.509
748.628 275.488 786.058 124.126
738.436 273.442 784.239 115.816
878.947 459.644 659.183 287.334
707.523 212.41 831.259 67.3411
781.687 238.408 840.789 127.866
836.251 299.154 804.942 191.628
840.665 435.192 668.451 251.555
744.013 272.176 788.218 119.707
887.581 161.691 980.244 162.264
805.301 258.763 831.105 152.458
746.667 365.954 694.984 162.385
903.057 158.621 992.736 171.045
740.36 187.885 877.814 77.3635
821.505 419.758 674.316 234.244
824.083 266.343 833.42 166.798
914.873 289.745 850.706 239.845
836.556 189.112 922.51 140.68
848.033 441.272 664.862 259.78
903.198 160.244 990.752 172.855
905.781 162.857 990.639 175.354
774.632 251.681 823.153 129.243
850.968 129.2 996.675 122.785
741.971 368.737 691.06 161.248
880.12 276.32 849.911 211.547
836.06 197.219 914.531 143.717
823.102 107.05 1008.65 94.0582
759.11 381.789 686.362 178.41
845.006 440.048 664.197 256.958
795.822 226.561 860.071 131.196
767.319 382.807 688.341 183.403
862.383 136.206 994.965 133.562
802.072 273.589 814.957 157.063
871.682 458.3 657.429 281.892
770.068 251.351 824.583 126.668
825.261 182.149 924.314 129.242
753.341 196.205 871.768 87.5648
776.037 200.967 877.649 106.412
796.139 183.927 906.147 111.633
715.184 351.082 697.451 136.76
785.211 219.903 862.051 120.422
862.75 205.426 918.51 165.575
857.367 310.602 803.118 210.593
763.59 382.336 686.939 182.006
715.424 253.871 793.278 92.427
776.037 200.967 877.649 106.412
779.469 390.881 686.08 194.59
756.72 238.625 827.569 110.723
735.68 226.462 831.984 92.4845
942.594 314.726 839.082 270.89
911.893 166.761 987.656 181.498
729.246 355.029 698.962 148.083
712.099 348.684 697.427 134.058
818.613 416 677.33 230.417
822.84 423.564 672.276 234.211
779.467 214.133 866.97 116.643
803.611 252.517 836.817 148.757
866.623 135.621 998.088 135.935
761.687 200.667 870.458 97.9167
909.984 165.723 987.656 181.498
808.733 410.642 679.26 220.403
936.611 257.205 900.325 240.52
805.797 413.63 674.069 220.643
762.535 290.373 776.443 138.251
751.011 243.94 820.208 109.531
766.675 286.668 784.003 140.24
863.311 133.666 997.523 133.587
908.552 170.221 982.176 180.639
877.041 451.956 665.993 283.561
858.739 446.516 663.965 269.158
754.745 207.144 861.713 95.0561
904.964 169.375 981.447 178.277
712.536 344.347 701.984 132.454
715.483 341.403 706.719 132.103
769.237 385.871 686.248 185.725
706.119 213.09 831.259 67.3411
1242.78 549.214 1092.07 392.188
1415.48 355.948 1294.43 244.288
1262.02 462.834 1128.37 321.508
1112.53 420.888 992.605 266.871
1296.41 715.724 1111.62 543.36
1126.05 358.327 1017.74 213.578
1346.94 662.086 1171.36 502.847
1128.8 406.163 1011.25 255.769
1147.71 287.397 1051.98 154.543
1133.34 300.433 1035.07 163.37
1236.95 368.892 1121.01 233.751
1238.03 369.477 1122.2 235.094
1170.05 413.53 1049.25 266.422
1333.12 654.868 1159.11 494.389
1367.86 357.243 1249.84 238.179
1372.15 490.839 1228.69 355.723
1316.84 436.224 1186.43 302.353
1097.34 373.225 987.359 223.396
1089.44 434.531 966.826 275.74
1312.86 660.324 1138.19 496.89
1228.58 400.126 1107.17 261.358
1291.59 406.089 1167.21 270.866
1138.08 296.938 1040.37 160.854
1139.1 276.093 1045.86 143.147
1229.95 405.472 1107.62 265.779
1140.27 277.435 1046.47 144.128
1100.23 368.327 990.671 219.46
1261.82 451.619 1129.32 310.085
1096.99 442.824 973.302 284.065
1214.49 448.599 1084.19 301.56
1348.71 405.875 1222.68 279.393
1098.99 423.991 978.964 267.757
1382.77 504.234 1236.28 370.85
1322.57 442.94 1189.86 308.721
1169.26 378.267 1054.38 235.475
1372.15 490.839 1228.69 355.723
1256.46 582.519 1099.48 423.05
1152 283.272 1057.09 151.499
1255.01 584.971 1099.48 423.05
1291.99 399.971 1168.9 267.992
1267.75 437.856 1138.5 297.957
1113.95 412.831 996.266 259.746
1236.95 368.892 1122.2 235.094
1143.71 320.824 1042.39 183.23
1323.56 442.818 1190.9 308.725
1185.23 383.902 1068.41 241.638
1291.53 360.883 1175.8 233.046
1239.54 308.476 1136 181.897
1221.2 396.261 1102.11 257.604
1137.91 296.039 1040.2 159.914
1166.65 286.517 1071.74 155.541
1104.08 425.794 983.416 270.437
1255.01 584.971 1099.48 423.05
1326.49 455.074 1192.16 320.002
1096.79 413.305 980.968 257.69
1328.58 646.291 1155.87 486.102
1228.79 405.964 1107.62 265.779
1318.4 445.678 1186.61 310.239
1232.33 374.327 1115.59 239.184
1086.74 461.926 960.201 298.757
1324.23 646.601 1152.1 485.542
1341.89 413.821 1214.53 285.868
1238.03 369.477 1122.2 235.094
1229.1 402.197 1107.26 262.634
1150.76 490.215 1015.23 330.654
1094.19 441.589 972.759 280.073
1249.87 480.509 1112.64 333.247
1312.86 660.324 1138.19 496.89
1240.37 308.331 1136 181.897
1283.74 344.14 1171.38 218.095
1329.83 651.396 1156.31 490.491
1174.54 416.488 1052.5 268.65
1223.69 399.006 1102.11 257.604
1219.14 404.705 1097.42 263.632
1348.88 374.684 1228.61 251.948
1137.21 308.235 1037.61 170.793
1392.45 329.063 1279.14 216.291
1229.01 404.423 1107.62 265.779
1348.71 405.875 1222.68 279.393
1307.96 386.165 1187.27 257.673
1378.55 509.939 1231.65 373.506
1309.08 730.981 1123.27 559.552
1301.12 384.875 1180.38 255.755
1087.79 438.94 965.98 279.268
1127.17 352.146 1019.41 208.646
1073.74 494.236 940.691 327.564
1152.38 281.188 1057.12 150.13
1309.53 397.03 1186.64 267.33
1328.11 651.448 1154.18 490.805
1109.81 420.204 990.312 265.904
1224.74 407.503 1102.96 267.918
1382.77 504.234 1236.28 370.85
1351.9 358.66 1233.31 237.877
1357.11 392.827 1233.85 267.887
1285.67 403.219 1159.89 270.139
1088.75 438.758 967.214 279.279
1189.5 394.148 1071.12 251.967
1356.27 389.167 1233.29 265.089
1168.11 406.407 1047.93 259.884
1225.13 408.438 1102.96 267.918
1174.72 430.899 1049.31 283.733
1192.98 537.981 1046.85 377.053
1378.55 509.939 1231.65 373.506
1079.85 431.808 959.847 272.518
1311.86 600.492 1148.94 444.621
1313.81 660.03 1139.27 496.814
1096.89 421.484 977.565 265.447
1150.93 280.008 1057.12 150.13
1238.44 386.371 1119.84 249.73
1307.7 602.445 1145.23 446.455
1130.6 297.973 1035.07 163.37
1132.95 307.822 1034.29 170.329
1392.78 331.817 1279.4 218.397
1165.63 411.925 1044.35 264.151
1197.78 562.167 1045.92 399.118
1185.23 383.902 1068.41 241.638
1079.92 465.98 952.376 301.758
1248.79 416.01 1123.6 277.878
1248.09 614.441 1084.88 449.662
1412.87 359.839 1294.43 244.288
1189.41 492.37 1052.15 336.954
1324.22 454.788 1189.88 319.455
1091.21 462.002 964.933 299.45
1283.86 342.779 1171.87 216.874
1138.58 302.152 1039.66 165.998
1141.59 285.29 1046.31 151.807
1350.95 383.728 1229.15 259.864
1128.25 320.877 1026.4 181.029
1333.81 597.337 1170.33 444.142
1335.58 664.114 1159.76 502.575
1341.97 415.011 1214.53 285.868
1287.56 566.441 1131.79 412.688
1136.5 290.186 1041.49 155.221
1239.54 308.476 1136 181.897
1298.65 470.372 1161.71 330.44
1311.86 600.492 1148.94 444.621
1301.91 383.338 1181.87 254.101
1321.07 437.194 1189.98 303.55
1089.74 438.602 967.214 279.279
1277.71 449.429 1145.86 308.928
1199.1 613.492 1037.63 444.38
1138.17 298.236 1040.43 162.172
1325.53 651.339 1152.6 490.783
1300.07 389.964 1179.48 260.209
1148.59 488.872 1013.43 329.274
1096.26 442.309 972.752 283.438
1128.95 328.203 1025.48 188.281
1241.04 403.269 1119.09 265.048
1383 361.556 1264.41 243.936
1116.89 358.127 1008.02 212.873
1093.14 441.866 969.813 282.645
1137.31 270.535 1045.19 138.526
1246.58 383.847 1128.74 248.891
1074.78 442.482 952.131 280.431
1266.18 541.897 1116.28 388.748
1329.65 677.61 1151.1 514.066
1099.94 438.854 977.246 280.627
1247.65 476.238 1111.36 329.365
1260.24 335.249 1152.06 208.465
1241.16 412.64 1119.69 272.026
1361.16 386.704 1238.39 263.844
1192.98 537.981 1046.85 377.053
1264.63 400.89 1142.07 265.571
1135.3 316.354 1034.48 177.381
1290.99 367.958 1173.72 239.596
1233.19 443.973 1103.8 299.638
1123.82 351.143 1016.77 207.079
1321.84 374.602 1202.74 249.203
1256.02 471.406 1120.05 326.058
1213.3 400.901 1092.65 259.21
1152 283.272 1057.09 151.499
1122.16 342.671 1016.36 200.251
1325.47 447.084 1192.29 312.921
1142.3 319.608 1042.39 183.23
1139.86 280.397 1045.71 146.879
1241.21 302.251 1138.17 176.731
1330.31 654.835 1156.43 494.257
1182.71 316.711 1079.07 182.684
1137.6 318.05 1035.94 179.745
1120.86 411.83 1002.12 259.939
1145.13 490.107 1010 330.233
1385.69 352.073 1268.13 234.806
1110.17 422.814 990.759 267.868
1344.14 541.84 1191.78 397.301
1199.1 613.492 1037.63 444.38
1118.67 364.913 1008.83 218.956
1324.22 454.788 1189.88 319.455
1282.63 437.568 1152.7 300.073
1355.57 646.358 1183.47 488.593
1165.63 411.925 1044.35 264.151
1341.89 413.821 1214.53 285.868
1076.89 503.112 942.499 334.056
1299.52 606.337 1136.62 449.02
1381.81 465.585 1242.69 334.575
1233.35 537.711 1085.77 381.315
1300.37 385.39 1180.38 255.755
1259.63 518.257 1114.38 366.781
1174.14 413.75 1052.31 266.459
1100.29 418.07 981.916 263.623
1086.28 433.986 965.099 275.076
1274.81 392.784 1153.43 259.795
1118.07 408.567 1000.46 256.68
1307.7 602.445 1145.23 446.455
1182.71 316.711 1079.07 182.684
1141.41 483.419 1007.06 322.973
1245.17 399.687 1123.16 263.065
1098.61 426.586 976.105 271.734
1303.07 472.846 1166.14 333.034
1367.86 357.243 1249.84 238.179
1272.61 468.693 1137.86 326.754
