0 1596
1 2994
2 2450
3 2430
4 5386
5 2404
6 1434
7 1859
8 3824
9 2760
10 4183
11 4665
12 3867
13 2875
14 2927
15 4105
16 1448
17 3556
18 3615
19 504
20 2291
21 2544
22 280
23 2618
24 1002
25 730
26 4397
27 2108
28 4963
29 5290
30 3201
31 3137
32 2190
33 2916
34 2049
35 3402
36 3867
37 2026
38 2660
39 4636
40 2741
41 2649
42 421
43 2361
44 5575
45 368
46 4428
47 76
48 4941
49 3561
50 5026
51 1078
52 5312
53 1110
54 4637
55 1855
56 2395
57 5538
58 199
59 820
60 167
61 1313
62 4470
63 1448
64 1157
65 4139
66 563
67 1479
68 5185
69 2372
70 4942
71 4780
72 2888
73 90
74 3812
75 3669
76 2835
77 3101
78 741
79 2920
80 818
81 1982
82 2428
83 3987
84 1613
85 1724
86 815
87 1411
88 4971
89 3720
90 1366
91 4128
92 81
93 4594
94 2040
95 3022
96 4624
97 739
98 4534
99 3173
100 5300
101 3036
102 5226
103 5329
104 820
105 3873
106 1721
107 490
108 3880
109 1699
110 3929
111 56
112 3720
113 3924
114 1754
115 76
116 4825
117 5330
118 2080
119 640
120 1295
121 4977
122 1858
123 3133
124 2756
125 543
126 1652
127 5527
128 3725
129 5586
130 633
131 5545
132 5038
133 1780
134 4555
135 1478
136 3943
137 1417
138 2034
139 5142
140 108
141 5032
142 4808
143 3416
144 2035
145 4280
146 2506
147 2283
148 983
149 1098
150 4690
151 747
152 4142
153 1619
154 2417
155 2687
156 1879
157 4459
158 2147
159 5132
160 781
161 4929
162 5429
163 1196
164 2353
165 3338
166 3706
167 73
168 3468
169 3766
170 1655
171 1394
172 5221
173 3401
174 3143
175 4871
176 4803
177 1442
178 2362
179 1960
180 4151
181 3878
182 66
183 687
184 2293
185 1566
186 2962
187 988
188 977
189 5093
190 3800
191 5605
192 3287
193 3070
194 5554
195 3476
196 3483
197 5059
198 5149
199 1792
200 1761
201 3051
202 3880
203 5395
204 3651
205 1776
206 3163
207 4320
208 2446
209 3004
210 4124
211 3407
212 1009
213 2947
214 2762
215 262
216 4538
217 1448
218 1320
219 1515
220 1377
221 2063
222 1288
223 5431
224 3496
225 923
226 2275
227 1565
228 1140
229 3676
230 2732
231 1272
232 1863
233 1258
234 2620
235 436
236 2486
237 2349
238 2848
239 2877
240 5175
241 727
242 897
243 345
244 5212
245 2734
246 772
247 579
248 2782
249 441
250 337
251 2877
252 3025
253 5200
254 2605
255 3122
256 4519
257 2034
258 2504
259 2722
260 5627
261 2307
262 3504
263 3061
264 1675
265 420
266 3240
267 5576
268 4177
269 3630
270 4914
271 58
272 3407
273 638
274 201
275 1284
276 1265
277 62
278 2538
279 213
280 3237
281 4912
282 1929
283 4159
284 2553
285 2001
286 2073
287 1078
288 3159
289 739
290 1348
291 1981
292 1489
293 1466
294 5207
295 2233
296 326
297 5237
298 1269
299 1243
300 5292
301 5455
302 3150
303 540
304 1565
305 5309
306 4285
307 2697
308 543
309 1518
310 2660
311 5630
312 52
313 1846
314 56
315 4383
316 1429
317 3542
318 2735
319 4499
320 2654
321 1538
322 625
323 2458
324 5148
325 5432
326 3206
327 4524
328 2095
329 3618
330 368
331 3559
332 1966
333 4314
334 345
335 2704
336 4338
337 649
338 4901
339 3342
340 4161
341 1596
342 1928
343 3061
344 3076
345 3186
346 1445
347 3727
348 5144
349 2702
350 4269
351 741
352 672
353 517
354 1301
355 1547
356 2362
357 5549
358 3878
359 1801
360 4583
361 727
362 4826
363 2970
364 2400
365 3985
366 3086
367 2698
368 1447
369 2794
370 2981
371 4036
372 2744
373 2684
374 863
375 1890
376 5327
377 2651
378 4686
379 2809
380 62
381 1963
382 5253
383 5583
384 5067
385 4513
386 5399
387 3710
388 4770
389 3414
390 4384
391 2896
392 3179
393 1689
394 3097
395 95
396 1915
397 3119
398 1766
399 1792
400 1714
401 964
402 409
403 3824
404 5371
405 3191
406 4569
407 76
408 3618
409 755
410 3066
411 462
412 69
413 5111
414 1532
415 1402
416 1959
417 1207
418 5597
419 2056
420 5089
421 4761
422 3392
423 683
424 1269
425 4499
426 3650
427 2423
428 3119
429 684
430 212
431 2729
432 786
433 82
434 4148
435 3437
436 5098
437 5303
438 2972
439 1874
440 280
441 4255
442 4446
443 1630
444 2576
445 2666
446 2133
447 35
448 4343
449 1865
450 3416
451 830
452 1348
453 1305
454 3548
455 2756
456 1613
457 5343
458 4433
459 4894
460 5230
461 1025
462 358
463 2016
464 2855
465 1411
466 3223
467 4197
468 5555
469 593
470 248
471 4825
472 1588
473 2068
474 2150
475 2445
476 4308
477 4091
478 1818
479 1567
480 365
481 69
482 504
483 2140
484 2921
485 2120
486 3464
487 1269
488 1501
489 2446
490 4448
491 710
492 4930
493 1948
494 4978
495 5038
496 1379
497 3120
498 2782
499 2523
500 3179
501 2040
502 2936
503 4006
504 4566
505 1400
506 1938
507 2544
508 3494
509 5379
510 3732
511 346
512 1306
513 2476
514 4595
515 802
516 613
517 139
518 3207
519 2262
520 1954
521 1605
522 1337
523 2912
524 1334
525 5551
526 1012
527 336
528 1615
529 361
530 1849
531 2435
532 3103
533 2600
534 2792
535 5298
536 671
537 1721
538 4876
539 4209
540 5199
541 4183
542 4548
543 3444
544 358
545 1325
546 2857
547 1157
548 3611
549 640
550 713
551 2893
552 675
553 5436
554 2947
555 1493
556 4270
557 2900
558 4688
559 1207
560 4720
561 1334
562 125
563 5423
564 1729
565 4208
566 3418
567 1696
568 5369
569 1686
570 3067
571 1422
572 1886
573 2514
574 108
575 5180
576 1111
577 4321
578 159
579 3928
580 4266
581 1688
582 2554
583 3351
584 2872
585 519
586 5062
587 5102
588 1965
589 855
590 3984
591 1644
592 2449
593 2250
594 2756
595 808
596 708
597 5294
598 1648
599 2796
600 4593
601 2470
602 4163
603 1426
604 2074
605 1682
606 1081
607 3880
608 3967
609 280
610 3411
611 264
612 5466
613 5114
614 1041
615 3113
616 2359
617 3880
618 3878
619 861
620 4575
621 1829
622 2669
623 4126
624 3407
625 3725
626 669
627 5095
628 1554
629 2448
630 1456
631 2135
632 1130
633 1994
634 2214
635 4175
636 4524
637 4183
638 1511
639 4629
640 2750
641 280
642 5052
643 626
644 4183
645 3284
646 2759
647 4941
648 4764
649 4164
650 5131
651 5296
652 4422
653 5175
654 2982
655 5610
656 2295
657 1917
658 4984
659 2200
660 3581
661 5012
662 3404
663 1234
664 4271
665 994
666 1992
667 3736
668 3322
669 2266
670 3589
671 1538
672 2918
673 3185
674 92
675 1687
676 2097
677 4163
678 904
679 1406
680 468
681 1325
682 900
683 5299
684 2523
685 1012
686 2521
687 741
688 2356
689 1403
690 1096
691 654
692 5569
693 1752
694 5481
695 1953
696 3045
697 4656
698 4588
699 681
700 4185
701 1272
702 3440
703 4183
704 5089
705 3158
706 208
707 1609
708 4963
709 745
710 5038
711 4869
712 763
713 749
714 943
715 4184
716 2282
717 4417
718 5472
719 2405
720 5238
721 280
722 4562
723 2939
724 1135
725 4184
726 2776
727 639
728 69
729 4600
730 587
731 2597
732 2307
733 4627
734 3413
735 1094
736 250
737 3914
738 575
739 156
740 4357
741 2598
742 5167
743 4319
744 3481
745 3228
746 3251
747 76
748 1716
749 4504
750 4264
751 4593
752 2503
753 4414
754 2162
755 1967
756 727
757 3346
758 71
759 4758
760 2784
761 4573
762 3164
763 4039
764 4050
765 5156
766 2431
767 483
768 4658
769 5477
770 3826
771 816
772 2666
773 5437
774 1456
775 3591
776 818
777 58
778 296
779 5598
780 59
781 2424
782 1776
783 5146
784 3229
785 2114
786 2536
787 5555
788 4021
789 4505
790 4686
791 5426
792 573
793 980
794 3799
795 4821
796 4416
797 3880
798 306
799 2043
800 4198
801 5235
802 2247
803 1341
804 5052
805 5475
806 1948
807 1358
808 4279
809 3340
810 705
811 1525
812 2903
813 5289
814 3392
815 1681
816 2884
817 2930
818 2694
819 2454
820 467
821 5168
822 3606
823 3222
824 4985
825 4223
826 46
827 1616
828 4341
829 882
830 1911
831 3225
832 85
833 2666
834 2266
835 1604
836 3349
837 3339
838 3937
839 5298
840 4421
841 5025
842 668
843 19
844 1078
845 708
846 3349
847 1400
848 4691
849 175
850 1403
851 646
852 4604
853 798
854 3890
855 2682
856 1636
857 683
858 76
859 5332
860 1116
861 1353
862 467
863 1244
864 2004
865 3878
866 3827
867 3442
868 3119
869 1484
870 4826
871 4029
872 3989
873 3191
874 3754
875 192
876 792
877 4738
878 708
879 4559
880 4113
881 2146
882 4930
883 684
884 2781
885 3836
886 2488
887 2471
888 1606
889 4575
890 1538
891 4157
892 1509
893 446
894 3501
895 1299
896 2045
897 3560
898 3990
899 16
900 2283
901 4688
902 3521
903 41
904 2791
905 2319
906 1145
907 5007
908 683
909 4137
910 493
911 994
912 3470
913 1950
914 3688
915 1565
916 1096
917 751
918 584
919 773
920 472
921 3533
922 2243
923 2127
924 4445
925 5109
926 2304
927 3282
928 1221
929 2036
930 2317
931 137
932 593
933 3120
934 652
935 3474
936 3454
937 4476
938 2693
939 4855
940 3582
941 3260
942 5001
943 5146
944 2095
945 271
946 2004
947 1506
948 2395
949 4992
950 4154
951 5041
952 1795
953 1417
954 2185
955 4959
956 4603
957 5084
958 1276
959 3339
960 4261
961 2657
962 5259
963 152
964 3616
965 2065
966 534
967 1833
968 4423
969 2316
970 3251
971 2878
972 534
973 1969
974 2588
975 1089
976 2903
977 3070
978 2329
979 3878
980 4892
981 1650
982 2835
983 631
984 4757
985 1568
986 1338
987 1835
988 5479
989 2713
990 1890
991 4435
992 5316
993 4161
994 5502
995 271
996 3322
997 5361
998 4871
999 2858
1000 355
1001 4287
1002 1710
1003 1868
1004 2125
1005 4895
1006 203
1007 4487
1008 3019
1009 408
1010 2142
1011 1718
1012 267
1013 1157
1014 4229
1015 2138
1016 533
1017 3244
1018 2118
1019 4979
1020 299
1021 968
1022 3070
1023 3169
1024 4961
1025 5439
1026 5055
1027 3921
1028 3827
1029 2616
1030 4175
1031 4160
1032 4359
1033 266
1034 1226
1035 247
1036 3554
1037 3023
1038 2224
1039 2962
1040 1990
1041 1695
1042 754
1043 3763
1044 4770
1045 4253
1046 2450
1047 3389
1048 3827
1049 2865
1050 3988
1051 4765
1052 881
1053 1871
1054 1012
1055 2313
1056 3526
1057 2451
1058 5296
1059 4590
1060 4929
1061 4138
1062 632
1063 33
1064 5156
1065 1177
1066 1152
1067 2613
1068 2380
1069 3996
1070 3016
1071 2146
1072 1781
1073 696
1074 5256
1075 4183
1076 3387
1077 3934
1078 2811
1079 5632
1080 2161
1081 644
1082 861
1083 2424
1084 1573
1085 5256
1086 3127
1087 5057
1088 1147
1089 723
1090 4985
1091 4687
1092 337
1093 1725
1094 2034
1095 708
1096 3441
1097 348
1098 1541
1099 1495
1100 2896
1101 3987
1102 272
1103 2091
1104 5157
1105 5625
1106 2347
1107 2348
1108 3808
1109 2444
1110 1949
1111 5504
1112 1249
1113 3139
1114 2816
1115 2402
1116 3963
1117 3392
1118 2526
1119 3180
1120 4595
1121 2705
1122 173
1123 309
1124 708
1125 5417
1126 4336
1127 1025
1128 4616
1129 4515
1130 3369
1131 3238
1132 431
1133 2989
1134 3930
1135 1745
1136 2348
1137 2648
1138 504
1139 481
1140 3499
1141 16
1142 2721
1143 3039
1144 4967
1145 659
1146 281
1147 2571
1148 5196
1149 761
1150 2139
1151 2414
1152 1588
1153 2282
1154 4990
1155 5347
1156 3235
1157 3311
1158 2032
1159 1651
1160 2469
1161 639
1162 1797
1163 4200
1164 964
1165 2036
1166 5264
1167 2496
1168 4554
1169 3824
1170 3464
1171 4201
1172 741
1173 2782
1174 1242
1175 2435
1176 1451
1177 1477
1178 236
1179 830
1180 5221
1181 4191
1182 1202
1183 337
1184 33
1185 4310
1186 990
1187 4685
1188 2019
1189 1155
1190 2844
1191 3640
1192 795
1193 3770
1194 727
1195 1068
1196 4333
1197 303
1198 4562
1199 3750
1200 1433
1201 5051
1202 4741
1203 878
1204 5570
1205 879
1206 1993
1207 2399
1208 3476
1209 5127
1210 1582
1211 1000
1212 2319
1213 3827
1214 378
1215 4546
1216 1182
1217 4412
1218 4629
1219 2250
1220 4967
1221 3971
1222 227
1223 1468
1224 2673
1225 269
1226 4492
1227 4546
1228 2842
1229 5076
1230 3202
1231 5499
1232 2996
1233 5119
1234 4120
1235 4579
1236 3953
1237 1487
1238 1004
1239 2932
1240 895
1241 2709
1242 4928
1243 909
1244 3696
1245 4555
1246 705
1247 537
1248 2370
1249 2102
1250 3285
1251 1207
1252 1568
1253 1272
1254 1809
1255 437
1256 4912
1257 5491
1258 3289
1259 2947
1260 544
1261 3409
1262 2753
1263 2812
1264 758
1265 1513
1266 3147
1267 4977
1268 1946
1269 1267
1270 5063
1271 1441
1272 2722
1273 2789
1274 5331
1275 1406
1276 1558
1277 3951
1278 3195
1279 1420
1280 5176
1281 925
1282 1535
1283 1196
1284 4637
1285 5042
1286 5354
1287 223
1288 1605
1289 1133
1290 1551
1291 1721
1292 1423
1293 5351
1294 1677
1295 889
1296 1687
1297 2526
1298 2201
1299 4175
1300 101
1301 3848
1302 3416
1303 3497
1304 2469
1305 5441
1306 62
1307 1908
1308 101
1309 4774
1310 1690
1311 2459
1312 3870
1313 58
1314 219
1315 5316
1316 2606
1317 4481
1318 5420
1319 271
1320 1419
1321 4331
1322 2392
1323 3513
1324 471
1325 1343
1326 2263
1327 4506
1328 5163
1329 4286
1330 1135
1331 3449
1332 5259
1333 5331
1334 1452
1335 3824
1336 1846
1337 5320
1338 4328
1339 5562
1340 1195
1341 5239
1342 610
1343 4514
1344 4603
1345 3916
1346 555
1347 3211
1348 4183
1349 2896
1350 3824
1351 1766
1352 4874
1353 4983
1354 1617
1355 2183
1356 3581
1357 3416
1358 5111
1359 3915
1360 3325
1361 3168
1362 2652
1363 1846
1364 4538
1365 4109
1366 1959
1367 1489
1368 992
1369 3605
1370 1144
1371 418
1372 3048
1373 2266
1374 2078
1375 3878
1376 2649
1377 3602
1378 2433
1379 519
1380 1556
1381 1861
1382 5431
1383 3108
1384 2159
1385 622
1386 1467
1387 2515
1388 5097
1389 2137
1390 3987
1391 1037
1392 4964
1393 2456
1394 2981
1395 758
1396 2102
1397 4930
1398 3188
1399 2276
1400 248
1401 4487
1402 4541
1403 4554
1404 4726
1405 2302
1406 5521
1407 2075
1408 705
1409 5143
1410 3175
1411 297
1412 949
1413 2774
1414 762
1415 5120
1416 79
1417 1505
1418 5630
1419 3203
1420 1584
1421 3481
1422 2491
1423 4810
1424 601
1425 431
1426 488
1427 2454
1428 1260
1429 3947
1430 1926
1431 56
1432 1166
1433 338
1434 5615
1435 262
1436 842
1437 61
1438 1068
1439 318
1440 493
1441 3878
1442 3331
1443 999
1444 1515
1445 1630
1446 2668
1447 3433
1448 1733
1449 3701
1450 538
1451 1078
1452 442
1453 1707
1454 1716
1455 2947
1456 4154
1457 4839
1458 3497
1459 4184
1460 5418
1461 1676
1462 3614
1463 563
1464 1859
1465 200
1466 5164
1467 1709
1468 3218
1469 1074
1470 3866
1471 1841
1472 2007
1473 1541
1474 747
1475 3530
1476 4554
1477 2358
1478 546
1479 795
1480 5451
1481 4617
1482 1519
1483 5089
1484 3957
1485 5385
1486 5354
1487 3416
1488 727
1489 936
1490 5018
1491 3846
1492 4161
1493 1565
1494 4599
1495 1958
1496 617
1497 3926
1498 1854
1499 1599
1500 5292
1501 2328
1502 1596
1503 3618
1504 4993
1505 1759
1506 3765
1507 2354
1508 3615
1509 5147
1510 5271
1511 178
1512 2063
1513 3384
1514 3411
1515 1399
1516 2032
1517 2684
1518 2019
1519 3328
1520 4208
1521 3442
1522 2836
1523 985
1524 3357
1525 1441
1526 2072
1527 4838
1528 2805
1529 1714
1530 5323
1531 1138
1532 3518
1533 5465
1534 5608
1535 4937
1536 1076
1537 1938
1538 5207
1539 76
1540 69
1541 4610
1542 4557
1543 1632
1544 2640
1545 3762
1546 1109
1547 868
1548 3801
1549 2757
1550 2374
1551 3098
1552 3090
1553 2476
1554 5223
1555 1155
1556 993
1557 113
1558 1572
1559 1807
1560 275
1561 5258
1562 2489
1563 4278
1564 3247
1565 345
1566 1680
1567 4130
1568 2954
1569 1646
1570 3556
1571 4565
1572 5178
1573 1064
1574 1012
1575 1454
1576 185
1577 3246
1578 4905
1579 2009
1580 419
1581 4538
1582 2160
1583 893
1584 2654
1585 4332
1586 5437
1587 2944
1588 2509
1589 4490
1590 1992
1591 72
1592 3909
1593 2861
1594 4737
1595 1470
1596 4387
1597 1500
1598 4981
1599 1576
1600 773
1601 3384
1602 2149
1603 123
1604 3499
1605 3295
1606 2129
1607 1852
1608 5400
1609 3390
1610 2437
1611 1006
1612 3216
1613 2561
1614 3392
1615 610
1616 3050
1617 434
1618 4163
1619 2135
1620 1528
1621 5631
1622 4012
1623 3025
1624 2500
1625 5283
1626 3104
1627 5261
1628 2490
1629 5196
1630 2074
1631 1642
1632 1938
1633 1024
1634 1565
1635 4344
1636 3725
1637 1346
1638 4571
1639 2605
1640 3392
1641 1478
1642 4861
1643 4930
1644 2724
1645 2533
1646 2780
1647 754
1648 1523
1649 3992
1650 2920
1651 1135
1652 2921
1653 1249
1654 2526
1655 766
1656 4280
1657 3824
1658 2018
1659 1928
1660 854
1661 1234
1662 3699
1663 3464
1664 3744
1665 2483
1666 1604
1667 4394
1668 184
1669 2482
1670 1740
1671 1950
1672 1361
1673 1177
1674 4471
1675 280
1676 2162
1677 5195
1678 4417
1679 4089
1680 4319
1681 2225
1682 3298
1683 280
1684 2916
1685 2755
1686 2964
1687 3637
1688 1937
1689 5588
1690 5327
1691 69
1692 2529
1693 5329
1694 1824
1695 4826
1696 1582
1697 3315
1698 774
1699 156
1700 3883
1701 2916
1702 3951
1703 2059
1704 1312
1705 2782
1706 2015
1707 3251
1708 3392
1709 1345
1710 5041
1711 1939
1712 3808
1713 5125
1714 1935
1715 742
1716 575
1717 5397
1718 4537
1719 1642
1720 3744
1721 4588
1722 4445
1723 1824
1724 2500
1725 4626
1726 2977
1727 1957
1728 4605
1729 5114
1730 2936
1731 4089
1732 1888
1733 1095
1734 272
1735 3971
1736 4051
1737 2786
1738 1572
1739 2793
1740 4692
1741 1730
1742 4628
1743 2874
1744 3411
1745 542
1746 123
1747 2378
1748 1960
1749 3217
1750 2353
1751 2838
1752 2813
1753 5430
1754 1908
1755 2772
1756 2483
1757 4288
1758 1004
1759 2446
1760 5355
1761 3296
1762 817
1763 1576
1764 526
1765 741
1766 2712
1767 323
1768 4588
1769 4637
1770 807
1771 2589
1772 1054
1773 1538
1774 2717
1775 1421
1776 1458
1777 1353
1778 1631
1779 5471
1780 5586
1781 3768
1782 8
1783 4790
1784 4656
1785 1364
1786 3824
1787 4034
1788 1523
1789 1517
1790 1527
1791 4446
1792 1046
1793 3131
1794 2141
1795 433
1796 1034
1797 3349
1798 2688
1799 4985
1800 1912
1801 4989
1802 212
1803 2688
1804 2228
1805 280
1806 5022
1807 689
1808 1409
1809 110
1810 1982
1811 1327
1812 2503
1813 407
1814 4497
1815 5307
1816 4742
1817 4446
1818 3294
1819 3564
1820 1390
1821 3770
1822 5399
1823 2201
1824 2111
1825 4184
1826 3368
1827 2874
1828 309
1829 1626
1830 4177
1831 3336
1832 1962
1833 2200
1834 5622
1835 990
1836 2605
1837 1298
1838 1849
1839 2044
1840 5276
1841 244
1842 3368
1843 429
1844 4790
1845 3718
1846 5413
1847 3373
1848 4663
1849 2428
1850 2185
1851 1572
1852 3396
1853 3910
1854 5433
1855 1058
1856 1723
1857 1782
1858 5196
1859 3143
1860 4185
1861 3685
1862 2786
1863 4188
1864 1520
1865 3673
1866 1895
1867 4530
1868 1741
1869 5395
1870 4136
1871 449
1872 1961
1873 2859
1874 754
1875 2291
1876 2277
1877 4183
1878 1105
1879 742
1880 2548
1881 4595
1882 1711
1883 2782
1884 747
1885 1582
1886 4827
1887 968
1888 3725
1889 5505
1890 1101
1891 2500
1892 62
1893 2243
1894 2905
1895 493
1896 5598
1897 3880
1898 393
1899 2982
1900 3800
1901 4654
1902 844
1903 3229
1904 818
1905 5464
1906 504
1907 3824
1908 1141
1909 4799
1910 3588
1911 4550
1912 4188
1913 1453
1914 3518
1915 2420
1916 2126
1917 1371
1918 3459
1919 5254
1920 3796
1921 727
1922 2113
1923 2022
1924 1328
1925 4046
1926 1650
1927 1960
1928 1752
1929 5423
1930 2465
1931 1525
1932 309
1933 2349
1934 280
1935 1471
1936 2034
1937 1003
1938 1203
1939 1651
1940 5244
1941 4659
1942 2415
1943 157
1944 4663
1945 661
1946 4781
1947 3034
1948 2492
1949 3760
1950 5156
1951 367
1952 4142
1953 695
1954 4807
1955 4300
1956 4658
1957 1961
1958 4355
1959 1680
1960 1529
1961 2932
1962 297
1963 3435
1964 2121
1965 3149
1966 2218
1967 3102
1968 4925
1969 1663
1970 4445
1971 1720
1972 4064
1973 4833
1974 361
1975 4665
1976 4930
1977 4588
1978 33
1979 5097
1980 5339
1981 3988
1982 2915
1983 5509
1984 170
1985 353
1986 2307
1987 2782
1988 3217
1989 1302
1990 504
1991 3774
1992 3424
1993 2988
1994 4640
1995 4726
1996 4650
1997 632
1998 5089
1999 4920
2000 2915
2001 867
2002 492
2003 4285
2004 169
2005 3880
2006 535
2007 1605
2008 2468
2009 4120
2010 2353
2011 528
2012 4203
2013 519
2014 76
2015 3333
2016 5224
2017 4179
2018 5360
2019 3582
2020 1551
2021 1599
2022 2925
2023 767
2024 870
2025 2963
2026 4685
2027 5429
2028 1251
2029 3332
2030 2041
2031 420
2032 791
2033 4487
2034 797
2035 1093
2036 2679
2037 4985
2038 1637
2039 1356
2040 3824
2041 1789
2042 3093
2043 1630
2044 2004
2045 5032
2046 1730
2047 584
2048 537
2049 502
2050 1741
2051 1162
2052 262
2053 1942
2054 1610
2055 5119
2056 1426
2057 66
2058 2491
2059 3535
2060 4183
2061 1335
2062 1474
2063 696
2064 1722
2065 5499
2066 5533
2067 4063
2068 2930
2069 4433
2070 5227
2071 4516
2072 2983
2073 4398
2074 120
2075 4162
2076 1874
2077 2851
2078 3172
2079 1383
2080 3514
2081 5597
2082 4186
2083 4989
2084 539
2085 292
2086 3774
2087 3118
2088 2746
2089 1041
2090 3030
2091 579
2092 2795
2093 1369
2094 320
2095 1719
2096 2068
2097 624
2098 2416
2099 2916
2100 3881
2101 76
2102 3057
2103 5018
2104 3853
2105 5247
2106 2382
2107 862
2108 5473
2109 2735
2110 3988
2111 2426
2112 809
2113 1115
2114 891
2115 1933
2116 4098
2117 3065
2118 3167
2119 677
2120 5020
2121 4160
2122 1994
2123 5293
2124 4120
2125 2275
2126 272
2127 2363
2128 3409
2129 5093
2130 3507
2131 4374
2132 2920
2133 2128
2134 2459
2135 4943
2136 5451
2137 2988
2138 3107
2139 2714
2140 4434
2141 121
2142 2911
2143 4298
2144 1399
2145 3470
2146 1060
2147 4132
2148 3343
2149 207
2150 1422
2151 4487
2152 1656
2153 4992
2154 727
2155 53
2156 556
2157 1536
2158 111
2159 1572
2160 2562
2161 1479
2162 3286
2163 1316
2164 313
2165 4447
2166 2190
2167 3592
2168 2079
2169 4155
2170 1431
2171 2047
2172 2625
2173 3734
2174 2554
2175 3925
2176 3909
2177 1896
2178 482
2179 596
2180 3770
2181 4365
2182 5501
2183 708
2184 1535
2185 3567
2186 114
2187 997
2188 5132
2189 2394
2190 4275
2191 2823
2192 4058
2193 4624
2194 4006
2195 4857
2196 1001
2197 3331
2198 1156
2199 5383
2200 1663
2201 5380
2202 2566
2203 705
2204 5022
2205 4288
2206 1629
2207 4837
2208 3312
2209 2211
2210 700
2211 4989
2212 2787
2213 5476
2214 3590
2215 2348
2216 4383
2217 741
2218 4517
2219 3521
2220 1483
2221 975
2222 2045
2223 2466
2224 314
2225 607
2226 1630
2227 204
2228 5448
2229 1735
2230 1429
2231 1957
2232 1699
2233 727
2234 2419
2235 2515
2236 2520
2237 1980
2238 2494
2239 3971
2240 2335
2241 1078
2242 4841
2243 3040
2244 1085
2245 3797
2246 3660
2247 3362
2248 43
2249 62
2250 3128
2251 2431
2252 4047
2253 3217
2254 1455
2255 2813
2256 2944
2257 5005
2258 805
2259 1935
2260 97
2261 1824
2262 684
2263 233
2264 3846
2265 376
2266 5529
2267 2568
2268 1098
2269 1658
2270 2508
2271 5114
2272 2589
2273 2045
2274 1086
2275 4159
2276 263
2277 1267
2278 763
2279 2002
2280 643
2281 3418
2282 1757
2283 1625
2284 3959
2285 4208
2286 4185
2287 2940
2288 2250
2289 4737
2290 1594
2291 4903
2292 1955
2293 1383
2294 4573
2295 2971
2296 2278
2297 3712
2298 2626
2299 1147
2300 684
2301 3183
2302 3229
2303 3586
2304 3238
2305 3391
2306 5186
2307 4310
2308 4762
2309 4666
2310 5537
2311 5060
2312 4448
2313 2486
2314 1152
2315 519
2316 5326
2317 362
2318 2850
2319 2569
2320 2006
2321 4863
2322 1272
2323 5213
2324 1042
2325 4370
2326 3414
2327 5063
2328 4111
2329 2268
2330 4302
2331 1385
2332 4275
2333 5005
2334 2170
2335 4563
2336 4183
2337 345
2338 2714
2339 4131
2340 831
2341 763
2342 1829
2343 2895
2344 3516
2345 1332
2346 1713
2347 3880
2348 3765
2349 639
2350 3455
2351 338
2352 1612
2353 2139
2354 5355
2355 3589
2356 3065
2357 2977
2358 5168
2359 4636
2360 5097
2361 5458
2362 4961
2363 3376
2364 3815
2365 2535
2366 1474
2367 4592
2368 1669
2369 3874
2370 575
2371 1680
2372 2882
2373 309
2374 4934
2375 962
2376 1071
2377 4576
2378 4554
2379 1906
2380 629
2381 1128
2382 324
2383 3389
2384 2996
2385 302
2386 2672
2387 5207
2388 5214
2389 5400
2390 2023
2391 4084
2392 1399
2393 2324
2394 2348
2395 580
2396 73
2397 4189
2398 3392
2399 257
2400 2333
2401 3815
2402 4546
2403 2927
2404 3796
2405 2033
2406 3310
2407 696
2408 4625
2409 4385
2410 2073
2411 3586
2412 4873
2413 2091
2414 1959
2415 5309
2416 2114
2417 4920
2418 4898
2419 3450
2420 4142
2421 4692
2422 1519
2423 5156
2424 5435
2425 187
2426 3830
2427 422
2428 3710
2429 5321
2430 3998
2431 2673
2432 4149
2433 1623
2434 3838
2435 2756
2436 5461
2437 2242
2438 2797
2439 5204
2440 2299
2441 2296
2442 4666
2443 489
2444 363
2445 1829
2446 3356
2447 2278
2448 4743
2449 5445
2450 1561
2451 5303
2452 3143
2453 1272
2454 2942
2455 1538
2456 3234
2457 14
2458 3204
2459 4195
2460 457
2461 2116
2462 2658
2463 575
2464 1542
2465 1711
2466 358
2467 2021
2468 4834
2469 1786
2470 3025
2471 534
2472 980
2473 236
2474 5041
2475 499
2476 225
2477 604
2478 592
2479 3550
2480 4741
2481 3383
2482 5526
2483 2386
2484 5147
2485 2667
2486 1843
2487 349
2488 4160
2489 4578
2490 3181
2491 3565
2492 5464
2493 766
2494 1649
2495 2536
2496 2543
2497 2983
2498 2357
2499 3651
