0.925383 0.540748 -0.656744 0.904991
-1.00414 -0.492121 0.492636 -1.57877
1.33317 -0.239127 -0.326695 1.67462
-0.91493 -0.503731 0.503731 -0.91493
0.117812 1.07407 -3.71178 0.13586
2.465 -0.657588 1.77723 4.52248
-1.03136 -1.41227 3.30209 0.678972
-0.770967 1.11853 -4.11248 -0.866886
0.270251 -1.31126 2.96185 -0.218132
0.875801 0.707996 -0.951944 0.812733
-0.14144 1.35717 -1.39569 0.247377
0.547435 1.2102 -2.01527 0.647724
2.18187 -0.629092 0.202369 1.32603
-3.31752 -0.347986 1.76261 -3.5536
1.2123 -1.24483 4.99278 1.50213
-0.367039 1.40871 -1.52152 -0.375558
1.67986 0.334089 0.266545 2.22768
-1.81663 0.277305 0.057539 -2.18876
-0.700295 0.866721 -1.05236 -0.633187
-0.784672 -0.786606 2.331 -2.16256
0.207273 -1.36934 1.17993 0.054091
1.75664 -0.10595 0.47067 1.72045
-1.67489 -0.196372 -0.266051 -1.50964
-1.15401 0.363567 -0.188019 -1.08967
0.274726 -2.5014 2.63735 0.35693
-0.898148 0.62403 -0.819827 -0.863485
0.273865 1.15461 -1.413 0.169026
-0.011502 -1.09919 2.75879 -0.13289
1.20341 -0.220763 0.577396 1.22401
-2.54826 -0.513141 -3.95122 -9.44492
1.05631 0.256729 -0.30352 1.02779
1.73872 0.201791 -0.592713 1.20161
1.13954 -0.664326 1.01992 1.30242
-1.89371 0.541938 -0.721166 -1.13937
1.037 -0.305107 0.305107 1.037
0.925355 -0.646751 0.73528 1.6351
0.899607 0.669822 -1.4811 1.23047
-0.390794 -2.28404 3.03516 -0.641632
1.13123 0.459447 -0.782636 0.988053
-1.48675 -0.370791 0.785464 -1.09914
-0.736252 1.62539 -3.37659 -0.206273
-1.26479 -2.65156 3.11159 -0.737873
3.02134 -0.455017 1.35671 2.68453
-0.453983 -0.925639 0.970222 -0.491152
0.482046 1.20438 -2.19552 0.607027
0.157622 -1.34575 2.14239 0.105095
1.47492 0.657268 -0.71607 2.52763
1.84862 -0.102076 0.535011 1.80143
-0.672491 2.0177 -1.47592 -0.625205
-4.67143 6.19397 -5.37212 -2.48356
-0.984534 -0.651318 0.574318 -1.99203
0.454886 -0.978519 4.01844 3.14085
-0.907853 -0.649426 0.610592 -1.00243
-1.64684 -2.25454 4.66562 0.154615
-0.125054 1.06766 -3.45069 -0.03915
-0.487916 -1.07705 1.68646 -0.537856
-1.10217 -0.280494 0.280494 -1.10217
-0.979408 -0.448177 0.444483 -1.06629
0.028498 1.34717 -1.42625 -0.143654
-0.766269 -1.06209 0.75664 -0.900641
-0.314044 1.0652 -1.37973 -0.131938
-1.08294 -0.742494 2.0633 -1.02766
-1.15549 0.450934 -0.64695 -1.04203
1.20215 0.086551 -0.398895 1.82846
0.223167 1.15092 -1.56551 0.731627
-0.792906 0.727512 -1.21684 -1.016
1.1676 2.53014 -2.10755 0.363259
0.12669 -3.16351 2.73726 -0.123158
0.390275 1.01217 -2.0995 0.73537
0.075398 1.17329 -3.50776 0.181015
-1.24231 0.556126 0.001249 -1.68673
0.599943 -0.939756 2.83397 0.821961
-1.19917 0.65542 -0.723895 -0.877896
0.080913 1.13282 -1.41868 -0.221352
-1.64259 -0.196379 1.09734 -1.74842
-2.34932 0.619928 -0.578565 -1.62633
-0.272106 -1.03139 1.03139 -0.272106
0.882114 -0.666546 1.77573 1.4509
-0.758479 1.92577 -8.16695 -0.244357
1.9366 -0.677645 0.849273 1.44225
-1.22472 0.042539 -0.695271 -1.69852
-0.281188 1.2348 -2.99109 0.488034
-0.220675 1.36734 -4.2796 -2.74957
-2.02505 1.47289 -1.85089 -1.09997
2.38382 -0.707075 1.08964 1.87534
3.55878 -3.13074 9.84443 15.9911
1.8534 -0.301919 -0.811262 2.45159
0.844808 2.22071 -3.65916 0.781356
0.251862 1.11988 -1.17899 0.087954
-1.40835 2.01281 -1.61075 -2.15702
-1.08052 1.81577 -1.59464 -1.41752
-0.705567 1.72535 -1.35389 -0.580272
0.821545 -0.669938 0.848908 1.0719
-1.14306 0.391014 -0.520847 -1.13612
1.78654 -0.38376 0.590244 1.40552
2.92553 -1.06576 0.367417 3.79704
-0.388272 -1.12503 1.45783 -0.339663
-1.27218 0.29246 -0.689271 -1.08797
-0.003388 -1.06225 2.01633 -0.041541
-0.862621 0.795693 -0.979332 -0.704204
0.055992 1.18526 -1.70148 -0.114794
-0.196337 1.09292 -2.88539 -0.086937
-0.906505 0.621546 -0.823763 -0.879257
2.19292 -1.28599 4.8239 8.3811
1.1921 -0.175087 0.318881 1.10775
-0.067249 1.1518 -1.19673 0.129968
2.10711 -0.215277 0.371565 2.94241
-1.37298 -0.031712 0.300388 -1.66112
1.08002 0.125843 -0.162796 1.34536
-2.30487 1.06906 -0.672087 -1.19517
2.0496 -0.187034 -1.11482 2.15668
-4.86031 1.42011 -1.00198 -2.60773
0.758726 -0.807574 4.14021 3.26994
0.034915 -1.95368 1.58865 -0.440558
2.66462 -1.87859 4.13421 1.25617
0.813959 0.719475 -0.708665 0.940755
0.246755 -1.76544 1.17325 -0.139346
-0.652342 -1.15819 1.9185 -0.50046
0.617142 -1.89731 1.25971 0.208503
1.1525 -1.24808 0.675641 1.27007
0.935079 0.621909 -1.759 1.51544
0.616364 -1.87146 1.73817 0.978344
1.6409 -0.733032 0.774664 1.39854
1.73942 -0.184251 -0.635201 2.07677
-2.05636 0.534446 -0.59513 -1.41317
-0.420579 2.06507 -1.80457 -0.165685
-0.786119 -1.10795 0.973618 -1.22761
-1.02189 -1.86703 2.07877 -0.792145
0.445599 1.01761 -1.13935 0.414982
4.4752 -0.589606 0.76881 4.52528
0.756962 -0.743019 1.86367 1.42984
-0.643302 -1.16213 1.30705 -0.235053
-0.595633 -2.88949 3.45236 0.333805
3.56015 -1.28613 2.78912 2.08143
-0.37467 -1.00302 1.22232 -0.418717
-0.088966 -1.42136 1.88589 -0.187381
1.82113 -0.55301 0.577571 1.26832
1.25634 0.495949 -1.09128 1.07533
-1.51367 -0.533363 1.49565 -1.80394
-0.011885 1.24494 -1.23217 0.205088
2.46923 0.717822 -1.78636 1.56662
3.3351 -0.97628 -1.78455 2.17395
2.11588 -0.772447 0.87156 1.4292
2.54155 -2.57868 7.36349 12.6147
1.15755 -1.50589 1.3623 0.735454
-3.29457 0.386942 -0.814061 -1.97834
2.33067 -0.644616 2.78163 6.24116
-6.77622 -5.28133 5.85028 -6.3709
-0.009775 1.87884 -1.87732 0.757116
-0.025593 -1.70542 3.03161 0.67553
0.652719 -0.80215 0.80215 0.652719
-2.14014 -2.2705 3.98417 -0.911768
-2.66496 -1.031 2.48392 -1.05813
-0.536981 -1.07183 1.3707 -0.306857
-1.30781 0.427796 -0.277552 -1.03133
1.7376 -0.290974 -0.469701 2.50786
1.22287 0.892598 -2.06608 1.33214
-2.4715 0.717141 -0.653741 -1.12885
-1.14115 0.418012 -0.350471 -1.04593
3.12974 0.67748 -1.88107 3.03535
-3.08639 1.62579 -7.15225 -12.7725
-0.926346 -0.512587 0.727315 -1.1602
0.217751 -1.19732 4.22402 0.566875
-0.134008 -2.24242 2.98567 -0.833395
11.3538 -19.9824 40.9607 24.1229
-0.904266 -1.68855 2.04883 -1.3545
1.60043 2.31395 -2.27803 1.46684
-1.00113 0.913285 -0.957634 -0.797487
1.11093 -0.678532 0.852193 0.95379
5.54183 -0.449966 1.46871 5.35386
-0.251142 1.74453 -1.5377 0.07437
0.81656 -0.929523 1.27864 0.535464
-0.374269 1.63312 -1.48462 -0.118293
-0.458393 0.961431 -1.10274 -0.439091
-1.56441 0.474266 -0.340541 -1.01257
-1.17394 -0.318743 0.400366 -1.12805
0.607569 -2.94744 8.47124 0.237396
1.18132 -0.588951 1.33694 1.07243
-0.25914 1.24535 -2.80794 -0.150292
-4.84596 -6.06021 13.3096 -0.269335
2.34978 -1.52265 4.44496 3.65698
0.631651 3.37727 -2.51681 1.63483
0.24902 -2.50303 3.69328 -0.13188
-1.12902 -0.454063 0.829529 -1.82532
0.181832 -1.11021 1.74063 0.236925
-0.547554 -1.18382 1.9864 -0.587401
-0.22674 1.33422 -2.1374 0.002053
-0.323 1.06462 -1.58672 -0.136961
0.675802 1.13341 -1.77568 0.596882
-1.61742 -0.398258 0.780771 -2.10605
0.141667 -1.16467 1.1492 -0.050338
0.87465 0.695265 -0.822135 0.791356
-0.520556 1.37762 -2.31982 0.629342
1.41428 -0.21254 -0.634418 1.71444
-1.30638 0.572154 -0.535286 -1.037
0.215982 7.41963 -6.47747 -0.145397
-0.975679 -0.596574 0.597203 -0.88585
0.820151 -0.708305 0.918708 1.09417
2.11231 0.844115 -2.89711 2.81613
-3.41738 -1.79035 4.63964 -2.04534
1.08826 0.229493 -0.229493 1.08826
-3.63495 1.73718 -6.12925 -10.412
-2.77658 -0.998898 3.39357 -1.43997
-0.609026 -0.938559 1.31926 -1.45269
0.199444 -1.09852 1.10657 0.155932
-1.52589 -0.418363 1.61386 -1.22807
-3.4483 1.67287 -7.4104 -13.1539
1.76759 0.247872 -1.21257 1.38797
-0.269207 -1.44222 1.4128 -0.201821
-0.154245 1.14789 -1.72785 0.11736
1.16743 -0.175109 0.611253 1.34404
10.2486 -3.85933 3.89751 7.52284
-0.236968 -1.07903 1.93719 -0.378286
-1.09719 0.332887 -0.66335 -1.42458
2.85127 0.101605 -4.01526 4.4479
-4.25422 1.27163 -2.63991 -6.25861
-4.51372 1.49623 -2.80455 -5.9017
-0.336933 2.8146 -2.37211 -0.064155
-1.78317 0.576332 -0.544832 -1.30903
0.246916 1.03302 -1.20402 0.236916
1.01176 6.668 -7.591 1.04386
-2.58837 0.249582 -0.05177 -1.30129
-0.381651 1.10792 -1.37236 -0.160027
-1.26139 1.26082 -2.13924 -0.183573
0.990713 0.861129 -1.25681 0.942374
1.27735 -0.225378 0.323108 1.78421
1.41939 2.69901 -3.64033 1.22034
-0.045182 1.80217 -1.91319 0.972749
3.12541 0.940694 -1.8932 0.81519
1.14078 -0.23366 0.473984 1.25313
8.05946 13.4089 -15.1596 6.90192
0.79055 -0.995659 0.995659 0.79055
0.86197 0.658039 -0.993835 0.951254
0.994106 1.63729 -1.96971 0.725777
0.012503 -1.06397 2.27431 -0.011728
1.16144 -0.407055 0.298629 1.01072
0.410713 -1.10325 1.75696 0.409128
-0.948657 -1.23796 1.23796 -0.948657
2.19327 0.760789 -0.681311 2.22526
-1.62036 0.634544 -0.776409 -1.366
-2.19155 -1.5424 2.06284 -1.92386
-1.76649 0.877969 -1.12464 -1.37399
-0.854489 -0.664973 0.730182 -0.840923
-1.07085 0.546571 -0.718776 -1.27784
-0.765951 -1.25122 2.71144 -0.989668
1.0087 -0.939644 0.844523 0.674513
-6.91017 8.67471 -10.528 -4.58119
0.798465 -0.743304 1.47779 1.22227
1.33053 -0.399558 -0.32616 2.09035
-0.455432 -1.31615 1.4758 -0.38337
5.13692 -1.67257 3.95374 8.2087
0.02431 -1.61674 1.18854 -0.222101
-0.028182 1.45222 -1.2532 0.151415
-1.72519 -0.043958 0.814317 -1.77372
-0.778252 0.75816 -1.02976 -0.822411
1.49375 2.06811 -2.51825 0.570635
-0.839444 -1.53253 1.75407 -0.642976
-0.038998 -1.10043 2.05766 -0.516452
0.648054 -0.822726 0.822726 0.648054
-0.142403 1.06539 -2.5405 -0.113087
2.04594 -1.31148 4.7898 8.33048
-0.188095 1.07035 -1.44814 -0.138425
-1.37554 -0.769328 1.6318 -0.739914
-0.951921 0.554253 -0.696849 -1.05013
-0.935423 5.09987 -11.9402 -0.156041
-0.428382 -0.987845 1.37801 -0.295043
1.62549 -0.722241 -0.217692 1.922
-1.10858 -0.00183 0.155728 -1.23376
-0.306389 -1.09425 1.60817 -0.89491
5.0604 0.957228 -0.151562 1.79087
-1.97804 -0.603159 2.7602 -1.2295
6.02209 -4.65756 4.29269 7.14523
1.38494 -0.377243 0.273905 1.01118
0.675814 1.18672 -1.38634 0.269681
-0.831268 -0.666949 1.25679 -1.2424
2.01014 -0.619478 0.929057 2.45434
4.27635 -0.964473 2.08681 4.61657
1.03302 -0.397262 0.479626 1.11539
-0.044236 1.05052 -1.4314 -0.055956
-5.40558 0.053224 -1.2835 -1.84698
-2.98882 0.965147 -0.339659 -2.80645
0.411437 1.00475 -1.37424 0.378003
-0.260248 -1.19364 1.25687 -0.467725
-0.203584 -1.51847 1.33441 -0.519839
0.265457 1.03416 -2.00478 0.64999
0.328074 1.01271 -1.5807 0.744467
0.624415 1.15085 -1.35845 0.249426
0.736196 0.907096 -0.752669 0.968071
0.909014 -1.72113 7.01427 0.421397
0.764987 1.06634 -1.39198 0.797015
-2.45857 -1.06576 1.46846 -2.53169
-1.34529 0.121508 0.054888 -1.55003
-1.91697 -0.196865 1.85132 -1.88747
-0.074297 -1.08987 1.46065 -0.366898
-1.6269 -0.120527 0.321979 -1.1334
-0.609269 1.09373 -1.57045 -0.292445
-0.536558 2.79665 -2.53055 -0.119754
-1.32669 -0.084223 -0.386192 -1.26586
0.282748 -1.18559 1.39631 -0.050247
1.11565 -0.133217 -0.120054 1.49301
0.729843 -0.780617 1.11272 0.804753
-1.80284 0.498396 -0.723454 -1.19101
0.113207 -1.06783 3.19071 0.374469
-0.62111 -0.955172 1.19513 -0.787309
-1.77966 0.567846 -0.764007 -1.3834
-0.36036 -1.0162 2.54199 -0.924784
2.07494 -0.512198 0.793621 2.03432
2.66212 0.131377 0.008662 2.97185
-4.5637 2.33691 -3.64845 -6.31207
-0.179803 1.19806 -1.581 0.1051
-2.62139 -0.575516 1.08622 -2.98668
1.05276 0.430842 -0.975085 1.4677
-3.42526 -3.30445 3.20541 -3.37942
1.99101 -0.763641 0.83573 1.61044
1.17978 -0.145151 -0.423579 1.88464
-1.4452 0.848972 -1.04314 -1.494
-0.041186 1.61841 -4.65783 -0.867137
-0.334687 1.28843 -1.24302 0.046752
0.847567 -0.873441 2.85003 0.855175
2.04078 -0.52291 1.6297 1.5933
-0.366411 -1.85242 2.58179 -0.564807
1.43895 -0.419342 2.21491 4.96609
0.192082 1.95829 -1.76378 1.29619
2.15447 0.924889 -1.6651 1.14084
-0.137143 -1.10791 1.20682 -0.394757
-1.31559 0.038569 0.223598 -1.10344
0.171519 2.23535 -2.01147 0.005625
2.46433 -1.79834 1.06318 3.29723
1.96625 -0.43986 0.29694 1.16306
1.03677 -0.333031 0.237676 1.14758
0.165958 -1.10159 4.05384 0.03796
-0.003592 -1.1371 1.45885 0.24622
0.177271 -1.11247 1.48056 0.022527
0.645358 0.926341 -1.42001 0.508809
0.089285 1.4864 -2.41315 0.327934
-1.22945 -0.599848 1.74239 -1.10901
0.844966 1.01199 -1.23886 1.2005
1.73725 -0.524081 0.809329 1.28801
-0.219983 1.21532 -1.6081 0.100779
0.145903 -1.11939 1.4449 -0.1907
-0.631566 -1.38276 1.92502 -0.456098
-1.22595 0.476786 0.315439 -2.33941
1.79707 -0.969128 0.930411 1.60326
-1.67187 2.47035 -2.94151 -1.0497
0.184438 1.11206 -1.62577 0.086107
-1.51458 0.426678 -0.249759 -1.0256
-0.477515 -1.11758 1.70536 -0.483581
-0.218734 2.5375 -3.6626 -0.315765
1.60413 0.1 -2.46828 2.26099
-0.160045 1.87804 -4.69197 -0.209555
-0.529699 1.94278 -1.87311 -0.265234
2.21615 -0.628593 0.767955 1.89287
0.691802 -0.82751 1.55808 1.26326
0.471242 1.5468 -1.69862 0.543924
-1.09309 -0.33305 0.604966 -1.27957
0.750568 0.794051 -1.45077 1.07495
2.32774 -0.674988 1.21212 0.869763
2.06421 -0.357247 0.873247 2.21524
1.11909 -1.0092 0.317903 1.70439
-0.297824 1.12857 -1.77649 0.135617
1.37224 -0.314125 0.551234 1.1656
0.727841 0.793246 -1.57431 1.1776
1.09659 -0.540425 0.496441 1.13305
-0.680008 0.818282 -1.42896 -1.05096
-1.48922 0.592631 -0.755344 -0.930721
-1.41433 0.210244 -0.078171 -1.08651
-0.857556 0.700461 -1.2099 -0.979947
-0.615403 0.869258 -1.79959 -1.28888
-0.086106 1.36551 -1.80583 -0.090249
-0.246065 -1.06624 1.80591 -0.725046
0.212617 -1.12308 2.2368 0.04871
-1.6196 0.839673 -0.662756 -0.894027
-0.777526 -4.43706 11.8923 -0.276179
-4.88842 2.40307 -3.92448 -7.22722
0.196532 -1.80843 2.4138 -0.185103
-0.778656 0.802649 -0.954717 -0.675508
0.836363 0.829666 -0.617812 1.07396
-0.863417 -1.76636 2.07032 0.413393
-1.22759 -1.0288 2.54068 -1.04576
3.08364 -3.07197 5.09837 6.84021
-0.257471 -1.08423 1.60624 -0.09014
1.96361 -0.493446 0.548487 1.26632
-0.817209 0.746645 -0.766476 -0.79736
1.08925 1.56734 -4.49664 0.549443
1.8158 1.1181 -2.87556 2.86819
1.24461 -0.601052 1.02842 1.73572
0.333536 1.01835 -1.36347 0.330779
2.20765 -0.595562 0.106761 2.65681
-0.764769 -0.742963 1.43001 -1.2688
2.21938 -0.654435 -2.31041 3.68199
0.268115 -3.78426 4.24382 -0.394325
1.63116 -1.22534 4.60696 7.99628
-2.41993 0.640093 -0.451148 -1.39914
0.235511 -1.35548 2.47776 -0.082325
-2.61668 -5.90389 5.93728 -1.72313
2.01746 2.50701 -2.6266 1.06237
0.483656 -1.41551 3.24047 0.118056
0.437098 4.5971 -3.98641 0.669254
1.35409 0.579876 -2.34002 2.24716
-1.13361 0.39607 -0.473216 -1.13739
-0.526829 -2.27665 2.47744 -1.20502
-1.16093 -1.19132 2.42947 -0.829931
-1.06177 0.65428 -0.797635 -0.846577
-1.78742 0.696635 -0.757462 -1.46091
0.439653 -1.18825 1.54978 -0.058262
0.664247 -0.884568 2.53113 1.14437
0.994874 -0.419875 0.63264 1.19525
0.475325 1.39353 -2.95595 0.176826
-1.36145 -0.052371 0.455202 -1.21696
2.19003 0.21104 -0.637384 2.23543
0.724032 1.02046 -1.84742 0.655516
-6.68344 -3.94628 12.7789 -3.8921
-0.443169 1.4234 -1.55244 -2.31629
-1.80765 0.182772 -0.977183 -1.46765
-0.341619 2.51823 -2.94817 -0.363422
-0.357973 1.20888 -1.50224 -0.723666
1.16001 -0.150245 -0.302592 1.58515
3.4449 -0.242096 -2.3445 2.79622
1.27692 0.28086 -0.279014 1.2802
-0.097799 -1.67359 1.48775 -0.801305
1.06904 -0.3261 0.627056 1.17146
1.29582 0.56718 -0.955612 5.67611
-0.802875 -0.944039 0.866361 -1.21846
-0.372264 -1.39439 2.66574 0.085027
-2.39419 -1.3388 2.55015 -1.07862
0.556445 -0.905665 3.95692 3.09029
8.70845 -2.58918 3.81743 7.25618
-0.476475 -1.16074 1.1139 -0.289769
-1.06092 0.379092 -0.228354 -1.0989
1.41589 -0.100511 -0.187405 1.1855
-2.00414 0.647901 -0.622881 -1.45855
0.295436 1.44892 -1.85818 0.152874
1.88853 -0.896286 3.78934 1.22857
-0.920721 1.00039 -1.07243 -1.00716
0.897173 1.16216 -2.44964 0.723462
0.963559 -0.566201 3.25658 2.50819
-0.59734 -1.04213 1.05641 -1.07413
-0.573423 -1.00923 1.17288 -0.391163
-0.243746 1.29774 -1.70202 0.039591
-0.541254 -0.998159 1.26348 -0.355603
1.79474 -1.17189 4.29837 1.41345
1.07977 -1.11212 0.479694 1.42839
0.234605 -1.21023 1.6855 0.14581
1.2546 0.199984 -0.490005 1.22156
2.34653 -0.49668 0.674046 1.60735
-2.03365 -0.140847 0.401495 -2.5393
0.268256 -3.76733 3.90261 -0.631147
-0.273066 1.40288 -1.43784 -0.356517
-0.992231 -0.757058 1.39318 -0.80393
-0.22145 -1.70978 1.71169 -0.313852
1.3058 -0.815462 0.261713 1.77568
-0.574538 -1.30265 1.71151 -0.599488
1.03164 -1.13217 1.14921 0.855328
-1.10616 -0.271126 1.73939 -2.47735
0.878324 -1.177 0.698111 1.26786
-0.105016 1.06391 -1.28337 0.008209
0.611474 1.5684 -2.00099 0.339028
0.876808 0.683975 -0.824094 0.88875
-1.38609 0.530606 -0.222334 -1.09537
-0.479865 -0.991163 1.78383 -0.623817
3.00491 4.17025 -6.68141 2.65476
2.67233 -1.50953 4.41197 7.67154
-1.15233 0.485577 -0.797994 -1.24379
-0.618387 -0.944833 1.30983 -0.46578
-1.86399 -2.66899 3.25798 -1.02411
-1.89706 -0.184672 -0.306217 -1.9838
1.5062 -2.98042 7.44614 0.743435
-1.39916 -4.75543 9.3041 -2.09756
-1.04349 0.464665 -0.603634 -1.0466
1.25534 -0.431097 0.512483 1.29872
-0.350662 1.41687 -1.27322 -0.317926
-0.372521 1.03851 -1.12285 -0.484946
-1.15167 1.35134 -2.12725 -0.511674
-2.21242 -5.05893 5.73908 -1.61513
0.040347 -1.05384 1.27665 0.022303
-0.350588 -1.00554 1.99166 -0.69344
0.810781 -0.880718 2.84425 1.34527
-1.20571 0.508578 -0.527697 -1.01721
-2.93022 0.540802 -0.839632 -1.84574
0.35314 1.02024 -1.17819 0.293861
-0.835014 0.706061 -1.0231 -0.908997
-1.54742 -1.25841 1.14319 -1.18255
-1.38574 0.030881 -0.456969 -1.23462
-0.738634 -1.71504 8.0167 -2.94755
-0.80634 -0.901299 1.53593 -0.720468
1.58624 -1.85978 1.50603 1.46888
-5.36901 -1.57006 5.75336 -5.71252
0.289608 -1.33 3.24001 0.066135
2.28682 -0.740078 0.81836 2.02362
-0.632707 -1.15953 2.15693 -0.688854
0.259757 -1.27545 1.44806 0.095562
1.83493 -6.42011 5.85017 0.701177
0.827413 0.645179 -1.08404 1.26977
0.737842 1.15833 -0.99077 0.532168
1.14014 -0.55299 0.80281 0.989984
-0.712847 -1.53225 1.96905 -0.557594
0.14799 -1.10409 2.41753 -0.287677
1.06476 0.309757 -0.597924 1.67582
0.808453 -0.712431 1.96347 1.5536
0.393673 1.03498 -1.00565 0.371718
2.61439 2.18869 -4.64526 1.28696
-4.01743 -4.54172 4.1652 -5.21726
-0.228322 -2.20829 2.20829 -0.228322
2.23975 -0.46959 0.623719 1.42268
-1.26369 1.83282 -1.57764 0.106271
-0.336692 1.07152 -2.17305 -0.023463
2.07966 -0.650091 0.87023 1.74364
1.35556 -0.509978 0.535083 1.23406
1.08159 0.291178 -0.45004 1.17437
-2.09553 -0.023306 0.331025 -1.91533
1.52089 -0.397856 -0.195992 1.71573
0.983923 0.448551 -0.912345 1.35507
1.02943 -1.72052 7.48175 0.338801
4.23791 -0.915471 -2.83201 3.15719
-4.69018 -1.24745 0.481923 -1.83643
-0.291175 1.17261 -1.40012 -0.037251
1.25283 -0.694381 0.717328 0.882794
-0.766499 0.810164 -0.927563 -0.660237
-1.60928 1.63455 -2.14969 -1.34937
0.227349 -1.42622 5.79389 -1.42388
0.226495 1.03365 -1.23001 0.227836
-0.862009 -0.940353 2.39085 -0.945213
0.426283 1.7016 -1.19335 1.70851
-5.05547 0.825223 6.41083 -6.32719
1.85786 -0.59967 0.54943 1.29036
4.65987 0.743262 0.718109 2.09192
2.15455 1.85591 -4.09497 1.77479
-1.13044 0.570493 0.122872 -2.2163
0.649986 -0.801114 0.801114 0.649986
1.63334 -0.529332 0.733969 1.6765
-0.679971 1.00149 -1.8407 -0.828473
-0.80144 -0.721763 1.15282 -1.0315
0.855948 1.39418 -2.63038 0.134679
-4.16081 -0.448566 -5.27623 -12.6215
-0.541108 -1.11729 1.40314 -0.374699
-1.31727 0.410299 -0.555241 -1.38377
-0.717425 -0.854362 0.80881 -0.815473
2.4524 -1.48884 3.92326 0.736072
2.61166 -0.79509 1.00124 1.75329
-0.866217 -0.686986 0.735268 -0.837028
1.19513 0.85991 -1.79805 1.24221
0.290922 1.36599 -1.51668 0.384021
0.813627 -1.43521 4.83781 1.83042
1.15204 0.286562 -1.12231 2.90482
0.885354 1.29066 -1.13194 0.72128
1.23436 -0.385875 0.507567 1.07569
0.814502 -1.04678 1.07299 0.677186
5.7092 -0.067446 -0.967655 1.97039
0.322064 -1.19277 1.47129 -0.016774
-1.64121 0.797688 -0.601433 -1.24721
1.54891 -0.366783 0.154031 1.04835
-5.54142 -6.97832 4.06229 -7.77801
-0.78673 -1.11704 1.57553 -0.882928
1.37543 -0.989969 -0.558779 2.7705
1.28694 1.22203 -2.70744 1.00271
0.692649 0.827073 -1.06687 0.715376
0.148267 -1.40726 1.40328 -0.078293
1.14237 -0.91102 1.12623 1.09398
-0.785958 -1.22454 1.68451 -0.782398
1.68921 1.35497 -1.96992 2.09614
0.772658 0.806798 -0.806798 0.772658
1.6257 -0.233777 -0.12627 2.44381
-0.811098 -0.74892 0.945157 -0.755677
2.96488 -0.878564 1.26905 2.34113
1.16363 -0.587458 0.592349 0.928536
-0.062821 1.11505 -2.4005 -0.154545
4.75206 6.91778 -7.3974 3.81724
0.523111 -0.996728 2.4632 1.88997
-0.979821 0.401607 -0.401607 -0.979821
-1.04189 -0.249752 0.249752 -1.04189
-0.724274 0.760619 -4.05683 -3.18935
-1.90059 0.626445 -0.308391 -1.22832
-2.06069 0.826547 -0.882352 -1.32418
-0.264476 -1.0542 2.11903 -0.673749
1.24051 -0.394451 0.398478 1.10235
2.32956 -0.665172 0.718131 1.41382
0.23973 -1.13938 1.40353 -0.123131
0.91641 -0.640566 0.975965 0.935101
-1.04002 0.546884 -0.477394 -1.03959
0.447518 1.04579 -1.22856 0.344346
1.81003 -0.53325 1.54819 2.38087
4.12026 -0.117572 1.44321 4.8063
3.07434 -1.42198 6.55956 11.5212
0.973993 -0.442398 0.592936 1.33048
-2.37258 0.85389 -1.60157 -1.68343
0.069959 1.05346 -1.92951 0.202573
-1.07114 0.16743 -1.0791 -2.59808
-1.4248 0.567438 -0.452352 -0.941009
3.19069 -0.762638 0.858425 3.09748
2.58067 -0.398851 2.45246 2.67562
-1.69576 -1.90083 3.20593 -0.745816
0.92413 0.556671 -0.604929 0.948018
1.36478 0.543396 -1.2093 1.28572
0.737998 -0.741189 3.37309 2.65578
-0.702517 -1.43623 1.14596 -1.58925
0.225786 6.59348 -7.71496 0.349636
0.998288 -0.376304 2.10365 4.8757
0.178032 -1.50728 1.31598 -0.316471
3.56182 -0.923731 -1.52907 1.70364
-2.45244 1.51413 -2.26646 -1.64875
0.904088 0.610877 -1.1273 1.21993
-1.48374 -0.456826 1.70839 -1.68777
0.58332 -1.46459 1.85178 0.225021
-2.13651 0.638468 -1.68139 -1.4486
-1.15893 0.644216 -0.314454 -1.11104
0.411327 1.17534 -1.35751 0.34369
0.704683 0.763197 -1.02194 1.00259
0.721772 -0.784746 0.77396 0.725036
-0.721267 -1.62257 1.90094 -0.535099
0.979711 0.980041 -1.39624 1.36463
0.422217 1.03372 -1.78663 0.434688
0.09104 -1.23257 1.56312 0.031033
-1.00217 0.469788 -0.664815 -1.172
1.73139 1.07431 -2.38917 2.12107
1.13691 -0.42529 0.466986 0.970766
0.540176 -1.97848 1.71367 0.048058
1.31994 -0.545679 0.317263 1.48272
-0.280623 1.6407 -1.37533 0.074558
1.7417 -0.412542 0.515726 1.1013
1.2896 0.09701 -0.776794 3.9333
0.349843 1.11095 -2.58074 -0.027758
-2.81673 -3.55474 5.56789 -1.41049
-1.63967 1.95074 -2.30138 -1.4866
-0.527873 -0.978397 1.62208 -0.59476
-1.42687 0.078923 -0.329259 -1.48764
-0.114662 1.66522 -1.70002 -0.405923
1.68995 -0.925149 1.95864 0.806713
-1.76266 -0.946901 2.36074 -0.6403
0.055655 -1.08759 1.45156 -0.118641
-3.70673 1.42978 -1.62268 -2.60641
0.890459 -0.544307 0.544307 0.890459
-3.71003 1.41083 -1.76309 -3.05209
-0.332049 2.04726 -2.95687 -0.038649
1.6662 -0.089548 -0.167077 2.1638
-0.381299 1.09999 -1.27882 -0.095367
-0.26467 1.54996 -1.32014 -0.122477
0.108985 -1.24767 1.66168 -0.325062
0.418999 1.04128 -1.10226 0.367614
0.721357 -1.18488 2.37091 -0.000982
-0.469319 -1.38982 2.49224 -0.63256
-2.8804 2.23302 -3.34395 -0.669757
1.00235 0.40679 -0.567032 1.224
-0.429574 -1.02249 2.33173 -0.745712
-0.798503 -0.899654 2.58929 -0.876459
-1.14616 0.123664 -0.233936 -1.33378
-0.89234 3.14907 -3.59371 -0.096046
1.03092 -0.659822 1.77678 5.02121
-0.477519 -1.11006 1.75256 -0.388363
-2.49857 -7.76127 9.22751 -2.43052
0.299054 -1.13305 2.80577 -0.202241
-0.170209 1.09977 -1.9993 0.073096
-0.993541 -2.36567 2.96371 -0.888184
-0.865325 0.663379 -1.02782 -0.934528
0.758212 -0.79376 2.81359 2.19468
0.133938 1.10565 -1.47084 0.576812
0.790232 -1.3108 2.01258 0.521388
-0.58085 0.948656 -2.9161 -0.770892
-1.89635 0.692057 -0.08067 -1.57068
-5.36504 -5.9864 8.43337 -4.55558
1.01293 1.65963 -3.00553 2.13345
2.35272 -0.928432 2.52502 1.07422
1.22916 0.094703 0.10179 1.11124
1.51185 0.919096 -1.54084 1.1164
-0.681124 0.822326 -1.8621 -1.36864
3.15887 -0.910206 0.654158 1.74191
2.44813 -7.0259 4.66771 4.52929
0.392283 -1.38586 4.61763 0.068928
0.505038 1.17024 -1.2343 0.507401
-1.18185 0.088627 0.483539 -1.51077
-0.047626 1.23303 -2.17018 0.741213
-3.87567 1.40918 -2.15383 -3.54502
0.812179 0.682944 -0.966603 1.22153
-1.51098 -1.4853 1.56796 -1.87463
1.14233 -0.417068 0.963561 1.80456
1.71458 0.193987 -0.631636 1.0795
-0.249066 -1.29568 1.35954 -0.721384
1.02525 -0.687 0.886778 0.822535
0.918878 -0.614411 1.61607 1.382
-1.18813 0.386997 -0.330205 -1.01431
2.80961 5.3325 -3.66801 1.80893
-0.513821 -1.4368 1.66215 -0.348631
0.792744 0.747661 -1.58186 1.22655
2.33853 -0.853091 3.19594 5.5916
-1.25645 -0.49708 1.84573 -1.46466
-0.973595 0.888584 -3.27997 -1.03284
0.868308 -0.698416 0.909178 1.05215
1.48525 0.267201 -0.47567 1.54832
1.29737 -0.118008 -0.203234 1.22386
11.5261 -143.618 222.217 -14.5158
0.32555 -1.4117 5.24336 0.053788
1.6218 4.57889 -0.987052 0.961514
-0.637862 -1.17065 1.41285 -0.370232
1.08585 0.144203 -0.074521 1.25674
-1.33289 0.40531 -0.509937 -1.2079
-0.291354 1.33875 -1.68698 -0.090882
0.618894 -0.843018 4.07424 3.16857
1.85529 1.32026 -2.30007 2.28433
-0.76722 -0.823533 0.784014 -1.19186
1.11952 -0.406975 0.464095 1.1481
3.24713 0.097584 -0.436767 1.41707
0.176348 -1.28734 1.93456 0.098282
1.49203 1.02567 -2.30615 0.648691
-3.8661 -1.81797 2.69592 -4.6963
5.78414 -0.146698 1.23259 5.66183
0.360059 -1.08412 3.95327 2.99222
-2.67499 3.3349 -4.16191 0.134316
-0.730291 -0.993829 0.887437 -0.924502
-1.32968 0.159254 -0.028261 -1.06427
1.29804 -0.371614 0.578295 1.10577
0.857223 -1.07836 0.712839 0.945425
0.896953 -0.646543 3.30687 2.49888
0.480621 -1.67409 1.24391 0.182381
0.020415 1.44087 -2.06273 0.104161
-4.77135 1.79808 -6.83775 -14.9445
-1.09841 0.4421 -0.487951 -0.974935
0.317651 2.0967 -7.55816 -0.169537
2.50711 -0.802807 1.60373 1.92399
12.6535 -4.53797 5.29797 7.59181
3.79748 -0.790463 1.6993 1.60847
-0.253374 1.50003 -2.95469 0.460024
5.51225 9.29264 -10.543 5.71333
-1.69227 0.676925 0.400798 -2.9068
-0.125313 -1.0564 1.28726 -0.236057
2.1825 -0.285748 -0.431826 1.29684
0.892179 -0.731945 1.11403 2.56526
0.775957 -0.961885 2.24987 0.77064
-2.44339 -1.00471 2.12912 -0.812547
3.88584 -1.30419 5.97335 10.4751
65.2899 63.6858 -83.1586 54.284
-0.283237 2.81488 -4.14041 0.031866
0.902484 0.59913 -1.20508 1.2559
4.02475 -1.48194 5.40193 3.16248
-0.829016 -0.618002 0.769006 -1.00568
2.17799 0.717076 -1.58134 1.3503
-1.26131 0.683821 -0.551864 -1.30197
-1.0247 -0.312563 0.541059 -1.57386
0.472821 0.993616 -4.7002 1.42304
0.921644 0.600451 -1.04079 1.43553
2.01839 -0.640666 -0.536963 2.16155
0.211493 -1.10108 1.05009 0.200836
-2.48252 1.512 -2.96154 -0.705501
0.71155 -1.37848 1.62779 0.347083
-0.691992 0.814548 -0.986365 -0.81277
-5.11764 -1.742 4.91938 -1.0246
8.40274 7.09528 -11.2742 11.6907
0.972827 -0.653302 3.17006 2.44395
-10.3455 4.66055 -4.39987 -8.77791
1.44673 -0.72261 1.81299 1.4803
2.68216 0.522863 -2.71959 3.32528
0.874125 -0.67842 1.11762 1.04337
-0.124047 1.30726 -1.3486 0.076089
-0.221373 1.55184 -1.12783 -0.044141
-8.67307 -0.493786 1.99056 -8.04847
-0.445125 2.72147 -2.16494 -0.083257
0.765562 -1.017 4.43309 3.45511
-0.847525 -0.755883 0.903093 -0.769054
0.643892 1.45492 -4.42097 1.26575
-2.75469 -0.341297 0.699139 -4.01914
0.372018 1.0028 -1.55722 0.494588
-0.352451 1.31915 -1.46737 0.128323
-1.36558 0.429776 -0.785916 -1.51099
-1.1041 0.382554 -0.65422 -1.26573
1.43132 -0.223623 0.196421 1.05302
0.733927 -1.08523 0.95332 1.04628
-0.508802 0.97395 -1.47082 -0.57002
-0.2734 1.77017 -1.80403 -0.008889
-0.356938 1.06307 -2.25596 -0.127783
1.37443 0.676243 -1.16462 1.20999
-2.74605 -4.21301 7.81841 -3.76066
-0.08654 -1.34311 3.68178 -0.378831
1.40359 -0.7082 0.550288 1.22493
-3.9938 1.43955 -3.27196 -6.04293
-0.568951 1.0227 -1.68381 -0.500085
-0.941306 0.544512 -0.673635 -0.982023
0.539577 -0.895019 3.60273 2.81866
-2.18839 0.634801 -0.668983 -1.49543
-0.893122 -1.16031 1.61118 -2.67839
-0.337068 1.99025 -1.60476 0.06862
-0.697184 -1.2554 2.14162 -0.77887
-2.56123 0.86288 -0.758387 -1.77625
-0.229863 -1.36255 1.64255 0.599499
1.18294 -0.436623 0.49742 1.12717
-1.52297 -1.06675 -0.78712 -3.55106
0.453735 -1.02578 2.54004 1.95602
1.23247 -0.241145 0.486709 1.14718
0.973761 -0.435089 0.71533 1.20376
-2.86164 -3.27231 6.24091 -3.47108
1.7617 -0.335668 0.020562 1.20961
-2.5422 -0.344171 0.091605 -2.01116
-0.104671 -1.35577 1.68268 -0.144105
0.707192 -1.53253 1.32235 0.341548
-0.994728 -0.559055 0.676971 -1.27845
-0.635055 -0.9212 0.900373 -0.732255
-1.37599 -0.793444 1.60626 -1.08245
-0.700426 -1.43173 1.75496 -0.390592
14.7338 -4.76593 15.9189 28.0592
-1.7875 2.58398 -3.02212 -1.20256
0.684558 1.00428 -1.87592 0.686556
-2.35683 3.47323 -3.53938 -1.55331
0.971018 1.3808 -1.12168 0.313983
0.924805 0.735285 -0.822363 1.02287
-1.09737 0.726955 -0.378363 -1.1351
1.38364 0.519146 -1.25194 1.15671
0.09292 -1.30516 1.3511 -0.106209
-0.452583 -1.07055 1.73705 -0.513641
-1.24452 1.0981 -1.2143 -0.980789
2.25945 1.31537 -1.71652 2.74249
1.22807 -0.949986 2.52292 5.77824
0.507994 1.09494 -1.42309 0.431775
2.3269 -1.57713 2.55094 1.95908
1.30975 -1.05842 1.20701 0.936347
0.244748 -1.26392 2.60877 0.572816
1.60155 -0.736586 0.509179 1.68723
-0.78906 0.790174 -0.991088 -0.70469
1.12579 -0.892634 1.0637 0.735804
1.05302 0.470977 -0.387247 1.66463
1.82011 -0.672344 0.800888 1.63709
0.791057 -1.08663 2.75231 0.962931
-1.37205 0.638394 -0.850668 -1.5296
1.26534 0.892605 -2.01011 1.65055
-0.574353 0.911112 -3.78156 -2.93796
0.462613 1.05955 -1.0238 0.533218
-0.720117 -1.24723 2.31468 -0.924803
0.982322 -1.54269 4.08537 1.20209
1.67439 -0.655674 0.90551 1.38074
-1.42084 -1.66616 1.30062 -1.5907
1.09882 2.16148 -0.787615 1.4983
-1.74256 3.2348 -1.92271 -1.90124
-0.499821 -1.393 1.20266 -0.526971
-1.91407 0.934472 -1.41738 -1.06963
-3.61276 -0.820065 3.42911 -1.69825
-0.820911 0.715017 -0.93692 -0.836752
-0.821961 0.996831 -3.83019 -0.694752
-1.96021 1.68287 -2.50995 -2.12936
1.02156 0.448799 -0.585817 1.06789
1.22698 -1.31806 0.732698 1.58897
-1.60602 0.965885 -1.10913 -1.80086
0.426295 1.00283 -2.40486 0.649862
0.32476 -2.13683 3.07569 0.039978
-0.753437 0.970911 -1.61127 -0.430412
-0.257586 -1.59155 1.42303 -0.220701
-0.720463 0.809422 -1.09783 -0.751811
1.019 0.660997 -0.924624 0.823818
0.374292 1.55031 -1.49909 -0.321085
-1.43276 0.042706 0.617343 -1.3162
-0.727943 1.17366 -2.30104 0.030386
0.363506 2.30412 -1.98484 0.368802
0.316453 1.04355 -1.81994 0.531554
-2.32436 0.710601 -1.21217 -1.82609
-1.3548 0.456753 -0.741456 -1.38345
-0.543552 -1.23021 1.35413 -0.108772
0.298991 -1.08668 1.08668 0.298991
-3.7951 -0.283383 3.17401 -3.32555
-0.664627 -0.9321 1.77884 -0.570612
0.712433 -0.788026 1.13914 0.832123
1.60633 0.435459 -0.443019 2.1827
-0.428972 -1.2188 2.28271 0.343976
-4.32734 -0.621312 1.88959 -4.45992
0.340658 1.24885 -1.38585 0.252344
1.30305 -0.099063 -0.569436 1.5542
-2.0371 0.812681 -1.6311 -1.88053
-1.96686 0.740706 -0.760831 -1.94265
-2.06436 0.511722 0.11666 -2.24881
-0.252359 -8.3555 8.3555 -0.252359
6.0205 14.0752 -2.57304 2.28664
-0.252335 1.01523 -1.71497 -0.362704
-0.2577 -1.14393 1.83909 0.200879
1.80965 -0.73426 2.19528 0.8978
2.34897 0.820962 -0.317893 1.23191
-0.074008 -1.15555 1.15555 -0.074008
-18.3959 -5.31929 12.4506 -38.2573
1.0068 0.63482 -1.7883 1.84165
-1.47299 1.74372 -2.91367 0.147853
3.58208 0.092792 -0.728796 2.91791
1.6645 -0.347178 2.02835 4.60149
-0.995531 -0.867996 2.59896 -0.831653
-0.961057 -2.01383 2.9933 -0.558613
1.10048 1.08325 -0.93106 0.941407
-1.25981 0.550451 0.477495 -2.74575
-0.642776 -2.67366 2.31797 -1.33599
-1.14374 1.25154 -2.2338 -0.945805
-6.91081 2.72433 -4.63445 -8.92499
2.49475 7.51083 -10.3045 2.67517
1.12382 0.930395 -1.21082 0.81084
-1.33866 0.108375 -0.471264 -1.11312
0.406886 1.02831 -1.27145 0.388016
1.79603 -1.85432 0.803512 3.02442
-0.90212 1.21914 -2.50323 -0.482385
1.28789 -0.207679 -0.10688 1.18164
1.59356 -0.840228 0.880059 1.44758
-1.96352 0.70958 -0.702942 -1.28683
0.940464 0.6171 -0.750244 0.88162
1.96778 -0.084726 -0.208757 1.81248
1.12866 -0.398525 0.524776 1.09315
1.24456 -0.982378 2.70594 1.13663
3.85313 -2.12643 3.9602 1.87384
-0.150368 -1.11229 2.90203 0.530375
-0.637829 1.36762 -2.42365 0.010125
0.672476 -0.85783 1.0278 0.643322
-2.16197 0.471123 -0.153707 -2.12489
-0.94395 0.494964 -0.597021 -1.10831
0.846678 1.07934 -1.87849 0.762558
-2.90805 -0.710509 1.18449 -2.8613
-0.448671 1.62099 -3.05057 0.283777
-1.3492 0.556575 -0.449988 -0.972201
1.74559 -0.163586 0.471556 1.29788
-0.017843 -1.22482 1.95054 -0.570137
-0.382831 1.30538 -1.43479 -0.442619
0.536717 -0.953878 0.931607 0.552931
0.670346 -0.905158 0.877834 0.623947
0.794371 0.744019 -0.847463 0.817285
-9.1385 -20.9072 49.9885 -14.3472
-1.16513 0.436345 -0.657687 -0.979375
1.83548 -0.909964 -0.539178 2.20112
-0.408927 1.08023 -1.50382 -0.125836
-0.015081 -1.07692 1.55647 -0.271688
-1.56355 1.07807 -3.57881 -0.851912
3.97356 -0.994597 -4.52847 4.86593
-0.353768 1.05568 -1.07507 -0.30941
1.41315 -0.391522 0.697844 1.04456
0.634661 1.02795 -1.73071 0.584577
-2.46814 -1.45719 3.33911 -1.62731
1.15433 -0.036846 -0.351626 1.46096
-0.204181 1.487 -1.3603 0.023468
-0.31712 -1.27665 1.37302 -0.153698
0.462742 0.984884 -1.74631 0.611863
0.427338 -1.64382 1.09018 1.20792
-1.8239 0.246365 -0.145875 -1.28782
-0.638004 -1.28142 2.38325 -0.588364
-0.07447 -1.07839 1.42408 -0.247671
13.2547 25.756 -37.264 14.4692
-2.11862 0.707367 -1.1724 -1.92623
-0.715528 0.778751 -3.44755 -2.68932
3.35595 -0.730683 0.224476 1.83847
0.624321 -0.942998 3.21185 2.52015
4.84214 -0.624417 -7.48848 8.43312
0.71781 -0.823644 4.12445 3.24843
0.770431 -0.771169 0.759896 0.748285
1.89073 -0.780398 2.17033 4.01089
-0.726612 -0.768158 0.933148 -0.786829
2.05031 -1.00798 1.21434 2.13263
0.226539 1.03684 -4.08236 1.27478
1.6243 -0.222435 -0.166465 1.13075
0.030126 1.1493 -2.64186 0.819339
-12.9871 5.01853 -4.94842 -11.0552
1.82409 -0.388664 0.414707 1.68441
-0.540935 -0.95044 1.06764 -0.540096
-0.105041 -1.34114 1.42853 -0.273851
-0.382254 -1.00098 1.28483 -0.441697
1.96105 -0.714096 -1.25699 2.22314
0.767105 -0.758018 1.4284 1.19015
0.328838 -1.14883 4.38097 0.068746
-4.2394 2.29385 -2.29385 -4.2394
-0.884678 -0.647192 0.770801 -0.837342
-0.454149 -0.99863 1.1599 -0.385217
-0.233216 2.51832 -3.33205 -0.020253
-0.232528 1.1182 -1.51634 0.002478
-0.779252 0.803173 -1.06402 -0.728427
0.599934 1.34951 -2.08834 0.482707
-1.14414 0.70327 -0.869534 -1.30056
-3.14363 0.81501 -0.523815 -1.41441
0.283507 -1.27745 1.52837 0.015751
1.64062 -0.514184 0.356671 0.999385
0.37818 1.18737 -1.18737 0.37818
-0.813809 0.701596 -0.895146 -0.829835
-1.61493 -0.107737 0.28986 -1.63463
-0.155498 1.68337 -2.1278 0.03035
0.782058 -0.745804 3.74084 2.84932
-1.4177 -0.042601 0.15616 -1.48032
-0.649106 0.936945 -3.31054 -0.726841
-0.28989 -1.04347 1.04347 -0.28989
1.24545 -1.04781 2.33343 1.01743
0.056057 -1.30057 1.72254 -0.350254
-1.01652 -1.07277 2.53583 -1.07318
-3.87615 1.07887 -0.954668 -1.78607
-0.232778 1.34982 -1.79988 -0.101555
-0.521578 4.14145 -1.31226 0.49051
-0.66124 -1.33587 2.50039 -0.705277
-0.470779 1.09106 -1.43429 -0.120668
0.452692 -2.17215 2.11962 0.137464
-1.60747 1.63809 -1.52826 -0.829074
1.15293 -0.264248 0.646622 1.26889
-0.09777 1.06168 -1.58209 0.033715
-0.907206 -1.57606 5.7693 0.792608
1.35194 0.058495 -0.279852 1.118
-0.97388 -0.705273 0.816295 -0.807961
-0.408518 2.00247 -1.53562 -0.032523
-4.96257 0.726787 -0.428654 -1.74021
-6.24251 1.26611 -5.80435 -13.2052
0.953756 -1.08155 1.32434 0.396015
0.166988 1.05483 -1.45787 0.265096
-1.39254 -0.318674 0.53147 -1.7246
-1.25933 1.26356 -2.70449 -0.040222
1.09531 0.190817 -0.375509 1.15003
-1.06506 0.930132 -0.863331 -1.49957
-3.17135 1.46145 0.042349 -2.2738
-0.734273 -0.913717 1.50662 -0.692217
0.584497 1.19404 -2.18472 -0.204649
-3.20845 -6.80891 11.218 -5.83961
-0.150572 -1.12533 1.06049 -0.162732
4.5454 0.454536 -1.21078 3.35303
1.92 -0.892769 2.61092 0.93415
1.1398 0.076231 -0.230131 1.12719
-0.225214 -1.49284 2.53674 -0.071911
-0.574663 1.0226 -1.0226 -0.574663
-1.61093 -1.70021 -0.106615 -2.12145
0.988644 -0.389691 0.387567 1.01195
0.41065 1.22002 -3.12092 -0.271989
-0.18842 2.34216 -2.15882 0.260516
-0.019942 -1.11142 2.44991 0.03622
-0.403007 -1.02146 1.04658 -0.35
-0.496829 0.969354 -1.10859 -0.584236
0.772881 -0.763833 1.12778 0.810948
1.11588 0.729475 -2.15619 1.98647
-0.217423 -1.05511 2.43266 -0.561005
-0.372911 -1.07307 1.97924 -0.613487
0.6534 1.34869 -2.7073 0.787608
-1.71421 -0.048271 0.555862 -1.90648
-0.103736 -1.74409 1.63672 -1.08346
0.83658 -0.709152 1.73288 1.39854
0.080531 -1.67219 2.22718 -0.285507
0.491088 -3.09752 2.78727 0.559649
-2.58898 1.53379 -9.85604 -6.59591
1.0782 -0.27957 0.361685 1.24669
-2.87697 -5.35341 23.617 0.297019
-0.191456 1.20074 -1.74515 0.086909
-0.81026 0.944148 -0.952117 -1.36138
-2.18143 0.686331 -1.3335 -1.97635
7.82245 -10.049 6.36926 8.10504
-0.319929 -1.18621 2.72375 0.248246
0.909125 -0.608294 0.868242 0.9232
6.04725 -2.77109 3.44199 5.8319
-2.57131 -4.38184 6.61016 -5.27253
1.8474 2.18106 -3.89983 0.21982
-0.359696 1.33977 -2.08423 0.079176
0.276085 -1.80163 1.39745 -0.147816
-1.18803 -0.694338 2.17177 -0.930059
0.228975 -3.27817 3.66573 -0.17076
1.00907 -0.410968 0.487077 1.01942
0.110224 -1.08086 1.37957 -0.100244
-5.00239 -5.9803 8.75867 -4.23491
0.533683 -1.32674 1.30911 2.1876
-2.69053 0.161964 0.140112 -1.25493
-0.195847 -1.04469 1.73922 -0.50128
-0.300186 -1.32073 2.78222 -1.27014
-0.206529 1.14428 -1.58469 0.179907
1.60255 -0.440264 1.72142 2.9283
-0.515341 2.12619 -2.64792 -0.207807
-0.499424 -1.06994 1.77446 -0.503635
-1.2509 0.085765 0.37038 -1.79433
2.18324 0.319582 -0.385614 2.22246
0.179862 -1.37027 1.93647 -0.23152
-0.599979 -1.10306 1.37591 -0.441648
1.27439 -0.291005 0.705787 1.1494
2.06277 1.79551 -3.65869 1.6263
0.190589 1.1478 -1.82171 0.355335
-0.424065 -1.0565 1.24594 -0.420921
0.740935 -0.786737 3.40328 2.66624
-6.01853 -6.44252 20.1762 0.067681
1.40486 -0.056703 -0.021228 1.09277
2.32359 -5.9881 4.3652 4.60976
0.240813 -1.17285 1.47728 0.121527
-1.61353 0.423859 -0.653424 -0.989962
5.20268 9.09562 -21.0003 6.63132
-0.666257 1.13053 -2.53422 -0.904922
2.12442 1.30595 -2.06102 1.53743
0.914083 0.928931 -1.05303 0.650348
-0.504091 -1.42865 3.11668 -0.499825
-1.04038 0.537023 -0.704347 -0.983151
-2.30681 1.29471 -0.894194 -2.40287
5.36295 -1.2181 -4.56129 6.80689
0.561828 1.18296 -1.68612 0.54261
0.272787 1.48559 -1.37703 -0.143626
-0.158246 2.33575 -3.35622 -0.004578
0.261768 1.47716 -2.69649 -0.526701
-0.735758 0.790792 -3.4044 -2.66505
-1.10802 1.07852 -1.02677 -0.937489
-9.16437 -4.4684 7.06555 -21.9225
1.36818 0.434914 -0.727243 1.29266
0.566505 0.962991 -1.36271 0.516487
-2.55733 0.851011 -0.778671 -1.68049
-0.066804 1.21195 -1.54872 -0.196677
-0.678651 0.808907 -1.0582 -0.75365
-0.624522 1.72061 -1.9443 0.883383
-1.24247 0.044256 0.087417 -1.58923
-0.320115 -2.47389 2.22752 -1.2272
-1.17716 -0.218402 0.1343 -1.4287
-1.00325 0.959611 -2.59402 -0.627652
0.352705 -1.84696 1.64836 0.009095
-2.60279 1.62969 -4.45335 -7.64691
0.046574 -1.86491 2.7829 -0.141866
-3.72608 0.340866 0.606663 -2.40583
-0.739105 0.744207 -3.04667 -2.37808
-0.10555 1.16391 -2.4797 0.525051
0.066814 -1.55048 1.14937 -0.432136
0.843328 2.52766 -2.61409 0.795165
1.64386 0.510024 -0.577981 1.86151
0.781123 -0.754614 4.03119 3.13055
-0.782501 0.774392 -1.31936 -0.979619
1.36622 -0.284365 0.828416 1.36692
-35.8896 -5.02667 6.2838 -33.5608
0.714676 1.2179 -1.39615 0.401935
-1.20621 0.491682 -0.55807 -0.994104
-0.507298 0.975709 -1.02587 -0.513802
-0.716811 1.09307 -1.62015 -0.238131
0.709145 1.44987 -1.7002 2.53337
-0.732561 -0.773964 0.940619 -0.853888
0.074137 -1.11867 1.28116 -0.13988
2.02221 -0.438177 0.834808 1.96994
1.16673 -4.1119 5.46021 1.28422
0.931992 -0.632104 2.24871 1.81887
0.521421 0.910811 -1.07992 0.598056
-0.930952 -1.10445 2.0393 -1.18436
7.17133 8.91176 -10.0107 9.86565
3.66493 -2.23915 2.23915 3.66493
-0.829082 -1.83957 1.83181 -0.889462
-2.46475 1.19513 -5.43331 -9.65975
-0.36974 -1.25425 3.53561 -0.818386
-0.156843 -1.25274 1.23634 0.198853
1.01168 0.638957 -1.08 0.983615
0.153607 -1.09971 3.3015 0.404233
-2.26352 2.40314 -3.29383 -0.257245
0.898666 4.64352 -5.61323 1.07499
-0.384514 -1.19837 1.75969 0.100188
0.664546 -0.817951 3.97287 3.11306
1.47705 -0.278829 -0.372044 2.13786
0.796356 1.2168 -1.95273 0.542343
0.546932 1.44227 -1.46937 0.483161
-0.434138 -1.049 1.20017 -0.258759
2.49369 -1.04627 2.32763 3.18808
0.814864 -0.769827 3.91805 3.05489
0.494539 1.10815 -1.43958 0.39771
-0.553666 -1.10237 1.42707 -0.419001
1.17463 -1.40366 1.86374 1.29566
-0.5763 1.253 -1.86274 -0.304761
0.925016 -0.87568 4.58871 1.3191
-0.987477 -0.637835 0.835622 -1.7857
-0.365823 1.22976 -1.4542 0.147383
0.235137 -1.92141 2.12546 0.86376
-1.12973 -0.892145 1.72033 -0.901743
1.64489 -0.32677 -0.229943 1.95809
1.27558 -0.597409 1.05338 1.41346
1.95395 -0.588098 0.701501 1.18376
0.273061 -3.07935 4.61021 -0.077971
4.65891 -0.664179 -5.46979 7.01739
0.331092 1.01594 -1.88225 0.854605
-0.419064 1.31241 -3.85018 -0.054195
0.926889 -0.943491 0.736093 0.755553
-0.624439 0.912898 -4.16259 -3.24211
-1.30386 -0.19176 0.531669 -1.09689
1.22538 0.130321 -0.223166 1.5845
-0.851761 -0.652284 0.814762 -1.20301
1.10256 -0.286435 0.524844 1.25542
-0.535922 -0.975216 1.4374 -0.547104
13.0636 -49.657 25.2955 1.12066
3.51352 -0.738775 0.021102 1.82139
-3.8769 0.585131 0.206536 -2.55491
0.520041 -1.41251 5.44345 -1.33189
0.770133 1.04605 -1.68784 0.634623
8.05015 -3.76859 3.91639 7.36739
10.9983 46.2687 -74.7296 -5.96475
-0.699324 0.826535 -2.65011 -2.06055
-0.294653 1.30951 -1.30413 -0.194957
-0.927813 0.562467 -0.727499 -1.27253
1.74941 -0.786139 0.300675 1.28696
0.769825 -0.715659 3.24068 2.50642
0.468917 -0.975921 3.34413 2.59369
1.44435 -0.636598 0.536157 1.10566
-0.199592 1.0985 -1.10654 -0.156078
1.05502 -1.32104 1.13083 0.587207
0.784173 -0.883944 2.29692 1.04309
-1.24739 0.455897 -0.916853 -1.08389
-0.218244 -1.04776 1.19284 -0.221161
1.00373 0.819707 -1.132 1.2174
-0.468617 -1.43168 1.30176 -0.290582
0.084048 -1.2914 1.46644 0.17652
-0.991687 -0.67932 0.415621 -1.49106
0.702713 -1.56382 1.89431 0.116888
-0.543008 -1.15699 1.61878 -0.158126
0.209059 -1.08107 1.56283 -0.099467
0.605982 -0.883112 3.02541 2.37631
-2.29532 0.626907 -0.34812 -1.13951
-0.979375 -0.579748 0.621825 -1.19011
-1.59858 0.466623 -0.280931 -1.12669
-0.143287 1.08632 -1.83302 0.220873
0.891441 -1.56149 3.8676 -0.032482
0.799401 -0.716285 2.6519 2.05849
-0.203392 -1.24518 1.21523 -0.449517
-0.360267 1.26373 -1.41889 0.130334
-1.13563 -0.222397 0.547822 -1.41921
-1.06698 0.0253 0.169575 -1.52795
-2.03612 0.225286 -2.07249 -1.44881
-0.644662 1.36663 -2.63402 -0.086981
-1.38466 0.481828 -0.688513 -1.57379
1.21303 0.33847 -1.14496 1.32029
0.440279 -1.00686 1.82786 0.624426
-1.24777 0.845781 -1.01452 -0.773373
-1.27058 1.18126 -1.63556 -0.395463
-0.195094 -1.08002 1.82544 -0.301779
-0.150167 1.15086 -1.99509 0.221264
-0.557819 -1.01101 1.48148 -0.442194
1.32143 0.312667 -0.441906 1.16114
3.80664 -0.95272 0.649305 1.38773
-2.69067 0.815986 -0.754622 -1.2637
-1.08089 -0.430679 0.306816 -1.32134
2.88399 0.070291 -0.260566 2.00171
-1.18003 0.391521 -0.282566 -1.03526
-1.85244 0.616834 -1.04695 -1.82949
-2.15668 0.064596 -2.02383 -1.60663
-2.36863 0.268749 -0.090012 -1.27266
-0.38257 1.37913 -1.38088 -0.514042
0.846298 -2.42746 3.301 1.57279
-1.11406 0.651856 -0.871257 -1.02329
-3.34556 0.708494 -2.21528 -3.76074
-2.16323 0.92886 -0.92886 -2.16323
-1.01344 0.934414 -1.14113 -1.32794
0.569135 -3.63456 4.61025 -0.39039
1.14588 0.228094 -0.390144 1.28442
-0.048525 -1.1241 1.40028 -0.228375
-0.710614 -1.3868 1.78677 -0.503826
-1.10119 0.334016 -0.273889 -0.999925
2.27126 -0.054605 0.551817 2.12076
0.868089 -0.743558 0.880912 0.772954
-0.464816 -1.09964 2.79525 -0.461968
0.119236 1.55795 -1.9348 -0.082352
-1.09081 0.090426 0.123696 -1.59043
0.258761 -1.15204 1.90987 0.300969
3.8701 -4.50111 5.7704 0.080569
0.254926 -1.51548 1.64513 -0.284395
1.18645 -0.295603 0.387198 1.05706
-0.966689 0.777111 -0.864346 -0.731319
-1.74519 0.513666 -0.46223 -1.33882
0.745683 -1.45603 1.82756 0.417251
1.08768 -0.211618 0.405978 1.10755
-0.787767 1.58202 -2.2707 0.736227
0.780078 1.23977 -2.35499 -0.229844
1.19152 0.344314 -2.49626 3.4548
2.67034 2.98334 -6.1377 1.34881
1.32746 -1.42068 2.02286 1.48134
1.56027 -0.472079 0.217865 1.16745
1.33036 -0.576245 0.757104 1.02894
-0.884531 -0.706505 0.839298 -0.785527
-0.753414 0.85041 -1.12701 -0.783456
0.142849 1.28182 -1.80087 0.023114
-0.249685 -1.09795 2.40594 0.217048
-0.843188 0.685614 -1.14679 -1.02437
-0.095836 5.34823 -20.8468 -0.270384
-1.37907 0.353184 -1.17148 -1.16993
1.28154 -0.474658 0.907281 1.00195
-0.732908 0.838794 -0.852152 -0.667656
2.20114 -0.804639 2.08564 0.677879
1.28536 -0.320337 0.752232 1.23313
-0.536232 2.62609 -1.63514 -0.41404
1.24495 0.127901 -0.016567 1.22359
-0.122275 -1.22726 3.61387 -0.385452
-0.400597 1.85847 -1.4127 0.000208
1.09935 -0.002829 -0.204896 1.41167
2.35362 -0.185416 -0.454939 2.7316
1.46394 1.51712 -1.62517 1.82064
1.07475 -3.88079 2.92681 0.827239
0.020147 -1.05735 1.05735 0.020147
-0.809314 1.34915 -2.17055 -0.31302
0.700158 -0.855371 0.849515 0.629932
-0.815132 -0.835281 1.01913 -0.6689
4.68015 -1.77866 -3.21829 3.67122
-0.096854 1.07639 -1.84055 -0.20666
-0.176653 -1.60696 1.36742 -0.66878
-0.171199 -2.30381 3.50835 -0.275786
-1.4744 0.850442 -1.43686 -1.03728
0.955775 0.465751 -0.513295 0.939849
-0.086913 -1.34259 2.0901 -0.100428
-4.50111 1.3435 -1.21196 -2.45463
-0.578368 0.904531 -3.43174 -2.64806
0.725291 1.41096 -3.01177 -0.496516
-0.144587 1.23735 -1.40059 0.038094
-1.13332 0.028488 0.562747 -3.38576
-1.17394 -0.318743 0.400366 -1.12805
0.666652 -0.889274 0.81544 0.700839
2.96993 0.062129 0.438958 1.88278
0.246196 1.42887 -3.05627 0.695855
-0.175263 1.2388 -1.55638 0.0013
1.9592 -0.822365 0.728164 1.36729
-0.625155 -1.22937 1.40773 -0.372142
-0.357959 -1.00221 1.04845 -0.389804
-1.14772 0.373213 -0.60621 -1.50092
-0.965669 0.657049 -0.877704 -0.968544
-0.696242 -0.836058 0.790325 -0.763539
0.58785 -1.41286 1.70077 0.44831
0.310208 -2.10025 2.7758 0.080816
0.664207 1.24027 -1.24723 0.350612
0.740673 -0.757709 3.44934 2.69992
0.726497 -0.915402 0.898741 0.644398
-1.4577 -2.03578 4.41353 -1.67246
0.961409 0.601198 -0.987112 1.20047
0.456657 -1.50808 2.10704 -0.424828
-0.991987 0.366766 -0.902295 -1.93798
0.922609 -0.621808 1.66317 1.41077
-0.894291 -0.608194 0.70623 -0.916227
1.72583 -0.577233 0.600336 1.25937
0.38606 1.26674 -1.6319 0.45688
0.303658 1.08016 -2.10321 0.713317
-1.13487 -1.19364 2.1315 -0.944531
0.719703 -0.800199 0.889173 0.707328
-0.400085 -1.05728 1.0341 -0.325866
-0.009001 1.11193 -1.08233 -0.056853
0.223305 -1.85929 1.99643 -0.405959
0.199944 -3.77752 4.64592 0.151513
1.99284 0.226933 -1.05806 1.38005
-0.331283 -3.18249 3.17891 -0.350283
-1.44395 0.28815 -0.962479 -1.20715
-2.82555 1.18991 -1.63637 -2.11315
0.164974 1.08406 -3.09962 1.02596
-0.097273 2.10802 -1.53381 0.599348
-0.602096 -0.91546 1.22454 -1.18056
-1.46501 -0.527101 0.558637 -2.80312
1.33906 0.622417 -0.96405 5.77197
-0.588366 -1.31279 1.91817 0.194122
-1.39196 -1.97999 1.53314 -2.6867
-1.46367 0.714701 -0.728679 -1.30378
-3.56545 1.14659 -0.95093 -1.57335
-0.371594 -1.0406 1.7564 -0.390445
0.149529 1.20288 -1.52431 0.316475
-0.273738 -1.03905 3.06255 -0.710102
0.235568 -1.2754 5.45011 0.037467
0.927735 -0.69709 1.5505 3.59842
-2.33932 0.618445 1.94435 -2.21754
-0.389672 2.20587 -2.9083 -0.227822
-1.12886 -0.169247 0.22626 -1.03505
0.762775 -1.93638 2.7349 1.05268
-5.32229 1.24627 -3.57147 -7.11327
-0.23511 1.10227 -1.10227 -0.23511
-1.38575 0.034181 0.189151 -1.54556
0.689964 -1.08126 1.28489 0.429629
1.53896 -0.160868 -0.055027 1.21223
-1.78297 -5.48373 8.21022 -2.32383
0.866286 0.85195 -1.31585 0.927354
0.752993 0.785545 -0.903767 1.05821
-1.18318 0.385514 0.123379 -1.64297
0.739181 -1.19488 0.863688 1.03356
1.38153 0.215726 -0.362033 1.37146
-0.198537 1.18611 -1.65981 0.116542
-1.52152 0.666577 -0.67626 -1.22541
-1.48379 -0.109348 0.369621 -1.56615
-0.631187 1.51033 -2.50814 -0.02917
3.79097 -0.992069 0.838721 1.99836
-2.16498 -0.895779 1.42008 -1.75093
11.1361 -4.72218 5.43943 11.0237
-1.22129 -0.415772 2.18896 -1.90095
-0.886706 0.666174 -1.03255 -0.951156
0.242872 1.88091 -1.13766 -0.022949
-0.137856 1.32358 -1.71663 0.045171
-4.29234 1.59432 -1.66335 -3.43404
1.50763 -0.385181 0.943395 2.2124
0.403363 -1.22938 4.03418 0.483034
1.37626 1.25328 -2.83756 1.0653
0.352343 1.05109 -1.97079 0.543391
-0.946633 -0.6061 0.594189 -0.90603
0.578738 1.24562 -1.26827 0.455578
-0.079863 1.16964 -1.44693 -0.562231
-1.08186 0.673346 -0.702005 -1.43003
-0.393551 -1.11235 2.26296 -0.384554
-0.786121 -0.770599 0.964444 -0.779057
2.86665 0.029244 -1.80754 2.15125
0.644187 -0.990739 0.847983 0.723918
-0.132116 -1.1391 3.84356 0.651841
1.32287 -0.47005 0.88194 1.61726
-1.09786 0.518912 -0.484269 -0.943213
-0.227362 2.22608 -1.64433 1.69516
-3.63213 -0.294153 -4.27625 -8.06156
0.478291 -0.960393 1.13535 0.422141
-0.64621 0.814446 -3.9812 -3.11436
0.064102 1.34179 -1.56 1.10732
-0.575246 2.53502 -2.5433 -0.188797
-2.02984 4.20171 -3.53614 -1.29108
-0.509952 -1.02026 1.9307 -0.560749
10.0972 -4.04101 3.82407 8.49213
0.101213 -1.36802 1.13358 -0.057904
-3.0024 -1.16326 2.6731 -1.61781
0.895875 -2.75063 2.50686 1.13277
0.771701 -0.712421 1.82038 1.43554
1.1141 -1.32836 5.42744 4.25868
1.16617 -0.376006 0.51032 0.970497
-1.79066 -0.61719 0.863746 -2.04412
0.759786 -4.79638 7.17995 -7.06553
0.601811 1.41018 -3.23838 2.02799
0.466967 1.20353 -1.17025 0.396338
0.785485 -1.11089 1.19285 0.425961
-0.607983 -1.05874 2.94049 -0.466369
1.62365 -0.761846 0.930691 1.11296
-0.090778 1.54148 -2.991 0.563047
-0.564211 1.35504 -2.01508 -0.079918
-1.58495 7.21764 -5.52632 -1.22124
-0.43487 -1.11815 1.19465 -0.24419
-0.46467 -1.39442 2.76714 -0.60223
1.34268 -0.158079 0.77649 1.86864
0.473832 -0.968232 1.53346 1.1201
0.7216 1.282 -2.53655 0.06426
-0.95547 -2.58772 4.03835 -0.090922
-0.162117 -1.53982 2.76026 0.481035
-0.321222 -2.40959 2.40959 -0.321222
1.35869 0.37732 -1.73118 1.64985
1.31164 -0.500215 1.04256 1.0355
-1.40433 0.01214 0.353347 -1.72714
1.15616 -0.044692 -0.253725 1.67586
0.404463 -1.33669 1.24329 0.031974
-2.96275 -10.3349 12.8414 -3.81105
0.85692 -0.61597 0.630429 0.844297
-1.81829 -0.082252 -0.236735 -1.76516
0.45981 1.08174 -1.69172 0.517601
1.43801 -0.433615 0.661452 1.17941
0.39489 1.11867 -3.84472 -0.005686
0.766226 1.29171 -3.83246 0.53157
1.70699 -0.502875 2.3076 1.19939
1.35083 -0.345308 0.729351 1.23446
1.15494 -0.116624 -0.186249 1.23484
-0.192074 -2.20987 1.99852 -0.049087
-1.38212 -0.421233 0.534845 -1.87234
0.754074 0.820115 -1.67713 0.857108
-2.44327 0.225536 -0.228482 -1.437
3.89357 -0.779424 1.17222 3.05144
-0.010405 -1.12839 1.12839 -0.010405
0.799896 -0.724121 1.14609 1.23432
0.11576 1.07866 -4.07769 1.28302
1.90017 -1.90449 0.823067 2.74074
-1.05719 0.18568 -0.172198 -1.12178
1.32404 0.028007 -0.262736 1.60475
-1.16832 0.434648 -0.075937 -1.26174
-0.905961 1.18703 -1.32073 -1.14574
-1.11241 -0.102858 0.35735 -1.2749
1.44185 1.98793 -2.60108 0.942809
1.04224 0.356084 -0.649953 1.08533
3.28996 -1.23317 -2.22927 2.58924
0.611674 1.39772 -1.01257 1.69962
-1.11442 -2.44764 4.76171 -0.607335
-0.849376 0.684287 -0.850451 -0.857202
5.04628 -7.97325 13.0513 0.453904
1.36747 0.46791 -1.87653 1.27248
0.653276 0.965489 -1.73763 0.470371
0.523722 0.963745 -1.69942 0.519261
0.422513 -1.72942 1.45243 0.392842
0.764986 1.14131 -1.97797 0.5551
-1.12818 -0.033899 0.42338 -1.49715
0.385475 -1.14545 1.41841 0.218043
0.172619 1.15387 -1.15387 0.172619
0.767584 0.811767 -0.811767 0.767584
-2.45074 1.09163 -3.98422 -1.1832
2.66174 -0.867369 0.855862 1.67188
1.48681 0.140339 0.735 1.48198
1.08399 -0.512548 0.488766 0.949847
-1.28422 0.561935 -0.416394 -1.20938
0.50705 1.09323 -1.42089 0.43119
1.31243 -0.62415 1.45879 1.14008
-2.10872 0.977103 -1.0419 -1.96947
1.05108 -0.232366 0.449763 1.22571
-1.64285 -0.638824 1.06029 -2.02341
-0.644914 1.93461 -1.50228 -0.233598
1.01586 0.580635 -0.70845 0.908662
0.478757 -2.9228 2.79309 0.183564
11.3292 -2.41736 9.29993 20.4924
-1.45767 0.865931 -0.808656 -1.25102
-1.82018 0.835249 -1.17876 -1.81603
-0.413526 0.99164 -1.07448 -0.341499
-6.54557 7.54258 -6.39214 -3.64577
-0.628764 0.848974 -1.14464 -0.785648
-1.65457 0.524489 -0.701921 -1.27709
1.47802 -0.574867 2.51667 1.35643
-4.55638 -4.05287 1.92182 -6.3782
-0.172276 1.30445 -1.19815 0.012531
-0.267591 1.48599 -1.52649 -0.107038
-0.584748 -1.13407 1.0992 -0.476881
1.44475 -0.450335 0.859373 1.22768
1.28306 -0.240174 0.564282 1.31344
0.172843 -1.08787 2.62396 -0.11699
1.66382 -2.8087 2.41727 1.74731
1.51359 -0.038103 -0.810882 4.20336
0.202892 -1.37423 2.12664 0.109242
-2.35807 0.00373 0.89204 -2.32276
0.18029 -1.23986 1.78134 0.200855
0.64416 1.21503 -1.63885 0.452219
-0.174299 -1.04397 1.3394 -0.200507
1.08086 0.229511 -0.229511 1.08086
1.21973 -0.895312 0.759195 1.17085
-3.27663 0.99711 -1.83101 -2.67919
-1.60319 1.1739 -1.27339 -1.12003
-1.07871 1.5636 -2.88259 -0.318207
-0.42338 -1.02548 1.132 -0.374157
1.0437 0.334172 -0.474186 1.08062
-0.012562 1.09058 -1.41833 -0.181498
-0.687231 -0.848902 0.943511 -0.677359
1.68417 -0.157119 0.645555 1.43747
-1.67046 0.796456 -1.82366 -1.84273
-0.006518 1.09627 -1.12046 -0.079418
-0.304646 1.43613 -1.589 -0.651177
0.041519 2.95381 -3.17209 0.101386
2.273 -0.587762 0.608645 1.12733
1.65749 -0.565963 1.08642 2.18393
1.18653 -0.297644 0.700197 1.28697
-0.974345 -0.483279 0.718975 -1.48181
0.922307 0.586067 -1.20784 1.28348
0.001954 -1.29398 1.77726 -0.139406
1.16549 -0.386889 0.269521 1.44948
-0.792413 -1.19514 2.21721 -0.707201
5.22318 -4.12802 3.47909 3.89044
-0.656141 0.85171 -1.72843 -1.28879
2.1302 -0.87535 2.1783 0.815834
-0.320295 1.54383 -1.52723 -0.046633
-0.836289 -1.54013 2.30913 0.154016
-2.20126 1.10147 -1.09798 -2.18645
-0.743604 1.4936 -2.91332 1.05522
1.06775 0.201626 -0.31379 1.3053
0.623714 0.921391 -1.52529 0.528805
-0.392864 -1.04948 1.20891 -0.23805
0.101315 -1.05783 2.36714 0.313041
-0.910101 0.701922 -0.637893 -1.05258
-0.607025 -1.28842 2.80604 -0.572053
0.234424 1.04605 -1.15269 0.174087
0.784609 -1.49639 1.66062 -0.134511
0.135798 -1.11947 2.44504 -0.141143
1.17206 -0.319982 0.812164 1.17442
-1.59663 7.4241 -16.0347 -0.393866
-0.485443 -1.39968 1.41801 -1.07649
1.65221 -0.179164 -2.91411 3.21558
2.37717 -1.34618 1.89875 2.01889
1.00648 2.2916 -4.45915 -0.188806
-2.17296 -1.81594 2.8241 -1.35865
0.058298 -1.09114 1.31553 -0.160708
0.341632 -1.1482 1.59667 -0.098498
-1.87823 0.248659 -0.006891 -2.19033
2.91221 -0.825728 0.778336 1.65698
-0.405098 -1.34818 2.12594 -0.58277
-0.373522 -1.05546 1.11849 -0.324678
-0.659412 -1.25407 1.45141 -0.392839
1.02842 0.360313 -0.457921 1.07175
-0.475644 -1.07249 1.16287 -0.323642
1.87367 -0.84374 1.18673 2.20435
1.65031 -1.31668 4.22213 3.28211
-0.201786 1.08984 -1.32122 -0.042069
1.75833 -0.490887 0.959524 1.73081
1.50564 0.295557 -1.1597 1.22436
0.086195 1.07355 -1.04999 0.102207
-0.330635 1.09684 -1.43371 -0.011067
0.955215 -1.64675 3.2638 0.21588
-1.39238 1.03009 0.316813 -2.24215
0.218708 -1.9805 2.26942 -0.286304
0.009799 -1.13977 1.20087 -0.009927
0.95385 -0.556415 0.556415 0.95385
0.411654 -2.80424 2.27974 0.491545
1.27676 -0.388969 1.17026 1.29109
-2.142 0.709207 -0.789686 -1.57317
1.20394 -0.41484 0.567708 1.00131
0.201218 -2.24333 2.21727 0.050411
0.872402 1.52656 -1.65475 0.811119
0.953617 -1.11204 1.45411 1.04349
-1.40763 -0.252056 0.804878 -1.16246
-1.84072 0.679396 -0.61734 -1.31685
1.85158 -0.517151 0.868484 1.61609
-1.72861 -0.06309 2.11688 -2.52522
-0.238563 1.68932 -1.19763 0.224769
1.02002 -0.378621 0.372885 1.01288
-3.40027 0.995977 -0.960659 -1.83563
-0.713766 -1.41113 1.60212 -0.381531
-0.410509 2.87025 -2.82759 -0.104482
-0.954301 0.418759 -0.787282 -1.88149
-0.296584 1.77058 -1.20639 0.139143
-1.07289 -0.346102 0.429466 -1.06462
-0.141357 -1.30879 1.93935 0.068409
1.38776 0.029912 -0.255498 1.40912
-9.34668 -0.820383 2.0709 -7.90185
-0.016376 -1.87636 1.65707 -0.770559
-0.882943 4.39018 -3.72362 -0.392119
1.47856 -0.096701 -0.188351 1.75112
0.219618 -1.56917 1.81679 -1.01017
-0.082289 1.07669 -1.63648 0.040556
3.445 -0.067985 4.28486 8.25836
1.21599 2.072 -2.321 0.492479
1.4429 0.139667 0.074134 1.41412
1.52018 -0.453544 0.381026 1.00684
-5.29676 1.67227 -2.01083 -3.38211
0.508121 1.4184 -2.67236 0.827431
-1.34965 -9.78494 21.0195 1.12067
-2.82405 0.990314 -2.07325 -2.73493
-0.858425 0.660956 -0.838186 -1.03845
-1.12216 0.373075 -0.24826 -1.30507
0.880999 1.2022 -1.94693 0.259941
-1.63474 -1.60089 1.24907 -2.00851
3.56302 0.432331 -1.01291 1.70889
-0.568411 1.61509 -4.70411 -0.079403
-0.383943 -1.6 5.23289 0.488085
-1.1256 -0.022164 -1.19567 -3.98483
-0.47426 -1.1611 1.4331 -0.394306
1.84858 -0.639227 0.222207 2.42642
0.924217 1.16956 -1.71347 0.472619
-0.961791 -1.01401 1.42594 -0.421085
-0.117708 1.07617 -1.44145 -0.183308
5.10326 -0.865734 1.44363 4.42013
-2.38282 0.706798 -0.732014 -1.53337
0.207211 1.09802 -2.06984 0.144559
0.982021 -0.574229 0.579726 1.01092
1.02389 0.420503 -0.46466 1.02676
2.13386 -0.045393 -0.824589 1.97957
-0.142413 1.76298 -1.92375 0.022561
0.724667 0.905446 -1.41135 2.30993
0.023108 1.10286 -2.27708 0.484295
-0.66111 1.07099 -3.43562 -0.537666
0.796874 1.38714 -1.23978 1.69931
1.42873 1.45882 -2.11222 1.77081
-0.448635 1.02732 -1.92421 -0.284714
-0.700478 -0.824435 1.15265 -0.834181
-0.002753 -3.8997 2.94851 -0.587937
3.68969 -0.675765 -0.054006 1.82577
0.214423 -1.37595 4.96294 0.04288
-0.166278 -1.27717 1.63952 -0.137586
-1.19886 0.444968 -0.888669 -1.45855
1.18283 -0.46623 0.799651 1.29976
3.30803 -1.94738 4.00475 1.43058
1.16381 0.654412 -1.41107 0.924062
-0.094922 1.03388 -2.20785 -0.094982
-4.09469 -2.5602 3.45836 -4.6892
-0.618617 1.03271 -1.08257 -0.749471
-1.18379 -1.20371 1.54236 -1.43946
-0.87896 0.620669 -0.741323 -0.947339
-0.282314 1.23266 -1.45788 -0.02594
-0.652056 0.808428 -3.39075 -2.63609
0.643234 0.979725 -1.79678 0.630602
1.39174 -0.490991 0.842234 0.970874
-1.00178 -0.865371 1.4698 -0.615676
-0.329785 -1.16376 2.33947 -0.534912
-2.59522 -0.08047 1.5945 -2.15327
2.18608 -0.550645 0.812741 1.9676
-1.55828 0.085647 -0.946643 -1.31512
-1.45272 1.37651 -1.73336 -1.31293
1.28553 -0.416917 0.539319 1.25909
1.26931 -0.272618 0.517075 1.19223
-1.53987 1.29008 -4.14391 -0.953046
-0.170367 3.21838 -2.06028 0.371578
-0.405232 -1.13373 1.23563 -0.241911
-1.10989 -0.38589 0.653059 -1.03512
-0.971043 -0.447794 0.614926 -1.34389
-1.0274 0.488613 -0.653939 -0.977936
1.81072 0.412094 -1.70962 1.29485
2.13784 -0.577223 0.612414 1.31172
-2.54988 0.577271 -0.703471 -1.64014
-0.915251 0.940053 -3.47633 -0.810078
-1.5963 0.278235 -0.413092 -1.58252
-1.02869 3.66994 -4.30876 -0.722504
-0.816271 -1.10429 3.02902 -0.897816
1.08332 0.969815 -1.28634 1.33749
0.317191 -1.35088 1.34059 0.158185
1.05291 1.03609 -1.8707 1.00199
2.45205 -0.364841 0.061641 2.10546
-0.617971 -1.48779 1.52132 -0.338376
0.095996 -1.37424 1.24844 -0.171009
1.33199 1.57287 -2.37263 0.486576
-0.724794 0.793983 -0.884691 -0.778387
-2.2782 0.918825 -0.207571 -1.754
0.685575 1.1495 -0.918143 1.40605
2.41556 -0.162818 1.17376 1.95537
2.95072 5.18104 -7.65557 3.02444
5.34942 9.46276 -22.3759 7.1276
0.755506 -1.42653 1.59999 -0.168617
-1.08387 -0.784345 1.68172 -0.870772
-3.06493 0.139577 -0.088299 -1.58114
-0.091214 1.13224 -2.33271 0.437857
0.355431 -1.38271 1.47171 0.239964
1.11162 -0.481372 0.511879 0.922835
-1.43296 0.472945 -0.658134 -1.1078
0.50627 1.26687 -2.00182 0.716689
0.552709 1.44613 -1.4649 0.442003
-0.164216 1.15389 -1.12238 -0.096999
5.52774 9.09908 -8.43815 9.15866
-2.88367 0.802495 -0.840233 -1.57493
0.116863 -1.12579 1.80228 0.170803
0.733552 -1.41154 1.57166 -0.153414
-1.01212 0.341322 -0.904983 -2.04261
1.87448 -0.659751 2.55096 0.97784
-0.136553 -1.918 2.10014 -0.640563
-0.056708 -1.1173 1.85329 -0.467721
1.09538 -0.616455 0.199183 1.48804
-0.367946 2.84675 -4.22171 -0.012759
-0.55292 -1.01738 2.56552 -0.420761
-0.02825 1.06709 -1.12056 -0.032254
-1.1594 0.018583 0.418669 -1.51654
-0.236534 3.686 -4.96236 0.292177
-1.38169 -0.397682 1.79323 -1.52455
-1.2047 -3.04483 3.88364 -0.804889
-1.1344 -0.486012 0.634784 -1.04317
-0.396049 2.1812 -1.74261 0.015447
-0.783496 -0.718889 2.7199 -3.52789
-1.01613 0.366648 -0.449504 -0.997743
0.201807 1.1159 -2.54627 -0.297517
0.18428 -2.07977 2.15745 -0.283978
-1.28152 -0.016523 -0.609818 -1.37399
-0.12525 -2.40592 3.68805 -0.839188
0.930118 -0.481382 0.481382 0.930118
-0.81965 -0.684546 1.30133 -1.16702
0.959146 -1.20586 1.39965 1.3434
-1.16782 -0.648865 0.663798 -1.67604
14.5215 9.67797 -18.1304 23.0527
-0.512156 1.73976 -7.53485 -0.219605
3.38973 0.947263 -1.76113 1.25998
2.04936 -0.567535 -0.049336 2.38208
-0.5301 1.54231 -4.81525 -0.623295
-0.315136 1.4733 -1.39363 -0.106885
2.28076 -9.85278 13.5491 0.579596
1.26403 -1.19426 1.99909 4.98426
1.89507 -0.60568 0.630828 1.21844
1.07615 -1.42042 5.1831 4.02175
-1.536 0.610436 -0.876263 -1.15877
1.18911 -0.600229 0.595696 0.893175
0.677783 0.895602 -1.41306 0.646015
-4.93512 2.45358 -3.79788 -6.68385
1.61618 1.57781 -2.72694 0.738654
0.193737 1.01997 -1.43938 0.339747
0.20655 -1.73557 2.4664 -0.065276
0.968836 1.90501 -0.791195 1.29618
-1.17895 -0.822492 1.36636 -2.37862
-1.29193 -0.932139 1.6251 -0.937152
-0.683292 -1.25987 1.43453 -0.275905
0.262772 3.07158 -7.5924 -0.031541
-1.01892 0.50316 -0.591199 -1.02951
1.22956 -0.420504 0.686062 1.00974
-0.801016 0.7547 -1.14335 -0.864786
-0.284201 -2.3116 2.92013 -0.561498
2.26709 -1.05692 1.61017 1.8862
-0.635275 1.60217 -2.2842 0.445601
-0.472339 1.27379 -1.91089 0.416801
-0.511398 1.34118 -1.27952 -0.061647
-0.212381 1.1047 -1.65021 0.03925
-0.304071 1.07883 -1.40012 -0.0198
0.984653 -1.49929 6.86406 5.48357
-0.355965 1.57717 -2.15762 0.008467
-3.327 -1.8575 4.22165 -1.5416
0.959705 1.94136 -1.42836 1.81629
1.17317 0.148722 -0.500878 1.33947
3.27164 0.472467 -2.44143 2.08295
2.64892 -0.66498 -2.31528 2.6676
1.14001 -0.224469 0.634233 1.36642
0.178717 -1.09832 1.6413 -0.082259
-0.978946 -1.02291 1.48344 -0.499644
3.34708 2.18855 -3.51306 1.03804
-1.24799 0.490476 -0.239977 -1.42752
-0.150689 -1.56296 4.67519 0.385719
0.496039 -2.49716 2.40335 0.090659
0.111904 -1.47517 1.20521 -0.27016
4.4209 -0.675058 -0.595287 4.00462
-0.969222 -2.1141 2.15525 -0.773039
-0.237698 -1.27583 3.82445 0.323731
1.98017 -0.465507 -0.601267 1.47185
-0.195622 1.57286 -1.95865 0.023783
2.26498 -0.980105 3.26097 7.2267
-1.31241 -0.882161 1.16657 -1.7505
1.38241 0.111749 -0.802824 1.29798
-0.700888 0.788762 -3.45764 -2.69101
-1.2699 0.681402 -0.792276 -0.962302
4.17642 2.1029 -2.84784 1.17337
2.42867 -1.24346 4.41833 1.59272
0.758592 -0.761174 1.71226 1.32795
0.759468 -0.761441 1.16786 0.838988
2.56024 -0.644858 0.689321 1.56461
2.01437 -0.748603 0.858627 1.57051
2.06289 4.91346 -18.3387 -0.302275
-1.03574 0.936758 -1.28697 -0.80348
-1.29709 -0.673052 0.144503 -1.79918
3.3265 -0.100976 -5.35885 6.00434
0.533982 1.47948 -1.89274 0.29818
-1.38857 -1.75017 3.84102 -0.069609
10.1867 -3.75729 11.9646 21.0837
0.983804 -0.520683 0.404516 1.42445
-0.463625 1.50011 -1.4241 -0.337628
-0.476225 1.45859 -1.55408 -0.378731
0.242411 -1.37463 1.90074 -0.892027
0.722319 0.795986 -0.921414 1.07113
-0.41802 1.91023 -1.89714 -0.650244
-0.293934 1.66125 -1.37438 -0.023908
1.25798 0.123917 -0.889326 1.68004
1.11245 -0.331936 0.488673 1.09312
4.41275 10.6031 -12.9254 4.71816
-1.42451 1.02777 0.425792 -2.47053
0.392273 1.42972 -1.45638 0.342016
3.62932 -1.50487 4.48078 1.12939
4.27484 3.36188 -5.52017 5.58095
-1.64665 -6.24542 27.3544 0.425575
0.983275 -0.452485 0.498378 0.979529
0.584334 0.991699 -2.3041 0.685594
-0.959978 1.22826 -3.33057 -0.487911
1.33267 -0.50378 0.550658 0.992696
-0.482625 2.14328 -1.72995 -0.019776
4.37965 -1.06808 -1.09245 4.57628
0.278309 1.002 -1.62693 0.618971
1.61014 -0.176098 0.568114 1.15439
-1.19475 -0.144244 1.15055 -2.17168
0.466175 -1.28902 1.60241 -0.038321
0.107797 2.16803 -4.06062 -0.450569
-2.65974 1.15656 -0.032438 -2.16384
0.197186 1.05014 -1.51729 0.367825
0.614065 -1.44275 1.9308 0.2817
2.09198 0.118042 1.05649 2.19852
1.14532 0.923377 -0.243644 1.81896
1.35728 -0.69019 0.787337 1.62169
-2.84425 1.74299 -5.99239 -10.4336
0.525264 1.6713 -1.949 0.488092
0.733437 0.798109 -0.830992 0.776054
-0.815376 1.07613 -1.77423 -0.78625
-1.64654 0.316914 -0.717968 -1.06106
0.790039 -0.737298 1.05192 0.849243
1.25409 0.515882 -0.34905 1.72615
1.11126 -0.189944 1.17114 2.71204
-0.839709 -0.686886 0.920281 -1.01765
-1.38433 0.944598 -0.920307 -2.07279
0.901629 -1.03585 0.764666 1.70827
0.345351 -1.55787 1.16061 -0.048675
-0.157668 1.06475 -2.32647 -0.100884
1.65617 -0.66978 0.667661 1.40783
-1.51824 0.56872 -0.642721 -1.43472
1.44851 -0.114462 -1.87837 2.6683
-0.749695 -1.1301 1.71166 -0.40686
-0.707366 -1.20474 1.18114 -0.843414
2.37023 -1.18898 -0.641002 2.71363
0.777575 -0.758987 2.17461 1.63097
0.083722 1.34298 -2.12519 0.17322
-0.695592 1.3586 -2.51731 -0.982984
0.642445 1.29354 -1.6307 0.090515
-2.90209 1.14845 -5.61358 -9.98302
-0.016902 -1.07143 1.72274 -0.146888
-0.26932 -1.16069 3.78197 0.520295
-1.38537 0.702972 -0.660256 -1.25452
-0.626323 1.55676 -2.49753 -0.055008
-0.651333 -0.796218 1.04138 -0.819002
6.91198 -1.21091 2.64618 6.8538
0.227207 1.08526 -1.75268 0.435025
-1.44014 -0.843922 2.10376 -0.65659
1.15175 -0.685669 0.521467 1.36868
-1.00391 0.919869 -3.03078 -0.659039
-10.6231 -0.858969 5.63871 -22.1165
-0.415247 -1.12859 1.10603 -0.214471
0.573432 -0.901442 3.13486 2.418
-0.661972 -1.07991 1.7625 -0.669343
-2.03499 0.107566 1.27098 -1.47892
0.518103 3.62435 -3.90139 1.062
-0.087488 -1.63512 2.94345 0.00225
-0.600207 -0.939696 1.48072 -0.519177
-1.01818 0.43751 -0.36356 -1.09705
-1.20745 -0.22156 0.432615 -1.34923
0.719073 7.22402 -10.0609 1.22962
-2.94566 -3.98919 8.59914 -3.04651
0.188024 -1.89271 1.4583 -1.16048
0.018802 1.083 -1.083 0.018802
-0.22888 -1.59116 1.60476 -0.53703
-0.403879 1.15275 -1.65856 -0.031164
-1.39945 0.355211 -0.648505 -1.26887
-0.463019 -1.00666 1.27424 -0.383205
2.80595 -0.714049 1.36758 3.00651
1.25887 -1.21686 5.04496 3.93537
1.1642 0.151823 0.041817 1.27042
0.992312 -0.402105 1.95527 4.49665
1.52937 -0.540725 0.912086 1.55008
-2.97993 -0.82329 2.19914 -4.15842
2.55977 -0.675473 0.463772 1.4987
1.97623 -2.45734 0.828897 2.82962
-0.023624 -1.20336 1.2907 -0.298593
-1.05518 1.08006 -1.21024 -1.51199
-1.29074 -0.308162 0.7409 -2.01487
0.618682 -7.07577 14.0938 0.110647
-2.34862 12.7406 -11.3499 -1.5697
0.579262 0.999374 -1.91105 0.597187
-0.208168 1.43596 -1.45032 -0.000227
-1.03818 -0.256336 0.53532 -1.58984
-1.0432 0.812908 -1.49597 -0.698162
0.858548 1.0784 -2.75282 0.787029
0.946101 -1.05819 1.27524 0.92694
-1.16087 -0.387677 0.038956 -1.25186
-1.57459 -1.08335 2.38819 -1.23906
-0.275848 -1.72613 2.01675 0.73135
0.717726 -0.765881 0.752223 0.752782
-1.47011 0.256846 -0.546612 -1.25653
-0.332183 -1.33404 2.60364 -1.33338
-0.106082 1.67553 -2.33905 -0.037021
-6.21799 -4.91177 4.00367 -6.97292
0.088053 1.31692 -2.26995 0.73425
-2.28979 1.25222 -1.0455 -1.08397
-0.917118 -0.584127 0.741986 -0.973142
0.683791 -0.91178 1.11153 0.560161
-1.16297 -0.2039 0.51052 -1.38739
2.01952 -0.776782 0.756553 1.90764
-0.902158 -0.726186 0.838988 -0.757106
0.720766 0.866177 -1.92769 0.852876
-5.28991 0.041986 -1.66153 -1.78345
0.900783 -0.710304 0.925098 1.44095
-1.04747 0.680005 -0.943358 -1.45864
-0.720241 -1.44233 1.82999 -0.444367
0.049149 -1.13515 1.62994 -0.11612
-0.58489 -0.926591 1.28734 -0.449768
-0.932892 0.54298 -0.755637 -1.03232
0.351441 -1.38383 1.78928 -0.182681
-1.58321 0.005894 -0.479758 -1.53451
0.870136 0.73729 -0.731676 0.805499
-0.656582 2.37289 -1.25287 -0.422085
1.97562 0.590313 -2.05366 1.00792
0.107692 -1.25173 2.66416 -0.124313
1.54978 -0.08395 0.764523 1.22747
-0.742568 -1.27722 2.03937 -0.03589
-1.13536 0.545512 -0.90668 -1.36154
1.71228 -0.423292 0.457062 1.11379
-1.2294 0.155743 -0.876066 -1.44366
0.083986 -1.29939 2.10979 -0.159327
0.552007 -0.926475 1.00645 0.675038
-0.417232 -1.40789 1.41675 -1.3155
0.469474 0.947453 -1.33779 0.437533
1.94429 -0.340461 -0.207202 2.09436
0.519276 1.04047 -1.64657 0.333399
-2.65513 -0.975068 2.30868 -1.07007
2.56947 -0.67429 -1.8707 2.70215
0.027252 -1.66371 1.79055 -0.080823
-0.573072 -1.30628 1.61521 -0.488933
-1.68461 -2.09875 2.45556 0.286916
-1.08198 -1.04164 1.42306 -1.31286
0.834365 0.763117 -2.30848 3.53338
-0.443426 1.17007 -2.1705 0.021372
-2.17493 3.59271 -5.50801 -1.82227
1.08949 -0.710613 0.745251 0.965088
-2.52365 1.27828 0.013939 -2.86923
-0.703195 0.80399 -3.52213 -2.75242
2.88746 -1.66758 5.97169 10.4459
2.0306 -0.670698 0.841927 0.972041
-0.082525 1.07497 -1.74987 0.027497
-0.14526 1.12227 -2.81953 0.023671
-0.344511 -2.18035 2.74141 -0.901578
0.139339 1.56929 -2.09408 0.29065
-0.951019 2.08865 -1.29138 0.073566
0.343424 -5.52796 11.056 -0.23805
-0.024689 -1.08395 1.28753 -0.213169
-0.750956 -1.60663 2.90292 -0.877935
1.4076 -0.692093 2.41249 0.979929
-1.02448 0.672861 -0.733471 -1.0737
0.665256 1.26914 -1.07512 0.855993
0.910963 -0.603968 3.52631 2.76035
2.0424 -0.809 0.791059 1.28947
1.89672 -0.645219 0.429799 1.23083
-1.7365 -2.21837 2.1846 -3.30271
-1.46446 0.631014 -0.514392 -1.08792
-1.36342 -0.247462 0.374059 -1.35544
-1.17858 0.509196 -0.693044 -0.950145
-0.999553 0.420521 -0.420521 -0.999553
-1.67357 -3.53311 7.7802 -2.89896
1.84694 -0.367839 0.53512 1.4289
1.83253 0.078247 -2.34406 2.14292
1.30797 0.147809 -0.306015 1.79117
-1.57626 -0.548388 0.931212 -0.90086
0.945244 -0.574204 0.593949 0.876054
3.16779 -0.035506 -0.350307 2.18563
-1.09275 3.24017 -4.40634 -0.731168
2.08153 -0.546575 0.688226 1.1563
2.38121 2.32249 -5.24154 1.04477
-0.272317 1.16027 -1.98866 0.093498
5.71776 -3.25921 3.92758 8.29785
-0.810742 -1.8407 2.16383 -2.16532
-0.33991 -1.02506 1.40418 -0.328783
0.449738 1.38848 -1.38848 0.449738
0.826421 0.69432 -0.853449 0.898507
-0.050551 -1.09823 1.40524 -0.321848
1.47875 -0.557839 0.396721 1.04193
-1.06847 -0.062676 0.105994 -1.33946
-4.27544 -2.29221 5.42644 -2.48347
0.33994 4.06351 -13.6596 0.032826
-0.385239 2.20508 -1.92266 0.037048
0.068021 -1.13786 1.24493 -0.157485
0.582717 -1.64529 1.84961 0.656247
0.066884 -2.21678 2.27992 -0.357195
-1.53711 0.803699 0.492813 -1.95627
1.73156 1.26768 -2.50792 2.06781
-2.58399 0.966052 -1.47225 -1.97673
2.22379 -0.473432 -1.86123 2.05138
0.159209 -1.36151 4.7959 0.031493
0.594859 1.09098 -1.24218 0.605387
-6.0906 -0.23465 1.386 -5.47564
-0.315466 -1.18948 3.07583 0.491269
-2.39361 -0.137034 -0.041617 -2.75847
-1.92605 1.00402 -1.34926 -1.33278
-0.734062 0.806737 -0.769856 -0.751903
1.3421 -0.431137 0.539543 0.975264
0.950282 -0.477109 0.679865 1.04849
0.920627 -0.759716 1.15224 1.13892
-1.47269 0.6611 -1.04404 -1.4031
1.08993 -0.018561 -0.199028 1.41163
-3.00542 1.25366 -5.81673 -14.2045
1.43458 -0.53013 0.725322 1.19805
0.240332 1.19882 -1.85312 0.074085
1.18926 -2.14409 4.73231 3.05902
-0.490151 0.939974 -1.1674 -0.566249
-1.11281 0.123134 0.110453 -1.40629
0.664275 -0.832839 4.15355 3.21453
0.166509 -1.1418 1.58726 -0.231004
-0.300736 -1.0561 1.0561 -0.300736
-0.367946 2.84675 -4.22171 -0.012759
-0.122786 -1.1705 3.44294 0.319182
-1.39971 -0.133228 1.45832 -1.83105
0.982076 -0.531561 0.670028 0.939776
-0.334054 2.25943 -1.82788 0.03708
1.0002 -0.310264 0.277229 1.04423
4.56911 -1.08138 1.49632 3.70862
-0.841907 -1.38026 1.68664 -0.600169
2.65713 -0.357313 1.22986 2.11543
-2.42301 0.824105 -2.35907 -1.28895
8.48338 -24.5903 22.0649 1.58649
0.713174 0.930667 -1.74232 0.668134
-1.11104 1.03637 -0.955717 -1.23279
-1.25594 0.399392 -0.521326 -1.22953
1.46463 -0.906956 1.18286 0.699982
-2.28638 0.194402 0.186012 -2.46344
-1.72355 0.243108 -0.002887 -1.18043
9.35789 44.5961 -77.7237 -7.09379
-0.426706 -3.31809 4.08794 -1.01694
-0.340254 -1.47812 3.00748 -1.34311
0.215438 -1.40951 2.70364 -0.169618
-1.70477 1.83376 -2.81209 -2.74349
0.71278 -0.810868 1.51232 1.03717
0.918524 2.19626 -2.40962 0.008806
1.19707 -0.795514 0.670905 0.873309
-0.34554 1.6278 -2.83961 0.243275
1.14979 -0.119231 -0.174877 1.69825
-0.258225 -1.26591 2.13406 -0.954454
0.42532 1.14593 -1.35158 0.390134
-1.10528 -0.552129 0.194153 -1.29483
1.36021 -0.454258 0.277388 1.01952
1.23775 -0.529927 2.54195 5.87449
1.20782 -0.355436 0.379322 0.991332
0.509941 -6.42842 9.82919 -0.331787
-0.151392 2.04074 -2.45071 0.337363
0.249698 1.43427 -1.30379 0.360084
0.254941 -2.5989 4.35339 0.161613
-0.433835 -1.11341 1.57274 -0.400869
1.09596 -1.08105 1.58836 1.17351
-0.424535 -1.1104 1.19473 -0.336519
0.887203 1.07607 -1.81512 0.700794
2.10155 -0.3828 2.68196 5.99484
-0.396054 -1.31928 2.14414 -0.581797
1.74664 0.563513 -0.985762 1.96874
-0.599696 0.882292 -1.58303 -1.09733
1.60887 -0.864085 0.857981 1.19342
-1.76119 0.404256 -0.450792 -1.08395
0.407503 1.00819 -1.80882 0.671322
1.97718 1.37236 -1.97283 1.59193
-0.395373 1.37547 -1.74824 -0.022263
-2.18153 0.439274 2.39176 -3.17586
-1.46207 0.05102 0.124937 -1.08644
-1.6692 -1.41947 2.12078 -0.293318
-1.23853 -0.00419 0.257099 -1.13994
1.15788 -0.647881 0.318279 1.1089
-4.70666 1.53177 -3.6786 -6.98603
-1.32186 2.33851 -3.28091 -1.7039
-0.918632 -1.21114 2.63918 -0.892142
-1.24607 0.093609 -0.651646 -1.38854
1.10746 0.085541 -0.29302 1.71127
0.975781 1.5119 -1.45808 0.870358
1.48016 -0.636419 0.616245 1.22088
-0.72957 0.801079 -1.83227 -1.4912
4.20104 -2.40711 4.24688 6.73474
1.74988 -0.5969 0.815979 0.891364
-0.359983 2.29896 -2.08121 0.079933
3.37068 -0.248023 1.72846 3.83837
-1.32363 -0.081994 0.707119 -1.37329
0.914079 0.868179 -1.64716 0.757628
-0.349705 -0.979129 1.66219 -0.649229
-1.54207 -0.654152 2.12515 -1.26207
3.9832 0.87026 -1.2972 1.20826
-1.0585 0.281615 -0.70155 -1.45272
2.04421 -0.154844 0.047364 1.6862
1.54037 0.054418 -0.708231 1.4981
4.95119 1.14817 -1.64242 5.58377
-2.64563 0.103308 0.16606 -1.92321
0.762676 0.847392 -1.3155 0.83312
1.29134 -0.471695 0.132871 1.61118
1.08488 0.076714 -0.279299 1.30759
1.21875 -0.32256 0.590573 1.10742
0.318731 1.07025 -1.07025 0.318731
-5.14686 -6.52816 9.26914 -4.57737
1.09448 -1.82574 4.53609 -2.13765
0.809952 0.719985 -0.925307 1.11242
1.16742 -0.616808 0.846477 0.869882
1.35205 -1.45356 4.95608 1.08629
13.8094 26.6113 -32.2551 11.829
1.27087 -0.274033 0.492161 1.1015
-0.510188 1.50191 -1.50766 -0.321719
1.32543 -0.189134 0.595262 1.45451
0.270179 -4.34175 4.06836 -0.685857
0.886475 -1.33907 1.24091 0.877637
-2.01632 -0.901681 1.94729 -0.683174
-0.911198 0.49542 -0.49542 -0.911198
-1.08659 0.474232 -0.595687 -1.07073
5.9571 0.066892 0.233523 5.67936
1.65787 -0.639633 1.12832 0.838428
0.287843 1.11014 -1.11014 0.287843
0.488094 1.40836 -2.70532 0.736239
0.571747 -2.0623 7.54319 0.414482
-1.17644 -0.76585 1.00813 -1.04443
-0.572227 -1.08727 1.19009 -0.424947
9.10227 -2.78638 2.92207 7.64073
1.16308 -0.509994 0.723888 1.2403
-0.835562 0.671573 -1.6172 -1.36005
-0.826213 -0.679256 0.716246 -0.878802
2.29446 -1.07527 2.66743 0.969339
-0.674483 0.823727 -1.55016 -1.25737
0.605888 1.08654 -1.85101 0.957247
0.102348 -1.39905 1.40469 0.013291
1.82932 -0.095811 -0.612638 2.17809
0.827805 -0.893634 2.98289 0.898906
-0.637829 1.36762 -2.42365 0.010125
-7.21831 -4.72488 16.5606 -4.79431
1.13329 -0.253753 0.628713 1.23521
0.122865 -1.24244 1.94296 0.2181
0.318055 -1.2086 1.6726 -0.249686
0.94754 0.530371 -0.602437 0.917082
-2.81854 2.41845 -2.23391 -2.17989
-0.957815 1.53067 -1.19078 -1.36103
2.42629 -0.790418 0.698722 3.24012
-1.35624 0.378335 -0.82967 -1.10252
0.472086 1.61017 -3.17507 -0.17866
-3.85735 1.46723 -1.63597 -2.77162
2.28984 0.608812 -0.74325 2.16243
-3.93912 4.69179 -5.62373 -4.09266
-1.15971 -0.341324 0.760086 -1.15271
0.964026 1.89926 -1.94247 0.623222
1.57247 1.51664 -2.08218 1.69554
-0.470718 -1.0932 1.74084 -0.441893
-1.12216 0.373075 -0.24826 -1.30507
-1.47223 0.56987 -0.914253 -1.56849
-0.163931 -1.31103 1.45319 -0.957827
0.962226 -0.676616 0.690381 1.45961
1.39477 -1.62609 4.08965 1.12883
1.22869 0.077329 -0.456977 1.25224
-0.864126 2.75279 -2.55977 -0.274719
0.391996 -1.32429 1.60719 0.775251
-0.784411 -0.761782 1.58492 -1.22621
1.16763 -0.600066 0.94406 1.40149
1.18631 -0.434668 0.751832 1.46168
-0.535441 -1.00939 1.10434 -0.363328
0.727478 -0.920171 0.920171 0.727478
-2.73466 0.626731 -0.280437 -1.46039
1.01545 -4.03453 4.21378 0.179111
-2.81268 1.81855 -1.41626 -2.52738
0.866921 -0.667671 0.995607 0.932104
-1.99311 0.458601 0.538553 -3.49104
2.4223 0.977202 -2.35226 2.1433
1.11564 -0.044971 0.172974 1.18353
4.26596 -0.044498 -0.492631 5.68699
1.22344 -0.355793 0.700222 1.56954
-0.61326 -0.891576 1.17115 -1.18392
-2.79212 -4.08779 5.55785 -1.22498
0.686485 -0.826046 2.03877 1.54971
-1.93669 0.180514 0.105748 -1.41915
4.24991 6.83028 -7.0396 7.49286
-0.019299 -2.6393 3.31192 0.669234
0.950034 -1.45677 2.564 0.046612
-0.622236 0.91852 -0.912865 -0.573304
-1.32613 0.420506 -0.54251 -1.10813
0.719746 1.21784 -1.36514 1.17023
-4.70841 -1.55359 3.69664 -0.902401
-0.359854 1.84958 -3.15393 0.811934
0.512499 -0.998302 3.12577 2.45581
-0.429318 -1.01301 3.27253 -1.19241
-0.449045 -1.07103 1.11579 -0.335553
-1.8241 1.04546 -1.26556 -1.744
2.37845 -1.50838 4.14843 1.26644
0.654785 0.8697 -1.44027 1.51102
-4.14176 -10.7726 24.738 -6.65788
1.70013 0.154912 0.980076 1.47054
-3.20346 1.2882 -1.1146 -2.87214
-0.050111 -1.62987 1.53265 -0.667496
-0.856764 0.699052 -1.00457 -0.914599
0.781526 -2.25016 2.13215 0.41305
1.53924 -0.113544 -0.282097 1.50084
-2.23892 0.973165 -0.683217 -1.51547
-1.2276 0.391052 -0.434557 -1.06544
-0.356384 1.4858 -3.4499 1.77491
0.423117 1.4626 -1.2103 0.032302
-0.592971 -1.00141 1.65822 -0.381611
0.881284 1.2082 -1.93612 0.76105
1.25497 -0.582092 0.556143 1.01942
-1.05906 0.632656 -0.562584 -0.887127
-0.105676 1.66855 -2.34926 -0.017373
-1.45059 -0.397218 1.6755 -3.11649
-6.50897 -5.80324 13.7814 -5.72322
-0.658399 -1.67682 4.08167 0.666103
-3.81462 1.21979 -1.36013 -2.55908
0.92501 -0.934989 1.02489 0.615752
-0.623465 -0.857174 0.857174 -0.623465
1.23735 -0.323433 0.509635 1.10135
2.02754 -0.5456 0.592065 1.26426
0.032335 -1.50242 1.54194 -0.275045
-0.279218 1.07343 -3.07933 -0.709902
0.631386 0.986305 -1.80132 0.608646
0.143757 -1.17991 1.49164 -0.191638
0.664334 0.856971 -1.54404 1.50372
1.65304 -0.357639 0.175593 1.23574
-0.483925 1.90675 -1.14676 -0.208733
-0.24305 -1.30815 2.12705 -1.18688
-0.339986 1.18123 -1.42193 -0.184765
-1.43406 -0.199659 0.591742 -2.10647
-0.325041 1.98424 -2.1923 -0.062575
1.04894 -1.24932 1.36244 0.478792
0.546669 1.06553 -3.12537 0.425423
-0.401081 -0.989543 1.72278 -0.489459
-0.21823 1.2015 -1.69097 0.019966
0.3348 1.05613 -1.05613 0.3348
0.594623 -0.884098 1.35575 1.01218
-5.75832 -3.74961 2.97422 -6.40409
0.201018 1.49208 -1.40556 1.10339
1.09805 -0.294696 0.620248 1.14797
0.663878 -0.817887 1.18763 0.833781
-0.751332 0.798484 -3.52365 -2.7752
-0.957869 -0.652565 0.807304 -1.29912
-1.23865 -1.24678 1.85429 -0.347616
1.50157 -0.843065 -0.418795 3.30352
0.754973 -1.27674 2.91369 0.763999
-81.2753 -1.78359 -13.2463 -63.1114
0.309447 1.97619 -2.41226 0.706703
-0.976353 -1.47579 2.46643 -0.915065
1.87003 -0.620757 0.581786 1.15188
0.291764 -1.27015 1.21763 0.174211
1.22821 -0.341004 0.098357 1.27917
-2.35552 1.50246 -2.95972 -0.650513
0.974593 1.08092 -2.78298 0.8091
0.675745 -0.832872 2.47452 1.93608
0.643007 1.39499 -1.37679 0.24394
1.58945 -1.93726 2.90571 -0.992659
0.115992 -1.07464 1.15305 0.056806
1.71515 -0.866012 1.94126 1.34521
-0.309364 -1.07822 2.10238 -0.716245
0.386908 1.406 -1.45919 -0.362721
-0.465527 0.969819 -1.56014 -0.611795
0.456309 1.1509 -1.12272 0.398992
0.829406 -0.758386 0.997392 0.747777
5.19402 5.47462 -3.97963 6.10715
0.164695 -1.26001 2.52983 0.251493
0.746223 0.766031 -1.29852 1.25633
-0.891356 -1.29636 0.997341 -1.55878
-3.70083 1.38563 -1.46773 -2.4121
-3.61101 0.579509 4.10647 -5.01804
0.302155 -1.1407 1.6898 0.09933
-1.63653 0.706728 -0.043031 -1.22425
1.3861 -0.415736 0.56113 1.35066
0.42447 -1.56475 1.92209 0.161243
-1.93652 -0.763824 1.06477 -1.87528
-0.764112 -0.939542 1.31625 -0.886165
0.845237 2.66088 -2.03326 0.508592
0.773016 -0.768704 2.62956 2.08281
-0.775906 -1.39952 2.16132 -0.002744
0.28436 1.16108 -2.83653 -0.277986
3.76532 -1.9203 4.35502 1.67271
1.36414 -0.140416 -0.149052 1.17294
-0.878202 0.668578 -0.87288 -0.899274
1.07215 0.359103 -0.490633 0.999074
-0.443013 -3.46681 9.3329 -2.24313
3.07527 -0.896825 0.495376 1.59768
0.271649 1.33953 -1.57673 0.18038
-0.553939 -1.87226 3.21171 0.466139
-0.116149 1.37682 -1.24673 0.148789
1.80149 -0.597215 0.78717 1.76916
-1.14151 0.361496 -0.486676 -1.01385
-0.289899 -1.05441 1.05441 -0.289899
0.597525 -0.879387 1.72164 1.29546
-0.110811 -1.21456 2.70241 0.563124
1.74431 -0.668878 0.776035 1.39303
-1.76227 0.635556 -0.734327 -1.40855
2.89065 -0.773773 0.794105 1.37842
0.832372 -0.708086 0.936413 0.789419
-0.479281 -1.18219 2.16212 -0.791646
1.91681 -2.62124 3.5675 1.07976
2.17219 -0.71865 0.59516 1.29081
-2.79977 0.869859 -1.05429 -1.56955
-1.30645 -0.179236 0.235377 -1.46788
-4.06632 -5.24438 8.10671 -3.44161
-7.84861 1.61834 -10.0345 -24.5937
-1.10301 -0.73328 0.758586 -0.869694
-0.36977 -1.00387 3.53483 -1.28612
-0.574587 -0.996809 1.07306 -0.393265
1.2811 -0.485599 0.716199 1.10073
2.00104 -0.575555 0.582997 1.29568
0.178759 -1.19709 1.13334 0.349502
-0.728066 -0.78063 0.967266 -0.890423
1.81283 -0.120549 -0.784778 1.75528
-1.2224 0.16154 -1.04166 -3.45641
1.11144 -0.996263 0.996263 1.11144
0.575541 1.7688 -1.96139 0.503039
0.293471 1.12074 -1.5515 0.089404
3.10158 0.087021 -0.469565 2.58992
-5.14114 1.69316 -2.74878 -6.461
0.716316 -1.63242 1.14658 2.06207
1.38477 -0.412516 0.18091 1.36937
1.6129 -0.829369 1.02016 0.818333
-1.9179 0.294649 1.95456 -2.18548
-1.79501 0.702535 -0.864877 -1.82583
0.431332 1.36871 -1.86735 0.245483
0.958353 -0.472559 0.472559 0.958353
0.672416 0.84816 -2.5531 2.8647
-0.118121 1.10514 -1.41156 0.058007
-0.679807 0.824677 -4.20578 -3.28594
0.07709 1.07464 -1.38606 0.301521
1.02857 -0.359296 0.324058 1.02959
-0.634188 -0.869955 1.02502 -0.633771
1.26108 -0.476439 0.670739 0.929924
-0.986831 -0.975994 1.70689 -1.48011
-2.07914 -3.70954 5.94164 -4.15902
0.759096 -0.74948 0.919367 1.02207
-0.200237 -1.351 3.54871 -0.204744
1.53752 -0.938346 1.50023 0.970358
1.20995 -0.127965 0.551407 1.3641
0.126314 -1.14884 1.7484 -0.179755
-3.11157 0.921462 -0.732732 -1.37257
-2.25658 0.809571 -0.854616 -1.3281
-1.18551 0.127054 -2.08841 -4.8367
1.01868 -0.639648 1.04428 0.971845
0.810028 -0.686782 1.09087 1.17639
0.160771 1.11557 -4.53189 1.41606
-1.47566 0.314361 -0.786326 -1.33622
-0.007384 1.15185 -1.69985 0.63986
1.03995 -1.01015 0.726133 1.58507
1.94679 -1.1408 1.78714 1.10616
1.1209 -0.0839 0.450915 1.47435
1.50978 -0.786203 0.660495 1.16206
0.47079 1.11056 -1.26179 0.447594
1.36914 0.678205 -1.27959 1.26556
1.20707 -0.328495 0.502816 1.02164
0.224648 1.19414 -1.80103 0.46953
-1.31481 0.284424 -0.074043 -1.08344
1.35669 0.042121 0.023174 1.06968
0.227147 1.03549 -1.73541 0.520019
1.04519 0.576876 -1.50382 1.39552
4.12678 -1.56842 3.33621 6.51778
1.33652 -0.776393 1.66745 0.95398
-2.20709 0.722154 -0.820193 -1.18617
-0.925683 -0.578477 1.49446 -2.37512
-0.17119 -1.03268 1.63897 -0.249352
-1.14083 1.35764 -2.02964 -0.459618
-0.688507 3.62144 -4.98474 -0.028215
0.963252 -0.508079 0.512339 1.07612
1.24515 -1.39998 1.72133 1.24832
0.229507 -1.27802 1.40897 0.150317
-0.87238 -2.14669 2.80274 -0.733464
0.990405 -0.409743 0.430599 1.02052
-1.29597 -0.379167 0.800341 -2.12236
-3.14208 2.68168 -3.38755 -4.9514
1.16441 -0.345506 -0.142092 1.718
-0.139715 1.28175 -1.3039 -0.207454
1.08806 1.31521 -4.24032 0.455934
-0.983516 -0.63818 0.860189 -0.96331
0.756306 0.823352 -1.4901 0.765208
-1.15885 1.16517 -1.20107 -0.676345
3.54809 6.05813 -13.7127 -0.312707
0.752095 -2.04618 2.83922 0.150159
-1.04973 -1.83888 2.16063 -0.783043
0.560535 -1.03561 1.39756 0.282351
0.999188 1.82977 -1.77855 0.913854
0.206017 -1.01075 1.30728 0.259645
1.1974 -0.783804 0.616728 0.95805
0.871741 0.677105 -1.29761 1.41161
-0.023992 -1.28049 2.05873 -0.04576
2.85369 0.477807 -2.13294 1.69139
0.279536 1.02881 -2.27422 0.664712
-1.60815 0.377448 -0.41674 -1.06209
0.009239 1.33211 -2.21586 0.292966
-0.260592 2.21587 -2.06862 0.17252
1.66156 -0.554955 0.723664 1.02528
1.09491 -0.003844 -0.29733 1.34858
0.82256 -1.00988 1.11584 0.522612
9.19461 -0.835423 -0.889611 4.00587
-0.744574 -1.47898 1.91523 0.001336
0.858957 0.67427 -0.799364 0.815695
-0.817807 -1.81922 1.84933 -0.669369
2.94241 5.09361 -7.8695 3.08651
0.537176 1.37922 -1.62826 0.576707
-1.06673 -0.030038 0.183166 -1.56587
0.672736 3.01211 -2.0347 2.2299
2.34956 -0.937409 1.62251 2.05581
0.657105 -0.963473 0.858536 0.683118
-0.51081 -1.10507 2.06935 -0.660493
4.67384 -1.5555 -0.719929 3.65304
-1.05044 0.437358 -0.785102 -1.10176
0.464974 1.1209 -1.0397 0.381454
0.184145 1.1272 -3.31869 1.86907
-1.78988 0.150785 0.042594 -1.27434
-0.91565 -3.15625 2.91707 -0.956126
-2.33264 0.79384 -1.97269 -2.594
-0.760434 -0.783529 1.49868 -0.81841
-1.34532 0.798101 -0.708748 -0.880453
1.26172 -1.24561 2.51023 0.859124
-2.84434 0.844442 -0.875576 -1.60987
0.51885 -1.41025 0.941796 0.834221
1.34796 -1.11794 0.556603 2.67886
4.91059 11.6389 -2.06476 1.73073
-2.67826 -1.53079 3.35161 -4.10184
12.1256 -4.97668 5.54639 11.0356
1.07681 0.269693 -0.715165 1.61193
-0.873707 -0.647668 1.24121 -1.20379
-0.735708 2.89024 -7.1279 -0.242023
-1.55733 0.449701 0.405503 -2.83658
-0.705513 0.785778 -3.9658 -3.12133
0.538883 1.01329 -3.17727 0.830093
-2.25378 2.95176 -3.43931 -1.94694
0.016154 1.67711 -2.65136 0.226134
-1.1811 -0.000819 0.549907 -1.56191
0.934784 0.57471 -1.30318 2.00937
1.19288 -0.613249 0.162507 1.59065
-1.47812 0.174496 0.023022 -1.09216
-2.92991 1.35038 -2.00483 -2.68041
-0.343546 1.28062 -1.15574 -0.008747
0.581702 0.95264 -0.925191 0.756641
1.15174 -1.12746 1.64107 0.327601
-4.2275 0.80076 4.51699 -5.62473
1.1662 -0.098144 0.205875 1.67911
18.3578 31.6382 -42.115 16.8332
-3.55599 0.971995 -0.806326 -1.34567
-0.717809 0.821058 -4.25211 -3.32066
-1.74528 -2.20499 1.92023 -3.03589
-0.394136 -0.98511 1.05041 -0.45138
-0.323586 1.15267 -1.08458 -0.267152
1.38767 0.691888 -2.06076 1.67768
0.262865 -2.42335 2.5536 -0.246192
-1.03853 -1.74804 2.04194 -2.14081
2.42002 -0.592163 0.455486 1.37661
0.260591 -1.48203 1.20441 -0.04032
-1.1847 -0.541171 0.74621 -1.32421
1.38069 -0.034001 0.245262 1.33002
0.146948 1.73211 -2.07527 -0.380909
1.39893 -0.329817 0.174216 1.04179
0.79595 1.02321 -1.50318 0.727102
0.141007 1.07944 -3.94069 1.24883
-0.025187 -1.12146 1.45314 -0.229437
0.641606 0.931166 -1.03217 0.531856
-0.013745 2.5227 -3.88238 0.711291
0.656421 -1.52949 1.27601 0.020714
0.012337 1.10915 -1.32115 -0.093635
0.948716 0.508757 -0.873336 1.33079
-0.929588 -1.02985 1.38452 -0.52056
-0.979077 -0.52885 1.00797 -1.41771
1.33394 -0.439149 0.59541 1.10594
-0.387783 2.93271 -2.8206 1.09687
0.157282 1.53493 -1.87628 -0.526445
0.461165 -2.21768 1.5335 0.031272
1.23716 -0.406792 0.573344 1.08392
-0.011749 2.013 -1.74966 -0.332996
0.471888 -4.5143 3.33168 0.021327
0.833941 -0.729142 1.52985 1.28195
0.22065 1.04769 -1.42956 0.198386
-1.08573 -0.247803 0.193118 -1.01712
0.882083 -0.99334 1.31058 1.15263
4.48043 -0.727925 0.746166 2.84103
-0.966935 0.596375 -0.757323 -0.901287
-1.4371 -0.506154 0.565205 -2.17919
0.89153 0.621742 -1.41532 1.45458
0.671095 0.851821 -1.04665 1.03936
0.692927 -1.07707 1.20885 0.534712
2.63242 -9.8652 6.98196 1.16886
0.711111 -1.0757 2.56132 0.054922
0.755267 -0.768181 4.03208 3.09416
-0.160389 -1.25224 1.50169 -0.22159
0.826027 0.842414 -0.956845 0.665184
-0.103914 -1.07729 2.16233 -0.245559
0.310759 1.31267 -1.37922 0.418749
-0.537354 -1.43326 1.47869 -0.307905
0.348235 0.982324 -1.5563 0.42641
-3.25183 -0.708173 0.928352 -1.35611
-0.340186 -1.20997 5.27107 0.874308
-0.664369 -1.33291 1.46408 -0.575845
-0.028338 -1.46853 2.72278 0.018886
-0.049141 1.07224 -1.55645 -0.078659
5.39923 -1.44359 3.0877 4.0158
0.299993 1.05093 -1.33328 0.291464
1.39802 -0.551487 0.841773 1.13124
-1.04899 0.635444 -0.81816 -3.04786
0.934917 0.602451 -0.994782 1.17176
1.63336 1.72086 -2.73674 1.34792
0.903787 0.636489 -0.939382 0.961986
-0.447608 2.63067 -2.47945 -0.156678
-2.68905 0.833943 -0.482444 -1.26771
-0.01099 -1.1143 1.29624 0.199755
-1.52515 -0.594148 1.84203 -0.983205
-0.086306 -1.06185 3.0764 -0.130442
-0.65613 2.19886 -4.36875 -0.272847
1.10902 -0.312966 0.540668 1.07531
-0.100722 1.92962 -1.77082 -0.045229
-0.069927 1.18123 -1.35288 0.203788
1.45854 -0.39399 0.712597 1.24678
-1.50052 0.343284 0.368923 -1.84305
0.790408 -0.741512 0.962792 0.813366
-1.34523 -0.001253 -0.077974 -1.29476
-0.967423 0.54765 -0.711746 -1.00082
0.932591 0.662056 -0.875392 0.863555
0.848503 1.70352 -2.52098 1.76575
-0.227547 1.82794 -1.76052 -0.028729
1.30764 -0.060962 -0.13557 1.10076
1.06549 0.435004 -0.585076 0.982054
-3.59822 1.22095 -2.02929 -3.34457
-0.192247 1.57926 -1.74521 -0.249351
-1.41514 1.10596 -3.20351 -0.751028
-0.997652 0.476449 -0.860943 -1.2689
1.28861 -0.536877 0.061654 1.82956
-3.67178 3.72137 -4.63612 -4.26957
-0.809702 -0.737324 0.906619 -0.781032
-0.316922 -1.06123 1.06123 -0.316922
