2500
426.42 558.845
306.159 554.822
188.267 312.31
247.098 291.146
221.408 252.125
879.394 499.862
257.366 214.736
510.471 268.121
204.249 293.93
365.62 440.368
156.187 530.133
872.87 488.989
881.279 502.859
296.447 461.974
313.399 281.304
203.772 548.233
264.183 454.368
349.154 554.512
365.746 442.844
259.613 387.206
194.714 536.785
934.056 436.109
995.925 548.527
843.935 402.301
245.479 468.93
543.19 583.895
930.772 409.086
215.309 496.372
949.637 466.893
867.065 549.644
556.872 561.12
1201.83 474.024
340.153 263.926
1124.01 396.285
1041.76 357.477
458.16 306.423
897.701 551.219
1118.82 422.631
1200.73 301.11
1240.4 366.243
497.629 290.831
1119.77 402.008
1150.26 481.697
696.911 666.353
966.033 483.094
957.282 479.347
155.044 459.005
1113.54 412.475
178.571 531.539
498.067 422.036
358.564 562.926
470.601 567.234
692.751 593.289
264.767 211.283
223.667 489.652
920.245 378.379
122.721 451.022
690.766 594.75
255.026 550.424
716.157 605.895
933.659 400.701
493.082 270.742
1083.8 470.799
218.93 536.759
1001.58 563.298
523.599 601.333
1068.76 495.275
354.223 554.989
894.368 530.837
207.033 249.829
186.852 531.164
232.184 237.376
1163.1 235.958
195.825 455.374
161.837 452.8
968.723 479.714
1060.52 211.347
485.195 500.855
206.496 492.723
1233.32 368.646
987.913 552.377
937.677 616.743
376.407 374.197
473.984 274.641
1174.51 424.204
1250.59 386.957
156.883 453.935
203.267 262.827
950.181 453.683
269.344 452.408
370.517 557.502
173.529 533.021
1162.73 410.268
919.346 571.688
926.942 409.362
330.717 469.292
933.443 410.23
1020.63 400.396
233.843 494.26
1179.01 257.151
950.604 460.192
229.198 491.282
1168.68 239.548
1173.02 256.108
941.376 434.381
194.729 490.639
269.344 452.408
336.112 549.204
400.118 555.084
1147.42 442.006
159.012 451.244
1102.98 364.497
516.547 600.789
232.711 557.572
218.67 257.048
807.269 725.78
183.354 536.698
1124.01 396.285
143.1 556.91
198.482 466.561
295.334 467.418
370.31 562.525
1224.02 353.292
171.783 462.797
1182.48 429.444
348.699 550.142
175.64 533.711
1128.99 496.781
1151.53 211.811
344.654 232.204
495.893 506.748
1022.39 436.184
1156.17 469.264
965.279 290.86
927.831 582.875
211.923 461.751
1180.96 431.475
810.713 343.21
310.494 461.23
981.197 347.652
501.338 295.006
274.29 400.164
1238.26 366.684
1220.91 336.022
407.566 563.724
1025.34 303.499
855.024 533.094
1025.55 389.379
247.318 456.403
380.229 265.721
577.06 563.163
965.279 290.86
300.04 241.39
1211.27 326.795
902.751 521.332
133.162 555.333
1147.42 442.006
920.149 375.257
921.32 575.861
298.185 469.262
1220.91 336.022
741.632 625.257
327.201 249.379
240.276 317.656
615.518 560.54
1004.07 563.526
1161.13 479.478
518.603 429.873
1177.41 264.063
1072.24 495.141
233.686 529.253
1233.38 365.3
332.33 549.013
540.096 579.167
818.863 356.201
240.779 492.965
209.78 493.43
432.359 548.776
185.361 492.581
406.208 556.161
648.631 311.808
275.641 456.234
206.45 474.453
144.438 559.932
317.071 256.212
928.007 414.953
1243.27 377.527
412.843 302.283
911.627 395.867
185.965 459.609
251.392 494.759
432.611 492.758
1095.8 357.816
171.783 462.797
1202.77 300.102
1033.62 357.407
699.378 663.329
410.296 307.187
393.499 401.177
298.078 257.61
1009.2 344.506
1166.79 242.86
478.749 238.981
713.825 601.881
314.073 252.272
303.138 467.716
1181.73 432.965
893.151 537.219
912.201 384.916
1183.39 267.879
1111.66 413.401
970.514 310.946
903.215 379.509
1074.28 347.238
303.044 343.215
912.577 581.201
1133.09 488.019
234.231 457.777
869.215 453.816
831.985 387.254
1053.98 376.947
421.628 257.835
283.311 549.598
242.481 413.64
1187.44 278.335
260.215 548.634
1031.12 438.773
245.549 453.533
338.057 251.33
1113.73 407.233
1381.69 471.466
425.219 445.729
386.652 412.434
1368.02 448.779
186.81 494.048
889.141 498.177
202.268 471.347
293.06 394.139
372.005 557.425
1237.21 358.738
867.481 461.338
941.314 427.125
523.291 563.867
1174.76 408.874
983.589 514.274
386.652 412.434
1015.16 321.076
593.751 589.842
131.761 558.517
915.336 581.274
994.94 384.591
178.069 536.399
196.747 491.945
248.419 454.983
348.215 461.649
957.316 304.094
1217.23 324.113
889.771 530.164
413.066 433.665
231.26 490.311
1167.23 245.865
238.375 492.217
502.781 272.936
370.336 549.818
251.532 454.665
1167.09 245.323
299.204 560.667
318.312 589.367
917.862 559.685
333.494 245.583
470.51 245.347
1017.69 369.327
843.363 415.736
1137.07 510.313
486.332 518.891
1076.98 492.841
1151.39 214.978
914.494 574.316
408.214 551.345
483.355 253.956
1175.06 492.486
826.829 386.748
169.379 533.384
270.483 533.158
896.219 530.617
887.854 517.89
1110.22 458.268
691.845 597.597
179.756 492.481
969.297 509.259
250.953 505.106
347.972 551.403
275.565 379.936
359.093 595.18
1183.89 429.322
1220.6 493.657
184.634 458.146
160.184 464.613
235.674 305.189
237.37 554.565
387.172 464.101
1199.71 462.016
504.156 263.003
1183.1 440.172
1207.78 313.992
236.73 326.409
1044.39 478.555
156.908 465.045
1097.14 419.224
281.395 548.972
315.632 591.42
335.623 561.845
1017.62 385.443
1185.2 284.255
133.817 552.219
1152.61 212.137
332.021 245.257
164.657 413.436
268.041 269.357
322.451 275.703
914.907 380.877
824.755 446.8
244.07 455.183
497.971 293.723
169.077 535.458
1231.94 351.85
992.681 347.704
271.808 461.812
905.894 375.919
795.615 718.376
320.02 427.927
316.07 208.83
326.326 563.736
314.981 342.881
983.482 527.492
255.072 470.295
275.53 589.586
1176.05 423.646
899.666 519.789
836.899 408.791
932.409 425.931
549.977 251.559
1185.52 444.449
874.923 452.805
426.807 550.344
838.553 401.773
971.248 511.654
194.056 450.654
512.347 293.802
177.155 487.716
249.016 533.096
1069.56 530.69
726.306 588.133
917.715 387.754
298.17 591.82
902.727 549.824
442.771 294.21
996.987 552.413
356.636 558.745
811.936 341.145
1113.51 415.597
901.748 548.607
999.353 390.308
487.833 540.722
1250.06 381.047
1183.25 264.774
388.121 492.824
551.351 552.375
408.784 549.86
223.471 332
1202.94 465.383
1148.95 442.076
224.055 462.437
1105.51 436.408
211.889 469.009
689.313 586.887
701.872 602.47
293.906 206.29
993.31 532.982
443.611 266.878
953.581 479.351
1205.23 479.591
743.239 634.833
235.487 259.565
387.374 406.981
1209.58 208.455
828.793 385.835
229.321 461.247
444.863 521.863
305.565 363.072
277.369 589.722
1165.86 251.313
936.576 413.913
165.093 471.518
1099.92 482.791
1150.26 481.697
201.51 261.339
584.666 416.702
393.118 402.379
1034.44 432.773
188.056 467.44
975.993 500.863
1234.04 355.856
1186.11 263.287
842.284 422.302
234.952 222.082
928.332 422.833
268.515 235.408
250.821 589.102
167.753 463.003
251.858 468.583
1005.25 272
862.231 544.569
415.21 278.661
172.171 449.188
846.502 523.799
217.405 465.547
311.704 342.738
197.598 273.173
207.806 562.529
929.397 424.643
512.059 612.514
230.543 536.884
266.624 278.909
277.459 263.213
411.51 518.635
1065.43 507.248
958.185 463.137
845.729 401.259
1189.83 449.348
870.164 453.828
926.942 409.362
244.004 244.437
306.468 549.093
955.525 472.055
502.046 502.85
714.629 603.423
955.851 460.8
162.601 529.645
818.895 443.711
332.021 245.257
199.257 464.412
311.056 252.945
1183.1 440.172
924.12 406.913
285.258 550.589
183.057 468.915
204.594 548.678
450.924 230.363
339.03 592.651
236.441 558.889
924.02 579.543
1189.9 445.742
308.703 369.442
192.944 555.647
406.079 557.744
953.968 465.94
608.24 632.263
811.121 345.742
931.853 419.084
1039.16 462.356
1181.52 266.196
1124.14 402.073
688.977 582.366
1008.33 384.499
362.674 360.329
173.53 491.208
1072.83 521.751
1182.79 421.954
1078.31 493.374
366.692 549.459
931.834 405.661
1246.96 376.725
1079.41 471.196
1207.1 308.487
896.219 530.617
237.509 224.148
1147.65 438.739
486.818 296.364
862.708 446.895
478.78 563.734
626.15 592.521
413.341 276.62
243.333 325.476
1183.39 267.879
294.707 590.586
282.45 397.749
206.222 258.058
907.916 382.945
966.033 483.094
223.969 559.333
138.594 551.359
745.904 634.794
1113.73 407.233
1217.86 334.934
941.314 427.125
300.21 258.626
222.631 529.845
558.94 555.589
1042.81 477.909
220.203 261.871
383.034 250.949
307.172 300.159
959.505 492.936
278.671 412.285
244.404 583.352
1208.42 318.009
147.115 532.6
723.315 725.791
280.781 529.318
217.081 468.412
351.275 592.09
190.432 492.979
268.428 395.066
390.341 299.972
188.613 457.256
1224.78 350.264
368.376 442.632
574.787 358.132
878.553 257.576
1181.53 262.924
796.729 439.685
241.209 456.227
569.184 346.705
1215.43 497.79
390.341 299.972
1089.71 374.641
1025.9 350.858
434.543 450.332
975.413 527.621
320.226 274.154
376.662 473.878
196.119 280.228
861.783 543.291
929.163 409.646
967.59 467.149
835.759 718.343
235.487 259.565
1099.48 400.291
607.175 595.738
301.292 453
1189.9 445.742
279.311 222.846
317.694 395.722
948.325 450.378
1229.26 357.222
631.156 307.543
240.474 265.263
1196.67 459.286
1196.78 449.96
842.263 418.172
403.647 296.125
930.761 580.753
178.839 351.029
962.474 489.88
352.877 452.205
229.137 506.729
705.139 418.797
872.37 456.709
388.402 412.477
450.748 349.195
232.939 462.09
518.211 569.111
969.716 493.751
831.832 391.866
180.83 491.17
1090.5 464.286
646.313 304.684
781.381 317.844
130.876 417.565
369.742 483.447
882.755 499.815
1250.95 381.901
894.368 530.837
910.16 578.668
1241.61 372.052
248.868 590.669
385.781 425.781
1222.95 332.956
649.707 316.012
405.046 307.473
390.105 292.66
1174.49 255.069
974.831 525.087
1133.03 429.283
1210.66 491.903
862.23 421.563
1250.33 383.497
1118.64 429.894
995.176 375.172
966.37 291.035
602.878 635.218
1195.53 455.839
445.85 543.085
264.325 553.725
1021.38 325.625
861.355 532.996
1028.7 348.635
277.383 352.667
1130.31 418.361
440.148 482.808
276.009 376.607
1251.35 389.486
1133.61 426.435
885.783 488.861
1210.08 321.355
634.083 649.852
293.136 593.237
1211.86 321.001
272.456 587.96
961.731 469.003
162.918 560.139
1216.37 205.198
299.709 456.255
831.985 387.254
329.267 561.146
1001.81 559.853
190.124 531.01
1167.87 246.632
211.098 214.948
270.877 231.719
975.362 318.991
511.689 419.236
874.753 453.671
363.514 360.582
172.578 452.522
230.962 258.309
298.148 241.879
192.145 495.42
1134.3 438.16
1284.19 280.036
1102.27 455.513
266.056 529.641
416.798 558.036
1231.94 351.85
347.972 551.403
189.953 469.981
920.831 580.768
318.629 264.222
969.41 502.909
498.545 285.305
377.86 551.862
883.996 507.785
938.548 619.375
340.34 591.478
505.267 637.795
412.705 318.282
1167.87 246.632
1064.88 471.759
202.496 291.522
204.106 269.345
943.019 436.08
432.855 497.618
524.126 522.343
890.321 517.477
379.758 507.867
268.041 269.357
847.67 428.772
1040.34 408.369
1169.97 488.278
516.916 272.665
957.32 463.913
1141.6 458.396
485.195 500.855
981.198 523.26
418.367 291.819
298.887 427.407
911.218 574.083
282.042 535.827
1086.43 575.1
1118.11 413.62
354.771 587.723
310.387 557.565
1148.76 222.386
202.416 251.609
215.033 559.207
1177.92 265.307
507.124 517.883
867.357 451.426
1086.07 350.286
961.925 466.275
900.313 549.282
1188.59 278.684
272.116 381.466
308.186 278.69
988.852 544.689
380.089 552.083
237.221 305.868
1165.73 349.298
313.691 427.849
420.89 344.076
954.441 461.872
915.66 385.951
641.441 311.48
166.115 530.014
369.742 483.447
300.781 459.462
834.791 511.855
912.35 575.763
201.51 261.339
1199.71 462.016
506.703 273.297
294.238 461.175
1071.42 490.943
726.393 677.209
280.859 411.212
237.785 504.676
819.395 362.388
1163.34 247.867
239.99 535.6
590.616 571.616
279.128 591.882
209.623 457.192
964.149 462.685
1212.16 314.154
186.779 492.823
1215.44 168.001
1091.33 530.194
514.948 272.947
916.077 368.453
999.172 336.15
549.977 251.559
167.225 533.203
891.479 529.724
852.122 511.095
469.783 229.642
281.516 268.399
1166.79 242.86
1264.06 430.993
139.41 541.095
397.393 449.325
505.537 251.177
660.585 670.131
501.338 295.006
956.005 454.22
235.778 531.294
1108.37 568.232
352.44 588.742
172.247 466.979
386.644 556.335
1105.65 383.9
1200.93 305.919
936.484 401.604
318.73 252.11
403.774 411.441
502.318 505.31
1089.54 440.638
439.517 253.432
317.465 335.736
708.084 589.088
194.481 492.695
506.281 632.736
175.319 417.778
229.321 461.247
452.551 550.69
692.104 586.194
1106.89 368.419
84.3988 620.649
818.863 356.201
248.499 548.393
1000.48 549.091
999.191 543.902
1236.21 370.149
335.901 336.029
384.698 399.9
227.703 553.434
477.309 258.873
1196.67 459.286
286.598 260.268
239.738 260.867
253.579 557.899
1219.16 498.547
460.636 241.262
1161.78 226.451
407.085 515.378
1238.26 366.684
278.188 459.589
225.444 534.223
929.061 418.639
922.116 388.958
989.013 563.003
1099.12 461.612
411.102 314.675
521.685 607.258
924.512 409.178
943.883 454.135
290.526 259.011
925.459 621.677
415.161 287.587
691.217 583.056
275.53 589.586
228.325 533.751
150.996 535.865
1227.15 343.081
952.859 465.755
1349.59 416.663
929.405 577.222
252.559 468.435
277.369 589.722
1092.65 341.08
685.84 591.542
278.236 586.054
1246.22 385.908
194.481 492.695
937.195 412.259
525.058 435.864
315.632 591.42
851.886 511.927
933.443 410.23
527.761 267.929
1186.1 279.851
218.96 233.78
385.946 250.677
386.851 456.895
1195.55 298.042
192.944 555.647
859.686 456.916
242.067 235.532
945.526 429.21
300.781 459.462
540.855 619.833
1075.28 419.209
255.072 470.295
227.349 236.842
1231.55 360.856
370.517 557.502
1405.02 475.729
275.641 456.234
241.372 329.447
976.408 503.249
475 245.06
498.699 549.132
324.421 248.86
1079.93 351.805
1184.24 441.794
239.567 556.264
961.835 458.687
919.43 393.995
264.718 536.14
487.907 294.241
374.169 561.387
473.237 524.618
1205.36 309.194
1076.71 349.655
254.784 594.671
507.901 289.976
982.163 348.682
931.853 419.084
1136.67 511.322
1243.97 253.124
413.341 276.62
512.843 268.855
280.859 411.212
311.174 271.825
432.855 497.618
173.916 455.81
159.677 470.167
305.568 462.609
641.441 311.48
170.657 461.834
1155.44 457.901
1031.27 418.351
341.643 555.603
224.055 462.437
905.636 622.708
488.616 288.4
495.033 295.589
225.068 260.689
453.935 281.322
275.348 302.353
198.709 227.285
273.332 370.792
261.741 416.418
240.785 584.987
827.401 453.471
497.293 284.169
1009.56 383.749
946.791 452.3
509.942 638.663
337 468.981
322.668 271.895
1113.26 449.89
1042.81 422.564
487.325 314.279
247.488 467.722
971.267 510.204
271.988 463.164
477.487 260.644
236.038 303.142
1183.47 448.385
1183.9 270.496
517.658 561.841
237.455 594.754
1168.45 416.271
434.848 245.094
217.474 261.874
431.331 317.061
1215.01 487.978
471.622 494.833
762.081 640.494
1208.17 303.32
928.007 414.953
494.261 425.544
992.531 533.049
1202.75 303.204
949.813 459.536
229.069 308.723
934.381 402.535
829.294 751.677
602.878 635.218
281.735 554.694
915 273.29
1209.09 309.893
185.14 326.463
1238.34 366.461
842.263 418.172
493.387 260.375
291.512 342.919
152.814 488.168
169.221 452.128
930.608 412.759
477.356 243.118
185.858 459.962
192.63 531.457
349.89 350.317
816.646 354.872
154.784 462.56
1237.4 364.832
924.589 403.562
840.79 414.604
1045.96 556.476
1054.09 475.785
520.855 601.619
903.97 375.091
405.586 514.205
287.819 352.136
510.184 595.707
557.181 599.626
1151.78 221.464
604.745 598.4
857.605 457.131
1260.85 523.906
841.544 420.892
241.299 319.872
1071.29 443.767
912.068 577.159
608.797 637.245
245.969 534.244
873.322 457.864
304.361 360.674
685.874 660.33
293.262 427.548
1212.89 322.653
523.612 598.865
944.197 426.378
209.733 457.077
954.066 457.612
1162.61 229.576
965.54 472.972
948.325 450.378
971.667 487.256
1253 388.322
833.979 403.285
1339.05 500.548
584.59 578.211
283.612 555.061
227.788 453.686
480.289 485.889
286.572 551.032
285.506 273.808
1084.57 202.854
252.279 237.322
214.02 467.682
986.339 517.672
1101.79 388.005
143.653 529.353
509.125 628.639
971.122 502.605
249.608 587.286
762.081 640.494
306.453 456.461
1102.38 407.851
275.429 528.159
282.925 281.077
1179.57 435.587
430.29 500.218
232.711 557.572
475 245.06
991.059 543.156
270.357 242.123
1181.69 265.658
230.399 459.99
253.29 413.784
251.392 494.759
959.128 451.126
1169.97 488.278
1222.81 338.31
245.547 234.163
257.884 289.634
337.622 591.233
204.789 256.119
281.516 268.399
232.171 504.929
317.651 271.36
379.682 376.871
862.231 544.569
857.889 449.948
429.222 273.214
242.609 549.691
184.697 492.448
723.725 686.702
720.285 681.665
387.09 466.649
405.938 390.267
919.43 393.995
927.571 624.319
967.118 484.524
279.719 534.99
299.204 560.667
573.66 569.811
212.713 468.418
238.845 470.983
689.49 371.647
271.104 470.698
344.613 556.135
920.245 378.379
955.867 449.324
1021.17 398.936
472.789 300.987
271.948 278.959
492.733 544.608
1024.47 427.849
227.201 316.753
251.693 228.123
1227.15 343.081
189.007 535.71
466.907 243.899
263.498 556.518
1153.5 219.185
315.115 561.278
1068.19 397.414
1401.65 473.104
421.867 259.714
892.619 522.367
216.812 331.265
901.239 516.798
1226.74 237.768
861.804 448.486
930.608 412.759
330.617 557.458
198.622 554.717
879.624 495.261
1176.2 419.235
1022.39 436.184
1087.07 376.496
873.559 452.075
1147.65 438.739
363.791 478.735
383.486 555.758
1178.1 433.502
411.384 310.281
1162.11 235.854
1010.15 385.397
1089.11 553.945
222.96 229.093
1144.02 457.809
1217.86 334.934
308.447 271.205
939.721 435.05
1004.57 561.217
316.534 333.401
207.215 461.769
357.756 415.321
250.789 553.901
426.292 316.385
363.791 478.735
304.542 547.491
198.971 206.7
137.373 531.037
969.012 512.199
1228.98 338.928
954.441 461.872
492.733 544.608
1014.63 337.334
331.766 463.248
180.537 474.236
698.782 602.715
495.019 264.718
252.284 504.435
1181.52 266.196
230.222 499.84
1095.72 360.098
388.22 495.405
886.738 509.241
186.408 536.404
1090.27 350.242
376.305 552.552
449.346 470.659
409.825 509.809
1211.83 333.708
128.78 589.44
993.676 543.21
1202.23 292.806
725.752 722.801
1243.13 368.129
278.188 459.589
631.892 655.165
261.892 537.674
930.707 429.07
166.007 465.372
441.831 467.182
889.141 498.177
257.262 468.97
515.16 276.876
1235.63 361.286
1000.73 559.534
1214.05 324.373
920.288 400.508
246.365 466.569
280.041 550.32
500.709 258.772
501.382 291.702
1053.98 376.947
1089.74 384.836
495.411 581.768
224.436 462.491
959.01 478.353
915.534 575.796
921.094 589.736
453.109 279.162
568.331 554.296
931.926 410.066
1234.17 360.269
658.366 320.501
1179.72 429.231
317.39 286.79
303.317 556.507
898.886 510.666
156.845 466.481
1210.57 482.302
327.906 472.301
997.468 550.399
1242.2 375.508
256.934 550.063
312.598 329.169
909.816 563.913
223.46 493.784
293.587 590.807
516.547 600.789
251.701 587.135
331.766 463.248
229.647 559.206
910.729 386.234
954.066 457.612
201.581 241.157
907.755 371.121
1097.32 359.468
876.102 257.783
928.092 413.503
1025.55 389.379
551.348 612.958
356.191 472.726
216.259 552.094
963.291 460.582
259.543 465.492
413.28 436.091
452.542 466.985
1169.31 255.53
314.073 252.272
325.567 333.874
375.375 409.803
484.142 282.251
515.255 528.85
295.565 588.264
371.73 561.767
350.517 562.846
243.461 558.495
1194.31 457.048
948.484 459.313
692.527 579.36
473.175 566.887
939.447 416.039
739.99 621.196
899.666 519.789
1228.24 342.938
205.647 290.554
498.773 508.903
220.714 334.695
248.499 548.393
238.382 317.684
737.145 614.55
242.648 229.568
976.995 497.07
967.744 466.444
895.005 540.629
463.825 223.398
473.338 275.609
481.014 276.162
961.731 469.003
1213.25 481.139
974.876 506.841
1161.99 239.635
918.42 400.985
919.169 375.369
694.185 596.838
163.435 422.874
835.65 394.334
1164.51 229.191
237.509 224.148
419.878 257.056
847.241 520.136
341.866 242.023
1181.15 256.845
1142.53 479.602
871.777 560.141
950.834 446.975
188.732 475.379
343.08 551.642
167.152 535.225
928.36 409.573
426.42 558.845
1112.41 412.052
493.248 511.833
236.39 259.966
953.462 463.041
351.145 551.893
957.948 482.524
284.598 408.788
352.578 594.313
279.926 557.022
1234.37 353.108
924.02 579.543
389.012 237.121
921.368 407.658
1016.77 335.823
244.903 232.341
305.057 370.597
224.581 256.065
642.616 312.485
838.643 408.426
1234.17 360.269
798.702 656.544
366.427 352.679
1171.04 505.353
269.868 278.443
457.192 514.66
302.903 553.44
1080.72 354.403
948.37 456.89
523.291 563.867
230.338 263.71
945.656 455.803
237.589 456.624
957.699 461.247
236.879 263.174
184.131 455.189
913.271 554.769
184.579 462.383
294.707 590.586
337 468.981
283.719 427.38
1246.68 377.456
509.613 526.874
690.5 585.322
246.762 384.95
175.743 488.713
224.468 536.166
230.222 499.84
483.95 290.06
1214.91 218.382
237.92 494.424
1108.44 373.739
555.722 631.137
235.817 229.584
245.28 530.599
508.68 632.166
240.779 492.965
741.966 615.649
324.091 272.129
927.089 391.909
383.101 550.165
1230.22 349.322
955.815 463.841
706.343 559.781
940.974 407.938
1157.86 226.917
741.966 615.649
137.506 534.773
1169.26 504.295
710.717 589.972
428.822 529.605
1189.04 444.439
509.11 277.035
320.225 547.692
169.074 468.466
1028.61 420.289
396.704 434.215
545.694 581.155
1178.96 433.062
922.773 578.349
897.057 532.64
983.482 527.492
699.378 663.329
870.973 459.863
339.349 459.72
352.99 593.549
380.76 557.342
295.676 470.75
261.303 460.825
1162.95 467.789
1121.23 395.29
1095.68 571.85
580.793 414.46
280.818 537.618
238.781 459.778
511.832 610.101
417.573 279.046
232.977 469.113
1198.38 285.65
912.278 373.3
965.78 500.623
925.532 388.608
918.42 400.985
340.417 428.118
855.182 517.714
299.448 385.342
308.06 448.053
156.753 490.713
325.08 277.34
1154.96 477.372
512.843 268.855
197.608 556.494
1185.47 279.962
315.814 561.11
1071.29 443.767
838.643 408.426
356.675 587.952
222.611 531.435
801.375 642.802
918.283 381.632
644.81 362.708
1193.84 285.013
285.076 558.799
971.122 502.605
1087.07 376.496
871.376 453.571
1022.33 413.11
261.436 393.433
411.294 480.779
267.813 451.383
932.836 576.285
1147.17 449.807
347.372 228.105
490.428 257.166
963.263 489.754
966.033 483.094
167.265 556.703
1081.47 436.399
849.869 527.337
1176.56 498.119
489.249 267.613
563.244 604.23
312.585 342.43
672.5 326.375
282.981 277.875
1221.32 228.078
1205.71 302.628
461.77 336.462
1251.88 390.645
689.313 586.887
412.707 517.101
244.287 452.596
190.438 460.388
284.064 552.716
974.884 512.49
1050.13 457.87
418.645 563.334
459.133 241.524
156.908 465.045
460.906 484.155
408.569 516.462
1180.21 272.071
733.565 619.685
553.78 361.399
283.837 378.872
1152.47 215.07
1189.83 449.348
256.969 303.909
1235.67 365.288
911.139 370.674
1225.92 339.982
88.3488 617.979
1012.26 275.899
963.335 485.596
928.851 432.894
345.333 466.908
259.281 234.165
1185.28 509.914
222.09 229.029
304.918 300.887
499.403 303.295
954.839 481.201
331.175 551.286
179.101 475.237
236.688 307.672
782.341 289.947
784.63 723.599
159.947 464.45
1046.23 476.712
1172.76 420.135
238.292 251.655
235.332 262.653
1000.9 379.34
1214.76 333.585
239.493 305.749
1046.24 369.204
245.147 555.444
886.078 524.359
419.553 254.295
1045.26 473.252
203.349 196.339
701.405 589.636
1253.44 525.692
232.977 469.113
337.622 591.233
270.483 533.158
277.193 589.776
838.237 519.396
326.38 557.263
1137.14 433.033
492.917 549.679
250.511 383.689
274.45 462.32
535.402 329.831
611.644 637.156
297.407 403.969
493.096 273.378
954.294 470.093
914.073 395.485
245.915 558.632
954.294 470.093
822.211 368.565
1161.37 236.614
278.564 302.193
450.745 351.749
491.738 261.13
914.55 392.251
989.013 563.003
468.714 495.235
846.036 403.846
933.443 410.23
320.226 274.154
960.608 465.503
771.432 650.667
217.47 465.541
210.525 554.848
692.104 586.194
162.989 462.04
912.922 376.647
535.157 450.806
1086.31 415.514
156.753 490.713
501.575 419.921
534.114 541.213
1208.65 314.088
242.648 229.568
411.384 310.281
343.08 551.642
191.013 458.95
957.699 461.247
1215.84 166.986
1124.14 402.073
425.149 259.608
156.858 463.222
209.865 220.924
1200.54 462.445
190.522 198.012
316.934 253.023
979.51 508.881
829.604 388.205
1010.67 344.819
150.996 535.865
1008.33 384.499
528.607 444.438
976.114 497.133
869.785 463.247
628.87 652.859
953.462 463.041
791.21 725.839
945.991 458.857
1076.81 353.889
1153.5 219.185
847.028 522.775
373.892 554.541
1081.18 368.638
1147.34 219.172
1168.57 420.692
142.148 559.331
376.11 432.823
207.215 461.769
375.745 559.934
932.512 399.644
629.351 294.818
580.885 646.249
230.327 261.81
145.675 545.455
417.573 279.046
999.675 559.469
263.682 397.396
150.327 490.048
959.222 490.316
911.419 585.89
421.902 247.997
1152.77 447.706
496.412 270.141
782.185 726.171
901.748 548.607
425.06 257.848
1213.89 335.224
207.431 462.905
197.008 467.494
285.713 354.615
957.282 479.347
240.928 233.324
266.671 273.259
157.869 558.124
841.544 420.892
334.734 464.292
983.129 535.64
915.995 379.318
920.831 580.768
955.24 463.182
652.204 670.876
939.721 435.05
1217.84 330.791
656.307 315.972
212.17 502.241
1167.71 421.35
164.221 451.276
1189.35 442.571
241.137 585.076
548.608 205.975
1024.9 371.752
242.982 308.954
211.619 507.007
1244.24 213.643
215.831 201.153
1035.24 347.331
1202.74 458.861
1158.88 234.815
345.991 560.035
912.068 577.159
659.405 319.802
1029.73 345.78
1251.35 389.486
1215.12 338.22
281.331 365.576
222.631 529.845
782.371 723.777
1213.47 476.83
994.45 543.516
169.248 454.76
855.126 425.353
186.852 531.164
1189.04 444.439
162.651 466.378
229.137 506.729
170.923 437.263
207.92 561.8
276.487 449.264
230.399 459.99
1022.26 375.776
206.884 491.31
1167.25 407.284
943.446 275.954
171.094 453.724
1194.99 293.879
1092.03 381.449
906.619 371.834
320.359 444.772
1156.17 469.264
1171.65 406.129
237.785 504.676
253.844 237.641
841.209 511.173
525.361 272.521
223.46 493.784
497.664 258.957
421.656 345.943
1173.01 416.592
390.845 247.885
956.435 480.94
968.916 291.636
172.934 490.29
1049.29 472.089
1240.81 368.05
969.204 495.938
1180.25 441.26
314.073 252.272
899.1 550.662
380.396 550.002
278.188 459.589
914.88 369.01
495.006 258.388
361.235 551.097
305.415 457.5
461.447 235.262
405.926 564.199
330.717 469.292
912.278 373.3
320.02 427.927
346.973 201.144
1126.79 401.322
1155.76 235.031
243.346 261.067
1244.69 384.145
185.418 489.82
288.919 461.387
962.67 455.311
407.803 562.815
1153.85 213.041
228.562 457.697
445.85 543.085
902.63 564.428
953.581 479.351
487.907 294.241
906.764 378.628
303.094 465.885
1100.32 462.14
1185.53 508.089
521.319 433.1
1081.47 436.399
955.822 303.23
501.17 266.789
358.184 555.486
860.804 462.252
730.581 625.723
413.666 559.664
1214.58 318.252
494.612 271.816
1206.84 479.944
964.841 473.73
290.162 274.882
337.462 455.852
182.406 449.679
930.843 397.693
295.565 588.264
249.261 557.375
317.586 336.905
972.305 513.365
935.487 435.66
252.222 503.66
1081.41 356.646
595.195 654.668
899.1 550.662
199.661 461.129
990.479 566.135
1074.94 443.412
1094.99 552.682
900.313 549.282
1213.25 481.139
424.682 256.99
930.719 620.38
201.269 494.112
832.191 388.895
1207.67 310.235
851.842 441.443
1168.67 405.204
238.771 551.658
472.789 300.987
1203.69 470.926
263.767 280.064
901.748 548.607
853.217 417.301
522.879 271.36
358.713 592.23
890.808 522.739
233.921 536.975
254.473 445.621
442.771 294.21
334.648 458.568
282.664 533.746
139.367 532.455
275.565 379.936
1045.26 473.252
242.779 307.169
279.966 589.228
894.162 666.618
918.404 581.621
425.442 273.26
218.383 560.986
367.058 365.154
243.237 310.061
1002.37 397.026
466.751 539.112
805.018 732.328
309.364 556.442
447.225 325.519
190.432 492.979
218.897 280.337
328.496 471.484
328.089 252.496
201.057 550.191
194.616 464.277
411.68 313.961
1222.64 341.655
435.661 454.03
1124.15 412.833
819.395 362.388
1194.99 293.879
1098.71 421.863
262.013 242.237
1183.84 273.965
208.65 468.494
1402.4 475.83
269.886 549.399
1242.2 375.508
1075.61 544.265
173.53 491.208
1206.2 300.301
1231.2 361.656
408.175 473.676
1117.62 423.173
958.538 487.411
222.682 325.79
248.038 451.623
320.225 547.692
1204.16 474.256
324.933 548.302
497.117 585.649
874.753 453.671
309.502 251.124
237.589 456.624
191.83 464.25
505.485 290.506
281.964 354.102
821.061 443.166
316.821 420.324
460.636 241.262
284.361 224.272
1123.14 432.457
491.738 261.13
334.583 556.719
139.199 559.717
300.332 468.829
632.307 290.462
311.407 246.893
198.385 312.9
160.771 535.564
849.83 519.092
239.33 305.869
168.689 463.903
428.822 529.605
1162.11 235.854
279.41 218.164
249.098 243.413
517.843 523.643
450.099 480.892
936.037 424.145
1180.37 267.751
364.179 553.258
487.325 314.279
856.983 539.905
301.527 340.101
954.806 466.129
268.859 278.628
1357.76 422.124
1354.64 446.139
249.681 532.124
155.255 489.452
1021.06 376.713
277.193 589.776
843.25 520.092
336.112 549.204
296.129 562.275
908.82 583.96
1063.17 427.855
1026.16 372.548
1169.76 410.287
229.977 257.449
393.892 411.974
323.085 555.191
1174.35 261.663
499.828 275.667
480.366 257.618
1192.46 296.669
185.965 459.609
192.599 312.3
889.08 521.385
948.484 459.313
285.758 451.622
1249.42 387.623
235.91 228.527
1167.77 485.633
837.643 400.185
1249.61 391.387
986.815 563.107
154.784 462.56
858.062 431.237
1193.01 287.598
865.077 455.126
1165.39 405.745
381.251 400.786
1116.41 382.223
447.078 475.802
235.847 457.315
862.231 544.569
655.294 673.196
1004.8 555.844
844.9 500.075
142.148 559.331
185.361 492.581
1187.75 289.069
917.933 579.118
298.345 369.953
964.078 495.382
956.005 454.22
185.83 325.66
647.328 307.605
926.744 403.942
322.451 275.703
1007.36 266.921
1230.02 352.182
190.729 493.229
282.608 280.334
1191.91 445.361
1211.24 481.296
492.917 549.679
1062.13 493.15
876.2 488.156
512.249 274.669
1092.13 350.251
504.156 263.003
162.817 458.111
863.825 461.986
496.31 500.597
979.544 523.037
1018.3 378.273
286.875 589.987
459.928 228.829
687.735 580.191
835.759 718.343
242.315 533.063
1068.19 397.414
1135.62 514.289
175.322 463.963
490.925 634.182
249.871 535.426
1185.29 266.809
997.16 541.699
1232.54 356.472
1110.32 418.637
414.448 437.482
934.919 406.13
818.147 430.051
1158.1 227.827
289.812 453.874
985.462 539.23
275.033 458.915
315.97 593.481
953.884 448.44
224.676 461.505
196.536 478.526
96.1232 612.714
974.884 512.49
153.404 528.619
143.807 553.329
311.26 275.878
314.358 266.427
641.441 311.48
311.532 454.414
989.102 525.503
360.871 402.754
1165.18 407.57
993.676 543.21
624.288 291.608
211.492 455.422
1017.69 369.327
1046.28 587.46
888.807 514.969
588.312 616.714
690.5 585.322
734.813 620.316
1032.24 453.653
689.313 586.887
889.771 530.164
488.611 254.69
985.963 546.756
1001.44 552.696
954.806 466.129
207.718 459.899
982.55 530.735
333.118 449.89
1195.53 455.839
997.468 550.399
424.265 495.741
82.4476 621.974
238.554 268.834
309.685 473.731
1132.4 463.795
1187.66 511.695
1125.05 409.451
1239.19 372.175
1077.39 351.645
454.001 228.76
824.757 720.18
300.687 558.015
815.352 360.895
217.47 465.541
315.88 340.24
284.31 268.225
299.048 364.011
207.047 535.397
943.019 436.08
288.942 209.885
407.566 563.724
169.687 390.837
1214.96 490.406
361.14 411.638
1182.23 278.792
510.217 642.303
412.662 514.651
1193.01 287.598
1213.09 490.688
227.692 454.913
214.305 489.807
237.871 322.967
870.164 453.828
282.82 451.589
263.147 454.607
730.581 625.723
976.25 512.364
1000.32 380.847
1152.47 215.07
1092.13 350.251
406.56 437.361
1226.5 346.421
879.624 495.261
276.652 462.574
1189.79 276.528
918.591 387.979
1192.28 279.981
814.781 403.952
244.492 313.11
928.36 409.573
516.696 287.318
309.364 556.442
378.824 420.122
380.285 426.106
196.121 285.295
172.448 442.954
948.478 477.814
227.866 259.724
1246.3 373.717
987.404 354.755
256.046 280.525
1236.21 370.149
1345.04 498.411
631.251 650.134
846.702 420.679
833.544 398.828
169.729 551.816
298.753 263.716
221.817 533.029
238.003 529.774
227.215 559.113
259.396 459.132
167.753 463.003
1023.74 374.086
491.587 308.735
1137.14 433.033
285.035 350.887
328.74 427.68
1148.39 211.541
167.626 419.031
433.242 317.456
538.004 238.996
930.694 403.786
632.71 612.88
1221.64 343.495
1231.81 247.597
709.974 588.721
365.675 352.728
843.877 508.127
905.636 622.708
1160.43 233.952
964.078 495.382
619.458 591.152
1158.94 229.373
913.271 554.769
455.364 475.274
812.217 352.243
274.974 353.387
254.473 445.621
505.442 261.736
278.671 412.285
559.83 596.843
234.748 554.596
899.118 557.89
1100.7 397.114
952.76 458.798
957.316 304.094
373.667 289.56
339.882 312.49
928.007 414.953
956.051 453.516
1029.88 417.759
928.007 414.953
337.691 552.862
1224.08 337.736
543.738 685.943
355.519 592.429
219.507 330.204
316.646 268.182
1072.52 349.051
405.144 302.214
1148.21 480.583
1180.8 438.366
989.102 525.503
181.246 536.402
218.051 333.736
861.544 456.363
852.166 521.967
1227.39 351.307
860.264 530.189
144.96 532.649
273.968 461.887
165.439 414.383
918.703 384.601
163.894 542.618
868.468 466.335
651.984 316.052
924.513 582.59
316.594 340.146
823.527 446.47
970.442 504.926
198.117 548.945
641.829 622.148
1183.96 277.099
966.104 470.424
890.808 522.739
1169.26 504.295
242.404 586.988
301.327 379.403
1181.69 265.658
227.241 225.462
852.676 433.755
885.783 488.861
1217.66 496.285
510.411 425.975
919.169 375.369
839.163 711.258
181.176 535.115
946.063 449.081
1177.87 436.809
610.152 673.716
1217.66 496.285
1210.66 491.903
233.5 528.09
1072.97 350.932
249.56 456.298
199.149 302.74
879.308 502.589
292.112 262.85
340.707 251.684
370.359 362.893
137.251 533.417
845.748 426.269
333.901 273.301
257.773 584.407
1149.73 443.761
843.458 507.441
216.366 462.902
1170.49 420.28
265.043 356.207
1042.81 422.564
239.856 389.784
356.281 589.75
1218.19 337.809
285.227 273.654
1092.06 495.89
926.151 409.402
169.769 531.335
1125.05 409.451
284.064 552.716
671.2 325.585
373.667 289.56
1015.6 395.297
1214.3 315.768
1083.18 420.733
454.032 289.846
285.322 304.244
968.861 484.003
186.779 492.823
706.309 415.18
1133.87 413.902
1064.88 471.759
1179.57 275.803
501.126 583.879
614.148 634.339
284.31 268.225
633.657 692.12
887.44 519.799
253.954 554.831
159.905 455.624
243.725 241.912
1215.01 487.978
1001.56 272.225
922.815 411.81
956.435 480.94
886.809 521.663
512.278 564.606
279.242 589.452
260.45 549.507
269.501 454.086
478.902 280.693
376.459 418.603
1132.31 439.124
199.932 552.178
1081.69 480.168
911.826 545.351
1086.31 415.514
276.318 587.112
928.092 413.503
237.785 504.676
1156.77 224.135
1004.76 563.587
1162.8 477.709
473.551 228.149
135.108 545.687
188.4 463.979
997.468 550.399
259.153 469.191
1236.6 251.389
1165.11 416.42
1156.77 224.135
379.682 376.871
968.861 484.003
172.592 473.631
335.604 590.928
490.323 507.151
549.162 249.23
494.921 297.299
915.024 387.508
211.067 230.299
1001.44 552.696
717.846 596.576
1214.03 170.924
542.68 543.198
929.821 578.107
474.982 310.452
1150.26 481.697
303.661 469.687
568.221 598.84
1256.34 389.424
276.501 587.134
316.358 247.804
297.341 414.23
441.677 542.147
241.134 324.901
1154.98 220.554
956.278 459.002
276.481 268.263
305.665 411.144
838.256 277.707
157.017 468.728
1097.56 352.575
217.081 468.412
371.307 444.763
151.456 554.466
318.575 556.158
1222.28 499.693
870.44 457.68
302.947 386.858
1074.28 347.238
963.526 493.331
974.354 510.436
831.234 393.175
889.141 498.177
930.694 403.786
285.078 451.904
1133.02 519.968
389.45 299.764
1098.97 387.496
1179.57 435.587
293.397 397.567
1201.73 479.718
1240.44 372.452
218.488 559.715
433.242 317.456
1199.18 471.72
838.643 408.426
806.102 663.196
1215.22 500.104
184.707 530.904
1021.91 378.808
167.29 530.742
149.35 549.349
151.969 534.9
320.353 333.256
233.463 263.158
935.28 412.395
192.338 491.516
1339.05 500.548
345.352 464.261
1033.62 357.407
507.999 647.607
1156.88 230.163
495.902 509.156
490.287 575.186
229.681 557.469
978.391 312.907
1008.74 343.592
425.124 247.809
772.631 751.581
258.133 466.173
934.313 413.449
1184.71 269.3
201.941 492.134
220.714 334.695
1106.6 383.969
316.068 265.067
565.346 554.814
1122.28 410.286
300.931 356.648
384.895 558.189
434.966 253.261
897.057 532.64
1077.39 351.645
382.121 400.315
912.35 575.763
428.593 463.694
998.587 350.275
312.374 249.197
296.433 553.899
239.231 559.351
1116.14 384.899
292.211 356.236
201.203 258
917.862 559.685
908.568 583.126
160.771 535.564
215.335 461.26
1181.4 437.874
1092.21 342.531
356.191 472.726
378.826 269.639
427.463 272.991
227.866 259.724
1180.8 438.366
562.206 560.727
517.894 564.231
1070.57 524.851
979.774 520.626
325.76 459.055
429.576 317.091
252.222 503.66
909.31 582.885
922.587 571.29
289.324 305.836
774.187 621.88
428.207 317.084
1180.34 265.276
1180.34 265.276
962.474 489.88
365.902 445.169
880.557 504.882
1098.97 387.496
929.061 418.639
930.838 401.492
918.703 384.601
1072.36 397.005
865.907 455.626
167.033 559.477
239.326 322.462
1157.34 225.648
1217.86 334.934
1239 368.665
673.126 597.912
647.766 633.8
161.837 452.8
343.843 370.749
990.071 371.113
919.013 579.881
163.269 464.832
199.33 271.942
921.341 585.657
1405.02 475.729
672.524 383.384
902.63 564.428
292.46 354.728
1152.4 452.34
1176.05 423.646
1051.24 496.053
929.148 644.123
1183.25 264.774
512.683 595.306
1227.39 351.307
856.116 450.823
495.877 549.346
1240.05 380.369
308.075 459.412
228.411 313.92
796.907 727.158
232.689 261.284
957.282 479.347
947.796 465.635
212.145 467.147
917.297 371.364
1171.57 249.232
850.411 392.642
316.07 208.83
702.882 590.918
1360.7 496.204
982.017 506.331
919.43 561.282
846.546 506.647
956.843 478.452
399.72 292.369
1187.14 452.591
856.397 454.337
383.939 410.594
1230.73 358.447
1172.19 252.424
1253 388.322
1166.78 243.152
892.619 522.367
268.267 377.397
1081.74 355.642
253.844 237.641
932.512 399.644
277.334 466.403
959.222 490.316
1243.98 370.75
219.042 452.528
1009.77 446.694
634.876 308.963
162.405 423.643
939.222 436.981
1042.81 477.909
224.436 462.491
1086.07 350.286
1008.61 363.714
207.984 531.205
226.593 264.094
404.827 561.606
834.575 404.842
1186.46 434.616
406.208 556.161
1097.11 395.909
1078.58 401.168
1236.03 367.318
1076.84 419.735
172.617 491.601
1183.1 440.172
527.706 551.203
956.843 478.452
1103.36 387.55
882.476 508.331
966.469 469.657
1209.92 486.611
153.775 547.71
1242.02 378.631
238.688 590.942
1186.75 449.716
310.497 291.058
415.21 278.661
523.612 598.865
947.705 435.119
1071.29 443.767
913.664 572.029
350.265 554.409
275.033 458.915
952.565 481.705
835.759 718.343
929.443 415.719
202.718 311.183
359.3 338.397
914.494 574.316
298.635 357.701
878.349 451.812
263.816 460.312
1159.86 463.208
473.371 270.079
1149.73 443.761
427.361 251.697
1204.31 473.414
243.461 558.495
271.808 461.812
906.955 626.542
495.292 418.29
1389.21 473.043
301.37 554.788
421.372 468.349
221.094 493.131
549.882 249.253
495.411 581.768
920.288 400.508
512.992 419.92
936.037 424.145
161.554 456.337
282.82 451.589
234.401 533.775
1184.27 265.336
1120.71 404.623
136.337 547.814
944.28 449.515
904.061 565.84
273.429 376.2
1045.08 368.001
1092.61 479.348
929.919 397.925
517.717 599.25
275.641 456.234
792.811 739.131
366.274 548.636
305.081 464.675
216.236 471.489
237.526 301.466
903.944 379.414
181.72 475.282
390.342 563.804
937.284 432.097
259.934 451.971
839.246 415.365
968.455 512.114
1337.17 501.178
332.763 596.367
626.652 608.177
1097.32 359.468
335.623 561.845
411.346 549.926
318.253 550.438
332.485 229.949
274.375 470.782
1231.61 358.023
1014.79 338.998
176.769 448.21
219.611 534.286
857.578 460.822
848.327 519.451
330.727 466.888
526.662 537.656
1221.64 343.495
433.851 560.897
989.735 545.857
1089.3 380.78
1178.66 419.687
233.112 461.023
486.22 554.139
276.501 587.134
1161.99 239.635
214.984 226.278
363.884 430.609
458.91 469.231
337.1 595.345
365.746 442.844
251.15 471.015
918.591 387.979
920.341 588.21
873.366 485.819
373.667 289.56
293.114 282.698
1219.76 327.766
497.971 293.723
408.784 549.86
1214.03 170.924
830.131 385.688
1230.61 364.329
910.655 630.694
293.742 587.733
196.121 285.295
271.15 591.19
341.228 552.657
986.339 517.672
346.023 260.702
287.932 265.64
221.308 494.645
235.029 492.826
1155.28 224.717
391.038 550.193
160.145 531.807
1216 337.849
333.493 561.199
498.699 549.132
433.499 555.297
1237.2 353.845
1164.3 237.88
1167.77 485.633
194.78 531.49
1190.65 287.142
693.239 584.64
1129.94 411.453
957.07 460.087
487.766 260.287
1111.66 413.401
233.451 472.816
1071.42 490.943
693.239 584.64
1133.18 527.846
