0 2641
1 185
2 814
3 5733
4 2645
5 4573
6 6828
7 4277
8 4082
9 1223
10 145
11 7876
12 3165
13 6452
14 4989
15 1927
16 4827
17 3673
18 1207
19 7529
20 3614
21 3297
22 3040
23 1873
24 1935
25 6882
26 5760
27 2112
28 1545
29 5654
30 1284
31 1440
32 4184
33 3323
34 88
35 2744
36 3403
37 8957
38 1758
39 3355
40 4200
41 5174
42 8745
43 1221
44 6988
45 7034
46 6193
47 3301
48 1965
49 3548
50 7320
51 1316
52 7858
53 8330
54 351
55 3393
56 7
57 1467
58 3784
59 5895
60 7113
61 7709
62 1620
63 170
64 367
65 1218
66 7830
67 5155
68 8016
69 4127
70 8088
71 2703
72 5228
73 2340
74 6897
75 3199
76 3
77 1104
78 3710
79 4552
80 4332
81 4342
82 7558
83 6284
84 4472
85 5780
86 359
87 8899
88 7055
89 3815
90 8087
91 8518
92 344
93 2328
94 3341
95 3141
96 1540
97 6340
98 353
99 3496
100 7051
101 356
102 1814
103 5245
104 8417
105 324
106 1784
107 3678
108 2086
109 8753
110 6192
111 5561
112 4302
113 3588
114 8688
115 8815
116 148
117 7932
118 303
119 4783
120 473
121 3666
122 4574
123 2142
124 4463
125 8595
126 7275
127 8410
128 3302
129 5694
130 1281
131 7094
132 8749
133 8966
134 5704
135 7064
136 3076
137 5175
138 2278
139 1487
140 2843
141 2441
142 3352
143 8956
144 8121
145 8012
146 7506
147 9103
148 2154
149 4214
150 9
151 4656
152 4199
153 1716
154 4463
155 1877
156 5143
157 3399
158 6903
159 8621
160 5245
161 1343
162 6822
163 4950
164 264
165 3733
166 4603
167 1804
168 3484
169 5512
170 2036
171 1799
172 4753
173 1284
174 4746
175 4732
176 8845
177 4951
178 6491
179 2527
180 5261
181 8632
182 5304
183 1876
184 6130
185 3328
186 7939
187 883
188 7117
189 8136
190 7363
191 6883
192 6539
193 466
194 293
195 9106
196 6876
197 2680
198 1264
199 5685
200 1717
201 8932
202 5071
203 1437
204 7623
205 2240
206 8011
207 3102
208 9105
209 8485
210 8417
211 9112
212 6418
213 6353
214 4947
215 8970
216 5835
217 5626
218 3008
219 3868
220 6545
221 4244
222 8587
223 2367
224 9251
225 7646
226 9037
227 480
228 2791
229 4419
230 7922
231 1140
232 7448
233 8454
234 293
235 5653
236 437
237 6122
238 5222
239 4564
240 8919
241 8773
242 1171
243 1588
244 8741
245 2290
246 9153
247 1205
248 21
249 7769
250 5557
251 140
252 5573
253 7376
254 1172
255 8552
256 8538
257 7027
258 1202
259 2130
260 5250
261 2129
262 2880
263 2079
264 5631
265 3507
266 3547
267 6498
268 4448
269 5030
270 1115
271 9320
272 6970
273 7883
274 1205
275 3133
276 9115
277 262
278 320
279 5061
280 5112
281 7876
282 6395
283 8885
284 7850
285 5343
286 7094
287 7001
288 9262
289 6981
290 4771
291 2335
292 4027
293 93
294 3248
295 3082
296 5310
297 427
298 4958
299 135
300 1207
301 4414
302 5062
303 2014
304 4626
305 2529
306 4422
307 6366
308 5855
309 2019
310 4731
311 2016
312 5554
313 4647
314 39
315 8568
316 8707
317 3104
318 7601
319 7621
320 3390
321 2510
322 471
323 7536
324 6395
325 1965
326 8012
327 4818
328 3402
329 7770
330 2402
331 2959
332 177
333 847
334 7977
335 425
336 107
337 9245
338 7221
339 159
340 3958
341 2793
342 4450
343 6362
344 346
345 1661
346 8416
347 5319
348 2367
349 3701
350 4747
351 3201
352 7855
353 3380
354 1890
355 1372
356 4204
357 2566
358 227
359 4581
360 5715
361 1372
362 2290
363 1249
364 5178
365 1786
366 1171
367 1249
368 3708
369 2510
370 5222
371 8753
372 343
373 5939
374 3725
375 1499
376 1531
377 2845
378 7925
379 5475
380 7366
381 8781
382 1318
383 8290
384 612
385 1863
386 4448
387 8148
388 1205
389 4936
390 5269
391 4546
392 3327
393 479
394 9028
395 8744
396 4770
397 8967
398 599
399 7804
400 6233
401 8559
402 7123
403 4668
404 8485
405 4187
406 416
407 4189
408 1875
409 8457
410 7987
411 9055
412 45
413 2789
414 127
415 5100
416 2168
417 4079
418 2595
419 3570
420 3315
421 6842
422 7299
423 921
424 4141
425 5145
426 5831
427 6957
428 1809
429 7012
430 3281
431 6435
432 2692
433 2032
434 3225
435 1202
436 1432
437 1645
438 4741
439 5873
440 5029
441 4783
442 2763
443 7306
444 3345
445 2093
446 5611
447 1927
448 2927
449 3586
450 8077
451 7770
452 9229
453 2504
454 6514
455 281
456 2351
457 1218
458 7169
459 8201
460 8938
461 8816
462 1612
463 4440
464 8784
465 4066
466 5291
467 9020
468 4474
469 3339
470 3693
471 7048
472 8407
473 8936
474 1605
475 6965
476 7655
477 3239
478 4270
479 5645
480 1265
481 19
482 1060
483 4063
484 4601
485 8063
486 9007
487 8281
488 4576
489 8156
490 4737
491 5253
492 6907
493 8435
494 3145
495 2161
496 1008
497 2024
498 1222
499 7082
500 8681
501 5693
502 4972
503 9238
504 682
505 36
506 4473
507 122
508 1284
509 8120
510 6074
511 106
512 8124
513 8666
514 4059
515 4460
516 1684
517 1265
518 5259
519 3515
520 6388
521 5039
522 452
523 1150
524 5148
525 8301
526 5558
527 1695
528 1202
529 1389
530 8696
531 1274
532 6429
533 672
534 7476
535 3232
536 6858
537 4130
538 4530
539 1252
540 6434
541 7874
542 7521
543 2475
544 1567
545 1666
546 5266
547 4982
548 7170
549 3080
550 4384
551 5813
552 3823
553 750
554 7859
555 1255
556 2091
557 4610
558 6900
559 7901
560 1703
561 6078
562 1282
563 3167
564 1685
565 4769
566 5844
567 4631
568 3
569 890
570 4094
571 3182
572 5178
573 1514
574 3284
575 4541
576 23
577 1221
578 1708
579 1855
580 4147
581 5454
582 5584
583 1397
584 4469
585 8792
586 3096
587 5737
588 5160
589 3382
590 4656
591 1171
592 8751
593 6718
594 7418
595 9073
596 3505
597 8052
598 2515
599 3496
600 1185
601 818
602 1606
603 4470
604 3096
605 7999
606 6882
607 4852
608 8540
609 1884
610 1530
611 1883
612 1862
613 3843
614 8991
615 3640
616 6198
617 1981
618 4694
619 2753
620 4195
621 5579
622 5585
623 533
624 2542
625 2159
626 2635
627 1040
628 291
629 5532
630 1289
631 9034
632 1433
633 3699
634 6933
635 7468
636 6072
637 7766
638 8701
639 4406
640 4175
641 270
642 3158
643 4834
644 96
645 4326
646 2659
647 8043
648 5841
649 868
650 2598
651 4490
652 6882
653 1208
654 8043
655 5285
656 2644
657 8396
658 5938
659 5115
660 4035
661 1547
662 8394
663 1249
664 4374
665 9011
666 647
667 3346
668 260
669 1616
670 3123
671 125
672 8098
673 4716
674 8283
675 1906
676 3145
677 1104
678 6903
679 102
680 6154
681 1372
682 8816
683 2474
684 965
685 394
686 2081
687 1236
688 5467
689 2360
690 5887
691 7050
692 5570
693 8051
694 3607
695 7555
696 1992
697 6888
698 6165
699 8283
700 8432
701 2881
702 7974
703 4499
704 1250
705 4912
706 6599
707 5598
708 5244
709 8099
710 2921
711 2099
712 3743
713 5540
714 1750
715 3700
716 9054
717 9071
718 5008
719 7984
720 5882
721 8911
722 1942
723 4367
724 5039
725 2932
726 8692
727 5511
728 4728
729 5594
730 1249
731 5486
732 1171
733 2843
734 3259
735 205
736 6286
737 1925
738 2140
739 7344
740 8783
741 7857
742 1952
743 5018
744 8367
745 1208
746 9151
747 2933
748 5695
749 4412
750 2102
751 4468
752 5791
753 8149
754 5234
755 1478
756 8790
757 8053
758 8043
759 4825
760 1328
761 1515
762 1643
763 2574
764 1168
765 1646
766 2887
767 6149
768 5683
769 2637
770 1945
771 8925
772 6843
773 3527
774 4302
775 7953
776 4819
777 2008
778 7095
779 3377
780 7375
781 7804
782 7608
783 823
784 1634
785 5609
786 5683
787 201
788 5019
789 3200
790 3557
791 6435
792 4805
793 3403
794 9325
795 1
796 6362
797 7987
798 8573
799 7146
800 7016
801 6358
802 4522
803 6495
804 7045
805 5236
806 8574
807 5399
808 9242
809 958
810 6174
811 2695
812 4238
813 1171
814 7180
815 6071
816 3006
817 7637
818 4520
819 3333
820 4928
821 6942
822 2178
823 4162
824 4561
825 8594
826 1714
827 4828
828 2531
829 3145
830 5069
831 6882
832 2776
833 5213
834 7042
835 5175
836 3247
837 3371
838 3656
839 2811
840 4754
841 1171
842 1816
843 4851
844 6342
845 4263
846 3425
847 7096
848 4353
849 4677
850 8698
851 8276
852 8662
853 6795
854 1247
855 392
856 574
857 8864
858 7809
859 376
860 4430
861 3549
862 8105
863 950
864 5892
865 2827
866 4228
867 2626
868 1173
869 6750
870 5815
871 2488
872 4890
873 2078
874 6119
875 2854
876 8784
877 124
878 2854
879 9153
880 2687
881 5846
882 6587
883 8914
884 427
885 4826
886 4818
887 7716
888 6121
889 4445
890 7963
891 1218
892 3550
893 1846
894 2583
895 4977
896 7613
897 4371
898 1207
899 8365
900 3443
901 7936
902 5251
903 7812
904 1752
905 3250
906 2550
907 3780
908 2977
909 1223
910 1987
911 6008
912 3436
913 2500
914 7114
915 8864
916 4278
917 4940
918 363
919 2182
920 3230
921 5071
922 3724
923 3620
924 2551
925 2109
926 6600
927 7956
928 6165
929 6442
930 6000
931 3469
932 1249
933 4591
934 5234
935 5415
936 4033
937 1223
938 5325
939 1218
940 3713
941 1809
942 4632
943 835
944 9091
945 7763
946 1218
947 7317
948 7909
949 6208
950 1205
951 647
952 7542
953 2651
954 7087
955 5321
956 7053
957 8862
958 5849
959 7064
960 3181
961 6937
962 3626
963 6126
964 1218
965 3623
966 3760
967 1202
968 2009
969 7603
970 745
971 8409
972 2156
973 5629
974 9106
975 2012
976 4058
977 4406
978 27
979 4317
980 6596
981 4422
982 3630
983 4126
984 5553
985 1223
986 8451
987 8722
988 5707
989 1019
990 192
991 7390
992 2377
993 363
994 4791
995 8740
996 1699
997 2731
998 5913
999 6370
1000 5436
1001 4993
1002 311
1003 4925
1004 7556
1005 1158
1006 7462
1007 2814
1008 3612
1009 304
1010 1255
1011 1284
1012 1171
1013 2461
1014 3777
1015 9002
1016 3189
1017 5332
1018 9204
1019 1857
1020 3725
1021 4791
1022 5226
1023 1501
1024 8968
1025 9194
1026 123
1027 8320
1028 781
1029 6123
1030 6882
1031 5854
1032 5673
1033 4188
1034 8485
1035 3626
1036 1117
1037 5278
1038 1850
1039 1996
1040 9098
1041 1
1042 2843
1043 1188
1044 795
1045 3098
1046 3524
1047 4488
1048 7941
1049 207
1050 3578
1051 7733
1052 3271
1053 1620
1054 5558
1055 6088
1056 8381
1057 1221
1058 9019
1059 3066
1060 9066
1061 3461
1062 3368
1063 6333
1064 4172
1065 8442
1066 7869
1067 4151
1068 4502
1069 1297
1070 5427
1071 8142
1072 2461
1073 8582
1074 8298
1075 6874
1076 7322
1077 5815
1078 109
1079 2338
1080 5189
1081 7049
1082 1247
1083 1736
1084 5622
1085 3715
1086 7843
1087 5055
1088 7362
1089 5234
1090 5607
1091 5562
1092 1169
1093 7850
1094 1765
1095 4603
1096 3692
1097 1222
1098 1171
1099 5216
1100 6010
1101 6153
1102 3453
1103 1207
1104 6973
1105 8126
1106 1218
1107 6184
1108 4505
1109 356
1110 6783
1111 8065
1112 436
1113 5442
1114 8964
1115 3013
1116 6264
1117 8436
1118 3134
1119 2003
1120 2910
1121 2856
1122 5172
1123 3350
1124 7630
1125 8613
1126 6153
1127 3012
1128 8513
1129 2816
1130 1202
1131 9242
1132 7962
1133 4708
1134 7885
1135 951
1136 7303
1137 3437
1138 6513
1139 3114
1140 9201
1141 5540
1142 7822
1143 5643
1144 5678
1145 1330
1146 6507
1147 59
1148 1192
1149 28
1150 4848
1151 6376
1152 5216
1153 1553
1154 8817
1155 4598
1156 5562
1157 3515
1158 3230
1159 5868
1160 1361
1161 823
1162 3593
1163 1548
1164 2198
1165 1208
1166 2964
1167 4683
1168 2685
1169 4288
1170 1305
1171 2842
1172 5673
1173 74
1174 6462
1175 2029
1176 9197
1177 7857
1178 4789
1179 5473
1180 5234
1181 3324
1182 1356
1183 1434
1184 7979
1185 7576
1186 1222
1187 2515
1188 4825
1189 839
1190 6891
1191 7649
1192 3622
1193 3232
1194 1442
1195 2936
1196 2849
1197 2862
1198 7045
1199 7823
1200 8527
1201 3516
1202 5188
1203 3399
1204 7000
1205 8514
1206 5653
1207 4710
1208 2755
1209 5044
1210 8386
1211 8671
1212 3497
1213 5514
1214 896
1215 1578
1216 5303
1217 2080
1218 1940
1219 3335
1220 225
1221 4499
1222 1252
1223 2632
1224 7049
1225 244
1226 2957
1227 8891
1228 1910
1229 1973
1230 1504
1231 3008
1232 4260
1233 455
1234 1736
1235 2734
1236 7541
1237 4986
1238 4719
1239 6985
1240 9245
1241 6881
1242 4080
1243 1494
1244 6123
1245 1223
1246 5600
1247 390
1248 3254
1249 1223
1250 8683
1251 2019
1252 8617
1253 1547
1254 9218
1255 2160
1256 1391
1257 1913
1258 8062
1259 808
1260 2386
1261 8496
1262 1223
1263 6578
1264 8250
1265 307
1266 1654
1267 5607
1268 4234
1269 1844
1270 8129
1271 5556
1272 2950
1273 2733
1274 3659
1275 4216
1276 4732
1277 8724
1278 4103
1279 3958
1280 2092
1281 8515
1282 534
1283 5041
1284 1542
1285 7218
1286 5071
1287 3302
1288 4358
1289 8431
1290 1221
1291 8478
1292 8690
1293 2050
1294 2132
1295 1695
1296 6875
1297 1171
1298 5148
1299 7769
1300 8159
1301 3401
1302 1222
1303 1573
1304 1069
1305 3582
1306 5289
1307 7379
1308 8086
1309 1475
1310 5180
1311 4766
1312 8815
1313 2049
1314 2196
1315 6842
1316 7674
1317 8141
1318 4644
1319 4593
1320 7381
1321 6545
1322 3175
1323 6111
1324 573
1325 2482
1326 5312
1327 262
1328 5443
1329 5720
1330 4105
1331 7252
1332 6229
1333 7296
1334 9088
1335 1460
1336 129
1337 6439
1338 2972
1339 3861
1340 3494
1341 4645
1342 1964
1343 8427
1344 9305
1345 4484
1346 5944
1347 2443
1348 6882
1349 7972
1350 9303
1351 5528
1352 2859
1353 4281
1354 7859
1355 6988
1356 1893
1357 7946
1358 1338
1359 3088
1360 2878
1361 1282
1362 4069
1363 4698
1364 4129
1365 3524
1366 1837
1367 8256
1368 8768
1369 7020
1370 4094
1371 362
1372 3726
1373 5282
1374 7431
1375 5847
1376 7346
1377 8719
1378 7263
1379 6875
1380 8816
1381 1694
1382 4355
1383 4285
1384 765
1385 7041
1386 1770
1387 8677
1388 1797
1389 1856
1390 5621
1391 5589
1392 7082
1393 7866
1394 3303
1395 1249
1396 2750
1397 5094
1398 8309
1399 4972
1400 2764
1401 2141
1402 2047
1403 3044
1404 861
1405 6010
1406 4823
1407 7380
1408 36
1409 7072
1410 970
1411 7597
1412 1676
1413 1707
1414 7569
1415 8012
1416 8150
1417 7176
1418 4250
1419 9033
1420 69
1421 6999
1422 5795
1423 3736
1424 95
1425 7328
1426 6379
1427 3085
1428 2015
1429 1941
1430 1247
1431 2457
1432 7106
1433 5588
1434 6883
1435 5805
1436 9226
1437 3230
1438 7117
1439 1935
1440 3230
1441 7210
1442 8045
1443 4110
1444 779
1445 4278
1446 4567
1447 2154
1448 1255
1449 4316
1450 9242
1451 2684
1452 3235
1453 1261
1454 7382
1455 7245
1456 1478
1457 8603
1458 9104
1459 3477
1460 3445
1461 67
1462 9056
1463 1247
1464 4626
1465 7648
1466 5813
1467 7348
1468 2158
1469 1645
1470 8041
1471 7845
1472 2857
1473 7263
1474 4177
1475 8432
1476 4212
1477 7657
1478 7252
1479 1513
1480 3426
1481 1924
1482 8785
1483 3483
1484 8076
1485 2616
1486 1284
1487 7049
1488 6870
1489 1554
1490 9292
1491 4761
1492 1355
1493 9122
1494 7967
1495 4720
1496 3268
1497 263
1498 1249
1499 3735
1500 240
1501 7954
1502 9117
1503 1249
1504 4981
1505 76
1506 7674
1507 5122
1508 2438
1509 2072
1510 7006
1511 909
1512 7655
1513 3848
1514 8438
1515 8125
1516 6937
1517 2856
1518 5216
1519 9060
1520 7373
1521 791
1522 5139
1523 5012
1524 4985
1525 40
1526 4581
1527 4486
1528 3074
1529 3390
1530 7768
1531 7050
1532 1284
1533 1592
1534 5573
1535 5256
1536 292
1537 4715
1538 7375
1539 9106
1540 2598
1541 4290
1542 4623
1543 4083
1544 6471
1545 1289
1546 6022
1547 3409
1548 4418
1549 3522
1550 3652
1551 3000
1552 3525
1553 7147
1554 7085
1555 4604
1556 4023
1557 7311
1558 1826
1559 4647
1560 739
1561 4785
1562 8991
1563 3619
1564 7042
1565 3730
1566 7352
1567 4246
1568 3570
1569 5355
1570 2186
1571 7957
1572 2117
1573 8768
1574 4676
1575 2182
1576 4638
1577 5552
1578 7138
1579 2887
1580 5131
1581 1595
1582 4859
1583 2729
1584 4206
1585 2833
1586 3711
1587 4281
1588 7538
1589 1581
1590 4243
1591 5020
1592 1719
1593 296
1594 438
1595 8504
1596 3156
1597 1588
1598 2668
1599 3071
1600 3696
1601 6571
1602 7984
1603 7722
1604 3690
1605 3849
1606 2926
1607 2066
1608 5297
1609 8521
1610 2360
1611 4312
1612 6161
1613 5252
1614 8685
1615 8077
1616 316
1617 8760
1618 3497
1619 3688
1620 3298
1621 1377
1622 823
1623 6925
1624 2135
1625 4224
1626 3958
1627 8634
1628 4437
1629 3051
1630 4685
1631 3339
1632 7107
1633 2891
1634 8017
1635 534
1636 1362
1637 2087
1638 5393
1639 9227
1640 3118
1641 3218
1642 7603
1643 2474
1644 5316
1645 9088
1646 74
1647 7269
1648 4215
1649 4388
1650 7916
1651 7362
1652 2142
1653 1223
1654 5105
1655 402
1656 3009
1657 5938
1658 6333
1659 6937
1660 3115
1661 4248
1662 7928
1663 6068
1664 5642
1665 4627
1666 4504
1667 3302
1668 146
1669 5991
1670 8421
1671 911
1672 6937
1673 1862
1674 7608
1675 3586
1676 1188
1677 6407
1678 5619
1679 7663
1680 575
1681 239
1682 5276
1683 756
1684 5731
1685 6736
1686 1889
1687 8710
1688 7766
1689 8327
1690 3576
1691 830
1692 4956
1693 890
1694 1205
1695 2950
1696 2010
1697 2954
1698 3700
1699 4109
1700 3809
1701 4197
1702 7241
1703 5785
1704 2665
1705 3406
1706 1208
1707 9025
1708 7152
1709 1764
1710 5855
1711 4189
1712 8030
1713 3581
1714 8052
1715 3627
1716 3114
1717 7883
1718 8843
1719 3446
1720 3369
1721 1171
1722 8378
1723 4428
1724 2523
1725 480
1726 7326
1727 1441
1728 230
1729 1021
1730 8217
1731 5018
1732 6537
1733 376
1734 7656
1735 4047
1736 5971
1737 698
1738 1590
1739 5033
1740 7893
1741 8354
1742 3649
1743 3527
1744 5629
1745 8831
1746 8706
1747 2530
1748 4357
1749 7507
1750 7573
1751 2152
1752 6874
1753 8020
1754 8710
1755 5007
1756 1281
1757 1171
1758 1939
1759 4746
1760 5725
1761 1066
1762 976
1763 4949
1764 2351
1765 4119
1766 1
1767 6542
1768 5159
1769 6061
1770 7126
1771 112
1772 3060
1773 8112
1774 1969
1775 2616
1776 5850
1777 1741
1778 3405
1779 4130
1780 7901
1781 8978
1782 123
1783 2874
1784 2902
1785 3457
1786 9285
1787 5672
1788 9096
1789 3250
1790 552
1791 7088
1792 5014
1793 1500
1794 7850
1795 4509
1796 6142
1797 366
1798 5901
1799 5568
1800 7766
1801 1597
1802 1740
1803 7951
1804 1275
1805 7387
1806 7484
1807 1275
1808 3015
1809 5440
1810 528
1811 6491
1812 4642
1813 7904
1814 4035
1815 7851
1816 7890
1817 4042
1818 1336
1819 3739
1820 2682
1821 7883
1822 5560
1823 4360
1824 939
1825 1533
1826 8485
1827 6882
1828 5718
1829 1525
1830 8300
1831 7836
1832 8718
1833 5892
1834 2450
1835 6141
1836 2186
1837 4570
1838 8974
1839 4290
1840 1523
1841 6859
1842 4667
1843 5863
1844 5501
1845 6518
1846 88
1847 7187
1848 7141
1849 3725
1850 8788
1851 5164
1852 1156
1853 8941
1854 5969
1855 3357
1856 5638
1857 4348
1858 8171
1859 64
1860 1346
1861 4800
1862 5782
1863 5889
1864 2261
1865 1950
1866 53
1867 6216
1868 4167
1869 3542
1870 7379
1871 7811
1872 4034
1873 6558
1874 3046
1875 1867
1876 432
1877 6320
1878 8011
1879 1456
1880 1207
1881 7020
1882 1363
1883 7009
1884 7019
1885 6982
1886 5061
1887 1346
1888 1317
1889 3335
1890 8454
1891 2186
1892 7919
1893 8752
1894 8955
1895 1171
1896 7246
1897 918
1898 566
1899 7797
1900 3044
1901 1601
1902 8781
1903 483
1904 4289
1905 4677
1906 1974
1907 7176
1908 2161
1909 856
1910 8692
1911 4045
1912 4561
1913 1377
1914 2845
1915 3688
1916 634
1917 1383
1918 7826
1919 3467
1920 2790
1921 1249
1922 8959
1923 5109
1924 445
1925 4585
1926 4942
1927 7907
1928 7101
1929 5137
1930 6930
1931 6227
1932 5200
1933 4721
1934 7986
1935 1222
1936 4583
1937 3196
1938 6239
1939 3468
1940 3861
1941 3463
1942 499
1943 5424
1944 3341
1945 599
1946 7302
1947 9259
1948 1282
1949 528
1950 5650
1951 3214
1952 8687
1953 7979
1954 5880
1955 4114
1956 7108
1957 1262
1958 1218
1959 8090
1960 3165
1961 5405
1962 5449
1963 5283
1964 3655
1965 4784
1966 2643
1967 7241
1968 7165
1969 1012
1970 5154
1971 2517
1972 3962
1973 3540
1974 5634
1975 7613
1976 1807
1977 6287
1978 1223
1979 1416
1980 1803
1981 4412
1982 4201
1983 1403
1984 8337
1985 4707
1986 8588
1987 2712
1988 7194
1989 3018
1990 1222
1991 8096
1992 7549
1993 5619
1994 5062
1995 6650
1996 6882
1997 1939
1998 4696
1999 8998
2000 1553
2001 4646
2002 9207
2003 5042
2004 7936
2005 4787
2006 3339
2007 2169
2008 8592
2009 7140
2010 1363
2011 5275
2012 4050
2013 4164
2014 4607
2015 2688
2016 7773
2017 7185
2018 7812
2019 6400
2020 790
2021 7770
2022 4974
2023 1584
2024 6119
2025 161
2026 5788
2027 8198
2028 9108
2029 5274
2030 681
2031 3529
2032 6903
2033 4073
2034 7694
2035 6988
2036 5159
2037 1249
2038 5230
2039 3222
2040 7850
2041 8442
2042 1725
2043 2490
2044 1793
2045 2737
2046 6935
2047 7190
2048 8925
2049 5246
2050 7925
2051 1561
2052 7033
2053 3267
2054 3236
2055 1809
2056 8926
2057 1381
2058 3654
2059 8529
2060 2136
2061 4951
2062 4411
2063 4158
2064 2791
2065 840
2066 3584
2067 3089
2068 2545
2069 2065
2070 7044
2071 6864
2072 407
2073 1841
2074 7542
2075 9096
2076 719
2077 1930
2078 4666
2079 4133
2080 6339
2081 1634
2082 152
2083 7083
2084 8841
2085 4698
2086 9066
2087 779
2088 3432
2089 9041
2090 2796
2091 8277
2092 4584
2093 8124
2094 1259
2095 7912
2096 9084
2097 4654
2098 1275
2099 1171
2100 4993
2101 1809
2102 8868
2103 397
2104 3730
2105 2701
2106 4371
2107 5886
2108 3081
2109 7371
2110 1191
2111 1171
2112 8832
2113 3621
2114 3785
2115 2841
2116 4200
2117 5532
2118 3585
2119 8479
2120 1844
2121 8012
2122 6231
2123 7941
2124 4859
2125 8047
2126 364
2127 3414
2128 5075
2129 60
2130 5309
2131 3496
2132 435
2133 1798
2134 4716
2135 8048
2136 2526
2137 3190
2138 5299
2139 8578
2140 6882
2141 2777
2142 4248
2143 9311
2144 5448
2145 7148
2146 1522
2147 5770
2148 1210
2149 819
2150 8312
2151 9106
2152 3778
2153 1223
2154 3310
2155 6045
2156 8317
2157 3978
2158 5229
2159 2537
2160 7075
2161 4462
2162 4135
2163 3992
2164 5951
2165 358
2166 5210
2167 7973
2168 1223
2169 3561
2170 3644
2171 4346
2172 1302
2173 7537
2174 6629
2175 3166
2176 8083
2177 5976
2178 8991
2179 7113
2180 2228
2181 9072
2182 4152
2183 6970
2184 1799
2185 744
2186 1423
2187 3118
2188 3576
2189 2670
2190 3141
2191 7818
2192 1229
2193 3057
2194 4638
2195 7126
2196 151
2197 8065
2198 3592
2199 1089
2200 6124
2201 7045
2202 3705
2203 6126
2204 1221
2205 5877
2206 7993
2207 852
2208 6853
2209 1235
2210 6376
2211 3479
2212 3435
2213 5051
2214 5153
2215 8152
2216 7938
2217 8523
2218 6500
2219 7550
2220 8783
2221 5010
2222 1197
2223 8420
2224 6713
2225 4131
2226 4261
2227 5931
2228 3130
2229 1740
2230 7909
2231 1171
2232 6325
2233 2761
2234 2005
2235 8852
2236 5186
2237 2590
2238 7591
2239 3185
2240 2991
2241 4737
2242 3739
2243 1784
2244 8534
2245 7630
2246 4201
2247 8327
2248 4984
2249 1507
2250 1218
2251 6874
2252 8923
2253 5114
2254 7455
2255 4145
2256 7363
2257 2991
2258 7701
2259 893
2260 3002
2261 6788
2262 3352
2263 7953
2264 7860
2265 1221
2266 8540
2267 8780
2268 3322
2269 4550
2270 5878
2271 5545
2272 5741
2273 1888
2274 829
2275 1839
2276 5333
2277 4549
2278 4412
2279 6882
2280 7375
2281 2516
2282 3426
2283 7766
2284 376
2285 4970
2286 4586
2287 4729
2288 8551
2289 1707
2290 802
2291 3206
2292 3372
2293 5
2294 9288
2295 7144
2296 4094
2297 1686
2298 8468
2299 1218
2300 1624
2301 3854
2302 5675
2303 1177
2304 4128
2305 1517
2306 1790
2307 2156
2308 4594
2309 5242
2310 1434
2311 2872
2312 1477
2313 554
2314 79
2315 1333
2316 1127
2317 6233
2318 1013
2319 3192
2320 589
2321 6999
2322 1664
2323 1802
2324 4518
2325 7203
2326 1974
2327 760
2328 1716
2329 7643
2330 3356
2331 2303
2332 1485
2333 8407
2334 5326
2335 8602
2336 4725
2337 8018
2338 4490
2339 1600
2340 4800
2341 6357
2342 3548
2343 7297
2344 923
2345 7342
2346 7287
2347 7882
2348 989
2349 5879
2350 4531
2351 6979
2352 7861
2353 352
2354 1533
2355 1249
2356 7034
2357 4544
2358 3454
2359 3222
2360 7818
2361 3569
2362 5181
2363 1872
2364 1504
2365 5440
2366 7674
2367 6883
2368 7914
2369 5938
2370 3294
2371 235
2372 8169
2373 4441
2374 1149
2375 3328
2376 4941
2377 888
2378 5272
2379 809
2380 3011
2381 8560
2382 5133
2383 2865
2384 1534
2385 4258
2386 7953
2387 6077
2388 5108
2389 5740
2390 3409
2391 0
2392 2007
2393 1205
2394 5296
2395 2793
2396 823
2397 4490
2398 5585
2399 7267
2400 449
2401 1626
2402 191
2403 1786
2404 6287
2405 10
2406 109
2407 5630
2408 9009
2409 8367
2410 5741
2411 4555
2412 4934
2413 8631
2414 1128
2415 4799
2416 6581
2417 4782
2418 4089
2419 3395
2420 3051
2421 2050
2422 7924
2423 2248
2424 1761
2425 2566
2426 1262
2427 73
2428 1282
2429 7144
2430 7307
2431 2113
2432 216
2433 2835
2434 2193
2435 7122
2436 8804
2437 415
2438 3625
2439 3346
2440 5066
2441 1779
2442 1205
2443 6964
2444 305
2445 1344
2446 495
2447 1575
2448 9198
2449 1249
2450 48
2451 7180
2452 5773
2453 2508
2454 1206
2455 84
2456 1218
2457 413
2458 3380
2459 2445
2460 102
2461 4034
2462 2631
2463 8802
2464 2663
2465 51
2466 9054
2467 7136
2468 3362
2469 8428
2470 58
2471 8646
2472 6356
2473 1845
2474 3113
2475 1492
2476 2674
2477 340
2478 5300
2479 1838
2480 4768
2481 8560
2482 3413
2483 7304
2484 6851
2485 2115
2486 1672
2487 1758
2488 7022
2489 4746
2490 1965
2491 1493
2492 5747
2493 8450
2494 2897
2495 4394
2496 936
2497 8470
2498 1490
2499 745
