-1.175478 -0.416770 0.460656 -1.038225
1.060887 -0.550389 0.842743 0.915935
-0.973280 -0.514357 0.948867 -1.232652
1.072771 -0.517618 0.628787 0.896046
1.232918 0.587599 0.148021 1.624694
1.052791 -0.654780 1.599783 1.135341
-0.655247 1.030550 -1.967076 -0.571979
0.008439 -1.146331 1.622076 0.375253
1.044569 -0.414135 1.149650 1.558792
-1.401768 -0.505702 -0.396459 -1.855205
-1.206706 -0.218673 -0.466367 -1.756978
-1.081247 0.409545 -0.696548 -1.392009
-0.641018 0.875270 -1.582508 -1.057124
-1.151140 0.032340 -0.572919 -1.739331
0.346029 -1.217426 1.331757 1.233936
-1.673009 -0.835439 -0.059596 -1.363545
-0.946102 0.495740 -0.707821 -1.485562
-1.225321 -0.986224 0.839633 -1.483829
-1.082481 -0.768427 0.587129 -1.452195
-0.807508 -0.675264 0.806468 -1.230339
-0.602004 -0.957714 0.984953 -0.778389
-1.048646 0.221193 -0.148924 -1.409310
0.877094 0.712230 -0.649576 1.036893
-0.465819 -1.041605 1.204054 -0.773353
1.205873 -0.787778 1.586960 2.406641
-0.552011 0.977765 -1.370913 -1.585433
-0.296427 -1.229338 1.169699 -0.700915
0.833594 -0.835217 1.320948 1.806643
1.039628 -0.411150 0.305432 1.616349
0.090486 1.059142 -1.376657 0.017699
-0.144635 1.075323 -1.476300 0.146840
-0.306461 -1.116917 1.239475 -0.543378
-1.248423 0.143232 0.226202 -1.414459
0.275312 -1.248026 1.780698 -0.345061
0.919572 -0.626658 0.806091 1.319201
-0.159888 -1.197399 1.379711 -0.742825
-0.127171 1.141145 -1.564770 -0.233034
-0.540539 -1.152735 1.224268 -0.240621
0.650472 -0.931217 1.406138 0.660205
-0.492529 -0.989720 1.843689 -0.478724
-0.410427 0.955507 -0.966929 -0.442043
0.907295 -0.730286 0.869992 0.877221
-0.640756 -0.889300 0.945093 -0.642066
0.948788 0.597978 -2.809621 2.449520
1.075153 -0.556745 0.651094 1.021138
1.043746 0.453320 -0.432300 1.251458
-0.013385 -1.427295 3.375973 -2.570083
0.565756 -0.891813 1.251707 0.761675
-0.459696 0.980040 -1.147791 -0.486084
0.975088 -0.459299 0.487449 0.992228
1.029099 0.495879 -3.687553 3.211178
0.775533 -0.726054 0.845000 0.988027
1.001378 -0.538847 0.330938 1.382487
0.950654 -0.514760 0.483099 1.049066
0.003464 -1.392715 3.651179 -2.871297
0.766134 1.049538 -0.735639 1.095453
0.906820 1.088157 -0.720421 1.277758
-0.609950 -1.864873 1.340210 -0.811864
1.036259 0.510594 -3.572997 3.106955
0.964134 -0.405640 0.485369 1.008423
0.042581 -1.407883 3.799198 -3.008867
1.105282 -0.176693 0.254102 1.075620
1.090890 0.519820 -3.869177 3.364810
0.012055 -1.388321 3.812326 -3.027717
0.676948 1.320965 -0.857042 0.764714
0.858356 -0.693603 0.664743 1.420628
0.968802 -0.451298 0.493925 1.517487
-0.983625 -0.458643 0.429518 -0.959777
-0.377903 -1.017504 1.238262 -0.263625
-0.130127 -1.247301 3.774876 -3.032695
0.915698 0.677664 -3.685129 3.190393
0.821327 0.685182 -0.767330 0.906315
0.852155 1.302421 -0.687141 1.141200
-0.025179 -1.116393 1.088952 -0.046261
1.137301 0.021917 -0.012251 1.099970
0.741418 0.730110 -1.114992 1.115075
-0.889564 -0.572274 0.730806 -0.976738
0.711125 -1.100714 0.953744 1.987951
0.730247 -1.037324 0.953961 1.893393
0.056664 -1.045917 1.049960 0.023415
0.639544 0.836299 -3.491367 2.993099
0.774255 -0.765979 0.797479 0.754255
-0.895495 0.730164 -0.722742 -2.121901
0.590932 -1.301151 1.079676 2.028052
0.626173 0.870792 -3.642178 3.118537
0.413924 -1.067079 1.245688 0.204756
-0.107270 1.065396 -1.355510 -0.288458
0.792694 1.334391 -0.766614 1.022428
0.631485 1.083336 -3.405720 2.898190
-0.456847 -1.012035 4.042038 -3.317071
0.661554 0.885937 -3.812255 3.249631
-0.514995 -0.962325 3.744436 -3.085991
0.461807 0.929216 -1.404884 0.531583
-0.184686 1.080706 -1.281729 -0.298960
-0.234442 1.351845 -1.322729 -1.075116
0.805024 0.747770 -0.845443 0.778141
0.959830 -0.438183 0.701159 1.808814
0.406036 0.985734 -1.419234 0.523775
0.856482 0.868809 -4.045261 3.449956
0.796863 -0.774935 0.844483 0.800977
0.463545 1.024265 -4.098522 3.463092
0.720527 0.879191 -0.857663 0.609251
0.671648 0.858352 -0.823844 0.632604
0.746329 0.741819 -2.863415 2.398308
0.843997 -0.753838 0.672829 1.307122
0.588851 0.910858 -1.010025 0.531730
0.769551 -0.886474 0.977956 0.732184
0.496912 -0.954875 1.090106 0.563680
0.913087 -0.623898 0.575369 0.981894
-0.038405 -1.048770 1.117794 -0.014198
0.849013 0.679478 -3.246365 2.734826
-1.085428 -0.068119 -0.192047 -1.640445
-1.098220 -0.351994 -0.027231 -1.592695
0.526302 0.983451 -3.101592 2.586653
0.168144 1.088446 -1.761389 0.190467
0.614527 0.917944 -0.952713 0.545250
1.130455 0.150937 -0.071617 1.119014
0.600348 1.355298 -0.891997 0.603809
-1.084747 0.011921 -0.242803 -1.634236
0.546772 1.044472 -1.091101 0.370156
0.482929 0.976517 -3.132710 2.610690
0.498971 1.337798 -0.964215 0.462780
0.416277 1.045520 -3.219115 2.676821
0.561311 1.253644 -0.923627 0.616968
0.671424 0.806496 -3.681719 3.103871
0.406906 1.084523 -3.300928 2.741543
0.974776 0.507516 -0.687971 1.129152
0.534060 0.945060 -1.273753 0.458556
0.788149 0.760485 -3.582818 3.002391
0.947589 -0.727076 0.608590 0.884074
0.487905 1.009418 -1.193440 0.670932
0.555498 -0.914300 0.989147 0.598365
0.457105 0.969630 -2.880942 2.400487
0.700090 -0.903719 0.948410 0.589999
0.549445 1.184736 -0.885896 0.620116
0.581274 0.931649 -0.893926 0.659937
-0.816957 -0.983525 0.670554 -0.994786
0.541434 0.938462 -3.140275 2.603450
0.951085 0.460020 -0.597339 1.119282
0.782980 0.768783 -3.966672 3.280796
-0.043782 -1.098319 1.344907 -0.012820
0.870367 0.675546 -3.945598 3.255907
0.574985 1.040278 -0.897450 0.741345
0.790792 0.762928 -1.560256 1.095360
0.502513 1.182386 -0.940931 0.517919
0.407758 1.386766 -1.619111 -0.301445
0.828484 -0.944497 0.761406 0.811050
0.790307 -0.925508 0.743035 0.785955
1.300947 -0.163007 0.300431 1.161505
0.936870 0.553779 -0.694000 1.229456
0.822123 0.759613 -3.414367 2.766027
0.796959 0.861320 -0.665823 0.969760
1.214581 -0.240500 0.639775 1.133017
1.141270 -0.191149 0.263894 1.035387
0.834718 -1.022845 0.771307 0.790167
1.115860 0.078091 -0.073934 1.060658
0.342769 1.170054 -1.347186 -0.048534
0.290634 -1.020602 1.073965 0.316578
0.974760 1.434953 -1.018977 0.427924
-1.076162 -0.396621 0.130672 -1.371807
0.221135 1.139976 -1.289590 -0.038860
-1.062559 -0.483760 0.268072 -1.190697
-0.505699 -0.955959 0.923963 -0.598712
0.510645 0.968960 -2.626178 2.013760
0.951262 0.887867 -0.535112 1.072927
-1.066501 0.082162 -0.062918 -1.226829
0.481796 1.058211 -2.614894 1.953817
-1.388568 -0.280465 1.526258 -1.536583
0.656389 -0.840057 0.941396 0.733880
0.062732 1.212583 -1.337274 0.525202
-0.650783 -0.915896 0.856759 -0.633871
-0.651633 -0.880080 0.891918 -0.594805
1.025897 -0.437491 0.921137 1.678165
0.748917 0.739120 -0.847638 0.804826
-1.192119 0.079931 0.255561 -1.235846
1.162534 -0.057400 0.768594 1.808465
0.889093 -0.582960 0.638225 0.972598
-1.357894 0.194327 -0.953434 -1.299100
1.162279 -0.194639 1.006136 2.110191
0.675830 -0.831051 1.215117 0.899878
1.124671 -0.140776 0.847689 2.217119
1.103718 -0.161388 0.893550 2.046678
-0.947657 0.532954 -0.594762 -0.920237
-1.118491 0.032004 -0.641325 -2.461966
0.500916 -0.945892 1.353868 0.779127
-0.483489 0.920759 -1.165870 -0.631113
0.258270 1.065630 -1.108277 0.195065
-0.884921 -0.975020 0.588395 -1.554681
-1.006438 -1.018749 0.424621 -1.891940
-1.099375 -0.853046 0.158833 -2.022468
0.638841 0.838900 -1.011191 0.706694
-1.011849 0.352046 -0.427702 -1.021859
0.293632 1.009911 -1.135455 0.403659
-0.393695 -1.033331 1.290174 -0.374715
0.581918 0.891786 -1.019745 0.688765
-0.685595 -0.807235 0.895685 -0.744464
-0.516267 -0.935349 1.122007 -0.479026
0.701837 -0.844126 1.166231 0.602644
-0.067911 -1.064615 1.105988 -0.099923
0.143960 1.154584 -1.050458 0.070045
1.089461 -0.500300 0.881561 1.023310
-0.199676 -1.194149 1.035247 -0.170744
-0.309888 -1.061287 1.157882 -0.182832
0.008353 -1.074838 1.138872 -0.014622
0.177661 -1.097190 1.562084 0.135928
-0.397994 -1.326445 1.134685 -0.825747
0.931428 -0.668088 0.726879 1.098697
0.797368 -0.757936 0.755240 1.020649
0.478890 1.104927 -1.010315 0.733165
0.227624 -1.056679 1.354224 0.365882
-0.495142 -1.081140 1.272851 -0.225035
-0.087916 -1.104487 1.207199 -0.049830
-1.067272 0.491961 -0.740174 -0.973530
-0.431172 -1.086631 1.295436 -0.116643
-0.810059 -0.787652 0.795375 -0.782675
0.328437 -1.018123 2.702157 1.023382
-0.557178 -0.936224 0.993355 -0.509273
-1.076440 -0.240276 0.223644 -1.042989
0.258005 1.065354 -1.214991 0.145652
-0.201389 -1.102007 1.476341 -0.100039
0.219010 1.099105 -1.355446 0.334999
-0.366251 -0.989890 1.017098 -0.361186
-0.730693 -0.859355 0.963395 -0.670448
-0.819106 -0.784174 0.790539 -0.773062
0.367595 -1.001125 1.155765 0.430813
-0.353337 -1.090020 1.010456 -0.358129
0.491214 1.357360 -1.324860 0.002215
1.391989 -0.397579 0.084123 1.484793
-0.998319 -0.660154 0.648357 -0.911889
0.015965 -1.114307 1.203149 0.087960
0.462389 1.569106 -1.537063 0.084221
0.989629 -0.381815 0.590144 1.140468
1.136663 -0.258341 -0.001469 1.261544
-0.258544 -1.224089 1.284917 -0.793851
-0.058024 1.077989 -1.172033 -0.014551
0.306053 1.214445 -1.223104 0.065072
-0.925996 0.532779 -0.565542 -0.960778
1.211375 -0.379386 0.204340 1.229522
1.076285 -0.274240 0.406006 1.087512
0.368325 1.030003 -1.492743 0.425182
-0.016194 -1.062700 1.156738 0.060100
-0.522457 0.932022 -1.038471 -0.571832
-0.144044 -1.176694 1.354550 0.108929
-1.034849 -0.524851 1.064219 -1.121801
-0.856578 -0.630415 0.746843 -1.172288
0.183954 1.145455 -1.183661 0.492514
-1.094558 0.207956 -0.103778 -1.110604
0.183340 1.170692 -1.194208 0.485562
-1.213999 0.203565 -0.529500 -1.135128
0.252818 1.118656 -1.154592 0.536949
0.211027 -1.007321 1.394911 0.292377
0.110102 1.101335 -1.146652 0.031454
0.609643 0.875565 -0.932862 0.603671
-0.258087 1.020247 -1.063321 -0.255284
-0.090763 -1.056693 1.307751 -0.008926
0.448328 -0.955213 1.047267 0.489638
0.466903 -0.969614 1.056643 0.444333
-0.291246 1.030747 -1.088194 -0.365152
-1.113602 0.149303 -0.189221 -1.127571
1.094571 -0.643238 0.890310 0.906280
1.039621 0.745645 -0.752216 0.811257
-1.058551 0.068274 -0.133775 -1.137258
1.017826 0.828407 -0.829282 0.725212
1.026255 -1.119409 1.523558 1.106093
0.670915 -0.787265 1.052931 0.789101
0.461931 -0.983491 1.159230 0.382335
-0.611183 0.891657 -1.213115 -0.665780
0.645829 -0.856875 0.975734 0.835043
-1.057108 -1.608236 3.308664 1.170106
-0.126145 1.076730 -1.110223 -0.183570
0.045391 -1.128079 1.305977 0.074144
-0.600673 -1.042886 1.172236 -0.351609
0.901391 -0.609814 0.771855 1.021911
-0.295922 -1.448566 2.438986 1.310019
-0.329089 -1.526333 2.104644 1.237504
1.106353 -0.081544 0.067152 1.068571
1.049138 -0.177125 0.588295 2.083554
0.666363 -1.077726 0.910558 0.663200
0.675930 -1.705892 1.412952 0.516479
0.840746 -0.835165 0.664936 0.905580
-0.713843 -0.990765 0.992517 -1.125056
-0.853937 -0.695600 0.894820 -1.657331
0.728049 -1.017643 1.649420 1.119071
0.926098 1.543692 -1.355864 0.252978
0.281998 -2.173386 2.230073 1.828241
-0.510728 0.934710 -1.672487 -1.180409
-1.432947 -0.082482 -0.496045 -1.942736
0.445602 -1.275705 1.392184 1.030258
-0.511240 1.842288 -2.095857 -1.850620
1.498379 -0.628453 0.359424 1.808025
-0.195538 1.213565 -1.555112 0.100124
-0.354125 -1.304890 1.319860 -0.566226
1.057550 0.347009 -0.528951 1.628599
-0.717374 -1.054644 1.320091 -0.521060
1.815110 -0.759397 0.655297 1.250181
0.569942 -1.934890 2.367617 -0.236662
-1.192153 -0.898647 1.393873 -0.820255
-1.399161 0.692508 -0.192298 -1.561151
0.981934 -0.698182 0.857068 1.556518
0.183796 -1.087214 1.303654 0.473385
-1.329105 0.892733 -1.461506 -1.513546
1.433302 -0.224399 1.213351 1.593999
1.003892 -0.470002 0.999234 1.442049
0.413697 1.736660 -1.820559 -0.506250
0.947130 -0.827988 0.970306 0.932731
1.185543 0.372251 -3.624373 3.189414
0.760897 0.958074 -0.920276 0.797215
0.791572 1.528916 -0.918726 1.188147
0.640680 -1.266425 1.065394 2.028514
0.467704 1.004653 -3.665668 3.107040
0.887597 0.768337 -4.320472 3.686363
0.462280 1.044678 -3.226853 2.707643
0.820121 1.040665 -4.795668 4.061757
1.120689 -0.583818 0.529008 1.053891
0.934986 0.904570 -0.916871 0.797962
0.513704 1.098869 -0.930882 0.639448
-0.736287 -0.775775 1.055001 -0.877804
0.888312 1.061137 -1.174856 0.704934
0.997205 -0.734242 0.856519 1.207379
1.372096 0.476754 -0.647207 1.434386
1.209334 0.516628 -0.689103 1.390642
0.237716 1.207752 -1.345608 -0.068575
-0.178394 -1.101830 1.075676 -0.333462
0.671985 0.834455 -2.648698 2.166000
0.125779 1.178411 -1.336016 0.497912
0.724261 0.767135 -1.859339 1.543367
-0.253779 -1.272938 1.499836 0.110819
-1.425568 0.108440 -0.515182 -1.269348
1.055730 -0.305967 1.024474 1.906004
1.289246 0.061471 0.708821 2.356917
1.175855 -0.236919 0.955110 2.287056
-0.114749 -1.281749 1.398266 -0.026817
-1.269612 0.221690 -0.134020 -1.195986
-0.497221 -1.122288 1.353093 -0.592804
1.099665 -0.487749 0.320843 1.250074
0.445705 1.273011 -1.136916 0.694025
-0.041948 -1.123372 1.533567 -0.006077
-0.496467 -1.282166 1.194587 -0.620645
-1.130302 0.318176 -0.088263 -1.325990
-0.536918 -1.110097 1.320528 -0.231609
-0.629537 -0.886500 0.944162 -0.897780
0.869150 -0.816014 0.962375 0.877156
-0.859596 -1.029360 1.352480 -0.642374
0.926307 -0.745064 0.647939 0.967975
1.312682 0.708396 -2.251312 1.964383
0.958554 -0.452911 0.663976 1.138216
-0.833567 0.989303 -1.138539 -0.826205
0.143868 1.084428 -1.166740 0.316521
-0.138876 -1.183141 1.452428 0.163260
-1.476248 0.449652 -0.376679 -1.426482
-1.633800 0.158609 -0.484001 -1.444385
-0.475415 -1.246534 1.314574 -0.318550
-0.978166 -1.010164 0.977806 -0.799133
-0.013851 1.318024 -1.461928 -0.125330
-0.526845 -1.025385 1.164826 -0.542583
1.507411 -0.130620 1.197873 1.905326
1.001173 -0.794200 0.969722 1.006196
-0.816132 -2.132001 2.343079 1.498048
0.425886 1.073397 -1.156828 0.206927
1.275895 0.811157 -1.293344 2.426416
0.916695 -0.868631 2.782753 4.334642
-1.875214 -1.026163 1.544809 -1.636731
2.367506 1.123736 -0.072150 2.447395
0.803627 -1.473633 2.034630 0.971173
-1.990276 -0.571125 -0.232840 -2.354554
-1.932407 -0.699279 -0.041968 -2.188020
-0.862806 2.053264 -2.819552 -2.167063
1.860010 -0.773548 0.385672 2.050880
2.034282 -1.040507 1.092746 1.716073
1.895759 -1.157662 1.003481 1.687453
0.789210 -2.222138 2.571795 -0.086393
1.444797 1.663170 -2.955363 1.177505
0.265115 -1.514252 1.773154 -0.353387
-1.653052 -1.237355 2.274582 -1.284861
0.642769 -2.164889 1.937488 0.101099
-1.787317 0.910576 -1.706960 -1.978399
0.592338 -1.635765 2.340618 1.697682
-0.558851 -2.233639 1.717963 -0.860637
-0.066980 -1.163891 1.294938 -0.125860
1.077634 -1.521511 1.695009 1.073185
1.827877 -0.639079 0.875138 1.557931
1.680564 0.334005 -0.488886 1.682467
-0.328428 -2.212349 2.140572 -0.578381
0.221475 2.234632 -3.101798 1.918025
-0.577967 -1.018607 1.295257 -0.728177
-1.363501 1.411783 -1.638488 -1.349716
-1.271995 -0.228283 0.243052 -1.143548
2.653224 -0.202501 1.884403 2.748037
2.678349 0.681417 2.182936 3.319324
1.183378 3.124496 -2.434055 1.418337
0.567401 -2.433108 2.661727 1.256899
-2.409758 -1.787884 2.114904 -2.419070
0.730725 2.943441 -2.751996 0.374149
0.445930 -3.154242 3.692578 -0.020381
0.356756 -1.664966 1.890236 -0.304263
2.147718 -1.103020 1.587239 2.717238
2.507615 -3.011078 4.469568 -0.486748
1.243427 -0.100250 -0.193845 1.315855
-0.018867 2.056914 -2.202858 0.315301
-1.435513 -2.537916 2.675116 -1.611013
0.342781 1.123844 -1.430353 0.352256
-0.680465 -2.708688 3.142553 -0.446418
-2.372299 0.922446 -1.078163 -2.216955
0.905469 1.107489 -1.795524 3.441939
0.790308 -3.232509 2.403434 3.772130
-2.360182 -3.603918 5.868950 -3.127659
0.783663 3.792341 -3.496799 0.287441
-0.146974 -3.456218 3.230062 0.323733
-2.934249 -2.009380 1.879237 -2.867546
-1.641354 -4.146870 5.795124 -2.565343
3.363858 2.847810 -4.673240 2.792403
3.474636 1.781467 -2.497752 3.394621
-2.762220 1.840226 -1.942022 -2.883343
8.783385 1.657537 5.249498 6.165615
-2.494972 -4.519928 6.720597 -3.121413
-2.906139 -4.882830 6.119203 -2.857153
-1.158719 2.810601 -3.642850 -2.639550
2.257939 -8.110249 8.538217 -4.409083
3.725649 -5.997221 9.316483 -0.936636
8.355575 -1.675310 7.930901 5.246810
2.911892 -5.134635 5.140810 7.917818
2.905164 -5.908180 6.454500 2.876558
-1.319552 -11.917852 17.042265 -12.033941
-7.388591 -6.736585 16.874647 -11.694777
0.780638 -6.685402 11.091127 -5.621118
9.617805 -1.859257 9.770034 6.025347
11.138641 -6.807859 16.985889 8.838060
2.552530 -10.125853 19.201187 10.993829
12.801533 6.748744 0.669972 14.580977
-6.733045 -14.978031 21.870945 -15.557940
-6.651624 -6.587707 14.738630 -10.628260
5.335805 -20.317144 26.468798 16.394033
16.391914 -2.524124 -1.074696 24.594635
22.708866 10.018684 1.451324 25.003950
-19.187202 14.766335 -10.581833 -21.986610
18.045441 -13.999482 23.051702 12.166070
27.802704 -0.248562 -6.463014 25.901361
5.162141 30.440540 -34.944794 3.882213
20.960945 -23.487230 32.359367 19.543936
34.026882 4.627357 4.349259 34.738380
-26.610022 -33.914921 37.787735 -25.445877
62.129215 -53.226158 46.373600 66.464836
102.766296 -23.194067 27.352676 109.794777
0.353414 -1.408550 1.499483 1.319536
-0.953524 0.495544 -0.710065 -1.494215
1.037938 1.077863 -4.533048 3.919944
0.436857 1.410450 -3.915436 3.223754
0.929252 1.235165 -3.503823 2.878736
0.703513 1.376370 -5.661539 4.560760
0.893755 1.246232 -3.509988 2.641018
1.109780 -0.423181 0.917582 1.762423
-2.316183 -1.430048 2.185680 -2.112498
0.353993 -1.104441 2.042896 0.411586
1.200574 1.536069 -0.985618 0.491764
0.262527 -1.441892 1.432904 1.272190
-1.285942 -0.300380 -0.489557 -1.707190
0.575248 -0.948200 1.572133 1.287684
0.958189 -1.377537 1.135019 1.129945
-1.016388 0.941550 -0.695300 -1.346416
-0.998214 0.549318 -0.441375 -1.131666
-0.438494 1.715538 -1.944298 -1.862645
-1.012672 -1.973422 1.189234 -0.259140
1.247331 0.360419 -0.802836 1.023709
1.185389 -0.854358 0.452307 1.136346
-0.720839 1.347681 -1.044088 -0.452732
-0.245716 -1.163907 1.550581 -0.042866
1.561308 0.018052 0.164303 1.164557
1.040791 -0.533096 0.841289 1.050002
-0.003757 1.080149 -1.908339 0.204939
0.912324 0.550705 -0.520642 0.897285
-0.846491 0.787842 -0.929260 -0.825917
-0.731473 -0.972540 1.022261 -0.597495
-1.095752 0.339393 -0.321086 -1.043032
-0.772166 0.884375 -0.991785 -0.755359
0.766441 0.953010 -0.996216 0.666678
-0.619958 -1.036701 1.093403 -0.527199
0.949165 0.658506 -3.239824 2.865112
-0.528086 0.914183 -1.268059 -0.734675
1.076466 0.612094 -0.608248 0.906695
-0.501632 -0.985417 0.967868 -0.473735
-0.739438 0.766824 -0.876760 -0.956729
1.037941 0.726318 -0.488010 0.987832
0.817953 0.762203 -0.684164 0.885756
0.840715 0.691196 -3.553072 3.115486
1.012709 -0.763806 0.561917 1.494440
-0.598221 -1.465801 0.991696 -0.817422
1.173555 1.255052 -0.889365 1.600537
0.837106 0.673949 -3.706072 3.252877
0.852060 0.666191 -3.715908 3.263541
0.992237 -0.432508 0.456339 1.463787
-0.872598 -1.179312 0.645934 -1.052851
0.657424 1.413795 -0.866217 0.712474
-0.379889 0.981472 -1.003837 -0.410169
0.434951 1.004176 -1.219393 0.310553
0.855671 0.639031 -3.678920 3.216308
1.028090 -0.306483 0.375981 1.704320
1.080444 -0.161988 0.138168 1.105546
-1.086935 -0.052286 0.070869 -1.116127
0.261307 -1.068401 1.106943 0.262553
0.638776 0.831439 -0.957793 0.768261
0.833770 0.610963 -0.640668 0.849244
0.426760 0.972463 -1.241350 0.484662
0.649698 -0.855748 1.194490 0.697118
-1.015115 0.420848 -0.430816 -1.627528
1.065675 -0.187421 0.283546 1.670579
0.933595 0.610982 -3.959189 3.413778
-0.404878 -1.101480 3.847988 -3.183038
0.855560 0.675826 -3.681581 3.161118
0.575448 -1.049686 1.362287 0.210194
0.593658 -0.923534 1.150873 0.635915
1.098108 -0.202299 0.773780 1.715352
0.272632 -1.059503 1.135125 0.205223
-1.180277 -0.911842 0.140862 -1.622454
-0.726754 0.924307 -0.940598 -1.615385
-0.654275 -1.039280 4.082845 -3.402487
0.437357 1.050439 -1.075574 0.372379
1.117553 0.350851 -0.314985 1.057824
0.646456 -0.812635 0.914790 0.695549
0.709156 1.272843 -0.813711 0.810376
-0.929399 -0.952721 0.548858 -1.170112
0.954450 -0.609616 0.675220 0.860679
-0.697393 -0.885008 0.823663 -0.755066
0.647254 1.505150 -0.892242 0.655915
0.886955 -0.668120 0.654481 1.499772
0.776493 -0.843500 0.777102 1.396097
-0.750991 -0.792281 3.054976 -2.651460
0.848057 -0.678638 0.752400 0.824239
-1.011212 0.256107 -0.365414 -1.461447
0.641829 1.503593 -0.907571 0.640373
-0.772252 -1.388862 0.799536 -0.861356
0.789134 -0.750232 0.930982 0.815530
-0.738794 -0.758622 3.082414 -2.682122
-0.667037 -1.230484 0.856588 -0.699842
-1.011133 0.320255 -0.395337 -1.378879
-0.701477 -0.802829 3.169214 -2.759338
-0.708424 -0.828086 3.249590 -2.829580
1.061999 -0.764265 0.543737 0.973888
-0.528895 -0.940680 0.994272 -0.652187
-1.010420 0.925433 -0.800874 -0.782718
0.077297 1.092696 -1.131820 0.000426
-0.943036 -0.667541 0.630614 -0.865086
-0.657772 -0.799111 2.841849 -2.462507
-0.828261 -0.887253 0.632997 -1.000462
0.957129 -0.438954 0.413045 1.263116
-0.859972 0.711074 -0.630422 -0.893230
0.563577 1.247213 -0.894116 0.633544
-0.760182 -0.753697 3.094608 -2.662819
0.877596 -0.904933 0.700858 0.803434
0.922537 0.732724 -0.535533 1.062729
1.419447 -0.132917 0.879181 1.412913
-0.413474 -1.095916 1.046500 -0.590630
-0.507830 -1.002551 0.958538 -0.684969
0.905786 -1.052424 0.734107 0.842992
0.488892 1.153731 -1.282772 0.102341
-0.455493 -1.081509 1.041246 -0.707753
0.555290 0.927002 -0.970702 0.521308
0.146577 -1.053304 1.108659 0.147123
1.284500 -0.118896 0.531468 1.165008
-1.079826 -0.295094 0.268037 -1.027020
-0.584969 0.929432 -1.283075 -1.174038
-0.262919 -1.278339 1.063846 -0.132789
-1.010988 0.379513 -0.295538 -1.062207
-0.645455 -1.251649 0.880132 -0.610619
-1.027247 0.229836 -0.368792 -1.373556
-0.409464 -1.131904 0.986774 -0.480263
-0.023687 1.252305 -2.063255 0.933532
-1.314174 0.223528 0.255311 -1.302394
0.801125 -0.706102 0.718160 0.861439
-0.658056 0.950106 -0.919961 -0.539763
-0.592911 0.989933 -1.261222 -1.514554
-0.097031 -1.207206 1.656351 0.517762
-0.799851 -0.770118 0.782326 -0.733344
0.545848 -0.909266 0.976650 0.551463
1.093004 -0.126648 0.683859 2.458915
0.961688 -0.824793 0.452162 1.639333
-0.667787 1.363337 -0.887645 -1.720284
-0.202121 -1.073423 1.079775 -0.126070
1.098489 0.082787 -0.009378 1.077626
-1.172131 0.101251 0.039815 -1.082870
-0.762796 -0.729727 0.890854 -0.806448
0.294848 1.058744 -1.316286 0.295375
-0.700108 -0.802669 0.942527 -0.790824
0.567549 0.973637 -1.237158 0.357435
-1.030539 -0.360671 0.407200 -1.006631
0.518597 0.928323 -0.979223 0.530666
-0.888934 0.555422 -0.577912 -1.014632
-0.990174 -0.468820 0.362164 -1.111465
-0.839990 0.696557 -0.855066 -0.821320
1.049248 -0.438685 0.442919 0.981349
0.562089 1.036408 -1.468239 0.384917
1.198382 -0.213536 -0.098945 1.547810
-1.119020 -0.551153 0.379084 -1.161769
-0.593133 1.029649 -1.021814 -0.770259
0.627021 1.161697 -1.001377 0.551305
-0.960784 -0.744091 0.532050 -1.030786
-1.207461 0.046476 -0.084250 -1.104633
0.010918 1.105420 -1.210347 -0.020555
1.181461 -0.210416 0.263077 1.085403
-1.090896 0.293027 -0.327331 -1.024700
0.543284 0.943228 -1.001021 0.496180
-0.230736 -1.051073 1.074942 -0.201998
-0.947076 0.633724 -0.803627 -0.868669
0.160075 -1.053271 1.231725 0.216366
-0.499476 1.024756 -1.403804 -0.417495
1.180082 0.714350 -0.909697 0.845062
-1.097270 -0.560166 0.825346 -1.003230
0.288795 1.071756 -1.101129 0.252769
-1.137701 -0.065142 0.039051 -1.099232
0.911826 -0.637090 0.681514 0.898148
1.069335 -0.030693 0.048906 1.146934
1.141616 -0.370838 0.832622 1.305723
-0.049526 -1.494209 1.393649 -0.360581
-0.676041 0.893058 -0.979784 -0.685414
0.690755 -0.882608 0.969466 0.698818
0.552906 1.022142 -1.054183 0.471772
1.166690 -0.201936 0.294379 1.099381
0.052643 1.117509 -1.202103 -0.024299
1.485302 -0.235164 0.608478 1.553669
-0.400297 -1.088858 1.063845 -0.687475
1.287050 -0.270717 -0.247710 1.433634
1.161011 -0.252219 0.491636 1.189746
0.749946 0.825114 -0.784147 0.725352
-0.182633 -1.236114 1.214837 -0.357327
0.217538 1.118272 -1.129561 0.085778
-0.578471 -0.958429 1.424540 -0.568418
-1.157335 0.010963 -0.109363 -1.093406
-0.123100 -1.093199 1.155954 -0.023948
-1.276068 0.187380 -0.476661 -1.166775
0.033015 1.148303 -1.484044 0.464011
-1.191912 0.188936 0.119325 -1.232453
-1.203237 0.189616 0.109385 -1.253131
-0.155309 -1.145446 1.315311 0.133827
-1.163710 0.069515 0.206833 -1.238900
0.798432 0.724529 -0.748177 0.762320
1.102801 0.340341 -0.285651 1.018010
-1.005197 0.438400 -0.536046 -0.979787
0.128933 1.061435 -1.147985 0.104591
-1.042222 -0.473103 0.498264 -0.955906
-1.099624 0.152487 -0.244575 -1.082832
-0.327083 1.075879 -1.081171 -0.369042
-0.407628 1.040620 -1.350769 -0.390138
0.758010 0.974472 -1.190024 0.534324
0.554545 -0.931335 1.157204 0.588845
0.782535 -0.761835 1.054191 0.794858
1.162561 0.375169 -0.453484 0.986247
0.996230 0.886802 -0.923427 0.672232
2.742886 0.545277 2.131036 1.912654
0.890682 -0.610004 0.674680 0.906058
-1.088423 -0.305875 0.252671 -1.048564
-1.093629 0.589281 -0.715270 -0.964784
1.098040 0.641969 -0.708481 0.930556
2.045150 0.518349 1.361464 1.883032
1.790495 0.512427 1.154103 1.896978
0.136841 -1.065407 1.099909 0.115766
1.288686 0.779021 -0.890283 1.603104
0.741255 0.822790 -0.774297 0.916839
0.922930 -1.211109 0.801787 0.883504
0.939113 0.526435 -0.804971 1.718566
-0.020439 1.375839 -1.802838 -0.628478
2.229647 1.225837 0.285349 2.561912
1.284843 0.476902 -0.897655 1.120414
1.325615 -0.512864 0.707113 1.058654
-0.761935 -1.202876 1.772990 -0.832302
1.345417 -0.855305 1.246581 0.865355
1.038100 -0.825851 1.551750 1.609424
-1.556686 0.140496 -1.030684 -1.803479
-0.688847 -1.116804 1.167920 -0.555247
-0.953946 0.752793 -0.718233 -0.993357
1.126427 -0.417307 0.396276 1.174441
-0.609382 -1.002593 4.368405 -3.629659
-0.776094 -1.077881 4.802989 -4.052040
-0.745757 -0.913223 0.989767 -0.785845
0.770634 0.892986 -0.970523 0.808767
0.902719 -0.811463 0.948657 0.892478
-0.629785 1.012895 -1.148138 -0.655007
0.573306 0.896317 -1.151723 0.754309
-0.493452 1.157266 -1.188129 -0.181937
-0.170077 -1.272042 1.463030 -0.069664
-1.103453 0.784050 -0.975590 -1.004097
-0.457726 -1.387041 1.232287 -0.270173
0.044623 -1.470956 1.391173 -0.192557
-1.057457 0.422563 -0.265874 -1.070826
-0.714989 -0.799104 2.637414 -2.179290
-0.587231 -0.877261 1.907054 -1.483540
-0.716399 1.198940 -1.285050 -2.030117
0.671750 -1.081150 1.085646 0.557354
0.652901 0.993534 -1.097085 0.701726
-0.729551 -0.940906 1.047679 -0.770860
0.787645 0.961005 -1.207354 0.829105
0.315653 1.104158 -1.501316 0.206970
0.969400 0.424376 -0.589935 1.188190
-0.708079 -1.056682 1.086375 -0.564538
-0.985637 0.696501 -0.842678 -0.974765
-0.995629 -0.969517 0.999914 -0.849336
0.748684 1.133938 -1.196068 0.612796
0.129369 1.480925 -1.518044 0.209518
-0.167372 -1.448391 1.695743 0.116485
-1.235879 0.488455 -0.653244 -1.190266
1.045052 -0.757526 0.928435 1.039940
-1.020136 0.753647 -0.933936 -1.044539
0.734170 -1.004883 1.172138 0.805764
0.670300 -1.120600 1.299278 0.705089
0.625559 0.974647 -1.114927 0.629186
1.041770 -0.729643 0.741013 0.901905
1.973321 0.761126 1.504027 2.492040
0.465339 -0.932295 1.141530 0.570812
0.988422 -1.851203 2.219433 0.552217
0.267008 -2.139939 1.985980 1.136120
0.304412 -2.027623 1.908741 1.079430
-0.338131 -2.069933 1.869238 -0.721015
-1.263105 1.734951 -1.933122 -1.008716
-0.612564 -1.904615 2.226468 -0.632459
1.105740 1.492136 -2.585274 0.977469
2.340037 -1.233387 1.559016 1.288671
-2.020250 0.878737 -0.292576 -1.981107
1.396882 -1.298997 2.038857 1.748090
0.908271 2.323355 -2.237052 -0.399839
-1.945200 0.183455 -1.430229 -2.350360
1.241084 1.649415 -1.312791 1.734725
0.462490 1.068575 -1.211385 0.478154
1.267158 -0.312024 0.275063 1.128328
-1.188997 -0.406208 0.517335 -1.097943
-0.358360 -1.845868 1.976342 -0.243915
1.258670 1.377436 -1.588317 0.968628
1.721552 -1.567625 1.313838 1.664802
0.532833 1.043178 -1.314468 0.692519
0.978892 1.792651 -1.893554 0.775413
-0.154607 1.156585 -1.285745 -0.148746
-1.038858 -2.832666 3.295381 1.859636
2.703630 -0.066762 0.124070 3.430700
-2.717079 -0.871878 0.155614 -2.596081
1.282651 -2.847963 2.938462 0.968265
-4.266320 0.256774 2.839662 -3.039339
-0.473103 -1.077029 1.166130 -0.762583
0.404801 1.119370 -1.191563 0.698953
2.201685 -0.263408 -0.074329 2.064201
-2.979920 0.788747 -0.580531 -2.900734
0.122446 2.986739 -3.033471 0.340254
3.031112 -0.050122 -0.171182 3.005639
-1.147468 0.797999 -0.920178 -0.866203
-1.040292 -2.231347 2.389149 -0.887066
-3.115629 -1.382425 0.864729 -3.184203
0.144242 -3.489437 3.481457 0.290266
2.640848 -3.317167 3.367163 1.921844
-1.711142 -3.023344 2.910894 -1.599840
-1.787958 -5.175036 10.075132 3.739149
2.613105 -1.401771 2.790102 3.591899
-8.047084 3.006752 3.639215 -8.727862
-8.231870 -0.444631 5.737041 -6.053614
-5.412231 -5.503637 10.169688 -0.213694
5.807750 5.821642 -1.084937 7.427301
-7.322066 -0.719904 8.367188 -8.704786
-5.531867 -6.286211 12.544090 0.495164
26.755280 8.827454 3.636359 24.568817
3.407049 -22.304190 22.498688 15.102804
-14.533830 -18.210997 16.397919 -19.230583
-19.554544 -14.419400 21.786205 -11.665318
1.533135 24.808062 -28.502813 7.449990
15.096320 -26.456867 30.803343 22.982637
23.407108 -37.190113 39.851139 20.361975
-1.498140 -0.544651 -0.359065 -1.851632
-0.844706 -1.064906 3.848111 -3.353794
0.720401 -2.545317 3.102083 0.170421
