763
333.873596 467.151428
374.081848 456.693146
374.280334 441.126740
376.128235 454.594299
377.168701 499.459351
381.240509 436.357300
381.907410 445.096558
388.872986 441.343567
389.377716 478.401520
391.751953 429.642395
392.145874 432.419495
393.819519 442.308807
394.723083 418.340881
394.300110 435.752930
394.957855 432.740112
396.639618 423.670135
396.703369 441.475983
399.912567 451.028412
401.086151 448.986511
402.175171 452.893677
404.808990 419.831818
404.872284 432.194794
404.862701 439.354218
407.704346 420.683838
410.511963 471.210602
411.293671 467.498962
413.318787 420.436554
413.844727 474.825500
416.663971 423.052155
417.462646 458.228943
418.992676 434.704193
422.249969 440.210785
425.704834 480.368835
427.730133 424.550354
429.874115 450.660217
447.612549 517.767090
453.393829 476.222870
454.175079 480.203339
466.703156 501.646301
498.735474 987.212952
1033.288940 475.590668
1035.788330 456.072388
1053.256348 484.758362
1053.908569 456.296295
1055.291992 472.858521
1059.286133 540.648560
1060.098999 457.829742
1059.911011 498.252594
1062.230103 489.277893
1065.757202 476.273468
1065.815186 445.902863
1066.795288 540.636169
1067.298584 463.140106
1067.857666 525.150513
1069.232544 450.717834
1069.854492 460.241577
1070.318970 461.911774
1070.385742 465.376129
1070.864990 441.690277
1070.860229 508.078735
1072.156006 448.936951
1073.213623 512.359009
1073.321045 439.117981
1074.130371 447.381622
1074.167114 457.334503
1075.613281 461.336853
1076.172485 456.669220
1075.908447 545.291687
1077.902466 518.786560
1078.412476 443.346893
1079.664673 434.781799
1079.706665 490.340637
1080.129883 451.821259
1080.373047 500.625977
1080.366089 556.773621
1081.108398 423.630371
1083.402588 493.293091
1083.856445 456.567810
1083.807983 462.324890
1084.639282 564.583008
1085.681641 429.397797
1085.805298 535.244446
1086.629028 454.256195
1086.330933 460.985504
1087.033691 428.581360
1088.139771 498.867950
1088.610596 483.844635
1089.626465 450.154968
1089.803589 425.651398
1089.884277 433.870514
1091.210449 427.399658
1091.368896 432.330444
1092.084717 498.870636
1092.651733 485.304718
1093.359253 445.795380
1093.738159 546.258911
1094.203247 450.839905
1095.222168 496.838531
1096.290039 428.841125
1097.139648 469.739563
1099.305420 417.696381
1100.097290 485.612518
1102.183960 462.418304
1102.379517 415.383453
1103.686279 436.369843
1103.642456 492.086700
1103.281860 504.758057
1103.755005 573.224060
1104.679199 533.746155
1104.837524 546.405457
1105.303467 412.881042
1106.841064 433.900818
1107.147461 436.889740
1107.677979 419.167419
1107.262085 608.308472
1108.078369 468.643463
1108.132324 480.176208
1108.760986 430.116455
1108.317017 432.481873
1108.707153 487.690247
1109.846558 416.766541
1111.205811 427.277985
1112.596069 414.768463
1112.255615 424.283203
1112.908691 406.205627
1114.022339 413.645325
1114.712402 456.751465
1115.858276 541.066589
1116.755493 402.552124
1116.307129 459.764740
1117.678345 454.656464
1117.380493 569.861084
1117.914551 409.778717
1118.143433 548.358032
1118.668701 420.909393
1118.614380 489.727173
1118.856567 422.553284
1121.128418 407.359283
1120.755981 554.617188
1121.281738 399.486237
1121.654175 497.847107
1122.697876 398.397156
1122.766357 414.073242
1122.868164 613.150757
1123.626709 416.118225
1123.822876 537.783203
1124.257324 557.284241
1124.741455 559.905273
1125.079834 544.325317
1125.076416 552.916626
1125.690308 394.816406
1126.120972 412.671265
1125.778931 542.410217
1126.548340 544.849854
1126.610229 554.491882
1127.355957 487.891907
1127.919312 541.346619
1127.892700 574.643921
1128.384888 442.154999
1129.213867 415.399872
1129.135864 539.665649
1129.274414 419.251373
1130.905151 552.303833
1131.382080 390.967987
1131.856323 410.882935
1131.861328 525.320190
1132.793579 389.738556
1133.644043 609.258362
1134.152954 486.109741
1134.642334 540.847351
1135.102051 559.700439
1135.361694 556.609070
1135.930298 407.098053
1136.561401 469.350891
1136.599243 541.869263
1138.099854 405.166962
1139.266846 501.885681
1139.911621 549.671753
1141.362915 410.453552
1141.645752 563.638428
1143.640747 410.207489
1143.646606 412.048615
1143.578613 473.184998
1144.662231 407.666321
1144.633911 565.824524
1146.589233 560.709045
1149.109253 434.735168
1152.731201 408.133057
1154.733398 406.378571
1155.107910 403.855988
1155.112427 538.664978
1154.880127 561.738892
1159.305786 517.583008
1160.785400 468.351196
1161.776367 513.351563
1163.389648 517.309082
1165.117920 467.390778
1164.873291 483.083099
1168.185547 538.605103
1172.920288 446.139282
1173.666626 482.708008
1173.704590 587.913391
1174.107544 464.891632
1173.744385 549.122925
1174.260742 510.372650
1176.297363 490.265076
1177.633057 426.255920
1178.282837 430.198273
1178.668945 477.402802
1181.386353 572.777649
1183.145996 486.342407
1184.194092 545.091370
1184.913940 482.659149
1185.747192 489.406525
1185.746216 512.402954
1193.229980 407.767456
1193.922729 467.258545
1194.881714 533.321533
1198.188354 494.380432
1198.864380 558.235291
1200.717773 459.274597
1200.746338 502.917725
1201.226440 463.721222
1203.232422 497.246979
1203.896362 515.148682
1205.326172 538.874023
1209.187012 550.394348
1209.639771 560.900635
1210.157837 472.690125
1210.178589 574.921631
1210.342651 552.111023
1210.835815 555.383179
1211.136963 559.451782
1211.278198 562.785461
1212.777588 415.780273
1213.217285 554.144897
1213.679688 526.350830
1213.675415 558.750366
1214.182007 555.587036
1216.678223 442.749573
1216.407104 578.334412
1218.143799 451.128601
1218.800171 558.836792
1219.291748 513.868835
1220.164917 533.882690
1220.140259 550.834045
1220.120850 554.283203
1221.364258 549.825073
1221.290527 557.868225
1222.193237 548.344604
1223.737793 415.079926
1223.707886 461.820892
1225.813110 553.142090
1227.710938 550.393250
1227.744873 557.244446
1228.599731 572.370422
1231.402222 433.817657
1231.772827 549.364075
1231.617676 551.728638
1232.434937 508.781342
1233.828003 422.117828
1233.842651 552.380432
1239.251099 423.659668
1239.927612 426.169952
1241.105713 427.392426
1240.772095 542.331604
1242.239868 420.871735
1243.171265 431.272522
1244.324585 412.900635
1244.595215 451.198700
1244.571533 541.301453
1244.817261 427.366882
1245.145264 435.857849
1246.875000 416.159454
1248.170898 417.912720
1251.702759 551.876221
1251.896606 517.684753
1252.841797 477.257080
1253.608643 475.562408
1254.259766 474.259521
1255.853027 476.295746
1262.692871 468.288208
383.671570 433.191742
388.149780 472.118561
392.869354 493.084961
394.388824 420.814545
395.447174 438.552490
399.761627 434.705109
411.356110 467.942657
417.598358 425.492767
419.538910 435.041534
423.953308 442.839355
424.030243 454.274567
424.374756 488.763000
429.351990 486.918304
430.772095 422.398834
432.580139 524.607056
435.811218 426.892914
444.362976 504.934570
445.162140 421.444122
452.538574 437.440704
463.512787 448.259888
466.378540 453.200165
1038.618408 518.097656
1045.744995 484.881714
1057.557251 453.157440
1069.978516 521.743225
1081.685547 449.892273
1085.047607 459.664032
1090.938843 424.035217
1095.110718 428.945374
1096.152954 421.046875
1101.080811 424.820923
1105.420410 528.383728
1107.742188 447.464264
1109.837524 424.690308
1111.375366 525.106812
1120.456055 586.159668
1122.879517 524.792114
1124.932617 547.618347
1127.806152 549.420959
1128.703369 539.056946
1130.074341 549.305786
1130.583618 399.594818
1133.289917 538.883972
1134.399292 396.276703
1134.951416 549.608459
1138.121704 546.115662
1139.145386 410.129791
1141.868896 406.091187
1143.682007 411.249451
1146.130615 502.768494
1151.575317 485.637329
1151.686035 524.854553
1174.961426 486.452362
1178.718140 476.754486
1178.897583 509.978851
1179.558105 488.776337
1183.322876 478.919373
1183.949219 487.033783
1186.429321 467.332703
1194.826660 566.969788
1199.449219 475.351532
1207.787598 558.844910
1209.336792 609.066833
1210.017090 555.228638
1212.655273 430.804840
1216.927124 551.549438
1219.931152 562.064880
1222.478882 552.186157
1223.381592 558.296753
1228.907837 519.870483
1232.330200 477.735260
1240.638794 465.313782
1241.474487 510.841797
1247.859253 421.561218
1250.253662 441.305542
1250.911865 417.861176
1251.551025 468.637482
1259.267212 472.817993
1260.622437 436.371704
375.395996 454.056702
387.959656 478.655670
389.727112 445.979736
396.156006 438.655914
400.631409 433.856476
411.249237 469.985748
417.620422 424.451508
424.861877 487.975983
429.103088 482.410309
429.724518 423.146729
429.494934 527.412964
433.079102 425.278351
433.015381 523.811523
435.110565 428.932983
453.334503 437.886475
1038.825195 518.861084
1070.238037 463.464874
1091.765747 554.601868
1111.754883 497.261719
1116.114136 540.964966
1124.098755 547.693604
1126.463135 553.151978
1136.328003 395.167938
1156.375732 522.178833
1174.232300 456.524597
1208.743896 508.283142
1242.926514 423.748566
1250.945679 418.822357
376.625000 483.398529
388.977570 440.549225
389.091827 454.810974
390.253967 473.237885
419.839722 437.815887
432.845764 426.041077
454.225891 482.929688
1103.455933 371.744110
1108.630127 566.466919
1116.895630 455.235931
1131.980591 543.962280
1193.942383 455.410339
1216.280640 556.799011
1230.213745 553.854797
1262.642700 473.788544
1270.740356 451.402740
378.534485 454.601837
391.918915 473.728180
397.738129 438.544922
398.422211 449.907227
410.142120 428.164368
433.657776 520.513062
460.313263 505.381805
1179.288208 482.758087
1240.181030 414.354889
390.138550 458.853058
410.852264 452.836609
413.283234 472.268677
1028.405396 436.361816
1104.452515 374.135712
1147.341919 370.067871
1268.314941 452.592651
1130.119873 547.345032
1034.645020 437.302612
1067.712402 400.574677
1077.302124 412.832184
1150.143433 360.342133
1148.259766 375.943573
1229.050049 417.005341
1261.881714 454.593353
1040.899902 440.245789
1077.349243 415.516205
1232.552002 425.883484
1247.488403 544.326843
1254.171143 453.109070
1027.379883 514.149292
1116.013916 386.104706
1186.397339 599.911377
1085.354980 592.200073
1131.324829 395.745728
1232.333984 447.572113
1042.102051 493.662292
407.330109 524.081482
1128.789795 517.771423
394.957855 432.740112
396.703369 441.475983
1087.033691 428.581360
1114.022339 413.645325
1116.755493 402.552124
1121.281738 399.486237
1131.382080 390.967987
1135.930298 407.098053
375.395996 454.056702
381.907410 445.096558
389.377716 478.401520
391.751953 429.642395
394.957855 432.740112
396.639618 423.670135
399.912567 451.028412
401.086151 448.986511
404.862701 439.354218
410.511963 471.210602
413.844727 474.825500
418.992676 434.704193
425.704834 480.368835
425.704834 480.368835
453.393829 476.222870
453.393829 476.222870
454.175079 480.203339
498.735474 987.212952
1033.288940 475.590668
1035.788330 456.072388
1035.788330 456.072388
1053.256348 484.758362
1055.291992 472.858521
1055.291992 472.858521
1055.291992 472.858521
1060.098999 457.829742
1059.911011 498.252594
1062.230103 489.277893
1065.757202 476.273468
1066.795288 540.636169
1066.795288 540.636169
1067.857666 525.150513
1069.232544 450.717834
1070.318970 461.911774
1070.318970 461.911774
1070.385742 465.376129
1072.156006 448.936951
1074.130371 447.381622
1074.167114 457.334503
1075.613281 461.336853
1076.172485 456.669220
1075.908447 545.291687
1077.902466 518.786560
1078.412476 443.346893
1080.129883 451.821259
1080.373047 500.625977
1080.373047 500.625977
1080.366089 556.773621
1083.402588 493.293091
1084.639282 564.583008
1088.139771 498.867950
1088.610596 483.844635
1089.626465 450.154968
1089.626465 450.154968
1089.884277 433.870514
1091.210449 427.399658
1091.368896 432.330444
1092.084717 498.870636
1092.651733 485.304718
1093.359253 445.795380
1093.738159 546.258911
1094.203247 450.839905
1094.203247 450.839905
1096.290039 428.841125
1097.139648 469.739563
1097.139648 469.739563
1100.097290 485.612518
1103.686279 436.369843
1103.686279 436.369843
1103.642456 492.086700
1104.679199 533.746155
1106.841064 433.900818
1106.841064 433.900818
1107.147461 436.889740
1107.677979 419.167419
1108.078369 468.643463
1108.760986 430.116455
1108.317017 432.481873
1108.317017 432.481873
1108.707153 487.690247
1109.846558 416.766541
1111.205811 427.277985
1111.205811 427.277985
1112.596069 414.768463
1114.022339 413.645325
1114.712402 456.751465
1116.307129 459.764740
1117.678345 454.656464
1117.380493 569.861084
1117.380493 569.861084
1117.914551 409.778717
1118.668701 420.909393
1118.668701 420.909393
1118.614380 489.727173
1118.856567 422.553284
1121.128418 407.359283
1120.755981 554.617188
1123.626709 416.118225
1123.822876 537.783203
1124.257324 557.284241
1124.741455 559.905273
1125.076416 552.916626
1125.778931 542.410217
1126.610229 554.491882
1127.355957 487.891907
1127.355957 487.891907
1127.919312 541.346619
1127.892700 574.643921
1128.384888 442.154999
1129.274414 419.251373
1130.905151 552.303833
1131.856323 410.882935
1131.856323 410.882935
1131.861328 525.320190
1133.644043 609.258362
1134.642334 540.847351
1135.102051 559.700439
1136.561401 469.350891
1138.099854 405.166962
1139.911621 549.671753
1143.578613 473.184998
1143.578613 473.184998
1144.662231 407.666321
1152.731201 408.133057
1155.107910 403.855988
1154.880127 561.738892
1154.880127 561.738892
1159.305786 517.583008
1159.305786 517.583008
1160.785400 468.351196
1161.776367 513.351563
1164.873291 483.083099
1168.185547 538.605103
1168.185547 538.605103
1172.920288 446.139282
1173.704590 587.913391
1174.107544 464.891632
1173.744385 549.122925
1174.260742 510.372650
1176.297363 490.265076
1177.633057 426.255920
1177.633057 426.255920
1177.633057 426.255920
1178.282837 430.198273
1184.194092 545.091370
1184.194092 545.091370
1184.194092 545.091370
1193.922729 467.258545
1193.922729 467.258545
1194.881714 533.321533
1198.188354 494.380432
1198.188354 494.380432
1198.864380 558.235291
1198.864380 558.235291
1200.717773 459.274597
1203.232422 497.246979
1203.232422 497.246979
1203.232422 497.246979
1205.326172 538.874023
1209.187012 550.394348
1209.639771 560.900635
1210.157837 472.690125
1210.157837 472.690125
1210.157837 472.690125
1210.178589 574.921631
1210.178589 574.921631
1210.342651 552.111023
1211.136963 559.451782
1211.278198 562.785461
1213.217285 554.144897
1213.679688 526.350830
1213.675415 558.750366
1214.182007 555.587036
1216.678223 442.749573
1218.143799 451.128601
1218.143799 451.128601
1218.800171 558.836792
1219.291748 513.868835
1220.140259 550.834045
1221.364258 549.825073
1221.290527 557.868225
1222.193237 548.344604
1227.710938 550.393250
1228.599731 572.370422
1228.599731 572.370422
1231.402222 433.817657
1231.402222 433.817657
1231.772827 549.364075
1231.617676 551.728638
1232.434937 508.781342
1232.434937 508.781342
1233.828003 422.117828
1239.251099 423.659668
1240.772095 542.331604
1242.239868 420.871735
1244.324585 412.900635
1244.595215 451.198700
1244.595215 451.198700
1244.571533 541.301453
1244.571533 541.301453
1246.875000 416.159454
1248.170898 417.912720
1251.702759 551.876221
1253.608643 475.562408
1254.259766 474.259521
1255.853027 476.295746
1262.692871 468.288208
383.671570 433.191742
392.869354 493.084961
419.538910 435.041534
424.374756 488.763000
429.351990 486.918304
432.580139 524.607056
1038.618408 518.097656
1038.618408 518.097656
1045.744995 484.881714
1069.978516 521.743225
1069.978516 521.743225
1095.110718 428.945374
1101.080811 424.820923
1105.420410 528.383728
1105.420410 528.383728
1107.742188 447.464264
1107.742188 447.464264
1111.375366 525.106812
1111.375366 525.106812
1120.456055 586.159668
1120.456055 586.159668
1122.879517 524.792114
1127.806152 549.420959
1130.074341 549.305786
1130.583618 399.594818
1134.399292 396.276703
1141.868896 406.091187
1151.575317 485.637329
1151.575317 485.637329
1151.575317 485.637329
1151.686035 524.854553
1178.897583 509.978851
1186.429321 467.332703
1194.826660 566.969788
1194.826660 566.969788
1212.655273 430.804840
1212.655273 430.804840
1222.478882 552.186157
1223.381592 558.296753
1228.907837 519.870483
1228.907837 519.870483
1232.330200 477.735260
1232.330200 477.735260
1240.638794 465.313782
1241.474487 510.841797
1241.474487 510.841797
1250.911865 417.861176
1251.551025 468.637482
375.395996 454.056702
396.156006 438.655914
400.631409 433.856476
417.620422 424.451508
424.861877 487.975983
424.861877 487.975983
433.015381 523.811523
433.015381 523.811523
435.110565 428.932983
453.334503 437.886475
1038.825195 518.861084
1038.825195 518.861084
1070.238037 463.464874
1091.765747 554.601868
1091.765747 554.601868
1091.765747 554.601868
1111.754883 497.261719
1116.114136 540.964966
1126.463135 553.151978
1156.375732 522.178833
1174.232300 456.524597
1208.743896 508.283142
1250.945679 418.822357
376.625000 483.398529
388.977570 440.549225
389.091827 454.810974
1103.455933 371.744110
1108.630127 566.466919
1108.630127 566.466919
1116.895630 455.235931
1131.980591 543.962280
1131.980591 543.962280
1131.980591 543.962280
1193.942383 455.410339
1230.213745 553.854797
397.738129 438.544922
398.422211 449.907227
460.313263 505.381805
1179.288208 482.758087
1240.181030 414.354889
413.283234 472.268677
1028.405396 436.361816
1104.452515 374.135712
1147.341919 370.067871
1268.314941 452.592651
1077.302124 412.832184
1150.143433 360.342133
1232.552002 425.883484
1254.171143 453.109070
1027.379883 514.149292
1116.013916 386.104706
1186.397339 599.911377
1232.333984 447.572113
1042.102051 493.662292
394.957855 432.740112
1114.022339 413.645325
375.395996 454.056702
