0.762565 0.834064 -0.848478 0.772998
-0.027443 -1.118988 1.162479 -0.119365
0.610112 -1.735513 2.726943 -1.639780
0.659649 0.856141 -0.980284 0.748052
-0.710598 0.973814 -0.883740 -0.588507
0.642291 0.908329 -1.021496 0.802362
-0.517773 1.045696 -1.106394 -0.371195
0.933595 0.609310 -0.630644 1.027744
0.931334 -0.543893 0.567069 0.938666
0.665123 0.944693 -0.949037 1.015491
0.931589 -0.732940 0.788434 0.891863
1.005436 -0.796262 0.465602 1.068594
-0.669987 -0.904846 0.921497 -1.024124
-0.011157 -1.440967 3.244970 -2.558054
1.123744 -0.126860 -0.109986 1.996123
-0.684850 -0.861890 0.876527 -0.794722
0.776103 0.801030 -3.952444 3.328948
1.133332 -0.425519 0.382534 1.027147
1.005686 0.582280 -0.365708 1.918653
-0.263579 -1.033715 1.069334 -0.272773
1.059334 0.308916 -0.380852 1.305363
0.669593 -0.852071 0.817378 0.723302
-0.411559 -1.000703 1.104628 -0.485578
0.701522 0.888997 -1.004051 0.904161
-0.073116 -1.097993 1.140773 -0.222811
0.343026 1.107481 -1.177677 0.288266
1.187304 -0.141259 0.000959 1.110704
0.935471 -0.969924 0.913554 3.183910
0.878197 0.689260 -0.894800 1.030780
0.474943 1.009915 -1.281038 0.764498
-0.531139 -1.000372 1.061817 -0.536700
0.163062 -1.071277 1.055764 0.181859
0.606648 0.881489 -2.732892 2.367821
0.557095 0.968596 -1.137611 0.655326
-0.710636 -0.776205 1.031834 -0.861570
0.874798 0.646392 -0.735466 0.999169
-0.170191 -1.092736 1.149959 -0.189451
-0.593933 -0.886736 0.883599 -0.637665
1.160152 -0.390437 0.259147 1.122138
-0.463337 -1.074880 1.232560 -0.927060
0.956752 -1.007236 0.566231 1.042158
-0.667842 -0.984624 1.196705 -1.103625
0.082986 -1.126629 1.129403 0.019292
1.049228 -0.408618 0.354487 1.428234
0.716639 0.926483 -1.015195 0.856199
-0.581191 -0.926125 1.025675 -0.577575
0.870940 -0.960910 0.720664 1.908185
0.712321 -1.064174 0.869245 0.660773
0.887092 0.968142 -1.406022 0.667105
0.931290 -0.965171 0.571944 1.041841
-0.299773 -1.281418 1.091767 -0.322713
0.758953 0.830346 -3.858835 3.293574
1.739418 -0.195878 0.694881 1.557996
1.127363 0.266651 -0.814972 1.350663
-0.569254 -0.914943 1.006076 -0.708401
-0.590763 -0.888904 0.932948 -0.820226
-0.357207 -1.071629 1.187870 -0.791019
1.031230 -0.129255 0.135694 1.342796
0.191371 1.296077 -1.413417 0.822366
0.251809 -1.054443 1.260652 0.484116
0.811814 0.742609 -0.740831 0.937403
-1.155346 0.397410 -0.797180 -1.123629
-0.535978 1.073227 -1.001569 -0.554459
1.072811 0.919872 -0.405047 1.757909
-1.176828 0.372102 -1.266813 -1.310398
0.665317 -0.952117 1.060032 0.743540
-0.893985 1.102625 -0.720132 -1.559453
0.860772 1.295613 -0.679099 1.136748
-0.566566 -0.964776 1.079683 -0.668369
0.567597 0.973366 -0.958503 0.627987
-0.780812 -0.792709 0.857035 -0.799667
-0.390875 -1.106598 1.146848 -0.581280
-0.021764 1.234774 -1.197453 0.288842
-0.332353 -1.075752 1.045807 -0.448068
-0.406698 -1.008439 1.120223 -0.440729
-0.515755 -1.021101 0.998572 -0.573761
1.323402 -0.217603 -0.318808 1.556623
-0.077163 -1.090963 1.142956 -0.197514
-0.321208 -1.089536 1.081465 -0.506995
-0.650490 -0.908607 0.982111 -0.686541
-0.353794 -1.084634 1.141236 -0.360305
0.418039 0.976180 -1.260240 0.605375
0.530710 0.933316 -0.921625 0.524693
-1.003864 -0.562676 0.845650 -0.920394
0.582923 1.047376 -1.096649 0.375919
0.679564 1.413942 -1.285042 0.173365
0.011635 -1.632772 1.983623 -1.560787
1.061968 -0.498484 0.806537 1.144518
-1.114109 0.420273 -0.316984 -1.097381
0.231077 1.234090 -1.325966 0.744770
-0.132162 -1.147548 1.321668 -0.246298
-1.117235 0.574662 -0.446346 -1.115307
0.258246 1.098442 -1.564277 0.711537
0.427153 1.039271 -1.140554 0.616634
-1.328870 0.055543 0.888684 -1.842007
0.357115 1.012571 -1.354029 0.605250
0.786531 -0.975895 0.949960 0.652293
-0.065317 -1.085753 1.371153 -0.307451
-0.246251 1.163653 -1.207727 -0.147484
-0.155530 -1.068874 1.336415 -0.079151
-0.447367 -0.944440 1.037228 -0.489970
0.267174 1.180813 -1.169492 0.488240
-1.052242 -0.052075 0.182022 -1.195255
-0.444688 -1.048281 1.139807 -0.634302
1.150999 -0.709876 0.539549 0.966991
0.345596 1.094834 -1.124545 0.454736
0.843355 0.822423 -0.867982 0.912748
0.693405 0.801416 -0.946847 0.723374
-0.445603 -0.957195 1.167575 -0.627910
0.096256 1.109198 -1.241726 0.158893
1.103436 -0.219227 0.151081 1.116987
1.082580 -0.731165 0.541761 1.033605
0.437899 1.102193 -1.122245 0.573319
-0.039694 1.102219 -2.664965 -0.439904
1.065999 0.179332 -0.284648 1.769170
-0.475531 -1.115473 1.738890 -1.374313
0.547106 -1.158822 1.018587 0.433241
-0.945123 -0.440579 0.435522 -1.281924
1.132815 0.061043 0.024946 1.260003
-0.528251 -0.921578 1.935621 -0.757737
1.005303 -0.576028 0.799327 1.055930
-0.478766 1.024641 -1.468895 -0.814293
-0.207129 1.058448 -2.296596 -0.770878
-0.937377 -0.560685 0.792415 -1.036648
1.057877 -0.279519 0.645805 1.348156
1.131082 -0.200095 0.656668 1.397853
-0.894486 0.722180 -1.270618 -1.017121
1.337122 0.248467 0.039499 1.159502
-1.053772 0.295216 -0.494283 -1.682922
0.778421 -1.061565 1.081551 2.064384
1.054049 0.368110 -0.730410 1.484102
-0.246126 1.307194 -1.248828 -0.807552
1.105058 0.397205 -0.704440 1.184933
1.127684 -0.979425 0.442694 1.962414
0.510318 -1.404126 1.380157 0.273610
0.848960 0.727070 -1.274466 1.226077
0.976036 -0.995420 0.648923 2.040848
-1.038841 -0.385931 0.505916 -1.342833
0.483840 0.972526 -2.250571 1.366094
0.077682 -1.142048 1.759718 -0.169847
0.139928 -1.379101 1.695113 -0.819714
-0.291084 -1.067425 1.704059 -0.504099
0.634096 -0.988887 1.166378 0.605487
0.909850 1.376341 -1.315565 0.213299
-0.517154 1.102233 -2.016593 -0.102386
1.700714 0.558747 -2.954153 1.970304
0.433067 -1.292091 3.309856 -0.662226
0.649299 0.867929 -2.144019 1.331171
-1.228513 0.306222 0.110511 -1.467593
-1.602757 0.301082 0.808772 -1.785100
0.944107 0.496847 -0.482324 1.050611
0.783325 -1.809746 4.401709 -2.410831
0.260296 -1.519163 3.544588 -2.267297
0.058830 -1.383192 3.844233 -2.899269
0.101198 -1.447031 4.003475 -3.036879
-1.174692 0.091408 -0.479225 -1.497719
-0.062089 -1.321973 3.864946 -3.032663
-0.177184 -1.631527 2.701057 -3.414351
-0.913099 0.780431 -0.812938 -0.969456
1.193555 -0.721931 0.629006 1.163423
0.666504 1.158858 -2.018487 1.560122
-0.141236 -1.080796 1.154114 -0.332690
-0.945073 1.134025 -1.018874 -1.099691
0.899692 -0.981880 1.072659 0.837741
0.999613 0.309709 -0.369197 1.349987
-0.607275 1.131716 -1.228330 -0.565527
0.544794 -2.465690 5.965193 -4.478009
0.877346 0.921646 -1.144418 1.054841
1.010530 -0.745728 0.683791 0.962476
0.457939 -1.116740 1.013547 0.413132
0.857195 0.854018 -1.032592 0.948630
0.761402 2.215846 -1.092353 1.103161
1.186717 -0.870519 0.737965 1.079842
1.185886 0.191070 -0.249140 1.206179
0.951551 0.883541 -2.521829 2.149729
1.047806 -1.010006 0.724004 2.218084
1.200493 -0.639984 0.507920 2.610007
1.016035 -0.623791 0.505201 0.955919
1.229967 -0.332336 0.515386 2.940143
0.746860 1.057612 -1.133523 0.895142
1.145399 0.983861 -4.962658 4.196924
0.250387 1.055375 -1.146680 0.252554
1.240849 2.391751 -0.523842 2.478097
0.579302 1.082954 -1.153718 0.666030
-0.671522 -0.862558 1.096431 -1.029117
0.801586 -2.073828 1.270634 3.300236
1.273364 -0.398058 0.304258 1.163472
0.547537 1.101623 -1.379859 0.749064
1.161321 -0.822251 0.670477 1.101728
0.952045 -1.103098 1.102130 0.830904
0.697707 2.026533 -1.255490 1.237278
-0.597132 -1.127421 1.206757 -0.730810
0.434334 0.970774 -1.112032 0.600919
0.648838 1.005396 -1.014841 0.706380
1.037766 0.806277 -0.944417 1.170761
1.153883 -1.164223 0.989525 0.897571
0.722484 1.094697 -1.197216 0.840661
0.931154 0.910895 -1.113549 0.998521
1.167827 -0.224642 0.244621 1.710287
0.771724 1.943385 -1.100098 1.051818
-0.691256 -0.851782 1.279219 -1.085983
0.012920 -1.305988 1.376152 -0.042196
0.169050 1.476984 -4.637552 3.816789
0.715629 2.314549 -1.154265 0.968045
0.976147 1.189124 -1.323194 1.113814
0.926169 -0.865468 0.704092 2.235684
0.578303 1.134060 -0.936253 0.856443
-1.408291 -0.654819 -0.066099 -2.817728
-1.082472 -0.088364 -0.296659 -2.352902
0.461565 1.098504 -1.466520 0.534426
0.355010 -1.211362 1.396920 0.180699
0.666859 2.250792 -1.119682 0.762323
-1.416406 -0.777577 -0.054542 -2.831821
0.669332 2.039828 -1.120351 0.610294
-1.256036 -0.114452 -0.382791 -2.306488
0.964031 0.491406 -0.893717 1.150694
0.597605 1.768000 -2.238806 -0.735378
1.114363 0.616328 -1.011246 1.328143
1.130999 -1.338290 0.806810 1.122047
0.651398 1.890311 -1.010319 0.812866
-0.796450 -2.221016 1.094958 -0.864191
0.206559 1.595321 -4.077314 3.339437
-0.342648 -1.125835 1.291738 -0.392340
0.008581 -1.354613 1.674327 -0.171576
1.802518 -0.243742 0.821761 1.619557
1.392412 0.197460 -0.382015 1.185656
-0.631276 -0.982820 0.965488 -1.105328
0.506300 1.288011 -1.577607 0.692831
0.685128 2.086872 -1.192158 0.947669
0.891674 1.056436 -5.177344 4.331092
-0.822420 -2.012213 1.023677 -1.182102
-0.875014 -0.940926 1.040591 -1.087800
-0.042902 1.350558 -1.413880 -0.372391
-0.659192 -1.382398 1.313370 -0.978987
0.370300 1.311262 -1.886339 0.494030
0.559602 2.021255 -1.128609 0.743704
1.099934 0.680473 -0.781440 1.228191
1.318477 -0.395361 0.314497 1.260546
-0.762376 -1.196008 1.018637 -0.927456
-1.104497 -0.275748 0.173707 -1.170740
0.473031 1.754847 -1.027205 0.282606
-1.401016 0.003190 0.726119 -1.555838
-1.318284 0.329745 -0.779788 -1.217597
0.060110 -1.071641 1.390875 0.232146
-0.526622 -2.179018 1.203780 -0.320251
-2.060577 0.106907 -1.151155 -1.874162
-1.018326 -1.846613 0.882608 -1.446204
0.843087 -0.922688 0.965389 0.691468
0.412991 -1.014260 1.105459 0.524144
1.025853 1.209834 -0.641859 1.400085
-1.104703 -0.260757 -0.149516 -1.792629
0.292272 1.646669 -3.975286 2.905746
-0.101647 -1.204773 1.233009 -0.139138
-0.983938 0.638513 -0.549454 -0.920762
1.794154 0.147248 0.761383 2.640986
0.364869 -1.511719 1.680838 0.134693
0.547352 0.893911 -0.978158 0.671652
1.400118 -0.371343 0.929833 2.496679
-0.849664 -0.891177 0.973139 -0.976249
0.669284 0.869945 -0.957361 0.818134
0.509341 1.217130 -1.338568 0.688753
-0.608507 -0.875886 0.971389 -0.733880
1.156861 -0.254063 0.226903 2.263224
-0.933766 -1.172987 0.602128 -2.198816
-0.251187 -1.315194 1.489785 -0.470362
-0.638847 -0.877392 1.008315 -0.837738
0.523751 1.164735 -1.255445 0.618725
0.978199 1.148894 -1.639427 0.906634
-0.673361 -1.293727 1.484587 -0.810183
0.273574 -1.049278 1.035430 0.270832
-1.076570 -0.761912 1.099497 -1.748187
0.258923 -1.667706 2.018079 -0.057899
-0.678435 -1.125506 1.214723 -0.734086
0.081475 -1.185805 1.376856 0.173357
-0.465978 -1.194822 1.320905 -1.696201
-0.425387 -1.458942 1.428293 -0.582157
-0.980263 -0.415104 0.654548 -1.226182
-1.170409 0.278890 -0.171060 -1.361724
1.103895 -0.839709 0.763403 1.049332
1.114782 -0.473779 0.382508 1.007369
-0.974502 -0.880428 0.933406 -1.071249
-0.676621 -1.087251 1.109489 -0.811500
-0.930410 1.285602 -1.208142 -0.681649
-1.219844 0.057240 -0.128326 -1.060919
1.276461 -0.704051 0.883672 1.714972
-0.782116 -1.462330 1.724618 -1.660306
-0.843973 -1.050224 1.225649 -1.114242
-1.489663 0.852989 -1.157135 -1.028204
-0.473689 -1.296167 1.921758 -0.473344
-0.116440 -1.349291 1.532832 -0.256321
-1.232828 1.022107 -0.945986 -1.061162
-0.839602 -1.026976 1.215027 -0.942607
-0.854181 -1.046300 1.161841 -1.030696
-0.766275 -1.097851 1.182652 -0.876056
0.211947 1.178320 -1.314100 0.383785
-0.809694 -1.140704 1.244245 -0.899439
-0.947789 -0.986128 1.173151 -1.062811
1.364064 -0.199917 -0.463508 1.567380
-0.641016 -1.174029 1.280087 -0.793339
0.304014 1.464058 -1.418186 0.024657
0.219451 -1.124550 1.190584 0.056293
-0.251384 -1.412165 1.547520 -0.950450
0.866094 0.749967 -0.786301 1.008164
0.061682 1.676791 -1.638510 0.625564
0.260419 1.425476 -1.384676 0.745743
-0.719067 -0.771202 0.867689 -0.842800
-0.962794 -0.919427 1.355514 -1.230898
-0.123073 -1.433463 1.577618 0.096506
-1.355855 0.368658 -0.719455 -1.245293
-0.117748 1.194412 -1.570453 0.355404
-0.983378 -0.365271 0.680248 -1.403175
0.056612 1.261703 -1.319831 -0.076423
1.308296 -0.048868 0.078441 1.193499
-0.109249 1.306002 -1.417029 0.093072
0.576078 0.938938 -1.015968 0.581858
1.191757 0.280716 -0.071227 1.106139
-0.219357 -1.253264 1.343477 -0.290495
0.099082 1.235685 -1.598861 0.453821
-1.320003 0.459555 -0.354204 -1.169711
-0.317286 1.106095 -1.074786 -0.353871
-1.201406 0.274113 -0.178131 -1.139207
-1.114974 0.095801 -0.241656 -1.101617
-0.600748 1.083886 -1.061080 -0.501584
1.944455 -0.868587 0.977368 1.394853
-0.233601 -1.097129 1.233591 -0.385564
-0.923190 1.202255 -1.318091 -0.680046
-1.367638 0.669268 -0.574411 -1.258186
-0.175904 1.258093 -1.290260 0.019895
-1.212990 0.553182 -0.484298 -0.994480
0.815391 1.067027 -1.357835 0.926607
1.219647 0.854755 -1.149321 1.107126
0.165845 1.164132 -1.239454 0.162326
1.554301 -1.334998 0.531496 1.312436
-0.950607 0.565954 -0.533319 -0.902330
0.803299 -1.227456 1.275370 0.710158
-0.702355 -1.232016 1.379674 -0.802107
-0.213997 -1.045351 1.073024 -0.258851
-1.312412 -0.204414 1.006865 -1.751769
-1.163860 -0.865342 1.117203 -1.145331
1.240139 -0.437208 0.290193 1.495222
-1.159968 -0.004171 0.056561 -1.388133
0.585698 -1.053839 1.239084 0.357548
1.214829 -0.794889 0.794830 1.121377
-1.133758 -1.006725 1.419856 -0.906320
0.726340 1.494752 -1.655979 0.609427
1.099195 -1.430653 1.136700 0.873395
-1.262513 1.105133 -1.063276 -0.965833
-0.487098 -1.054143 1.145738 -0.517595
1.039476 -0.560726 2.039874 3.489152
-1.756303 -0.921025 -0.206706 -1.722188
0.570190 -1.295395 1.365079 0.689552
0.620539 -1.184906 1.141268 0.635212
-1.279668 -0.559998 0.534382 -1.567014
1.381112 -0.318084 0.435132 1.522434
0.138185 1.638976 -1.677567 -0.172612
-0.770005 -1.678861 1.510505 -0.692156
0.919480 -0.752790 1.299144 0.768481
-0.571562 -1.162613 1.629770 -0.427674
0.487146 -1.087429 1.049493 0.405152
0.951797 1.057893 -1.266357 1.222589
0.765860 0.970126 -1.227721 1.090913
1.235762 -1.350577 0.758761 2.234748
1.494008 0.739667 -0.478404 1.050336
-1.237665 -0.339226 0.202566 -1.505731
-1.045490 0.213031 -0.486589 -1.419398
-1.587595 0.502268 -0.798247 -2.210605
-1.360496 0.437640 -0.705622 -1.845691
-1.164741 0.255158 -0.410594 -1.608622
-1.507641 -0.987212 0.208741 -2.303803
-1.331495 -0.202811 -0.078647 -1.977785
-1.801175 0.157383 0.465500 -2.270353
0.947119 -0.784920 0.884209 0.997451
-1.178115 -1.020334 1.615384 -0.854715
-0.461223 1.091834 -1.203905 -0.688367
-1.200352 -0.513366 0.707791 -1.978148
-1.206088 -0.473278 0.795243 -1.869099
-0.335367 1.059063 -2.174174 -0.922242
-1.720229 0.013147 0.436077 -1.711765
0.946623 -1.025476 0.676354 2.248345
0.181106 -1.680684 1.222651 0.244017
0.478040 1.063338 -1.680696 0.990809
-0.358983 -1.284773 1.911716 -0.777078
1.599581 0.004078 0.803554 1.439986
-1.403788 -0.406762 0.538704 -1.582338
3.008745 0.181913 -2.835445 2.311963
0.204430 -1.196136 2.482452 -0.000762
1.456145 0.458375 -1.357080 1.810150
1.402092 -1.291185 0.630776 2.067028
0.997199 -0.813490 0.551667 1.668188
0.879767 -1.357644 1.042718 0.954764
1.728781 -1.219969 1.078984 1.540610
1.718877 -1.417050 1.406466 1.466358
1.094972 1.609188 -1.732876 1.240448
1.704862 -1.355237 0.964338 1.730836
1.154929 1.461818 -1.543859 1.554772
0.526680 -1.979905 1.928617 0.186700
1.276963 -0.609675 0.642093 3.144233
-1.681443 -0.847648 1.207745 -1.739166
0.773828 2.736821 -1.496148 1.419289
1.349479 -1.373965 1.322005 1.118733
-1.027361 -1.684416 1.899049 -1.483711
-0.635967 -1.890407 2.154943 -0.686353
1.206278 1.524704 -1.582878 1.395428
-1.525732 -1.662230 0.413899 -2.709366
0.683867 2.232013 -1.230086 0.792155
1.852208 -0.919347 0.875217 1.932680
2.224495 0.563233 -1.141772 2.673522
0.371424 1.949170 -2.328494 1.044589
-0.105953 -1.801922 1.755144 -0.632370
-0.411170 -1.981551 2.096895 -0.062304
0.724833 2.071917 -1.186232 0.731042
0.889911 -1.364480 1.901234 0.971442
-2.273875 0.128289 -0.525452 -1.858766
0.816483 1.813907 -1.026881 1.212334
-0.451027 -2.108394 2.838465 -0.523971
1.716538 0.926266 -1.293519 1.956802
-0.141751 -2.070469 2.308517 -0.169562
1.890541 -0.139536 0.992857 3.080484
-0.561497 -1.967334 2.242710 -0.981647
1.430962 -0.630503 1.240692 2.566848
-2.725775 0.224613 0.623685 -2.113566
1.683433 -0.611065 1.179463 3.480363
-2.211640 0.219197 0.228000 -2.099321
-0.772644 -1.676704 2.021551 -1.200796
0.101940 -1.950785 2.292469 -0.211786
-0.228656 -1.979828 2.076162 -0.445989
1.684084 -1.252142 1.054973 1.672484
1.463235 -1.567856 1.489603 1.340298
0.411502 1.912917 -2.420667 0.869009
-1.902545 -1.220032 1.666148 -1.746170
1.838836 -0.944056 0.555962 1.646403
0.133215 -1.971061 2.113242 -0.055366
0.815011 2.192602 -2.080344 0.253648
2.093538 -0.830466 -0.001730 2.065951
0.648221 1.691749 -1.650410 0.085745
0.428280 1.959307 -1.832757 0.192041
0.031476 -2.073240 2.030708 -0.767810
-0.004715 1.924506 -1.833930 0.564045
-0.012297 -1.269716 1.172981 -0.057516
-0.317983 -1.982307 2.094221 -0.055961
-2.289619 0.358912 -0.488130 -1.960392
-1.766004 1.540229 -1.532925 -1.371752
-2.322771 0.650252 -0.532328 -2.239457
-0.974235 -1.857106 2.007496 -0.968750
0.255392 1.988423 -2.096648 0.461781
-1.344141 -1.610336 1.649346 -1.341689
0.995356 1.694957 -2.064494 1.261534
-1.777753 1.208268 -1.049468 -1.543686
0.912092 1.943195 -2.226241 0.858581
-1.657682 1.421602 -1.467944 -1.403434
0.540553 -1.186547 1.187814 0.445764
0.785699 -1.634313 1.773167 0.975084
-0.274519 -2.025679 2.075336 -0.608688
1.799197 0.300885 -0.396212 1.907206
1.621326 -0.047640 0.310658 1.511994
2.114083 0.942923 -0.437044 1.621124
-1.777208 -0.299671 -0.171398 -2.553579
-1.951391 -0.790974 0.597115 -3.438274
1.185405 -1.911680 1.708961 1.849707
-0.842536 1.868035 -1.648281 -0.908496
-1.833620 -1.136391 1.443154 -2.418497
1.180523 -1.260175 0.806703 2.530438
-1.884800 1.420302 -1.601508 -3.840226
1.976288 -0.271981 1.017129 1.950570
-2.089340 -0.555283 0.491382 -2.237285
3.797464 0.158165 -2.733485 2.269044
0.504052 -2.275846 4.158790 -0.713145
2.866660 -1.645298 -3.246421 5.668115
-0.605697 -2.828889 1.638304 -1.245725
0.859048 0.914069 -0.979628 0.960896
-0.973698 -1.170896 1.697672 -1.462396
-0.284124 -2.967321 3.290432 -0.449201
1.167302 0.508132 -1.161830 1.731971
-2.312388 2.274502 -2.255825 -2.011058
0.579453 1.643058 -1.631611 0.050398
-2.283240 0.544556 -0.475860 -2.349179
-2.561930 -0.514280 1.316922 -3.295536
0.930351 -2.365731 3.006659 1.956109
1.437869 -2.153336 2.432899 2.168943
1.798446 -1.808268 1.858067 2.193646
-0.398830 2.507710 -2.531039 -0.624606
-0.842493 -2.350312 2.378675 -1.352188
2.788912 1.585216 -0.764471 3.924438
-2.498798 -1.020856 0.900518 -3.400530
3.170108 -0.904401 1.280584 2.646470
-1.935596 0.082414 0.390753 -1.931039
-0.567240 -2.368144 2.751632 -1.268765
3.233479 0.372463 -2.299430 2.562762
0.351074 -2.783181 4.806594 -0.782089
2.526000 -1.957951 1.170138 2.705064
-2.430022 -2.597715 1.685657 -2.350760
-0.391171 -3.597549 3.649810 -1.230343
-1.475402 -4.146486 5.420046 -1.623552
-1.911437 -3.349177 3.646260 -1.930576
4.629049 1.120419 -4.226383 3.901097
3.928324 -0.834152 2.542415 3.997147
1.437802 -2.650658 2.930554 2.212385
3.448050 1.963488 -1.201211 4.573079
-3.766895 -0.600063 0.707786 -3.708151
0.664606 3.923389 -4.882697 0.200468
-3.566255 -2.123609 2.764597 -4.131153
-1.963645 2.911634 -2.611533 -4.180658
1.162415 -3.953918 4.506919 0.686710
3.450041 -0.872625 1.333171 4.457713
3.783439 -0.541975 0.855521 4.692293
1.915010 -3.802582 5.082091 1.087660
3.642617 -0.578478 0.012298 3.996199
0.097659 -3.660747 6.204387 -0.829257
4.147181 0.148012 0.032001 4.927518
-2.386482 -4.020432 4.580519 -3.040422
-4.830663 2.887954 -2.901536 -4.505294
-0.883402 5.533877 -4.939831 -0.838406
-3.315809 -4.780753 5.394885 -3.484287
-2.945202 -5.363851 6.302306 -3.167399
-2.913792 -4.581280 5.381523 -3.441570
4.659466 0.126996 1.580019 7.183681
4.908487 0.973172 0.931555 7.660539
2.796210 -5.576935 7.799480 1.631003
1.409600 -5.377422 6.753804 -0.175049
2.133850 -5.256416 7.443444 0.916392
-2.134715 -7.523796 9.120908 -1.726636
-1.212260 6.546175 -5.736205 -1.211383
0.298389 -8.091925 12.853857 -0.309820
-8.154637 2.436340 -4.641054 -11.065043
-1.100179 -7.979273 10.229103 -2.565545
5.087316 -7.410073 10.153273 3.502228
8.650085 1.472905 0.605818 13.216416
-15.261589 -2.572700 14.528299 -12.606218
0.821867 -8.547455 8.887435 0.562975
14.351090 -6.160091 16.810612 8.789243
12.799518 -6.944414 -2.720730 17.958927
13.140180 7.700854 2.258749 20.749645
2.650454 -9.711421 12.543132 2.116996
17.577879 8.987709 1.762447 23.890522
12.538422 -7.938773 9.727807 11.386713
-5.622748 -21.205265 30.305351 -23.097115
-22.129299 -11.486022 26.829494 -18.221230
18.111166 -13.766020 28.972403 12.803318
22.470457 -7.661565 -6.870630 32.948883
-29.379169 -20.310221 35.126991 -22.713263
-19.212854 -35.211369 42.004971 -31.160076
26.861753 -36.607975 47.588860 21.014463
51.153660 -2.495832 -11.865067 55.676109
45.584148 10.248093 -0.198387 50.460838
74.958344 1.006697 -13.243768 81.936157
59.152046 2.686160 -0.100392 64.343948
-36.670662 -53.398979 57.914806 -42.795033
130.154724 -13.801523 16.636122 180.221069
156.666260 -40.803574 30.276468 175.870590
-0.744009 1.051759 -0.970373 -0.614386
0.894933 1.373963 -0.736823 1.175117
0.346950 1.096105 -1.468868 0.625415
1.016760 -1.429456 1.327678 2.367277
0.912396 1.387890 -1.331537 0.215269
0.566725 1.310143 -1.086712 0.856257
0.599172 1.946679 -1.130228 0.515266
0.431423 -1.043769 1.140715 0.547162
1.113790 1.916746 -1.032655 1.182875
-1.273507 0.572974 -0.448984 -1.213123
-0.402462 -1.767502 1.699028 -1.597602
-0.275706 -1.205548 1.392233 -0.110897
-0.920025 -0.918533 1.041592 -1.070750
-1.197422 0.057423 -0.194458 -1.162427
-1.231132 0.609920 -0.552784 -1.003176
-1.230269 0.688048 -0.602002 -1.145053
-0.329085 -1.299886 1.337154 -0.385379
94.807961 -22.650238 13.427173 93.591896
1.133193 -0.148356 0.131510 1.127465
0.110390 -1.133398 1.135445 0.092715
0.983570 -0.743763 0.654740 0.859870
-0.944821 0.791370 -0.709513 -0.816268
-0.640904 -0.870200 0.992641 -0.731650
1.012639 0.372194 -0.510402 1.075233
-0.379869 -1.011753 1.068478 -0.520588
1.124795 -0.615472 0.436839 1.044050
-0.147921 -1.083362 1.212566 -0.239985
0.605170 0.915324 -0.907039 0.582318
1.040254 -0.857662 0.510816 1.089992
-1.218777 0.043640 -0.063771 -1.153567
0.103289 -1.148717 1.216066 0.114325
0.622172 0.925652 -0.916836 0.958693
1.041040 -0.812712 0.462899 1.098670
0.621789 0.956236 -0.954682 0.976314
-1.013298 0.873338 -0.520833 -1.051122
0.240070 1.256899 -3.236097 2.653343
0.640204 -1.010550 0.909647 0.594327
-0.637988 1.011994 -0.911203 -0.591866
-0.475553 -1.050018 3.999749 -3.258989
-0.453024 -0.998365 1.107043 -0.489249
1.086554 -0.191789 0.179861 1.051755
0.463696 0.962247 -0.998967 0.465890
-0.925513 0.594083 -0.596972 -0.888840
-1.095944 -0.157579 0.257184 -1.332131
-0.400444 -1.041553 0.977806 -0.405411
0.662553 0.882781 -0.823095 0.685484
-1.142076 0.104688 0.048710 -1.115470
1.143103 -0.147274 -0.004994 1.110650
0.063543 1.099824 -1.141346 0.213591
1.197783 -0.214400 0.264398 1.124119
-0.050745 -1.103804 1.186220 -0.187709
0.130934 1.088564 -1.180063 0.262005
0.323027 -1.238105 1.211425 0.068436
-0.934437 -0.634547 0.996723 -1.096237
0.910091 -0.753621 0.762430 0.849027
1.068102 0.036166 -0.019626 1.086002
-0.173520 1.069422 -1.054096 -0.192469
-1.061878 0.102672 -0.116793 -1.081742
1.155732 -0.146598 0.125116 1.099306
0.749448 -0.799689 0.756195 0.743917
-0.155737 -1.152220 1.178497 -0.289870
1.260645 -0.083843 -0.380342 1.416961
-0.720203 -0.856358 0.846935 -1.169303
1.178063 0.298125 -0.700202 1.448652
-1.023561 1.290758 -0.911283 -0.722092
0.947074 -0.669756 0.620877 0.906141
0.481405 0.991384 -1.025030 0.535558
0.866165 -0.773503 0.799720 0.770061
-1.120290 -0.193411 -0.151144 -2.127701
0.770968 0.791493 -0.817678 0.970890
-0.935513 -0.552140 0.622738 -1.124380
1.343847 -0.730077 0.978728 0.921583
-0.490269 -1.120509 0.976759 -0.872610
0.991270 -0.613689 0.546995 1.170282
0.742949 1.551951 -1.719436 0.239097
-1.047411 0.583077 -0.349748 -1.059690
-1.038321 -0.126191 0.061134 -1.343088
-1.085632 -0.103401 0.171099 -1.191428
-1.017357 0.528457 -0.415760 -1.072812
0.998772 0.560024 -0.541172 1.070334
0.034776 1.204676 -1.251042 -0.090183
0.732510 1.543950 -0.883872 1.124231
1.041680 -0.231339 0.342061 1.708008
-1.152382 -0.066508 0.127247 -1.124025
1.182093 0.082511 -0.265892 1.247252
-0.730249 -0.784597 0.949265 -0.996245
1.070798 0.272349 -0.536432 1.238516
-1.180058 0.096729 0.204525 -1.264413
0.955860 0.599712 -0.711784 0.922787
1.115816 0.099228 -0.134548 1.167049
1.145555 -0.120866 -0.002821 1.102091
-1.145075 0.155535 -0.033279 -1.097735
0.065535 1.092916 -1.143682 0.186408
-1.035445 0.604091 -0.561724 -0.965391
0.845665 -0.823497 0.844062 0.792530
-1.273992 0.571123 -0.374040 -0.996607
-0.329565 -1.015842 1.286215 -0.536164
-0.994026 0.370305 -0.378097 -1.004617
0.147764 -1.058716 1.053191 0.159696
0.895358 -0.648094 0.860681 0.904592
1.746770 -0.613397 -0.940047 2.173877
0.218940 1.129759 -1.137446 0.323292
0.702188 0.920853 -1.127477 0.727707
1.233893 -0.553374 0.491713 1.035039
-0.066053 -1.240445 1.201281 -0.188262
0.143809 1.397942 -1.592160 1.200764
-0.227593 -1.065225 1.381712 -0.506878
0.430492 1.052370 -1.155738 0.519975
-1.159314 0.511117 -0.420769 -1.056700
-0.580253 -0.990529 1.087452 -0.628246
1.139389 0.364829 -0.470148 1.114783
0.394508 0.967940 -1.058462 0.441735
1.042929 -0.477711 0.433910 0.950700
-1.046557 0.469661 -0.425083 -0.954702
-0.838953 1.049505 -0.857468 -0.728861
-1.044634 -0.433930 0.589772 -1.201833
1.154292 -0.548008 0.326652 1.154290
-1.219643 0.113716 0.096832 -1.219959
1.002494 -0.863991 0.701365 0.868765
0.982983 0.566558 -0.806013 1.057358
0.099101 -1.191399 1.267317 -0.139869
-1.117847 0.545047 -0.463742 -1.101096
0.896685 -0.777007 0.757156 0.749531
-0.865086 0.806906 -0.793068 -0.717245
-0.746464 -0.758697 0.905605 -0.768060
-1.231006 0.434436 -0.215450 -1.059131
-1.204244 -0.214962 0.317721 -1.099709
-0.138421 1.135752 -1.105096 -0.076069
0.769131 0.844934 -0.934838 0.942882
-0.398664 -1.534632 1.028808 -0.898347
-0.780022 1.441801 -0.780349 -1.040833
1.130476 0.094290 -0.242627 1.233562
-0.981247 -0.506956 0.611554 -1.128522
0.601748 -1.019097 0.960099 0.743488
-0.066320 -1.192708 1.552475 0.365412
1.550842 0.488802 -0.097294 1.147672
0.075632 -1.133840 1.335565 0.347257
-1.440298 0.092643 0.904727 -1.601645
0.953603 -0.644085 1.284203 1.234895
-0.928386 0.668036 -1.302550 -1.222104
1.525233 0.616061 -1.416955 0.919711
2.471475 0.193149 -2.243771 1.439006
2.239951 -1.004960 -0.032048 1.231005
1.046687 -1.810183 1.458557 -0.021669
1.536672 0.351754 -4.198485 2.993920
0.993094 0.632385 -3.412569 2.654916
1.419935 0.165561 -3.572866 3.208047
1.841393 -0.229360 -3.398667 3.300311
1.514498 -0.311897 -2.243524 3.771259
-0.821417 -1.024897 1.070279 -0.907923
0.771866 1.065148 -1.106547 0.860347
-0.618974 1.257758 -1.198788 -0.541094
-0.017636 -1.580262 2.125607 -1.131240
-1.024391 0.701893 -0.550045 -0.886650
0.680386 0.786298 -0.942869 0.812734
-0.346005 1.247926 -1.356586 -0.329511
0.668099 -1.101937 1.196337 0.621559
1.504493 0.806147 -5.798002 5.048001
-0.661651 -0.978468 1.025163 -0.724618
0.585860 1.028261 -1.070285 0.652036
-0.876327 0.901638 -0.848995 -0.818241
-0.968296 -0.511811 0.547164 -1.075098
1.082767 0.190323 -0.254165 1.175399
1.124413 -0.844001 0.732615 0.957553
1.210737 -0.689843 0.554152 2.377194
-0.774458 -1.052290 1.163230 -0.903630
0.829359 1.007738 -1.124745 0.953061
-1.205707 -0.061203 0.121108 -1.219685
0.152665 -1.217662 1.202119 0.093147
-0.081369 1.221038 -1.209039 -0.021036
-0.724215 -2.217881 1.047660 -1.010452
0.600945 2.551456 -1.156733 0.843675
0.777536 0.734580 -0.826434 0.873664
1.205502 1.964566 -0.570267 2.212549
1.238986 -0.713178 0.554608 1.187940
-0.391208 -1.269561 1.299858 -0.555013
1.138930 -0.283080 0.283564 1.047600
0.916777 -1.510210 0.986731 3.095271
-0.897654 1.569389 -1.004159 -3.065690
-0.706766 1.119803 -1.080342 -0.602018
1.132757 -0.703488 0.619288 1.059004
0.582145 0.941714 -1.146390 0.957216
-0.117049 -1.208783 1.303967 -0.225744
-1.303086 0.234485 -0.126481 -1.207118
0.231305 1.184238 -1.288615 0.331206
-0.209622 -1.246264 1.469648 -0.470634
-0.444836 -1.234456 1.265040 -0.604995
0.865724 0.938520 -1.024074 1.004530
-1.048798 0.976833 -0.835600 -0.967314
-0.349429 -1.315540 1.413852 -0.420215
-0.535741 1.315274 -1.354275 -0.421046
-1.398385 -0.447192 0.327979 -2.331890
1.436331 -0.100256 0.001912 2.372265
0.639211 1.101017 -1.185005 0.770015
-1.279452 0.562930 -0.419323 -1.219947
1.090127 -0.908778 0.790222 0.989587
-0.622429 -0.850489 1.018745 -0.761692
-0.505304 -1.091858 1.093417 -0.563595
0.727240 -1.303952 1.200002 0.566104
0.852026 1.024026 -1.258832 1.054712
-0.795116 -1.069983 1.295529 -1.008059
-0.750914 -1.074276 1.179592 -0.866606
1.251355 -0.750061 0.624034 1.158656
-0.995470 1.072991 -0.982012 -0.868196
1.262759 -0.818565 0.715876 1.075512
0.688283 1.480425 -0.974642 0.885375
0.721286 0.825886 -1.262530 1.105804
-1.241403 1.128953 -0.757070 -0.793950
-1.372962 0.144006 -0.094535 -1.298710
0.210207 1.281897 -1.360064 0.253227
1.363952 -0.227850 0.183294 1.286650
1.538425 -0.749361 0.580480 1.446740
-0.853516 1.481882 -1.405424 -0.677218
-1.130072 -0.097476 -0.276534 -2.395374
-0.987460 0.743584 -0.485725 -1.211061
1.087144 -1.166278 0.897647 2.647296
0.698248 2.807894 -1.224787 0.695779
0.897125 -0.784413 0.674478 2.220057
-0.716583 -2.247530 1.100302 -0.530656
1.707544 -0.166957 1.566421 1.907546
1.405653 -0.906336 0.537179 1.149947
-0.411704 -1.484944 1.326876 -0.919213
1.193743 0.577728 -0.141560 1.974907
-0.973432 0.914375 -0.705331 -1.843352
-0.696748 -1.180964 4.022648 -3.507451
0.955444 -0.895947 0.934410 0.786584
0.947006 1.598300 -1.739984 0.357509
1.318571 -0.599757 0.588319 1.041663
0.113359 -1.452952 1.652977 -0.167086
-1.446175 0.548086 -0.260866 -1.602823
-0.481706 -1.279598 1.861010 -0.571055
-0.902918 -0.932070 1.002617 -1.050116
-1.103522 0.840255 -0.787103 -1.019440
-0.759353 -1.040066 1.122797 -0.814585
1.060325 -0.857973 0.703242 1.246792
0.383794 -1.095422 1.050139 0.496709
1.117156 0.205519 0.175701 1.765536
-1.379037 -0.332013 0.190799 -1.045023
-0.326068 1.007122 -1.353450 -0.433603
-0.290828 -1.776554 2.342339 0.606440
-0.598556 -0.976515 1.133359 -0.613107
0.189213 1.124501 -1.267663 0.254911
-0.563125 -1.750251 1.071097 -0.600465
0.933056 -0.535441 0.610025 1.730554
0.759942 1.614161 -0.815605 0.822190
-1.214804 -0.190587 0.234299 -1.197712
-0.062677 1.212585 -1.235603 -0.021775
1.228048 -0.186489 0.150139 1.198357
0.734811 -0.916335 0.854450 0.644850
-0.891595 -0.596204 0.689268 -0.948706
0.618986 0.872314 -0.941748 0.703257
-0.495362 1.999002 -1.885022 -1.732189
-1.633618 -0.504443 -0.395235 -2.473225
0.506176 1.149889 -1.188577 0.651932
-1.050420 0.885916 -0.752028 -0.981026
-0.936049 -0.569046 0.698780 -1.049921
1.110898 -0.162012 -0.019581 2.486853
0.639029 1.142338 -1.369012 0.803766
-0.964393 1.013024 -0.959376 -0.844518
0.960834 0.473082 -0.473030 0.974950
-1.066379 -0.093974 0.098964 -1.079585
1.432530 -1.312033 0.561919 1.383922
1.035484 0.825571 -1.138274 1.719041
0.557408 1.509898 -1.956778 0.710495
0.925238 -1.062447 1.039115 0.822709
0.819334 1.029256 -1.124507 0.863874
-1.183151 0.783709 -0.732106 -1.091534
1.262058 -0.349605 -0.607565 2.045110
-1.149342 1.104988 -0.948676 -1.116433
0.177139 1.360256 -1.169505 0.285961
-0.864192 -0.965387 1.026908 -0.935007
0.984840 0.842016 -0.911843 1.047482
-0.977930 0.986582 -0.919251 -0.912614
-0.531870 -0.932822 1.051744 -0.607537
1.124722 -0.786339 0.650986 1.105584
-1.213653 0.601251 -0.464575 -1.216200
0.670402 1.091774 -1.113258 0.805404
0.905376 1.009183 -1.227015 1.048316
-0.914401 -1.001425 1.220304 -1.055731
1.024454 -1.226690 1.129497 0.782719
-0.118792 -1.061334 1.220809 -0.048949
0.751104 1.129683 -1.284659 1.033596
1.516299 0.767253 -1.272153 1.146920
-0.594380 1.353327 -1.887922 -0.269459
0.045722 1.359664 -1.536568 0.193908
0.830812 1.149112 -1.313204 0.922122
-1.073385 -0.944781 1.123654 -1.130555
-1.438908 0.497865 -0.332815 -1.302044
0.712447 1.117020 -1.293693 0.833938
0.873186 -1.226882 1.191121 0.661776
1.011838 -1.072107 0.980829 0.907380
-1.059376 1.025642 -0.929281 -0.959589
-1.132730 -0.480278 0.699073 -1.142393
0.689066 -1.146580 1.138845 0.470195
0.421054 1.349906 -1.423539 0.536610
1.330410 -0.759843 0.658603 1.238077
-1.464042 0.369240 -0.245620 -1.404940
-1.264625 0.820786 -0.671005 -1.155007
0.435151 1.282678 -1.363880 0.602054
-1.002350 0.749576 -0.603060 -1.008455
0.666106 0.820034 -0.908980 0.795367
-1.016532 0.629906 -0.486419 -0.953039
0.785398 -0.920790 0.808141 0.676173
0.624093 1.178601 -1.541071 0.985573
-1.019871 -0.599983 1.200021 -1.092224
1.056312 -0.650740 0.793325 1.083639
0.478235 1.120206 -1.220280 0.414689
-1.124686 -0.638836 0.868899 -1.142888
0.210336 1.141124 -1.175209 -0.013392
0.047230 1.279983 -1.360448 0.129233
1.356642 -0.190183 0.112114 1.272355
-1.329980 0.356435 -0.290173 -1.236127
-0.509409 -1.076179 1.518775 -0.758096
0.148767 1.226110 -1.358579 0.275804
-0.168187 -1.141435 1.202838 -0.264680
-0.338584 -1.088957 1.089461 -0.192120
1.081050 -0.637069 0.564020 1.010216
0.374364 1.102895 -1.160449 0.458276
1.212715 1.275365 -1.807063 1.036099
-0.723064 1.593115 -2.052640 -0.402545
-0.267877 -1.605496 2.159721 -0.349915
0.372592 1.046071 -1.198954 0.508023
-1.191076 -0.197862 0.397057 -1.145950
0.340986 -1.371770 1.572696 0.161638
-0.675296 -1.204488 1.320741 -0.761683
1.161221 -0.984716 0.923009 1.030188
-0.860665 -0.808106 0.977226 -0.964447
-0.425024 -1.020087 1.235008 -0.504404
0.741158 -1.344682 1.399737 0.434715
-1.251756 -0.659060 0.970405 -1.250115
0.667575 -1.331396 1.537147 0.428626
0.193498 1.563358 -1.631226 1.029864
1.114189 -1.127136 1.074890 0.943825
-0.987954 1.224960 -1.191952 -0.812844
-1.094061 0.063483 -0.014327 -1.075050
1.090714 0.036003 -0.086704 1.076321
-0.035397 1.076824 -1.093582 0.014572
-0.212633 1.617946 -1.640423 0.701947
0.561361 1.277672 -1.512477 0.654335
-0.938235 1.257860 -1.312413 -0.691657
1.294357 -0.986385 0.962991 1.042902
-1.086169 -0.739814 0.665127 -1.370954
0.873430 -0.961633 0.765405 1.001096
-1.066162 0.969881 -0.985323 -0.973994
1.194919 0.737911 -0.824458 1.159664
-1.190051 1.074255 -1.373017 -0.825159
1.057463 0.970822 -1.175622 1.366415
0.130677 1.428425 -1.645423 0.337275
-1.088898 -0.943008 1.240482 -1.124673
1.501531 -0.805425 0.685491 1.226965
-0.853176 0.897774 -0.906681 -0.757049
1.076869 -0.591720 1.402741 1.861205
-1.033143 -1.952762 1.435250 -0.030586
1.321721 0.419962 -0.419726 1.610205
1.420286 0.452694 -0.282133 1.487969
1.455169 -0.548861 0.846054 1.553959
-1.661250 -0.563510 0.271247 -1.548707
-1.644837 0.297485 -0.411150 -1.791412
-0.748053 -1.024647 1.404861 -0.327648
1.012877 -1.014301 1.398897 0.711173
-1.104248 -0.259263 0.345519 -1.131120
-0.091595 -1.864205 1.529857 0.350491
1.639165 0.386120 -0.879807 2.242807
-0.702859 -1.436965 1.646313 0.093327
-0.920275 -1.737206 1.231599 -1.709351
-0.783115 -1.412331 0.827933 -1.204135
-1.332116 -0.214543 0.294477 -1.645826
-1.455475 1.523450 -1.426352 -1.241332
-0.984083 -1.604223 1.784508 -1.135022
-0.721025 -1.867587 2.100668 -0.818753
0.519122 1.936650 -2.159443 0.638456
1.707383 -1.276923 1.134313 1.580400
-0.904954 -1.731704 1.839262 -1.062731
-1.327635 1.663782 -1.561797 -1.166201
-1.148806 -1.568557 1.586426 -1.540159
1.928040 -0.374786 0.005022 2.100896
-1.659330 1.388185 -0.981830 -1.620855
-1.579197 -0.903347 1.106119 -1.933441
1.980091 -0.067710 -0.276036 1.987535
-1.983296 0.091838 0.251973 -1.986566
1.203086 2.394970 -0.771687 2.126505
0.748390 1.660179 -1.930236 0.993484
2.045224 -0.617775 0.320866 1.833455
-0.700251 -1.561616 1.754548 -0.837076
2.087882 -1.044216 0.550099 1.987025
0.915031 1.767958 -1.955653 1.383105
1.309870 -1.671991 1.498283 1.215068
-1.124979 1.803037 -1.641655 -1.010446
-0.301165 -2.116127 2.026322 -0.320092
-1.753387 0.658924 -0.131874 -1.792382
-0.960783 1.348752 -0.893323 -1.714900
-0.151429 2.171323 -2.870084 0.072308
1.128667 1.642004 -2.017706 1.462142
0.271129 1.933809 -2.783041 0.882041
-1.121035 -1.564818 2.561662 -1.438387
-1.978180 -2.310002 0.558465 -2.673989
1.140320 -1.995627 1.908665 0.687509
-1.241158 -1.472043 1.844685 -1.512707
0.932714 1.693431 -2.018261 1.259955
0.678450 1.730376 -2.055080 1.122072
0.169958 1.912036 -2.288431 0.441063
-2.085937 0.122293 0.107689 -2.025752
-1.838625 -0.629726 0.754032 -1.992111
0.877921 1.791343 -1.782796 1.075246
-1.086856 1.837839 -1.663686 -0.993685
-1.033050 -1.717729 1.814603 -1.141919
-2.067172 1.547660 -1.325052 -1.420977
-2.114799 1.355658 -1.386850 -1.643101
2.057214 -0.639157 0.501404 1.865376
1.473874 -0.445102 0.985769 1.634396
-0.096964 -1.992821 2.339065 -0.024830
0.629364 1.899054 -2.252228 0.804739
-1.519946 -1.382998 1.777187 -1.530139
-0.708862 2.262462 -2.275116 -0.565031
-2.115429 0.723781 -0.710025 -1.965569
1.945308 -1.078623 1.093137 1.795520
0.550479 2.014021 -2.162440 0.575360
-1.794561 1.255564 -1.113870 -1.609542
-1.846444 1.061155 -1.057214 -1.807557
-1.908483 -0.815482 1.269080 -1.949189
0.057933 -1.949984 2.063597 -0.201097
1.036151 -1.941479 2.171279 0.862455
-1.979065 1.255054 -1.367977 -1.714062
1.754261 -1.322218 1.351050 1.497438
1.277018 0.176694 -0.268933 1.255141
1.713406 0.923171 -1.202755 1.903058
2.170856 -0.610500 1.185193 4.048689
-0.466214 -1.953965 2.173226 0.246409
2.075555 -0.559695 0.546687 2.236185
-0.407071 2.257782 -2.107389 -0.464978
0.852299 -2.119692 4.600680 -0.824913
3.683253 0.172275 -1.995809 2.378733
0.660722 -3.303292 4.280238 -4.891093
1.251787 2.017426 -1.218169 2.341888
0.878110 -1.056511 0.962578 0.801640
-1.024343 0.910426 -0.805205 -0.964348
0.733548 1.359060 -1.814410 1.289401
1.339694 2.662365 -2.939575 1.459290
1.503057 -0.340853 0.859500 1.608104
2.322955 1.026134 -1.703423 3.173656
-0.383549 3.277607 -2.854936 0.618330
-2.569637 -0.632827 0.289466 -2.771542
-2.531313 -0.622881 0.397089 -2.508138
1.787727 -2.751577 1.964423 2.243785
-1.677711 -2.508154 2.979054 -1.237298
0.883208 -1.885422 1.766115 0.425307
4.470651 0.103793 -1.799967 2.889116
2.573013 -0.990992 1.458100 3.360377
-2.487146 1.177979 -1.600173 -3.299479
3.224510 -2.509802 1.754041 2.856045
-4.083855 -0.334726 0.520511 -3.851243
-1.709909 3.578059 -3.744998 -1.463422
0.448412 4.969847 -3.623656 0.262599
4.400584 -1.466420 2.217496 3.644555
1.758134 -4.537463 4.155735 0.993766
-3.655454 -0.101853 -0.563727 -4.541179
0.584344 -4.850875 4.105931 0.878265
0.467470 4.874055 -5.143726 1.285157
5.133619 -0.287241 -0.567803 5.032448
-5.155691 1.134321 -0.308710 -4.911350
-3.028297 -4.427328 4.752223 -3.006114
-4.461321 0.650444 -2.074536 -7.155300
6.121929 1.284093 -3.181638 5.224789
6.101303 -12.414562 20.168333 -3.378485
-8.350589 -10.635983 20.465048 -1.439928
3.072405 13.200259 -12.719684 14.017886
23.252762 -19.722551 25.861877 8.658111
27.900478 -26.585190 36.312592 14.887076
-45.887920 8.461595 5.277292 -46.251404
-32.063076 -34.359833 44.251694 -24.518431
13.455250 -45.294590 43.553532 24.489170
28.372164 -55.227215 51.903706 33.125725
1.058024 0.473976 -0.612991 1.122058
1.113124 -0.195842 0.323678 1.797309
-0.243024 -1.137288 1.489593 -0.546959
-1.664094 -1.259831 0.165294 -2.461741
0.968210 -0.649372 1.291521 1.245349
-0.932781 0.682951 -1.317337 -1.227256
-1.018281 0.994285 -0.682073 -1.208738
-1.499519 -0.938892 0.241550 -2.047338
1.129367 -1.004255 1.015596 2.016081
-0.997458 -0.798405 0.910211 -1.078200
0.894022 -1.090923 1.011993 0.780930
0.821705 0.975693 -1.071544 0.920863
1.674641 -0.509210 -0.494217 2.327466
-1.398047 -0.330986 0.244523 -1.164514
0.703212 1.106815 -1.198688 0.874738
-1.246007 0.793158 -0.615489 -1.166665
0.933967 -1.165369 1.029109 0.795061
-0.348872 -1.145026 1.161861 -0.208445
-0.325618 -1.095463 1.309667 -0.422286
0.627185 1.130655 -1.217623 0.711460
1.376926 -0.082022 0.018769 1.353327
0.017857 1.353381 -1.376938 0.081125
-1.367387 -0.097064 0.162876 -1.352331
6.052953 -96.239670 95.562546 -3.225260
