1045
244.769211 329.254150
252.653687 328.586182
257.380829 251.101944
258.559631 289.993378
259.214874 356.459686
261.251495 329.321594
265.842590 355.864990
272.173248 321.198578
294.654022 418.860352
298.681366 395.116455
298.256287 422.208893
299.876465 392.408051
301.740631 392.200531
308.191528 282.346008
307.841278 297.730194
308.130402 425.249023
308.269012 270.614075
309.368378 374.097382
311.855835 292.459625
313.576630 442.808655
317.138672 398.664276
319.109802 454.627289
321.113251 382.246704
322.659027 338.752533
322.576843 354.918457
325.715759 427.272064
331.448120 437.919952
332.381683 290.284241
334.681885 351.669525
337.293060 432.731537
339.794586 337.690582
340.779510 454.406677
341.336884 243.429611
341.214142 318.679810
341.563385 429.655121
348.109741 411.796143
347.802399 465.728394
353.406281 423.768738
354.394257 376.753326
354.691437 457.205566
355.092834 404.125580
357.236053 453.846375
359.861969 433.760040
362.710327 256.239624
362.767548 292.656403
371.498138 484.955872
373.362000 255.758881
377.369629 367.774628
383.370575 418.209259
383.863403 436.531433
385.510651 389.529205
388.597321 203.690323
389.089569 415.701782
390.172821 420.902039
391.150116 435.153046
391.989960 430.707306
394.612366 423.901031
397.401337 433.871429
398.295380 410.899933
398.643433 422.409698
399.228729 381.408539
402.686005 418.659393
404.384155 254.325439
406.187164 213.905243
407.156189 422.426422
409.167053 446.651672
410.679138 209.725983
419.328552 205.508331
420.303680 396.327026
430.103302 437.318909
435.828003 441.712769
439.749451 363.824371
443.911377 372.855377
455.139282 330.910187
454.894440 404.865662
463.162628 431.248047
474.762451 321.263794
478.692871 413.492432
482.158813 367.926361
497.822632 393.763763
502.160736 351.280731
508.484619 272.342041
508.874268 332.576538
513.650269 303.482788
513.393616 426.255066
517.809631 418.344971
518.653076 438.151642
520.070007 426.680359
526.665771 327.631958
528.631592 421.569550
529.300354 237.769379
531.240112 386.231598
534.809448 362.144257
537.906006 407.341553
538.126038 414.285675
540.541687 252.282410
546.312378 321.211182
548.093262 427.863281
551.882568 342.228271
552.311768 427.588043
553.446838 369.098480
554.262207 279.163879
554.934814 420.138794
569.213745 366.108856
568.814575 402.844208
572.715942 394.375122
579.766174 295.801208
580.139771 282.505829
582.379272 360.089600
587.288574 272.100586
590.092896 363.157684
600.770691 295.092010
606.091553 286.286682
745.161865 876.812256
1081.654175 567.246399
1082.871094 553.339294
1115.073608 547.567139
1118.150146 538.566284
1132.223389 513.777771
1132.922119 560.874634
1137.711304 522.252380
1144.821899 518.324585
1144.933472 540.811096
1149.199463 548.761963
1149.934692 510.315277
1152.570679 514.799805
1154.534912 547.812988
1156.147461 550.188538
1163.695923 534.626526
1167.039063 519.059448
1169.252319 502.154663
1170.106689 543.146362
1171.775879 498.820618
1177.844727 606.791382
1179.125366 532.752136
1178.815918 542.803528
1181.659668 607.291992
1183.824219 525.226929
1185.060791 538.778381
1185.661865 498.126709
1186.303955 515.569092
1188.157349 500.226501
1189.597656 548.778076
1197.762695 579.996094
1199.168091 539.200256
1199.814331 531.251221
1203.475220 534.237305
1204.407959 526.832092
1217.166626 546.062073
1233.669067 534.722717
1234.619995 847.754883
1235.660156 808.791565
1242.274536 804.267517
1251.350220 797.588867
1252.118042 795.301453
1253.756470 541.703064
1254.843628 794.615906
1281.285522 764.258667
247.918594 344.368988
277.415955 269.539490
278.895721 294.045105
281.961945 333.079224
283.548981 419.634979
285.189636 350.854736
285.051910 406.144226
290.243805 353.313873
296.645477 290.259064
297.389923 267.089325
297.846466 437.223297
302.894989 318.443237
310.518616 350.935730
319.413727 288.431610
320.214355 321.804657
319.922760 372.692230
320.346405 259.753998
320.642731 294.109070
325.051422 284.538574
325.440369 408.416290
329.747589 278.904022
331.120575 335.686981
331.415741 252.344711
333.054535 326.060760
333.344482 280.862213
333.611420 407.204681
334.068970 304.352234
334.342316 285.642242
336.589355 415.694305
340.884125 350.916779
343.057495 366.949127
343.786774 329.823517
344.922455 275.073212
344.796631 421.607117
346.075958 347.600861
348.739471 316.749939
353.454254 304.866058
354.546387 348.230865
357.796814 415.609375
360.090729 339.087250
363.350739 252.410080
365.968567 250.454575
367.562073 389.611481
369.641754 458.932892
370.589783 219.447968
370.628204 245.199387
370.736481 302.012512
371.947418 251.397324
373.992218 333.346069
374.464020 250.501205
374.518677 252.661453
374.374847 413.417297
374.255432 425.176331
375.636078 241.097092
377.672119 250.942322
380.170288 237.257004
381.358582 242.404480
381.515228 429.953156
382.702881 406.235046
383.041626 282.629486
382.908844 438.378021
384.568268 232.211456
385.939453 238.283737
386.698730 217.333939
387.140198 370.626648
387.600525 346.289124
387.265564 415.100708
388.099915 419.056915
388.095367 437.955780
391.696991 295.626526
391.953461 227.547470
392.819214 199.658707
393.368347 233.517029
393.631134 338.700989
393.436737 411.035248
394.243927 430.227295
396.421295 549.545166
397.594299 224.069870
398.271637 329.851318
398.285492 362.904846
399.164093 441.285339
401.575012 429.907806
402.002686 219.404175
403.541229 414.045654
403.455078 418.958344
404.284210 458.671295
407.534546 220.113190
408.608978 425.191010
412.097321 216.410645
412.756195 376.801086
413.347260 449.990936
417.735016 209.157715
422.001099 203.891891
422.506470 176.112869
423.076508 447.917053
426.003571 305.181702
427.936218 198.931610
432.651184 413.292175
434.055664 406.575500
435.701324 210.277832
440.456512 404.554443
448.374786 366.066101
449.587860 261.547119
450.095306 372.270996
450.462769 192.544540
453.431061 196.219818
454.144958 295.845154
454.057434 362.433990
455.976593 284.558167
458.167877 318.472046
460.829132 293.774811
461.725800 420.560028
466.581116 344.119263
468.558044 360.470032
469.969666 380.634888
470.146973 456.935089
475.000824 328.586517
475.833893 288.906097
475.970673 342.571259
476.842621 259.939667
482.772369 430.761963
483.052521 440.244751
486.436218 362.177063
486.590759 394.853851
489.407288 282.336792
490.007813 326.273529
491.210938 337.141205
494.919617 291.557617
498.141174 280.072632
499.315002 315.878632
500.003357 432.150085
502.717194 339.514832
503.886414 254.800262
506.488647 290.808960
511.700806 345.628113
514.716675 364.375946
514.921204 197.763504
516.717773 336.731995
518.694275 284.340668
520.952209 431.241730
523.227966 353.238281
523.739990 421.793335
524.944763 387.837799
525.697510 434.518097
528.444092 380.713013
528.963318 420.656403
530.087646 415.209808
531.036499 297.492157
530.853699 366.309845
531.088684 434.823761
534.885559 429.172943
539.099243 360.917877
539.857971 387.908447
542.485168 417.297302
543.857666 421.356720
544.520813 208.261932
544.430847 293.928802
544.744507 419.291595
544.786682 451.068695
546.100952 250.075195
549.332642 311.762360
550.070129 417.275513
551.335571 324.130035
556.725403 424.521271
558.934265 328.410553
560.572937 351.579041
561.939636 205.939682
563.180420 266.923004
564.652222 333.115082
568.516296 284.087860
569.987488 268.989197
571.055603 234.423233
576.543701 215.896133
578.664795 206.942551
579.431763 476.897491
580.997253 347.659088
582.718018 227.944611
584.476196 303.120209
584.482605 416.515228
586.083862 471.799744
588.913330 260.273773
589.554565 371.856659
589.936768 229.260071
589.952881 286.938232
592.354675 236.192657
596.153870 218.074570
597.483765 286.590759
598.093689 300.248962
601.585388 271.611298
607.976135 253.264404
614.360229 236.348129
1114.166260 609.054382
1114.460693 550.350952
1118.277100 549.937561
1120.171997 542.483643
1123.831665 542.887817
1126.410278 536.551941
1128.524658 512.096802
1128.729614 558.096985
1131.186890 555.872620
1132.639404 510.300171
1136.316772 510.969788
1140.581909 510.927216
1140.250977 637.585693
1157.876709 545.904541
1159.023804 522.312012
1159.180542 532.865417
1161.609741 534.085205
1161.506592 536.757019
1162.406128 529.326477
1163.273438 513.715454
1164.245239 525.846069
1166.293091 501.046539
1168.209961 558.688416
1171.040649 566.930420
1174.150757 545.403076
1178.333008 556.954346
1179.398804 560.557373
1179.323486 575.396484
1181.478638 531.985962
1181.448975 604.130432
1181.628662 612.906799
1187.213623 542.735962
1188.796021 503.518433
1193.321655 635.816589
1197.095337 626.930908
1203.999268 530.216614
1204.252319 556.291748
1208.263550 575.340698
1220.525391 561.149353
1220.395996 566.950745
1236.836914 658.939453
258.782959 290.162628
270.069031 333.997742
286.890411 314.384277
299.870575 399.594604
302.510895 389.057068
322.134003 355.093018
329.719208 279.547882
331.737732 437.941132
344.138458 275.153625
357.320557 358.941956
357.182648 395.624939
371.988129 484.199341
373.678101 268.989258
377.637817 249.904861
384.861481 232.909286
385.274811 388.008911
384.714905 423.514557
388.211700 279.130524
393.100372 425.690186
400.315369 425.385834
401.937256 220.487274
403.058167 458.307861
405.952362 419.875000
410.905151 210.855728
414.653412 531.893921
415.693817 299.964050
425.424561 351.360321
428.856506 200.479202
430.698547 385.115662
432.842041 211.912796
433.831085 525.140564
436.218964 208.968796
436.613831 323.956940
438.491516 380.356903
476.031525 359.000061
478.914368 413.337006
487.226227 228.333649
492.310272 446.205780
508.757904 272.249176
513.771484 302.720459
513.813843 432.221466
515.367981 456.978912
517.158020 419.375183
518.918091 432.699890
520.157227 422.355835
522.578857 420.449036
525.149536 436.064636
529.181580 419.770935
528.854553 435.526093
532.445740 436.054626
537.505310 429.631927
541.851990 231.595810
551.385071 418.205658
553.446472 369.025330
558.206604 291.530609
565.612915 303.067047
574.735291 353.605774
574.862915 400.858734
580.416016 282.742737
599.451599 244.185760
1113.492676 545.183350
1114.501465 549.412415
1136.764404 509.318085
1136.497437 514.842468
1138.766357 521.769348
1157.448242 544.995056
1163.826782 529.707581
1164.917969 501.829163
1173.080933 526.547668
1174.772461 544.573303
1177.083496 557.098572
1181.147827 606.423157
1185.614380 605.667847
1193.172729 634.870056
1198.446045 626.670166
1205.982544 534.237061
1213.199219 528.328491
1281.088989 765.234924
312.544159 298.144928
355.418030 329.446655
366.969482 390.031342
372.047974 346.352142
389.093750 425.739288
476.948151 276.025452
520.794128 423.143494
538.553345 420.646301
608.701843 292.089294
1108.743530 546.894348
1110.677124 540.436768
1122.216187 539.136719
1126.623413 534.498718
1130.214355 513.491699
1136.832031 593.728638
1172.760986 501.297363
1177.390259 692.607910
1180.584961 532.241333
1184.844604 506.182220
1206.669556 529.694031
1217.370483 525.741333
1225.021729 563.662781
1255.112915 558.176392
386.376038 432.193054
527.688538 428.209808
550.051636 422.056458
550.164551 518.005798
591.076599 217.504562
1111.950928 540.047729
1135.018433 593.440369
1162.745972 642.141052
1168.443848 692.313171
1176.311157 525.239258
1183.016113 597.722107
1184.422852 559.625854
1191.448608 627.366394
1201.548218 624.646362
1211.811035 559.292480
1210.331909 666.120850
1230.546143 523.618713
1241.340942 639.750244
396.244690 417.096039
480.864594 316.312439
1144.535400 589.324524
1151.826782 557.366638
1171.870605 556.641296
1174.559326 539.402161
1193.605103 630.802734
1202.962158 622.710876
1208.241699 546.347412
1212.967041 524.736816
1221.703613 535.450500
1133.769287 550.806580
1145.901367 592.550842
1151.381470 561.997253
1160.303345 637.711182
1193.792480 523.263000
1205.266724 544.761475
1243.067627 598.586060
382.614288 157.177155
394.841278 420.471191
450.313354 146.714600
602.744019 488.074951
623.518433 259.822357
1191.068359 567.107849
617.033752 260.502869
1195.306030 574.255005
265.845184 263.375031
384.530914 168.546036
452.825287 157.241211
594.142517 480.884430
398.364044 173.898148
273.199310 290.204041
421.527588 176.874146
545.778137 495.160034
580.764404 245.430359
518.940613 481.231201
569.373047 269.975983
294.911133 331.246460
1137.942139 658.369446
428.854492 384.220337
259.214874 356.459686
419.328552 205.508331
540.541687 252.282410
1167.039063 519.059448
1197.762695 579.996094
373.992218 333.346069
402.002686 219.404175
413.347260 449.990936
422.001099 203.891891
426.003571 305.181702
475.000824 328.586517
490.007813 326.273529
531.036499 297.492157
556.725403 424.521271
569.987488 268.989197
580.997253 347.659088
584.482605 416.515228
294.911133 331.246460
244.769211 329.254150
244.769211 329.254150
258.559631 289.993378
258.559631 289.993378
258.559631 289.993378
259.214874 356.459686
259.214874 356.459686
261.251495 329.321594
265.842590 355.864990
294.654022 418.860352
298.681366 395.116455
298.256287 422.208893
298.256287 422.208893
299.876465 392.408051
301.740631 392.200531
301.740631 392.200531
301.740631 392.200531
308.191528 282.346008
308.130402 425.249023
308.130402 425.249023
308.269012 270.614075
309.368378 374.097382
313.576630 442.808655
313.576630 442.808655
313.576630 442.808655
317.138672 398.664276
319.109802 454.627289
319.109802 454.627289
322.576843 354.918457
322.576843 354.918457
322.576843 354.918457
325.715759 427.272064
331.448120 437.919952
331.448120 437.919952
334.681885 351.669525
337.293060 432.731537
339.794586 337.690582
340.779510 454.406677
340.779510 454.406677
340.779510 454.406677
347.802399 465.728394
353.406281 423.768738
354.394257 376.753326
354.691437 457.205566
355.092834 404.125580
357.236053 453.846375
357.236053 453.846375
359.861969 433.760040
359.861969 433.760040
371.498138 484.955872
373.362000 255.758881
377.369629 367.774628
377.369629 367.774628
383.370575 418.209259
383.863403 436.531433
385.510651 389.529205
389.089569 415.701782
391.989960 430.707306
397.401337 433.871429
399.228729 381.408539
399.228729 381.408539
404.384155 254.325439
409.167053 446.651672
410.679138 209.725983
419.328552 205.508331
435.828003 441.712769
439.749451 363.824371
443.911377 372.855377
443.911377 372.855377
443.911377 372.855377
454.894440 404.865662
463.162628 431.248047
478.692871 413.492432
478.692871 413.492432
478.692871 413.492432
497.822632 393.763763
502.160736 351.280731
508.484619 272.342041
508.484619 272.342041
508.874268 332.576538
508.874268 332.576538
513.393616 426.255066
518.653076 438.151642
526.665771 327.631958
529.300354 237.769379
529.300354 237.769379
531.240112 386.231598
538.126038 414.285675
540.541687 252.282410
546.312378 321.211182
546.312378 321.211182
551.882568 342.228271
551.882568 342.228271
553.446838 369.098480
553.446838 369.098480
553.446838 369.098480
554.262207 279.163879
554.262207 279.163879
554.262207 279.163879
569.213745 366.108856
569.213745 366.108856
568.814575 402.844208
568.814575 402.844208
579.766174 295.801208
580.139771 282.505829
580.139771 282.505829
580.139771 282.505829
582.379272 360.089600
587.288574 272.100586
590.092896 363.157684
600.770691 295.092010
1081.654175 567.246399
1081.654175 567.246399
1115.073608 547.567139
1115.073608 547.567139
1132.223389 513.777771
1154.534912 547.812988
1154.534912 547.812988
1156.147461 550.188538
1186.303955 515.569092
1197.762695 579.996094
1197.762695 579.996094
1199.168091 539.200256
1203.475220 534.237305
1204.407959 526.832092
1233.669067 534.722717
1235.660156 808.791565
1242.274536 804.267517
1251.350220 797.588867
1254.843628 794.615906
1281.285522 764.258667
277.415955 269.539490
277.415955 269.539490
277.415955 269.539490
278.895721 294.045105
281.961945 333.079224
281.961945 333.079224
285.189636 350.854736
290.243805 353.313873
296.645477 290.259064
297.846466 437.223297
297.846466 437.223297
297.846466 437.223297
302.894989 318.443237
302.894989 318.443237
310.518616 350.935730
319.413727 288.431610
320.214355 321.804657
320.214355 321.804657
319.922760 372.692230
319.922760 372.692230
319.922760 372.692230
320.642731 294.109070
325.051422 284.538574
325.440369 408.416290
329.747589 278.904022
331.120575 335.686981
331.120575 335.686981
333.054535 326.060760
333.344482 280.862213
333.344482 280.862213
333.611420 407.204681
333.611420 407.204681
334.068970 304.352234
336.589355 415.694305
336.589355 415.694305
336.589355 415.694305
340.884125 350.916779
343.057495 366.949127
343.057495 366.949127
343.057495 366.949127
343.786774 329.823517
343.786774 329.823517
344.922455 275.073212
344.922455 275.073212
344.796631 421.607117
344.796631 421.607117
344.796631 421.607117
346.075958 347.600861
348.739471 316.749939
353.454254 304.866058
354.546387 348.230865
354.546387 348.230865
357.796814 415.609375
357.796814 415.609375
357.796814 415.609375
360.090729 339.087250
363.350739 252.410080
367.562073 389.611481
367.562073 389.611481
369.641754 458.932892
369.641754 458.932892
369.641754 458.932892
370.736481 302.012512
370.736481 302.012512
371.947418 251.397324
373.992218 333.346069
374.464020 250.501205
374.464020 250.501205
374.518677 252.661453
381.358582 242.404480
382.702881 406.235046
383.041626 282.629486
382.908844 438.378021
384.568268 232.211456
384.568268 232.211456
386.698730 217.333939
387.140198 370.626648
387.265564 415.100708
388.099915 419.056915
391.696991 295.626526
394.243927 430.227295
396.421295 549.545166
398.271637 329.851318
398.285492 362.904846
398.285492 362.904846
399.164093 441.285339
401.575012 429.907806
402.002686 219.404175
404.284210 458.671295
404.284210 458.671295
408.608978 425.191010
412.756195 376.801086
412.756195 376.801086
417.735016 209.157715
422.001099 203.891891
422.001099 203.891891
423.076508 447.917053
423.076508 447.917053
423.076508 447.917053
426.003571 305.181702
426.003571 305.181702
426.003571 305.181702
427.936218 198.931610
435.701324 210.277832
440.456512 404.554443
440.456512 404.554443
448.374786 366.066101
453.431061 196.219818
454.144958 295.845154
455.976593 284.558167
461.725800 420.560028
461.725800 420.560028
466.581116 344.119263
466.581116 344.119263
468.558044 360.470032
469.969666 380.634888
469.969666 380.634888
469.969666 380.634888
475.000824 328.586517
475.833893 288.906097
476.842621 259.939667
482.772369 430.761963
482.772369 430.761963
482.772369 430.761963
483.052521 440.244751
486.590759 394.853851
486.590759 394.853851
486.590759 394.853851
489.407288 282.336792
489.407288 282.336792
489.407288 282.336792
490.007813 326.273529
498.141174 280.072632
500.003357 432.150085
500.003357 432.150085
502.717194 339.514832
503.886414 254.800262
503.886414 254.800262
506.488647 290.808960
506.488647 290.808960
506.488647 290.808960
514.716675 364.375946
514.716675 364.375946
514.921204 197.763504
514.921204 197.763504
516.717773 336.731995
516.717773 336.731995
516.717773 336.731995
523.227966 353.238281
523.227966 353.238281
528.444092 380.713013
531.036499 297.492157
531.036499 297.492157
531.036499 297.492157
530.853699 366.309845
539.099243 360.917877
542.485168 417.297302
543.857666 421.356720
544.520813 208.261932
544.744507 419.291595
544.786682 451.068695
544.786682 451.068695
544.786682 451.068695
546.100952 250.075195
549.332642 311.762360
551.335571 324.130035
556.725403 424.521271
558.934265 328.410553
558.934265 328.410553
560.572937 351.579041
560.572937 351.579041
560.572937 351.579041
561.939636 205.939682
561.939636 205.939682
563.180420 266.923004
564.652222 333.115082
564.652222 333.115082
568.516296 284.087860
569.987488 268.989197
571.055603 234.423233
571.055603 234.423233
576.543701 215.896133
579.431763 476.897491
584.476196 303.120209
584.476196 303.120209
584.482605 416.515228
584.482605 416.515228
584.482605 416.515228
586.083862 471.799744
588.913330 260.273773
588.913330 260.273773
588.913330 260.273773
589.554565 371.856659
589.936768 229.260071
592.354675 236.192657
592.354675 236.192657
596.153870 218.074570
598.093689 300.248962
601.585388 271.611298
601.585388 271.611298
601.585388 271.611298
607.976135 253.264404
1114.166260 609.054382
1114.166260 609.054382
1120.171997 542.483643
1123.831665 542.887817
1126.410278 536.551941
1126.410278 536.551941
1128.524658 512.096802
1128.729614 558.096985
1131.186890 555.872620
1132.639404 510.300171
1161.506592 536.757019
1166.293091 501.046539
1193.321655 635.816589
1220.525391 561.149353
1220.395996 566.950745
1236.836914 658.939453
258.782959 290.162628
258.782959 290.162628
270.069031 333.997742
270.069031 333.997742
286.890411 314.384277
286.890411 314.384277
286.890411 314.384277
299.870575 399.594604
302.510895 389.057068
302.510895 389.057068
302.510895 389.057068
322.134003 355.093018
322.134003 355.093018
329.719208 279.547882
331.737732 437.941132
331.737732 437.941132
357.320557 358.941956
357.182648 395.624939
357.182648 395.624939
373.678101 268.989258
373.678101 268.989258
385.274811 388.008911
393.100372 425.690186
410.905151 210.855728
414.653412 531.893921
430.698547 385.115662
433.831085 525.140564
433.831085 525.140564
436.218964 208.968796
436.613831 323.956940
436.613831 323.956940
436.613831 323.956940
438.491516 380.356903
476.031525 359.000061
478.914368 413.337006
487.226227 228.333649
487.226227 228.333649
487.226227 228.333649
492.310272 446.205780
508.757904 272.249176
513.771484 302.720459
515.367981 456.978912
520.157227 422.355835
537.505310 429.631927
541.851990 231.595810
541.851990 231.595810
551.385071 418.205658
553.446472 369.025330
553.446472 369.025330
553.446472 369.025330
558.206604 291.530609
565.612915 303.067047
574.735291 353.605774
574.862915 400.858734
580.416016 282.742737
580.416016 282.742737
599.451599 244.185760
1113.492676 545.183350
1136.764404 509.318085
1185.614380 605.667847
1193.172729 634.870056
1198.446045 626.670166
1198.446045 626.670166
1205.982544 534.237061
1213.199219 528.328491
1281.088989 765.234924
312.544159 298.144928
355.418030 329.446655
355.418030 329.446655
366.969482 390.031342
476.948151 276.025452
520.794128 423.143494
608.701843 292.089294
608.701843 292.089294
1122.216187 539.136719
1126.623413 534.498718
1172.760986 501.297363
1177.390259 692.607910
1180.584961 532.241333
1217.370483 525.741333
1255.112915 558.176392
1255.112915 558.176392
386.376038 432.193054
550.051636 422.056458
550.051636 422.056458
1135.018433 593.440369
1168.443848 692.313171
1176.311157 525.239258
1191.448608 627.366394
1241.340942 639.750244
396.244690 417.096039
396.244690 417.096039
396.244690 417.096039
480.864594 316.312439
1193.605103 630.802734
1212.967041 524.736816
382.614288 157.177155
450.313354 146.714600
602.744019 488.074951
384.530914 168.546036
398.364044 173.898148
273.199310 290.204041
421.527588 176.874146
580.764404 245.430359
569.373047 269.975983
259.214874 356.459686
419.328552 205.508331
540.541687 252.282410
1167.039063 519.059448
1197.762695 579.996094
1197.762695 579.996094
373.992218 333.346069
422.001099 203.891891
422.001099 203.891891
426.003571 305.181702
426.003571 305.181702
426.003571 305.181702
475.000824 328.586517
490.007813 326.273529
531.036499 297.492157
531.036499 297.492157
531.036499 297.492157
556.725403 424.521271
569.987488 268.989197
580.997253 347.659088
584.482605 416.515228
584.482605 416.515228
584.482605 416.515228
294.911133 331.246460
