0.538464 -0.939780 1.256602 0.494043
-0.564248 -0.918519 1.605229 -1.333790
0.687354 -0.830205 1.109865 0.937574
-1.378927 0.118624 -0.958436 -1.480875
1.375406 0.956781 -0.108292 1.559160
-1.679834 0.199115 -0.908990 -1.568757
-1.330724 0.175523 -0.909660 -1.331197
-1.162525 0.361550 -0.674134 -1.033634
-1.090508 -0.247651 0.487077 -1.175539
-0.910863 -0.743283 0.599181 -1.071049
0.396445 1.033018 -1.325892 0.219749
-1.367830 0.327215 -0.706248 -1.135795
1.450742 1.090546 -1.069423 0.649068
-0.946021 0.495539 -0.430023 -1.108487
-0.737859 -0.796587 0.804395 -0.690188
-0.269611 -1.043095 1.337030 -0.360223
0.690078 -0.853650 2.016163 1.060441
1.449739 0.154814 0.561396 1.488008
-0.579234 -0.926531 1.101216 -0.696412
-0.094341 -1.481789 1.681091 0.925824
1.483576 -0.222358 -0.437060 1.377661
1.371768 -0.068283 -0.260351 1.202334
0.473465 -1.052684 1.751717 1.246905
1.497364 -0.150886 -0.868438 1.664636
-0.460085 1.373597 -2.025299 -1.811659
-0.950421 0.546342 -1.571123 -1.769446
-0.663417 0.891105 -1.700834 -1.673972
0.740111 -0.820283 0.801051 1.214619
0.849659 -0.885224 0.699987 0.827405
1.028466 -0.668688 0.989066 0.833955
0.604750 -1.007784 1.718058 0.445784
0.688839 -0.968226 1.535266 0.416726
0.406616 -1.148863 1.072717 0.391515
-0.833457 -0.720776 0.720776 -0.833457
0.370177 -1.768989 2.281350 -1.734327
0.433343 0.964897 -1.011899 0.417545
-0.776918 0.775772 -0.816011 -0.806439
0.748816 -0.858110 0.887526 0.673785
0.532846 0.898782 -0.980499 0.542080
0.306468 1.005069 -1.093668 0.262497
0.800629 -0.868824 0.960263 0.732649
0.977961 0.522018 -2.539883 2.842439
-0.453948 -1.133699 2.155699 -2.118244
1.017074 0.426310 -3.257693 3.612295
-0.190653 -1.320592 3.142527 -3.176006
1.008256 0.469153 -3.289257 3.641304
0.471955 0.991101 -1.144662 0.405142
0.281821 -1.016638 1.156962 0.271157
1.096327 -0.254956 0.326332 1.214908
0.967893 0.478400 -3.416594 3.767951
1.024457 0.514508 -3.242602 3.577279
-0.237869 -1.325668 3.539313 -3.675452
-0.628877 0.884849 -0.900547 -0.725281
0.830114 1.163610 -0.726385 0.948576
0.931558 -0.546027 0.629516 1.537095
1.020918 0.460328 -0.564308 0.948494
0.414684 -1.017242 1.066288 0.383813
0.961451 0.580650 -3.678052 4.038931
0.802673 0.678299 -1.007194 1.211548
0.774573 0.803086 -0.891597 0.783376
0.922697 -0.482410 0.637957 1.652120
-0.385117 -0.998144 1.220910 -0.376842
-1.058080 -0.357781 0.371623 -1.018157
0.588565 -1.205659 1.122791 1.827935
-0.189283 -1.119212 1.098918 -0.261086
0.962071 0.608497 -3.382326 3.744404
-0.898423 0.640966 -0.831010 -2.104523
0.715107 0.848544 -3.593097 3.901119
0.360823 -1.000912 1.056763 0.344897
0.619678 0.941522 -2.990744 3.231046
-0.709166 -0.798889 2.258283 -2.390384
-0.248094 1.086821 -1.264592 -0.532073
1.030577 -0.317161 0.556257 1.337926
0.654376 -0.836599 0.858788 0.620250
-0.070143 1.349708 -1.364407 -0.781685
0.124513 1.066054 -1.220966 0.092045
-0.796446 -0.701866 3.576830 -3.874982
0.452226 -0.957855 1.036347 0.414176
0.573275 0.945045 -3.343263 3.604324
-0.082736 1.402682 -1.467851 -0.984773
0.463107 -0.997344 1.221344 0.461770
0.584127 0.892978 -0.937804 0.545027
0.976916 -0.554510 0.535850 0.962253
0.997835 -0.504742 0.513190 0.945273
0.984561 0.501047 -0.338306 1.252270
0.560362 0.953769 -3.483604 3.748710
1.056482 -0.386934 0.449454 1.038330
0.849437 0.647995 -0.741363 0.849180
0.889498 0.924503 -0.577908 1.131884
0.860650 0.699710 -0.669798 0.835296
0.753166 -0.870368 0.757062 1.245726
0.865100 0.627752 -2.870869 3.093132
0.761898 1.412989 -0.808462 0.786482
-1.089575 -0.158628 -0.218760 -1.608008
0.314840 1.023176 -1.039281 0.278756
0.132669 -1.042501 1.106352 0.061758
0.514627 0.997070 -2.664087 2.840108
0.928824 0.661156 -0.718543 0.914541
0.456625 1.080574 -2.711079 2.884012
0.753923 0.749253 -3.017470 3.250624
0.422493 1.086923 -3.014867 3.206210
-0.838460 -1.213743 0.741586 -0.872320
1.115144 0.042879 -0.294830 1.344634
0.691340 0.967351 -0.797317 0.874124
0.798872 0.944286 -0.715005 0.890623
0.614588 -0.901712 0.947136 0.689355
-0.986838 -0.625810 0.409312 -1.107872
0.814217 0.752146 -3.410776 3.548131
0.697876 0.922753 -0.802418 0.976877
0.681037 0.893813 -1.198805 0.602226
0.871550 0.821820 -0.588363 1.066226
-0.234185 -1.068713 1.303669 -0.314384
-0.190278 -1.051195 1.091827 -0.185431
0.941379 1.258801 -0.996896 0.466317
1.007232 -0.484980 0.546616 1.156400
1.011723 0.884024 -0.477260 1.143140
1.172001 0.048460 -0.080447 1.070519
0.588615 1.290722 -1.585839 0.007936
0.968403 0.432793 -0.625085 1.278299
-0.541438 -0.945481 1.096549 -0.501235
1.320951 -0.195792 0.228024 1.174566
1.012716 0.420326 -0.617501 1.251042
0.903078 -0.563642 1.049971 1.505910
0.754457 -1.106928 0.848714 0.734454
1.096657 -0.369369 0.388177 0.988076
1.251098 0.429857 -0.605479 1.470939
0.587061 -0.902362 0.962257 0.649830
-0.212428 -1.077414 1.072503 -0.316807
1.014012 0.549827 -0.710907 1.143307
1.222879 0.652437 -2.418294 1.225473
1.145466 -0.031357 0.826342 2.057441
-0.706398 -0.844315 0.849434 -0.885709
-0.817872 0.816854 -1.009066 -2.243188
1.000531 -0.394574 1.150481 1.720599
-1.103881 0.036300 -0.781891 -2.388731
-0.289472 -1.158968 1.441231 0.007839
-0.130320 -1.110188 1.353098 0.097667
-0.786926 -0.812946 0.735828 -0.863792
0.555885 -0.941719 0.971695 0.602168
-1.360175 0.239170 -0.808415 -1.154644
0.690623 0.803565 -0.888844 0.674247
0.503122 -0.935578 1.265720 0.539805
0.544606 -0.918828 1.192387 0.687358
-1.112364 -0.957487 0.200220 -1.850905
0.537172 0.927319 -1.016456 0.510082
0.689335 0.843270 -1.012553 0.804339
-0.077350 -1.110094 1.268700 -0.204447
0.757152 0.753148 -1.003751 0.863032
-0.833688 0.669717 -0.733919 -0.968698
-0.272155 -1.032583 1.114121 -0.281355
0.633557 0.829991 -1.035737 0.713888
0.601388 0.863756 -0.992327 0.761674
0.636622 -0.996657 1.250568 0.462396
-0.492334 -0.968214 1.035507 -0.439626
0.814382 -0.808472 0.795002 0.927013
0.893697 0.581344 -0.783688 1.071532
-0.661546 -0.963943 0.841742 -0.854630
-0.244685 -1.064892 1.405771 -0.325996
-0.777220 -0.765091 0.814723 -1.056147
-1.152494 0.238790 -0.252081 -1.072328
-0.006956 -1.103282 1.508483 0.110242
0.999150 -0.500548 0.875935 1.190132
-0.313509 -1.019788 1.033122 -0.311813
0.709042 -0.774338 0.800135 0.719649
0.858785 -0.707730 0.680903 0.804504
-0.212650 -1.073668 1.282901 -0.153640
-1.054903 -0.323710 0.304099 -1.014335
0.309692 1.059418 -1.212981 0.525071
-0.604733 -0.947555 0.949255 -0.546685
-0.468795 -0.979680 1.302399 -0.461403
-0.638763 0.977468 -1.040490 -0.600254
-0.991553 0.452082 -0.504831 -1.006083
1.002978 -0.368673 0.381163 1.029349
0.707622 -0.765474 0.903428 0.884203
0.918513 -0.833209 0.669274 0.965358
-0.301167 -1.031714 1.066445 -0.353497
-1.119413 0.215739 -0.200089 -1.022530
0.613682 1.402004 -1.404915 0.297117
0.964786 -0.493127 0.675871 1.091778
-0.893401 -0.581167 0.931958 -1.156357
-0.111272 -1.138937 1.214319 -0.135738
1.059671 -0.455410 0.231493 1.174333
-0.499908 -1.028477 1.104890 -1.036587
-0.229985 -1.085831 1.026235 -0.297098
0.681084 -0.808818 0.952594 0.795578
-1.096466 -0.377001 0.873864 -1.285669
-0.284513 0.992389 -1.121264 -0.332570
0.341321 1.042123 -1.121352 0.520350
-0.990432 -0.309972 0.473265 -1.382209
0.338251 1.088371 -1.135578 0.627835
-1.059985 -0.175645 0.346144 -1.444478
-0.235914 -1.088708 1.350562 -0.047712
0.460772 1.031338 -1.071279 0.467744
-0.323106 1.029537 -1.100863 -0.248985
-0.539270 0.954541 -1.136053 -0.488604
0.175875 -1.055326 1.141515 0.154870
0.051145 1.075767 -1.191344 0.044298
1.046574 0.606155 -0.643150 0.912211
0.650139 0.845025 -0.884591 0.712678
-0.690122 0.897892 -1.062250 -0.601835
-0.663503 0.845566 -0.852173 -0.740894
-0.956278 -0.727108 0.721108 -0.898012
0.418335 -1.006306 1.140466 0.481151
0.192639 1.095018 -1.341324 0.191536
-0.605640 0.881317 -1.084119 -0.651841
1.270991 0.110139 -0.807500 1.357408
-0.233234 -1.062774 1.089887 -0.304727
-0.584651 0.914088 -1.169389 -0.543572
-0.264558 -1.033394 1.115491 -0.329818
-0.731446 -0.898803 1.065223 -0.552315
0.516733 -0.926309 1.013114 0.640104
-0.684550 0.886512 -1.140113 -0.609516
-0.583286 -0.869000 0.880794 -0.585019
-0.886589 0.642827 -0.772741 -1.006317
0.452437 -1.009131 1.061044 0.441407
-0.740633 -0.874246 0.979512 -0.817913
-1.033985 -2.006936 2.188361 1.028757
0.141613 -1.055057 1.242951 0.167730
-0.702456 0.878820 -0.979235 -0.722508
-0.920772 0.637354 -0.592385 -0.884456
-0.994830 0.689451 -0.710224 -0.902712
0.781560 0.890670 -0.938450 0.620578
-0.857208 -0.644622 0.689304 -0.829645
0.636662 0.894399 -0.855362 0.676554
0.712584 -0.820794 2.382546 3.120274
1.181852 0.017069 -0.576531 1.564744
0.820780 -2.408228 1.279592 -0.245993
0.287542 -1.204211 1.569066 -0.228509
0.343646 -1.271447 1.614464 -0.315728
0.993563 0.341128 -0.618773 1.337217
0.131345 -1.100997 1.622764 -0.128807
0.959174 0.555954 -0.526871 0.937022
-0.835010 0.662367 -0.780928 -0.925925
-0.106100 -1.102081 1.609002 -0.170034
0.678136 -0.877150 1.403253 0.825573
-0.800469 -0.704159 0.704159 -0.800469
-1.175495 -0.311754 2.469977 -2.784375
0.657739 -0.857916 1.482691 0.855016
0.710008 -0.839925 1.557373 0.888341
0.935100 0.476868 -0.647725 1.072462
0.299421 1.076088 -1.181465 0.175233
-2.431738 0.525967 2.162031 -2.101595
0.322257 1.332041 -1.200347 -0.005415
0.522824 0.966495 -1.220253 0.530602
0.284056 1.309167 -1.216967 -0.147578
-0.144583 1.099676 -1.337467 -0.141117
1.111398 0.043019 0.022198 1.123903
0.509525 0.977929 -1.143665 0.469462
0.112421 1.236307 -1.214823 -0.244785
-0.114668 1.130980 -1.160143 -0.304527
0.506461 0.977660 -1.213012 0.408691
0.878562 0.696518 -0.726787 0.807854
-0.335812 1.018292 -1.376159 -0.376761
0.749005 0.791975 -0.799898 0.837244
0.885684 0.796538 -0.701075 0.844530
0.215745 1.055212 -1.028513 0.199013
1.054469 -0.091281 0.104136 1.260145
-0.051319 -1.031678 1.150642 -0.074032
0.815985 0.701784 -0.680875 0.901971
-1.282309 -0.011400 -0.177989 -1.397548
-0.014507 -1.115894 1.109483 0.001776
0.995084 -0.374256 0.553084 1.442201
-1.069260 0.055489 -0.208295 -1.510809
1.029077 0.183216 -0.295141 1.450530
0.386298 1.004204 -1.461886 0.550560
-1.043449 0.045591 -0.160709 -1.325287
-1.092204 -0.003371 -0.130976 -1.247220
-1.060697 0.177434 -0.137946 -1.238900
0.008126 1.083999 -1.221970 0.014380
0.969923 0.482954 -0.625792 1.460585
1.005085 0.570874 -0.802523 1.584826
0.655448 0.913371 -1.375383 0.726486
-1.086050 0.190618 -0.166920 -1.329455
0.444418 -1.025881 1.152134 0.506516
0.041150 -1.168477 1.169148 0.222320
1.347591 -0.004984 -0.070719 1.112962
1.068021 -0.115550 0.016193 1.289436
-1.095650 0.043609 -0.199368 -1.497964
-0.956616 0.466508 -0.767359 -1.467886
-1.113765 0.142722 -0.317533 -1.409845
-0.387839 0.974313 -1.311880 -0.659970
-1.086248 -0.020461 -0.205064 -1.641697
0.975322 -0.420002 0.661150 1.158113
-1.207551 0.023901 -0.357749 -1.232258
-0.624199 -0.962068 1.231423 -0.590572
0.826723 0.839544 -0.929032 0.716640
-1.094548 0.127815 -0.227478 -1.262078
1.412564 0.161161 -0.329851 1.114630
0.948253 0.526708 -0.687170 1.020882
-1.096264 -0.112378 -0.191591 -1.709692
-1.047184 0.253257 -0.328148 -1.455499
-1.093175 -0.162274 -0.153880 -1.723406
0.298190 1.077919 -1.076208 0.300415
1.180207 -1.092288 2.459949 0.207560
-1.069572 0.042128 -0.031854 -1.266465
-1.069759 0.060482 -0.105173 -1.247756
-1.086742 -0.021349 -0.133886 -1.324823
-0.094229 -1.090029 1.096282 -0.052040
0.323895 1.057069 -1.136736 0.291670
0.685348 0.890647 -1.048768 0.682378
-1.155609 -0.114728 -0.173375 -1.279033
0.922660 0.627803 -0.529892 1.303803
0.988645 0.503146 -0.587817 0.949937
1.111825 0.508810 0.030819 2.141879
1.130425 -0.098942 -0.058604 1.904369
-0.095754 -1.277080 1.232490 -0.022838
0.262422 1.261113 -1.156623 0.133997
1.411818 0.722211 -0.053241 2.095082
0.204926 1.019794 -1.100448 0.158311
1.060374 -0.150754 0.098869 1.766135
-1.109835 -0.135836 0.056627 -1.103078
1.062171 0.358081 -0.654215 1.175968
-0.142172 -1.263794 1.176666 -0.048485
1.023585 -0.261589 0.239775 1.057966
0.196001 1.217149 -1.092815 0.050346
0.880518 0.580764 -0.881911 1.287475
-0.951029 0.506093 -0.771164 -1.838198
-0.355444 -1.008881 1.131588 -0.283673
1.190420 0.266519 0.594789 2.521791
1.018336 -0.301193 0.354280 1.284508
-0.196109 -1.205947 1.079177 -0.082528
0.146164 1.234439 -1.109331 0.013681
-0.198986 1.164602 -1.103095 -0.344698
0.875647 0.776476 -1.343897 0.972723
1.060055 -0.025481 -0.091360 1.278748
-1.063868 0.233966 -0.709836 -2.037738
1.102162 -0.006895 0.370537 2.744042
0.990543 -0.337362 0.471157 1.619577
-0.659822 0.934715 -1.014142 -0.942057
-0.503380 -1.299935 1.468156 -0.368804
1.115945 -0.118607 0.249601 2.160160
1.051817 -0.194606 0.219802 1.672344
1.183784 -0.006719 -0.395025 1.596803
-1.051487 0.167046 -0.786220 -1.985837
-0.209000 -1.264021 1.149986 -0.114603
-0.350681 -1.073880 1.341653 -0.223215
0.644796 0.892267 -1.486790 0.943088
0.016879 1.037914 -1.138845 0.069567
-0.022672 1.055092 -1.202872 -0.076231
1.050454 -0.113718 0.156694 1.411889
1.067427 -0.076020 0.111019 1.074273
1.059461 -0.200989 0.297972 1.109250
1.346565 -1.054418 0.806707 1.388718
1.067841 0.065386 -0.092808 1.257486
1.048660 -0.096822 0.093301 1.154171
1.143696 -0.176505 -0.194311 1.531404
1.256524 -0.143235 -0.243540 1.556421
0.782730 0.785718 -0.902331 0.906500
0.301350 -1.182163 1.261996 0.691634
-0.244264 -1.034120 1.147452 -0.135637
0.851128 0.856758 -1.198580 0.761465
-0.137438 -1.174107 1.079328 -0.062336
0.425961 0.984669 -1.279964 0.665617
0.701384 0.930253 -1.181882 0.691362
-1.146091 0.149121 -0.996521 -2.308276
1.055462 -0.056033 0.002134 1.231044
1.129344 -0.124806 0.159890 1.394096
0.745069 0.764669 -1.004180 0.862777
0.649422 0.917186 -1.279163 0.705127
-1.039098 0.188353 -0.528402 -1.919617
1.215764 -0.061521 -0.269596 1.360290
0.536842 -0.920036 1.189512 0.609504
0.100245 1.075399 -1.205646 0.117809
-0.137759 -1.049031 1.145113 -0.220908
-0.159629 -1.055021 1.141342 -0.222269
0.397346 1.058485 -1.056428 0.560924
0.867305 -0.679731 0.748809 0.897171
1.136937 0.022702 -0.094747 1.089155
1.066911 -0.070250 0.041182 1.253582
1.116342 -0.161218 -0.106151 1.349971
1.133034 0.000862 -0.065836 1.088622
-0.209577 -1.135574 1.159659 -0.129382
0.448495 -1.001999 1.204453 0.375795
-0.217732 -1.041612 1.172078 -0.321463
1.166494 0.120069 -0.226200 1.091854
1.287015 -0.085008 0.048956 1.250187
-0.718950 0.783622 -0.869835 -0.890618
0.539844 0.909278 -1.160016 0.594729
-0.719321 -0.837215 1.026396 -0.680341
-1.203382 0.007689 -0.869618 -2.589650
1.123069 -0.039561 -0.019320 1.116632
1.372461 -0.176981 0.036340 1.488524
1.267902 -0.126633 0.001056 1.482254
1.066184 -0.078314 -0.030914 1.277647
1.073483 -0.070193 -0.036021 1.261653
1.188776 -0.069475 -0.245796 1.221904
0.422903 0.983958 -1.069999 0.594580
-1.094133 0.080994 -0.768756 -2.521904
1.499619 -0.128672 0.130311 1.626024
1.345603 -0.099045 -0.004505 1.513936
0.874193 -0.588110 0.716147 0.985831
0.660476 0.940669 -1.142378 0.636454
0.228998 1.222586 -1.150342 0.130332
-1.089116 0.187118 -0.685312 -2.556669
0.125971 -1.025470 1.093976 0.128994
0.573153 0.922292 -1.173754 0.614635
-1.164925 0.173873 -0.399183 -1.130139
-0.198665 -1.098758 1.091654 -0.110724
-0.685020 0.824367 -0.887119 -0.841277
-0.953274 0.665807 -0.690350 -2.996457
-0.938798 0.662949 -0.892897 -3.465666
1.193738 -0.090550 -0.038750 1.083615
-0.657374 0.872301 -0.948640 -0.847313
0.235433 1.104185 -1.239110 0.237809
-0.767573 -0.967146 1.044714 -0.593036
-0.246997 -1.020017 1.077525 -0.285142
0.430536 0.977804 -1.062139 0.405969
1.178075 -0.021776 -0.046372 1.080799
1.131906 0.012643 -0.123859 1.080790
-0.387414 -0.993800 1.150384 -0.405051
0.155682 1.105670 -1.073391 0.068427
-1.198996 0.215483 -0.451077 -1.136666
1.051775 -0.168751 0.183606 1.037170
-0.797360 -0.928806 1.029931 -0.633274
-0.261119 -1.032324 1.120557 -0.310629
1.225351 0.059936 -0.108392 1.098201
1.165575 -0.016687 -0.028468 1.056156
-0.173995 -1.139876 1.125950 -0.079415
-0.096714 -1.051581 1.265845 -0.061815
-0.665003 -0.856605 1.036445 -0.671028
-1.016137 0.579903 -1.401720 -5.118722
-0.987309 0.293102 -0.497201 -1.677616
0.650298 0.812578 -0.999738 0.708514
-0.436936 -1.011770 1.091531 -0.394520
-1.001685 0.315492 -0.520932 -1.786452
0.075787 1.214674 -1.152183 -0.054239
-0.042995 1.043710 -1.105236 -0.051680
-0.099192 -1.122883 1.160108 -0.055112
-1.073132 0.109369 -1.080205 -3.829891
-0.137682 1.077581 -1.103866 -0.194605
-1.017714 0.236234 -1.411252 -4.960466
-0.987932 0.319992 -0.423914 -1.478370
1.029448 -0.242093 0.245827 1.100545
-0.682096 -0.786603 0.893112 -0.751314
-0.067578 -1.145208 1.152686 -0.131764
0.225813 -1.117975 1.284911 0.359259
-0.983984 0.325536 -0.425445 -1.470379
-0.663209 -0.793150 0.840926 -0.743353
-0.656260 -0.882119 0.859927 -0.809970
-0.060990 -1.049325 1.107972 -0.026250
-1.064072 0.097365 -0.164543 -1.080540
-0.757121 -0.837625 1.122505 -0.682894
-0.901887 0.562360 -0.850213 -1.247690
-0.063928 -1.060834 1.141455 -0.029228
0.317839 1.024796 -1.371582 0.331325
-0.146470 -1.135351 1.101583 -0.043144
0.277477 1.165394 -1.060446 0.173278
0.095555 1.063013 -1.316447 0.175520
0.471180 -0.942052 1.135799 0.566149
0.196558 1.093006 -1.281697 0.125354
-1.006522 0.309317 -0.361458 -1.262965
-0.995892 0.300617 -0.334169 -1.173215
-0.106738 1.100247 -1.077984 -0.196482
-0.126549 -1.060260 1.242497 -0.157277
-1.025887 0.297371 -1.164889 -4.039464
-0.994392 0.312721 -0.335552 -1.111479
0.036395 -1.144856 1.219267 0.013529
-0.142577 -1.182942 1.151071 -0.032034
0.085374 1.056193 -1.230178 0.092969
-1.147467 -0.063393 0.157669 -1.573989
-0.112757 -1.074475 1.143606 -0.051941
0.098865 1.108397 -1.108811 0.016417
-1.069487 0.275281 -1.291358 -4.470903
-0.181322 -1.071469 1.135733 -0.148299
-0.424521 1.084797 -1.067663 -0.572702
0.502758 -0.932506 1.107733 0.562907
-0.999486 0.296442 -0.889959 -3.091120
-1.016604 0.294681 -0.339731 -1.176435
1.022939 0.408870 -0.452575 1.176353
-0.114325 -1.107629 1.214122 -0.227526
-0.630463 -0.952714 1.076021 -0.494685
-1.123804 0.030871 0.153575 -2.101990
-1.029006 0.283224 -0.319643 -1.196340
-0.241527 -1.020355 1.064724 -0.220929
-0.159772 -1.152542 1.262372 -0.062437
0.423692 -0.976089 1.113460 0.438581
0.460306 -0.965212 1.122389 0.496865
-0.578493 -0.948667 1.175937 -0.497158
0.779058 -0.760241 0.760241 0.779058
1.221430 0.063911 0.717702 2.090989
-0.928422 0.537593 -0.564363 -1.149509
-0.179210 -1.134657 1.101644 -0.069255
-0.205258 -1.407672 1.177863 -0.385014
0.059881 1.085505 -1.622357 0.079315
-1.043786 0.079175 -0.050782 -1.096877
-1.111593 0.224892 -1.454895 -4.983288
-1.036496 0.267082 -0.314599 -1.180447
-0.718109 -0.921944 2.472691 -1.072063
-0.173845 -1.172114 1.162411 -0.060133
0.079373 1.105419 -1.920857 0.087462
0.240599 1.004673 -1.206518 0.263491
-0.995477 0.333758 -0.602407 -2.076052
-1.038364 0.227073 -0.185455 -1.042521
-0.676175 -0.905367 0.802877 -0.775326
0.043144 1.076178 -1.354398 -0.037234
-0.373310 1.073522 -1.081495 -0.498502
-0.506216 -0.936185 1.529358 -0.584915
-1.068339 0.327933 -0.387063 -1.213472
-1.016837 0.289534 -0.326774 -1.201482
-0.961896 0.539281 -0.588126 -1.153888
1.097830 0.278491 -0.362867 1.195830
-0.051806 1.047668 -1.462331 0.036281
-1.099632 0.292319 -0.299610 -1.228934
-1.045079 0.272815 -0.276491 -1.109130
-1.018099 0.269776 -0.278026 -1.034983
-0.168207 -1.108845 1.120621 -0.053177
-1.047597 0.338243 -0.547617 -1.870977
0.276693 1.001538 -1.184059 0.294813
-0.406200 -1.038354 0.979968 -0.479603
-0.362288 1.023801 -1.044811 -0.456435
0.067043 1.045336 -1.299042 0.074647
0.808887 0.758814 -0.873207 0.734550
0.021339 -1.156666 3.656993 -1.032028
-0.166429 1.044118 -1.141783 -0.204501
0.156191 1.159705 -1.599908 0.063503
-0.165972 -1.148508 1.178092 -0.036332
0.187005 1.064301 -1.328362 0.176609
-1.088436 -0.043359 0.048880 -1.267503
-1.031847 0.354053 -0.758436 -2.531768
-0.960127 0.476428 -0.584035 -1.031106
-0.241882 -1.058020 1.087401 -0.201455
-0.372485 -1.019224 1.217638 -0.374914
-1.021979 0.309877 -0.417658 -1.195304
-0.989588 0.329012 -0.662598 -2.178508
0.323384 0.995526 -1.284228 0.317324
0.784970 0.812166 -1.053077 0.791491
-0.141976 -1.123167 1.155834 0.002551
0.067525 1.051741 -1.464575 0.041538
-1.064197 0.339400 -0.680915 -2.215396
-1.011475 0.281985 -0.482567 -1.493536
0.310993 1.007511 -1.057737 0.347463
-0.419707 0.999720 -1.075349 -0.446723
-1.040195 0.427401 -0.555181 -1.048209
-1.033039 0.478325 -0.621159 -0.984419
-0.283841 0.991582 -1.129967 -0.338659
-0.297431 -1.005163 2.091696 -0.470908
-0.015788 -1.075935 1.389999 0.056220
-1.000599 0.300345 -0.485221 -1.228063
-0.149908 -1.133192 1.151626 -0.001808
-0.524572 -0.951718 1.179928 -0.509011
0.758888 0.795107 -1.072135 0.782144
-1.014373 0.327303 -0.482847 -1.157335
-0.143712 -1.087042 1.157337 -0.041950
-0.189876 1.045401 -1.150309 -0.231234
-1.027094 0.293658 -0.697651 -2.128784
0.738386 0.783164 -1.079353 0.765863
-1.017472 0.323596 -0.943905 -2.979570
-1.119307 0.397753 -0.550718 -1.144629
0.084693 1.047541 -1.359436 0.049862
-1.029448 0.316239 -0.929871 -2.908031
-1.061319 0.526301 -0.651602 -1.003041
-0.393260 -1.136666 1.274381 -0.322832
-1.032038 0.265929 -0.465446 -1.162577
-0.431823 0.969440 -1.140728 -0.485435
-0.364310 1.009074 -1.213092 -0.422728
0.132513 1.163539 -1.749146 0.079975
-1.016960 0.319563 -1.104461 -3.480185
-1.066074 0.332690 -0.488149 -1.111438
0.379187 1.018086 -1.304672 0.404172
-0.218123 -1.032533 2.297017 -0.404838
-0.132980 -1.060191 1.745657 -0.006598
0.383191 0.970960 -1.224210 0.414283
-1.034065 0.330945 -0.362533 -1.107727
-1.074924 0.328500 -0.436010 -1.039978
-0.361096 -0.993491 1.060748 -0.369129
-0.811229 0.637559 -0.676432 -0.921086
-1.137245 0.265243 -0.600511 -1.595765
-0.342196 1.027449 -1.257939 -0.291682
-1.062118 0.295607 -0.394933 -1.049027
0.733477 0.815949 -1.129100 0.761086
-1.314213 0.263905 -0.918616 -2.520615
0.448296 0.960335 -1.147980 0.455182
0.620670 -0.845477 0.911284 0.673455
-1.033158 0.293284 -0.348826 -1.066196
-0.642020 0.873562 -0.886151 -0.775090
0.756764 0.841036 -1.215126 0.752749
-1.042926 0.488926 -0.619860 -0.923522
0.066714 -1.086805 3.011839 -0.445334
-0.458316 0.982966 -1.096123 -0.698750
-0.094129 -1.070202 1.560596 -0.030021
-0.565019 0.951255 -0.945873 -0.730636
0.294654 1.052016 -1.364367 0.357831
-1.029292 0.365055 -0.510040 -1.061561
-0.458234 -1.274234 1.369576 -0.007903
0.264650 -1.011438 1.218750 0.370562
0.134965 1.088122 -1.229500 0.014396
1.103545 0.454283 -0.286446 1.164952
1.093439 0.263163 -0.102533 1.167856
0.284573 -1.017061 1.354519 0.361980
0.503576 -1.103320 5.137974 -0.500014
0.131416 -1.127666 1.921068 -0.106710
-1.028288 0.290067 -0.896214 -2.136757
-1.136849 0.335333 -0.882850 -2.043112
0.688319 0.810012 -0.835469 0.709944
-0.141738 -1.041126 1.380757 -0.250745
-0.942887 0.592082 -0.883067 -1.191110
-0.117179 -1.158559 1.118151 0.046469
1.023313 0.370335 -0.262210 1.109334
-0.214406 1.546149 -1.722329 -0.691050
0.898998 0.550063 -0.558018 0.945550
0.266174 -1.147015 5.101865 -0.438408
0.137430 -1.152864 1.707068 -0.202981
0.582489 0.898960 -1.201699 0.614610
0.238823 1.096823 -1.682489 0.144060
-0.089591 -1.062345 2.477667 -0.147516
0.101904 -1.074832 4.605459 -0.336695
0.920143 -0.623136 0.717697 0.932029
-1.174358 0.273541 -0.894543 -1.526744
-0.218267 1.192835 -1.439527 -0.769703
0.263894 1.100683 -2.014378 0.179397
0.120930 1.098382 -1.359966 0.116966
0.216638 1.068269 -1.648060 0.132541
-0.025501 -1.059638 1.391816 -0.112940
0.145544 1.385020 -1.460004 0.742196
-0.626849 -0.889544 0.935880 -0.787231
1.010124 -0.344236 2.023002 4.896852
0.066173 1.058554 -1.360545 -0.017598
1.109066 -0.316726 0.699484 1.464981
1.036574 -0.309356 0.760224 1.597858
-0.036067 -1.085675 2.284033 -0.041975
0.999111 -0.384699 0.554355 1.073359
0.344212 1.093228 -1.892114 0.200094
0.402309 0.985779 -1.254798 0.420874
0.342212 0.986117 -1.295959 0.342486
0.392292 1.130983 -1.757641 0.208365
-0.105024 1.234456 -1.368555 -0.729863
0.450125 -0.976007 1.159937 0.676739
1.031422 -0.472235 0.684718 1.244171
0.026727 -1.094929 2.016727 0.053730
-1.203097 0.494428 -1.026969 -1.799658
-0.921417 0.552362 -0.816519 -1.163955
0.281636 1.054177 -1.308833 0.156683
-0.380069 1.035980 -1.327732 -0.788185
0.178055 1.043336 -1.240523 0.103093
-0.040504 1.093974 -1.137522 -0.134403
-0.067168 1.152403 -1.119179 -0.209923
0.594732 -0.868257 1.097750 0.739732
0.929003 -0.487877 0.716178 1.256310
0.050979 -1.078372 1.656978 0.110278
-1.205431 -0.494413 0.298182 -1.247224
0.578494 0.963234 -1.162261 0.538059
0.178430 1.471207 -1.485530 0.019237
0.037233 1.330468 -1.253654 -0.151016
0.811234 0.738032 -0.870804 0.759181
-0.578574 0.865112 -1.042422 -0.694786
0.379998 1.012932 -1.183864 0.336513
-1.051815 0.356364 -1.071923 -1.706637
0.131265 -1.054958 1.531970 0.161906
-1.101294 0.336794 -1.615029 -2.615140
0.205747 -1.030649 1.332637 0.328024
0.161381 -1.045801 1.254922 0.146262
-1.016851 0.207768 -0.445652 -1.440859
0.065092 1.376067 -1.142236 -0.131578
-0.596750 0.927141 -1.286506 -0.781196
0.243435 -1.032433 1.391746 0.217117
1.112691 0.209815 0.100771 1.570651
0.029321 1.411997 -1.116710 -0.215625
-1.113446 0.304893 -1.687042 -2.570520
-0.501752 -0.951660 0.985535 -0.621616
-0.478676 -0.971537 0.997389 -0.601252
0.963353 0.367445 -0.470197 1.207884
1.154269 0.072668 0.135290 1.608551
1.063770 -0.057233 0.178482 1.511335
-0.227494 -1.106401 1.086020 -0.356321
1.141925 -0.077186 0.164280 1.258116
-0.013148 -1.188871 1.158414 -0.128281
-1.019924 0.515987 -1.308298 -1.705516
0.248899 -1.069596 1.107254 0.165158
0.470366 -0.975170 1.163301 0.409783
-0.672143 -0.891938 1.134634 -0.538440
0.261949 1.097295 -1.128174 0.127938
-0.990082 0.583988 -1.176259 -1.350011
0.557441 -0.936684 1.248384 0.521224
-0.889290 0.652858 -1.125231 -1.169490
-1.039338 -0.688683 0.460079 -1.102442
-1.105991 0.078303 -0.285212 -1.232135
-0.111308 1.156464 -1.500425 -0.391804
-0.034325 1.079156 -1.243466 -0.203596
0.786999 -0.796894 1.283655 0.875774
-1.311580 0.270511 -0.512694 -1.402240
0.145960 1.122451 -1.226797 -0.060970
-0.789713 0.754908 -0.919445 -1.160531
0.789322 -0.862673 1.541710 0.830312
0.646021 -0.921470 0.986934 0.916299
0.892367 -0.537545 0.537545 0.892367
0.143996 1.178798 -1.396894 -0.185775
0.177077 1.218077 -1.248827 -0.118117
-1.166809 -0.320657 -0.029042 -1.445848
-0.889574 0.582470 -0.760080 -1.159054
-0.843792 0.714581 -0.823937 -1.315046
-0.760848 0.790442 -1.299313 -1.212364
-0.835497 0.659782 -0.840527 -1.281692
-0.739448 0.820444 -1.031387 -0.930712
-1.030714 0.942263 -1.787803 -1.449359
-0.784334 0.743672 -2.673749 -2.454929
0.303847 -1.106536 1.146456 0.198957
0.788102 -0.885352 0.811166 0.721858
-0.772430 0.733155 -2.545047 -2.353160
0.320812 -1.021489 1.457973 0.423524
-0.717276 0.864954 -0.864954 -0.717276
0.900160 -0.623812 0.623812 0.900160
-0.512388 0.940168 -1.137958 -0.678900
-0.984146 0.657482 -1.269786 -1.212771
-0.364243 1.096057 -1.081245 -0.614386
0.890969 -0.636757 0.636757 0.890969
-0.721775 0.854726 -0.854726 -0.721775
1.038793 -0.408603 0.700420 1.509296
0.954003 -0.986242 0.865508 1.220090
1.089212 0.714638 -0.783398 0.856219
-0.897236 0.949400 -0.949400 -0.897236
0.749074 -0.718247 0.973918 0.943015
0.930067 0.847211 -0.768691 1.162912
0.852547 -0.891235 0.952931 1.588431
0.959800 0.551513 -0.650702 0.967012
0.845778 -0.869521 0.661363 1.529715
0.990273 -0.595731 3.064579 4.228325
0.867321 -0.632804 0.956707 1.435466
0.700621 -1.174654 0.986304 1.776982
-1.157925 -0.409797 -0.234577 -2.118108
-0.366715 1.054684 -1.330860 -0.354923
1.224433 -0.617078 1.316599 1.192827
-0.361940 1.019612 -1.352925 -0.335936
0.848505 -0.634763 0.634763 0.848505
-1.349885 -0.721640 -0.107959 -2.051176
0.931616 -0.708440 1.407113 1.675742
-1.631365 -0.902847 -0.091792 -2.316765
0.206133 -1.601150 3.054330 3.976578
-0.096808 1.143352 -1.711874 -0.514544
0.974698 -0.453656 0.422254 1.113235
-0.950359 -0.572366 0.739675 -0.949532
-0.101977 -1.065969 1.246941 -0.038672
-0.695737 0.902842 -1.115340 -1.178927
-0.654275 0.878594 -1.111132 -1.203470
1.105678 -0.425151 0.722784 1.291588
-0.814655 1.205528 -1.337986 -1.299133
0.331995 -1.224291 1.598792 1.405078
-0.715461 0.782509 -1.224681 -1.435170
0.522515 1.031353 -0.928436 0.580293
0.364318 -1.127022 1.547116 1.371159
-1.076527 -0.367583 0.638014 -1.124110
0.112654 -1.071031 1.552183 0.036514
0.666985 -0.905495 0.990866 0.803608
0.471413 -1.061776 1.314452 1.212007
-0.942353 -0.683762 0.754492 -0.843869
0.759576 -0.805730 1.199253 0.902581
0.797126 -0.657698 1.031330 1.107112
-0.403561 1.086696 -1.061079 -0.776002
-0.926092 0.606042 -1.338186 -1.311397
0.550105 1.060203 -1.194276 0.279381
-0.493228 1.034450 -1.065769 -0.957996
-0.753565 0.756563 -1.332791 -1.441374
1.062842 -0.518404 1.089741 1.217562
0.529231 0.942500 -1.163021 0.544409
0.447192 0.958939 -1.257532 0.505211
0.820751 -0.716515 0.716515 0.820751
-0.818445 0.877091 -1.333665 -1.888774
-1.709200 -0.753394 -0.139408 -1.655417
0.386643 1.006371 -1.242854 0.430846
-1.349290 -0.818114 -0.138127 -2.100939
-0.967630 0.587268 -1.260967 -1.530129
-1.261099 -0.956583 0.217331 -1.389331
0.801548 -0.690327 0.690327 0.801548
0.600600 1.473469 -1.624804 -0.331802
0.833356 -0.725910 0.725910 0.833356
0.390013 1.259895 -1.739063 -0.320794
0.626064 0.921967 -1.055604 0.709352
0.797741 -0.689103 0.689103 0.797741
0.711697 0.889159 -1.039950 0.531152
0.890144 -0.797853 0.797853 0.890144
0.301203 1.308647 -1.309865 -0.146374
-0.620895 -0.879045 1.079138 -0.672598
-0.797036 -0.763374 1.196617 -1.428688
-0.972852 -0.583256 0.484176 -1.121694
-0.622163 0.915227 -1.089657 -1.090815
-0.909621 -0.560183 0.695744 -1.396515
1.033934 -0.691630 0.691630 1.033934
1.379494 -0.405788 0.405788 1.379494
-0.517533 -1.188555 1.233525 -0.502823
0.324764 -1.110292 1.471524 0.510785
-0.122944 -1.150451 1.749066 -0.006949
1.328252 1.319493 -0.496221 1.646900
-1.455700 0.315353 -0.755498 -1.263219
-1.615046 0.094689 -0.593280 -1.443713
1.339601 -0.210536 0.466103 1.629872
-1.555672 0.246993 -0.639701 -1.325169
-1.018563 -0.671233 0.688167 -1.446117
-1.779223 -0.050626 -0.128919 -1.447292
-1.383350 0.489339 -0.779272 -1.216396
1.269156 0.099898 0.556765 1.745285
-1.212878 0.614260 -0.486836 -1.391145
-0.400562 1.432368 -2.000041 -1.766403
0.337189 -1.285205 1.956789 1.603990
1.301250 -0.049565 0.223218 2.285407
-0.325415 -1.586861 1.300758 -0.786782
0.644195 -1.382978 1.630090 1.198026
-0.560720 -1.428322 2.298437 -0.133083
0.733489 -1.099609 1.157664 1.555268
1.113938 -0.965983 0.930484 0.935243
1.005902 1.025200 -1.611281 0.612675
-0.829980 1.117760 -1.215706 -0.815164
0.890753 -1.193698 1.669427 0.371784
-1.099037 -0.598680 1.276091 -1.316155
0.433726 -1.063643 1.586073 0.459349
0.844019 0.687384 -1.556082 1.705809
-0.745233 -1.302380 0.808898 -0.947648
-0.694973 -0.837621 0.796119 -0.761159
-0.697758 -0.811217 2.157592 -2.269000
-1.186501 -0.402046 0.611444 -1.191807
-0.833807 -0.832638 0.974388 -1.005227
-0.830751 -0.705245 1.002609 -1.096376
0.782491 0.721286 -3.003504 3.177061
0.711129 0.766411 -2.216268 2.334685
1.342419 0.383722 -0.585439 1.460356
0.234763 1.221340 -1.316488 0.654880
1.131651 -0.302303 1.089397 2.098104
-1.331072 0.218823 -0.527522 -1.150780
-1.364376 0.259355 -0.909634 -1.169815
-1.405669 0.227002 0.001915 -1.303096
-0.574974 -0.904798 1.164115 -0.762049
1.080797 -0.692307 0.497064 1.173491
-0.119823 -1.055407 1.430076 -0.250481
0.556657 1.111244 -0.964480 0.755180
-0.620091 -1.075456 1.010390 -0.776356
-0.712201 -0.996593 1.210790 -0.490094
-1.029637 0.632073 -0.852476 -0.902350
-0.294478 -1.018367 1.098396 -0.281270
0.533090 1.092703 -1.384986 0.614205
-0.521985 -0.947076 1.239348 -0.499323
0.652289 1.305288 -1.306693 0.240126
-1.239666 0.355202 -0.613610 -1.117506
-1.380470 0.592364 -0.478299 -1.361486
-0.658927 -1.027312 1.092039 -0.567456
1.876163 0.169836 -1.320659 1.871107
-1.086564 0.346371 -0.316690 -1.129034
-0.892521 -0.712321 0.717295 -1.262594
1.038609 -0.844624 0.844624 1.038609
1.157375 0.769868 -0.843977 1.909623
1.246469 -0.115998 -0.874249 1.994011
0.271818 1.139322 -1.437547 0.108659
1.495418 -0.058876 -0.820614 1.786093
0.490178 -1.662947 2.143308 -0.232979
1.433585 -0.087967 -0.889007 1.954270
-1.090484 -0.869041 1.520851 -1.484405
1.730503 0.156984 -1.190313 2.462599
0.872564 1.041313 -1.622157 1.203765
-1.506954 0.020203 0.693317 -1.584147
-2.327812 0.428819 2.487126 -2.907622
0.664612 -1.482234 1.579382 0.790044
1.330781 0.491743 -1.221799 2.039626
0.339388 1.294119 -1.153054 0.245658
0.769389 -1.298005 1.964234 1.001513
-2.703662 0.587918 2.356958 -2.509140
0.812330 1.201544 -1.387088 0.662906
1.260233 -1.082654 1.458491 1.682239
1.438976 0.343225 -1.573715 2.925364
-1.323439 -0.642894 0.714009 -1.414818
0.942854 0.693876 -0.712295 0.937454
1.176497 0.346699 -1.066385 2.036023
1.117685 0.879138 -1.252897 1.195545
1.346998 0.438548 -0.857816 1.608861
-0.317827 -1.105040 1.516357 -0.602201
-1.274607 -0.192078 0.725009 -1.403292
-0.476154 -1.179183 1.336344 -0.495295
1.367195 -0.049113 0.163197 1.352218
1.725706 -1.866171 3.757135 -0.515094
1.229710 0.088116 -0.101614 1.130511
1.582167 -1.427870 3.201559 -0.246951
0.932245 -1.153822 1.277860 0.933434
1.455463 0.613482 -0.961898 1.402505
-1.531569 -0.419450 0.982063 -1.793371
-1.297874 0.397789 -0.622193 -1.690701
-2.926771 -0.684285 3.383814 -1.491960
-0.013640 -1.291398 1.289056 -0.003237
0.638132 1.277914 -1.596115 0.572872
1.174092 -0.163591 0.161392 1.283121
1.073347 0.450313 -0.532120 1.241992
0.295500 1.117812 -1.088849 0.224801
1.083425 -0.148896 0.029438 2.089004
1.480811 -0.165451 0.602644 2.789609
1.139920 0.228389 0.644695 2.808973
0.314300 1.232620 -1.204189 0.197755
-0.141803 -1.458243 1.409651 -0.058807
0.345033 1.509641 -1.413760 0.230400
0.580190 1.163828 -1.393563 0.562863
1.360538 0.261502 -0.199966 1.758988
1.327117 -0.163595 0.300175 1.461235
-1.089961 0.540869 -0.886853 -2.393942
1.365027 0.011026 0.076970 1.598106
0.772330 1.133918 -1.315576 1.021978
-0.313020 -1.511765 1.388036 -0.219777
1.169545 -0.079868 0.151101 1.726891
0.092732 1.490445 -1.391512 -0.029299
-1.508293 0.290506 -0.637448 -1.774284
1.105098 0.140085 -0.323262 1.347281
-0.128623 -1.229696 1.304545 -0.204345
-0.132418 -1.363361 1.267765 -0.170170
-1.155019 0.512133 -0.968578 -1.895085
1.270155 -0.028629 0.051701 1.439798
1.231016 -0.411732 0.485414 1.323795
1.033662 1.025329 -1.459718 0.990071
-0.176868 -1.383448 1.299087 -0.258353
1.177740 0.288647 -0.327836 1.342325
0.147418 1.294774 -1.254995 0.067938
1.049233 -0.751591 0.771005 1.066318
0.579582 0.872547 -1.279026 0.732534
1.082443 -0.111496 0.132623 1.246220
1.203992 -0.088666 0.137401 1.449202
1.082302 -0.065353 0.087371 1.235844
-0.245184 -1.441206 1.349836 -0.186515
0.595776 1.240331 -1.165591 0.476818
1.236098 -0.012446 -0.330037 1.309313
1.223393 -0.119215 0.022171 1.263992
0.315939 1.448284 -1.384790 0.233084
1.181553 -0.143094 0.012830 1.229947
1.251986 -0.019038 -0.060423 1.270643
0.498598 1.004941 -1.269238 0.484081
1.128990 -0.057053 -0.021408 1.227429
0.258382 -1.278313 1.499850 0.218040
0.227602 -1.362872 1.523325 0.166831
1.180451 -0.133605 0.141842 1.204569
-1.005167 0.705081 -0.847712 -3.542045
1.133813 -0.059730 0.030963 1.063430
1.713578 -0.257063 0.217832 1.686784
1.367236 0.059423 -0.217636 1.324676
0.186346 1.259228 -1.202997 0.064525
-1.035298 0.452609 -1.445015 -5.224438
0.575924 0.938444 -1.122033 0.624437
1.357486 0.099749 -0.191378 1.189124
0.461404 1.086419 -1.398150 0.443138
-0.193840 -1.244824 1.288170 -0.138240
0.084366 -1.161541 1.297789 0.030886
-0.168335 -1.405628 1.423731 -0.310191
0.106380 1.097192 -1.140430 0.040034
-1.113405 0.112420 -0.982242 -3.421985
1.152038 -0.172446 0.210486 1.214524
-1.715389 0.180077 -1.967779 -7.135030
-1.238073 0.269842 -1.394104 -4.889043
0.789606 0.827097 -0.882487 0.914482
-1.562095 -0.238687 0.364383 -2.045027
-1.431585 0.010849 0.088072 -1.841463
-1.102888 -0.030059 0.102835 -1.466583
0.737351 0.912256 -1.030041 0.856912
-1.303577 -0.527982 0.630515 -1.582856
-1.455610 -0.467622 3.205860 -1.912828
-1.313452 0.245582 -1.584349 -5.504469
-1.106821 -0.001879 0.164311 -1.993407
-1.458178 0.268752 -1.922636 -6.641920
0.182398 1.421240 -1.725051 0.074870
0.079602 1.511943 -1.568249 -0.053695
-1.161484 -0.316754 0.300131 -1.540837
0.166924 1.463099 -1.592112 0.071123
-0.967970 0.446465 -0.401713 -1.158615
-1.341965 0.377757 -1.777720 -6.050659
-0.461974 -0.992328 1.207205 -0.396304
-1.175017 0.126471 -0.106120 -1.486315
-1.245137 -0.624515 0.546574 -1.813125
0.019731 1.676046 -2.517937 0.015687
-0.019308 -1.129019 1.193626 -0.143696
-1.226660 0.351921 -1.138983 -3.843352
-0.278305 -1.204393 1.228478 -0.279093
-0.337537 1.114226 -1.229708 -0.348021
-0.155386 -1.165605 1.174767 -0.028504
0.136313 1.344827 -1.860007 0.060318
-0.124403 -1.203826 1.189835 -0.006456
-0.274821 1.184535 -1.468261 -0.355756
-0.180146 -1.172969 1.739331 -0.203491
0.270248 1.479884 -1.615181 0.128630
-0.334799 -1.480917 1.801246 -0.291138
-1.334404 0.385986 -0.851327 -2.726054
-1.151117 0.386994 -0.546586 -1.259605
-0.352099 1.070820 -1.257283 -0.417819
-0.158373 -1.264320 1.255521 -0.024139
0.111704 1.389649 -2.520129 0.107367
0.134797 1.226315 -1.957667 0.084843
0.049996 1.320693 -1.582657 0.040505
-1.043186 0.289136 -0.596938 -1.601061
-0.443943 -1.084326 1.095999 -0.424556
1.460371 -1.490973 5.090106 -0.843394
-1.513525 0.299825 -1.034300 -3.079347
0.153386 1.477724 -2.772232 0.141455
1.350444 -1.388539 5.201730 -0.774926
-0.137074 -1.358520 2.048170 -0.017193
-0.169943 -1.195401 1.172241 -0.054300
-0.169861 -1.286309 1.250831 -0.058168
0.064209 1.377097 -1.685594 0.081441
0.266634 1.403224 -1.306976 0.192308
1.454985 -1.439284 5.394564 -0.712711
-1.103294 0.509470 -0.576446 -1.022503
0.168500 1.170465 -1.716525 0.119241
0.366197 1.449015 -1.425255 0.279466
0.181830 1.293679 -1.556340 0.114186
-0.834128 0.863396 -1.048988 -0.799312
0.119506 1.261967 -1.603215 0.207522
-0.024850 -1.107577 1.823269 -0.035142
-1.138608 0.363773 -0.628761 -1.568585
0.563506 -1.165557 5.091056 -0.553422
0.295456 1.285209 -2.445214 0.200985
0.427396 1.076741 -1.506930 0.212214
0.267974 1.127622 -1.705708 0.161845
0.423047 1.258365 -1.810232 0.246345
0.458882 1.253399 -1.591425 0.219608
0.262890 1.369614 -1.700664 0.144689
0.397427 1.408488 -2.590916 0.241370
-0.861760 -0.906507 0.958497 -1.106383
1.406710 -0.456508 0.990733 1.992532
1.150955 0.414261 -0.181421 1.154844
0.308248 1.253510 -1.892978 0.160094
0.261085 1.189805 -1.743569 0.097987
1.281649 -0.449489 0.100129 1.369604
2.032915 0.027371 -0.073773 1.553299
-1.237747 -0.479620 -0.050211 -1.655745
0.457083 1.141757 -1.474964 0.234803
0.406267 1.162927 -1.475840 0.210276
0.195278 1.150365 -1.428533 0.106390
-0.165220 -1.470084 2.043283 -0.205032
1.368287 -0.290570 0.677215 1.514682
-1.343121 0.466381 -1.225167 -2.240156
1.190432 -0.302779 0.825806 1.703889
-1.006948 0.564252 -1.196136 -2.240628
0.641164 1.371798 -1.379790 0.358304
-0.925805 0.483916 -1.180074 -2.076775
0.967961 -0.791884 0.955836 1.297294
0.444938 1.473639 -1.303002 0.279405
0.077619 -1.047961 1.821193 0.144914
1.112014 -0.727428 1.027402 1.237213
1.210694 -0.603430 0.911661 1.565869
0.183809 1.462270 -1.346401 -0.005512
-1.506167 0.410199 -1.514243 -2.526152
0.706355 -0.775454 0.843650 0.714142
-0.296294 -1.150490 2.193262 -0.155886
-1.369690 0.364890 -1.781386 -2.961103
-0.495018 1.015231 -1.173366 -0.556663
-0.787373 0.798353 -0.929197 -0.856011
-1.456588 -0.914946 0.456059 -1.602160
0.160924 -1.456728 1.445116 0.572550
-0.422078 -1.371868 2.380286 -0.196854
-0.326878 -1.437379 2.123139 -0.196161
-0.807052 1.033770 -1.373844 -0.901188
-1.137732 0.365123 -0.507347 -1.554639
0.190431 1.743535 -1.442165 -0.041218
-0.720130 -0.771515 0.807013 -0.739276
-0.866349 1.017357 -1.375735 -0.943238
-1.425536 0.663038 -1.424388 -1.078609
-1.417994 0.471468 -1.391594 -2.100702
0.226106 -1.194697 1.250604 0.149984
0.353141 -1.102776 1.305228 0.422259
0.180705 -1.337834 1.322705 0.065588
-0.011266 1.837475 -1.402036 -0.299457
0.344322 -1.307655 1.323688 0.236468
1.282957 -0.346225 0.553322 1.434347
0.442859 -1.312262 1.247868 0.356874
1.252313 -0.132632 0.290641 1.373870
1.304222 -0.034682 0.149679 1.582741
-0.132151 1.630504 -1.354188 -0.312131
1.023015 1.051676 -1.097346 0.660354
-0.434230 1.397170 -1.313693 -0.767823
-0.523804 -1.146101 1.257679 -0.289950
-1.050107 0.440619 -0.620220 -1.175253
-0.971318 1.508578 -1.617134 -1.544080
-0.584640 1.651831 -1.636929 -1.246973
-1.104988 0.759815 -0.929094 -1.576991
0.997432 -0.747674 1.056014 0.824652
-0.983472 1.125278 -1.731098 -1.156399
-0.344586 1.299584 -1.811061 -0.470764
-1.216054 0.933023 -2.328034 -2.035583
-1.115852 1.206074 -3.319865 -2.961523
-0.517563 1.036156 -1.681222 -0.750450
-1.106980 1.053908 -3.097427 -2.778556
0.821108 -0.849595 0.913351 0.858421
-0.921271 0.618484 -1.677183 -1.519332
-0.762982 1.271150 -1.899726 -1.002320
1.458882 -0.479246 1.083906 1.595136
0.679253 -1.427748 2.095224 0.810337
1.788791 -0.207209 0.873469 1.331443
-1.223655 0.946547 -1.783267 -1.533287
0.524215 -1.468699 2.200006 0.749549
-0.027518 -1.276081 1.738407 0.141200
0.381387 -1.134405 1.826458 0.601314
-0.045776 -1.189850 1.460205 -0.010794
-0.978782 0.669713 -1.420906 -1.446116
0.166600 -1.270748 1.941988 0.490113
0.801760 -0.897990 0.783118 0.778027
-0.581014 1.077803 -1.056453 -0.889407
1.040334 -0.872472 0.788932 1.110226
-0.204884 1.132043 -1.647312 -0.599472
1.067754 -0.533244 2.589434 3.688664
1.502745 -0.540607 4.227858 6.001787
0.918071 -0.757379 0.799619 1.090848
1.028154 -0.545003 2.853503 3.991614
-0.499628 0.936459 -1.346040 -0.878509
0.947621 -1.216361 1.134160 1.891148
-0.333900 1.064711 -1.306391 -0.555931
1.137292 1.732626 -0.838332 1.448164
-1.416250 -0.822966 -0.083801 -2.147665
1.817491 -0.415182 1.307315 1.498522
-1.959536 -1.154364 0.088463 -2.665969
-0.806416 0.808503 -1.081743 -1.073006
-1.730356 -0.986560 -0.028408 -2.512058
-0.890489 0.970434 -1.167072 -1.183692
-1.239506 -0.616950 -0.078912 -1.711491
-0.776028 1.478413 -1.677558 -1.663610
1.004306 -0.629188 0.920965 1.215607
1.000621 0.518597 -0.617647 1.197399
-1.344054 -0.783084 0.938617 -1.164083
0.617678 -1.345635 1.216207 0.376262
1.056673 -0.518344 0.715455 1.096797
-0.070282 -1.062606 1.424513 0.084010
-0.457280 -1.379474 1.331901 -0.185376
-0.648313 -0.985865 0.953892 -0.523359
0.304520 1.003611 -1.485958 0.464173
-0.792182 0.684720 -1.181759 -1.151125
-1.440065 0.122493 -0.926510 -2.146839
0.676428 -0.928074 1.392232 1.082514
-0.887028 0.618521 -1.181244 -1.551531
-0.201262 -1.572142 2.000211 0.486640
-1.426198 -1.008423 0.093347 -2.241419
0.651507 0.919152 -1.246043 0.784497
-1.081712 -0.928688 1.408027 -1.166978
0.908317 -0.793946 1.124811 1.151155
-0.854793 -1.081638 1.092684 -1.346298
0.218500 1.549938 -1.264995 -0.113701
-1.077665 -0.893320 0.571837 -1.537140
0.840889 1.113187 -1.688643 0.797169
0.630543 -1.552195 2.110300 0.415049
0.100910 -1.640012 2.291181 0.309241
-0.207748 -1.172125 1.688996 -0.108547
-2.160137 -0.326351 -0.101241 -1.983454
-1.323141 0.416942 -0.780024 -1.104847
2.597304 1.552447 -0.881546 1.815213
2.208074 1.442571 -1.003953 1.074663
2.475552 0.057998 0.891610 3.042374
0.883492 -2.406809 2.403104 -0.448802
-0.426360 1.575369 -2.375628 -1.956138
1.059580 -1.321985 1.515812 1.197814
1.535837 -1.192881 1.531346 1.358689
1.963082 1.389860 -2.723490 1.732155
1.320054 -1.785912 2.396467 0.413615
0.638381 -1.981699 2.660003 0.770988
-0.832743 -2.021204 1.497426 -1.161077
1.082073 -1.455803 1.491761 0.962654
0.765324 0.839820 -1.068497 1.049346
1.178648 0.198642 -0.445156 1.441391
1.735013 -0.856978 0.946046 1.431081
-0.689923 -2.003920 1.977099 -1.026193
-0.691302 -0.906547 1.223919 -0.956373
-1.135051 1.395498 -1.429242 -1.039181
-2.186445 0.616580 -0.572573 -2.072964
1.785249 -0.976961 1.802457 1.879398
2.568444 0.271654 2.399448 3.102102
-0.230099 2.168359 -2.618378 -0.573390
3.583453 1.817064 -4.352285 1.064986
2.321674 -0.506561 -1.396393 3.488512
3.974661 0.935203 -3.465347 1.616045
1.843586 0.160589 -1.026307 2.308943
0.297137 -1.317943 1.603006 -0.140826
2.078477 0.307373 -1.115855 2.318701
0.124250 -2.363899 2.912343 -0.483596
0.214846 1.958802 -1.946416 -0.032020
-2.467902 -0.420637 1.255564 -2.055310
-3.263808 0.504328 2.795359 -3.682799
-2.255522 -0.239440 1.462000 -2.968661
1.253088 1.891288 -2.162350 0.917512
-3.742958 0.478093 2.880647 -3.004525
0.992862 1.818232 -1.922201 0.639011
0.070952 -1.159872 1.282212 0.141293
1.917885 0.818972 -0.898899 1.817454
-4.130270 -0.010943 3.040775 -2.561905
1.182697 2.067159 -1.950456 0.733842
-0.861134 -0.739641 0.758888 -0.892223
2.401979 0.169248 -0.163235 2.029560
1.819292 1.685525 -1.513393 1.454822
-0.809291 -1.513705 1.848656 -0.794834
1.700422 0.496379 -0.488208 1.805841
-3.382057 -0.957283 3.754348 -1.634099
0.165082 -1.913478 2.005170 0.239593
1.749164 0.923853 -0.909370 1.682105
1.470641 1.349577 -1.126324 1.716660
0.149400 -1.234704 1.710897 -0.343064
1.886674 -0.295100 0.937234 4.437006
-0.186502 -1.787887 1.739696 -0.107301
1.300106 0.646402 -0.064032 1.816704
2.177938 0.488876 -0.141475 2.767003
2.393384 1.102109 -0.267004 3.624174
1.106543 1.009754 -1.218386 1.597477
0.283964 1.816548 -1.727082 0.185159
1.326604 1.177691 -1.643089 1.333371
-0.130082 -1.997038 1.907379 -0.234753
1.619401 -0.344812 0.286016 1.980367
1.485778 -0.972277 0.851444 1.480364
1.553209 -0.258646 0.255072 1.963968
1.089889 0.189357 -0.226702 1.301731
1.546363 -0.838499 0.619718 1.605638
1.670282 -0.085767 0.061757 1.961134
1.864870 -0.140354 0.049617 1.888270
-2.393336 0.325834 -1.235009 -5.267699
1.824324 -0.311288 0.084028 2.013260
1.914735 -0.265517 0.029288 2.229499
1.996280 -0.084975 -0.154302 1.999356
0.280510 1.782319 -1.739690 0.218230
-1.912374 -0.167291 -1.071254 -4.934452
-1.961671 -0.353726 0.493509 -2.179409
-1.200676 -0.834875 0.743334 -0.984719
-0.221695 -1.614115 1.689490 -0.352781
1.971427 -0.269584 0.327083 2.066921
-2.316461 0.075840 0.204413 -3.098266
-1.822527 0.101574 0.067261 -2.282086
-0.077361 1.974472 -2.646373 -0.005262
1.443848 1.166070 -1.310363 1.597593
0.136478 1.250280 -1.821654 0.080140
0.182096 1.853843 -2.335002 0.093304
-1.846801 -0.642452 0.734024 -2.453721
-0.448153 -1.969384 2.220322 -0.579063
-1.724435 0.176067 -1.827229 -6.009460
-0.037772 1.845526 -3.421537 0.077090
-1.717023 0.244991 -1.189907 -3.644488
0.005191 1.708812 -2.282948 0.007288
-1.882976 0.146804 -1.365024 -3.895355
-0.112360 -1.655552 2.513226 -0.070433
1.817523 0.104437 -0.001528 1.866667
-0.188220 2.063810 -3.593244 0.176542
-1.959694 0.310586 -1.343368 -3.414083
-0.165014 -1.366703 1.315459 -0.037560
-0.602781 -2.147801 2.337739 -0.027109
0.215231 1.116227 -2.124072 0.157900
0.441597 1.884642 -3.622755 0.273130
-0.033518 -1.728934 2.520503 -0.235307
-1.904565 0.539619 -1.319237 -2.674377
0.352326 1.726481 -2.379683 0.186684
1.135265 -0.295263 0.886699 1.901423
-1.200963 -1.813215 1.780644 -1.553400
2.119046 -0.712267 0.551068 2.657173
-0.391575 1.335786 -1.315211 -0.710458
0.170973 2.009881 -3.127808 0.341660
1.185242 -0.328121 1.127148 2.361678
-1.918330 1.131603 -1.478399 -1.448097
1.704797 -0.401980 1.343714 2.745005
-1.501036 -0.455292 -0.185655 -1.668015
-0.192610 1.382378 -1.585277 -0.936611
2.231437 -0.152736 0.684217 2.152353
0.803647 1.973131 -2.724963 0.397171
0.214981 1.125547 -1.614864 0.124951
0.047007 2.094711 -4.498715 0.375752
-1.002994 0.485314 -1.317740 -2.321000
0.086855 2.061777 -3.422803 0.326444
0.988839 -0.920858 1.087968 1.317787
0.379941 1.847958 -1.745183 0.176725
-1.651994 0.399886 -1.651277 -2.769114
0.629231 2.080589 -1.749639 0.330265
0.363402 2.081797 -1.708040 0.095425
-1.698916 0.560421 -1.728372 -2.564301
0.158943 2.052434 -1.562764 -0.105972
-1.969029 1.038364 -2.542307 -3.272784
1.544764 -0.275487 0.431627 1.886385
1.127314 -0.024607 0.151501 1.554098
-0.861738 1.492905 -1.587682 -1.229707
0.151313 2.134573 -1.783713 -0.081948
-1.394250 1.342171 -1.902118 -2.043573
-0.287653 1.662393 -1.543633 -0.667929
-1.026569 1.528510 -1.784165 -1.534264
-1.148242 1.707628 -2.373759 -1.845926
-0.765604 1.724374 -1.940327 -1.725993
1.432968 -1.074049 1.661079 1.448358
0.759376 -1.009489 1.008766 0.652668
1.431165 -1.300050 1.607536 1.804258
-0.813427 1.540010 -1.761450 -1.383768
1.563410 1.965847 -1.351966 1.517752
1.452782 -1.802501 2.111598 2.568990
1.518696 -0.870857 4.509552 6.207416
-0.218779 1.130970 -1.333544 -0.241760
0.926430 -1.532960 1.449534 2.176612
0.145573 2.098216 -2.574070 0.640005
-1.479366 -0.725406 -0.163182 -2.226788
-1.441023 -0.807079 -0.088379 -2.165520
3.884098 0.766086 -3.097792 1.593072
0.091669 -1.089589 1.576799 0.119655
1.500841 -1.376932 1.606901 1.467739
-0.724910 0.987926 -1.082229 -1.116151
0.724467 1.749285 -1.630562 0.602657
0.839712 -1.400684 1.071656 0.612602
0.865014 -1.983729 1.948611 0.892204
0.772164 -0.902022 1.370620 1.003461
0.842881 2.219223 -1.861050 0.480369
0.640872 1.698493 -1.662925 0.174028
-2.243119 -0.788753 0.185180 -2.846074
0.806277 -1.416021 2.068952 1.492091
-0.098984 -1.972207 2.381489 -0.222520
-2.097597 -0.838604 -0.142631 -2.889919
-2.197555 -1.001497 0.122902 -2.445915
0.742470 2.344483 -2.510005 -0.302080
0.521774 2.060943 -2.194705 -0.367396
2.227686 1.124869 -1.369671 2.831376
1.489793 1.298507 -1.094893 1.626382
1.853559 2.446583 -1.729497 2.381728
-2.396857 0.057973 -0.693359 -2.010419
-0.972135 -2.271173 2.699293 -0.919166
1.839299 2.049471 -2.006524 1.563178
-0.252434 -3.032862 3.145762 -1.008977
0.087173 -2.753139 2.900255 -0.648493
-0.210329 -1.604543 1.948581 -1.080377
2.374347 1.551499 -3.167990 2.163338
1.246161 -2.715147 3.129013 1.050633
0.798312 0.857465 -0.930782 0.772584
0.319333 1.878860 -1.978243 0.783190
-1.807358 -2.081776 2.298647 -2.147097
-2.338518 1.959224 -1.952436 -2.378365
0.737811 -0.961410 0.987784 0.718101
-0.922378 -2.408129 2.790374 -0.865874
2.750154 0.107395 -0.981021 3.378414
-0.565857 -2.786330 2.897286 -0.465198
2.294562 2.039786 -1.943755 3.191224
-0.468635 -1.736255 2.139708 -0.121709
-3.980557 0.157860 3.263955 -3.445096
-1.555296 -2.171216 2.985842 -1.633840
1.360260 -0.178284 0.306512 1.368553
0.988396 0.864256 -0.802327 0.931072
1.240065 1.254219 -1.149957 1.113615
3.116247 0.026466 0.164817 3.755386
2.633825 0.669180 0.206254 4.915006
-1.297374 0.402585 -0.808649 -2.177929
2.077200 1.315206 -1.481193 2.420429
-2.348071 0.689987 -1.229589 -5.066196
1.829931 1.338870 -1.391592 2.176566
-2.354878 0.597873 -1.265369 -4.623480
-2.195889 0.194465 0.024457 -2.551301
-2.924443 0.580591 -0.218168 -2.983593
-2.702893 0.161365 0.258271 -3.701842
-1.351911 0.050590 0.139002 -2.211512
-0.160442 2.349154 -4.026759 0.202128
-0.059131 2.313474 -4.151747 0.298381
2.321937 -0.557974 1.575420 3.205727
0.273723 2.344263 -3.527784 0.389892
-2.038939 -0.284234 -0.605306 -2.710680
2.252285 -0.661536 1.688355 3.796722
-2.089622 1.174611 -2.592695 -4.649481
-2.174089 1.042907 -2.893104 -4.486574
1.656478 -2.298339 3.667939 1.908784
1.884042 -1.496439 2.846248 3.186008
1.038349 -0.882568 1.158231 1.163098
1.424386 -2.070152 4.803286 7.075774
0.975719 -1.025348 0.944794 1.357772
1.530697 -1.798155 1.652387 2.250293
-1.931255 -0.958994 -0.005443 -2.591526
-0.422945 1.190241 -1.367133 -0.401786
1.705540 -1.965576 1.814180 2.321281
0.351478 2.586940 -2.885305 0.654846
-0.804520 1.139776 -1.242030 -1.206979
1.823460 -1.606718 2.406453 2.357297
0.967719 -1.426496 1.155786 0.791283
1.432144 -1.891069 2.812066 1.799703
-1.050053 0.608835 -1.268908 -1.651141
-2.411351 -2.692479 4.050096 -3.251752
2.054622 2.619813 -2.526711 1.779402
-0.574371 -4.197191 4.290497 -1.717826
4.369157 -2.183962 2.278139 3.620742
4.002390 -2.106688 3.825576 3.616204
4.109960 1.725610 -3.500181 3.286291
3.814833 -0.369780 -0.892125 4.463295
2.115850 3.118929 -3.296716 1.550359
-5.299072 -0.938701 4.198932 -4.482635
2.842523 -1.131511 1.015870 6.831839
1.924100 4.099641 -4.325550 1.755800
-3.128952 -3.961152 6.528309 -1.791752
3.637808 -1.654216 2.225280 3.685457
-0.519514 -3.968608 3.833363 0.072145
0.231723 2.941307 -3.237159 0.341517
-0.181391 3.132524 -3.128329 -0.599355
2.954589 -3.478817 5.218286 5.912364
3.033942 -3.506965 4.416758 4.648883
2.909114 -2.605570 3.013556 4.592902
2.735624 3.155877 -3.381085 4.700176
0.230379 -4.760612 6.724575 -2.039248
2.729475 -6.475181 9.736073 -2.699624
-5.630770 -4.558344 9.792499 -1.867455
-4.718629 -0.156713 4.413929 -3.674008
5.518311 -0.326247 -0.250948 6.579378
-6.029837 -0.686606 0.354461 -11.974989
5.407343 -0.701678 -0.713570 8.049550
6.624333 -0.190650 3.827682 7.948925
3.065092 -3.404035 6.579821 7.855268
3.292799 -5.536368 7.461286 9.037548
9.636825 5.121051 0.295071 12.271948
4.496638 -5.601664 9.731980 12.237100
4.807451 -6.695268 7.708754 9.158360
4.677449 -7.797909 11.298888 15.247699
-3.371488 -10.914251 15.579572 -15.315308
9.250892 -8.889565 17.439697 5.023416
-7.165306 1.717517 3.516154 -8.885839
-9.690189 -7.188210 6.947309 -12.111279
9.310878 -3.312838 6.552861 13.646911
8.794460 -6.625159 16.651258 26.369242
6.181453 -8.169323 7.224467 10.910480
-16.960182 -7.044106 16.918697 -14.504928
-10.823308 -15.414356 21.001251 -20.999046
1.238585 26.410789 -27.149437 8.695659
15.865220 -19.440847 18.964708 33.761734
21.840067 -7.930713 15.358241 28.574717
11.586282 -29.039669 35.005299 6.720624
32.075523 -2.574978 6.861640 32.018421
2.889158 32.512009 -35.259720 4.537708
24.877230 -24.777605 29.210443 51.624855
45.903080 -22.724150 15.615069 49.289101
-30.122734 -27.305101 31.429701 -34.284031
44.436424 -9.210428 4.979723 45.595997
40.085339 -19.756996 29.908516 60.930080
63.871605 -30.870049 27.750542 64.233215
39.927643 -40.889336 44.315929 75.316093
52.417191 -34.736214 43.864311 84.337791
65.455116 -77.491058 77.800468 77.013359
52.320110 -45.828529 55.350735 87.604904
65.033096 -103.784676 100.907837 115.424225
0.647708 1.338428 -1.613631 0.080380
-0.544397 -1.012187 1.179935 -0.504376
1.069905 -0.510267 1.035687 1.661107
1.190073 -0.052873 0.860046 2.141212
1.292256 0.525422 -1.098203 1.784884
1.006960 0.936330 -0.851902 0.947568
-1.280820 0.240883 -1.067604 -2.568634
1.462498 -0.088011 -0.051883 1.607354
-1.256294 0.247164 -1.579510 -5.488939
-1.494593 0.040459 0.181576 -2.565428
-0.988536 0.533043 -0.641604 -1.063228
-1.049812 0.351564 -0.705581 -2.315009
-1.121547 0.360727 -0.722800 -2.342185
0.089614 1.076850 -1.421325 0.054303
0.380166 -1.135945 5.001945 -0.487507
-1.220466 0.341491 -0.921577 -2.124707
0.296320 1.207216 -1.943139 0.181533
-1.189400 0.276446 -0.900805 -1.544216
-1.250812 0.290824 -0.929710 -1.616399
-0.627461 -0.890293 0.936410 -0.788009
-0.274704 -1.163524 1.179884 -0.392903
-0.335626 -1.168814 1.184067 -0.455870
0.005899 -1.202907 1.171997 -0.108269
0.978305 -0.691826 0.691826 0.978305
1.030042 -1.291975 1.312066 1.910500
1.072265 -1.166639 1.404623 1.927633
-1.170192 0.562946 -0.913260 -2.470555
1.867758 1.136601 -0.059106 2.686735
1.742030 -0.079073 0.011067 1.739492
1.758443 -0.040247 -0.145217 1.708234
0.049438 1.671145 -3.064085 0.117235
0.404591 1.325324 -1.663266 0.448914
-1.607177 -0.823557 -0.054988 -1.595080
-2.051749 0.139061 -0.555099 -1.725201
1.368065 -1.917279 1.696499 2.018387
1.845365 2.382700 -2.746185 1.949507
0.471747 -0.968118 1.541351 0.930399
-0.195237 -1.117136 1.178276 -0.441848
0.988130 -0.676031 0.968895 0.811417
0.422372 1.178037 -1.480320 0.096595
-0.294963 -1.181984 1.510875 0.003929
-0.863621 -0.681600 0.577957 -1.004850
1.815057 1.222205 -1.116553 0.599556
1.531116 0.322178 0.700466 1.717280
-0.486162 -1.005446 1.468219 -0.967714
-0.396989 1.203105 -1.338629 -0.052983
0.177876 -1.456287 1.721813 -0.820371
0.481566 -1.012008 1.771955 1.550893
0.337958 -1.184875 1.794086 1.480649
0.881376 0.594093 -0.659604 1.056066
-0.045519 1.206941 -1.099922 0.107304
-1.091987 0.003579 0.139521 -1.211697
-0.769191 -0.948478 1.201807 -0.492964
-0.796458 0.819786 -0.845034 -0.719923
-0.724480 -0.828173 0.907500 -0.710259
0.834467 0.730661 -0.807522 0.810230
0.903816 -0.653183 0.654537 0.821591
1.001964 -0.472858 0.534884 0.924918
0.452616 1.061689 -1.165440 0.405519
-0.760024 -0.906237 0.992711 -0.685831
-0.452788 1.057036 -1.165373 -0.417499
0.853159 0.616565 -3.030503 3.383907
0.856977 0.658204 -3.442225 3.851377
1.002394 0.546723 -0.449085 1.005030
0.922418 -0.601724 0.604872 1.375395
0.801427 1.398629 -0.788547 0.839429
0.265230 -1.037960 1.135945 0.184880
1.043685 -0.581434 0.552839 0.959458
-0.093408 -1.075454 1.117547 -0.089719
-0.650658 0.878876 -0.913389 -0.626281
1.101148 -0.247397 0.175847 1.122317
-1.110088 -0.041648 0.105613 -1.148506
-0.645828 -0.951451 3.456677 -3.672270
0.624584 0.879239 -0.925654 0.589676
0.871367 0.623105 -2.200791 2.442110
-0.413379 1.116735 -1.095732 -0.802209
1.003622 0.989809 -0.603534 0.954418
0.647812 0.824868 -0.863751 0.635768
1.091738 -0.266053 0.821362 1.536867
0.842157 0.652217 -3.566344 3.883647
0.085530 1.099040 -1.303393 -0.006216
0.495766 0.983962 -0.997855 0.515006
-0.679418 -0.865761 0.883114 -0.695607
-0.000125 -1.071461 1.122069 -0.016646
0.926945 -0.567751 0.515710 1.346672
-0.701498 0.808560 -0.835014 -0.730442
0.556248 -0.916658 0.938049 0.589112
0.844187 1.128846 -0.654026 1.017389
-1.029869 -0.655249 0.282438 -1.371139
-1.067535 0.052514 -0.307357 -1.616272
0.844315 -0.717324 0.721964 1.449324
0.717816 -0.874805 0.848392 1.358516
0.989188 -0.410156 0.448036 0.977939
1.087199 0.167140 -0.244159 1.030867
-0.798213 -0.685778 2.593271 -2.930882
1.168053 -0.152792 0.121124 1.118109
-0.585856 0.995800 -1.017739 -0.530938
-0.766075 -0.740945 2.640375 -2.989342
-0.787113 -0.687688 2.940812 -3.314856
-1.091448 0.000475 -0.248407 -1.494696
-0.672541 -0.888806 0.937101 -1.009902
0.281012 -1.345061 1.118706 0.026242
-0.371745 -1.237618 1.001595 -0.295499
-0.214079 1.047744 -1.087411 -0.204027
-1.064079 -0.296345 0.309883 -1.025463
-0.406002 1.024465 -1.309641 -0.867470
1.025018 -0.427883 0.910678 1.272379
-0.360060 -1.223894 1.087962 -0.273039
-0.842626 -1.162956 0.735759 -0.857788
-1.020148 0.294584 -0.458976 -1.414739
-0.407202 -0.996253 1.101927 -0.394764
-0.472630 0.990839 -1.075490 -0.408163
1.425118 -0.281234 0.911258 1.259736
-0.669831 -0.952072 0.916977 -0.926430
-0.158707 -1.472419 1.380819 -0.424758
-1.061437 -0.453010 0.379383 -1.015538
-1.036967 0.450698 -0.346537 -1.028620
-0.526580 1.220630 -1.120858 -0.345722
1.123971 0.036898 0.651013 2.387002
1.049350 -0.195326 0.853681 2.381008
0.701662 -0.897615 0.817536 0.775438
-1.007567 -0.536094 0.487863 -0.980838
-0.244538 -1.160766 1.563270 0.207429
0.737185 -0.817941 0.850624 0.656733
-0.464841 0.962129 -1.225686 -0.625311
-0.393688 -1.027543 1.159938 -0.549746
1.084011 -0.120801 0.242059 1.171454
-0.665269 -0.807527 1.015658 -0.739202
-0.706035 -0.775526 0.920812 -0.851341
0.781135 0.889826 -1.165777 0.644472
-0.753317 0.789227 -0.864396 -0.712622
-1.096045 -0.397207 0.306481 -1.164133
0.700728 1.010216 -0.896787 0.701743
-0.632340 0.982726 -0.946252 -0.739749
-0.727805 -0.775059 0.939766 -0.940972
0.359811 1.034372 -1.380797 0.412726
-0.400890 1.034621 -1.109538 -0.369414
0.691538 0.887625 -0.955805 0.647325
-1.155926 -0.959152 0.655285 -0.864286
0.471587 0.958299 -0.971202 0.467821
0.955578 -0.498315 0.502492 0.942802
-1.004693 0.392488 -0.395247 -0.991538
1.058828 0.170890 -0.147780 1.043212
-0.855301 0.614016 -0.641417 -0.860511
-0.743884 -0.776464 0.767850 -0.717355
0.933648 0.513786 -0.573970 0.940283
-0.086996 1.080305 -1.297492 -0.096488
-1.083200 -0.366305 0.627622 -1.124227
0.804883 -0.729573 0.786733 0.815137
-1.059326 0.324041 -0.380282 -1.044855
0.321662 1.061042 -1.078573 0.266298
-0.289964 1.075570 -1.353489 -0.125761
1.096907 0.576445 -0.844279 0.916721
-0.957402 -0.711930 0.757641 -0.899391
0.767185 -0.892220 0.949771 0.720896
0.725228 0.922859 -0.982182 0.681234
-0.910825 -0.676652 0.639086 -0.871047
0.588391 -0.906699 0.944366 0.628074
0.798627 0.805566 -0.774743 0.753422
-0.909422 -0.597950 0.569387 -0.915388
0.207166 1.076671 -1.052774 0.190421
1.104508 -0.147863 0.089817 1.080523
-0.499952 -0.923902 1.021357 -0.488380
0.378364 0.974224 -1.072363 0.378151
1.347197 -0.416094 0.731746 1.371408
0.195023 1.126816 -1.203710 0.214215
1.156331 -0.393610 0.387105 1.077345
-1.195659 0.255810 -0.239480 -1.118107
1.203259 -0.346307 -0.151190 1.418573
-1.048489 0.139957 -0.081983 -1.117008
1.014589 0.245444 -0.276876 1.098660
0.331567 1.085432 -1.362329 0.785437
-1.039366 -0.528519 0.507838 -0.903386
-0.156682 -1.321507 1.086455 -0.510100
-0.930675 0.699961 -0.702704 -0.890223
0.994817 -0.609731 0.608513 0.954291
-0.053254 -1.072243 1.256421 -0.013352
0.922698 0.635446 -0.694706 0.856683
-1.047843 -0.441709 0.485812 -0.970871
0.007400 -1.076645 1.192418 0.008565
1.191927 -0.029723 0.035004 1.076268
0.380976 -1.028538 1.167826 0.376380
-0.283291 -1.056915 1.234662 -0.226597
0.215501 1.112773 -1.058298 0.160134
0.847975 -0.643944 0.668859 0.921543
-0.913047 -0.654537 0.576871 -0.914050
-0.827021 0.807746 -0.866315 -0.826231
0.584585 -0.988423 1.045335 0.598441
1.202714 -0.542007 0.624291 0.970557
-0.188080 -1.095663 1.341971 -0.187815
0.412581 -0.979277 1.171277 0.492577
0.884129 -1.348066 1.218930 0.193401
-1.097058 0.269124 -0.196767 -1.072343
1.015829 0.727872 -0.823030 0.775390
-1.136849 0.221324 -0.147933 -1.061931
0.617173 -0.900106 1.135258 0.550189
-0.610030 -1.021984 0.959832 -0.472578
-1.010017 0.380352 -0.522760 -1.059771
-0.923864 -0.818359 0.956526 -0.698357
0.837022 -0.703925 0.826174 0.964566
-1.032937 -0.499345 0.513376 -0.981754
0.694218 0.911384 -1.012937 0.776316
1.845417 0.473196 1.566041 2.205044
-0.917032 -0.793500 0.781920 -0.815291
0.592528 -0.951748 1.049408 0.623313
0.436410 0.975533 -1.004135 0.486640
-0.265298 -1.100283 1.193199 -0.282150
0.234856 -1.043450 1.198485 0.299371
-0.225878 1.106640 -1.612326 0.064297
-0.770747 0.747581 -0.776888 -0.792602
-0.291363 1.053535 -1.105531 -0.431430
0.089023 -1.113692 1.139809 0.236129
0.916657 -0.555316 0.683251 0.993826
-1.511771 -0.295384 0.560973 -1.075287
0.060192 1.148227 -1.710526 -0.419760
0.953344 -0.602811 0.759374 0.908456
1.155838 -0.146318 0.456860 1.323992
1.104383 -0.190956 0.584837 1.303546
1.080653 0.677933 -0.801194 0.877273
0.504141 -0.971025 0.990727 0.567556
1.170476 0.684014 -0.344121 1.058536
1.046680 -0.314043 0.626814 1.220554
-1.027574 0.350206 -0.657667 -1.210673
1.045769 0.682703 -0.515216 0.951719
-0.456972 0.968330 -1.044637 -0.447329
-1.103841 0.147366 -0.239745 -1.151515
-0.657114 0.882317 -0.918773 -0.754467
1.024058 0.262385 -0.235990 1.041265
-1.031928 0.181603 -0.198772 -1.058347
1.045004 0.409388 -0.484334 0.949865
1.011419 -0.387805 0.326273 1.075017
-1.106088 -0.104742 0.087937 -1.110968
1.019320 0.363868 -0.324181 1.197479
0.820264 -0.815584 0.686494 0.949305
-0.996300 -0.756604 0.729593 -0.858220
-0.807463 0.794496 -0.934303 -0.823266
0.036344 -1.112473 1.348956 -0.033353
0.150283 1.097209 -1.341051 0.186656
0.993927 -0.467202 0.502301 1.423910
0.384951 1.227473 -1.113636 0.104583
-1.161357 -0.096077 -0.199052 -1.228168
0.261734 1.230325 -1.231933 -0.073024
0.021714 -1.258887 1.117725 0.156149
0.179675 -1.125392 1.439394 0.043208
0.231867 1.092221 -1.431914 0.274641
1.070871 -0.020251 0.268228 1.730910
1.116754 -0.000396 -0.001289 1.118999
-1.564686 -0.716690 2.235172 -0.850018
1.177220 0.107434 -0.105972 1.091295
-0.714527 0.966962 -1.029110 -0.569101
1.138910 -0.208985 0.330949 1.250874
1.116000 -0.048979 0.086754 1.030846
-0.160687 -1.139000 1.237087 -0.462388
0.023384 -1.089772 1.051033 0.010845
1.071652 -0.155912 0.290213 1.208171
-1.095264 0.034564 -0.181818 -1.217699
-0.040119 1.045852 -1.185421 -0.067113
-1.095536 -0.075441 -0.053702 -1.206411
1.019845 -0.317187 0.403732 1.166410
-1.103864 0.054676 -0.182931 -1.233303
1.088511 -0.140117 0.259082 1.226537
1.101539 0.353606 -0.207427 1.161929
-0.824569 -0.812453 1.375828 -0.942882
1.262708 0.634670 0.203104 1.950464
-1.165958 -0.024522 -0.081796 -1.268969
1.101366 -0.316517 0.391333 1.229106
-1.133694 -0.045945 0.109499 -1.039228
1.333104 0.753000 -0.828764 1.572681
-1.008506 0.515009 -0.816309 -1.269108
1.217428 -0.079588 0.448682 1.367309
0.035659 1.041730 -1.172621 -0.051008
1.171016 0.145372 -0.070946 1.032797
1.035722 -0.276929 0.333345 1.142683
-1.085631 -0.008246 -0.072410 -1.175732
-0.114400 -1.138849 1.369561 -0.215345
0.375562 1.146570 -1.187315 0.734541
1.142006 0.056431 -0.161501 1.070552
1.151481 -0.118047 0.047266 1.071698
0.678466 0.825920 -0.931572 0.693057
1.126559 -0.224931 0.069187 1.176619
0.779555 0.872111 -0.839777 0.711598
-0.061826 -1.082004 1.139202 -0.126650
0.478636 1.072488 -1.076865 0.395016
-0.788026 0.798078 -0.876211 -0.818133
1.146521 0.175644 -0.326596 1.075846
-0.140740 -1.076380 1.179859 -0.219015
-1.420928 0.526433 -0.496790 -1.543819
-0.425361 -1.568136 1.443920 -0.448843
-0.667072 1.018022 -1.138539 -0.503551
1.142258 -0.170152 0.266410 1.217683
1.089352 -0.140504 0.161136 1.023956
-0.105320 -1.082979 1.301965 -0.235701
-0.522929 -1.104679 1.114874 -0.295178
-0.100052 1.119844 -1.292512 -0.181697
-1.284330 0.059929 -0.176336 -1.132904
1.144988 0.037308 -0.050028 1.058073
0.092439 -1.055963 1.142347 0.076506
0.721910 0.821432 -0.975869 0.690619
1.063177 -0.129273 0.214616 1.100217
-0.377218 1.030743 -1.224242 -0.525367
0.110570 -1.043834 1.061940 0.120872
0.239769 1.026623 -1.040410 0.224152
0.039605 1.123647 -1.301911 -0.033690
0.369017 1.037469 -1.173482 0.365098
0.049262 -1.099813 1.229149 0.006986
0.139816 -1.052910 1.157509 0.084403
1.141386 0.165175 -0.345834 1.065360
-0.090221 -1.053012 1.189211 -0.231173
0.451054 1.006568 -1.085773 0.407608
-0.615708 0.920016 -1.001627 -0.576970
-1.158330 -0.195753 0.201558 -1.068178
-0.068578 -1.125615 1.056168 -0.052899
0.171097 1.115115 -1.044471 0.162255
-1.058193 -0.041969 0.020505 -1.126076
-1.134719 0.276403 -0.213691 -1.119135
-1.074456 -0.791843 0.739954 -0.867133
-0.430713 1.045126 -1.231452 -0.535394
-0.829243 0.757060 -0.677760 -0.780078
0.750651 0.707688 -0.763889 0.825130
0.186532 1.078293 -1.060439 0.119709
1.053906 -0.154254 0.220469 1.073896
0.004497 -1.082430 1.076710 0.073427
0.521717 0.955512 -1.249424 0.504932
0.151860 1.055411 -1.133113 0.111039
-0.041724 -1.069957 1.407309 -0.123188
-0.701878 0.818134 -0.841965 -0.847836
-0.088363 -1.177756 1.092580 0.032536
-0.812147 -0.785417 1.040471 -0.737513
-0.238572 1.035007 -1.206289 -0.369794
-1.098602 -0.633035 0.552380 -0.898473
1.216902 0.316433 -0.176631 1.052548
-0.827249 -0.873238 0.998520 -0.669202
1.050087 0.120434 -0.028044 1.205114
-0.092205 1.071437 -1.245517 -0.030149
-0.203091 -1.142755 1.029643 -0.165195
1.022251 0.318505 -0.237514 1.109835
0.421782 1.067003 -1.144568 0.415190
1.217627 0.047851 -0.072938 1.143935
-1.086742 0.159495 -0.241305 -1.096984
-0.611664 0.903873 -0.973979 -0.594181
0.562147 1.127961 -1.002055 0.482156
-0.169892 -1.225654 1.136336 -0.050422
-0.953574 -0.771401 0.755339 -0.769007
1.172335 0.411375 -0.324761 1.008565
-0.222030 1.040397 -1.196052 -0.322499
-0.208489 -1.200428 1.098982 -0.331593
0.075546 1.073439 -1.244828 0.010230
1.094721 0.561674 -0.597403 0.914821
-0.190804 1.026087 -1.074972 -0.192560
0.116370 1.154005 -1.267110 0.022860
1.044806 0.568344 -0.572441 0.906690
-0.318250 1.012663 -1.148053 -0.345857
-0.775098 -0.891721 0.933200 -0.619147
1.136944 0.464797 -0.423079 0.981057
0.468659 0.990114 -1.223863 0.408424
1.079982 -0.001043 0.118796 1.269006
-0.079195 1.248118 -1.083606 -0.229301
-0.197417 -1.265536 1.068410 -0.093795
-1.183543 -0.069685 0.169467 -1.457711
0.154970 1.083450 -1.033466 0.188532
-0.458166 -0.976827 0.939229 -0.505189
-0.258578 -1.000629 1.202793 -0.278456
-0.434046 -0.955193 0.961352 -0.475415
0.223138 1.033562 -1.030923 0.264880
1.044760 0.105479 -0.101494 1.187305
-0.943809 0.530489 -0.459400 -1.067427
-0.193056 -1.073671 1.341262 -0.082324
-0.245428 -1.175958 1.117478 -0.134447
-0.599992 -1.147121 0.954539 -0.553529
-0.729269 -0.878989 0.897257 -0.857290
-0.214453 -1.023685 1.447448 -0.225820
-0.345987 -1.088327 1.024173 -0.346616
-0.370362 -1.005830 0.988259 -0.363697
-0.185858 -1.021055 1.201671 -0.217804
1.190918 0.152488 -0.245499 1.032831
1.048896 0.125919 -0.158594 1.136812
-0.135451 -1.046353 1.182557 -0.143206
-0.232471 -1.155346 1.590616 -0.118852
-0.410040 -1.097726 1.046331 -0.291822
-1.112418 0.023922 -0.058941 -1.076763
-0.026955 1.075405 -1.113652 -0.059122
1.052139 -0.322439 0.365992 1.027630
0.352263 1.025295 -1.223642 0.357979
-0.316605 -1.029204 1.431538 -0.220509
-0.341843 -0.996900 1.048174 -0.376826
-1.007547 0.477167 -0.447632 -0.952954
1.006357 -0.479690 0.450300 0.951686
-0.298765 -1.070086 1.115020 -0.232203
-0.026828 1.123042 -1.178776 -0.142092
-0.136097 -1.131906 1.171200 -0.014245
-0.151088 -1.093742 1.195901 -0.040053
0.403793 0.997901 -1.226522 0.411161
-0.668054 -0.856794 1.130968 -0.714037
-1.043853 0.400715 -0.520051 -1.011359
-0.031781 1.081008 -1.165792 -0.121829
-0.227153 -1.059894 1.143532 -0.151517
-0.063612 -1.208647 1.245830 0.086911
-0.198346 1.103585 -1.229489 -0.255311
-0.216454 -1.126219 1.226431 -0.121299
-0.985185 0.776540 -0.898951 -0.890627
0.363196 -1.031756 1.072302 0.598151
-0.216687 -1.091592 1.247943 -0.073194
0.006176 -1.148184 1.172504 0.166282
-0.032132 -1.089170 1.159540 0.056341
0.340631 1.064658 -1.108844 0.236578
-1.055693 0.382729 -0.375620 -0.988332
0.022898 1.058625 -1.120291 0.050922
1.120454 -0.017332 -0.012633 1.059708
0.764158 0.842748 -0.729188 0.738008
-0.041854 -1.118818 1.055415 0.055920
-0.277026 -1.046092 1.273878 -0.215457
-0.019989 -1.087672 1.132990 0.069361
-0.717019 -0.826905 1.139623 -0.749169
-0.653053 0.820701 -0.888365 -0.703436
-0.889529 -0.701970 0.651466 -0.821956
-0.168849 -1.100461 1.077305 -0.108515
0.896116 -0.577128 0.621347 0.943246
0.800478 0.876628 -0.746116 0.771621
-0.033958 -1.165174 1.093755 0.079026
-0.265196 -1.056594 1.406731 -0.396965
0.142709 1.042506 -1.204805 0.071575
-0.152264 -1.041906 1.203635 -0.079845
1.212658 0.019559 0.037159 1.044777
1.077158 0.386763 -0.231630 1.135399
-0.076036 -1.198116 1.099154 0.056873
0.275142 1.073286 -1.216425 0.091548
-0.415667 1.102650 -1.061642 -0.589617
-0.061274 -1.247827 1.138467 0.080079
-0.050066 -1.193064 1.097095 0.098694
-0.613718 0.899145 -0.910754 -0.790367
0.401147 1.065906 -1.324683 0.171139
0.661962 0.864565 -1.219994 0.631938
1.123361 0.213054 -0.045290 1.139749
-0.320563 1.086228 -1.006560 -0.433452
-0.700486 -0.832532 1.136966 -0.701972
0.240044 1.111086 -1.141986 0.149887
-0.919201 -0.753340 0.718903 -0.830335
-0.184859 1.280814 -1.464634 -0.874807
0.446466 0.975460 -1.318510 0.429029
1.466011 -0.660072 0.060060 1.425988
-0.222732 -1.053513 1.343820 -0.104672
-0.503209 0.929012 -1.025823 -0.661082
-0.420086 -0.979703 1.248959 -0.434829
-0.011872 -1.040132 1.340328 -0.088587
-1.350079 -0.390871 -0.247506 -1.379783
-0.995875 0.499507 -0.956847 -1.202074
-0.231946 -1.037852 1.231585 -0.148462
0.988844 -0.424191 0.528450 1.091862
0.311664 1.332191 -1.202016 0.158995
0.854137 -0.840875 0.901348 1.045438
0.033839 -1.058560 1.189645 -0.022326
-0.998852 0.618948 -0.647067 -0.859040
0.717980 -0.760032 0.951786 0.808392
0.714985 -0.879423 1.017216 0.604886
-0.366087 0.983176 -1.297781 -0.450779
1.061376 -0.040597 0.325690 1.455196
0.246375 -1.281977 1.082540 0.689767
-0.897291 0.639115 -0.665661 -1.449999
1.116876 0.224700 0.022140 1.410581
0.881532 -0.779788 0.667783 0.827039
0.885693 -0.778161 0.662920 0.836573
-1.013011 -0.219151 0.350632 -1.243372
-0.108004 1.558168 -1.157141 -0.405990
0.996784 -0.617342 0.487457 0.984875
1.112077 -0.443707 0.324626 1.110403
-0.441217 0.984684 -1.242779 -0.340395
-1.056546 0.337001 -0.474450 -1.052072
0.414370 -0.980927 1.081523 0.508140
1.100413 -0.144548 0.284582 1.291808
-0.841994 0.728495 -0.763506 -1.076549
-1.132022 0.291405 -0.515666 -1.058825
-1.099250 0.333589 -0.563901 -1.073467
0.503249 1.370179 -1.102618 0.198308
0.816427 1.100009 -0.851368 0.691875
-1.132768 0.103373 -0.328964 -1.295386
-1.024008 0.460684 -0.736433 -1.133769
0.718100 -0.913810 0.920119 1.165439
0.773059 1.150378 -0.878319 0.599424
0.671817 1.415731 -0.969287 0.485465
0.702890 1.446919 -1.331560 0.032435
0.963826 0.510862 -0.591721 1.021738
-0.168172 1.059841 -1.483348 -0.315513
0.777927 -0.810839 0.810839 0.777927
1.168696 0.616716 -0.437769 0.982081
0.229490 -1.170266 1.590042 0.730462
-0.794785 0.848672 -1.080931 -0.723583
0.001073 -1.112312 1.341676 0.081112
0.880800 1.206456 -0.613948 1.280844
-1.182712 -0.333001 -0.254670 -2.103946
0.280161 -1.178132 1.776001 0.644691
0.475597 1.339058 -1.733920 -0.102688
0.268529 -1.085790 1.693451 0.626953
0.892673 -0.712097 0.876582 0.794168
-0.202769 -1.352005 1.305307 0.145034
1.283579 1.373032 -0.897939 1.120636
0.475029 -1.035943 1.336442 1.264458
0.749880 -1.078160 1.001824 0.486120
-0.325056 1.044275 -1.162594 -0.298557
0.249127 1.203729 -1.397533 -0.122021
1.045805 -0.190156 0.441636 1.321714
0.748331 -0.939699 1.035715 0.549230
-1.195892 0.521145 -1.229081 -1.742532
0.429556 -1.316244 1.660205 1.255194
-1.200503 -0.317061 0.502963 -1.047800
-0.620811 0.996447 -1.119016 -1.361023
-1.016951 0.543083 -1.402326 -1.409348
-0.816607 0.745970 -0.959772 -0.718509
0.820326 -0.920753 0.936544 0.614265
0.590669 -1.163090 1.616003 0.860519
-0.177792 1.553640 -1.407186 -0.535735
0.113920 -1.576295 1.413791 0.464868
-0.308165 -1.347676 1.653592 0.029128
-0.699697 -1.385299 1.640938 -0.422095
0.027772 1.442089 -1.783671 -0.132652
-0.604634 -1.267020 1.468107 -0.337242
1.175830 0.616825 -0.570531 1.390010
-1.337069 0.247306 0.100556 -1.753851
1.310817 -0.005517 -0.282179 1.771192
-1.123569 0.936725 -1.345278 -1.571763
1.295191 -0.857643 1.389441 0.831177
-1.335423 -0.705025 1.340549 -1.032510
-0.396237 1.418402 -1.636853 0.280745
0.767199 -1.017031 0.788095 1.248951
1.059234 0.609474 -0.296163 1.490896
0.732042 -0.831747 0.762172 0.767574
0.907075 0.561227 -0.542224 0.982851
0.876441 0.617852 -2.091392 2.329097
0.591333 1.031346 -1.196651 0.719980
1.233970 -0.648440 0.508888 1.077762
1.149212 -0.770154 0.569190 1.053864
0.894558 0.766482 -0.918930 1.056538
0.554164 0.956610 -1.178251 0.885612
-0.755658 -0.719195 2.201483 -2.349659
-1.490693 -0.631562 -0.495232 -2.023501
-0.217432 -1.164765 1.625324 0.281167
0.339106 -1.319498 1.364154 0.092266
0.758283 0.973559 -1.183603 0.895417
0.556654 0.926017 -1.322729 0.564905
-1.110555 0.235072 -0.244659 -1.030012
-1.260321 0.808375 -0.783559 -0.958007
0.044111 1.063024 -1.344063 0.127499
1.158602 -0.484247 0.889139 1.235695
-0.307503 -1.169534 1.348603 -0.084721
-1.097669 0.558595 -0.649506 -1.032157
1.008005 -0.683070 0.781448 0.954354
0.449076 1.113461 -1.193761 0.370919
-0.222280 1.161118 -1.109732 -0.215631
0.748683 -1.236374 0.866360 0.756917
-1.277909 -0.453145 0.647120 -2.008486
1.641280 0.140989 -0.899078 1.714297
-1.620728 -0.687952 0.556234 -1.532290
1.191788 -0.041564 0.156076 1.316573
-2.071085 -0.749904 0.400972 -1.457906
1.090198 1.902204 -1.589607 0.619427
0.324205 1.102495 -1.515006 0.606846
0.469794 1.181524 -1.338593 0.489682
-3.177795 0.011118 2.644947 -1.935921
-0.101673 -1.129636 1.229706 -0.098700
-0.039636 1.133512 -1.233265 -0.031145
-2.337456 -0.326100 2.699913 -1.411898
1.402290 0.751461 -0.731839 1.279809
-0.091318 -1.492560 1.742206 -0.340065
2.308438 -1.630657 3.832401 0.187481
1.265706 -0.234807 0.244622 1.269876
0.334043 1.244574 -1.137082 0.352416
0.513306 1.122663 -1.082470 0.696386
1.106989 -0.145354 0.217921 1.130890
-1.158780 -0.771709 0.967401 -1.037196
1.404951 1.051718 0.025225 2.217518
1.416330 0.270273 -0.566783 1.502385
-0.476221 -1.112279 1.048310 -0.773061
1.172181 0.482863 -0.586834 1.149240
-1.299717 -0.079914 0.170640 -1.243995
-1.246055 0.316385 -0.268532 -1.337016
-1.304240 0.212309 -0.133667 -1.391259
1.178367 0.553895 -0.574770 1.293784
-0.152907 -1.349560 1.212917 -0.252670
-1.219449 -0.015354 0.086556 -1.372923
-0.725745 1.022167 -1.089424 -0.849089
-0.251214 -1.323730 1.284696 -0.116257
0.491996 1.030253 -1.181017 0.808105
1.327607 0.173158 -0.311488 1.101933
0.165183 -1.198616 1.177412 0.179322
0.264371 1.028189 -1.102995 0.277988
0.024330 -1.065077 1.133975 -0.007833
-0.510607 -1.617008 1.650177 -0.544618
-1.654620 0.530321 -0.496019 -1.621753
-0.027168 -1.314358 1.384183 -0.175381
-0.169084 -1.260023 1.205544 -0.046470
1.227514 0.133562 -0.289578 1.119267
-0.065254 -1.111961 1.259519 -0.184774
1.427917 0.207376 -0.358845 1.154847
1.296881 0.042499 -0.097339 1.161174
0.454561 1.072302 -1.218503 0.447547
0.265035 1.204948 -1.140725 0.230009
0.043482 -1.223088 1.170301 0.094129
1.096521 0.342584 -0.447104 1.184485
-0.097172 -1.211358 1.180178 -0.230175
-0.066573 -1.230148 1.265005 -0.230747
-0.224764 -1.418970 1.720044 -0.109798
1.046595 0.096319 -0.054560 1.237918
-0.801946 -0.823394 0.674701 -0.929376
-0.340777 -1.430320 1.129512 -0.423456
-1.259061 0.042521 -0.037120 -1.235576
-1.162747 0.441900 -0.523576 -1.080436
-0.231623 -1.154586 1.253979 -0.171898
-0.282009 -1.335932 1.843550 -0.165778
-0.212373 1.157861 -1.177320 -0.329542
-0.185968 -1.236602 1.482138 -0.022373
-0.255399 -1.481004 1.617596 -0.115029
-0.205795 1.218826 -1.248624 -0.336975
-1.017485 0.581604 -0.602515 -1.008835
-0.401417 1.090643 -1.112279 -0.408053
1.331669 0.010279 0.077044 1.416303
-0.326318 -1.107997 1.201275 -0.278235
0.035842 1.142345 -1.244292 0.010947
-0.386151 1.098083 -1.283367 -0.422569
0.177056 -1.243361 1.646772 0.270722
-0.859401 1.198156 -0.960613 -0.781192
-0.135216 -1.223739 1.157294 0.087976
-0.487515 0.998709 -1.058273 -0.712641
-0.273471 -1.189078 1.741670 -0.106442
0.302398 1.280838 -1.249482 0.661292
-1.521312 1.052840 -1.350479 -1.142372
-0.015040 -1.553013 2.034198 -0.040461
-0.309216 -1.138128 1.408271 -0.198305
1.328902 -0.458217 0.740899 1.341733
-1.344572 -0.119291 -0.206635 -1.515197
0.770841 1.416274 -1.120882 0.551562
-1.185899 -0.936878 0.699591 -1.171298
0.573397 -1.261778 1.251799 0.810923
-1.094495 0.748230 -1.046046 -1.224744
-1.485687 -0.131992 -0.299401 -1.672917
-0.608544 0.849796 -0.916710 -0.623838
0.706732 0.839044 -0.843334 0.638226
1.006800 -0.611816 0.779861 0.982979
0.747552 -0.833687 0.961524 0.821639
-1.406400 -0.010771 -0.369181 -1.565169
0.486371 -0.970856 0.966075 0.446323
0.592082 -1.176633 1.514149 0.735015
-0.744695 0.914693 -1.128609 -0.746828
1.106432 0.773162 -0.777263 0.892545
1.395346 0.103200 0.137261 1.858854
-0.167769 -1.473700 1.387082 0.073696
-0.652501 1.169061 -1.235470 -0.900288
-0.338549 -1.367759 1.240220 -0.185328
1.084190 1.120156 -0.822083 1.225242
1.059709 -0.697880 1.061954 1.027158
0.718440 1.127372 -0.985516 0.551722
-0.165094 1.092819 -1.443183 -0.211691
0.900216 -1.083703 1.608817 0.857978
0.520265 -1.034948 1.680387 0.752114
0.346519 -1.453472 2.017678 0.712662
-0.549578 1.459947 -2.193807 -0.766454
2.018191 1.070047 -1.020653 1.254551
1.519855 -0.477453 0.844310 1.191788
-0.373551 1.136974 -1.828077 -0.596443
1.531649 0.997212 -1.065579 0.808717
-0.439762 1.188594 -1.898864 -0.665022
1.946457 0.447551 -0.101877 1.286355
0.918523 0.597515 -0.642190 1.026980
0.254598 -1.389456 1.280581 0.251435
1.119785 0.705136 -0.671409 1.223353
1.655237 0.363187 0.125705 1.228407
1.429591 0.385842 0.133120 1.224688
1.268055 0.656120 -0.458457 1.006070
0.913594 -1.327221 1.077767 1.826926
-1.374372 -0.012115 -0.327625 -2.258102
0.756445 -1.266958 1.200241 1.919519
0.893453 -1.946791 1.746238 2.156374
1.585238 2.434006 -1.155261 1.586052
0.407765 -1.793834 1.802817 1.317369
1.615049 1.769178 -0.898909 1.350300
0.719172 -1.136414 0.930335 0.641303
-0.101329 1.401582 -1.636219 -0.062278
1.215123 0.378619 -0.619808 1.344974
-0.164734 -1.212757 1.265423 0.029403
0.097532 1.209501 -1.272368 -0.093545
1.151919 -0.562123 0.810031 1.273314
0.957564 -0.517744 0.642878 0.988825
-1.022672 0.606378 -1.161898 -1.290528
0.911305 1.391607 -1.251154 0.310787
-1.469772 -0.721914 -0.148082 -1.506207
-1.214726 0.132084 -0.415206 -1.548480
1.253562 -1.154628 1.409677 0.735865
-2.198725 -0.047217 0.128681 -1.606034
-2.142769 0.367618 -0.817457 -1.627921
0.387439 1.176819 -1.486280 0.098105
-0.327145 -1.179820 1.500704 -0.050535
-1.948854 0.240203 -1.444120 -1.782755
-2.186161 0.680059 -1.464250 -2.965961
0.304587 -1.673130 2.394289 1.873206
1.356533 1.284187 -2.376008 1.308214
-1.666410 -1.094783 2.169948 -1.470378
1.353693 1.403219 -1.050362 1.861274
-0.774847 -1.550283 1.672078 -0.801678
-0.929449 -0.657298 0.929264 -1.172341
-0.787889 -0.904730 0.983161 -1.139530
1.474662 1.059298 -1.315541 1.288524
1.692190 -1.563059 1.233454 1.620374
1.015146 1.415163 -1.516756 1.012237
-1.015444 -1.899063 2.019222 -1.034848
-1.490616 -2.867207 3.183131 1.214891
1.801112 -1.348439 1.914378 1.792281
-0.808222 -2.220415 2.501125 -0.316726
-2.931442 1.603398 -4.815618 -1.365662
-1.549039 0.993772 -1.197986 -1.688297
0.005734 -2.023749 2.768925 -0.552878
1.094875 0.674920 -0.671081 0.953808
2.395457 -2.535267 4.535111 -0.368647
-0.827606 0.827895 -0.795318 -0.811000
0.012885 1.157941 -1.147735 0.047996
0.455920 -1.993599 2.363956 0.416318
0.282130 -2.137125 2.349593 0.624658
-2.028807 0.817396 -1.218246 -2.071079
0.201327 1.684817 -2.007971 0.290615
0.076444 -1.871868 1.767467 0.059702
2.821102 -1.817596 4.192234 0.531992
-0.316519 1.886691 -1.945853 -0.351254
-0.367672 -1.893113 1.936839 -0.314807
-1.656669 0.952139 -0.828756 -1.965124
0.442126 1.752273 -1.692882 0.370936
-2.002883 1.491002 -1.337175 -3.482268
-0.319894 -1.812295 1.720789 -0.222974
1.347875 1.354985 -1.355820 1.485694
-1.112064 0.019871 0.050657 -1.315281
-0.029439 -1.310448 1.112828 -0.114398
0.868525 1.443624 -1.421603 1.094122
-0.308973 -1.778505 1.734861 -0.247400
1.556045 -1.550723 1.292451 1.571689
0.775610 1.959365 -1.868190 1.017759
-1.903328 0.565905 -0.608977 -2.006138
-0.273135 -1.957841 2.633376 -0.255785
0.394753 -1.968509 1.909429 0.192348
-0.183059 -1.247820 1.817564 -0.112115
-0.213931 -1.852397 2.332301 -0.118584
0.235034 1.864383 -1.802263 0.139397
2.046389 -0.981227 0.652147 2.176693
-1.997721 1.144724 -0.896182 -2.501499
1.304744 0.744458 -0.425152 1.317140
-0.100960 -1.501012 1.368546 0.189837
-1.371632 -0.254559 -0.041693 -1.491400
-0.077277 -1.836429 2.420678 -0.070987
2.417590 0.097395 -0.144605 1.835218
-0.213594 1.490758 -1.497316 -0.875902
-1.496765 -0.197427 -0.556684 -1.658081
0.856333 1.481635 -1.195060 0.623939
-1.469677 -0.397331 0.039043 -1.557777
-1.566660 -1.446014 1.001372 -1.531983
-0.098318 1.872523 -1.600916 -0.357766
-0.087692 -1.914358 1.804338 0.276011
1.467704 -0.807454 1.053171 1.757545
-1.719255 -1.093587 0.059846 -2.427276
1.069135 1.133584 -0.744087 0.967872
-1.011885 -0.706713 0.910852 -1.355637
-1.548663 1.085441 -1.332516 -1.994372
-1.087192 1.031835 -1.412108 -1.360324
0.899708 2.056516 -2.030067 -0.046844
-1.196706 -1.641635 2.061355 -1.115415
-2.555336 -1.400569 0.567141 -1.904274
0.107472 -1.923876 2.492813 0.586387
3.235550 0.781066 -0.935336 2.804602
0.873780 -0.829628 0.860328 0.802403
-0.727831 0.945344 -0.986873 -0.662161
1.956136 -0.891922 0.434685 1.829748
-2.852678 1.042299 -0.642301 -2.803111
0.457783 2.864259 -2.888037 0.860139
2.922972 -0.318883 -0.080986 2.973572
-1.897591 -2.423231 2.383237 -1.903453
-0.828323 -0.888823 0.913216 -0.806209
-0.931363 0.786296 -0.807865 -0.906486
0.190004 1.737509 -2.182171 -0.102244
2.419708 -3.347197 4.543484 -0.830588
0.875436 2.472247 -3.250816 1.127655
-3.181442 -0.455278 1.101191 -2.678868
-1.385223 0.031033 -0.159413 -1.379768
-0.069771 -1.270283 1.271137 0.014613
-1.265373 0.055296 -0.139599 -1.269163
-1.675229 0.067993 -0.231881 -1.675882
-0.751787 1.423164 -1.514918 -0.887585
-0.263116 -1.674321 1.670608 -0.099268
-2.042773 2.686795 -2.359076 -2.623883
2.227449 -0.873241 0.568902 2.401554
1.542701 2.329286 -1.161830 1.486641
0.728111 -2.033473 1.788751 1.871006
-1.132025 -0.793632 0.875475 -0.973783
-2.352766 -1.315341 0.815233 -2.742574
1.115647 1.356158 -0.972225 0.957456
-1.632966 -0.677856 -0.214850 -1.624025
-0.820380 -4.117644 4.858644 -0.961493
-1.295079 3.728628 -5.383022 -1.900631
3.248661 -1.619599 2.188917 3.083542
2.515362 -4.564308 6.275680 -0.377195
4.596390 -1.007929 1.133905 4.344418
-2.023880 -3.770069 3.753588 -1.451069
-1.922726 -5.817572 5.001567 -0.258426
-8.243282 0.355452 5.855720 -7.006396
7.592955 -3.175792 8.363350 3.765666
2.861442 -3.562453 5.793132 -0.912043
5.989263 -1.572310 0.783140 11.891157
-3.634247 -12.993325 11.355929 -5.433869
8.468339 8.700832 -4.323253 10.491517
13.472372 -15.561269 19.808718 4.226021
27.102400 -5.470483 -2.021384 27.262026
-22.719370 -21.686054 29.042091 -20.449554
6.700368 -30.323294 32.109600 10.597528
-34.507698 -5.402856 7.798337 -32.379478
-25.222799 -43.168514 41.409344 -32.898048
8.491062 44.721081 -43.900970 12.800459
-13.215886 -69.404579 68.374077 -16.182390
1.528787 -0.233212 0.828338 1.320403
-0.486083 -1.131148 1.073584 -0.367547
-0.187344 1.297456 -1.480211 -0.881836
-0.201857 1.363729 -1.545363 -0.915186
0.774903 -1.045664 0.956129 0.693203
1.109453 -0.495789 0.377790 1.101317
1.484299 1.051698 0.015820 2.305316
-1.547229 0.655793 -1.047901 -2.842594
-1.017705 0.657093 -1.245118 -1.670555
-0.555141 -1.725199 2.051738 -0.139096
-2.122755 -0.983046 0.493582 -2.604509
-1.463690 -2.620837 2.967240 -1.615255
