0 35
1 48
2 2260
3 1225
4 1288
5 2267
6 5027
7 2267
8 1386
9 4501
10 432
11 5034
12 1238
13 3151
14 2797
15 2229
16 91
17 2273
18 2817
19 2277
20 3434
21 1214
22 2286
23 5479
24 2822
25 2625
26 1318
27 1321
28 2827
29 2306
30 2310
31 2312
32 1376
33 1133
34 1617
35 1574
36 297
37 1359
38 861
39 1005
40 2799
41 2234
42 2235
43 2239
44 2235
45 2239
46 4181
47 4322
48 2327
49 2239
50 2239
51 1161
52 5131
53 2801
54 1163
55 4038
56 1392
57 2242
58 173
59 1420
60 1163
61 3620
62 3944
63 1168
64 2241
65 2245
66 4269
67 2247
68 4181
69 2247
70 5014
71 37
72 153
73 4074
74 1182
75 3132
76 5014
77 4477
78 2251
79 1185
80 4238
81 1167
82 4973
83 1143
84 1197
85 2251
86 4238
87 3669
88 1197
89 1190
90 2255
91 2247
92 5023
93 2262
94 948
95 4018
96 4219
97 2254
98 4219
99 1249
100 4219
101 1236
102 4290
103 4213
104 2278
105 1253
106 1272
107 2284
108 1923
109 1214
110 5041
111 1239
112 5018
113 1143
114 4270
115 2801
116 1181
117 2834
118 1309
119 1138
120 2323
121 2807
122 5288
123 2320
124 3314
125 2809
126 5131
127 2274
128 2288
129 3176
130 2298
131 2485
132 2301
133 57
134 1329
135 2276
136 2959
137 1271
138 2224
139 2283
140 1305
141 2280
142 1282
143 1345
144 1237
145 2757
146 2295
147 201
148 194
149 180
150 2237
151 2497
152 3173
153 2315
154 4369
155 5069
156 230
157 2316
158 1338
159 1296
160 2313
161 1377
162 3352
163 4330
164 1264
165 4302
166 1191
167 5499
168 3074
169 2318
170 1175
171 1573
172 982
173 1386
174 2832
175 1358
176 1384
177 1426
178 1418
179 1403
180 2833
181 2321
182 191
183 3485
184 1338
185 3593
186 5316
187 1398
188 4346
189 2283
190 4154
191 1422
192 5068
193 1326
194 1553
195 4331
196 3474
197 1191
198 184
199 3376
200 1025
201 2327
202 2832
203 4040
204 3428
205 2865
206 58
207 221
208 207
209 3489
210 181
211 3398
212 1367
213 366
214 4194
215 4216
216 5357
217 1256
218 2334
219 1205
220 2329
221 3312
222 2280
223 5338
224 846
225 2336
226 1449
227 1551
228 2341
229 1474
230 988
231 4440
232 1030
233 4422
234 5366
235 1016
236 3191
237 457
238 2196
239 2355
240 1460
241 2393
242 188
243 380
244 2364
245 2736
246 2280
247 382
248 2364
249 3101
250 1058
251 382
252 2374
253 1562
254 2329
255 1562
256 314
257 1479
258 2374
259 1092
260 2386
261 411
262 3381
263 325
264 1737
265 441
266 411
267 1282
268 2391
269 326
270 1484
271 4279
272 1571
273 2396
274 5101
275 458
276 3574
277 5125
278 90
279 2377
280 1499
281 45
282 5041
283 5406
284 1524
285 2392
286 2377
287 1501
288 4449
289 1227
290 2387
291 1245
292 1497
293 1617
294 2428
295 1173
296 1575
297 1926
298 1506
299 3298
300 427
301 368
302 4888
303 5099
304 1659
305 1944
306 1664
307 2507
308 4894
309 1659
310 1558
311 2232
312 2454
313 5395
314 1664
315 2772
316 588
317 3262
318 531
319 1059
320 1883
321 4672
322 636
323 1513
324 424
325 3029
326 2493
327 1566
328 2695
329 3262
330 2494
331 1499
332 1560
333 2534
334 2458
335 4486
336 2378
337 1536
338 3728
339 532
340 2485
341 2498
342 2433
343 2499
344 499
345 3326
346 3325
347 2422
348 4462
349 3929
350 2414
351 1784
352 2450
353 4490
354 2874
355 1677
356 1686
357 1704
358 2418
359 1667
360 1590
361 447
362 1547
363 583
364 1982
365 1591
366 1594
367 1709
368 533
369 1676
370 3264
371 1803
372 5184
373 595
374 4618
375 2934
376 1620
377 5153
378 1550
379 3123
380 1694
381 2985
382 2985
383 2000
384 3264
385 2451
386 2452
387 2879
388 2949
389 1686
390 1612
391 4520
392 1944
393 1488
394 3737
395 2442
396 1561
397 1650
398 1624
399 2560
400 1819
401 2716
402 3964
403 5151
404 1568
405 3764
406 1740
407 572
408 5566
409 1626
410 4672
411 4502
412 580
413 1568
414 3764
415 4621
416 562
417 1671
418 2460
419 2440
420 2569
421 3268
422 4638
423 1626
424 1661
425 1664
426 493
427 2458
428 2580
429 485
430 662
431 651
432 1790
433 3765
434 2462
435 3259
436 669
437 636
438 1611
439 2454
440 1582
441 4526
442 4117
443 3792
444 4759
445 1798
446 2399
447 3336
448 1609
449 1800
450 656
451 669
452 2490
453 4566
454 2964
455 658
456 1780
457 1739
458 1984
459 2683
460 1883
461 3831
462 2964
463 639
464 4863
465 1641
466 693
467 656
468 2952
469 4672
470 2467
471 718
472 658
473 677
474 1798
475 1647
476 1641
477 1635
478 1133
479 1890
480 3817
481 1974
482 5188
483 2489
484 1851
485 1876
486 1826
487 2475
488 1803
489 2489
490 3336
491 693
492 1664
493 2482
494 5209
495 4863
496 1661
497 1725
498 674
499 2962
500 2572
501 2921
502 2570
503 665
504 2008
505 1906
506 693
507 4610
508 4525
509 1648
510 1998
511 2491
512 3127
513 2490
514 2536
515 1840
516 1998
517 1794
518 1880
519 2593
520 606
521 1828
522 1838
523 1880
524 1941
525 1684
526 1798
527 4582
528 718
529 1877
530 5069
531 2604
532 4713
533 2008
534 3808
535 1822
536 2874
537 1826
538 1906
539 1725
540 1884
541 1826
542 1823
543 3850
544 1891
545 4557
546 1995
547 2570
548 1848
549 1995
550 2621
551 676
552 1946
553 1933
554 635
555 2960
556 1995
557 705
558 1921
559 1822
560 2547
561 1941
562 256
563 674
564 1958
565 4818
566 1877
567 657
568 3864
569 1884
570 1891
571 1941
572 4396
573 1919
574 3964
575 4557
576 3906
577 5289
578 712
579 2928
580 4841
581 4590
582 3864
583 2635
584 3964
585 5441
586 829
587 855
588 663
589 3111
590 3113
591 1924
592 2985
593 2672
594 4816
595 2016
596 2010
597 355
598 1641
599 2708
600 4530
601 3113
602 1884
603 2639
604 1959
605 969
606 4231
607 2992
608 432
609 2649
610 2661
611 1993
612 4842
613 803
614 1954
615 933
616 5431
617 775
618 2683
619 1959
620 5287
621 2018
622 1884
623 1828
624 2018
625 2685
626 2106
627 1990
628 2020
629 2689
630 4557
631 1968
632 349
633 1622
634 3676
635 3684
636 708
637 5590
638 2040
639 4793
640 2708
641 2681
642 1901
643 4888
644 3812
645 2055
646 2683
647 2075
648 2968
649 4767
650 2923
651 4705
652 3016
653 2106
654 2075
655 3293
656 3684
657 2116
658 2103
659 2107
660 4462
661 611
662 2120
663 5258
664 3025
665 4927
666 2475
667 2119
668 2122
669 2485
670 2135
671 3029
672 2555
673 3074
674 5425
675 2732
676 3124
677 2689
678 2141
679 2977
680 2149
681 4609
682 2144
683 746
684 1055
685 2854
686 4995
687 2710
688 3670
689 1624
690 2150
691 976
692 1979
693 1788
694 1924
695 2773
696 3040
697 2967
698 4664
699 3295
700 1055
701 2757
702 2068
703 3593
704 1052
705 2748
706 2244
707 3040
708 2181
709 2748
710 2757
711 3054
712 2753
713 1022
714 4121
715 2761
716 1096
717 192
718 457
719 1260
720 4558
721 4513
722 1016
723 5325
724 2775
725 2153
726 2202
727 1015
728 3140
729 441
730 3552
731 1969
732 1061
733 5469
734 1066
735 2665
736 1066
737 2826
738 3304
739 2776
740 2926
741 4979
742 2645
743 2777
744 2203
745 289
746 3269
747 4997
748 1599
749 4502
750 2216
751 2784
752 3507
753 3071
754 997
755 2217
756 2790
757 1031
758 2220
759 3306
760 2791
761 3296
762 2792
763 1055
764 3109
765 2793
766 1016
767 2223
768 1055
769 5099
770 1112
771 1080
772 4123
773 1112
774 2280
775 3309
776 1132
777 4503
778 2803
779 2257
780 2804
781 2267
782 2810
783 3023
784 5034
785 2218
786 2804
787 648
788 2273
789 53
790 2822
791 2823
792 2297
793 4294
794 2299
795 2300
796 2599
797 2308
798 2305
799 2828
800 2312
801 5056
802 183
803 2232
804 2800
805 1409
806 5014
807 2244
808 2250
809 1353
810 2818
811 2289
812 2807
813 1421
814 2302
815 1421
816 2283
817 5345
818 1141
819 1422
820 1358
821 1421
822 1421
823 2321
824 1397
825 5018
826 2319
827 2830
828 2320
829 1421
830 2836
831 1392
832 173
833 202
834 4276
835 980
836 2841
837 3244
838 2339
839 2340
840 2341
841 2345
842 2749
843 2852
844 2349
845 1458
846 2917
847 2867
848 2353
849 2369
850 5371
851 2393
852 2777
853 3379
854 2357
855 2355
856 2369
857 2864
858 2356
859 2361
860 1475
861 1471
862 5344
863 1294
864 5111
865 5115
866 2455
867 2396
868 2875
869 2872
870 2378
871 2896
872 2376
873 1862
874 4749
875 2983
876 4805
877 1659
878 437
879 1636
880 5570
881 2390
882 1683
883 5105
884 2492
885 2465
886 271
887 2164
888 2430
889 2398
890 2496
891 2399
892 2948
893 2905
894 3027
895 2401
896 2534
897 2497
898 2498
899 2414
900 2405
901 2415
902 2407
903 2432
904 1572
905 1677
906 1686
907 1677
908 2420
909 2463
910 2451
911 2502
912 1683
913 2502
914 3348
915 2472
916 1699
917 2447
918 2457
919 2526
920 2565
921 2525
922 2949
923 2528
924 2487
925 2569
926 4638
927 1735
928 2511
929 2458
930 1748
931 2461
932 2454
933 2963
934 2543
935 2561
936 2963
937 2541
938 2928
939 2479
940 2477
941 2541
942 2515
943 3109
944 2963
945 2938
946 2963
947 2482
948 2625
949 5196
950 2483
951 4716
952 2964
953 1667
954 2545
955 2947
956 2939
957 2549
958 1880
959 4729
960 2579
961 2573
962 2536
963 5431
964 5218
965 2958
966 2625
967 2959
968 2972
969 2570
970 2602
971 2965
972 2582
973 2960
974 2559
975 707
976 1809
977 3111
978 2974
979 2582
980 3111
981 2547
982 2617
983 2617
984 2583
985 2564
986 3111
987 2634
988 2597
989 2625
990 2603
991 2423
992 2599
993 2957
994 1877
995 3111
996 2626
997 2618
998 2627
999 2628
1000 2623
1001 2483
1002 2981
1003 2612
1004 2993
1005 4870
1006 2651
1007 2647
1008 2641
1009 5438
1010 2693
1011 2039
1012 2671
1013 2666
1014 2652
1015 3000
1016 2689
1017 2683
1018 3350
1019 2677
1020 3009
1021 5275
1022 4784
1023 865
1024 5284
1025 2696
1026 2692
1027 3014
1028 5285
1029 2041
1030 2546
1031 2701
1032 2097
1033 5448
1034 5288
1035 2041
1036 3004
1037 2711
1038 2704
1039 3016
1040 1725
1041 2714
1042 884
1043 3021
1044 2710
1045 2740
1046 2715
1047 2719
1048 2716
1049 2728
1050 2723
1051 2728
1052 1582
1053 2727
1054 2722
1055 3031
1056 2725
1057 2737
1058 3036
1059 3035
1060 3036
1061 5306
1062 3039
1063 2740
1064 2742
1065 2995
1066 5307
1067 2995
1068 2068
1069 2756
1070 3043
1071 3123
1072 3044
1073 2744
1074 2747
1075 677
1076 5462
1077 4788
1078 3552
1079 2177
1080 2749
1081 2015
1082 3052
1083 2750
1084 690
1085 2761
1086 3055
1087 2751
1088 2761
1089 2754
1090 1168
1091 1695
1092 3136
1093 372
1094 2166
1095 5281
1096 3300
1097 2188
1098 3016
1099 827
1100 2774
1101 5316
1102 1481
1103 3063
1104 2773
1105 2772
1106 3302
1107 3060
1108 1031
1109 1080
1110 2216
1111 2793
1112 2787
1113 887
1114 5315
1115 3069
1116 363
1117 2785
1118 3070
1119 2227
1120 2228
1121 1127
1122 5501
1123 5411
1124 3075
1125 2806
1126 3078
1127 521
1128 5478
1129 2815
1130 5096
1131 3081
1132 2820
1133 2902
1134 3083
1135 3084
1136 2312
1137 1303
1138 2800
1139 3086
1140 2270
1141 1167
1142 3073
1143 5477
1144 2303
1145 3086
1146 4381
1147 3089
1148 3090
1149 3356
1150 2917
1151 3137
1152 2230
1153 2844
1154 2846
1155 2859
1156 3093
1157 2858
1158 2854
1159 2917
1160 2859
1161 1092
1162 2393
1163 2370
1164 2213
1165 3077
1166 3102
1167 3097
1168 2889
1169 2499
1170 5378
1171 2891
1172 2881
1173 2896
1174 2884
1175 2893
1176 2888
1177 2380
1178 3094
1179 5388
1180 2507
1181 3108
1182 443
1183 2410
1184 2573
1185 2900
1186 2895
1187 2495
1188 2432
1189 2495
1190 2901
1191 2433
1192 2496
1193 2934
1194 3110
1195 2926
1196 2923
1197 3350
1198 2906
1199 2955
1200 4636
1201 2423
1202 2916
1203 2949
1204 3107
1205 2920
1206 2921
1207 5425
1208 2930
1209 2925
1210 2947
1211 3111
1212 2979
1213 2956
1214 2974
1215 2559
1216 2979
1217 2547
1218 3112
1219 3115
1220 2985
1221 2638
1222 3122
1223 2626
1224 2976
1225 3113
1226 2992
1227 2977
1228 2989
1229 2973
1230 5497
1231 2668
1232 3119
1233 2968
1234 2984
1235 2998
1236 5271
1237 4444
1238 3122
1239 2994
1240 2995
1241 2997
1242 2408
1243 3003
1244 5275
1245 3008
1246 1822
1247 3012
1248 3016
1249 3126
1250 2719
1251 3127
1252 3023
1253 3022
1254 3024
1255 3128
1256 3029
1257 3031
1258 3033
1259 3035
1260 3037
1261 3041
1262 3042
1263 3048
1264 3052
1265 3054
1266 3134
1267 2761
1268 2762
1269 5604
1270 3061
1271 2153
1272 5325
1273 3203
1274 5462
1275 3058
1276 2958
1277 1372
1278 5160
1279 3077
1280 3787
1281 1062
1282 2785
1283 3639
1284 2787
1285 3067
1286 3069
1287 2791
1288 2921
1289 2792
1290 5510
1291 2841
1292 3146
1293 3076
1294 2499
1295 3148
1296 3150
1297 3181
1298 4604
1299 3085
1300 5509
1301 2256
1302 1178
1303 3149
1304 3156
1305 2830
1306 3158
1307 3159
1308 3092
1309 3160
1310 3060
1311 3164
1312 248
1313 1294
1314 2329
1315 5489
1316 2841
1317 3106
1318 4498
1319 3103
1320 3605
1321 2736
1322 3110
1323 2920
1324 3105
1325 3107
1326 2968
1327 3115
1328 2983
1329 3118
1330 3119
1331 3123
1332 3121
1333 3124
1334 3125
1335 3129
1336 2499
1337 3131
1338 3135
1339 3051
1340 5345
1341 5466
1342 1063
1343 2895
1344 3141
1345 1896
1346 3140
1347 5450
1348 3054
1349 3306
1350 3178
1351 3148
1352 3181
1353 5519
1354 3184
1355 3186
1356 3159
1357 5633
1358 3188
1359 3165
1360 5633
1361 2917
1362 5514
1363 3170
1364 3141
1365 2378
1366 3173
1367 5321
1368 3193
1369 3176
1370 3181
1371 5524
1372 5526
1373 3196
1374 2465
1375 3198
1376 3189
1377 3168
1378 5439
1379 3215
1380 3168
1381 3215
1382 3215
1383 3200
1384 3205
1385 3194
1386 3196
1387 3211
1388 3212
1389 3203
1390 5528
1391 2393
1392 3219
1393 5412
1394 3217
1395 3218
1396 3104
1397 3104
1398 5537
1399 3226
1400 4125
1401 3222
1402 1533
1403 5541
1404 2203
1405 647
1406 642
1407 4939
1408 237
1409 1436
1410 2834
1411 1138
1412 1304
1413 2298
1414 2872
1415 2329
1416 2874
1417 2979
1418 2963
1419 1916
1420 2593
1421 1880
1422 718
1423 1848
1424 3111
1425 2985
1426 4573
1427 2992
1428 2992
1429 1954
1430 2096
1431 2107
1432 4927
1433 1132
1434 2753
1435 2755
1436 271
1437 3108
1438 2934
1439 3350
1440 2582
1441 1080
1442 2790
1443 5034
1444 1588
1445 5511
1446 2265
1447 2992
1448 195
1449 2271
1450 5130
1451 94
1452 2816
1453 5036
1454 118
1455 2153
1456 1063
1457 4590
1458 4288
1459 2774
1460 5458
1461 1334
1462 5052
1463 1415
1464 4392
1465 4393
1466 3384
1467 5369
1468 5330
1469 5329
1470 4365
1471 5004
1472 4162
1473 1049
1474 4156
1475 4164
1476 1270
1477 4334
1478 4313
1479 1365
1480 5083
1481 5009
1482 5011
1483 4478
1484 2248
1485 5495
1486 60
1487 4099
1488 1341
1489 2248
1490 1300
1491 1406
1492 4973
1493 4133
1494 4206
1495 4194
1496 4253
1497 5023
1498 1272
1499 5022
1500 2255
1501 4215
1502 1010
1503 2224
1504 1223
1505 4363
1506 4394
1507 1223
1508 1223
1509 1276
1510 4199
1511 106
1512 5037
1513 3364
1514 12
1515 1192
1516 4196
1517 5335
1518 1208
1519 5022
1520 4254
1521 4381
1522 191
1523 5065
1524 5477
1525 4074
1526 5035
1527 5042
1528 5048
1529 4297
1530 4258
1531 882
1532 5040
1533 4282
1534 2391
1535 4344
1536 1356
1537 4298
1538 1998
1539 1350
1540 5057
1541 4326
1542 5353
1543 1359
1544 979
1545 170
1546 1392
1547 1573
1548 1271
1549 4335
1550 2
1551 4393
1552 4385
1553 5018
1554 4254
1555 5064
1556 3074
1557 270
1558 4344
1559 5115
1560 4361
1561 5062
1562 5063
1563 4138
1564 5355
1565 4173
1566 5019
1567 4380
1568 5018
1569 4060
1570 3483
1571 4993
1572 4146
1573 2313
1574 4402
1575 4405
1576 5354
1577 4406
1578 3481
1579 426
1580 3636
1581 3376
1582 1253
1583 4384
1584 2325
1585 1384
1586 1322
1587 4182
1588 5369
1589 4252
1590 2764
1591 4195
1592 3593
1593 5391
1594 4366
1595 4170
1596 5072
1597 1410
1598 2326
1599 1181
1600 4131
1601 5367
1602 3398
1603 3489
1604 3494
1605 220
1606 1204
1607 3109
1608 58
1609 1264
1610 4252
1611 5073
1612 2840
1613 5084
1614 5083
1615 2237
1616 5075
1617 4209
1618 4063
1619 1485
1620 2324
1621 5003
1622 3601
1623 4423
1624 2256
1625 4427
1626 1403
1627 328
1628 331
1629 3371
1630 3572
1631 2997
1632 5497
1633 2786
1634 2374
1635 1013
1636 188
1637 1587
1638 2889
1639 4437
1640 4242
1641 2213
1642 1288
1643 3071
1644 2396
1645 5114
1646 1356
1647 78
1648 2416
1649 416
1650 4566
1651 2913
1652 354
1653 2666
1654 4450
1655 4236
1656 4448
1657 1515
1658 2715
1659 1985
1660 3927
1661 1984
1662 4293
1663 51
1664 4860
1665 3770
1666 3936
1667 4769
1668 4599
1669 1777
1670 4671
1671 1082
1672 4464
1673 4646
1674 3761
1675 3760
1676 4481
1677 2417
1678 1512
1679 399
1680 3262
1681 3271
1682 4802
1683 4803
1684 1556
1685 4516
1686 1717
1687 656
1688 2491
1689 4517
1690 4519
1691 583
1692 1622
1693 1609
1694 1738
1695 583
1696 1667
1697 5424
1698 1595
1699 4860
1700 580
1701 5145
1702 4494
1703 4501
1704 4502
1705 4618
1706 3765
1707 5266
1708 4671
1709 1582
1710 1742
1711 3748
1712 5148
1713 584
1714 4620
1715 5569
1716 4621
1717 4620
1718 4545
1719 4576
1720 4544
1721 614
1722 4683
1723 1829
1724 3770
1725 2449
1726 1609
1727 2686
1728 3792
1729 1664
1730 483
1731 4747
1732 4865
1733 624
1734 4707
1735 4645
1736 5431
1737 1943
1738 3680
1739 4533
1740 4558
1741 1608
1742 3114
1743 4565
1744 3815
1745 2572
1746 4713
1747 1843
1748 575
1749 2659
1750 1747
1751 5431
1752 1667
1753 4558
1754 3680
1755 4590
1756 4570
1757 4759
1758 3850
1759 2482
1760 1977
1761 2688
1762 4557
1763 4558
1764 3114
1765 666
1766 4865
1767 2021
1768 2533
1769 4694
1770 4739
1771 4580
1772 3767
1773 663
1774 3749
1775 5266
1776 2558
1777 4794
1778 5430
1779 2091
1780 2902
1781 4725
1782 676
1783 1721
1784 2401
1785 1742
1786 5173
1787 1671
1788 1809
1789 677
1790 691
1791 4707
1792 4711
1793 664
1794 5131
1795 4506
1796 1253
1797 1809
1798 4807
1799 1829
1800 675
1801 1870
1802 4759
1803 4714
1804 4797
1805 677
1806 1823
1807 2579
1808 4725
1809 1992
1810 5460
1811 2004
1812 4735
1813 5583
1814 727
1815 3851
1816 4659
1817 4720
1818 1758
1819 4732
1820 3798
1821 776
1822 4770
1823 4369
1824 4368
1825 4774
1826 4775
1827 1758
1828 5203
1829 4767
1830 2590
1831 5583
1832 630
1833 2014
1834 4747
1835 5231
1836 3964
1837 5431
1838 5259
1839 3981
1840 1608
1841 4557
1842 4859
1843 1800
1844 4770
1845 4230
1846 4229
1847 3984
1848 1943
1849 5172
1850 4770
1851 4911
1852 4770
1853 4590
1854 5271
1855 173
1856 5262
1857 1643
1858 5154
1859 4748
1860 4887
1861 2390
1862 4694
1863 4886
1864 4712
1865 2625
1866 3152
1867 5591
1868 5451
1869 2037
1870 4922
1871 1392
1872 2719
1873 520
1874 504
1875 4926
1876 4939
1877 4938
1878 1684
1879 1823
1880 2651
1881 2738
1882 3928
1883 3885
1884 5628
1885 2891
1886 1913
1887 5474
1888 2274
1889 4949
1890 5255
1891 3888
1892 5594
1893 18
1894 624
1895 4971
1896 4970
1897 137
1898 5076
1899 2766
1900 1865
1901 2766
1902 988
1903 3060
1904 1603
1905 1608
1906 880
1907 3298
1908 632
1909 5632
1910 215
1911 3306
1912 447
1913 1033
1914 3167
1915 3220
1916 4997
1917 5515
1918 5336
1919 3098
1920 5454
1921 5130
1922 1608
1923 3298
1924 2414
1925 1203
1926 4295
1927 5520
1928 1164
1929 5051
1930 5055
1931 2314
1932 4381
1933 5331
1934 4384
1935 1269
1936 2248
1937 4365
1938 5010
1939 5016
1940 5017
1941 1278
1942 5043
1943 1211
1944 5040
1945 2826
1946 4462
1947 4325
1948 2253
1949 5064
1950 4364
1951 5065
1952 5350
1953 4364
1954 2838
1955 5353
1956 4089
1957 457
1958 5358
1959 5090
1960 5369
1961 5094
1962 2873
1963 3088
1964 4435
1965 3380
1966 5144
1967 2397
1968 5116
1969 5152
1970 5114
1971 5372
1972 5412
1973 840
1974 1683
1975 1497
1976 4569
1977 2384
1978 3108
1979 5134
1980 2889
1981 2400
1982 5259
1983 5305
1984 5119
1985 5118
1986 5399
1987 5123
1988 1620
1989 5156
1990 1611
1991 3006
1992 1748
1993 1807
1994 1741
1995 5424
1996 1667
1997 5214
1998 5259
1999 4621
2000 4620
2001 5166
2002 1761
2003 4619
2004 5194
2005 4696
2006 2544
2007 5195
2008 5193
2009 5161
2010 1831
2011 2091
2012 5197
2013 1823
2014 4713
2015 5215
2016 1671
2017 4863
2018 2581
2019 4830
2020 2659
2021 2593
2022 2604
2023 5211
2024 4725
2025 4792
2026 2643
2027 1901
2028 5238
2029 4871
2030 2031
2031 5256
2032 5254
2033 2984
2034 5439
2035 5262
2036 5267
2037 5274
2038 2690
2039 1758
2040 4841
2041 2698
2042 5281
2043 4012
2044 2699
2045 2097
2046 4896
2047 2703
2048 2659
2049 2581
2050 5295
2051 2579
2052 4749
2053 2740
2054 2726
2055 2997
2056 2107
2057 266
2058 4622
2059 2155
2060 3044
2061 1871
2062 2740
2063 3826
2064 1730
2065 5467
2066 3297
2067 2746
2068 5309
2069 4726
2070 4956
2071 2773
2072 767
2073 3858
2074 2409
2075 2785
2076 3099
2077 2820
2078 4297
2079 5498
2080 3136
2081 725
2082 5162
2083 1444
2084 1046
2085 641
2086 5319
2087 4977
2088 5469
2089 4088
2090 3988
2091 3987
2092 3228
2093 1815
2094 5332
2095 2705
2096 5475
2097 2271
2098 5130
2099 5339
2100 2568
2101 5505
2102 3085
2103 5055
2104 5331
2105 3074
2106 5033
2107 4003
2108 2725
2109 3077
2110 5481
2111 4040
2112 5357
2113 2805
2114 3091
2115 5393
2116 5069
2117 5362
2118 1033
2119 5491
2120 5488
2121 5386
2122 2886
2123 5379
2124 2883
2125 1278
2126 5375
2127 5393
2128 5391
2129 1269
2130 5385
2131 2890
2132 3642
2133 2552
2134 5392
2135 5400
2136 5399
2137 2910
2138 2552
2139 4624
2140 4628
2141 1667
2142 1859
2143 2950
2144 5416
2145 5161
2146 5493
2147 3960
2148 3117
2149 5263
2150 4871
2151 2150
2152 5439
2153 5438
2154 2685
2155 1116
2156 2690
2157 5274
2158 5448
2159 5453
2160 2440
2161 2728
2162 2262
2163 1603
2164 2473
2165 2077
2166 5327
2167 2390
2168 3067
2169 5036
2170 5476
2171 3157
2172 5024
2173 5025
2174 4352
2175 5503
2176 5061
2177 5502
2178 5508
2179 5348
2180 4359
2181 5486
2182 5393
2183 5487
2184 3098
2185 2833
2186 5075
2187 4085
2188 3100
2189 5488
2190 5490
2191 215
2192 105
2193 3136
2194 5498
2195 2826
2196 120
2197 1603
2198 2790
2199 3182
2200 5520
2201 3351
2202 5491
2203 2385
2204 3167
2205 2777
2206 3195
2207 3197
2208 5525
2209 3734
2210 3191
2211 3204
2212 5491
2213 5513
2214 2896
2215 3190
2216 3221
2217 1135
2218 3598
2219 4014
2220 191
2221 1809
2222 3984
2223 1605
2224 4922
2225 504
2226 3108
2227 271
2228 887
2229 5476
2230 2153
2231 3162
