678
64.295685 835.778687
461.292084 519.623962
471.196808 520.619080
471.867645 537.807129
473.825989 469.100342
483.891479 535.843140
485.285248 591.609253
486.650940 582.125366
486.820313 537.790710
487.622772 512.779236
489.171631 567.777405
489.857178 496.372284
491.635406 561.323914
492.848022 540.245850
494.257355 596.321106
495.425568 547.811462
496.878479 552.211426
498.264648 509.816498
498.750854 571.619141
499.707184 558.637817
499.761414 568.201782
500.085510 983.141479
503.292572 558.135559
504.281799 501.022797
505.627411 491.325317
505.620331 594.327209
507.242706 519.675354
507.383057 530.652344
509.164764 500.170685
509.239868 586.213257
512.789551 496.288696
512.811523 529.114197
513.322510 613.102844
514.390930 511.367279
514.671509 584.838867
516.609802 499.891541
517.636597 549.891479
517.326843 578.693176
518.280640 497.300995
519.195496 500.955383
519.660583 492.366821
519.837708 586.642456
519.804077 606.198059
520.683350 481.187836
522.241516 574.326050
522.846558 581.740662
522.844238 593.363342
523.574890 556.831970
524.742188 518.299316
524.785278 477.674988
526.589478 626.360413
526.785400 545.606384
527.851807 526.783203
528.758301 469.170288
529.904480 533.229065
530.659851 565.924683
531.680908 582.013306
534.772339 503.807343
536.047668 592.287842
537.576843 463.353302
538.335754 552.617920
538.304626 597.543762
539.131958 510.381348
538.957520 595.670715
539.680359 585.467651
539.783569 477.134674
539.794189 598.621338
543.265747 597.125977
545.217285 477.443756
547.909668 498.859528
549.396301 469.837097
550.250916 535.160156
550.389954 562.679626
551.261719 496.921234
551.277100 550.726868
551.282776 589.889709
551.769775 459.233948
552.193054 507.634277
552.790527 591.228394
552.733398 651.828491
554.081665 607.310791
554.776611 457.342224
556.901062 448.844696
557.107300 602.208618
560.790710 452.579315
560.846924 462.255951
561.636108 445.390686
564.395203 484.830933
564.826660 603.746216
566.276489 511.872345
566.854004 456.632751
567.197998 460.117584
567.773132 441.753479
568.575134 545.157471
568.311523 585.186768
570.393677 458.164551
573.642090 580.153931
575.337036 451.896851
576.226135 554.202698
577.149414 451.137207
581.139282 556.140930
582.286316 581.251526
585.359741 598.650879
586.707397 445.065765
586.283875 458.882233
589.815369 511.725647
591.813171 504.660522
593.205872 444.852417
593.277527 566.819458
593.900574 543.357849
594.043335 553.744202
595.367615 442.151337
595.254395 445.300049
596.718384 447.731506
596.320618 588.209167
596.831848 605.760010
597.370605 599.657349
598.578308 553.263367
599.334839 526.273682
600.180603 529.626282
601.108154 532.263123
603.262817 508.609467
603.872192 531.680237
604.728943 556.092407
605.464905 499.975586
606.380005 490.323944
607.622803 601.682800
609.146729 577.120911
609.708130 544.601807
610.337341 526.890808
612.326721 505.263672
614.720154 511.640656
614.886536 470.748016
616.144714 542.672791
617.848694 582.834839
618.593750 606.761169
619.305542 603.192078
619.918823 596.279297
620.331665 622.235657
621.868713 511.850220
622.450562 603.650330
622.847046 488.743530
624.613647 500.210785
624.754883 541.780396
626.366333 595.783508
627.245422 592.800110
628.722717 570.819885
628.849182 604.277039
629.649841 595.104553
629.392456 602.273682
629.789673 508.616638
629.785767 592.831787
631.218933 561.656006
633.364136 616.680542
636.642273 558.693054
636.852539 594.913879
636.831970 602.653442
638.791321 598.974854
642.708313 597.200867
644.611023 516.157776
645.236450 489.285767
646.369019 527.831116
653.292297 515.696899
654.371948 582.232239
655.194397 586.588318
658.764465 556.332397
659.838257 511.638367
659.880249 597.209412
661.794617 502.158325
662.643921 561.166565
668.380615 524.615601
671.758667 462.769958
672.738647 514.740601
674.863281 470.199921
676.685608 523.671692
676.766113 467.061798
677.272949 515.098694
678.164063 467.762146
678.016174 470.056915
677.759216 473.709290
678.704773 520.626953
679.393188 474.238159
680.047729 470.547913
681.363525 560.860718
683.279724 459.848602
686.105225 494.265442
689.160645 511.654694
691.227173 483.891052
940.413879 444.618530
967.858826 457.181824
970.221252 465.532257
974.560974 449.220062
982.269226 434.605865
990.866821 432.212036
992.178223 426.843048
992.534485 452.159454
992.942139 437.322540
994.815796 427.068726
996.249268 450.302734
1000.749756 427.770264
1002.114014 431.136292
1003.465942 439.700378
1004.371216 442.207184
1007.123718 441.857300
1007.118225 466.606293
1007.395813 471.610504
1007.805237 437.185699
1011.228027 433.864319
1011.781494 495.740112
1013.233582 494.096985
1013.630859 475.881439
1014.643616 417.656799
1015.625732 439.660400
1018.123535 420.863586
1019.114075 440.183594
1019.753418 418.858582
1021.394348 429.719635
1022.615906 452.912781
1023.418274 437.917511
1025.239502 453.322205
1026.902710 438.624390
1029.393066 434.317963
1032.211426 430.390717
1032.626099 463.958618
1033.159790 465.696259
1033.351685 427.213257
1034.856689 474.624634
1035.748169 431.390167
1038.292725 423.902100
1038.638184 426.861450
1038.344116 443.268555
1040.711304 455.382507
1042.867676 480.894897
1043.667847 441.577087
1045.616821 473.641785
1046.180298 423.934326
1047.583862 486.288116
1047.798828 443.275024
1047.876831 518.359009
1074.748901 584.127258
1078.332886 580.205872
1079.710327 578.289246
454.194031 518.926331
476.072144 524.116028
484.647095 498.944580
505.949860 540.941101
512.411011 479.853485
524.080994 569.032104
535.089417 470.760468
538.696472 588.703796
540.630554 583.375305
540.865967 590.726196
541.576172 566.037354
543.322998 489.352692
544.179260 580.413452
547.981628 590.848267
548.635376 580.188293
551.559082 587.610596
564.642761 648.427002
569.208923 567.115662
571.653442 437.930206
574.230835 564.552795
577.258484 528.420288
584.517517 449.643188
585.407166 455.430054
599.354065 530.372498
603.686401 532.490784
605.119446 520.792786
608.024780 530.882813
611.067078 526.960571
618.850891 594.723083
618.800049 598.964478
622.121460 595.848755
625.473450 519.961853
627.024658 606.040710
630.509766 503.894043
636.414917 652.115601
639.958374 595.998474
644.700134 564.885132
647.666260 476.326263
667.356628 511.437592
679.697754 522.913940
683.877747 519.321716
982.218628 507.679504
982.296326 446.881012
986.020325 430.049744
987.209045 450.634186
988.264404 427.304565
989.247925 446.317230
991.049988 441.367767
992.769653 429.557861
1000.969666 421.200439
1005.049011 448.022278
1006.487488 475.792297
1008.389160 418.529663
1008.775146 429.643951
1013.789612 417.119995
1016.190430 431.357483
1019.943420 436.945801
1024.870850 447.205444
1027.946777 447.656464
1030.733154 473.824921
1033.207520 467.719482
1032.810303 520.201782
1035.148682 423.091156
1035.511719 463.326050
1036.103760 472.293854
1038.121582 523.259094
1044.857422 482.812164
1045.004028 507.590363
1050.475586 444.304688
1053.043945 506.341431
1063.141846 439.072571
1077.483276 486.674622
503.912445 503.928741
536.586670 538.593201
539.070801 594.144287
605.049683 500.500702
638.633484 598.642822
678.301880 470.427734
687.358521 465.384705
971.570007 467.211182
982.694580 451.010803
982.649963 506.830902
999.836365 426.963348
1004.274414 448.538727
1005.766541 471.658295
1008.262268 487.717682
1008.757080 467.374237
1010.540833 437.830994
1012.168335 433.086365
1012.044067 472.235809
1017.282410 430.537048
1019.684326 438.378265
1026.532471 496.367157
1028.931885 447.804230
1031.688232 426.661072
1038.844360 522.509583
1039.879761 435.167450
1041.048828 483.040894
1043.012817 443.646362
1043.972290 487.158630
1047.308838 423.070953
1047.722900 441.559723
1053.905151 504.783813
1064.163574 438.823975
1068.892944 484.832123
546.185608 585.382263
604.540100 526.485718
624.642761 601.003845
656.840759 523.604431
983.045471 446.119232
985.928772 448.060730
988.600403 430.468201
991.753845 440.897614
1009.940857 450.202484
1018.824951 438.072998
1022.923523 447.878662
1033.058105 523.489014
1037.420532 425.756317
1039.549805 431.442932
1039.558838 437.021851
1044.267578 430.829041
1046.884155 479.342377
1000.466736 448.636993
1010.943298 451.929047
1011.052185 469.447266
1021.301147 447.179169
1027.303955 427.604675
1031.520264 449.440186
1031.453857 524.927002
1040.059082 519.116211
1065.109863 461.898621
557.193359 416.762848
598.922607 414.688721
990.519287 459.439331
1024.260986 493.914337
1036.853760 452.753662
476.421631 477.456696
598.836792 420.658844
640.805969 436.302704
560.611450 427.407379
479.753632 489.727234
654.521912 628.131531
671.485596 480.055176
484.873505 501.800537
579.958496 440.237030
668.088928 497.847382
622.911316 625.311951
1000.731201 516.650085
564.697388 562.846191
473.825989 469.100342
539.680359 585.467651
551.261719 496.921234
594.043335 553.744202
1014.643616 417.656799
1045.004028 507.590363
64.295685 835.778687
64.295685 835.778687
471.196808 520.619080
483.891479 535.843140
485.285248 591.609253
485.285248 591.609253
485.285248 591.609253
486.650940 582.125366
486.650940 582.125366
486.820313 537.790710
487.622772 512.779236
487.622772 512.779236
487.622772 512.779236
489.171631 567.777405
491.635406 561.323914
491.635406 561.323914
492.848022 540.245850
494.257355 596.321106
496.878479 552.211426
498.750854 571.619141
499.707184 558.637817
499.761414 568.201782
500.085510 983.141479
505.627411 491.325317
505.620331 594.327209
507.242706 519.675354
507.242706 519.675354
509.164764 500.170685
509.164764 500.170685
512.789551 496.288696
512.811523 529.114197
513.322510 613.102844
514.390930 511.367279
514.671509 584.838867
514.671509 584.838867
514.671509 584.838867
517.636597 549.891479
517.326843 578.693176
517.326843 578.693176
520.683350 481.187836
522.241516 574.326050
522.846558 581.740662
522.846558 581.740662
522.844238 593.363342
524.742188 518.299316
524.785278 477.674988
526.785400 545.606384
529.904480 533.229065
530.659851 565.924683
538.304626 597.543762
539.131958 510.381348
539.131958 510.381348
539.131958 510.381348
538.957520 595.670715
539.794189 598.621338
547.909668 498.859528
550.389954 562.679626
550.389954 562.679626
551.261719 496.921234
551.277100 550.726868
551.282776 589.889709
551.769775 459.233948
552.790527 591.228394
552.733398 651.828491
554.776611 457.342224
560.790710 452.579315
560.846924 462.255951
564.395203 484.830933
564.826660 603.746216
564.826660 603.746216
564.826660 603.746216
567.197998 460.117584
567.197998 460.117584
573.642090 580.153931
575.337036 451.896851
577.149414 451.137207
577.149414 451.137207
581.139282 556.140930
586.707397 445.065765
586.283875 458.882233
589.815369 511.725647
593.205872 444.852417
593.205872 444.852417
593.277527 566.819458
593.900574 543.357849
594.043335 553.744202
595.367615 442.151337
595.367615 442.151337
595.254395 445.300049
595.254395 445.300049
596.320618 588.209167
596.320618 588.209167
596.320618 588.209167
597.370605 599.657349
597.370605 599.657349
598.578308 553.263367
601.108154 532.263123
603.262817 508.609467
605.464905 499.975586
606.380005 490.323944
607.622803 601.682800
607.622803 601.682800
609.708130 544.601807
612.326721 505.263672
614.886536 470.748016
614.886536 470.748016
614.886536 470.748016
616.144714 542.672791
616.144714 542.672791
617.848694 582.834839
617.848694 582.834839
618.593750 606.761169
619.918823 596.279297
621.868713 511.850220
622.450562 603.650330
622.847046 488.743530
624.613647 500.210785
624.754883 541.780396
624.754883 541.780396
624.754883 541.780396
628.722717 570.819885
628.849182 604.277039
629.649841 595.104553
629.392456 602.273682
633.364136 616.680542
633.364136 616.680542
633.364136 616.680542
638.791321 598.974854
644.611023 516.157776
644.611023 516.157776
645.236450 489.285767
646.369019 527.831116
646.369019 527.831116
646.369019 527.831116
653.292297 515.696899
653.292297 515.696899
654.371948 582.232239
655.194397 586.588318
655.194397 586.588318
658.764465 556.332397
659.838257 511.638367
659.880249 597.209412
659.880249 597.209412
661.794617 502.158325
662.643921 561.166565
668.380615 524.615601
668.380615 524.615601
674.863281 470.199921
676.685608 523.671692
676.766113 467.061798
678.164063 467.762146
678.016174 470.056915
677.759216 473.709290
678.704773 520.626953
680.047729 470.547913
683.279724 459.848602
689.160645 511.654694
940.413879 444.618530
970.221252 465.532257
974.560974 449.220062
982.269226 434.605865
990.866821 432.212036
992.178223 426.843048
994.815796 427.068726
1002.114014 431.136292
1004.371216 442.207184
1004.371216 442.207184
1007.123718 441.857300
1007.118225 466.606293
1007.395813 471.610504
1013.630859 475.881439
1014.643616 417.656799
1015.625732 439.660400
1019.114075 440.183594
1022.615906 452.912781
1033.351685 427.213257
1035.748169 431.390167
1038.292725 423.902100
1038.292725 423.902100
1042.867676 480.894897
1042.867676 480.894897
1043.667847 441.577087
1047.583862 486.288116
1047.876831 518.359009
1074.748901 584.127258
1079.710327 578.289246
476.072144 524.116028
476.072144 524.116028
476.072144 524.116028
505.949860 540.941101
505.949860 540.941101
524.080994 569.032104
524.080994 569.032104
535.089417 470.760468
540.630554 583.375305
541.576172 566.037354
541.576172 566.037354
543.322998 489.352692
543.322998 489.352692
543.322998 489.352692
564.642761 648.427002
569.208923 567.115662
574.230835 564.552795
577.258484 528.420288
577.258484 528.420288
585.407166 455.430054
618.850891 594.723083
625.473450 519.961853
630.509766 503.894043
636.414917 652.115601
636.414917 652.115601
639.958374 595.998474
644.700134 564.885132
644.700134 564.885132
644.700134 564.885132
647.666260 476.326263
647.666260 476.326263
647.666260 476.326263
667.356628 511.437592
667.356628 511.437592
667.356628 511.437592
679.697754 522.913940
982.218628 507.679504
982.218628 507.679504
986.020325 430.049744
991.049988 441.367767
991.049988 441.367767
1008.389160 418.529663
1013.789612 417.119995
1027.946777 447.656464
1033.207520 467.719482
1036.103760 472.293854
1038.121582 523.259094
1044.857422 482.812164
1045.004028 507.590363
1063.141846 439.072571
503.912445 503.928741
539.070801 594.144287
605.049683 500.500702
638.633484 598.642822
687.358521 465.384705
971.570007 467.211182
982.649963 506.830902
982.649963 506.830902
1004.274414 448.538727
1008.757080 467.374237
1010.540833 437.830994
1012.168335 433.086365
1012.044067 472.235809
1017.282410 430.537048
1026.532471 496.367157
1038.844360 522.509583
1038.844360 522.509583
1047.308838 423.070953
1047.722900 441.559723
1064.163574 438.823975
546.185608 585.382263
546.185608 585.382263
546.185608 585.382263
604.540100 526.485718
656.840759 523.604431
656.840759 523.604431
991.753845 440.897614
1009.940857 450.202484
1022.923523 447.878662
1037.420532 425.756317
1011.052185 469.447266
557.193359 416.762848
598.922607 414.688721
1024.260986 493.914337
560.611450 427.407379
479.753632 489.727234
654.521912 628.131531
671.485596 480.055176
484.873505 501.800537
579.958496 440.237030
668.088928 497.847382
551.261719 496.921234
594.043335 553.744202
1014.643616 417.656799
1045.004028 507.590363
