0.664741 -0.924952 1.745478 0.707686
1.322517 -0.821941 1.077742 1.307704
0.791140 -0.751782 0.983402 0.837605
0.629094 -0.855154 0.921935 0.620812
0.429091 1.112340 -1.203561 0.273283
0.128666 -1.079213 1.172389 0.056525
0.399473 1.039962 -0.994416 0.412809
-0.265279 -1.153998 1.092730 -0.568499
-0.712735 -0.839173 0.794652 -0.739417
0.421037 1.919351 -1.174993 -0.057552
-0.195395 1.138812 -1.844319 -0.914484
0.674205 -1.115516 1.226731 2.124952
0.713390 -0.946010 0.910120 1.672344
-1.042250 -0.571226 0.822579 -0.889995
0.685244 -1.067825 1.075039 1.911852
-0.600746 0.922222 -2.232126 -0.807485
-0.269725 1.058524 -1.674717 -0.868634
-0.732434 0.891945 -1.410760 -0.614111
-0.975362 -0.639362 0.940715 -0.900069
0.557614 -1.029094 1.608205 0.486946
-0.228262 1.106975 -1.437610 -0.837233
0.588651 -1.407215 1.783927 0.744701
-0.910453 -0.744577 0.946238 -0.709037
-0.644961 0.853112 -1.065735 -0.939800
-1.133235 -0.584946 0.109840 -1.544141
-1.059102 -0.308858 0.138881 -1.603336
-1.073422 0.233236 -0.345687 -1.457787
0.272913 -1.051275 1.124696 0.395638
0.492877 -0.921913 1.317339 0.522758
-1.081358 -0.029567 -0.148186 -1.549917
-1.071098 0.096528 -0.174355 -1.433203
-1.052072 0.209336 -0.402898 -1.396605
-0.990657 0.316062 -0.507714 -1.590938
-1.089720 0.341816 -0.539360 -1.826193
1.073137 -0.243224 0.586295 1.344337
-1.063469 0.180404 -0.490872 -1.534949
0.071290 1.228854 -1.241717 -0.276268
-0.700007 -0.868860 1.088749 -0.943919
-0.623119 0.962188 -1.726608 -0.966336
-0.945843 -0.552791 0.737187 -1.319165
-0.653731 0.854070 -1.568658 -1.002964
0.872963 -0.738689 1.227121 1.230697
0.672134 -0.820334 1.088657 0.966480
-1.022228 -0.319023 0.356916 -1.625909
1.104506 -0.189185 0.413106 1.172524
-0.057802 -1.075588 1.220798 -0.101846
-0.900359 -0.522579 0.616991 -1.186599
-0.079641 -1.275771 1.229870 0.227311
-0.910235 -0.555101 0.619197 -1.150535
0.115474 -1.249965 1.167954 0.305135
-0.850788 -0.613802 0.790598 -1.222799
0.894619 -0.949651 0.942919 2.579425
-0.983299 0.483403 -0.448757 -0.998290
0.719500 -0.804488 1.104563 0.836427
0.692679 -0.905954 1.235427 0.764074
0.233163 -1.166983 1.119225 0.349900
0.633189 -0.865798 1.083413 0.655914
0.682233 0.834550 -2.224787 1.678607
1.118470 -0.325090 1.081353 1.471730
-1.011103 -0.476272 0.725415 -1.316930
0.264742 -1.141083 2.137719 -0.155556
1.087819 -0.299974 -0.045361 2.279096
-0.020727 -1.084114 1.423124 -0.254284
1.087737 -0.000580 -0.061503 2.624566
-0.465880 -0.981410 1.466535 -0.963469
-1.027291 -0.902109 1.949451 -0.854577
1.006482 0.521312 -1.223952 1.675541
-1.195729 0.173294 0.256078 -1.699568
1.260506 0.067130 0.582988 1.934027
0.987304 -0.856012 0.560294 1.538179
-0.868355 0.628712 -1.008884 -1.650276
-0.775179 -0.870065 0.750468 -1.063812
-0.871709 0.718759 -0.817244 -1.307660
1.203541 0.066358 -0.528088 1.329039
0.319368 -1.544487 1.110698 0.736023
0.271366 -1.227041 2.249919 1.047199
0.256802 -1.067017 2.203673 1.036776
1.335589 0.348876 -3.945794 3.280171
1.003185 -0.724542 0.887761 0.774328
-0.903802 -0.623699 0.623699 -0.903802
-0.999261 -0.708424 0.708424 -0.999261
0.007543 -1.064542 1.147686 0.094142
-0.986142 0.616325 -0.709665 -0.894767
0.999208 -0.306380 0.409506 1.085152
-1.430457 -1.411272 0.561615 -1.027716
0.041886 -1.057430 1.221871 0.038909
-0.246594 -1.163832 1.273818 -0.156868
-1.180736 0.353279 -0.541413 -1.035676
-0.129534 -1.085279 1.175984 -0.068737
-0.722244 0.832506 -0.941638 -0.771476
1.124927 0.443040 -0.445045 1.007634
-1.211950 -0.050583 -0.063739 -1.134298
-1.245808 0.418953 -0.570150 -0.942625
1.135209 -0.122808 0.205546 1.047698
0.148662 -1.150163 1.228248 0.230919
-1.051771 0.383930 -0.497758 -1.148832
-1.118595 0.305094 -0.560407 -1.405104
-1.313575 0.254465 -0.839570 -1.288668
-0.901695 -0.769060 1.213171 -0.863196
0.011480 1.139725 -1.386580 0.009966
-0.068209 1.147385 -1.284045 -0.370213
0.457439 -0.933945 1.200934 0.694548
-1.187268 -0.166403 0.086375 -1.174874
0.921240 -0.726246 0.768049 0.819729
-0.339601 -1.075131 1.175091 -0.281111
-1.225722 0.239176 -0.595135 -1.245043
-0.652489 -0.892606 1.010498 -0.566210
1.154214 -0.133294 0.330394 1.200149
0.459851 1.126258 -1.030940 0.342374
0.558982 -1.187993 1.424034 0.929707
0.371195 1.370842 -1.625777 0.051376
-1.623734 -0.803491 -0.160463 -1.622445
0.402442 1.463823 -1.800675 0.083861
0.643039 -0.849383 0.943479 0.677581
0.014154 -1.292108 1.307933 -0.038915
-0.102011 -1.105946 1.273308 -0.183257
-1.231416 -0.694664 1.625868 -1.153638
1.115361 -1.015964 1.526422 0.505457
-1.924575 -0.615173 0.701986 -1.278078
-1.041802 -0.198212 0.292599 -1.232293
-0.604444 -0.993826 1.256306 -0.464710
0.724237 -1.213774 1.380561 2.291284
1.397403 -0.064854 0.918074 2.616256
0.802595 -1.749010 1.523912 2.557897
0.515632 -1.020835 1.786561 0.542978
0.834944 0.806100 -0.969193 0.863788
-0.213913 1.213420 -1.764530 -0.945037
0.822792 -0.757746 1.237867 0.860817
-0.665137 0.991211 -1.725946 -0.706516
0.322084 -1.094751 1.212310 0.234727
-0.528959 1.029299 -1.363266 -0.587472
1.711457 0.592399 -0.478405 1.193323
-1.166925 -0.506017 0.245095 -1.350534
-1.094846 0.214216 -0.373808 -1.462935
-1.786920 -1.000038 -0.012985 -2.646168
-1.171308 -0.151158 -0.243375 -1.848913
-1.202669 0.319207 -0.476160 -1.890700
0.160852 1.482170 -1.410163 -0.089447
1.307515 0.480874 -0.503733 1.102883
-1.370521 0.128605 -0.398427 -2.235873
0.895764 -0.765347 0.662200 0.907028
-0.808063 -0.864995 1.091129 -1.103881
-1.029727 1.073598 -1.900729 -1.312389
-1.420706 0.654390 -1.514417 -1.658931
-1.477090 -1.010693 1.437127 -1.080012
1.141036 -1.269215 1.162527 1.823651
-1.509995 -0.371664 0.416222 -2.081779
-0.611135 0.965923 -2.225369 -0.769528
-1.309328 -0.268591 0.521689 -1.814638
-0.510241 1.146161 -2.303625 -1.046776
-1.515844 -0.017303 -1.033253 -1.626728
-1.209487 0.576469 -0.884901 -1.324262
-1.509724 0.217617 0.197883 -1.553132
0.998768 -0.885831 0.927422 2.245134
-1.084447 -1.462388 1.762084 -0.818306
1.036646 1.564745 -2.137352 0.088251
-0.948128 1.328482 -1.203495 -2.559060
1.607023 0.056318 0.471943 1.515289
-0.749820 -1.289503 1.611728 -0.241677
0.513238 -1.027536 1.344575 0.583749
1.815054 0.294304 -1.600565 1.265618
-1.487045 -0.059922 0.842820 -2.018621
1.472013 0.426548 -1.106960 1.928810
-0.287936 1.474337 -2.429807 -0.072895
1.565253 -0.782284 0.270259 1.202436
1.310200 0.404224 -1.256345 2.002814
1.315268 -0.128822 -0.056372 2.323459
0.078865 -1.656562 1.523678 -0.505457
-0.085991 -1.798108 1.586892 -0.653000
1.541498 -0.519583 0.794350 2.117191
1.111243 -0.088205 0.563761 1.966450
-1.310730 -0.243365 0.820265 -2.261319
-1.202964 0.462730 0.200060 -1.791778
-0.020741 1.612166 -1.662971 0.604173
0.921560 -0.879776 1.230646 0.813191
1.154851 -0.466187 0.875934 2.439095
-0.155597 -1.429997 1.553328 -0.174880
-0.377717 1.184752 -1.372848 -0.233057
0.716311 1.091406 -1.381122 0.705290
0.045091 -1.408605 1.829837 -0.051316
0.305238 1.022013 -1.268030 0.270444
1.116221 -1.101132 1.756277 1.118661
0.823042 -1.175766 1.772840 0.899980
1.232508 1.096194 -1.652688 1.278152
1.000819 -0.959126 1.286592 1.066386
1.352852 -0.934811 1.033370 1.180178
0.932688 1.376265 -1.074619 1.379357
1.354731 0.766513 -0.925219 1.251227
0.759459 1.557575 -1.133711 0.829223
-0.957653 -1.705132 1.151132 -1.088120
1.794879 -0.340827 0.463443 1.473758
0.876391 1.298999 -1.535980 0.722092
0.728697 1.831892 -1.209138 0.789680
0.831264 1.734971 -1.082368 0.957039
1.012686 1.251472 -1.440357 0.809072
0.553051 1.347852 -1.567745 0.486709
1.501638 -0.429085 0.480234 1.410367
0.723727 1.223684 -2.052591 0.726901
-0.122274 1.517684 -2.084738 -0.305732
0.977710 -1.166768 1.306167 0.882527
-0.666773 -1.327033 1.490168 -0.664558
1.707411 -0.264942 0.333504 1.496898
1.398376 -1.053402 1.279801 1.047037
0.871670 1.399227 -1.662575 0.663198
1.110697 1.107981 -1.443645 0.867968
1.474884 -0.765512 0.874714 1.334637
1.645998 0.165621 -0.619843 1.757405
0.775712 1.365108 -1.098603 0.745645
-1.206946 -1.088891 1.609220 -1.326257
-1.083883 -0.768013 0.418719 -1.243745
0.725463 1.575191 -1.159728 0.702440
-0.598907 -1.552285 1.612058 -0.478742
0.501449 1.549929 -1.642678 0.226454
0.796135 1.318135 -1.805363 0.530333
1.019912 -0.651975 0.705939 0.871438
0.443312 1.395051 -1.155197 0.274898
0.753264 1.816692 -1.306964 0.701772
-0.834221 -1.598090 0.979803 -0.783650
-0.922157 -1.302047 1.745349 -0.654748
0.767804 1.679010 -1.213066 0.723234
0.363657 -1.402802 1.470986 0.385331
-1.067413 -1.644287 1.023104 -1.164449
0.774946 1.185307 -1.821394 0.633120
0.584690 1.445035 -1.157957 0.495436
-1.011188 -1.063448 1.145556 -0.918564
0.339193 1.454846 -1.671600 -0.163841
-0.042949 -1.283780 1.332758 -0.261178
-1.105227 0.422563 -0.334931 -1.184781
0.572519 1.506575 -1.224657 0.380849
1.488603 -0.791115 0.981444 1.422847
-0.508042 -1.674849 2.088224 0.134698
-0.877513 -1.303844 1.265038 -0.839076
0.934766 1.239004 -0.917601 0.994500
-1.184947 -0.812182 0.730230 -0.790956
1.010134 -1.211074 1.747464 1.082145
0.892280 1.323449 -1.057706 0.938565
-1.337752 -0.370664 -0.028589 -1.686777
-2.385103 -0.104692 -1.077002 -1.960139
0.893138 -0.986097 1.441715 1.110709
1.107846 1.011432 -0.636423 1.117238
0.648826 -1.148785 1.594007 0.915960
1.603785 1.593369 -0.729511 1.370232
-0.140407 -1.308078 1.402351 -0.037814
1.793590 0.351499 1.025238 2.474665
1.600854 -0.266430 1.416200 2.480709
-0.097277 -1.602602 1.892891 -0.125519
0.760047 1.287835 -1.494132 0.729420
0.378331 1.293059 -1.595473 0.204946
0.520382 1.387686 -1.649158 0.261684
-0.039889 -1.224931 1.384799 0.070154
0.785425 -0.965967 1.118857 0.849328
-0.382445 -1.154625 1.194448 -0.361597
-1.062755 -1.063806 1.245439 -1.345412
0.241064 -1.621274 2.367380 0.160094
-0.774695 -1.208017 1.250931 -0.650327
0.165675 -1.299639 1.686282 0.450882
-0.703559 -1.566332 1.668843 -0.457762
1.132420 -0.712495 0.819756 1.194126
-1.156125 -1.122934 1.101128 -0.960322
-0.911487 -1.148085 1.350122 -0.711751
0.231602 -1.381470 1.522696 0.355780
-0.683200 -1.335248 1.623904 -0.104914
1.442614 -0.373931 1.036391 1.838399
-0.880792 -1.242505 1.384641 -1.050801
-0.876593 -1.130639 1.220359 -0.742046
-1.762846 0.487508 -1.103826 -1.377980
-0.846531 1.205274 -1.451079 -0.883826
-0.585313 -1.376353 1.896546 -0.348031
-0.315406 -1.383592 1.690220 -0.064094
-1.118697 -1.142381 1.169917 -0.892420
-0.491151 -1.333235 1.403223 -0.343602
-0.359421 -1.165562 1.198233 -0.219572
-0.939175 -1.259134 1.199241 -0.703452
0.807816 -0.672948 1.025378 1.047157
1.259565 -1.038160 0.925930 1.181638
-0.983452 -1.207004 1.161404 -0.769847
-1.115890 -1.151751 1.301325 -0.803749
0.743252 1.526109 -1.387011 0.020721
0.321173 1.152465 -1.312194 0.214951
1.669689 -0.478045 0.122354 1.713673
-0.114323 -1.700346 1.847258 -1.066343
1.103142 -0.449792 0.931423 1.351701
-1.042748 -1.092818 1.092262 -0.903883
0.444037 1.578115 -1.520129 -0.056953
0.216201 -1.078931 1.200109 0.307047
-0.349413 -1.187863 1.314305 -0.704931
-1.112206 0.465979 -0.639178 -1.256510
-1.474322 -0.928332 0.883561 -1.230116
0.078905 1.545628 -1.510115 0.263522
-0.947943 -0.938432 1.211672 -0.998355
0.255023 1.264747 -1.244566 0.415264
-0.280315 -1.506510 1.741033 0.164696
-0.555589 1.026536 -1.230407 -0.750732
-1.336411 0.121661 -0.322097 -1.219435
1.184283 -0.285071 0.488086 1.122427
0.606367 -0.926518 1.356348 0.881665
-0.191083 -1.330766 1.359319 -0.065643
0.775414 -0.870009 1.186124 1.044325
-0.508483 1.047073 -1.300211 -0.601317
0.144628 1.250948 -1.390886 -0.045795
-0.243335 1.175718 -1.210580 -0.439355
-0.677688 0.801346 -0.892292 -0.738695
1.672040 -0.767192 1.183321 1.375152
-0.792228 1.105402 -1.557905 -0.896448
-0.883382 0.942911 -1.174886 -0.987465
-0.031907 1.134534 -1.148948 -0.114259
-0.896131 0.880689 -1.272049 -0.942064
-0.884329 -0.620839 1.090317 -1.362718
0.583436 -1.248027 1.492593 0.677122
1.491586 1.033719 -1.001893 1.038828
0.395579 1.111008 -1.069590 0.270434
1.370064 1.166312 -1.020957 0.825111
-1.143863 0.546026 -0.771968 -1.227180
0.683257 -1.290855 1.545697 0.918250
-1.222138 0.585906 -0.714542 -1.214201
0.337819 -1.353420 1.507440 0.532830
-0.082512 -1.295328 1.323885 0.048140
-1.274684 -0.138326 -0.136152 -1.446837
-1.148438 0.779695 -0.934655 -1.220137
1.052398 -0.869257 1.122688 1.280241
1.277096 -0.320020 0.419611 1.569876
-1.109987 -1.024699 1.218623 -0.723307
0.908993 1.594074 -1.561743 0.480981
1.019228 0.333394 -0.423247 1.684431
0.692711 -1.167636 1.177755 0.757493
-0.996885 0.831163 -1.030218 -1.026261
0.898941 -0.613578 2.198139 3.700271
-0.394904 2.244826 -1.567887 -0.073066
1.688775 -0.878641 1.403779 1.569645
0.198887 2.240381 -2.862256 -0.248871
1.137481 -0.965753 0.956709 1.085690
-1.198826 1.473395 -2.328587 -0.973604
2.239922 1.039734 -0.121586 3.391759
0.420103 -1.283755 1.541192 0.484184
-1.425860 0.346160 -0.576516 -2.077763
-1.909478 0.342479 -0.695769 -2.499359
-2.185902 -0.681882 -0.033261 -3.311572
-2.252969 -1.588220 0.279536 -3.233028
-1.985912 0.696094 -1.657210 -2.282054
-1.296646 -0.518173 0.664226 -1.695516
0.914710 -2.245371 1.803391 1.582137
0.558416 -2.567614 2.144347 1.137859
-1.742158 0.418324 -1.460754 -2.218952
0.942857 1.717942 -1.765327 1.630689
0.724864 1.370877 -1.772150 1.480086
0.151105 -1.499398 1.579154 0.233991
0.364465 1.685415 -2.080024 0.071220
-0.833120 -1.791203 2.058441 -0.396557
-0.793206 -1.276787 1.753134 -0.148818
-0.918623 -1.963168 2.717873 -0.794713
1.562268 0.524316 -1.340671 2.257143
0.169051 -1.965488 1.862255 -0.364109
-0.119788 -2.167972 2.460033 -0.424669
1.659376 -0.682513 0.892394 2.308960
1.483516 -0.500091 0.866159 2.389663
1.611640 -1.405134 1.234312 2.209836
-2.128889 0.830033 0.199661 -2.454529
2.309745 -0.642464 0.712964 1.879947
2.031378 -1.176187 1.527153 1.734931
1.794992 -0.499008 0.412409 1.866039
1.150196 1.788558 -2.011852 1.000289
2.059459 0.085217 -0.286395 2.457207
1.995227 0.370533 -0.583189 2.435656
0.606727 -1.890130 2.011975 0.463459
-1.956866 -0.952482 1.376905 -1.844983
1.001737 -1.458012 1.752191 0.867745
-1.295538 -1.531505 1.903534 -1.394230
1.917248 -0.514334 0.695942 1.607771
1.726064 1.452379 -1.567509 1.406912
0.191336 -2.109987 2.424212 0.205934
0.314131 -2.046673 2.155513 0.442686
0.340384 1.824470 -2.216046 0.599293
1.980089 0.538841 -0.954711 2.420990
-1.182343 -1.783632 1.155756 -1.301359
0.085154 -2.189620 2.711807 -0.210302
1.004956 1.774836 -2.522839 1.380930
2.034247 0.650847 0.686263 2.500848
0.663308 -1.942769 2.290973 0.687116
-0.805312 -1.834649 2.281526 -0.869311
-1.051503 -1.565393 1.997773 -1.094334
-0.020895 -1.866654 2.628119 0.047311
-0.327373 -1.981684 2.164587 -0.215076
-0.847878 1.677076 -1.796856 -1.011662
1.453500 -1.450377 1.610382 1.423601
0.519788 1.869001 -2.533523 0.395915
-0.842648 -1.920142 2.348274 -0.726299
0.901661 2.285236 -2.144069 0.078455
0.102592 -1.946369 2.133505 0.204563
0.553224 1.982592 -1.872287 0.022380
-0.103069 -1.894698 1.864817 -0.494837
-0.012612 -1.224148 1.225004 0.070536
-1.318528 1.488843 -1.863106 -1.318616
-2.101840 0.367838 -0.461407 -2.200335
-2.357163 0.054221 -0.582917 -2.022904
-1.074311 -1.850751 1.927132 -0.837364
-1.672064 0.995575 -1.270675 -1.655169
-1.600938 -1.519552 1.425791 -1.339207
1.091230 1.657569 -1.817806 0.929755
-1.584929 0.922050 -1.025880 -1.516406
0.834502 1.999730 -2.103927 0.522889
-1.469525 1.198803 -1.530918 -1.625607
-1.200916 -3.507430 3.514238 2.227853
2.192823 -1.066210 1.354411 1.766688
1.338561 -3.129481 2.700086 3.736060
1.082261 -2.230847 2.783930 2.226919
-1.490985 2.951059 -2.901961 -3.951669
1.330033 2.832308 -3.309512 0.708049
2.949934 -1.151922 1.708956 2.335600
2.734072 -0.871976 -0.046534 3.312675
2.816553 -0.817242 0.690014 2.793637
0.883158 -3.010149 3.751321 0.223126
2.456990 -0.666219 0.763537 3.241514
2.430548 -1.833207 1.392135 3.159098
-0.014470 -3.245463 3.616607 -1.568411
-0.596667 -2.880309 3.298931 -0.537434
-0.212010 -3.345740 3.363623 -0.764685
-2.173806 2.107946 -2.382191 -2.027180
1.679948 -0.747186 0.727005 1.659715
0.624869 1.576789 -1.540124 -0.130550
3.697080 1.250515 -3.886330 3.457311
3.701779 -0.536519 2.554868 3.891387
2.218579 1.103213 -1.729147 3.248358
-2.728575 -3.240206 3.458907 -3.094826
-3.140222 -1.737830 0.613328 -4.069970
0.875091 -4.395049 4.248064 0.553147
-1.707105 4.092292 -3.836432 -4.581777
4.072647 -0.766789 1.344849 4.329323
3.611167 -1.203584 1.352561 4.225197
3.679664 -0.701532 0.190399 3.816179
1.614441 -3.323915 4.101091 1.043574
0.627343 -2.295819 2.779413 0.238931
3.799417 -1.462382 2.116237 4.755854
3.765652 -0.628706 1.412755 4.012167
-1.514461 -3.912836 5.275559 -1.449575
-1.987388 -3.121508 3.370344 -1.783241
5.573654 0.783205 4.451216 6.866508
0.127215 5.734675 -4.825784 0.367948
-0.512590 6.249718 -5.312759 -0.886837
-3.131347 -4.495346 4.729095 -3.333286
-4.290523 -3.786766 3.456333 -4.771569
1.149380 4.419769 -6.254704 0.850136
2.079952 5.144341 -6.601949 1.760967
2.064792 -5.164630 6.517272 1.629246
3.931301 3.048810 -4.497768 4.185563
2.097486 -8.564422 8.389846 -4.759302
-1.997078 -4.147552 4.621858 -2.446146
-4.629272 2.455060 -2.628042 -4.438841
3.053602 1.038810 -1.904009 4.505641
2.777610 -6.941818 5.379357 9.656234
-2.353528 -6.868193 7.969357 -2.199848
-1.173170 -8.228510 12.107831 -1.768997
-2.613916 -6.842839 7.565568 -3.020020
-2.862992 -9.564672 10.913584 -2.455098
0.679960 -14.375706 17.533766 -12.573570
-14.026005 -4.239404 15.856709 -12.078142
2.338116 -8.573722 10.183936 2.428580
12.305602 8.792919 -1.101624 17.135130
17.283091 -10.958031 23.199356 11.388342
16.678280 9.183705 -0.571619 20.985498
-5.067470 -21.753220 29.356922 -23.148088
-21.431347 -11.425146 25.626490 -17.978979
-14.887532 -26.433716 34.746174 -29.525478
1.970813 47.517509 -52.266838 0.018244
-31.056664 -30.746115 38.819630 -26.520630
50.778370 0.907386 -7.669144 51.660156
43.250587 7.643590 1.532993 50.230293
-49.387665 -52.433689 55.410950 -62.238358
-68.658554 -64.394188 72.670372 -93.894424
113.452774 12.757840 -37.032360 139.409454
152.378647 -81.885735 4.127073 311.398315
0.814816 -1.640237 1.610680 2.705067
-1.230632 0.351117 -0.559256 -2.020213
-1.098119 -0.318019 0.366192 -1.703313
-1.264363 0.172426 0.260582 -1.758409
1.327592 -0.197552 0.733239 2.107443
1.344238 -0.584330 0.953986 2.138039
-1.246909 -0.086032 -0.029136 -1.167021
0.505933 -1.006601 1.307711 0.765710
-1.760806 0.357626 -0.668183 -2.223816
1.689712 -0.214936 0.231903 1.365508
1.407274 -0.568845 0.580565 1.160778
-1.202446 -1.114240 1.092871 -0.711688
-0.701908 0.972403 -1.089658 -0.760092
-0.023456 1.223480 -1.238147 -0.132671
-1.003187 -0.755304 1.358090 -1.606828
-1.720596 -0.806471 0.841532 -2.125797
2.538468 -2.331497 2.887584 1.942785
0.858851 -0.765658 0.946073 0.851910
0.524720 -0.973335 0.934404 0.551861
-1.060942 -0.162359 0.151140 -1.107055
1.027313 -0.314104 0.305070 1.073904
1.138410 -0.092941 0.511765 1.917963
-0.786535 0.908968 -1.069711 -0.540524
-0.666781 0.883038 -1.131235 -0.526662
-1.067405 0.520561 -1.062326 -1.337644
0.367155 1.179335 -1.120619 0.140617
-0.804872 -0.721283 0.721415 -0.842622
1.130929 -0.074338 0.167421 1.216040
-0.763079 -0.934856 0.996204 -0.553057
-0.749293 1.305212 -0.993537 -0.507505
1.515082 -0.825969 0.268877 1.099642
-0.924100 0.708577 -1.036721 -1.800801
-1.089932 -1.755390 0.860697 -0.814599
0.453141 -1.174137 1.251619 1.319125
1.248016 0.247990 0.462971 1.748482
-1.033543 -1.631429 0.838853 -0.676114
1.153202 0.390901 -0.075975 1.665643
0.911294 -2.003878 4.064804 -2.620250
-0.763687 -0.854127 1.100582 -0.628500
0.644682 0.915043 -1.174259 0.535949
-1.087234 0.643152 -0.782573 -0.843149
1.062289 0.609858 -0.609858 1.062289
-1.147704 -0.090570 0.003692 -1.064852
-0.639093 -0.935608 1.033276 -0.552360
-0.172317 -1.126356 1.066029 -0.052392
0.645204 0.974820 -0.865923 0.566700
1.077582 -0.391970 1.095644 1.701249
-0.811050 0.755543 -1.305303 -1.573863
-0.520574 -1.041726 1.190070 -0.335020
-1.175880 0.069602 -0.130471 -1.085224
1.167753 -0.124533 0.189920 1.080300
0.114578 1.086065 -1.177535 0.054938
0.971292 -0.562972 0.681843 0.985548
0.633998 1.011659 -1.003178 0.514576
-1.037557 -0.640752 0.576016 -0.936845
0.941231 -0.658903 0.760006 0.881736
0.002534 -1.129843 1.213622 0.112445
0.120896 1.053917 -1.147315 0.044867
-0.088792 -1.054759 1.150245 -0.015402
-1.148572 0.033308 -0.108308 -1.054345
-1.234781 -0.164152 0.077525 -1.161573
0.102507 -1.185252 1.159084 0.249792
-0.107832 1.145973 -1.507717 0.152663
-0.712802 -0.977372 1.189391 -0.586357
-1.386602 -0.006423 0.008459 -1.139750
0.978669 -0.520869 0.834045 1.087312
-0.676028 0.785955 -1.092922 -0.858443
0.738114 -0.878754 0.933945 0.797377
-0.079298 -1.186598 1.187762 0.001676
1.005399 0.569344 -0.654031 0.935540
-1.183109 0.254511 -0.310518 -1.081736
0.134210 1.250887 -1.355938 -0.206443
-0.931812 0.593793 -0.757031 -1.051445
-0.590333 0.919185 -0.962189 -0.735375
0.869987 -0.787654 1.380356 1.630193
0.893952 -0.979030 0.954850 0.844132
-0.925160 -0.881820 1.648658 -0.714187
-0.887592 1.211489 -1.846335 -0.737710
-0.215440 -1.186814 1.060449 -0.386400
1.148561 -0.611840 0.790232 0.910657
1.153935 2.562149 -1.209971 0.533287
1.449041 0.331196 -0.196404 1.137932
-0.522772 1.177506 -1.698431 -0.623246
-0.234733 -1.478219 1.132837 -0.030598
-1.342347 0.232124 -0.461019 -1.466610
1.227877 0.955725 -0.711866 1.136405
-0.119280 -1.478895 1.414286 0.133030
-0.158100 1.188455 -1.392246 -0.187529
0.078254 -1.531144 1.520625 -0.339375
-0.448991 -2.411930 1.286879 0.088984
-0.658571 -1.511324 1.539980 -0.123171
-0.586115 -1.016037 1.476322 -1.012664
-0.951553 1.765290 -0.909755 -1.516182
1.479286 -1.185469 0.580803 1.501421
-1.165717 -0.706839 1.186173 -1.569867
-1.308324 0.812144 -0.851661 -1.189915
1.483052 0.419812 -0.487435 1.378127
1.386203 0.187889 -0.325301 1.192749
-0.471712 -0.976786 1.215960 -0.404401
1.265301 -0.279405 0.316357 1.019600
-0.579559 1.370409 -1.998642 -0.765423
-0.834862 1.169730 -1.767305 -0.907811
-1.137569 0.834707 -1.167430 -1.166347
0.241932 -1.493807 1.685090 0.187705
0.567238 1.451395 -1.764826 0.426119
0.732100 -1.345924 1.609759 0.630320
-1.754712 -0.201101 0.219730 -1.472540
1.031955 -1.172582 1.426615 0.919692
0.833355 -1.396078 2.010579 0.277041
1.139708 -1.166484 1.749900 1.017915
-1.588703 0.404167 -0.375779 -1.428042
1.362546 -0.870654 0.899253 1.201922
0.306545 1.500889 -1.712456 0.241311
0.922365 1.261959 -1.656077 0.783201
1.032591 -1.257792 1.567712 0.903121
1.734955 -0.440323 0.554697 1.336827
-0.795982 -1.373029 1.518822 -0.694302
0.896627 1.323065 -1.461666 0.785343
-0.572545 1.442667 -1.616354 -0.534769
-1.244066 1.532292 -1.243308 -0.876347
-0.419762 -1.542993 1.708015 -0.857366
1.341489 0.287232 -0.095214 1.528726
0.416821 1.546223 -1.967884 0.744203
0.810601 -0.842406 0.832498 1.194612
1.206781 0.546579 -0.273285 1.312626
-1.277089 -0.647857 0.158061 -1.657793
1.515263 0.032667 0.004935 1.454396
-1.471039 -0.385125 0.363441 -1.402859
0.073952 1.454374 -1.513465 0.033616
-0.579372 -1.056363 0.999016 -0.682908
1.255469 0.838097 -0.501357 1.308591
1.127338 -1.016026 1.048551 1.171217
0.374964 -0.984335 1.340425 0.562436
-0.751577 -1.928998 2.506747 0.363413
-0.604152 1.178479 -1.584688 -0.904017
-0.663910 -1.424695 1.091596 -0.491386
1.413542 -0.429933 1.051766 2.057065
-1.588186 -1.621663 0.762876 -1.336626
-1.990504 -2.086070 0.778621 -1.368655
-0.652046 -1.336374 1.544324 -0.636143
1.283814 0.557075 -0.520655 1.093181
-1.155059 -0.802270 0.731145 -1.005392
0.722693 1.159402 -1.160366 0.556989
1.241790 -0.162016 0.175861 1.199025
1.503996 -0.970689 0.646964 1.414065
0.995681 1.477603 -2.161300 0.686184
0.481949 -1.266646 1.390218 0.527104
1.390612 0.264528 -0.143435 1.365142
-1.198325 0.607853 -0.719994 -1.250640
-0.974234 1.050399 -1.305567 -0.849323
-1.057311 0.933170 -1.119972 -1.078995
-1.391539 -1.665950 1.104021 -0.862639
-1.159840 0.815054 -0.955230 -1.079196
0.435411 1.309721 -1.438092 0.337056
1.603555 0.894742 -1.169655 1.102229
-0.562394 1.338896 -1.903468 -0.472048
-0.177088 1.344924 -1.710253 -0.331080
-1.523002 0.352637 -0.548320 -1.406092
0.696134 1.364363 -1.461365 0.489856
1.166799 -0.309180 0.451138 1.145057
0.908861 -1.010816 1.222375 1.028841
0.912441 1.125309 -0.933497 0.532049
1.192310 -0.730789 0.945745 1.231045
-1.389257 0.403435 -0.621290 -1.373595
0.186778 1.431516 -1.510348 -0.016917
1.835568 -0.725726 -0.236900 1.871253
-1.431521 0.354755 -0.480734 -1.373100
-1.207322 0.975524 -1.223388 -1.193038
0.249826 -1.163348 1.351787 0.385283
0.436211 1.133745 -1.204356 0.236073
-0.603867 0.928141 -1.357463 -0.879956
-1.281328 0.363756 -0.492403 -1.281768
1.372684 0.119601 0.000665 1.327005
0.171863 -1.241778 1.406634 0.552736
-1.160336 -0.812541 0.776353 -0.893152
-1.396887 -0.232106 0.064718 -1.230080
1.005992 -0.735117 0.971320 1.013199
1.274791 1.330192 -1.603395 0.842742
-0.604222 1.446410 -1.957264 -0.622513
-0.034394 -1.568280 2.048117 0.141853
0.071701 -1.378265 1.746297 0.354851
-0.748601 -1.272665 1.265037 -0.494460
0.898677 -0.929912 1.163229 0.999716
0.978193 -0.526757 0.603521 1.011312
-0.164021 -1.283205 1.547338 0.128392
-0.165336 1.383189 -1.594018 -0.320708
-1.526637 -0.596483 0.487451 -1.288516
1.410066 0.824625 -0.761542 1.155880
-0.524872 1.157000 -1.626019 -0.838119
1.149693 0.926406 -0.763258 0.972567
0.637789 -1.064819 1.223757 0.818703
0.472801 1.302502 -1.334411 0.347932
-0.810349 1.106096 -1.315231 -0.944565
1.289615 -0.176819 0.310442 1.284106
-0.415424 1.184655 -1.259724 -0.526105
0.724031 -1.010624 1.057892 1.044562
-1.447199 -0.465994 0.313221 -1.370952
0.812607 1.293320 -1.237805 0.651141
0.984883 -0.964106 1.105666 1.080351
-1.141874 0.760096 -1.031549 -1.347917
-1.007081 0.890446 -1.304952 -0.883339
1.023659 0.966683 -0.905029 1.001346
1.332916 -0.334230 0.527696 1.277629
1.148809 1.205125 -1.137742 1.895325
-1.608900 0.257640 0.160190 -2.231189
2.379090 -0.904987 1.603744 2.064520
-0.132729 -1.443110 1.480385 -0.169806
-2.549036 -0.589359 0.601596 -1.664768
0.875249 -2.686665 2.094743 2.399322
1.662132 -1.088061 1.981795 2.123309
-2.210414 -0.258695 -0.155318 -2.796506
-1.976363 0.980833 -0.315191 -2.156023
2.155334 -0.140077 0.534604 1.829220
2.841652 -0.413898 0.394609 2.077086
2.345725 -0.969941 0.750790 1.984857
-1.596883 1.530044 -1.814720 -1.267251
-0.114286 2.086819 -2.538825 -0.196437
-0.562137 -2.064334 2.478446 -0.363217
1.757501 -1.321030 1.510526 1.566652
-1.776575 -1.053593 1.080358 -2.221502
-1.982575 -0.421465 0.624849 -2.427361
1.905950 0.726106 -0.885166 1.805590
-2.098700 0.002161 0.107799 -1.946119
2.204584 -1.060046 0.930054 1.785353
2.197016 -0.891329 0.689191 1.869470
0.805159 1.819375 -2.157216 0.989575
0.924011 1.533260 -1.818345 0.706102
-1.257856 1.629328 -1.963207 -1.197537
1.218730 -1.652725 1.987732 1.165035
-1.135255 1.708485 -1.859061 -1.210750
-1.574370 -1.127252 1.596271 -1.554717
2.328156 0.881035 -1.393139 2.015549
-0.630836 2.186994 -2.638786 -0.236048
-2.353394 -0.535166 1.355062 -2.184172
-0.484113 -2.013656 2.672132 -1.001099
-0.134846 2.068377 -2.142647 -1.549083
1.423443 1.509910 -1.956450 1.357133
1.002321 1.591693 -2.022896 1.055716
-1.727088 1.365862 -1.981063 -1.273208
-2.160508 -0.403981 0.353289 -1.951955
-1.886441 -0.800748 0.623643 -1.787413
1.648507 -0.922299 1.109060 1.727833
-1.164115 -1.759015 1.830527 -1.017890
-2.146212 1.076156 -1.443154 -1.578545
-1.916156 -1.255773 1.240172 -1.542218
0.199082 2.228884 -2.142660 0.094097
-0.405145 -2.021300 2.394132 0.097095
-2.097946 0.465281 -0.683083 -1.977365
-1.789089 0.904088 -1.181119 -1.812495
1.075057 -1.617204 1.854760 1.219493
-1.896112 -0.900062 0.948662 -1.673878
-0.061205 -1.774713 1.886978 -0.007607
1.658227 0.891994 -0.902615 1.534278
0.458013 -1.958350 2.216557 0.661210
-1.448574 1.415623 -1.739119 -1.506103
1.375805 -1.293428 1.615665 1.551377
2.945408 0.988776 2.261999 4.035804
2.993079 2.464803 -0.351699 4.204348
-2.942966 -1.741824 0.510402 -2.627146
2.650846 -0.822876 1.901954 4.862850
2.998627 -1.230404 1.931345 2.647528
1.002473 2.534699 -3.258480 0.597709
-2.041211 -2.185381 2.730585 -1.416356
1.872823 1.976326 -3.093959 3.014478
2.546286 -2.636673 2.208016 2.196969
1.094276 2.776059 -3.033616 0.919995
1.308987 -0.307975 1.024205 1.551921
3.512011 -3.030366 2.659876 3.300570
0.953807 -3.854981 3.054082 2.173437
3.221932 -1.656855 2.692875 5.915603
-3.605740 1.827134 -2.322437 -3.999073
0.473738 -3.880122 3.654005 -0.004555
-2.848835 0.229525 0.053249 -2.296778
-1.881879 3.127749 -3.430374 -1.772272
4.734219 0.910656 -0.944217 5.673851
-4.794603 -0.453617 0.562276 -5.728536
5.307091 0.952330 -0.568278 6.240074
-5.288940 -1.128050 0.717821 -6.210713
1.090636 -5.979686 5.400494 1.162251
4.296899 -4.331864 4.149903 2.837098
-7.808402 2.969222 3.717233 -9.337237
0.448992 4.705019 -5.014808 1.024021
5.034062 -0.514844 -0.090024 4.787563
-5.016551 1.005326 -0.429071 -4.709049
-2.872704 -4.300683 4.481555 -2.689751
5.895852 7.661681 -1.375329 9.095621
11.163929 -1.378279 1.633928 9.778078
-15.914667 6.055602 7.390445 -18.113125
-35.976002 4.892307 11.604411 -39.326332
-50.058849 12.066709 -15.159754 -45.959858
28.034145 -34.355927 41.055653 21.641109
93.631859 16.506948 -35.043629 112.651207
-82.258156 -77.430435 86.466888 -116.628845
-1.137710 -1.917625 1.002874 -0.896134
-1.139826 -2.029964 1.190740 -0.889887
-0.107884 -1.170126 1.242575 0.012104
-0.698852 0.878498 -1.215600 -0.909835
0.025933 -2.199561 1.883145 0.484958
0.398837 1.337354 -1.658262 0.349704
-0.685714 -1.254467 1.561634 -0.580622
0.158121 -1.236368 1.617170 0.468427
1.035893 -0.580113 0.678589 1.085346
-2.417412 -2.308624 2.989662 -1.969911
