0 173
1 420
2 104
3 743
4 511
5 181
6 185
7 184
8 182
9 596
10 661
11 385
12 276
13 660
14 645
15 284
16 200
17 104
18 181
19 238
20 429
21 762
22 297
23 186
24 577
25 364
26 190
27 643
28 606
29 619
30 192
31 194
32 302
33 95
34 200
35 16
36 185
37 626
38 16
39 143
40 333
41 384
42 206
43 739
44 539
45 587
46 278
47 211
48 679
49 222
50 254
51 365
52 203
53 384
54 204
55 208
56 213
57 632
58 10
59 414
60 374
61 670
62 271
63 258
64 108
65 207
66 393
67 388
68 236
69 534
70 223
71 224
72 94
73 371
74 229
75 237
76 739
77 222
78 237
79 374
80 240
81 426
82 477
83 297
84 739
85 223
86 413
87 754
88 621
89 96
90 232
91 708
92 577
93 381
94 245
95 236
96 246
97 241
98 643
99 606
100 397
101 647
102 396
103 240
104 84
105 238
106 248
107 119
108 292
109 252
110 253
111 734
112 751
113 371
114 714
115 218
116 391
117 571
118 97
119 279
120 237
121 256
122 389
123 258
124 93
125 212
126 625
127 647
128 363
129 389
130 259
131 263
132 711
133 268
134 566
135 280
136 279
137 386
138 539
139 269
140 670
141 292
142 384
143 275
144 288
145 265
146 615
147 321
148 237
149 97
150 276
151 237
152 295
153 296
154 654
155 119
156 103
157 92
158 300
159 692
160 700
161 205
162 476
163 539
164 398
165 397
166 196
167 617
168 306
169 310
170 617
171 311
172 605
173 321
174 324
175 103
176 322
177 321
178 527
179 103
180 41
181 106
182 93
183 14
184 750
185 178
186 674
187 326
188 125
189 167
190 239
191 446
192 116
193 20
194 337
195 37
196 126
197 124
198 62
199 162
200 494
201 20
202 135
203 681
204 9
205 122
206 411
207 336
208 470
209 412
210 40
211 194
212 168
213 48
214 38
215 728
216 75
217 9
218 60
219 144
220 601
221 57
222 57
223 615
224 615
225 291
226 153
227 20
228 166
229 414
230 60
231 162
232 161
233 352
234 164
235 32
236 683
237 416
238 544
239 443
240 443
241 443
242 750
243 358
244 286
245 381
246 607
247 366
248 222
249 372
250 285
251 41
252 296
253 271
254 225
255 230
256 97
257 389
258 718
259 378
260 96
261 379
262 358
263 243
264 142
265 279
266 389
267 389
268 230
269 288
270 386
271 281
272 388
273 385
274 291
275 713
276 394
277 321
278 596
279 596
280 394
281 378
282 693
283 268
284 679
285 337
286 735
287 52
288 355
289 269
290 705
291 559
292 146
293 186
294 171
295 135
296 591
297 340
298 343
299 146
300 424
301 151
302 425
303 148
304 63
305 126
306 238
307 407
308 59
309 560
310 355
311 411
312 738
313 85
314 413
315 414
316 415
317 416
318 178
319 420
320 726
321 441
322 471
323 586
324 45
325 146
326 332
327 727
328 210
329 343
330 423
331 577
332 413
333 438
334 414
335 424
336 408
337 407
338 442
339 437
340 10
341 426
342 118
343 547
344 411
345 432
346 431
347 445
348 446
349 433
350 251
351 276
352 449
353 564
354 269
355 422
356 20
357 413
358 440
359 449
360 20
361 442
362 451
363 427
364 449
365 450
366 437
367 413
368 756
369 134
370 440
371 441
372 132
373 444
374 448
375 450
376 425
377 451
378 459
379 457
380 461
381 460
382 461
383 460
384 460
385 461
386 463
387 463
388 466
389 458
390 432
391 469
392 390
393 371
394 253
395 416
396 560
397 173
398 173
399 661
400 570
401 573
402 641
403 598
404 572
405 587
406 571
407 254
408 598
409 596
410 315
411 381
412 609
413 659
414 211
415 384
416 240
417 604
418 238
419 468
420 222
421 710
422 266
423 656
424 373
425 733
426 606
427 577
428 647
429 604
430 580
431 581
432 581
433 714
434 660
435 632
436 198
437 743
438 205
439 586
440 576
441 771
442 723
443 191
444 585
445 592
446 321
447 247
448 769
449 637
450 735
451 470
452 570
453 615
454 584
455 700
456 620
457 603
458 739
459 603
460 702
461 739
462 739
463 607
464 613
465 198
466 720
467 380
468 600
469 380
470 609
471 197
472 241
473 607
474 720
475 165
476 516
477 379
478 409
479 239
480 768
481 614
482 615
483 240
484 689
485 445
486 182
487 391
488 672
489 620
490 357
491 257
492 380
493 603
494 590
495 93
496 647
497 267
498 624
499 415
500 619
501 710
502 254
503 382
504 626
505 579
506 582
507 642
508 635
509 670
510 628
511 321
512 597
513 713
514 633
515 632
516 634
517 253
518 670
519 603
520 716
521 641
522 642
523 316
524 523
525 240
526 395
527 650
528 644
529 647
530 632
531 696
532 617
533 103
534 721
535 722
536 720
537 312
538 663
539 666
540 654
541 327
542 668
543 662
544 670
545 671
546 321
547 670
548 93
549 321
550 1
551 721
552 459
553 327
554 469
555 421
556 54
557 167
558 341
559 20
560 328
561 494
562 15
563 731
564 422
565 491
566 550
567 149
568 754
569 424
570 452
571 491
572 408
573 160
574 42
575 366
576 333
577 330
578 684
579 349
580 560
581 507
582 749
583 672
584 714
585 620
586 383
587 692
588 694
589 381
590 723
591 639
592 672
593 630
594 360
595 642
596 642
597 719
598 706
599 707
600 696
601 668
602 608
603 280
604 315
605 397
606 482
607 717
608 734
609 597
610 598
611 596
612 391
613 597
614 769
615 282
616 260
617 668
618 119
619 633
620 586
621 443
622 626
623 200
624 35
625 200
626 122
627 384
628 604
629 732
630 499
631 593
632 336
633 733
634 534
635 735
636 434
637 401
638 197
639 436
640 745
641 747
642 689
643 202
644 738
645 399
646 767
647 414
648 731
649 732
650 441
651 154
652 173
653 753
654 751
655 752
656 754
657 646
658 618
659 628
660 737
661 748
662 741
663 746
664 454
665 755
666 739
667 444
668 758
669 465
670 465
671 758
672 760
673 465
674 700
675 615
676 200
677 593
