1.411217 -0.135952 -0.872963 1.822478
-0.861917 -0.629798 0.794595 -1.143675
0.904350 0.637080 -0.717586 0.967438
-1.062145 -0.136457 0.243846 -1.120770
-1.018852 -0.299919 1.749615 -4.961938
0.205829 1.127562 -1.227311 0.403048
0.827420 0.642508 -1.078900 1.652666
-1.062708 0.227329 -0.186127 -1.450504
1.024945 0.457731 -0.520360 0.972252
0.879923 0.660652 -0.809716 0.870419
-1.014504 0.410170 -0.363797 -1.560834
0.186471 -1.073866 1.233205 0.217392
0.206303 -1.291810 1.160024 0.024959
-1.052909 -0.153418 0.366892 -2.044379
-0.693216 -0.823310 1.150067 -0.852006
0.204756 1.070269 -1.231008 0.252704
-0.684433 -0.858243 1.057587 -0.641238
-0.846902 -0.939361 0.951343 -0.749587
-0.463469 0.962813 -1.099656 -0.588423
-1.206634 -0.168064 0.079523 -1.119127
1.161870 -0.132865 0.161428 1.058844
-1.060201 -0.302404 0.378576 -1.097083
0.142580 1.060086 -1.262016 0.189972
0.161116 -1.060866 1.229711 0.145451
0.824403 -0.914901 0.688016 1.161048
0.743907 -0.954548 0.830871 0.969963
0.095682 1.124294 -1.249557 0.225527
0.112479 -1.066450 1.185723 0.159955
0.485462 0.950498 -1.139381 0.672914
0.722618 -1.000361 0.778374 0.963389
0.348012 1.009421 -1.199617 0.456257
0.217887 1.042229 -1.135141 0.345026
0.011309 -1.137498 1.193046 -0.252601
0.007613 -1.149997 1.293009 -0.184255
-1.102786 0.096556 0.034225 -1.306426
-1.082493 -0.050418 0.199803 -1.382159
-1.066043 0.002595 -0.017695 -1.414074
0.084283 1.074447 -1.345194 0.177587
-0.316927 -1.025675 1.183452 -0.327735
0.465062 1.039168 -1.191171 0.567140
-0.518390 -0.931201 1.080611 -0.569291
0.487583 1.063525 -1.044522 0.491278
-0.242350 -1.139782 1.132414 -0.485916
-1.149140 0.068999 0.373717 -1.679621
-0.944874 -0.478769 0.643564 -1.191800
-1.192231 0.066530 0.377121 -1.421153
-1.072392 -0.328838 0.516410 -1.289639
-0.825428 -0.634249 0.776614 -1.009393
0.002354 -1.117335 1.322705 -0.101928
1.468213 -1.643203 3.294256 -0.842705
0.508753 0.952531 -1.476181 0.700642
-0.041800 -1.102684 1.242807 -0.171151
0.092126 1.112477 -1.136608 0.129408
1.437192 -1.463209 2.790168 -0.408498
1.096275 0.050792 -0.136806 1.128033
1.087436 0.138714 -0.217555 1.285094
-0.122970 -1.056833 1.548213 -0.115868
1.087370 -0.072286 0.045284 1.248620
1.071758 0.041779 0.016965 1.390845
1.039896 0.080864 -0.043205 1.310451
1.195397 0.086012 -0.133199 1.069406
0.054731 1.053804 -1.137805 0.064832
-0.201752 -1.052633 2.194670 -0.614272
1.018619 0.163044 -0.222602 1.381813
1.201946 0.302342 -0.463219 1.108217
-0.075179 -1.099420 1.237827 -0.179038
0.006086 1.115515 -1.144246 0.074797
1.147022 -0.201232 -0.050987 1.245899
1.132960 0.384681 -0.568287 1.022419
-0.221674 -1.069280 1.834033 -0.166267
0.815506 0.707175 -0.949288 0.890329
-1.105103 -0.094598 0.234950 -1.154759
1.080984 -0.043652 0.008190 1.083970
0.294334 1.030874 -1.104441 0.284776
1.045842 0.138118 -0.179157 1.205849
0.912081 0.509303 -0.595076 0.937315
0.987356 0.440266 -0.581319 1.040570
1.014598 0.376831 -0.513099 1.072033
0.961410 0.451077 -0.463962 0.953189
-0.102311 -1.076066 2.579003 -0.598985
-0.397412 -1.502718 2.451464 -0.372730
0.630122 0.926651 -1.047497 0.774937
-0.113029 1.200524 -1.991963 0.125182
-0.106345 -1.117846 1.273787 -0.180417
0.403082 0.975888 -1.302114 0.435235
1.136295 -0.078114 0.099884 1.149870
0.030941 1.102283 -1.206195 0.215592
-0.256086 -1.035955 1.269068 -0.384350
-0.130715 -1.065754 1.246399 -0.242444
1.065878 -0.298107 0.267861 1.112399
-1.006519 0.406300 -0.441492 -1.906777
0.103104 1.040871 -1.342311 0.149122
0.060188 1.078139 -1.694264 0.207011
-0.194471 -1.046521 1.466432 -0.333455
-0.073643 1.140865 -1.231723 0.142009
-0.201838 -1.048497 1.205403 -0.263714
-0.840906 0.664364 -0.610425 -1.033778
-1.006095 0.567651 -0.475730 -1.160891
-0.118194 -1.127911 1.297993 -0.189512
-0.075653 -1.077495 1.138986 -0.132668
-0.058049 -1.075788 1.196254 -0.056026
0.333915 0.988978 -1.339740 0.365295
-1.034109 0.173426 -0.167719 -1.185679
-0.048830 -1.068305 2.877150 -0.462351
-1.031900 0.174855 -0.125094 -1.103492
-1.107493 0.135088 -0.178021 -1.270642
-1.031935 0.179778 -0.172536 -1.040017
-0.137729 -1.103232 1.284565 -0.204562
-0.127970 -1.067270 1.141959 -0.173331
-0.625947 -1.079034 1.226529 -0.478915
-1.045429 0.137900 -0.128102 -1.035029
0.178426 1.113887 -1.500375 0.747421
-1.027867 0.216107 -0.210650 -1.708789
-1.086555 0.238236 -0.239718 -1.691113
-1.008188 0.411195 -0.526415 -1.065542
-0.063664 -1.058243 2.502608 -0.316519
-0.096134 1.068302 -1.415423 -0.030807
-0.113044 -1.140195 1.321923 -0.212241
-1.102011 0.376064 -0.489504 -1.075879
0.181165 1.269644 -1.413981 0.820809
-1.084975 0.143534 -0.285058 -1.442199
0.200653 -1.052584 1.160476 0.233158
0.307434 1.005248 -1.304230 0.339658
0.074243 -1.141319 1.205083 0.122722
0.027015 1.081260 -1.418943 0.083713
-0.174566 1.064430 -1.397400 -0.115488
-0.014801 -1.129000 1.540744 -0.216021
-0.016720 -1.037013 2.172734 -0.186314
-1.123212 0.163739 -0.353856 -1.460160
-0.231658 -1.026511 1.142797 -0.257310
-1.034598 1.029850 -1.115749 -0.552083
-0.042020 -1.071816 1.146225 -0.125932
0.817510 0.692912 -0.716990 0.879874
-0.140781 1.041792 -1.329466 -0.100370
-0.018006 1.134046 -1.324474 -0.022048
0.039031 -1.075042 2.028052 -0.097089
0.009683 1.061780 -1.232090 0.030675
-0.091801 -1.079004 1.075254 -0.132360
-1.090853 0.080661 -0.097040 -1.158659
0.896615 0.557572 -0.685925 1.020823
1.069243 -0.098341 0.062099 1.382521
0.090426 -1.067825 1.717255 -0.018743
1.056680 -0.224465 0.328206 1.122538
1.076098 0.002498 0.072157 1.740192
0.516293 1.986588 -1.408455 0.633609
-0.020164 1.032152 -1.177588 -0.003381
0.421052 -0.996773 1.093715 0.580166
1.089788 -0.329904 0.256615 1.106543
0.132458 -1.062820 1.461291 0.022233
-0.694859 -1.082689 1.952404 -0.129879
-1.071946 -0.283226 0.176570 -1.147642
1.058537 -0.184300 0.386082 1.281208
-0.261090 1.190097 -1.347048 -0.717619
0.595208 -0.903646 0.981953 0.675226
0.988302 -0.380748 0.502253 1.132465
-0.403084 0.988136 -1.089565 -0.532163
-0.414182 0.988586 -1.079996 -0.409300
-0.448058 0.975384 -1.092713 -0.552125
-1.007964 0.370716 -0.750488 -1.611913
-0.791689 -0.733421 0.748437 -0.806482
0.302300 -1.036346 1.208678 0.343102
-0.502243 0.979423 -1.203481 -0.567644
0.082180 -1.158019 1.231319 -0.140753
1.243979 -0.371584 0.208397 2.157093
1.031948 -0.434671 0.198329 1.721658
-0.402504 -1.069893 1.178217 -0.342723
1.123732 -0.015032 0.056433 1.976029
-0.899449 0.983117 -0.640117 -1.522313
-0.769529 -1.133227 0.792904 -1.301041
1.116974 -0.216792 0.103227 1.054762
0.554259 0.950998 -1.012942 0.581276
1.055202 0.135367 -0.148537 1.116706
-0.451385 -0.955665 1.133054 -0.420193
-0.796280 -0.939078 0.712793 -0.971831
-0.850396 -0.630530 0.630897 -0.984736
0.822026 -0.881630 1.432034 0.742073
0.739454 -0.949656 1.076969 0.635507
0.509591 -0.972229 1.100643 0.511197
-0.074600 1.057040 -1.476323 -0.098376
1.069742 -0.270712 0.417950 1.094801
0.890125 -0.912549 1.000218 0.630484
-1.082442 0.519325 -1.153667 -1.166927
0.351189 -0.984973 1.340980 0.323503
1.125050 0.584359 -0.750403 0.996282
-1.058136 0.328585 -0.441923 -1.041424
-0.214803 -1.091561 1.067886 -0.302103
0.440138 -1.138057 1.152043 0.362437
-0.607017 0.961315 -1.312254 -1.142223
0.639632 0.843881 -1.052225 0.662828
-0.692605 -1.057035 0.890755 -0.776723
0.411200 0.970365 -1.062800 0.601700
-0.641416 0.905325 -1.144031 -1.024269
-0.587070 0.915542 -1.133001 -1.098078
0.619629 -0.878214 0.915041 0.602437
0.480700 -1.054124 1.118287 0.983255
0.905750 1.144918 -0.743283 0.766312
-0.110704 1.117747 -1.519021 -0.451761
0.767047 -0.873165 0.783272 0.811971
0.849541 1.114233 -0.737890 0.791786
0.047011 1.035481 -1.811139 0.163897
0.366029 1.141886 -1.298158 0.060459
1.056960 -0.475454 0.887438 1.103320
0.674753 1.157211 -0.865708 0.593482
0.660376 1.153529 -0.863056 0.677924
0.774439 1.131329 -1.221446 0.366088
0.649280 1.177352 -0.989512 0.414197
-0.931507 -0.926727 0.595743 -1.213208
-0.897892 -0.735005 0.731204 -1.704866
-0.827769 0.682324 -0.802171 -1.161365
-0.874611 0.557793 -1.027006 -1.412334
-1.075181 0.145110 0.177161 -2.084166
0.333208 1.126310 -1.212112 0.049425
0.815372 0.948334 -0.723704 0.979088
-0.578974 -0.992524 1.321575 -0.394413
-0.331821 -1.018914 1.426167 -0.405647
-0.522560 -1.030563 1.369645 -0.506531
-0.737634 0.862784 -1.014831 -1.164456
0.111386 1.053254 -1.649921 0.039485
-0.411558 -1.116099 1.166728 -0.740076
0.058460 1.129403 -1.143334 -0.102567
-1.017237 0.304397 -0.500077 -1.300322
-1.127976 0.176467 0.224644 -1.567398
-0.498576 -1.005562 1.260096 -1.016987
-0.911772 -0.578094 1.037853 -1.327938
0.344019 -1.090797 1.250244 0.173251
-0.682949 -0.912089 0.933755 -0.864239
-0.818044 -1.192898 1.151286 -0.924929
-0.113370 1.080629 -1.516882 -0.006074
1.064824 -0.539131 0.644776 0.916364
0.247924 -1.035382 1.908947 0.635945
-0.978116 1.151426 -2.001961 -1.005922
-0.737978 0.868315 -1.641647 -0.686782
-0.282745 1.113240 -1.705031 -0.968549
0.842378 -0.630877 1.159411 1.403700
-1.094280 -0.520060 0.743561 -0.964749
1.108444 0.349923 0.080188 2.002551
0.762265 1.591691 -1.151762 0.139689
0.777200 -0.755863 1.218278 1.409511
0.882819 -0.940758 1.581764 1.547290
-0.061720 -1.199906 1.715616 0.576954
0.626904 -1.250049 1.238020 1.868411
0.590109 -1.126462 1.196352 1.728518
-1.444887 -0.707206 -0.008872 -1.701674
-0.093901 -1.175411 1.515943 0.356896
0.635442 -1.419914 1.400949 1.950902
0.618251 -1.059266 1.212566 1.757272
0.645115 -1.104037 1.256940 1.887749
0.653332 -1.069932 1.258384 1.873012
-1.009880 0.362255 -0.717886 -1.369480
-0.962915 0.440966 -0.731646 -1.410454
0.525741 -1.169487 1.113796 1.321079
0.377389 -1.171272 1.150035 0.838113
0.840789 -0.934718 0.753210 0.826092
-0.187510 1.152897 -1.235772 -0.511358
-0.191667 1.192801 -1.129574 -0.452478
-1.092257 0.123822 -0.006010 -1.182935
-0.981640 -0.453266 0.568649 -1.499064
-1.188243 0.239682 0.288207 -1.562536
-1.136114 0.218664 0.081753 -1.382483
-0.340139 1.127712 -1.502090 -0.276091
0.109576 1.094802 -1.802240 -0.044480
0.824113 -0.725053 1.008886 2.264242
0.828939 -0.897631 1.100577 2.289338
0.821480 -0.764700 0.944815 2.027431
0.809721 -0.934967 1.084702 2.166623
-0.807430 0.953910 -1.144960 -2.178527
-0.865472 0.625570 -0.968528 -1.283037
0.973260 -0.610003 1.124969 1.142521
1.186587 0.357828 -1.095356 1.410186
1.591791 0.121075 -1.005837 1.343728
1.121136 0.484554 -0.255739 1.121228
-0.361859 1.164492 -1.663956 0.065583
1.066501 0.405244 -0.496695 1.411018
0.952065 0.536669 -0.502459 1.379161
-1.107458 -0.093862 0.330337 -1.467632
-0.844579 -0.798606 1.333674 -0.734123
-0.165776 -1.060202 1.336590 -0.403850
-0.518501 -0.987251 1.502706 -0.471341
0.106764 -1.185466 1.786589 -0.269898
0.861790 -0.736090 0.632765 1.255585
1.123486 -0.307348 0.251506 1.637239
-1.358935 -0.310436 -0.300766 -1.458887
-0.448116 -1.143192 1.020285 -0.363265
1.658345 -0.302872 -2.870366 3.626184
-0.703278 -1.000130 1.567366 -3.162035
-0.989520 0.381825 -0.508543 -1.074047
0.768673 -0.834027 0.949945 0.772061
0.784321 -0.865489 1.401278 0.803939
1.202390 0.354739 -2.062344 2.408566
-0.815688 -0.833571 0.900406 -0.699986
-0.312053 -1.307843 2.497137 -2.313026
0.804790 0.854851 -0.731692 1.150169
1.136540 0.150814 0.102993 1.668395
0.288432 -1.071893 1.270592 0.343864
1.085572 0.456507 -3.288135 3.678749
-0.813154 -0.871812 0.705640 -0.938393
1.117860 0.245262 -0.204942 1.085806
0.638961 0.937008 -0.951686 1.112182
0.921280 -0.701985 0.797860 0.867854
0.899949 -0.664387 0.687221 1.015610
1.156142 0.404238 -3.268037 3.679062
0.605436 -0.948305 0.970583 1.003320
-0.311539 1.110212 -1.724674 -0.511494
0.442177 -1.111337 1.096685 1.026952
0.930255 0.657468 -0.745511 0.919799
-1.091063 0.059896 -0.058735 -1.353347
1.088487 0.077133 -0.048401 1.155123
0.143410 1.111310 -1.405424 0.044598
0.985756 -0.513040 0.510464 0.977659
0.380695 -1.173979 1.513967 -0.009133
-0.353396 1.072153 -1.537659 -0.596341
0.508898 0.999096 -2.133516 2.322466
0.705775 0.791118 -0.906889 0.734445
0.493715 1.029664 -2.297069 2.463255
-0.689141 -0.878232 1.282400 -1.486353
-0.684312 -0.773619 0.827568 -0.699691
1.055234 -0.771230 0.623446 0.924229
0.699187 0.891387 -2.931296 2.973228
-0.535636 -0.952110 1.088003 -0.555431
0.672944 0.857449 -1.355579 1.425192
0.690381 0.911445 -2.627561 2.628884
0.707596 0.863479 -2.122534 1.985972
0.197254 -1.061905 1.081484 0.210472
0.537078 -1.002927 1.171373 0.450695
-0.774091 -0.874762 1.127031 -0.792458
1.005638 -0.835167 0.940927 0.761079
0.652320 0.922176 -1.172465 0.536576
1.123383 0.232363 -0.326473 1.235010
0.853025 -0.574827 1.095365 1.525958
0.986939 -0.456041 0.492775 0.927684
0.690073 -0.797811 0.870568 0.770459
1.103399 -0.160008 0.137973 1.077830
1.137095 -0.266087 0.404973 1.008068
0.610231 -0.976793 0.934640 0.603506
0.815325 0.868880 -1.352600 1.258624
-0.843125 -0.862079 0.844460 -0.774247
-1.319252 0.319275 -0.675378 -1.104676
0.293563 1.135230 -1.279908 0.245523
-1.330591 0.365187 -0.823645 -1.107586
-0.562842 -0.895525 1.227761 -0.749763
-0.325937 1.024706 -1.337981 -0.363262
-0.670209 -0.938737 1.307615 -0.630630
0.628648 -0.915918 1.210006 0.564998
-0.553274 0.914885 -1.008679 -0.633699
-0.619869 0.883242 -1.026161 -0.614099
1.159170 -0.237393 0.006452 1.348508
0.478595 1.074181 -1.017044 0.623709
-0.523116 -1.016458 1.003947 -0.644386
-0.156113 -1.111819 1.307074 -0.115989
-0.263433 -1.068682 1.113918 -0.290524
0.051554 -1.120064 1.127230 0.132194
0.898910 -0.589788 1.005792 1.023318
-0.921718 -0.665922 0.774335 -0.973136
-0.767400 -0.772984 0.876131 -0.813900
-0.107893 -1.068661 1.198497 -0.068513
-0.668872 -0.875258 0.958295 -0.607887
0.389581 1.087010 -1.288635 0.313099
-0.977061 -0.669368 1.124371 -1.188971
0.588364 1.155589 -1.226983 0.263459
0.895612 -0.668935 0.673991 0.944072
0.979064 -0.479759 0.667981 1.063924
0.146271 -1.137125 1.300676 0.123320
0.996022 -0.457144 0.362008 1.040859
1.092393 -0.490010 0.352872 1.058715
0.204044 1.028924 -1.203348 0.231602
0.299093 1.024943 -1.128883 0.311904
0.371242 -1.046146 1.198402 0.318458
-0.300154 -1.069100 1.392647 -0.138408
-1.138191 0.319386 -0.630891 -1.048583
1.096288 -0.581824 1.112125 1.115986
1.037566 -0.387711 0.601707 1.082523
2.236707 0.379084 2.049454 2.248424
0.643616 1.015752 -1.225173 0.490911
1.138370 -0.123258 0.174055 1.127125
1.029391 -1.150074 3.501860 3.781919
0.762940 -0.815104 0.815104 0.762940
1.090391 -0.035398 -0.107381 1.174474
1.466543 0.022772 -1.114599 1.930855
0.656668 -1.738247 2.160237 -0.377575
0.046712 1.273047 -1.527422 0.185976
-0.300301 1.684354 -1.631186 -0.162657
1.240458 0.478657 -1.466152 2.033505
1.283541 0.414256 -1.101865 1.665489
-1.350077 -0.433834 0.594449 -1.523751
1.589481 0.485951 -1.216910 1.730653
-1.469970 -0.534437 0.422194 -1.251323
0.546377 0.931545 -1.126561 0.567125
-1.088767 0.250534 -0.195194 -1.481946
-0.477871 -1.497739 1.941905 -0.704969
-1.098656 -0.013122 0.070595 -1.336574
0.925199 -1.311235 1.121929 0.864912
-1.014891 -0.374543 0.239509 -1.730968
0.837976 0.806467 -1.186037 0.982797
-0.338314 -1.077341 1.213323 -0.403188
-0.977373 -0.955678 0.975313 -0.865107
0.187875 1.415345 -1.461490 0.341229
0.772849 0.849892 -1.148909 0.826751
0.253325 -2.148801 2.313905 -2.133411
-0.005743 -1.275505 1.156928 -0.309746
-0.644426 -0.866206 1.101905 -0.694115
1.069195 -1.004122 0.818306 1.360850
0.701340 0.976198 -1.225219 0.760375
-0.765332 -1.057571 1.163783 -0.695020
-2.168594 0.661849 1.802873 -2.580832
1.277614 -0.326090 0.274567 1.251627
1.030227 0.582505 -0.491304 1.509049
-0.006699 -1.238833 1.373621 -0.213393
-0.142541 -1.480885 1.660772 -0.568114
0.544313 1.148303 -1.261535 0.625827
0.025017 1.352336 -1.779644 0.246492
-1.521201 -0.275312 0.618948 -2.050600
1.293442 -0.280953 0.226091 1.410513
1.071158 0.078298 -0.174177 1.114817
-2.770580 -0.158868 3.074190 -1.946298
-1.239465 -0.517078 0.780778 -1.584231
1.122809 0.147112 -0.313974 1.100566
0.584963 0.982135 -1.363275 0.663011
-0.009880 1.413409 -2.067600 0.272212
1.206574 0.123553 -0.157151 1.086378
1.274808 0.312996 -0.469138 1.135102
1.168247 0.422562 -0.648726 1.151385
1.174716 0.276907 -0.291523 1.373388
-1.086231 -0.603855 0.766672 -1.703949
0.783827 0.878929 -1.041617 0.864294
-0.465795 -1.067167 1.543885 -0.324873
0.055938 1.289662 -1.593529 0.222240
-0.126528 -1.165360 1.269818 -0.189917
-0.351791 -1.188805 2.112846 -0.297425
-0.211175 -1.160041 1.489339 -0.192754
1.530268 1.021042 -0.071254 2.309636
-0.236659 -1.390095 1.667676 -0.463521
-1.379428 0.243650 -0.305566 -1.652138
-0.460356 -1.045133 1.109950 -0.616809
-0.485686 1.165114 -1.259217 -0.380851
0.006227 1.369214 -1.443941 0.169043
-0.610671 1.356987 -1.354790 -0.364519
-0.134584 -1.163826 1.296200 -0.198142
-0.868918 0.765740 -0.867727 -0.960718
-0.325267 1.070399 -1.222327 -0.312247
0.018952 1.169172 -1.430289 0.266269
-1.437199 0.263146 -0.608362 -4.595263
-0.034449 1.364103 -1.584066 0.234479
-0.029644 1.499370 -1.718092 0.206182
-1.457595 0.329300 -0.430168 -3.193109
-1.023639 0.193506 -0.225084 -1.466146
-1.139736 0.349801 -0.491365 -1.180460
-0.405789 -1.094378 1.210541 -0.440861
-0.110451 -1.213559 1.355477 -0.213440
0.848250 0.747750 -1.142268 1.028727
-0.115694 -1.108718 1.200967 -0.103079
0.072915 1.298821 -2.401090 0.355202
-1.194884 0.379697 -0.381352 -1.081793
-0.044510 -1.204294 1.279583 -0.143998
-0.039535 -1.209046 1.222296 -0.127219
-1.139799 0.164587 -0.316302 -1.468979
-1.096994 0.282815 -0.376395 -1.405506
1.428139 -0.335888 0.618172 1.853791
-0.304838 1.033906 -1.114434 -0.433186
1.268566 -0.067103 0.093192 1.712901
-0.201942 -1.403839 2.291166 -0.262182
1.055958 0.373054 -0.373261 1.078408
1.174924 -0.248041 0.562647 1.751995
-1.365830 0.206007 -0.204205 -1.990202
-1.287207 0.263406 -0.249787 -1.937020
-1.070342 0.082508 -0.157138 -1.320320
-1.284393 0.471442 -0.790691 -2.050336
0.298849 -1.531854 1.219326 0.612202
0.127324 1.759921 -1.339421 0.154234
0.212413 -1.264274 1.377835 -0.058416
1.309138 -0.139711 0.178952 2.293504
1.302460 -0.625649 0.378909 2.074813
0.872609 1.088150 -1.311520 0.741300
1.171585 0.323145 -0.172679 1.408798
0.238330 -1.228524 1.254901 0.012356
1.531221 -0.516579 0.334627 2.594174
-0.941531 -1.384682 1.059594 -1.510612
-1.071708 1.480665 -1.052372 -1.823305
-1.050591 1.198299 -1.692333 -0.976634
-0.380157 1.311726 -1.827348 -0.350618
-1.354697 0.814750 -1.562283 -1.521803
1.764494 0.057198 0.026122 1.514487
-0.850539 1.233193 -1.592068 -0.750254
0.555002 -1.425288 1.989397 0.481244
0.421755 -0.983921 1.713525 0.499373
0.191914 -1.264844 1.883556 0.346133
-0.300931 1.058208 -1.149553 -0.227826
-0.225317 1.117412 -1.964253 -0.463919
-1.020292 -0.234353 0.265449 -1.085498
0.209218 1.575730 -1.766878 0.659571
-1.376899 -0.476188 0.461406 -1.296721
1.078400 -0.370592 2.369464 3.892830
0.555955 1.274079 -0.980725 0.555619
0.780965 -0.827270 1.170484 1.236402
-0.709835 -1.362159 1.556511 -0.214347
-1.180015 -0.450251 0.770203 -2.356318
-0.804870 1.189463 -1.223387 -1.348121
-0.851537 0.655380 -0.770451 -1.416566
0.847222 -0.877222 1.127315 1.351902
-1.003927 0.920421 -1.171685 -1.574231
-0.007387 1.191082 -1.130226 -0.125646
0.161839 -1.273324 1.476165 0.317494
0.889367 1.574040 -0.779533 1.387691
-1.035362 -1.205798 1.241856 -1.175911
1.121194 -0.806707 1.602691 1.683349
1.450671 1.981739 -0.966942 1.079039
1.415746 0.715356 0.085637 2.051351
1.281496 -0.085540 1.074607 1.888752
-1.663230 -0.169144 -1.058174 -2.150895
0.915176 -0.732957 0.939354 1.156274
-1.261073 -0.276355 0.082701 -1.532724
-1.323758 -0.780712 0.640864 -1.619885
-1.162641 -0.561856 0.790519 -1.423915
-0.129351 -1.493142 1.921092 0.486420
0.850203 -0.964712 1.166276 2.394792
1.524464 -0.489546 -0.256167 1.744015
1.070185 0.400265 -1.189379 1.400581
-0.918529 1.214696 -1.345714 -2.146870
1.761066 -0.399727 -0.230719 1.920092
1.285339 0.351270 -0.486675 1.579885
1.232598 -0.651172 0.932016 1.039668
0.233268 -1.651632 2.161154 -0.284283
1.421037 -0.534152 0.381499 1.414817
-0.025983 -1.420285 1.620834 -0.313367
0.319828 -1.796242 2.421899 -0.167918
0.994684 -1.174973 0.878534 1.305364
1.174095 -0.426851 0.185243 1.568531
1.378818 -0.271580 0.092893 1.444957
-0.226048 -1.172946 1.628124 -0.555889
-0.764829 0.898891 -1.199910 -1.142516
0.632109 -1.022892 0.981945 0.678718
2.552977 -1.153834 -2.760049 3.437195
1.062999 -0.749080 0.918218 0.984382
0.744461 -0.798025 1.127240 0.862762
1.140982 0.459702 -1.605772 1.877354
0.782125 -0.963655 1.189719 0.750993
0.857524 -0.883500 1.067407 0.821172
1.486889 0.248658 -3.899581 4.450512
-0.697815 -1.393456 1.137096 -0.928664
1.074866 0.178897 -0.020994 1.371595
1.211111 -0.106629 0.163470 1.331535
0.779233 0.965077 -0.733061 0.839487
1.036862 0.659149 -3.236939 3.552912
0.877596 0.870115 -3.841870 4.146534
0.977934 0.928293 -0.967982 0.865248
-1.109078 -0.364196 0.531308 -1.081994
1.047480 -0.627740 0.700002 0.994663
0.582220 -1.053349 1.170317 0.543112
0.309289 1.374195 -1.526239 0.570935
0.687682 0.985638 -1.022104 0.511262
0.596946 0.882084 -0.982228 0.601153
1.176367 -0.055691 -0.102486 1.278957
1.085456 0.741022 -2.298529 1.218584
0.479179 0.969611 -1.300230 0.560293
0.451533 1.988088 -1.304403 -0.248608
0.536197 -1.183366 1.355968 0.710081
0.378228 1.142249 -1.489254 -0.066375
0.041787 1.464803 -1.531875 0.195915
1.183653 0.285101 -0.403877 1.343951
0.408776 1.135675 -1.345096 0.198929
0.848071 -0.891479 1.036776 0.800662
0.226085 1.113878 -1.270637 0.533824
-0.027204 -1.061505 1.160629 -0.004544
-0.044710 -1.245921 1.457183 0.018398
0.433683 -1.013996 1.078174 0.332628
0.549683 1.070274 -1.218074 0.482363
0.075116 1.396683 -1.385796 -0.131248
-0.645991 -0.937296 1.043875 -0.563482
0.052202 -1.098881 1.700451 -0.090001
-0.372418 1.125066 -1.319122 -0.348327
-0.878536 -0.758600 0.860621 -1.172516
-0.108450 -1.235817 1.872042 -0.172401
-0.997102 0.585398 -0.750188 -0.991393
-1.225241 1.177180 -1.304332 -0.832582
-0.172597 -1.268266 1.405651 -0.110395
-0.022136 -1.065869 1.439178 0.135734
-1.661297 0.030019 0.081951 -1.353871
-0.658927 1.209236 -1.459720 -0.601346
-0.404475 -0.978144 1.107885 -0.473740
0.765434 -1.132141 1.318505 0.733951
1.132010 0.533624 -0.614909 0.958940
-0.673870 0.904642 -1.345040 -0.627079
0.220144 1.364871 -1.524435 0.133013
-0.047752 -1.259543 1.414344 0.036428
1.708045 0.120961 -1.576765 2.213395
0.317863 -1.049825 1.342038 0.388672
-1.221854 -0.825616 0.811063 -1.032117
-1.100937 0.471219 -0.541573 -1.150688
-0.620318 -1.345062 1.475544 -0.460415
-0.375586 1.048639 -1.218084 -0.469459
0.777973 1.003589 -1.318230 0.657435
0.948169 1.169188 -1.360646 0.696281
1.154162 -0.769900 1.133066 1.275836
0.734091 0.951660 -1.100610 0.833163
0.598503 -0.964246 0.929059 0.702170
1.422466 0.781048 -1.026657 3.212508
1.005652 -0.605054 1.215694 2.791746
-1.511702 0.943703 -1.744062 -2.833284
0.075213 -2.348622 3.128137 -0.782634
0.804633 -2.017734 1.689658 1.046274
-2.465305 -0.100437 0.754593 -2.319602
-1.669916 0.766159 -0.552731 -2.192978
0.402037 -3.179970 2.948872 -2.451156
1.139151 1.038881 -0.771864 1.715974
1.341077 0.929817 -0.778191 1.932660
1.236712 -2.859223 3.549513 -1.598383
-0.202178 1.912248 -2.578171 0.229037
2.218979 0.345714 -0.289723 4.202756
-0.094828 1.637291 -1.592829 0.161336
1.928955 -0.312653 0.154458 1.927304
-0.755050 -1.882885 2.059612 -0.805225
2.155806 -0.447442 0.447553 2.244738
-1.560760 1.260958 -1.177383 -1.003599
-1.632565 0.454180 -1.178297 -2.641177
-1.136071 1.784656 -1.223241 -1.911143
-0.528158 2.624025 -1.723704 -0.707220
-1.183486 1.453931 -1.580489 -1.086418
1.089418 -1.664641 1.835263 0.904152
2.044600 0.708991 -0.643562 1.580162
1.571737 -0.792929 1.171237 2.288200
1.595046 -1.548012 1.583463 1.207273
-0.600830 1.231692 -1.530014 -1.172565
0.904250 1.587288 -1.567134 0.505280
0.836666 -1.513828 1.623806 1.317363
-1.395596 -0.408128 0.747490 -2.630969
-2.028934 -0.465740 0.698141 -3.033149
-0.649823 -1.409636 1.444674 -0.916614
1.247050 -1.089412 1.869557 1.944613
2.256225 1.397431 -0.259298 2.612629
-2.368473 -0.401759 -0.885589 -2.898015
-2.090227 -1.158529 0.263953 -2.138401
1.067064 -1.109899 1.214844 1.563434
-1.974244 -1.042273 0.487291 -2.329183
0.307217 -2.202559 2.221359 -0.003326
-0.878195 1.611765 -1.563344 -2.562809
1.149571 0.401008 -1.129750 1.473162
-0.982482 1.306919 -1.380123 -2.538899
1.032259 1.876561 -2.585379 0.697464
0.420035 -2.350152 3.190543 0.032336
0.640838 1.848057 -2.752808 0.652488
0.472070 -2.098973 2.330781 -0.001156
1.634940 -0.777040 0.622797 1.625765
0.466668 -2.186031 2.790099 0.043152
1.281738 -1.532196 1.091861 1.498006
1.666687 -0.782831 1.287722 2.261631
0.814574 -2.223578 2.650073 0.090173
2.502926 0.482339 0.247175 2.106509
1.489363 -1.331858 2.208971 1.421299
-0.463578 -2.106349 1.892533 -1.151425
-0.357347 -1.783664 1.973134 -0.267742
1.392916 -0.953322 1.103293 1.166520
1.252998 -1.640219 1.465988 1.196216
-1.010298 -1.682602 2.065844 -0.547643
-1.020427 1.511358 -1.735937 -0.988428
1.146589 -0.387454 0.420845 1.083710
-0.010802 1.155177 -1.505835 -0.000455
-1.270538 -0.011786 0.056913 -1.134492
2.636045 -0.468112 2.268766 2.361962
3.055645 0.156318 2.859520 2.930831
-0.724936 2.092441 -2.465677 -0.755827
-0.306569 -2.728428 2.769319 -0.582452
-2.715566 -0.686873 1.661055 -4.185229
-2.440263 -0.795993 1.257148 -2.490915
1.811618 -2.229873 3.124465 1.517713
0.432355 1.065775 -1.163206 0.466817
-1.676336 -0.094661 0.120924 -1.502371
-0.390276 2.049755 -2.178991 -0.929077
0.203959 2.583569 -3.348989 0.246682
1.109846 -2.019546 3.055011 1.297172
-1.048998 -2.145780 2.427436 -1.112687
0.536246 3.156714 -2.395599 0.950295
-0.556043 -3.172904 2.544224 -0.011827
0.436953 3.186193 -2.561859 0.098137
1.517060 0.171316 0.752988 2.087567
-2.582445 -1.335449 1.158057 -2.610377
-2.431904 -1.599956 1.469013 -2.449988
2.384192 0.220010 -0.858447 2.574608
0.794014 -3.068186 3.876629 0.286344
2.554232 -0.203746 1.273088 3.356553
2.266397 -0.359257 1.298316 3.408834
2.500561 -0.440522 0.448278 3.131176
1.940614 -3.330479 4.488800 -1.091234
0.240459 1.993913 -2.169691 0.515239
-3.661815 -2.028562 5.382267 -0.904594
-1.620560 -2.150316 2.273694 -1.743580
-0.636130 -2.104419 2.783052 -1.505586
-0.342744 -2.083119 3.079956 -0.212742
-0.820176 -2.457047 3.103009 -0.657829
1.542719 0.278145 -0.322322 1.307479
1.987002 1.734453 -1.236342 4.866076
0.762468 -3.663620 3.279967 3.846555
1.644724 2.490359 -2.133563 1.371001
-3.682752 -0.087318 -0.007232 -4.431911
3.319372 -1.831656 1.971733 3.733828
-1.540278 -3.998013 6.255456 -1.983634
-1.419105 -4.058451 5.888929 -1.788646
0.353662 3.943931 -3.196464 -0.077069
-1.997393 -3.772874 5.209445 -3.064973
2.469927 2.928975 -4.187941 2.029142
-2.641760 2.072466 -2.386625 -2.600777
5.530940 -0.643129 5.697086 6.027714
-5.182762 -2.248624 3.512834 -14.941251
-5.614594 1.656864 1.883234 -7.286712
-6.282294 -0.259361 3.137169 -6.127278
6.626027 -1.604886 4.331388 5.903705
2.470693 -4.894067 5.430932 1.877793
1.171220 -3.654091 4.271454 0.582195
-0.658882 -5.762094 9.893285 -6.933823
2.132044 -3.510499 5.838194 -1.456036
2.451183 -6.228176 9.256664 -2.068435
7.435007 -3.082649 9.004498 3.880333
0.495557 -4.789734 5.318649 0.646594
9.453582 -0.373772 -5.798398 7.128260
2.220491 -5.550336 6.139609 6.696581
0.739075 -3.716776 3.510412 4.415312
8.840209 3.276818 1.531876 10.124111
-9.716172 -3.187381 4.928926 -13.037270
10.305715 -5.603907 6.662970 14.007970
-4.772768 13.609616 -9.327312 -10.596400
-7.973939 -5.868353 14.776373 -12.964852
-2.274036 -5.053692 9.783953 -7.565657
-14.554235 3.187971 -11.422491 -12.173095
2.753983 -5.951133 9.187385 -2.304889
-12.461567 -5.356268 13.089053 -10.458273
8.561455 9.465692 -17.809996 3.768463
9.023240 -7.721409 16.720350 5.651781
8.265690 -3.784608 12.070160 4.472250
4.608315 -5.444558 15.387803 5.624975
4.934789 -8.186432 21.186701 7.699866
-3.559364 12.680767 -17.593693 4.677167
1.037552 -10.348256 19.166304 7.516601
-7.446824 -13.990146 17.972635 -16.100500
-7.564742 -5.622972 12.629549 -11.722013
-17.826366 -28.744526 14.375312 -27.277699
-16.152891 16.680086 -15.962596 -18.881495
12.225438 -10.795013 15.829064 4.223527
14.388950 -16.812222 24.638426 8.931930
27.454054 1.942421 6.886088 27.413862
-25.117529 -42.778442 20.160410 -39.797729
31.442766 -15.812421 16.482233 47.035927
-25.735014 -29.862219 32.921730 -23.946405
11.373713 30.491112 -35.127522 9.796125
14.696786 -24.390345 31.281565 12.580919
34.568737 -1.164664 -1.945928 33.169849
-40.255592 -19.579012 20.117908 -62.532291
33.118763 -3.868236 9.426041 33.016979
-41.573837 -58.949257 36.427792 -66.297188
75.544823 -11.676493 6.998925 87.905701
90.728844 -9.746017 7.512081 95.926140
105.592308 -11.608692 -1.048697 186.566498
89.141205 -2.548193 1.385363 133.858078
0.434906 1.016461 -1.219778 0.547985
-0.012162 1.192347 -1.278548 0.184090
0.172133 1.477557 -1.151392 0.236687
1.438194 -0.277610 0.218165 2.472993
-0.826345 -0.979605 1.033973 -1.037941
0.981785 -0.612497 0.643951 1.103385
-0.133266 -1.111755 1.244216 -0.094345
1.060284 -0.405049 0.624551 1.102007
0.838960 -0.890899 0.890899 0.838960
0.622763 1.100571 -1.407601 0.736975
-1.202340 0.072964 -0.142009 -1.486409
0.522655 -1.168872 1.963242 0.561537
1.165716 0.188950 -0.009610 1.498443
-1.115267 -0.808154 0.946879 -1.069818
0.725613 -2.217622 2.399917 1.262584
-16.549088 -14.499241 21.156637 -17.019007
-0.240504 1.121194 -1.062907 -0.132931
-0.068543 -1.113255 1.087619 -0.188177
1.043707 0.210231 -0.313511 1.109301
0.891722 0.848080 -0.607308 1.198500
0.143034 1.061807 -1.140539 0.165401
-0.376682 1.042333 -1.149087 -0.440718
-0.800452 -0.907609 0.906403 -0.675971
-0.739085 -0.833396 1.032844 -0.682146
1.040162 -0.473445 0.580218 0.968892
1.182563 0.102820 -0.367977 1.160038
-1.025147 -0.387603 0.277700 -1.333643
-0.000141 -1.088566 1.155863 -0.142507
-1.151147 0.043553 0.104312 -1.096990
-1.192881 0.285043 -0.022831 -1.129805
0.436155 1.176598 -1.010683 0.726995
-0.803972 -0.803952 1.081795 -0.734599
0.863886 0.726509 -0.868736 0.794736
0.023733 -1.176858 1.278518 -0.128549
0.464580 0.958090 -1.104814 0.522773
-0.788970 0.850894 -0.840411 -0.805244
0.614116 0.858661 -0.952534 0.826951
-2.428959 0.113001 2.666071 -1.843231
0.316592 1.037196 -1.202533 0.411617
-2.188363 -0.077968 2.249806 -1.517159
0.303261 -1.046016 1.163937 0.238492
-0.204253 -1.085683 1.125885 -0.266947
-0.221515 -1.163057 1.126584 -0.489956
0.719368 -0.959466 1.043580 0.522250
0.075773 -1.067732 1.140474 0.061209
1.069726 0.367634 -0.402628 1.004312
0.008572 -1.063946 1.089006 -0.077252
0.020912 -1.196526 1.222238 -0.165941
-0.245466 -1.020699 1.340792 -0.316164
0.096211 1.150116 -1.136612 0.074397
0.248000 -1.119756 1.113391 0.272854
1.070597 0.471644 -0.727967 0.999239
0.973249 0.582775 -0.789546 0.924654
0.049668 1.149520 -1.097898 0.070018
-0.050134 -1.149491 1.097877 -0.070505
-1.072950 -0.231754 0.237958 -1.128091
1.077292 0.764416 -0.217803 1.793473
-0.382207 -1.018869 1.651687 -0.408829
0.531182 0.939864 -1.380611 0.568379
-1.183509 -0.118530 0.349102 -1.143543
0.458625 0.966277 -1.132872 0.484974
1.038992 0.051467 0.015396 1.227773
-0.207135 -1.216137 1.018252 -0.176311
-0.594152 -1.083541 0.941026 -0.704154
1.097992 0.194085 -0.181548 1.277586
0.197237 1.057081 -1.124326 0.247337
-0.071736 1.075534 -1.195512 -0.060711
-0.179413 -1.024100 1.369019 -0.250473
-0.176098 -1.093466 1.024430 -0.229347
0.937116 0.446331 -0.449756 1.024235
-0.118977 -1.047918 1.039472 -0.125792
-0.005375 1.055441 -1.046245 0.000388
-0.171295 1.075827 -1.136268 -0.108183
-0.212860 -1.020351 1.031514 -0.221779
0.055694 1.042076 -1.051774 0.066187
0.262783 -1.074419 1.106572 0.387408
0.080916 -1.068571 1.416374 0.019323
0.247859 -1.092519 1.180088 0.324561
1.408925 -0.437600 -0.217012 1.447145
-1.126640 0.265421 -0.342999 -1.044915
-1.141558 0.323960 -0.393171 -1.101236
0.126643 1.145867 -1.200708 0.068260
0.168140 -1.064950 1.398187 0.110594
-0.035480 -1.115863 1.086802 -0.095683
0.159359 1.367790 -1.059123 0.224022
-0.590879 0.899317 -0.935497 -0.708311
-1.053842 0.253026 -0.229370 -1.721700
1.497813 -0.026333 0.082826 2.085018
-1.453164 0.431008 -0.372314 -2.040154
-0.749610 0.805124 -0.908408 -0.645853
0.145411 -1.025927 1.168750 0.113241
0.996115 0.538565 -0.628390 0.880510
-1.468890 0.579669 -1.461872 -0.923617
-0.391289 1.065853 -1.013478 -0.511132
-1.360638 -0.305610 -0.177120 -1.355695
1.021327 -0.416164 0.524781 1.048481
-0.925431 0.576814 -0.679766 -0.969428
1.014336 -0.405381 0.566350 1.046555
1.145272 0.177826 -0.162140 1.055086
-0.963208 0.527912 -0.509078 -0.953745
0.786858 -0.769036 0.753515 0.772596
-0.259415 1.047819 -1.218602 -0.306279
1.080873 -0.743589 0.595495 0.898829
-0.912058 1.087948 -0.658869 -1.649632
1.103973 0.082744 -0.000636 1.810279
-0.812648 -1.285478 0.747236 -1.277302
1.095659 -0.365443 0.142834 1.686227
-0.907184 1.100082 -0.630783 -1.329184
0.077440 -1.075885 1.119058 -0.044640
-1.054670 0.182105 -0.152272 -1.110043
0.602720 -0.939711 0.878774 0.618305
-0.783851 0.822890 -0.934419 -0.642425
-0.956801 0.555480 -0.476096 -1.231976
1.010751 -0.424351 0.315575 1.089587
0.446275 1.069206 -1.227800 0.403132
-1.266347 -0.267511 0.320965 -1.110925
-1.184324 -0.290783 0.261673 -1.059243
0.020877 1.098591 -1.338777 0.152823
0.252334 1.029051 -1.363044 0.126017
0.957188 -0.610316 0.519916 0.954089
0.911114 0.551460 -0.596987 0.989274
0.405029 -1.048237 1.162866 0.229514
-0.553971 -0.878018 0.995864 -0.729887
1.044445 1.139522 -0.793319 0.755135
0.514497 -0.982927 1.167748 1.038194
-1.275422 -0.511640 -0.040509 -1.334997
1.071178 1.181167 -0.693484 0.805504
0.679197 0.844024 -0.871740 0.649472
1.076503 1.063996 -0.568137 0.972565
-1.158175 -0.194640 -0.177431 -1.363886
-0.697823 0.821711 -0.941220 -1.105831
-0.809771 -0.780752 0.739018 -0.901188
-0.545125 -0.950008 1.727795 -0.443360
-0.673819 0.859127 -0.866436 -0.976350
1.096440 0.184131 0.050613 1.287421
-0.985658 0.640515 -1.058378 -1.001831
-0.733653 0.764998 -0.928683 -0.986151
-0.864545 0.849109 -0.689332 -1.268744
0.684457 -1.116197 0.868409 1.041537
0.976673 -0.551970 0.484446 1.246307
0.930954 1.249325 -0.841018 0.734535
-0.576571 -1.273167 0.975918 -0.403162
1.262491 -0.369628 0.295933 1.040783
1.408929 0.041608 -0.097845 1.508897
0.806028 -1.232057 2.077228 0.905370
1.007540 -0.570213 1.404257 1.360973
-0.263851 1.428734 -1.792130 -1.112587
-1.808358 -0.983090 0.105771 -1.520745
1.365415 0.734768 0.247679 2.124546
1.451185 0.070030 0.448287 1.226402
-1.230212 -0.616500 -0.059366 -1.653141
-0.782731 -0.792214 0.813378 -0.963599
0.241558 -1.180235 1.065229 0.147348
-0.294224 -1.274371 1.186768 -0.935385
-1.250299 -0.694236 0.899288 -0.930590
-0.891600 0.763694 -1.018467 -2.232754
0.691293 1.406025 -1.099638 0.246200
0.610850 -0.912233 1.146277 1.097886
0.679954 -0.836581 0.927368 0.889987
1.568127 -0.300118 0.260665 1.052025
-0.883427 0.656370 -1.075510 -1.339365
1.022612 -0.357287 0.442778 1.145074
0.440399 -1.975279 3.285599 -3.056013
1.259117 -0.312982 -1.168700 3.301631
1.221318 0.113058 -0.040463 1.130883
-0.533544 0.959276 -1.091516 -0.514402
1.140849 0.445417 -2.243108 2.619570
0.753299 -0.884224 0.769212 0.926707
0.631491 -0.899480 0.944897 0.655792
1.213154 0.144054 -0.116595 1.106888
-0.817208 -0.901601 0.783806 -0.812397
-0.439797 -1.172196 3.438504 -3.510678
-0.056399 -1.353472 1.091187 -0.056999
0.636729 -0.960101 1.261094 0.561432
0.655408 0.907398 -1.416850 0.744942
0.841031 -0.801428 0.783092 0.723181
-1.049234 0.267011 -0.228603 -1.008345
0.608410 0.832489 -0.884867 0.628503
0.706128 -0.815494 0.809033 0.650403
-0.799121 -0.774377 0.929306 -0.921593
0.708133 0.857659 -1.000376 0.844640
-1.228561 -0.326903 2.751726 -3.086712
-1.118002 -0.461270 2.476040 -2.743901
0.671212 0.939725 -1.202550 0.627426
1.028733 -0.700554 0.861338 0.804702
-1.372843 -0.634021 -0.206830 -1.502328
0.752650 0.760080 -0.806471 0.700607
0.508745 0.979026 -1.094608 0.358485
-0.688139 -0.886080 0.878862 -0.730210
0.370628 -1.502677 1.535225 -0.284688
0.584519 -0.978811 1.040341 0.620135
-0.482843 -1.138632 1.401222 -0.160511
-0.520499 -1.160022 1.475786 -0.120238
0.854614 0.885878 -1.062519 0.611022
0.909900 0.751336 -0.780593 0.769889
-0.677286 -0.961128 0.940744 -0.975224
0.926199 -0.680134 0.672581 0.874015
-1.125214 -0.165234 0.084841 -1.115669
-1.119586 -0.932746 0.752451 -0.724579
-1.164321 0.131100 -0.029376 -1.114787
0.692862 0.837209 -0.936189 0.747675
-0.501751 0.961360 -1.055446 -0.459773
1.126755 -0.280347 0.310068 1.028109
1.156428 -0.386465 0.717172 1.120465
1.258243 0.310699 -0.360527 1.100785
-0.283062 -1.087592 1.112527 -0.422056
0.723705 0.890157 -1.024812 0.635184
-0.283568 -1.096099 1.270076 -0.010078
-1.224577 -1.046219 0.969062 -0.699549
-1.190695 -1.995066 2.790227 1.104006
0.631104 -0.986231 1.231665 0.547810
-0.486139 -0.977662 0.981913 -0.651782
0.607194 -1.519579 1.344393 0.448230
-0.400938 1.269453 -1.025318 -0.418439
0.738735 0.940855 -0.816271 0.949417
1.200635 0.743406 -0.820484 1.383748
-0.757132 -1.246582 1.241559 -0.955743
0.847644 -1.058191 0.607345 1.420128
-0.064616 -1.209545 1.450763 -0.391511
-0.003112 1.146287 -1.259603 0.096181
1.250252 0.041135 -0.153228 1.149579
-2.107936 1.324670 0.987389 -2.722873
0.955181 0.470057 -0.652798 1.225521
-1.143211 0.103641 0.177722 -1.308478
0.629257 -2.003803 2.749033 -1.755994
0.637324 1.100875 -1.140834 0.678955
0.049291 -1.361447 1.779137 -0.189828
1.588165 -1.826220 3.821583 -0.691545
-0.002700 -1.411726 2.067622 -0.280807
0.309664 -1.061768 1.176702 0.261020
0.051351 -1.227419 1.302579 -0.113855
-0.098702 1.180598 -1.272284 -0.017934
0.181526 1.163644 -1.493243 0.169655
-1.387031 0.173397 -0.650341 -2.519302
1.102541 0.322471 -0.477828 1.169944
-0.296750 -1.180095 1.316608 -0.331532
-1.054681 -0.817156 1.046912 -1.143042
1.452549 -0.513104 0.313811 1.308057
-0.670679 -1.097555 1.028668 -0.552005
-0.574470 -1.170485 1.476629 -0.738730
0.348096 -1.132448 1.191329 0.483122
-0.221600 1.172055 -1.257365 -0.135309
-1.124059 0.401142 -0.438405 -1.038732
0.087508 1.110829 -1.203349 0.077059
1.195999 0.150455 -0.159040 1.103287
0.237043 1.119171 -1.231661 0.248804
-0.207810 -1.124749 1.236929 -0.222232
1.238272 0.150029 -0.199649 1.136634
0.600659 1.012939 -1.065260 0.672258
1.108138 0.453703 -0.326985 1.025068
0.187424 1.703144 -1.258100 0.194505
-0.093504 -1.136461 1.116077 -0.102915
0.727867 1.746352 -1.173627 0.976522
0.629003 1.765468 -1.150500 0.839374
0.965085 -0.497400 0.488809 1.225824
-1.232748 0.083218 -0.237484 -1.647557
-0.202496 2.145866 -1.341257 -0.302560
-0.930274 0.801849 -0.732816 -1.202569
-1.129080 1.798871 -1.087103 -1.939241
-0.657478 1.903092 -1.255764 -0.759958
1.359132 -0.779639 0.402466 1.895114
0.056535 -1.526948 1.991114 0.241168
0.948679 -1.128793 1.607397 0.754575
0.265806 -1.484216 1.744554 0.306668
-0.179269 1.043825 -1.755537 -0.357635
-0.465609 1.200539 -1.835162 -0.527584
0.649642 -0.988829 1.867357 0.697171
0.681766 -0.876388 0.804148 0.682034
0.180998 1.085074 -1.038604 0.236309
-1.018062 -1.078163 1.459171 -1.324962
0.160205 -1.368041 1.443288 0.191586
0.076778 1.380983 -1.450121 0.033571
1.254204 -0.631956 1.163428 1.225582
1.192724 1.554347 -0.978839 0.953616
1.672464 0.443957 0.492226 2.212355
1.158682 1.878666 -1.206014 0.212873
-1.309694 0.035147 -1.040055 -1.890361
-0.627530 -1.823235 1.550232 0.500514
-1.160641 0.339817 -0.610610 -1.326167
-0.982059 -1.011927 1.193110 -0.693497
-1.460815 -0.031837 0.175802 -1.511957
-0.420947 1.154910 -1.340109 -0.443069
0.033374 1.219745 -1.423389 -0.069597
1.113103 0.771165 -0.797312 0.927470
-0.308904 1.152451 -1.333898 -0.356023
1.077321 0.936467 -0.786964 1.388224
-0.835146 0.695768 -0.668665 -1.073321
-0.802849 -0.911409 3.302770 -3.496712
-0.909498 -0.835620 3.834443 -4.153623
0.800763 -1.001432 1.118984 0.779434
1.006043 -0.765411 0.707261 0.847051
0.557204 0.947175 -1.096296 0.637346
-0.461107 0.975811 -1.142359 -0.529777
0.909615 -0.695674 0.702649 0.809626
-0.622790 -0.865827 0.966048 -0.624339
-0.483990 -1.089541 1.077078 -0.672111
-0.905363 0.776115 -1.041953 -1.847145
1.344723 0.456729 0.311561 1.950820
1.269455 -0.329090 0.865688 1.095828
1.525811 -0.018627 -0.142440 1.477729
0.929093 0.900564 -0.964840 0.790430
-0.853431 -0.957786 1.032369 -0.720029
-0.788451 0.935077 -1.082809 -0.749284
0.048724 1.061238 -1.159925 0.024230
-1.161902 0.090748 -0.022870 -1.063294
-1.381346 -0.339660 0.134003 -1.361095
0.939480 -0.881384 1.021495 1.091380
-1.127390 1.054345 -1.498430 -0.667325
-1.413877 0.028037 -0.081212 -1.272753
-0.808191 -1.133599 1.453772 -0.740823
-0.951446 -1.094372 1.191258 -0.789163
1.203980 -0.593762 0.743693 1.111406
0.327346 -1.257169 1.429544 0.407962
-1.041668 0.843563 -1.032317 -1.017501
-1.245780 0.104973 -0.269866 -1.144123
0.548648 -1.138922 1.428971 0.377182
0.274138 -1.322597 1.635613 0.320229
-1.246232 -0.265368 0.444002 -1.236689
0.958349 -0.984079 0.912029 0.794611
1.322165 1.662121 -1.324484 1.550255
-1.786638 0.602525 -0.557049 -2.191553
-0.770223 -1.970663 2.460466 -1.227652
-0.033609 2.254830 -2.577985 0.553519
1.122816 1.763484 -1.354036 1.512044
-2.799442 1.731405 1.010249 -3.622514
-3.118985 0.819730 2.097719 -3.171439
0.163682 -1.908617 2.580901 -0.257548
1.577483 -0.010934 -0.240091 1.645184
-0.212939 1.951658 -1.923378 -0.057284
-2.001558 0.937109 -0.917371 -2.088271
1.902931 -0.033614 -0.448392 1.611240
1.720064 -0.901705 0.539893 2.563707
0.839293 -1.503747 1.972346 0.859259
1.512275 1.207180 -0.644177 1.197785
-1.051119 1.117961 -1.472659 -1.234891
-1.547437 -0.103659 0.338806 -1.678246
-2.065164 -1.714074 0.886271 -1.424882
1.716953 2.834166 -1.856343 0.726224
0.532842 -1.970066 2.038333 1.426110
-1.613901 -0.555560 0.098972 -1.835090
-1.952864 -0.806625 1.102333 -2.049544
0.931682 -1.522261 1.532070 2.616964
0.922157 -1.415007 1.421139 2.480282
2.044349 -1.323146 1.889545 1.502406
2.214410 -1.380073 1.756421 1.391566
-1.690211 0.740881 -1.256686 -2.275718
2.344682 0.668740 -1.479487 2.122550
1.318941 2.104859 -2.141524 0.489488
-1.913779 0.806670 -1.631925 -2.004823
1.351278 1.243270 -1.403792 2.053477
1.038881 1.208621 -1.441596 0.899348
-0.563607 -1.889991 1.844308 -0.741071
-1.203394 0.187257 -0.208857 -1.135554
1.335231 0.527174 -0.696286 1.027872
0.796671 -0.984399 1.277878 0.604478
-0.362001 -1.119394 1.461715 -0.285292
-0.531778 1.046310 -1.155300 -0.438685
1.681090 2.492327 -2.703209 3.431653
1.650822 1.799943 -2.193192 1.896963
0.375881 -2.613904 2.719194 -0.075942
1.123331 -0.553619 0.527358 1.023377
0.385138 1.462098 -1.635969 0.358258
0.989534 -1.224783 1.358509 0.875206
1.548757 1.945646 -1.581666 1.130992
-2.572502 -0.392840 0.612432 -2.384978
-2.439038 -0.136731 0.278474 -3.293813
2.396917 0.478137 -0.530323 3.261792
-2.386531 -1.852023 1.042464 -2.576329
2.598506 0.387125 0.042620 3.164110
-2.539098 0.244310 -0.554106 -3.178329
1.377724 1.923085 -0.985057 0.830077
0.253697 -2.903013 2.818822 0.412317
0.382098 -2.883955 2.815343 0.495084
-2.216121 0.929039 -1.798238 -3.231849
-4.312179 0.810948 2.306603 -3.409581
2.097795 -0.844954 0.603852 1.878087
4.901152 -1.142732 4.284436 1.904604
0.536612 2.678521 -2.740063 0.699611
2.742114 -0.689267 0.526031 2.681202
-2.612085 1.136805 -0.986362 -2.524204
0.321715 -1.307588 1.542846 0.277631
2.641204 -3.019552 2.566468 3.245269
-1.545506 -3.931910 3.537990 -1.355183
-3.779305 -1.172486 0.789187 -3.990202
3.215788 0.551830 -0.034154 3.905895
-3.215919 -0.488401 -0.018013 -3.914332
2.118092 -4.847878 5.161549 0.355970
-1.882574 -2.925900 3.021720 -1.580591
0.619556 -5.796884 6.994655 -2.001733
-3.331441 -6.073346 7.180993 -0.737471
5.887861 -1.159986 0.965625 5.111989
-5.575535 -1.460155 8.199062 -8.896492
-8.064303 0.065590 5.163444 -6.562339
-5.706754 -4.732441 10.187900 -1.470955
6.522294 4.070370 0.291650 7.686515
-4.215572 -14.901114 11.525271 -2.363007
-9.843108 -8.843728 3.590445 -14.808574
-5.929635 -1.680958 8.107799 -8.941664
9.363316 12.491061 -15.957047 1.523412
11.060529 -11.146306 14.292608 3.718191
16.465254 -1.931102 -7.148602 13.377167
16.804197 -22.829824 15.557889 32.390118
-19.051003 -14.872102 12.360407 -20.336094
-13.538391 -5.985036 14.721840 -9.927227
-19.601967 -13.296557 20.732990 -13.624673
5.171076 -24.115395 27.828100 13.181070
22.481356 -35.501598 23.063414 46.405720
11.825437 -36.844582 40.078552 10.375895
35.706341 8.223660 -9.400060 30.952276
-18.370203 -23.770084 29.275715 -13.716834
14.659880 -27.428370 31.157511 18.782143
40.706413 -59.539867 37.394596 65.767281
1.162328 -0.100146 0.065785 1.493039
-1.101747 1.550640 -0.949817 -1.946350
-0.879639 -0.903286 0.777694 -0.881298
-1.155205 -0.690556 1.017191 -1.130275
0.411106 -1.306096 1.404063 0.302880
-2.416059 -1.210952 0.669907 -2.246233
13.987001 -21.030325 22.931189 7.589465
